1991,1396
1622,1623
1786,1402
2584,1467
1110,1681
2311,56
1124,1933
1554,1555
1213,1583
2395,1315
1753,1692
1696,1697
1985,1571
568,2109
1492,1493
1716,1717
2209,1737
2505,761
2011,1888
1469,582
2294,1069
2287,2069
2441,2435
2157,58
1771,541
1503,1112
1928,1853
1669,502
1395,1396
2040,21
501,879
9,1076
1776,215
1326,417
2412,484
365,1747
1413,764
2498,2094
1441,927
1350,1390
2047,1628
1605,1606
977,650
2415,1493
2583,2202
2048,1502
572,1516
2281,1799
1061,521
668,1522
1832,417
2245,806
2420,415
1861,466
2251,3
1489,1407
1166,2223
2300,2062
2543,804
129,1661
2517,647
1391,1392
1922,580
1911,2425
1821,1500
319,509
455,1190
1858,1859
1192,1414
2459,1474
2571,330
1978,149
2230,226
1830,1606
2448,1596
1782,19
1383,1759
2367,185
1693,1401
966,51
2466,1671
940,399
1105,1
2546,1956
2507,974
1585,1586
1777,1778
2111,2034
1940,2069
1964,250
1846,1690
1801,1334
1927,915
1982,330
826,267
353,93
2162,1076
2490,1433
1882,1583
1813,761
2024,974
2146,1107
2001,1610
140,1945
2018,180
1624,1573
2206,1835
2346,879
1704,518
1971,1972
2055,1474
2282,1576
292,1735
771,185
1880,1190
1559,180
2081,915
2171,17
1902,309
1313,1980
2007,518
2054,1743
1398,1399
1699,652
1273,1617
2072,2213
1864,1455
1911,1573
2308,1980
1033,28
2318,166
1614,731
2186,309
546,1548
2422,1697
1398,1920
238,753
2559,1853
1885,1886
1843,1755
239,2076
625,277
1254,1219
537,987
2139,254
458,1853
1985,1238
966,1067
2480,1500
2222,1370
2522,2183
1403,1404
2330,1740
2376,1935
1281,1407
1389,714
2293,186
496,650
1668,563
2096,420
227,1835
1953,1775
1901,466
1938,1939
2577,1644
343,1484
1470,1252
1349,1608
1831,3
2042,2043
2178,403
2359,336
2332,1500
1691,72
1691,1692
2558,731
1367,819
972,1634
877,420
1662,585
1850,34
1385,1386
1772,1394
2599,1886
1650,1651
616,658
2585,2328
287,1647
2013,1376
920,226
1449,563
1007,1797
2231,915
2022,1508
1366,34
678,1510
621,25
1707,1001
607,1551
1694,1098
683,1812
2428,1947
2566,1531
1223,843
1207,582
2015,1888
2227,1493
772,1920
1810,1197
2313,1518
2349,472
2315,1596
1862,148
964,917
1471,180
1615,307
2074,1491
2581,220
1898,1228
194,1098
1577,938
2378,1557
1850,1681
1815,1816
1705,1228
2075,974
1883,2062
2005,2006
691,2151
1444,429
1793,2117
1977,1422
2419,1571
1034,250
2067,1522
595,1769
2404,2044
1997,258
2244,1011
1756,1757
723,635
1454,1455
1987,1510
2590,2298
2137,1886
2025,34
2291,1476
2254,173
1427,1711
2160,2043
376,2200
736,2389
2169,17
358,1757
2238,40
2104,367
2366,1590
1892,215
2083,1001
2483,1623
1109,2130
1811,75
1545,1530
1967,1741
2224,464
2111,2151
1589,1590
1553,75
1854,254
2397,974
1475,1476
2467,173
1948,1404
576,12
1625,1197
275,1657
1824,580
2552,1334
2240,1859
683,1561
565,1775
1895,422
2592,1599
1958,1069
1791,1374
2553,1974
453,1386
1439,1640
1501,1502
1389,1497
2205,180
2050,1567
2486,1907
476,1486
1619,867
1833,152
801,1630
2090,521
2362,215
709,652
1600,1458
1198,1741
2032,1697
2226,743
2054,1369
1292,2564
1660,1690
2215,790
2355,2026
2296,927
1917,1918
785,224
972,1561
1526,466
1570,1571
2089,1797
1275,2175
1079,1447
1798,1799
1983,1933
2488,1580
2379,2192
1860,202
1082,1909
2554,1
1415,411
443,1433
1678,1679
2196,403
1210,1849
1985,1141
2002,429
1389,1390
978,1479
1720,2134
2305,1376
2063,2064
571,867
858,2425
2472,922
2177,502
2126,1502
1613,1571
1535,645
1706,1740
1770,417
2002,1886
427,2028
2348,173
1006,152
1480,927
1749,968
2547,152
1509,1465
723,12
1313,2026
388,1076
2521,753
1417,873
1744,215
2030,1530
2451,1516
1602,1603
1708,650
1511,509
1893,93
2229,403
2148,1628
1485,1486
876,1402
1593,1594
2072,1561
2264,257
2195,1076
1492,1390
1597,731
2122,1474
2290,32
1494,1495
125,307
2476,1043
2385,927
560,854
2187,218
1838,1839
2179,1491
2258,2259
1710,974
2430,2200
1068,1672
723,828
238,1630
989,254
1443,417
2132,222
2246,1644
1876,113
2392,917
1275,1763
2278,1285
1437,1438
2443,521
54,1989
2427,1197
1620,550
2176,670
1934,1812
2306,2200
1579,1580
437,1112
1789,2034
1760,1497
1892,1839
2532,411
2492,14
2396,1947
2589,45
2221,19
2091,550
1864,814
2595,12
1776,1759
1925,1926
1931,767
1734,417
355,1717
1588,551
2035,1561
1362,1458
1951,1952
1787,1219
845,1409
92,1663
368,464
1745,1606
162,658
2461,1001
1731,1098
604,1576
1718,393
1914,1438
1379,1500
1992,371
2010,19
1629,1630
1863,1755
16,1576
1412,731
1405,257
1729,1384
444,1871
1070,58
1870,1871
942,1378
1481,153
1626,466
2400,1856
1946,1947
2458,2094
1941,1942
155,12
1944,1945
2523,753
1057,19
18,179
407,1644
2288,1747
2531,1681
2008,1043
2280,1859
2390,2391
2400,1491
1780,1697
1646,1647
248,1069
1881,367
2538,1757
2128,2129
1616,1617
2426,206
1591,1567
736,1455
1708,1709
2456,1797
1904,220
1235,495
16,416
20,1606
1786,1386
2003,1709
535,1561
2056,1825
1865,1013
2236,220
1751,823
900,14
2503,2064
1051,843
1664,1610
1715,224
1520,1521
2060,97
2079,338
2203,842
325,1402
500,1458
1604,639
2413,224
2372,1290
2173,1596
1986,371
2545,1630
1921,17
2508,1011
1723,173
689,1396
2541,1702
1498,753
1706,1015
1263,307
1512,731
749,1847
2163,1370
1215,2129
1977,1069
2257,246
733,121
127,1952
2158,541
1908,1456
1875,403
62,66
600,1445
1546,19
2135,1847
1730,385
225,8
1860,1497
1538,1455
2551,1580
2427,1623
1446,1447
2431,1640
1994,1031
62,1762
2214,2175
1560,1561
2144,166
256,938
2014,1252
1468,1031
2045,2046
2289,2026
2140,650
2417,1407
751,1547
1645,1596
1490,1491
971,974
1676,1552
232,1390
2272,1920
1059,1433
2239,1447
653,87
2271,69
1330,1531
1873,1407
1400,1401
2125,658
132,2233
2066,466
1575,1576
2193,2062
401,1956
2321,1683
64,1497
423,280
2511,1823
1994,1679
1768,819
2471,2058
2237,1628
1565,338
1517,1518
964,1522
1284,1518
1550,742
1810,563
2380,222
1902,1103
2164,1747
2100,72
1795,1796
2556,2150
2020,1386
2478,1980
1528,1479
1498,75
2475,731
1519,987
2087,1433
1038,1563
2019,1896
1851,551
1698,1440
2211,1747
2218,87
1960,176
2276,2046
2324,1580
434,1219
1381,1382
2539,1672
134,1727
1908,1630
2383,2150
1758,799
1750,6
151,1484
2477,585
2003,2004
1421,1422
297,1141
720,2274
482,385
1569,19
253,1474
2121,1228
817,2052
104,1219
483,1484
1029,2213
803,1219
401,2183
1900,1414
1725,257
2145,806
1524,179
1074,1717
2161,1456
1923,1508
1752,1717
1648,167
1536,917
534,1197
1309,309
1686,1422
1077,1374
2234,1630
1955,1956
1720,1514
1807,1935
1525,224
2137,1510
1906,1907
2010,1386
2433,1514
963,647
1643,1644
1477,12
504,176
2353,1067
1862,1141
1698,10
2520,1219
2073,1856
1487,1488
1726,1926
1412,1530
2594,620
73,415
354,1563
1897,761
2084,1835
419,1551
120,1555
2575,2071
2078,1640
1461,40
354,1857
1941,323
2582,356
169,1488
1820,1076
1245,121
982,1409
547,647
1728,1015
2266,152
1532,176
2155,1989
2249,2250
2120,2076
1477,1409
2118,1425
1584,1976
1589,1112
89,330
663,1380
2436,585
144,2250
2041,1190
778,1228
1529,1530
2378,1839
2168,1386
2345,1767
678,1683
1834,1835
1558,1549
2191,1634
2207,1939
1331,1521
2131,580
2187,1692
1209,1370
949,2058
1746,1747
1375,1376
2369,2188
2285,121
1381,17
1788,10
2386,1989
1639,100
1656,1657
2591,1015
1804,28
418,538
1565,1809
274,1432
1423,95
847,1
2037,356
2299,714
1889,1440
1459,1460
2411,1644
2253,1952
863,385
500,1634
2447,2076
1597,1666
716,10
2078,1586
1607,1608
2482,1376
1118,1428
581,1516
2263,1608
2278,2046
995,415
2416,790
355,1670
1665,1666
2340,1031
866,2044
2201,1458
1967,309
1658,843
2240,938
2407,843
709,1825
1905,113
2414,828
1373,1374
1724,234
1509,1510
2116,2117
2570,2189
458,1516
2014,828
2438,121
2487,250
532,968
2537,1479
1712,1713
1693,650
2304,1394
2017,1404
1171,502
2403,61
947,1386
2398,2399
1654,1031
1940,873
1564,173
2112,509
2015,10
1183,1583
1779,1428
1435,1436
2325,1683
1393,1896
1841,1011
1582,332
2093,1640
1645,371
1818,464
2284,246
2027,258
1785,1011
2393,1606
276,509
162,1376
498,198
1954,332
302,1397
1891,742
2501,97
2097,1805
666,1555
2371,37
1913,330
2339,12
1054,757
1694,1653
2011,1401
2177,1809
1349,2328
2009,647
1372,288
1621,1452
92,332
2337,1438
2021,1474
1659,502
2269,2064
2510,1713
1890,518
1765,37
1794,1500
1828,1416
1566,1640
2143,186
2496,938
122,1713
2568,188
2077,1711
2421,1976
2317,1015
305,518
1221,1549
1208,367
2258,1767
1377,742
1793,393
1461,742
2468,1378
2341,764
1568,1474
2423,1907
1505,215
2178,1502
2479,1510
694,1458
821,1407
860,1743
2326,385
2323,743
1198,1433
2374,1697
1821,1599
2309,472
174,2298
1566,1567
2413,647
1684,8
2082,66
1631,1632
2301,17
1893,585
1570,1596
1175,1547
1156,2052
1089,422
2292,14
2529,417
1685,974
1844,922
1429,495
2451,1670
1025,23
2470,1190
285,585
2429,2058
1542,1076
501,1425
1512,1872
2316,309
1712,1438
1832,277
1832,1747
1424,309
2491,75
1710,1013
2466,1816
1636,415
1675,6
780,2351
2368,1141
1765,645
2534,968
302,1552
2456,273
2373,1456
2375,173
2023,1816
1979,670
1999,1422
2535,502
1005,1397
1600,257
477,968
2424,1692
1652,1653
1932,1933
2356,1671
302,366
16,1433
1950,1849
2440,1552
1919,10
2418,1495
1840,550
2327,1759
2142,1762
1598,1599
2286,206
2158,2409
2506,2435
1761,1762
2273,2274
1937,1011
755,1500
2261,1632
2061,2062
1506,1067
2527,1455
1472,273
1842,509
2331,433
2526,1541
1833,888
1878,1376
1450,1285
1837,1484
2519,1290
2455,1098
1587,420
2319,927
1457,1458
1680,1681
29,2343
1117,1767
2065,1926
1954,1129
1542,1404
689,2051
1970,1500
1695,1474
191,195
2000,1805
1601,34
2115,1571
1246,1653
2333,180
2199,968
2335,1816
2159,2130
2269,1827
2512,1491
2557,1839
1515,1516
1975,1976
2262,117
1973,1974
2204,1495
2110,610
2422,1690
1612,580
2322,2044
1894,1228
2572,195
163,34
2099,2064
1581,1947
1635,466
1513,222
2500,2006
2295,743
1420,1141
1539,1120
2208,2130
1482,417
1529,917
1621,1228
5,1315
2297,1674
1802,1796
444,1483
1418,582
1903,1663
2388,2250
2268,1775
1742,1743
1332,1640
172,149
1990,804
667,1819
2297,1969
1478,2044
1927,1805
2485,1827
269,2450
2217,1476
1943,1697
916,2130
1595,1596
2029,149
2325,1688
1721,1334
1645,34
155,635
1998,1522
2334,2274
1165,1425
242,179
343,1504
42,1812
1499,1483
1817,330
2033,2034
2181,1769
2156,51
2059,1757
1689,1690
2382,917
1729,1031
24,1632
625,1103
459,234
2247,1376
2530,1491
2533,2183
2513,1530
2256,1422
1783,1784
2113,95
1408,1409
1978,1455
118,34
1442,764
787,1120
1415,1416
1325,1290
2123,179
1185,415
1868,180
1654,1655
1418,1419
2504,1623
1957,1638
1993,1238
1463,393
2210,1741
1714,658
1466,173
2342,186
1505,2133
263,1551
2587,1653
1848,1849
2232,2233
2350,1103
1822,639
2103,922
1677,309
481,415
2080,1120
2070,1495
1845,1594
2036,1315
1733,1670
1876,1428
2344,1930
1995,1996
1431,1432
442,2233
943,1594
1288,185
1916,433
2267,2192
2481,117
2449,2069
2141,472
2252,138
1217,1
1614,502
737,1784
1776,34
1736,1737
1949,1196
912,2043
1645,828
836,2006
2437,220
2347,1516
2361,188
2218,1666
2012,639
2303,541
2464,179
2244,1476
2320,399
2567,2129
266,393
1940,464
694,1827
2152,2188
2216,1740
1051,551
1699,1129
103,1727
230,1805
1517,30
2310,879
932,509
2165,2166
1725,670
2384,226
2446,45
359,25
350,502
1411,828
376,66
929,938
1852,1394
717,2167
2489,639
2248,267
1340,2076
1198,1671
2364,1896
1642,206
2493,1816
629,2150
567,2189
2573,1952
1578,585
1473,1474
59,1586
1332,1428
1453,273
2474,1396
2049,1502
1602,186
1462,130
2149,1930
940,1886
1817,34
801,1493
2279,149
707,1909
1707,1495
1978,1438
2336,670
2586,1432
2016,1551
1789,8
2484,1048
1533,1534
2329,2130
1777,1514
2038,1484
2212,814
2597,1484
1879,1370
1808,1809
1074,790
2460,1661
1828,2351
2312,416
791,509
2225,1717
1822,767
1410,1315
2370,1445
2198,2069
2518,610
2338,220
2457,433
1457,1436
2016,2136
1894,1098
2402,97
1959,1502
2462,1290
975,1683
2095,336
1726,1537
1754,148
102,1926
1165,1497
2509,2064
1124,1594
2124,1809
837,1942
1132,1980
2283,403
2473,1947
2038,2039
2275,1674
101,173
1792,338
2408,2409
1924,1197
1507,1907
107,1426
2242,635
1595,1974
1466,1467
678,2151
1773,1679
2569,2076
1464,1465
997,1551
1581,1522
1779,854
2170,551
2365,838
2360,115
2463,1447
1637,1638
488,1141
1843,1561
660,645
1687,1688
1968,1969
2299,215
1818,1819
1045,1952
2401,2391
1803,1762
1597,1518
2377,69
1961,1784
1861,1015
852,1872
