1991,1396
1430,1219
1622,1623
1110,1681
2311,56
796,8
1124,1933
1554,1555
1826,1827
1213,1583
2395,1315
1696,1697
568,2109
1492,1493
1716,1717
1649,1
2352,1697
2209,1737
2011,1888
1469,582
2294,1069
637,873
2287,2069
1771,541
1503,1112
1928,1853
1669,502
2108,743
1395,1396
501,879
9,1076
1473,429
1776,215
1379,1374
1326,417
365,1747
1413,764
2405,8
1441,927
2047,1628
1605,1606
977,650
2415,1493
1421,1434
2185,1610
2583,2202
572,1516
2281,1799
668,1522
2184,1219
1832,417
2420,415
1861,466
2251,3
1489,1407
2260,2151
1166,2223
603,484
2543,804
129,1661
2517,647
1453,714
1922,580
1911,2425
1821,1500
455,1190
2061,1456
1858,1859
1192,1414
2085,2044
2571,330
1978,149
2230,226
2448,1596
1782,19
1450,280
1383,1759
1962,1076
1693,1401
966,51
2466,1671
2270,1120
1105,1
2546,1956
2507,974
1887,1888
1585,1586
1940,2069
1964,250
1846,1690
1801,1334
2302,541
1927,915
826,267
353,93
2579,1857
1836,521
2162,1076
1882,1583
1813,761
2024,974
1915,1825
2001,1610
140,1945
1624,1573
2206,1835
2346,879
1513,1514
1704,518
2055,1474
2454,1827
2282,1576
292,1735
2105,1521
1880,1190
1559,180
2081,915
1902,309
1313,1980
1873,1197
2007,518
2514,1640
2054,1743
1699,652
1273,1617
1439,1440
1864,1455
1911,1573
1033,28
2318,166
1614,731
2593,1458
2186,309
1022,10
2422,1697
238,753
2559,1853
1885,1886
1016,2117
1843,1755
239,2076
625,277
1732,1709
2139,254
458,1853
1874,1076
1985,1238
966,1067
2480,1500
2516,1514
2522,2183
1403,1404
1389,714
892,1555
1281,1407
2293,186
496,650
1668,563
2096,420
2114,1769
1953,1775
1719,1493
1901,466
2577,1644
343,1484
1470,1252
1349,1608
1393,1394
1831,3
1936,1067
2042,2043
2359,336
2332,1500
1738,495
1691,72
1367,819
972,1634
877,420
1662,585
1533,1674
2169,2233
1850,34
1385,1386
1650,1651
616,658
2243,429
2585,2328
2013,1376
920,226
1449,563
1007,1797
2053,1847
2231,548
2231,915
2022,1508
621,25
1707,1001
607,1551
590,1048
683,1812
2428,1947
1807,873
2566,1531
1223,843
2015,1888
2227,1493
772,1920
1387,336
1810,1197
1429,1369
2313,1518
2315,1596
964,917
1471,180
1615,307
2074,1491
1507,1508
35,2117
1898,1228
1577,938
2378,1557
361,30
1850,1681
1815,1816
1705,1228
1641,206
2075,974
691,2151
1444,429
1793,2117
2357,30
1977,1422
2419,1571
2067,1522
595,1769
1997,258
2515,1586
2244,1011
1756,1757
1898,179
723,635
2235,1610
1454,1455
2590,2298
2025,34
2291,1476
2254,173
154,2399
1427,1711
376,2200
1188,66
736,2389
358,1757
1906,1945
2238,40
2104,367
1892,215
2083,1001
2483,1623
637,1711
1109,2130
1811,75
1451,1452
2224,464
2111,2151
1589,1590
1699,1856
1553,75
2397,974
1475,1476
1867,113
2467,173
576,12
1625,1197
275,1657
2193,2435
2307,585
1824,580
2240,1859
683,1561
1021,220
565,1775
2592,1599
1958,1069
2553,1974
453,1386
1439,1640
1611,1419
1501,1502
2050,1567
2205,180
1988,1989
476,1486
1619,867
1833,152
2068,548
801,1630
1562,1563
2362,215
709,652
1600,1458
2088,1514
2032,1697
2226,743
2054,1369
1264,2166
1660,1690
2215,790
2355,2026
508,1939
1917,1918
785,224
972,1561
181,1918
1526,466
1275,2175
1079,1447
1798,1799
1618,226
1983,1933
2488,1580
2265,2006
1860,202
1082,1909
2554,1
443,1433
2434,1655
1678,1679
2196,403
1985,1141
2002,429
1883,250
2452,1334
1389,1390
1720,2134
2305,1376
1814,1610
2063,2064
2472,922
858,2425
2126,1502
1613,1571
2138,509
1535,645
1770,417
2002,1886
427,2028
1820,1617
1478,1479
2348,173
1006,152
2547,152
1509,1465
2149,1679
723,12
388,1076
2521,753
625,1024
1417,873
1744,215
2451,1516
1602,1603
2107,1252
1708,650
1893,93
2229,403
293,2564
2148,1628
1485,1486
608,1497
1593,1594
2072,1561
2264,257
2159,1541
2195,1076
2122,1474
2290,32
1494,1495
125,307
164,527
2476,1043
560,854
2187,218
864,1456
1838,1839
2258,2259
2544,1679
1710,974
2562,34
2430,2200
1068,1672
989,254
1443,417
2132,222
2246,1644
2381,415
1876,113
2392,917
2278,1285
355,1252
2443,521
54,1989
2427,1197
956,1743
2174,2175
1620,550
2176,670
2306,2200
437,1112
1789,2034
1527,714
1760,1497
1892,1839
578,1460
2532,411
2589,45
2221,19
2091,550
1864,814
2595,12
233,2094
2364,1374
1925,1926
1931,767
355,1717
1588,551
2035,1561
2574,1825
1703,1392
1362,1458
1787,1219
845,1409
368,464
1745,1606
2106,1396
162,658
2461,1001
600,1755
604,1576
1718,393
1992,371
1379,1500
2444,1809
2010,19
1629,1630
16,1576
1412,731
2555,1382
1929,1930
1405,257
1729,1384
1870,1871
942,1378
1481,153
1626,466
1633,1634
1044,2071
2400,1856
2458,2094
1941,1942
155,12
2598,30
1944,1945
18,179
407,1644
2288,1747
2531,1681
1111,1907
2008,1043
1910,1428
2390,2391
1780,1697
1646,1647
248,1069
1881,367
2101,1702
2314,87
2538,1757
2128,2129
1591,1567
736,1455
1708,1709
2101,502
2456,1797
1904,220
2154,2133
16,416
1786,1386
2003,1709
2205,176
535,1561
2056,1825
1865,1013
1751,823
900,14
1063,185
1592,323
2503,2064
1051,843
1520,1521
2060,97
2079,338
2203,842
1879,1390
325,1402
2525,78
1604,639
2413,224
2173,1596
1986,371
2545,1630
1921,17
2508,1011
689,1396
2541,1702
2324,1918
561,1825
2528,351
1706,1015
1263,307
1512,731
2163,1370
1700,1583
1215,2129
1977,1069
2561,1541
733,121
2158,541
1908,1456
2086,100
1875,403
600,1445
1546,19
2135,1847
1730,385
1095,1799
1609,1610
225,8
1538,1455
2551,1580
2427,1623
2431,1640
2057,814
1994,1031
2214,2175
1560,1561
2144,166
672,208
1360,1397
256,938
2014,1252
2289,2026
2140,650
1066,115
2417,1407
1645,1596
1490,1491
971,974
1676,1552
2147,551
1372,1638
232,1390
2272,1920
653,87
2271,69
1330,1531
1660,3
1873,1407
1400,1401
876,69
2125,658
1575,1576
2193,2062
401,1956
943,652
2321,1683
64,1497
1701,1702
2511,1823
1994,1679
1114,1576
1768,819
2237,1628
1565,338
1517,1518
945,1918
1284,1518
1550,742
1810,563
2380,222
999,1552
2100,72
1795,1796
2556,2150
2013,1989
2478,1980
1528,1479
1498,75
2475,731
2596,1407
1855,1856
1519,987
2087,1433
1851,551
1698,1440
2211,1747
1966,1518
2218,87
1960,176
2002,1741
2324,1580
434,1219
2539,1672
134,1727
1908,1630
2499,2069
1070,1996
2383,2150
1758,799
151,1484
2477,585
1739,1740
1421,1422
297,1141
482,385
1569,19
253,1474
817,2052
2453,2328
2194,1825
104,1219
1029,2213
803,1219
401,2183
2387,167
1900,1414
2145,806
1524,179
2494,1107
1074,1717
2161,1456
1923,1508
2035,1674
1648,167
534,1197
1984,1043
1309,309
1686,1422
2234,1630
2152,273
1955,1956
1807,1935
1525,224
1912,1031
2137,1510
2010,1386
2433,1514
963,647
1643,1644
2439,1920
1963,767
1477,12
2353,1067
1862,1141
2520,1219
2073,1856
499,1942
1487,1488
1726,1926
1808,843
1412,1530
354,1563
1897,761
2084,1835
2025,806
419,1551
120,1555
1257,367
2078,1640
354,1857
1941,323
2582,356
169,1488
1820,1076
1448,19
2098,1500
1245,121
547,647
1728,1015
308,1392
1532,176
2249,2250
2120,2076
1800,17
1477,1409
2118,1425
1584,1976
1282,218
89,330
663,1380
144,2250
2588,1692
2041,1190
778,1228
2378,1839
2102,1737
2168,1386
2345,1767
678,1683
1558,1549
2191,1634
1736,215
2207,1939
2401,731
2131,580
1209,1370
949,2058
1746,1747
1375,1376
2542,10
2369,2188
2442,2183
2285,121
1788,10
2386,1989
2465,1681
1656,1657
2591,1015
1804,28
655,1551
418,538
1423,95
847,1
2037,356
2299,714
1584,309
1406,1407
1889,1440
1459,1460
863,385
500,1634
1523,814
2447,2076
1597,1666
1298,563
716,10
2078,1586
2482,1376
1118,1428
773,2151
2263,1608
2278,2046
2416,790
355,1670
1036,1847
1665,1666
866,2044
2201,1458
1967,309
1004,1484
1658,843
2394,100
2407,843
709,1825
1883,1884
1905,113
1373,1374
1509,1510
2116,2117
2570,2189
458,1516
2335,17
1673,1674
2014,828
2438,121
532,968
2537,1479
1332,1549
1693,650
2304,1394
1171,502
2403,61
947,1386
1667,987
2277,484
2398,2399
1654,1031
1564,173
2112,509
1183,1583
2220,371
1779,1428
1435,1436
2255,2064
1393,1896
1841,1011
1582,332
221,23
2093,1640
2284,246
2027,258
1785,1011
2393,1606
1574,1407
276,509
2241,1234
498,198
302,1397
1891,742
2501,97
2097,1805
1936,1651
666,1555
1249,148
1913,330
2339,12
1694,1653
2011,1401
377,403
2177,1809
2009,647
407,1952
1372,288
92,332
2337,1438
2021,1474
1659,502
2269,2064
2092,1500
1745,1743
1890,518
1794,1500
1828,1416
709,2130
1566,1640
2496,938
122,1713
2568,188
2077,1711
1383,1384
2421,1976
305,518
1770,433
1221,1549
2258,1767
1377,742
1793,393
2172,97
2468,1378
2341,764
2291,1396
1568,1474
1505,215
2178,1502
1682,186
2479,1510
821,1407
860,1743
2326,385
24,63
2323,743
1198,1433
1821,1599
574,1972
2309,472
2413,647
1566,1567
1134,1440
1684,8
1631,1632
2549,1458
2301,17
1893,585
1570,1596
1899,75
1089,422
2292,14
2529,417
1472,828
1685,974
1844,922
1137,1384
1429,495
2470,1190
285,585
2429,2058
2410,1561
1542,1076
501,1425
2316,309
755,2109
1712,1438
1832,277
1877,93
1832,1747
1710,1013
2466,1816
1636,415
1286,1402
1675,6
780,2351
2432,411
1765,645
2534,968
302,1552
2373,1456
2445,1112
2023,1816
1979,670
2127,1491
1999,1422
2535,502
1005,1397
1636,1502
1600,257
2424,1692
1932,1933
1543,1476
2356,1671
302,366
16,1433
2563,1594
2440,1552
1919,10
2418,1495
2327,1759
2031,1623
2142,1762
1764,1644
1598,1599
2158,2409
1761,1762
2273,2274
1937,1011
755,1500
1766,1767
2261,1632
1829,37
1506,1067
2527,1455
1619,1422
1472,273
2331,433
2526,1541
1833,888
1869,1205
1450,1285
2519,1290
2455,1098
1587,420
2319,927
1774,1775
207,14
1457,1458
29,2343
2065,1926
1954,1129
1722,218
1542,1404
689,2051
1695,1474
191,195
2406,2202
2000,1805
2115,1571
1246,1653
1540,1541
2333,180
2199,968
1388,198
2159,2130
2269,1827
389,2363
2512,1491
2557,1839
1975,1976
2262,117
970,1872
2204,1495
2422,1690
1612,580
508,1537
2322,2044
2572,195
163,34
2099,2064
1581,1947
2469,1907
1635,466
2219,1812
2500,2006
2295,743
1539,1120
1556,1557
2208,2130
1482,417
1621,1228
2548,2223
5,1315
1802,1796
444,1483
1418,582
2404,580
1903,1663
2268,1775
1742,1743
2524,206
1332,1640
1427,75
172,149
667,1819
1478,2044
1927,1805
2485,1827
269,2450
1748,198
2217,1476
1943,1697
1814,742
1595,1596
2029,149
1721,1334
634,307
1645,34
155,635
1572,1573
1998,1522
242,179
343,1504
42,1812
1499,1483
2000,1709
1817,330
2181,1769
1204,1238
2156,51
2059,1757
1689,1690
1330,2202
1729,1031
24,1632
283,288
459,234
2247,1376
2530,1491
1403,411
2533,2183
1783,1784
2113,95
1408,1409
1978,1455
41,1370
118,34
896,1670
787,1120
1325,1290
2123,179
1185,415
962,167
1868,180
1418,1419
2180,2150
2504,1623
1957,1638
1463,393
2210,1741
2153,1374
1714,658
1466,173
1505,2133
768,1334
263,1551
2587,1653
2232,2233
2350,1103
1147,1796
2103,922
1627,1628
1677,309
2080,1120
2070,1495
1845,1594
2036,1315
1562,1396
1733,1670
2182,1419
2344,1930
1995,1996
1431,1432
442,2233
1965,1397
1916,433
2267,2192
2481,117
2449,2069
2354,509
2252,138
1217,1
1614,502
2119,1859
737,1784
2565,2213
1736,1737
912,2043
1645,828
836,2006
2502,652
2437,220
2495,1205
2347,1516
2361,188
2303,541
2464,179
2244,1476
2320,399
2567,2129
1951,1561
1940,464
694,1827
2197,922
2152,2188
2540,1580
1051,551
103,1727
230,1805
2310,879
932,509
694,1495
2165,2166
1725,670
1790,3
359,25
350,502
1411,828
376,66
1900,2192
929,938
1544,1369
1852,1394
2248,267
1340,2076
1198,1671
2364,1896
1768,1769
1642,206
1119,1495
629,2150
567,2189
1578,585
1473,1474
918,429
59,1586
1453,273
2474,1396
1865,1508
2049,1502
1462,130
2149,1930
2497,580
940,1886
1817,34
2299,1884
801,1493
1707,1495
1978,1438
2336,670
2586,1432
1866,40
2576,2192
2016,1551
1789,8
2329,2130
1777,1514
2038,1484
2597,1484
2407,1048
2212,814
2238,1628
1808,1809
2460,1661
1828,2351
2312,416
791,509
2228,1440
2225,1717
2260,1692
1822,767
2198,2069
2518,610
2338,220
2457,433
1457,1436
1420,2190
2550,1069
2016,2136
2402,97
2462,1290
2578,1769
975,1683
2095,336
1496,938
1726,1537
1754,148
1165,1497
1124,1594
2124,1809
1806,78
837,1942
1132,1980
2473,1947
2038,2039
1175,336
2580,757
2275,1674
1792,338
2408,2409
1924,1197
1635,1823
107,1426
2242,635
1595,1974
2560,1590
1466,1467
1773,1679
1464,1465
1781,30
997,1551
1581,1522
1779,854
1783,1458
2365,838
2360,115
1637,1638
488,1141
2536,714
1843,1561
660,645
2358,1290
1687,1688
1818,1819
1045,1952
2401,2391
1803,1762
1981,1514
1324,1521
1517,30
2377,69
1961,1784
1861,1015
