328,87
357,113
496,3
469,66
513,17
1066,25
883,25
450,3
494,495
529,113
1357,332
477,51
282,3
835,43
60,226
617,113
962,25
542,422
805,806
320,43
984,66
557,51
55,56
1332,113
33,34
1071,3
352,1197
1309,650
574,113
1265,3
516,21
473,69
1123,10
553,40
122,3
729,25
1097,3
674,66
453,87
1249,43
248,10
438,30
162,115
326,8
20,21
710,1
136,95
270,14
944,14
398,1129
1039,115
406,3
266,702
212,43
1199,582
443,10
570,43
193,95
914,25
1304,433
1298,14
1114,8
1179,3
1351,23
231,130
775,3
668,95
74,75
589,130
943,87
1108,10
315,113
1215,254
787,117
136,1
607,14
1153,113
1299,14
1063,25
124,3
721,87
482,14
485,3
710,115
212,117
692,66
181,8
147,152
780,69
1235,66
934,3
165,417
829,69
657,433
1170,3
664,58
344,14
641,8
437,336
470,10
71,72
1032,1113
251,58
583,14
172,472
746,1013
315,30
686,3
448,8
1229,1
561,8
638,14
1104,8
897,14
1355,58
151,149
734,69
543,25
925,3
525,115
232,3
396,14
337,541
221,63
649,650
147,1231
194,195
1052,14
556,43
697,40
1191,14
437,635
956,10
352,179
759,8
361,43
319,3
818,968
33,790
1263,66
746,51
204,115
878,879
101,58
177,87
455,66
849,40
676,220
507,1
436,3
510,14
311,43
1090,21
546,8
794,3
846,25
390,3
1178,8
597,702
663,21
463,51
672,3
1061,509
268,3
1365,14
549,550
489,130
276,288
1318,25
398,399
285,25
812,28
628,58
765,28
322,30
866,43
1029,14
347,10
918,8
142,3
851,87
147,1098
1159,87
358,69
1060,254
609,25
488,115
386,173
499,332
1058,25
746,823
741,40
65,66
679,3
771,761
847,87
594,113
456,8
1343,121
604,58
869,87
483,484
219,220
954,25
76,8
1143,121
751,87
262,40
301,3
656,30
242,69
276,799
175,509
431,40
1082,43
402,917
331,332
404,14
376,8
259,8
24,25
825,14
1133,8
717,40
107,761
1148,185
1167,113
383,1
302,25
506,3
1014,14
545,8
141,8
889,117
985,87
16,17
745,14
1362,40
749,10
1193,25
554,8
775,58
2,3
940,10
435,10
409,3
887,888
1212,113
778,548
533,117
707,3
773,113
595,113
1156,3
1230,14
797,14
694,117
513,767
1095,14
266,267
1353,14
1111,43
860,10
312,69
114,113
289,69
140,130
266,464
863,51
478,87
44,115
163,21
508,3
1273,14
1241,117
524,10
597,1031
763,66
426,8
619,43
412,43
361,130
832,14
225,429
685,25
1242,28
592,87
165,563
294,3
777,43
319,25
39,43
151,152
579,14
71,258
926,987
529,30
1115,113
368,21
4,3
175,1129
752,14
840,25
586,40
667,87
697,43
374,43
525,30
1308,121
60,153
223,224
1267,21
933,254
341,117
44,45
833,58
689,3
531,138
27,28
939,10
831,8
473,113
266,167
1109,87
54,14
937,938
555,58
868,3
523,21
1360,14
721,113
455,117
119,8
382,464
1217,10
242,8
451,58
207,208
666,14
106,51
189,43
1212,21
1163,14
756,757
569,115
1175,87
1007,10
1294,14
1279,3
768,66
1145,43
1083,14
1177,69
447,208
713,714
501,95
284,14
856,66
1146,10
425,69
491,25
651,652
1204,113
1078,21
99,25
1214,14
853,854
387,1
172,179
249,250
57,58
884,647
313,3
462,43
182,25
497,28
1028,69
253,254
562,14
1018,3
375,87
836,14
1118,43
760,14
343,14
73,43
428,30
754,521
1134,14
296,113
324,95
886,10
444,25
200,69
643,14
129,95
1027,121
287,8
592,254
99,30
120,121
1284,1370
321,8
1286,25
728,3
335,179
229,87
1261,10
314,25
747,550
560,3
1322,51
1313,14
156,3
102,117
691,69
1182,10
158,25
969,25
384,385
727,30
695,113
1333,1334
49,43
395,3
1110,14
1026,25
1012,8
507,40
175,1001
1051,3
597,1069
815,87
945,220
503,220
566,113
154,28
1341,854
60,527
178,422
732,14
980,879
31,32
315,3
1093,3
951,115
1080,8
1168,3
1096,43
252,117
109,10
672,87
1087,1
654,43
852,3
493,14
161,14
137,138
382,267
178,179
1336,10
60,518
325,30
264,3
418,93
319,40
894,3
966,43
514,21
1210,87
982,14
214,1234
157,14
441,21
1130,3
272,551
92,93
55,75
237,113
94,95
1253,117
1121,10
606,25
1059,113
747,198
907,43
990,21
479,69
1116,21
1201,3
55,635
685,21
311,69
834,8
1033,3
407,14
1269,10
384,842
379,8
151,422
99,58
545,23
74,1031
1310,40
1297,21
1344,40
531,670
327,14
893,8
539,21
197,198
171,95
458,121
520,521
1317,14
271,8
1132,3
394,8
784,43
442,14
921,43
82,25
193,58
718,25
612,113
11,257
558,291
919,25
855,113
1064,1
905,3
1239,8
632,3
473,1
46,14
1003,25
1183,10
364,8
1352,14
771,610
553,117
1243,25
287,113
454,25
946,28
241,25
1330,21
281,40
808,69
192,40
1209,10
334,138
889,30
690,25
916,3
719,3
131,87
481,14
1339,51
414,415
775,95
660,8
571,8
1213,14
1119,1120
272,273
669,198
11,650
1186,254
637,21
377,25
1240,3
1328,14
382,56
890,58
165,166
341,87
1036,25
1185,10
322,356
1053,51
813,814
1248,14
1040,8
880,40
300,25
875,509
892,8
608,10
589,40
1266,43
833,1
83,21
168,3
353,25
995,3
1105,10
701,10
959,332
238,58
991,87
597,743
146,30
55,551
1280,87
630,3
299,113
1296,10
720,100
178,472
695,8
469,95
511,3
621,10
895,10
325,40
501,25
1361,8
324,51
170,113
1005,14
859,21
682,51
340,254
826,43
1305,14
1350,69
432,433
235,113
1084,113
261,10
907,69
1152,121
533,3
382,702
923,69
953,21
190,51
290,367
487,130
1225,14
977,10
64,51
715,66
227,10
324,58
1364,10
18,19
542,464
85,25
528,3
349,95
1072,40
1221,14
964,121
932,66
143,115
256,40
346,14
622,25
841,8
988,790
107,108
588,40
1086,332
1070,10
300,58
898,21
809,3
1340,10
1042,51
775,43
624,14
517,40
712,25
839,14
490,30
581,582
49,21
535,3
1027,28
1346,3
1149,3
627,87
1326,8
471,100
820,3
594,25
623,3
695,43
532,66
1226,25
383,87
972,43
653,40
59,40
1117,14
1056,3
1046,10
1251,1252
1010,650
703,8
35,3
1084,30
105,40
1283,30
597,291
1008,1
322,323
50,51
740,3
378,332
876,8
1247,43
681,14
384,922
1371,14
205,206
1055,14
244,95
706,30
240,87
239,1
529,66
600,332
526,3
311,332
1363,10
114,8
104,14
1154,51
36,37
230,10
204,25
811,3
77,218
677,14
1160,40
11,180
601,14
1035,14
1169,3
236,87
1271,25
552,1076
662,51
53,51
979,8
400,113
699,58
114,3
865,113
388,58
722,8
970,3
517,3
295,14
960,21
1268,3
471,130
1150,43
247,3
655,40
26,10
1140,69
446,25
16,108
1348,10
1151,8
5,6
958,180
708,14
305,66
0,69
1349,21
1260,43
437,1069
192,23
129,130
49,69
881,10
105,3
165,538
688,14
381,25
1092,509
1320,14
618,100
573,51
68,69
352,1112
99,1
1259,3
359,30
209,25
1203,21
465,466
600,254
857,30
684,14
90,58
132,21
162,69
1366,10
92,620
802,21
255,113
350,351
178,371
1257,332
931,37
505,113
1126,30
547,21
687,8
575,30
386,93
1292,14
1284,1285
114,115
900,25
235,117
530,10
145,40
398,1069
965,25
522,14
1301,10
1136,14
303,14
795,3
634,25
1224,25
391,3
22,23
1275,14
636,23
47,21
352,167
911,1
989,87
476,14
479,3
427,25
1062,51
1329,8
1342,1120
276,277
162,43
1008,23
941,25
1165,185
1019,51
1002,25
1181,25
279,280
586,30
786,3
244,25
986,987
134,8
84,21
1009,330
700,10
74,202
614,21
74,658
1041,66
486,87
626,8
616,14
864,21
123,14
540,541
1155,87
892,40
1139,25
89,3
803,113
780,117
656,43
721,115
912,69
22,130
304,40
738,332
159,25
262,113
727,113
252,87
310,14
178,93
434,51
283,40
201,58
1272,8
976,10
461,3
913,66
445,87
283,100
339,3
993,167
910,3
848,113
668,113
788,3
926,1141
862,14
1211,51
135,25
147,472
1144,14
529,3
196,25
381,3
709,87
691,1
474,117
350,366
116,117
830,3
1300,21
617,3
1321,43
1038,250
200,8
278,10
91,3
60,639
855,254
213,87
289,100
9,10
1367,3
591,8
947,3
1057,10
822,43
11,12
771,804
225,226
175,1196
615,21
349,115
160,25
779,3
38,30
192,95
204,87
324,1
86,87
730,265
906,21
891,100
457,254
957,14
474,51
1306,25
1198,43
1200,113
266,202
1020,10
175,1205
975,21
552,767
1358,3
908,87
136,25
300,130
263,14
680,14
1125,10
225,1369
928,21
874,43
281,69
127,14
1036,69
60,186
136,69
1006,8
1068,3
537,10
369,69
703,40
500,3
318,14
951,113
992,14
217,1043
467,25
1091,764
370,220
597,422
201,69
736,3
726,10
739,14
150,30
289,66
38,8
837,838
559,21
640,43
613,66
1319,87
792,51
103,14
512,21
552,108
762,87
943,254
858,10
174,40
170,8
81,8
746,1067
214,1103
74,620
504,25
1287,115
1181,87
306,307
730,731
770,21
924,87
211,113
90,8
1037,113
572,14
1099,117
413,14
389,130
229,8
565,25
1128,14
1216,25
1032,1043
1359,550
150,40
785,25
1106,21
774,69
1245,51
1102,25
733,650
721,66
126,10
1171,87
1202,43
462,8
1303,25
360,3
395,113
333,66
235,43
678,541
734,3
669,670
147,167
362,25
326,332
408,115
595,58
1122,43
1176,69
603,10
329,647
1000,14
1264,69
191,14
1004,10
473,3
147,267
816,87
725,3
184,185
861,14
800,3
74,1238
111,14
249,968
949,51
1174,3
871,117
926,1015
216,121
125,1
299,1
96,265
1262,3
437,403
1127,21
515,8
449,51
1316,25
1186,69
238,66
763,764
1236,208
874,113
1021,254
107,610
316,87
1270,14
1227,87
306,1011
165,1205
474,113
345,14
423,8
1077,14
891,23
178,635
981,10
994,34
71,246
1250,14
401,14
1325,43
885,25
554,113
793,69
665,3
324,254
1192,58
1049,10
1032,78
283,58
1345,25
558,403
73,21
139,3
894,43
386,1024
756,8
460,10
437,56
599,25
844,3
1295,113
471,95
798,3
430,25
229,25
810,14
269,8
317,14
231,23
110,10
1307,14
776,1
380,10
354,117
930,95
704,121
902,25
593,8
33,1228
961,87
424,10
772,25
1289,433
147,148
1047,1048
1207,25
592,95
183,10
77,78
489,8
789,3
276,753
187,188
1220,43
260,30
1025,3
1206,66
298,10
783,1
926,927
671,23
696,8
896,21
155,14
1278,14
247,113
835,8
419,40
178,403
175,176
169,25
984,21
242,25
286,14
730,97
468,3
661,66
259,40
252,66
1258,14
214,843
903,40
1276,43
600,113
1081,51
41,3
387,43
577,113
1054,40
536,3
1137,25
711,10
1088,40
1314,14
513,1076
1254,14
405,14
395,40
1075,113
190,87
1195,3
625,185
392,121
71,1315
1124,10
147,658
544,14
534,113
459,3
341,43
315,40
1302,10
882,180
646,51
221,222
124,87
498,14
501,3
440,14
80,21
651,21
629,21
1184,25
501,87
936,21
449,113
297,10
631,3
782,3
