1991,1396
1786,1402
1110,1681
2311,56
796,8
1213,1583
1753,1692
1696,1697
568,2109
2352,1697
2209,1737
2505,761
1469,582
2294,1069
637,873
2287,2069
2157,58
1503,1112
1928,1853
1473,429
1776,215
2412,484
365,1747
1413,764
2405,8
1441,927
1350,1390
2047,1628
2415,1493
2185,1610
2583,2202
2048,1502
572,1516
668,1522
2184,1219
1832,417
2245,806
2251,3
1489,1407
2260,2151
2517,647
1391,1392
1922,580
1821,1500
2061,1456
1858,1859
2459,1474
1978,149
2230,226
1962,1076
1693,1401
940,399
1105,1
2546,1956
1887,1888
1585,1586
2111,2034
1940,2069
1846,1690
2302,541
1927,915
1982,330
826,267
353,93
2579,1857
1813,761
2146,1107
2001,1610
1624,1573
1513,1514
2206,1835
1971,1972
2055,1474
2282,1576
2105,1521
2081,915
2171,17
1902,309
1313,1980
1873,1197
2054,1743
1398,1399
1699,652
1273,1617
1439,1440
1911,1573
2308,1980
2318,166
1614,731
1022,10
2422,1697
1398,1920
2559,1853
1843,1755
1732,1709
239,2076
1254,1219
2139,254
458,1853
1874,1076
966,1067
2222,1370
2522,2183
1389,714
892,1555
1281,1407
2376,1935
2293,186
496,650
2114,1769
2096,420
227,1835
1470,1252
1349,1608
1393,1394
1831,3
2178,403
2359,336
2332,1500
1738,495
1691,72
1691,1692
1367,819
877,420
2169,2233
1385,1386
1772,1394
1650,1651
616,658
2243,429
2585,2328
287,1647
2013,1376
920,226
2231,548
2231,915
678,1510
2566,1531
2227,1493
1387,336
1810,1197
1862,148
964,917
1615,307
1507,1508
2074,1491
2581,220
1815,1816
1705,1228
1641,206
2075,974
2005,2006
1444,429
1793,2117
2357,30
2419,1571
1034,250
2067,1522
1997,258
1898,179
723,635
2137,1886
2291,1476
2254,173
1188,66
736,2389
2169,17
2104,367
1892,215
637,1711
1811,75
1545,1530
2111,2151
1589,1590
1699,1856
1553,75
1854,254
2397,974
1475,1476
1867,113
2467,173
1948,1404
576,12
1625,1197
2193,2435
2592,1599
1791,1374
2553,1974
453,1386
1988,1989
2205,180
2486,1907
476,1486
1619,867
1562,1563
2362,215
1198,1741
2032,1697
2226,743
1264,2166
2215,790
2296,927
785,224
972,1561
181,1918
1526,466
1570,1571
1079,1447
1983,1933
2265,2006
1082,1909
1415,411
443,1433
2196,403
1883,250
1389,1390
978,1479
1720,2134
2305,1376
1814,1610
2063,2064
571,867
2472,922
1613,1571
2138,509
1535,645
1706,1740
1770,417
427,2028
1820,1617
2348,173
1480,927
388,1076
2521,753
625,1024
1417,873
2030,1530
1708,650
1893,93
293,2564
2148,1628
876,1402
2072,1561
2264,257
2159,1541
2195,1076
1597,731
2122,1474
2290,32
864,1456
1838,1839
2179,1491
2258,2259
1710,974
2544,1679
2430,2200
238,1630
989,254
2132,222
2381,415
1876,113
1275,1763
2278,1285
54,1989
956,1743
2176,670
1579,1580
437,1112
1789,2034
1527,714
1760,1497
2492,14
2589,45
2221,19
2364,1374
1931,767
1734,417
355,1717
2035,1561
1703,1392
1362,1458
1951,1952
1787,1219
1745,1606
2106,1396
162,658
1731,1098
1718,393
1992,371
2444,1809
1629,1630
1863,1755
16,1576
1412,731
1929,1930
1729,1384
1070,58
942,1378
1481,153
1633,1634
2400,1856
1946,1947
2458,2094
155,12
2598,30
1944,1945
2523,753
18,179
2531,1681
1111,1907
2390,2391
2400,1491
1646,1647
248,1069
2101,1702
2128,2129
2426,206
1591,1567
1708,1709
2101,502
2456,1797
1235,495
535,1561
1865,1013
1063,185
1051,843
1715,224
1520,1521
325,1402
2525,78
1604,639
2372,1290
2173,1596
2545,1630
2324,1918
2508,1011
1498,753
1706,1015
1263,307
1700,1583
1215,2129
2257,246
2158,541
1908,1456
2086,100
1875,403
62,66
600,1445
2135,1847
1095,1799
2427,1623
1446,1447
2431,1640
2214,2175
672,208
2014,1252
1468,1031
2289,2026
2140,650
1066,115
2417,1407
751,1547
1645,1596
1490,1491
1372,1638
2272,1920
2239,1447
1330,1531
1873,1407
876,69
2125,658
132,2233
1575,1576
2193,2062
943,652
2321,1683
423,280
2511,1823
1994,1679
1114,1576
1517,1518
964,1522
1284,1518
1550,742
999,1552
1810,563
1902,1103
2100,72
1795,1796
2013,1989
2556,2150
2020,1386
1528,1479
2475,731
2596,1407
1519,987
1038,1563
1851,551
2211,1747
1966,1518
2218,87
2276,2046
434,1219
2539,1672
1070,1996
1758,799
2003,2004
1421,1422
1569,19
2194,1825
817,2052
2121,1228
1029,2213
401,2183
2387,167
1900,1414
1725,257
2145,806
1524,179
2494,1107
1074,1717
1752,1717
1648,167
534,1197
1984,1043
1309,309
1077,1374
2010,1386
963,647
2439,1920
1477,12
504,176
2353,1067
2073,1856
499,1942
1726,1926
73,415
354,1563
1897,761
2025,806
120,1555
2575,2071
354,1857
169,1488
2098,1500
1245,121
982,1409
547,647
1728,1015
308,1392
1532,176
2155,1989
1477,1409
2118,1425
1282,218
89,330
2436,585
778,1228
2378,1839
2102,1737
2168,1386
1834,1835
1558,1549
2191,1634
2401,731
2131,580
2187,1692
949,2058
1375,1376
2442,2183
2285,121
1639,100
1656,1657
2591,1015
655,1551
418,538
1565,1809
1423,95
2037,356
1584,309
1459,1460
2411,1644
2447,2076
1597,1666
1298,563
716,10
1607,1608
2482,1376
1118,1428
773,2151
2278,2046
995,415
355,1670
866,2044
1004,1484
1658,843
2240,938
2407,843
709,1825
1883,1884
1905,113
2414,828
1509,1510
2570,2189
2335,17
2014,828
2487,250
532,968
2537,1479
1332,1549
1693,650
2017,1404
1171,502
947,1386
2277,484
2398,2399
2015,10
1183,1583
1435,1436
2255,2064
1393,1896
1818,464
1785,1011
276,509
2241,1234
498,198
1954,332
302,1397
2501,97
1249,148
1913,330
1054,757
1694,1653
2011,1401
377,403
2177,1809
1349,2328
2337,1438
2269,2064
1745,1743
1890,518
1765,37
2568,188
2077,1711
1383,1384
2421,1976
2317,1015
305,518
2258,1767
2172,97
1793,393
1461,742
2468,1378
2341,764
2291,1396
1568,1474
2423,1907
2178,1502
860,1743
574,1972
1198,1433
174,2298
1566,1567
2413,647
2549,1458
2301,17
1175,1547
2292,14
2529,417
1472,828
1844,922
1025,23
285,585
501,1425
755,2109
1832,277
2491,75
1710,1013
780,2351
2432,411
1765,645
2456,273
2023,1816
1979,670
2127,1491
1999,1422
1652,1653
302,366
16,1433
2563,1594
2418,1495
1840,550
2327,1759
2142,1762
1764,1644
2158,2409
2506,2435
1761,1762
755,1500
1766,1767
2526,1541
1878,1376
2519,1290
1587,420
1774,1775
1457,1458
1680,1681
2065,1926
1954,1129
1722,218
1542,1404
1970,1500
1695,1474
191,195
2406,2202
2000,1805
1601,34
2115,1571
2333,180
1388,198
2512,1491
1515,1516
1975,1976
2262,117
970,1872
2204,1495
2110,610
2422,1690
1612,580
508,1537
2322,2044
1894,1228
2572,195
2099,2064
2469,1907
1581,1947
1513,222
2500,2006
1539,1120
1556,1557
2208,2130
1529,917
1802,1796
1418,582
2404,580
1903,1663
2388,2250
2268,1775
1742,1743
2524,206
172,149
1990,804
1927,1805
269,2450
1814,742
1943,1697
2325,1688
1645,34
155,635
1572,1573
1998,1522
2334,2274
242,179
42,1812
2000,1709
1817,330
2033,2034
2181,1769
2156,51
1330,2202
1689,1690
2382,917
1729,1031
24,1632
283,288
2247,1376
2256,1422
1783,1784
2113,95
41,1370
118,34
1442,764
2123,179
1418,1419
2180,2150
1957,1638
1993,1238
1463,393
1714,658
768,1334
2587,1653
1848,1849
2232,2233
2103,922
1627,1628
1677,309
481,415
2080,1120
1845,1594
1562,1396
2036,1315
1876,1428
2344,1930
1431,1432
1965,1397
442,2233
1288,185
1916,433
1614,502
2119,1859
737,1784
1776,34
912,2043
2437,220
2495,1205
2347,1516
2012,639
2303,541
2320,399
2540,1580
1051,551
1699,1129
230,1805
932,509
1790,3
2165,2166
2446,45
359,25
1411,828
1544,1369
1852,1394
2489,639
1340,2076
1198,1671
1119,1495
629,2150
2573,1952
1473,1474
1453,273
1865,1508
2049,1502
1602,186
2149,1930
940,1886
2299,1884
801,1493
707,1909
1707,1495
1978,1438
1866,40
2016,1551
2484,1048
2329,2130
2038,1484
2238,1628
1808,1809
1074,790
2460,1661
1828,2351
2260,1692
1822,767
2370,1445
2457,433
1457,1436
2550,1069
2016,2136
1959,1502
975,1683
2095,336
1496,938
1726,1537
2509,2064
2124,1809
837,1942
2580,757
107,1426
678,2151
1773,1679
1464,1465
1781,30
1581,1522
2170,551
2360,115
1637,1638
2536,714
660,645
2299,215
1045,1952
1803,1762
1981,1514
1517,30
1597,1518
2377,69
1961,1784
1430,1219
1622,1623
2584,1467
1124,1933
1554,1555
1826,1827
2395,1315
1985,1571
1492,1493
1716,1717
1649,1
2011,1888
2441,2435
1771,541
1669,502
2108,743
1395,1396
2040,21
501,879
9,1076
1379,1374
1326,417
2498,2094
1605,1606
977,650
1421,1434
2281,1799
1061,521
2420,415
1861,466
603,484
1166,2223
2300,2062
2543,804
129,1661
1453,714
1911,2425
319,509
455,1190
1192,1414
2085,2044
2571,330
1830,1606
2448,1596
1782,19
1450,280
1383,1759
2367,185
966,51
2466,1671
2270,1120
2507,974
1777,1778
1964,250
1801,1334
1836,521
2162,1076
2490,1433
1882,1583
2024,974
1915,1825
140,1945
2018,180
2346,879
1704,518
2454,1827
292,1735
771,185
1880,1190
1559,180
2514,1640
2007,518
2072,2213
1864,1455
1033,28
2593,1458
2186,309
546,1548
238,753
1885,1886
1016,2117
625,277
537,987
1985,1238
2480,1500
2516,1514
1403,1404
2330,1740
1668,563
1953,1775
1719,1493
1901,466
1938,1939
2577,1644
343,1484
1936,1067
2042,2043
2558,731
972,1634
1662,585
1533,1674
1850,34
2599,1886
1449,563
1007,1797
2053,1847
2022,1508
1366,34
621,25
1707,1001
590,1048
607,1551
1694,1098
683,1812
2428,1947
1807,873
1223,843
1207,582
2015,1888
772,1920
1429,1369
2313,1518
2349,472
2315,1596
1471,180
35,2117
1898,1228
194,1098
1577,938
2378,1557
361,30
1850,1681
1883,2062
691,2151
1977,1422
2515,1586
595,1769
2404,2044
2244,1011
1756,1757
2235,1610
1454,1455
1987,1510
2590,2298
2025,34
154,2399
1427,1711
2160,2043
376,2200
358,1757
1906,1945
2238,40
2366,1590
2083,1001
2483,1623
1451,1452
1109,2130
1967,1741
2224,464
275,1657
2307,585
1824,580
2552,1334
2240,1859
683,1561
1021,220
565,1775
1895,422
1958,1069
1439,1640
1611,1419
1501,1502
1389,1497
2050,1567
1833,152
2068,548
801,1630
2090,521
709,652
1600,1458
2088,1514
2054,1369
1292,2564
1660,1690
2355,2026
508,1939
1917,1918
2089,1797
1275,2175
1798,1799
1618,226
2488,1580
2379,2192
1860,202
2554,1
2434,1655
1678,1679
1210,1849
1985,1141
2002,429
2452,1334
858,2425
2177,502
2126,1502
2002,1886
1478,1479
1006,152
1749,968
2547,152
1509,1465
2149,1679
723,12
1313,2026
1744,215
1602,1603
2107,1252
2451,1516
1511,509
2229,403
1485,1486
608,1497
1593,1594
1492,1390
1494,1495
125,307
164,527
2476,1043
2385,927
560,854
2187,218
2562,34
1068,1672
723,828
1443,417
2246,1644
355,1252
2392,917
1437,1438
2443,521
2427,1197
2174,2175
1620,550
1934,1812
2306,2200
1892,1839
578,1460
2532,411
2396,1947
2091,550
1864,814
233,2094
2595,12
1776,1759
1925,1926
1588,551
2574,1825
845,1409
92,1663
368,464
2461,1001
600,1755
604,1576
1914,1438
1379,1500
2010,19
2555,1382
1405,257
444,1871
1870,1871
1626,466
1044,2071
1941,1942
1057,19
407,1644
2288,1747
1910,1428
2008,1043
2280,1859
1780,1697
1881,367
2314,87
2538,1757
1616,1617
736,1455
1904,220
2154,2133
16,416
20,1606
1786,1386
2003,1709
2205,176
2056,1825
2236,220
1751,823
900,14
1592,323
2503,2064
1664,1610
2060,97
2079,338
1879,1390
2203,842
500,1458
2413,224
1986,371
561,1825
1921,17
1723,173
689,1396
2541,1702
2528,351
1512,731
749,1847
2163,1370
1977,1069
2561,1541
733,121
127,1952
1546,19
1730,385
1609,1610
225,8
1860,1497
1538,1455
2551,1580
2057,814
1994,1031
62,1762
1560,1561
2144,166
1360,1397
256,938
2045,2046
971,974
1676,1552
2147,551
232,1390
1059,1433
653,87
2271,69
1660,3
1400,1401
2066,466
401,1956
64,1497
1701,1702
1768,819
2471,2058
2237,1628
1565,338
945,1918
2380,222
2164,1747
2478,1980
1498,75
1855,1856
2087,1433
2019,1896
1698,1440
1960,176
2002,1741
2324,1580
1381,1382
134,1727
1908,1630
2499,2069
2383,2150
1750,6
151,1484
2477,585
1739,1740
297,1141
720,2274
482,385
253,1474
2453,2328
104,1219
483,1484
803,1219
2161,1456
2035,1674
1923,1508
1536,917
1686,1422
2234,1630
2152,273
1955,1956
1720,1514
1807,1935
1525,224
1912,1031
2137,1510
1906,1907
2433,1514
1643,1644
1963,767
1862,1141
1698,10
2520,1219
1487,1488
1808,843
1412,1530
2594,620
2084,1835
419,1551
1257,367
2078,1640
1461,40
1941,323
2582,356
1448,19
1820,1076
2266,152
2249,2250
2120,2076
1800,17
1584,1976
1589,1112
663,1380
144,2250
2588,1692
2041,1190
1529,1530
2345,1767
678,1683
1736,215
2207,1939
1331,1521
1209,1370
1746,1747
2542,10
2369,2188
1381,17
1788,10
2386,1989
2465,1681
1804,28
274,1432
847,1
2299,714
1406,1407
1889,1440
2253,1952
863,385
500,1634
1523,814
2078,1586
581,1516
2263,1608
2416,790
1036,1847
1665,1666
2340,1031
2201,1458
1967,309
2394,100
1373,1374
1724,234
2116,2117
458,1516
1673,1674
2438,121
1712,1713
2304,1394
2403,61
1667,987
1654,1031
1940,873
1564,173
2112,509
2220,371
1779,1428
2325,1683
1841,1011
1582,332
221,23
2093,1640
1645,371
2284,246
2027,258
1574,1407
2393,1606
162,1376
1891,742
2097,1805
1936,1651
666,1555
2371,37
2339,12
2009,647
407,1952
1372,288
1621,1452
92,332
2021,1474
2092,1500
1659,502
2510,1713
1794,1500
1828,1416
709,2130
1566,1640
2143,186
2496,938
122,1713
1770,433
1221,1549
1208,367
1377,742
1505,215
1682,186
2479,1510
694,1458
821,1407
2326,385
24,63
2323,743
2374,1697
1821,1599
2309,472
1134,1440
1684,8
2082,66
1631,1632
1893,585
1899,75
1570,1596
1156,2052
1089,422
1685,974
1137,1384
1429,495
2451,1670
2470,1190
2429,2058
2410,1561
1542,1076
1512,1872
2316,309
1712,1438
1877,93
1832,1747
1424,309
2466,1816
1636,415
1286,1402
1675,6
2368,1141
302,1552
2373,1456
2445,1112
2534,968
2375,173
2535,502
1005,1397
1636,1502
1600,257
477,968
2424,1692
1932,1933
1543,1476
2356,1671
1950,1849
2440,1552
1919,10
2031,1623
1598,1599
2286,206
2273,2274
1937,1011
1829,37
2261,1632
2061,2062
1506,1067
2527,1455
1619,1422
1472,273
1842,509
2331,433
1833,888
1869,1205
1450,1285
1837,1484
2455,1098
2319,927
207,14
29,2343
1117,1767
689,2051
1246,1653
1540,1541
2199,968
2335,1816
2159,2130
2269,1827
389,2363
2557,1839
1973,1974
163,34
1635,466
2219,1812
2295,743
1420,1141
1482,417
1621,1228
2548,2223
5,1315
2297,1674
444,1483
1332,1640
1427,75
667,1819
2297,1969
1478,2044
2485,1827
1748,198
2217,1476
916,2130
1595,1596
1721,1334
634,307
2029,149
1165,1425
343,1504
1499,1483
1204,1238
2059,1757
625,1103
459,234
2530,1491
1403,411
2533,2183
2513,1530
1408,1409
1978,1455
896,1670
787,1120
1415,1416
1325,1290
1185,415
962,167
1868,180
1654,1655
2504,1623
2210,1741
2153,1374
1466,173
2342,186
1505,2133
263,1551
1147,1796
2350,1103
1822,639
2070,1495
1733,1670
2182,1419
1995,1996
943,1594
2267,2192
2449,2069
2354,509
2481,117
2141,472
2252,138
1217,1
2565,2213
1736,1737
1949,1196
1645,828
836,2006
2502,652
2361,188
2218,1666
2464,179
2244,1476
1951,1561
2567,2129
266,393
1940,464
694,1827
2197,922
2152,2188
2216,1740
103,1727
2310,879
694,1495
1725,670
2384,226
350,502
376,66
1900,2192
929,938
717,2167
2248,267
2364,1896
1768,1769
1642,206
2493,1816
567,2189
1578,585
918,429
59,1586
1332,1428
2474,1396
1462,130
2497,580
1817,34
2279,149
2336,670
2586,1432
2576,2192
1789,8
1533,1534
1777,1514
2597,1484
2407,1048
2212,814
1879,1370
2312,416
791,509
2228,1440
2225,1717
1410,1315
2198,2069
2518,610
1420,2190
2338,220
1894,1098
2402,97
2462,1290
2578,1769
1754,148
102,1926
1165,1497
1124,1594
1806,78
1132,1980
2283,403
2473,1947
2038,2039
1175,336
2275,1674
101,173
1792,338
1924,1197
1635,1823
2408,2409
1507,1907
2242,635
1595,1974
2560,1590
1466,1467
2569,2076
997,1551
1779,854
1783,1458
2365,838
2463,1447
488,1141
1843,1561
2358,1290
1687,1688
1968,1969
1818,1819
2401,2391
1324,1521
1861,1015
852,1872
