1430,1219
1786,1402
2584,1467
1110,1681
2311,56
796,8
1124,1933
1554,1555
1826,1827
1753,1692
1696,1697
1985,1571
568,2109
1492,1493
1716,1717
1649,1
2352,1697
2505,761
1469,582
2294,1069
637,873
2441,2435
2157,58
1771,541
1503,1112
1928,1853
1669,502
2108,743
2040,21
501,879
9,1076
1473,429
1379,1374
2412,484
365,1747
1413,764
2498,2094
2405,8
1350,1390
2047,1628
1605,1606
977,650
2415,1493
1421,1434
2185,1610
2048,1502
572,1516
1061,521
668,1522
2184,1219
2245,806
2420,415
1861,466
2251,3
1489,1407
2260,2151
603,484
2300,2062
2543,804
129,1661
1391,1392
1922,580
1453,714
1821,1500
319,509
455,1190
2061,1456
1192,1414
2459,1474
2085,2044
1978,149
2230,226
1830,1606
2448,1596
1782,19
1450,280
1962,1076
2367,185
966,51
2466,1671
940,399
2270,1120
1105,1
2546,1956
1887,1888
1777,1778
2111,2034
1940,2069
1964,250
1846,1690
1801,1334
2302,541
1982,330
826,267
353,93
2579,1857
1836,521
2490,1433
1882,1583
2024,974
1915,1825
2146,1107
2001,1610
1624,1573
2018,180
2346,879
1513,1514
1704,518
1971,1972
2055,1474
2454,1827
2282,1576
771,185
2105,1521
1880,1190
1559,180
2171,17
1902,309
1313,1980
1873,1197
2514,1640
1398,1399
1699,652
1273,1617
2072,2213
1439,1440
1864,1455
2308,1980
1033,28
2318,166
1614,731
2593,1458
1022,10
546,1548
1398,1920
238,753
2559,1853
1885,1886
1016,2117
1843,1755
1254,1219
1732,1709
537,987
2139,254
458,1853
1874,1076
1985,1238
2480,1500
2516,1514
2222,1370
2522,2183
1389,714
2330,1740
2376,1935
892,1555
2293,186
496,650
1668,563
2114,1769
227,1835
1953,1775
1719,1493
1938,1939
2577,1644
343,1484
1470,1252
1349,1608
1393,1394
1936,1067
2178,403
2359,336
2332,1500
1738,495
1691,1692
2558,731
1367,819
972,1634
877,420
1662,585
1533,1674
2169,2233
1772,1394
2599,1886
1650,1651
616,658
2243,429
287,1647
2013,1376
920,226
1449,563
1007,1797
2053,1847
2231,548
1366,34
678,1510
621,25
1707,1001
590,1048
1694,1098
683,1812
2428,1947
1807,873
2566,1531
1207,582
2015,1888
2227,1493
772,1920
1387,336
1429,1369
2349,472
2315,1596
1862,148
964,917
1471,180
1615,307
1507,1508
35,2117
2581,220
194,1098
1577,938
2378,1557
361,30
1815,1816
1705,1228
1641,206
1883,2062
2005,2006
691,2151
1444,429
1793,2117
2357,30
1977,1422
1034,250
2067,1522
2404,2044
1997,258
2515,1586
2244,1011
1756,1757
1898,179
2235,1610
1987,1510
2590,2298
2137,1886
2025,34
2291,1476
2254,173
154,2399
2160,2043
376,2200
1188,66
2169,17
358,1757
1906,1945
2104,367
2366,1590
1892,215
2083,1001
2483,1623
637,1711
1451,1452
1545,1530
1967,1741
2224,464
2111,2151
1589,1590
1699,1856
1854,254
2397,974
1475,1476
1867,113
1948,1404
576,12
1625,1197
275,1657
2193,2435
2307,585
2552,1334
2240,1859
683,1561
1021,220
1895,422
1958,1069
1791,1374
2553,1974
453,1386
1439,1640
1611,1419
2050,1567
1389,1497
1988,1989
2486,1907
476,1486
1619,867
1833,152
2068,548
2090,521
1562,1563
709,652
1600,1458
1198,1741
2088,1514
2032,1697
2226,743
1264,2166
1292,2564
1660,1690
2355,2026
2296,927
508,1939
785,224
972,1561
181,1918
1570,1571
2089,1797
1275,2175
1079,1447
1798,1799
1618,226
1983,1933
2265,2006
2379,2192
1860,202
2554,1
1415,411
443,1433
2434,1655
2196,403
1210,1849
1985,1141
2002,429
1883,250
2452,1334
978,1479
1720,2134
2305,1376
1814,1610
571,867
2472,922
2177,502
2126,1502
1613,1571
2138,509
1706,1740
1770,417
2002,1886
427,2028
1820,1617
1478,1479
1480,927
1749,968
2547,152
1509,1465
2149,1679
1313,2026
388,1076
2521,753
625,1024
1744,215
2030,1530
1602,1603
2107,1252
1708,650
1511,509
1893,93
2229,403
293,2564
1485,1486
876,1402
608,1497
2072,1561
2264,257
2159,1541
1492,1390
1597,731
2122,1474
2290,32
1494,1495
125,307
164,527
2385,927
560,854
2187,218
864,1456
2258,2259
2179,1491
2544,1679
1710,974
2562,34
723,828
238,1630
989,254
1443,417
2132,222
2246,1644
2381,415
355,1252
1275,1763
2278,1285
1437,1438
2443,521
54,1989
2427,1197
956,1743
2174,2175
1934,1812
2306,2200
1579,1580
437,1112
1789,2034
1527,714
1892,1839
578,1460
2492,14
2396,1947
2589,45
2221,19
2091,550
1864,814
233,2094
2364,1374
1776,1759
1925,1926
1734,417
355,1717
1588,551
2035,1561
2574,1825
1703,1392
1951,1952
1787,1219
92,1663
368,464
1745,1606
2106,1396
2461,1001
1731,1098
600,1755
1718,393
1914,1438
1379,1500
1992,371
2444,1809
2010,19
1863,1755
16,1576
1412,731
2555,1382
1929,1930
444,1871
1070,58
1870,1871
942,1378
1481,153
1626,466
1633,1634
1044,2071
2458,2094
1946,1947
155,12
2598,30
2523,753
1057,19
18,179
407,1644
2288,1747
2531,1681
1111,1907
2280,1859
1910,1428
2400,1491
1780,1697
1646,1647
248,1069
1881,367
2101,1702
2314,87
1616,1617
2426,206
1591,1567
736,1455
1708,1709
2101,502
1904,220
1235,495
2154,2133
20,1606
1786,1386
2003,1709
2205,176
535,1561
1865,1013
2236,220
1751,823
900,14
1063,185
1592,323
1664,1610
1715,224
1520,1521
2060,97
2079,338
1879,1390
325,1402
2525,78
500,1458
2413,224
2372,1290
2173,1596
1986,371
2545,1630
2324,1918
689,1396
1723,173
2541,1702
561,1825
1498,753
2528,351
1706,1015
1263,307
749,1847
2163,1370
1700,1583
1977,1069
2561,1541
2257,246
127,1952
2158,541
1908,1456
2086,100
62,66
600,1445
1546,19
2135,1847
1730,385
1095,1799
1609,1610
1860,1497
1538,1455
2551,1580
1446,1447
2431,1640
2057,814
62,1762
2214,2175
1560,1561
2144,166
672,208
1360,1397
1468,1031
2045,2046
2289,2026
2140,650
1066,115
751,1547
1645,1596
1490,1491
971,974
1676,1552
2147,551
1372,1638
1059,1433
653,87
2239,1447
2271,69
1330,1531
1660,3
1873,1407
876,69
132,2233
2066,466
1575,1576
2193,2062
401,1956
943,652
64,1497
1701,1702
423,280
2511,1823
1994,1679
1114,1576
2471,2058
2237,1628
1565,338
964,1522
945,1918
1284,1518
1550,742
1902,1103
999,1552
2164,1747
2100,72
1795,1796
2013,1989
2020,1386
2478,1980
1528,1479
1498,75
2475,731
2596,1407
1855,1856
1038,1563
2019,1896
1851,551
1698,1440
2211,1747
1966,1518
1960,176
2276,2046
2002,1741
434,1219
1381,1382
2539,1672
134,1727
1908,1630
2499,2069
1070,1996
1750,6
151,1484
2477,585
2003,2004
1739,1740
1421,1422
720,2274
482,385
1569,19
253,1474
2121,1228
2453,2328
2194,1825
483,1484
1029,2213
803,1219
401,2183
2387,167
1725,257
2145,806
1524,179
2494,1107
2161,1456
2035,1674
1752,1717
1648,167
1536,917
534,1197
1984,1043
1686,1422
1077,1374
2234,1630
2152,273
1720,1514
1807,1935
1525,224
1912,1031
1906,1907
2010,1386
2433,1514
963,647
1643,1644
2439,1920
1963,767
504,176
2353,1067
1698,10
2520,1219
2073,1856
499,1942
1487,1488
1808,843
2594,620
73,415
354,1563
1897,761
2084,1835
2025,806
419,1551
2575,2071
1257,367
1461,40
354,1857
1941,323
2582,356
169,1488
1448,19
2098,1500
547,647
982,1409
1728,1015
308,1392
2266,152
2155,1989
2249,2250
2120,2076
1800,17
1477,1409
2118,1425
1589,1112
1282,218
663,1380
2436,585
144,2250
2588,1692
778,1228
1529,1530
2378,1839
2102,1737
2345,1767
678,1683
1834,1835
1558,1549
2191,1634
1736,215
1331,1521
2187,1692
2401,731
1209,1370
949,2058
1746,1747
1375,1376
2542,10
2442,2183
1381,17
1788,10
2386,1989
2465,1681
1639,100
1656,1657
2591,1015
655,1551
1565,1809
274,1432
1423,95
847,1
2037,356
2299,714
1584,309
1406,1407
2411,1644
2253,1952
863,385
500,1634
1523,814
2447,2076
1597,1666
1298,563
1607,1608
2482,1376
1118,1428
581,1516
773,2151
2263,1608
995,415
2416,790
355,1670
1036,1847
2340,1031
866,2044
2201,1458
1967,309
1004,1484
2240,938
2394,100
2407,843
709,1825
1883,1884
2414,828
1509,1510
1724,234
2116,2117
2570,2189
458,1516
2335,17
1673,1674
2487,250
532,968
2537,1479
1712,1713
1332,1549
2304,1394
2017,1404
1171,502
2403,61
947,1386
1667,987
2277,484
1940,873
1564,173
2112,509
2015,10
1183,1583
2220,371
1435,1436
2255,2064
2325,1683
1841,1011
1582,332
221,23
1645,371
1818,464
2284,246
2027,258
1785,1011
1574,1407
276,509
162,1376
2241,1234
1954,332
302,1397
1891,742
2501,97
2097,1805
1936,1651
1249,148
2371,37
2339,12
1054,757
1694,1653
2011,1401
377,403
1349,2328
2009,647
407,1952
1621,1452
92,332
2337,1438
2021,1474
2269,2064
2092,1500
1745,1743
2510,1713
1765,37
1794,1500
1828,1416
709,2130
2143,186
2496,938
122,1713
2568,188
2077,1711
1383,1384
2317,1015
305,518
1770,433
1208,367
2258,1767
1377,742
2172,97
1461,742
2468,1378
2341,764
2291,1396
2423,1907
1505,215
2178,1502
1682,186
860,1743
694,1458
821,1407
2326,385
24,63
574,1972
2374,1697
1821,1599
2309,472
174,2298
1566,1567
2413,647
1134,1440
2082,66
1631,1632
2549,1458
1893,585
1899,75
1175,1547
1156,2052
1089,422
2292,14
2529,417
1472,828
1685,974
1137,1384
2451,1670
1025,23
2470,1190
285,585
2429,2058
2410,1561
501,1425
1512,1872
2316,309
755,2109
1712,1438
1877,93
1424,309
2491,75
1710,1013
2466,1816
1636,415
1286,1402
780,2351
2432,411
2368,1141
302,1552
2373,1456
2445,1112
2456,273
2375,173
2023,1816
1979,670
2127,1491
2535,502
1005,1397
1636,1502
477,968
2424,1692
1652,1653
1932,1933
1543,1476
302,366
16,1433
1950,1849
2440,1552
2563,1594
1919,10
1840,550
2327,1759
2031,1623
2142,1762
1764,1644
2286,206
2506,2435
1761,1762
2273,2274
1937,1011
755,1500
1766,1767
1829,37
2061,2062
1506,1067
2527,1455
1619,1422
1842,509
2331,433
1833,888
1878,1376
1869,1205
1837,1484
2519,1290
2455,1098
1587,420
2319,927
1774,1775
207,14
1680,1681
1117,1767
2065,1926
1954,1129
1722,218
689,2051
1970,1500
1695,1474
191,195
2406,2202
1601,34
2115,1571
1246,1653
1540,1541
2333,180
1388,198
2335,1816
2159,2130
2269,1827
389,2363
1515,1516
1975,1976
2262,117
1973,1974
970,1872
2110,610
2422,1690
1612,580
508,1537
1894,1228
2572,195
163,34
2099,2064
2469,1907
1635,466
1513,222
2500,2006
2219,1812
1420,1141
1539,1120
1556,1557
1482,417
1529,917
1621,1228
2548,2223
2297,1674
1802,1796
444,1483
1418,582
2404,580
2388,2250
2268,1775
1742,1743
2524,206
1332,1640
1427,75
1990,804
2297,1969
1478,2044
1927,1805
2485,1827
269,2450
1748,198
1814,742
916,2130
1595,1596
1721,1334
2325,1688
634,307
1645,34
155,635
1572,1573
2334,2274
1165,1425
242,179
343,1504
42,1812
1499,1483
2000,1709
2033,2034
2181,1769
1204,1238
2156,51
1330,2202
2382,917
1729,1031
24,1632
625,1103
283,288
459,234
2530,1491
1403,411
2513,1530
2256,1422
1783,1784
2113,95
1408,1409
1978,1455
41,1370
1442,764
896,1670
1415,1416
1325,1290
2123,179
1185,415
962,167
1654,1655
1418,1419
2504,1623
2180,2150
1993,1238
1463,393
2210,1741
2153,1374
1714,658
2342,186
1505,2133
768,1334
263,1551
1848,1849
2232,2233
1822,639
1147,1796
2103,922
1627,1628
481,415
2080,1120
2070,1495
1845,1594
1562,1396
1733,1670
2182,1419
1876,1428
2344,1930
1431,1432
1965,1397
943,1594
1288,185
1916,433
2267,2192
2449,2069
2354,509
2141,472
2252,138
1217,1
1614,502
2119,1859
2565,2213
1776,34
1949,1196
912,2043
1645,828
836,2006
2502,652
2437,220
2495,1205
2218,1666
2012,639
2303,541
2464,179
2244,1476
2320,399
1951,1561
266,393
1940,464
694,1827
2197,922
2216,1740
2540,1580
1699,1129
103,1727
230,1805
2310,879
932,509
694,1495
1790,3
2384,226
2446,45
359,25
350,502
1411,828
376,66
1900,2192
1544,1369
717,2167
2489,639
2248,267
1340,2076
1198,1671
2364,1896
1768,1769
1119,1495
2493,1816
567,2189
2573,1952
1578,585
1473,1474
918,429
1332,1428
1453,273
2474,1396
1865,1508
1602,186
1462,130
2149,1930
2497,580
940,1886
2299,1884
2279,149
707,1909
1707,1495
1978,1438
2336,670
2586,1432
1866,40
2576,2192
2484,1048
1533,1534
2329,2130
1777,1514
2038,1484
2597,1484
2407,1048
2238,1628
1879,1370
1074,790
2460,1661
1828,2351
2312,416
791,509
2228,1440
2260,1692
1410,1315
2370,1445
2198,2069
2518,610
2457,433
1457,1436
1420,2190
2550,1069
1894,1098
2402,97
1959,1502
2462,1290
2578,1769
975,1683
2095,336
1496,938
102,1926
1165,1497
2509,2064
1124,1594
2124,1809
1806,78
837,1942
2283,403
2473,1947
2038,2039
1175,336
2580,757
101,173
1792,338
1924,1197
1635,1823
1507,1907
2242,635
1595,1974
2560,1590
678,2151
1773,1679
2569,2076
1464,1465
1781,30
997,1551
1779,854
2170,551
1783,1458
2360,115
2463,1447
1637,1638
488,1141
2536,714
1843,1561
2358,1290
1968,1969
2299,215
1818,1819
1045,1952
2401,2391
1803,1762
1981,1514
1324,1521
1597,1518
2377,69
1961,1784
852,1872
