200,201
20,25
310,311
254,256
54,55
156,157
412,413
356,357
92,93
458,459
637,638
445,446
348,349
40,41
72,73
100,101
456,457
222,223
546,547
402,403
290,291
622,623
494,495
530,531
274,275
127,128
639,640
383,384
336,337
160,161
369,370
352,353
433,434
80,81
294,296
84,85
44,45
204,205
300,301
460,461
76,77
308,309
332,333
564,565
212,213
604,457
360,362
283,284
35,36
27,28
419,420
530,532
539,540
667,668
297,77
579,118
243,221
252,253
549,550
541,542
556,557
29,30
14,24
285,286
425,426
617,618
526,527
626,627
480,483
371,372
183,184
115,116
619,620
235,236
363,364
439,440
33,34
0,1
499,500
17,18
496,497
365,366
232,161
437,438
429,430
523,223
109,110
519,520
387,388
643,644
176,178
95,97
131,132
150,151
406,407
106,107
490,491
325,326
259,260
378,342
464,370
167,169
449,450
577,578
58,59
92,94
314,315
198,199
276,277
454,455
524,525
20,21
268,269
106,108
320,321
367,368
615,616
336,338
111,112
145,147
170,171
561,39
14,19
329,330
324,45
190,191
306,307
322,323
462,463
188,189
562,563
66,67
395,396
339,340
471,472
535,536
595,596
659,660
651,652
90,91
218,219
341,342
469,470
597,598
589,590
216,217
401,215
571,572
379,380
42,43
74,75
298,299
214,215
220,221
292,293
509,510
586,587
228,229
476,477
14,26
210,211
475,260
174,175
548,185
226,227
82,83
558,559
566,567
511,512
95,96
607,608
487,489
288,289
544,545
480,481
528,529
241,242
224,225
588,251
102,103
123,124
632,633
376,377
167,168
551,552
431,432
423,424
11,13
20,22
233,234
553,554
2,3
254,255
435,436
503,504
119,120
427,428
417,418
145,146
179,180
561,38
14,16
237,238
501,502
653,658
86,87
657,118
399,400
143,144
451,452
591,592
655,656
647,648
135,136
391,392
630,631
374,375
266,267
246,247
389,390
5,6
133,134
360,361
104,105
498,338
415,416
447,448
575,576
31,32
257,258
513,514
129,130
186,187
70,71
582,583
404,405
148,149
628,629
285,287
37,39
302,303
56,57
473,474
312,313
345,346
453,258
480,482
239,240
183,185
371,373
505,138
487,488
619,621
68,69
196,197
485,486
316,317
580,581
632,634
331,118
613,614
9,10
521,522
137,138
609,610
194,195
334,335
393,394
62,63
318,319
78,79
343,344
467,468
599,600
46,47
176,177
64,65
20,23
192,193
560,49
230,231
48,49
154,155
533,534
141,142
653,654
397,398
358,359
164,41
661,662
121,122
408,409
152,153
88,89
555,185
507,508
