52,953
399,951
558,837
20,899
451,704
537,881
406,847
202,946
406,915
52,829
415,822
487,816
410,836
443,798
78,911
454,791
451,455
152,843
439,772
487,835
82,815
487,795
20,895
494,403
285,864
480,780
279,884
14,806
451,735
206,826
408,824
561,684
17,23
630,892
216,875
312,896
259,708
655,945
14,895
655,724
622,947
635,908
318,424
354,426
558,742
2,906
202,942
451,934
415,692
111,741
183,696
17,817
325,776
17,670
358,831
20,832
306,743
453,718
524,900
358,855
210,828
14,21
56,55
274,680
415,702
496,851
202,790
50,778
17,882
17,709
541,796
174,810
358,723
248,680
612,746
454,765
202,909
95,814
415,933
655,671
443,775
371,802
443,714
548,569
568,696
568,184
248,716
78,803
555,696
95,94
641,103
558,674
186,844
285,698
119,122
20,26
250,737
383,73
111,738
414,820
523,930
410,854
42,717
630,880
498,858
111,939
577,732
202,890
156,876
14,712
635,739
410,879
441,714
95,93
46,746
476,842
503,936
358,799
156,328
537,903
339,527
410,706
487,805
52,819
453,763
352,777
334,861
358,750
92,787
261,703
274,716
537,785
584,695
50,719
14,709
279,924
609,794
257,718
50,730
325,883
558,774
487,726
20,15
336,497
635,759
194,861
358,740
487,878
655,729
98,767
537,850
537,760
272,931
325,889
410,869
145,885
473,833
526,757
183,570
454,827
383,128
537,873
17,15
586,901
312,904
584,728
503,755
397,804
17,832
365,368
573,715
548,570
92,756
186,231
584,838
228,863
50,725
410,941
312,874
499,830
406,862
415,807
537,868
410,922
524,813
451,727
408,891
379,857
325,690
367,682
285,929
371,866
78,748
425,907
14,832
635,753
95,825
92,96
579,841
414,793
327,157
111,912
358,888
111,777
414,722
451,765
119,923
190,602
64,405
630,781
476,944
7,812
615,870
454,771
358,948
202,949
92,814
50,754
14,846
558,916
630,675
52,749
20,921
635,859
451,694
635,910
17,683
17,766
78,935
487,845
341,713
454,699
487,811
322,782
365,682
584,687
561,751
537,860
503,894
160,757
408,914
50,697
443,856
312,710
254,937
52,797
210,720
406,809
371,792
537,768
154,676
414,688
655,701
325,673
37,919
20,817
615,823
562,672
202,872
443,442
406,920
310,155
202,902
285,789
558,685
524,952
46,897
202,917
336,858
445,856
50,722
635,747
630,769
78,700
46,721
655,758
78,927
410,852
635,955
406,918
441,786
14,689
649,744
475,731
537,940
292,762
50,688
14,954
202,821
320,677
395,693
334,195
20,783
622,887
50,820
