20,25
310,311
254,256
54,55
156,157
412,413
356,357
92,93
458,459
637,638
445,446
125,126
40,41
72,73
584,585
222,223
546,547
402,403
290,291
622,623
494,495
350,351
478,479
127,128
639,640
383,384
2,4
336,337
160,161
369,370
352,353
113,114
250,251
84,85
44,45
204,205
300,301
460,461
76,77
308,309
332,333
564,565
212,213
281,282
248,249
537,538
283,284
35,36
27,28
419,420
530,532
539,540
667,668
297,77
243,221
252,253
549,550
541,542
37,38
14,24
568,570
425,426
526,527
270,271
14,15
480,483
506,45
371,372
183,184
115,116
619,620
235,236
363,364
439,440
33,34
0,1
365,366
232,161
437,438
429,430
523,223
181,182
278,219
117,118
593,594
548,184
519,520
387,388
643,644
176,178
95,97
7,8
150,151
406,407
325,326
381,382
264,265
414,51
555,184
464,370
98,99
167,169
449,450
577,578
58,59
92,94
314,315
198,199
276,277
454,455
524,525
244,245
492,493
106,108
465,466
172,173
367,368
615,616
336,338
603,189
145,147
561,39
14,19
190,191
306,307
322,323
462,463
50,51
206,207
395,396
339,340
471,472
535,536
595,596
659,660
651,652
139,140
90,91
279,280
294,295
341,342
469,470
261,263
401,215
480,484
571,572
379,380
443,444
42,43
74,75
298,299
214,215
220,221
292,293
509,510
586,587
573,574
14,26
210,211
475,260
174,175
548,185
226,227
82,83
558,559
354,355
511,512
95,96
487,489
288,289
544,545
480,481
528,529
241,242
208,209
272,273
632,633
376,377
665,666
167,168
551,552
609,611
20,22
421,422
165,166
158,159
233,234
553,554
304,305
2,3
254,255
605,606
435,436
503,504
119,120
427,428
417,418
145,146
624,625
14,16
237,238
501,502
612,47
653,658
86,87
515,516
663,664
399,400
143,144
451,452
591,592
655,656
647,648
135,136
327,328
630,631
374,375
266,267
202,203
389,390
517,518
261,262
645,646
360,361
104,105
498,338
52,53
415,416
447,448
575,576
257,258
513,514
641,642
385,386
186,187
70,71
582,583
404,405
148,149
285,287
37,39
541,543
11,12
56,57
473,474
601,602
568,569
453,258
480,482
239,240
183,185
371,373
505,138
347,251
68,69
196,197
485,486
316,317
580,581
632,634
331,118
613,614
9,10
521,522
137,138
609,610
194,195
334,335
162,163
649,650
343,344
467,468
599,600
60,61
176,177
64,65
20,23
192,193
560,49
230,231
48,49
154,155
533,534
141,142
653,654
397,398
410,411
635,636
121,122
408,409
152,153
88,89
441,442
555,185
507,508
