52,953
399,951
406,847
526,161
454,791
443,798
451,455
487,835
537,926
82,815
480,780
14,806
206,826
102,834
561,684
630,892
635,908
318,424
546,801
2,906
354,426
415,692
183,696
558,761
20,832
306,743
274,680
358,723
274,249
415,933
655,671
248,716
186,844
109,801
250,737
383,73
42,717
111,939
278,681
577,732
202,890
156,876
410,879
414,736
358,799
503,936
339,527
487,805
235,686
352,777
274,716
50,719
279,924
655,871
487,878
655,729
537,760
383,128
630,734
586,901
397,804
17,832
410,941
312,808
537,868
451,727
78,748
579,841
630,678
451,765
95,825
414,793
414,722
202,886
476,944
615,870
202,949
14,846
259,731
52,749
20,921
451,694
635,910
556,344
454,699
365,682
584,687
561,751
414,725
537,768
406,809
20,817
443,442
591,269
406,920
202,902
285,789
558,685
20,928
635,747
445,856
50,722
630,769
17,689
14,689
46,721
292,762
406,915
76,938
487,795
279,884
17,23
312,896
358,707
202,942
111,741
210,828
56,55
635,770
50,778
17,882
17,709
248,680
655,788
568,184
548,569
555,696
285,698
325,893
111,738
523,930
630,880
46,746
454,679
52,819
334,861
261,703
584,695
14,932
257,718
336,497
635,759
537,850
20,766
145,885
473,833
526,757
183,570
376,853
584,728
365,368
228,863
312,874
441,798
415,807
410,922
524,813
408,891
445,714
367,682
14,832
92,96
64,405
139,380
558,916
630,675
635,859
17,766
575,514
537,860
503,894
443,856
312,710
316,745
655,701
154,676
615,823
202,872
160,527
78,700
655,758
441,786
537,940
635,752
537,881
558,837
20,899
451,704
285,905
52,829
410,836
152,843
439,772
14,766
285,864
259,708
14,895
622,947
454,694
358,831
453,718
14,21
496,851
555,569
454,765
202,909
443,714
568,696
655,839
119,122
78,803
95,94
558,674
343,877
20,26
410,854
498,858
14,712
507,867
441,714
156,328
537,903
453,763
573,913
609,794
50,730
487,726
20,15
655,784
358,740
98,767
325,889
410,869
423,319
454,827
186,231
50,725
406,862
415,865
379,857
285,929
425,907
111,777
632,705
119,923
327,157
111,912
7,812
406,773
92,814
50,754
17,683
78,935
635,711
341,713
160,757
50,697
254,937
17,898
325,673
37,919
562,672
310,155
331,841
524,952
46,897
202,917
336,858
54,57
475,731
410,852
649,744
50,688
102,642
320,677
14,954
334,195
622,887
609,943
202,946
415,822
487,816
78,911
111,848
494,403
20,895
451,735
408,824
358,950
216,875
655,945
655,724
558,742
414,764
451,934
17,817
325,776
17,670
573,779
524,900
358,855
415,702
202,790
152,800
612,746
541,796
174,810
95,814
414,733
443,775
371,802
641,103
414,820
401,85
635,739
95,93
476,842
410,706
17,22
92,787
358,750
537,785
14,709
445,798
558,774
325,883
194,861
272,931
451,849
537,873
17,15
312,904
573,715
568,185
548,570
92,756
584,838
499,830
408,840
325,690
371,866
635,753
358,888
268,925
190,602
630,781
454,771
358,948
218,818
487,845
487,811
322,782
408,914
647,717
371,792
210,720
52,797
414,688
630,669
503,755
78,927
635,955
406,918
441,775
202,821
395,693
20,783
50,820
117,691
