430,60
4012,1748
997,4613
3696,3881
1296,4830
4533,4673
4320,5016
3761,4766
3164,3
3618,4778
4637,4790
682,4728
972,4754
434,4785
3201,15
2498,2764
666,4747
1246,4955
4610,48
4488,4248
2606,4735
844,4654
4340,1731
3806,2856
4344,5069
4019,4941
3322,4903
5013,38
2254,4739
4138,1846
159,53
1423,132
2298,4882
3965,49
2155,4743
3553,4920
2178,4668
4480,51
1178,4790
166,4832
484,3886
1532,4674
3527,4990
3357,4752
3789,4962
4332,4737
3294,4654
3847,4908
4183,54
3208,4917
695,4962
1058,1847
1066,1816
3784,4265
756,4988
601,2862
3066,4676
2673,1817
3499,4819
4474,4884
4030,1838
2520,2844
2029,4761
2311,5004
2476,2809
1192,4990
618,1742
1966,4911
3321,1847
1966,2833
336,5
1023,4786
760,4954
1555,4750
1949,2838
1425,4693
2338,4675
1364,6
2916,2774
1398,1862
2332,283
1350,49
1586,4693
2156,3913
2987,4857
4192,61
2614,4727
4340,4693
3427,4832
2731,4860
2555,51
1333,8
4835,8
3292,3924
2283,4782
1523,2848
96,9
4626,21
3010,5
2619,5064
5038,5064
1521,2799
4274,2809
4959,4723
4246,5070
2541,4731
914,4816
4839,4772
4060,4877
1224,4986
1191,4820
164,4668
1610,2800
3177,1737
2649,2764
2246,5077
2881,50
1245,4769
3114,4889
702,1834
1191,4773
195,2790
4802,4793
4950,4747
1480,38
3605,4818
2338,1841
3657,64
2339,4908
3649,4953
3205,2790
2626,4885
2172,1788
1017,1843
3007,4634
2513,2776
4058,2814
4579,9
1346,2860
208,2810
3812,4792
4394,4695
1516,4849
936,2811
3009,2803
841,3878
1370,4267
768,4681
2598,2671
393,2848
1176,61
2852,4883
2012,4765
4538,4832
1499,4978
864,4998
1898,4917
1025,3880
1154,1740
4705,4768
1291,2809
2145,2846
886,1855
3423,2790
1198,4848
701,4904
296,4951
2802,66
3962,64
1200,2851
1287,2829
3085,5
1461,4771
3282,4880
1074,48
2318,1850
567,2799
4624,4986
139,53
3586,4751
4194,5
1993,4966
2381,1856
3167,4961
2665,3879
2587,1725
4121,4849
3138,5074
1776,1833
4373,1725
2115,4683
1881,4940
82,4775
2039,2810
5053,4803
3516,3879
970,4861
2266,2829
1538,133
1040,2764
3934,2822
2595,4889
1245,4787
2239,1860
24,113
2140,4848
3119,4789
307,2862
2923,1725
5067,2848
1183,2779
334,4929
1537,2821
3781,64
3070,4862
1750,3883
3218,1896
664,1
123,4873
839,4695
1790,56
4133,1731
4636,1860
3513,2820
427,4613
1395,16
1406,5065
4536,4635
2763,4771
3371,4896
2380,5074
2092,4932
544,2858
634,2826
191,2787
4188,5063
3162,3884
4011,4816
3082,4936
1891,2808
2271,3883
382,4911
1042,1740
1533,1725
4373,124
945,2814
1770,2860
2188,4883
2597,4819
649,2858
1974,4819
3491,4766
250,4958
908,4696
3353,4769
4154,1841
141,4829
765,2862
2836,1838
2204,2820
2579,4265
3974,4968
3513,4907
3367,1851
1004,3879
3819,4732
1947,5075
3240,2814
3222,1732
3313,5016
3051,4737
2204,1837
22,1788
3268,2818
3151,1837
1609,2767
230,4747
3168,5070
334,2803
1928,2848
3986,1742
1801,4951
2473,4253
1459,4266
3856,2860
720,2796
4558,4753
1997,2829
538,4890
5044,4674
417,16
970,6
2139,4912
3217,1845
2139,3877
2411,56
4854,2795
168,4955
1822,4761
2871,1848
2516,4686
2409,4748
1530,2671
3864,4926
2466,4829
684,1857
4031,4786
382,5070
1767,4955
4984,1840
3626,2796
3730,4772
1918,2824
1149,2773
5013,4900
3531,4692
3960,4674
947,4963
5027,48
209,3912
3990,4790
1706,4935
2708,4770
643,4916
2663,4883
4112,4885
3144,2823
1452,2864
3386,4935
945,4909
1380,63
2071,3885
2429,5018
2468,4894
1780,5019
533,4723
4068,2848
865,5077
2093,4930
4318,15
98,4690
3198,285
1705,4668
4595,4760
2597,1844
3183,285
5041,4889
4457,4932
1697,4903
4371,4907
4322,4861
4574,4634
4485,4784
2125,4696
1633,45
888,4880
944,4727
3183,4906
3327,3505
4495,4746
5012,4746
4113,1731
4192,4901
3822,47
3834,4900
1901,62
715,4911
4840,4678
771,4689
2894,3924
4134,2789
1115,2845
4651,4785
2364,113
4874,2826
4177,4906
2525,4820
559,62
4106,4909
523,2848
3379,2809
282,4862
4617,4978
893,4782
3797,4876
537,2856
1897,1734
1974,62
4699,4887
3968,4635
1256,4675
1607,4896
3362,5020
4700,4734
4084,4674
2122,2767
2324,4253
1272,4803
1949,4749
1353,3505
2014,16
573,2788
653,4799
1152,4680
985,4905
773,8
1154,4964
104,4752
3778,4720
2314,4688
4614,1729
3989,4770
4469,1896
2606,70
1264,4731
622,4751
3946,4788
2489,4916
2255,5001
196,116
701,4815
4021,2808
2935,2809
3646,4908
1938,4877
110,2858
1337,3877
1938,1816
1466,2845
2515,4773
867,4872
4023,2837
4324,1849
1156,4917
1545,4946
3284,4911
1521,4634
2089,4774
4950,4672
547,3886
1764,4929
39,4788
3706,4848
2445,2764
27,9
3013,4938
4008,4994
4317,2812
4863,2825
99,4249
1747,2823
1034,2790
3326,34
946,1860
214,2832
5022,4918
4121,3884
1997,2865
4833,3880
922,4779
3276,2795
3768,117
4899,1851
1518,4886
724,13
3584,4891
4473,4912
187,4763
3180,4782
3425,1850
1438,4905
2219,3
4984,4953
962,131
1323,4654
4424,4890
1760,4668
2074,15
3520,4788
1490,4878
4421,4818
886,4751
4221,2860
2514,2845
3947,2837
4893,5070
1792,62
872,1851
1151,21
1158,4879
840,2865
141,1728
2072,4993
2913,117
415,4819
1908,4994
1963,4860
3413,4797
3267,4885
3342,4731
107,2845
4016,1729
615,4720
5013,4747
4481,4736
2978,1850
112,4742
1526,4729
839,15
954,61
2943,4910
2362,2851
820,4993
1852,4680
2692,2809
4481,3878
4278,2856
2692,21
3937,4800
651,4761
4496,4792
2942,4856
2877,2779
4851,1737
2062,1727
2046,2851
1217,4749
3715,4906
3952,4936
2061,4762
4021,2845
4713,284
4388,5069
1713,66
736,4831
3375,4654
3804,4940
1452,4905
2966,318
4208,4944
2269,4936
1891,4906
4425,1827
3079,1842
4528,4764
1897,4791
1050,318
1485,2867
4302,4905
3626,131
3782,4782
4165,4926
2156,2831
962,4860
2072,2822
3341,68
3887,4736
1990,21
5046,69
4235,4992
4531,2764
2280,4882
4351,4953
2599,4680
674,4849
626,3882
2085,4926
1467,4887
1655,4926
4326,5074
1565,4690
1536,1
3782,4680
4143,1726
5068,4998
174,5016
1944,4728
2877,4738
128,4965
1484,4958
4703,2816
37,3
3972,4938
778,145
3483,4654
2892,3885
4843,4860
2389,3880
423,4857
4344,2658
2435,3878
3580,1728
1597,4878
893,2809
5008,47
2572,4264
2924,2658
1277,4828
2886,4905
4131,2787
4922,4769
2047,4786
775,2831
3014,53
183,4770
1091,4831
1752,4739
4114,2781
1671,63
900,2840
3454,2867
3569,4986
4433,4850
2407,84
1143,4883
4601,4830
4422,2855
652,4909
525,4751
498,2779
441,1818
3302,4884
2121,2768
3059,4962
1425,3884
849,4972
2685,4878
3173,60
338,4766
3491,4932
1719,4690
3586,1725
3888,4816
5010,131
2123,3883
1103,4824
3584,4788
1186,1833
1145,4792
3250,1732
2271,49
1736,2857
1467,1840
4011,4250
5080,67
4950,2823
3626,4850
4151,4675
3133,2851
4562,4917
4301,53
3314,2817
3328,2818
5008,2865
3658,2856
2632,4963
2997,4879
3493,5002
3326,3884
2397,3913
3016,21
4506,4764
1333,3912
1601,1788
2328,55
1167,4786
3566,4693
2069,4920
2474,4738
3968,4918
4128,5019
1868,66
2016,1845
2246,4971
3224,4251
1466,4764
2726,2782
3457,5
2137,320
743,2768
704,4676
686,5001
2210,4686
366,55
1373,5073
3929,2781
2692,4746
3568,5
1997,4897
3252,4963
2426,4732
3791,4737
1556,4896
3630,2848
881,4857
1561,131
3811,4856
1525,52
4464,1860
2929,2823
158,3913
3694,4952
1003,1846
595,4856
2593,4850
2354,4819
674,4770
3336,4913
644,2786
2160,4878
3006,4920
2250,2825
4120,41
2730,133
4156,4989
4622,2866
643,4747
1459,1742
1171,66
2989,5063
1336,3
3535,7
2943,4963
3893,7
1745,4785
1518,4733
880,3879
4434,4695
4212,4816
1471,4968
3705,113
396,1851
1679,4921
1367,2864
2181,1841
2182,4680
1974,4250
746,4678
4177,1734
3610,4995
182,5001
1062,2809
1010,4764
3858,4690
2498,2831
3214,4750
353,4683
1259,4876
896,40
2963,4991
3743,4775
1499,2862
4461,67
3314,1740
1938,3886
189,4938
4238,4775
3989,4904
3578,1833
4474,318
3097,4878
3371,4251
180,4934
3304,4849
3055,2789
1217,4884
2083,2789
2427,4951
1357,65
2707,5001
2538,4926
4208,4970
3775,4914
1723,5077
449,4963
161,4749
2654,4910
4277,1896
1677,4763
2209,3877
1988,4972
2629,4783
4628,4742
3506,2844
419,38
4085,1727
3630,4884
4192,1808
1821,2671
4302,4887
3735,4972
2260,4953
1798,61
4420,4979
3958,4858
2713,2790
1414,3882
3721,4777
606,4988
3550,2812
3947,4692
3148,2814
2975,2658
175,1732
173,4692
1863,4829
3324,51
2247,5001
345,4733
4125,4829
2025,4847
1295,2846
372,4734
2024,2794
934,1856
1400,46
4171,4785
4032,4789
913,4935
1940,2847
4397,4730
429,2779
3787,4800
635,4938
2625,6
448,5002
3897,2798
4851,4748
267,4824
3916,1832
3345,4776
2449,1832
2741,5018
1874,12
4332,4891
2633,4897
992,2808
2875,4972
732,4873
3151,2858
4286,4253
4143,4732
4362,2790
3229,4768
2557,1848
743,4913
4011,4819
3887,4954
2035,4917
1333,1838
31,2812
1289,1735
1400,4935
3396,4936
4208,4253
311,66
566,4777
2963,2809
2069,4778
3303,4817
4580,4760
1528,4993
3623,4790
2610,2772
3756,5000
3773,4902
2100,4941
768,4885
1539,55
3991,54
1979,1836
3197,2785
1988,2860
1914,3915
4485,4668
1341,4986
90,1849
3903,1
2394,1816
615,4782
347,52
3612,4880
4215,3915
4702,55
2163,4900
3919,2781
205,63
1746,4682
2397,4763
4525,4897
1587,4892
2152,4674
315,4782
3625,4929
2443,4872
4106,1837
4518,54
1780,69
538,4746
4644,4738
3486,2866
5047,4248
1276,4921
3610,4793
3441,4676
2276,1831
3681,2832
1149,2772
3797,66
3613,319
4494,4877
1523,1861
848,2839
3476,4832
4209,4735
1933,4634
4348,2818
483,16
2510,4855
1037,4896
953,1808
2887,4736
3205,4997
4503,2794
1956,4969
4319,4994
3138,4885
2370,2794
713,42
2993,4728
872,4776
559,5000
3367,4831
4006,4695
1153,4861
2323,4746
2395,4969
4378,4691
2440,6
383,4801
3808,4896
724,4792
2873,4824
1361,3883
822,4911
31,4654
550,4995
3280,2785
2778,4775
1946,80
2461,4249
3151,4250
4125,2779
3631,4780
4434,3914
2762,1861
4183,4918
1425,4961
4608,6
3941,4687
4239,40
2020,4953
610,4962
2,4751
123,1788
3191,7
597,4755
4179,21
3603,41
1872,4671
398,5075
4612,1733
796,1847
4602,4739
3088,2811
1206,4754
2520,5016
2412,4830
4067,4870
3701,4682
3244,4989
86,4253
806,4849
2569,4856
3391,4789
3156,4772
676,2846
3706,4912
100,2813
429,53
371,4850
5038,1840
1025,4684
3309,2840
592,3881
3801,3877
2180,4654
4103,4786
120,1860
943,3878
3990,3881
3844,4675
3750,3885
1236,113
3866,5075
438,4953
1208,3880
676,1862
2165,1729
2061,4921
443,2841
3633,4693
1148,66
2344,4936
3566,47
843,4954
2453,4816
3504,4986
2205,4889
4794,4774
1405,4987
1021,4902
307,4850
3804,4778
2700,5018
4704,3885
890,4937
4572,5077
3702,4676
2576,2774
2196,4870
2568,3879
202,2785
566,4264
4807,4936
3961,1833
1805,4906
4810,4930
2755,4676
1582,113
4865,4696
1680,2789
1926,1831
3701,1847
2726,3615
1435,4941
4368,2785
2571,4800
2703,4872
1310,1843
360,4870
4608,131
440,2784
3178,2838
3517,2811
3204,42
2413,1847
2223,2829
2636,1838
3550,1728
771,1837
1746,1861
3052,4743
3332,5073
4512,1837
263,4870
2717,4696
1736,4988
3767,4876
1824,2782
2065,4750
1989,1832
2175,4801
3229,3878
1315,1849
4564,4792
2204,4668
5061,2866
2717,2837
4448,4742
2623,4249
2190,3913
2756,4990
4614,4872
3786,1841
3629,2809
3433,4872
3513,1861
2105,2790
1073,4737
3666,3505
1234,4613
2270,284
541,4684
281,4672
3666,4979
1162,1856
362,4733
3633,4816
1238,65
184,4266
1083,2838
3208,4891
615,4800
2093,2786
915,1734
2452,1848
408,1734
2980,2864
3978,2831
2956,4849
657,1817
1291,4750
574,2846
437,3885
1326,1725
1876,4759
4626,4748
2981,48
2980,1733
4439,3915
3373,132
88,4847
3659,285
2446,4763
2911,4763
988,4897
2334,1840
2473,4996
778,1850
204,4682
1672,16
3893,2808
2512,6
3265,2776
3552,4731
2085,4682
996,6
3500,2767
1800,4972
2960,132
3184,1726
4550,2785
3082,2855
3292,2857
197,13
261,4248
639,16
3826,4743
1938,2833
405,2820
636,4879
2337,4613
2624,4958
2598,2865
3589,284
1549,4832
159,65
2780,2776
3173,9
1868,4877
1319,4763
1705,2774
5029,1816
803,114
1127,4677
5026,4694
1182,2846
3053,4819
3167,4889
2428,4896
962,1831
3109,2826
3454,4992
135,4801
2940,4669
2571,3913
2354,4878
3992,4848
3542,48
2997,1833
3393,4776
2871,2798
3413,4671
1950,4944
1690,1860
250,1840
2281,4947
3833,4791
899,2671
3024,4784
2481,1788
4417,4855
223,4964
2,4850
3331,2826
2702,2788
3920,2781
524,4870
686,4877
2757,4940
3872,1740
4463,4765
1385,113
4089,2837
3936,1731
483,4997
3589,4771
757,2803
339,4265
714,4753
3502,4935
332,4915
901,4760
1614,1851
3636,9
4637,1848
2088,4742
2458,80
101,1896
2703,2764
224,4635
3381,4783
1498,2798
1921,4727
3441,4765
3225,5016
1522,4775
2481,34
4425,2827
3610,3883
4277,2858
1347,4998
2094,4910
386,2831
1778,4993
3687,4937
87,4932
2374,4773
1741,2860
1559,3877
4290,4742
139,11
2550,4763
3714,4872
3025,1726
3969,2833
4000,2860
3578,2824
3464,4264
4444,1857
2474,4961
3776,41
2513,4749
1218,4888
1177,4991
106,2858
4019,4250
5081,4947
2512,4829
1072,4861
2650,4680
4630,4265
4148,3914
4806,56
1559,4751
3000,4727
2692,2782
477,4848
447,2795
1053,2823
4050,4930
2122,4906
2324,2786
1982,2851
813,1742
4553,1833
943,1855
755,4997
427,67
4162,4791
1055,4248
3996,4793
3967,1728
3407,4634
3635,4936
259,4921
3544,4957
3639,4880
3868,11
3967,4829
1283,1849
2741,4918
918,80
3630,5016
33,4689
4639,2764
1264,4951
2020,4727
670,319
803,1840
3821,4894
2512,4889
2721,4957
4404,4689
178,4951
1916,1842
4845,12
144,4683
1809,38
1886,2784
4983,4906
886,4858
3545,4902
3985,3
4076,68
4302,4789
3727,4755
863,4830
2246,2821
171,4998
1494,4771
177,4860
4160,2767
1193,4962
2105,4741
3020,3879
555,4892
3134,1835
1070,2767
3893,6
4069,4764
4636,4775
2250,4963
1599,5066
1701,1731
2189,1856
3160,4265
1313,4940
3434,2826
1400,3878
3066,2848
817,4669
3641,70
752,4962
2177,4996
4822,2853
3226,5001
715,4887
1463,4994
1937,1731
1752,4930
3401,4996
1199,4681
1225,4787
361,4748
2573,1835
2005,1838
2074,2767
4416,4987
2322,2841
3289,4991
1617,2844
640,46
119,3883
2316,4972
2440,4748
1046,4882
469,5066
492,4862
3203,285
228,2847
4273,4891
2083,2788
4009,4908
4648,4772
635,4253
1491,284
1908,4790
3039,3913
918,4773
3258,3881
1164,4741
3861,4932
4899,2812
907,4987
2581,4880
2424,1
3592,218
1119,1729
2909,6
336,4902
3493,2847
4571,4917
2497,1850
2211,4951
1624,49
3498,2860
1713,4831
2685,4994
1494,4797
445,4792
3060,5
2049,4971
1384,1861
4362,2825
4504,4735
4487,5077
3544,4861
722,4751
4469,60
2666,47
2148,1818
209,56
2430,2858
4105,4862
3174,4791
4125,4941
3702,3878
1113,2786
278,4778
3898,4748
2830,4904
2859,1734
4660,2796
2661,2858
2182,1735
4357,4799
476,4733
469,2817
211,2779
1626,4905
2759,4729
4425,4695
1315,4671
1161,3915
2945,4723
2047,1731
3025,4750
4295,2786
2910,38
4156,1816
3274,4264
3013,4996
840,1860
3396,1839
1692,4265
4844,4760
5029,2803
4274,4858
4626,2835
1513,4753
2062,4963
2042,48
753,2864
2951,2845
841,4998
2969,2773
915,4926
1885,1808
3297,4832
1152,54
3336,1731
2392,3880
95,4774
2386,2786
1386,4266
4554,4880
1927,1851
923,4792
1408,4786
287,4913
785,4799
3017,1834
4614,2841
3584,4848
4595,2809
1267,4994
2686,2853
575,4931
1096,4891
4279,4824
1739,4723
2217,2796
1375,2849
231,4692
2828,34
1233,2824
360,4857
1504,4693
3846,70
768,1817
4146,4728
1439,4912
976,2818
4584,51
3376,4751
2117,1846
1310,4856
4443,2774
981,4697
1660,49
555,2846
629,1851
2999,2795
790,4858
1208,1838
617,4267
2003,1817
1750,38
4262,4987
2162,4779
2029,21
2324,4782
383,4993
2651,284
1057,4920
1168,4906
4327,3884
484,4965
3755,5000
4448,4248
4600,2821
1439,1836
1983,4891
2675,2799
792,4877
1414,1846
2418,40
1352,4784
998,4986
3552,4674
4437,1843
4297,320
1802,4779
654,3615
3824,4735
2586,285
3296,4679
3060,2784
2263,4674
1212,1731
4319,4849
4123,2832
1893,4731
1407,116
149,4774
650,4957
2852,2772
2994,4267
2593,2818
2366,58
895,5064
2250,4676
3333,2864
1404,48
4015,4788
4838,4779
954,4765
4526,5063
5082,4937
3130,4831
818,4957
2527,13
1279,4694
714,4890
2304,4905
3022,4692
3538,5077
3860,5
4375,4774
3432,4858
2775,4900
4243,2847
3005,1842
2698,2832
4502,4876
1998,4953
2197,4962
1469,4672
2074,4969
1557,4966
4313,1896
3815,4904
2635,1862
2894,4779
4160,4897
3819,4746
2301,60
3676,4913
1622,4695
4159,115
4620,1735
4426,4749
2445,4996
233,4764
1418,1849
182,4964
4015,4870
3617,4787
123,2865
701,4248
833,4970
2591,4894
195,1818
2551,4920
677,60
3845,4872
3831,4889
3131,2658
2636,4674
1262,4764
3106,1734
1392,4972
623,4791
2511,4963
548,1839
2007,4669
3417,4248
1095,2776
5046,4910
4553,4733
517,2810
2358,4829
894,4901
4107,4815
3122,5077
1128,4720
1236,4849
891,2781
3446,1847
3016,4749
654,4965
624,4772
4447,4932
162,3880
915,4954
1823,4954
3655,42
2627,3878
666,80
126,4793
2956,60
4477,218
4302,4930
74,4995
1693,4742
3017,58
3493,2853
4717,2776
4201,8
2034,4965
32,4920
1504,2808
1927,4793
4950,4964
2562,54
866,4748
1206,2845
1348,4991
4530,2795
965,4765
4313,1737
2250,4904
1471,4946
496,4905
1275,4911
2200,2776
2120,1725
4078,58
877,2867
3259,8
2240,4766
5083,5001
3698,4939
499,4929
4638,70
2594,2855
2142,4800
2879,4654
5083,4902
4554,2841
1188,2843
4453,1849
3339,1
1187,5020
1398,40
4282,4906
2191,4937
1502,4786
3744,4680
1065,2841
2401,4692
945,2856
2172,4964
2542,42
4639,1831
4205,4962
4468,1816
4429,4890
4099,2846
5057,4676
4558,117
3140,1848
3491,4829
3791,4686
1278,4793
640,4759
789,4751
4296,1816
1017,4997
636,4969
3948,38
1055,1850
163,2773
3077,4915
3137,5074
1586,4764
1516,2858
154,4684
1100,4885
1795,4879
4038,51
766,5019
2048,4763
3721,4832
1474,6
2196,4249
658,2831
1488,4894
3257,2840
2170,4995
1738,4857
2969,58
3527,4900
1405,4876
3498,4878
1083,2857
2347,4787
3246,145
920,2867
709,4746
933,1834
3098,4801
5046,4729
4207,4685
4076,1850
4541,4788
5040,4963
715,4988
4638,4930
516,4987
3741,12
215,46
2582,4671
2891,2803
4090,4953
2911,2812
1425,133
1401,4720
1186,1735
1829,2821
170,4772
3063,3915
4426,4912
536,6
1558,4751
432,4770
1671,2808
1314,13
1868,318
683,4718
2872,2764
3832,34
797,4889
2624,131
286,1726
832,2786
2656,4791
3137,4738
2806,2809
802,2822
1505,4739
2935,4860
4335,2814
1238,4849
4439,2818
975,2785
3093,4739
4382,145
1279,67
3122,4680
2426,2822
3621,4764
1152,2818
1173,1740
3072,2843
1408,4730
510,2798
1373,11
464,4992
2989,40
3723,1735
1050,65
3821,2840
4923,4885
2187,67
3871,4730
3174,4766
3411,5070
3061,4937
4570,34
134,2658
3463,4857
1385,4849
4383,3924
3115,4755
2693,2845
849,145
2750,5019
1602,4816
3937,56
3495,4727
4588,1748
2900,4694
4096,4728
3356,60
2422,2768
4420,1837
2931,4783
1056,70
254,4991
721,4986
221,1850
2403,3877
3919,4689
4352,4737
2086,4903
4502,4855
1745,4998
4563,4944
2122,115
2202,4675
3510,4718
3004,117
3789,4785
4334,4634
776,2824
205,1832
490,4929
3113,51
1532,4991
1152,4789
3258,4820
3466,11
2961,4668
3820,5075
772,4635
183,4930
1182,5066
2313,4926
4410,4720
2004,50
388,1730
3059,4885
4208,49
4075,4775
1645,5069
1976,2855
4437,2838
1095,4749
2194,5019
967,4850
2018,4746
813,70
3280,2843
4156,3924
4256,4746
1496,2786
866,4770
3145,4613
3069,4932
3662,4777
2889,4748
4716,40
1663,1729
286,4774
2348,53
2612,12
4844,117
4256,4857
2264,4890
1291,2816
2469,1817
4644,1836
1082,2833
3598,4789
2688,1833
2735,4773
3987,4990
1160,3
2797,4727
3075,4793
3598,2783
1287,1836
4928,4793
2384,4765
946,68
1287,4921
941,4914
3011,2822
203,2767
2416,4819
1016,1748
1893,4803
2528,4764
633,4971
4110,4671
4347,2779
2944,4697
87,4727
293,4697
4422,2839
2682,4964
3401,4676
3057,1849
1824,2825
4257,2846
2292,3886
4066,1808
2096,4830
2535,2854
1014,4879
3820,51
3460,4877
1819,2832
785,4963
306,4934
3692,4765
186,5069
2503,61
946,2846
2302,4986
1872,4266
1936,63
3458,53
727,2786
1593,5018
371,1846
1766,2843
2071,5063
3110,2789
3796,1840
186,4911
3966,4774
3816,46
4371,4979
1327,318
1082,2851
2969,4998
358,2837
1749,4803
1435,4743
3605,4831
1908,41
4042,5019
1485,1726
4283,4930
3225,4776
1385,1848
1430,2817
513,4788
3941,5000
4197,4931
3900,319
2441,4820
1292,5019
1993,4789
4625,2784
1013,62
1873,2838
1543,1834
1326,4686
1347,4935
2886,5018
4134,4752
4822,53
250,4824
3758,4682
2842,2798
3140,4264
1586,4674
556,5063
1287,5069
245,2839
1611,4694
4161,47
4257,2856
3928,2808
1208,4877
405,5
148,4687
3016,2820
589,1847
4488,1848
1433,3505
3212,2810
3135,2768
786,2811
3212,4723
4942,70
4165,4755
2899,4952
307,34
934,4789
2495,3885
2903,4847
4100,4789
2211,4903
3176,4986
3211,4819
3417,4720
3668,12
3252,4791
2003,7
3513,4856
253,4693
3059,3886
1105,4799
3779,3912
1194,5016
5055,4731
3826,1734
694,70
1571,4784
4167,4790
2060,4759
4355,4782
1345,116
1770,1855
3481,4957
3570,4682
4707,2764
4049,2790
3448,4829
1255,4998
517,1842
3301,2841
245,5
2409,1855
3746,4879
864,4937
3969,4862
1810,4737
2607,13
4565,117
1659,2862
3285,2779
4572,1725
4143,4734
3063,4680
1371,12
793,4678
3395,4955
2709,2776
3345,5064
334,4753
5011,5020
2081,4694
4279,4778
929,4752
3038,4962
3049,4766
1529,4884
420,1816
3456,4777
2266,2808
3634,2829
2068,1846
4722,4965
3292,4956
1892,1841
1203,4753
2136,5019
2924,4902
1654,4676
1246,4817
2270,4735
2454,5000
3136,2783
615,4776
4115,5000
525,4886
3014,4915
179,4988
312,4902
765,84
3795,145
1290,4685
1110,3886
1006,1740
943,4870
1260,4932
1352,5075
3320,4759
3392,3881
1963,5074
1894,4986
747,3884
2296,4746
1724,1848
5030,2867
4583,4931
2370,4966
1328,3877
1576,4674
1360,2847
3036,4669
308,4673
2878,4957
4343,4777
3057,2847
104,3913
4346,3879
2205,1849
3835,4957
2134,1731
4332,1730
3892,4250
447,3878
3911,4832
1853,8
4611,4749
167,2785
3702,5004
4536,4763
2095,2846
2255,117
529,2808
1411,4914
614,4635
2018,56
2967,1816
1879,2823
1553,2865
4708,4832
843,4817
120,61
2936,4775
419,4877
2409,2658
4663,4253
4478,4872
431,4907
1341,3884
3226,4267
273,4748
536,4918
240,4691
4402,4801
2703,4849
2225,4754
4643,2671
2428,4991
4619,1841
2504,5069
3238,4914
1596,4958
3939,4739
3503,2818
2255,4917
3581,4801
4078,2671
2260,2857
2394,4266
3764,2831
2010,4993
2350,2846
1422,4915
1372,2787
1671,4857
4487,4830
2206,2858
2669,4830
3429,2786
3289,9
420,2816
714,2814
104,45
1155,320
1401,2840
3893,2786
1379,318
1036,1733
1566,2812
2085,4692
1129,61
1119,2786
295,5020
1695,4995
3973,4830
2596,5002
4572,4613
4448,4635
4563,4743
2192,67
5005,4986
1101,16
770,2860
4402,1833
4305,4720
3682,133
2110,4742
1110,4739
3181,4929
244,4250
711,4993
4942,4883
2894,2835
1672,4939
888,80
4844,1831
2503,5
1995,2849
3068,4672
4022,3878
4650,4672
2078,4990
3113,4613
217,2813
1640,4771
2510,4880
297,4911
1505,1840
4653,4678
3795,2799
807,4831
1472,4932
3273,4997
4041,45
696,4979
3226,5070
1617,4691
4413,4957
1168,1727
4322,1896
3768,4966
2019,62
1436,2658
2945,4776
3853,2844
1868,4772
3264,5002
1229,2857
4075,4249
936,4752
3536,2840
1255,4905
961,4792
4451,2787
823,2826
4195,4941
3623,283
1149,52
3391,4773
515,4938
265,3882
3841,5000
1525,1855
1217,2790
5012,4968
3647,4995
2431,4693
3770,70
3013,1827
264,2798
938,2826
3766,2838
670,4692
680,3914
2645,1832
2540,2840
4645,4800
3092,4677
2497,53
1596,2820
664,4829
226,4936
3129,4902
4168,2847
1095,4921
4336,4828
4102,4761
4600,2787
1386,52
352,4894
2869,3884
520,4752
2246,3505
3569,4754
4349,2865
274,320
486,4914
4373,4250
1191,4751
921,1841
375,4883
2449,4755
3856,4963
2293,4765
344,132
4257,4946
2280,4692
1547,1818
136,3913
324,4674
1050,4877
3441,145
4826,4946
2971,4736
740,4743
3754,4862
2514,4909
610,1734
1704,4951
3791,4921
1595,4782
2961,4903
3194,5020
154,60
1449,4265
3289,4992
1492,4873
1719,2799
2424,3884
3292,4800
2546,1842
1373,4987
2470,4755
3321,4861
4578,4720
3201,2796
4238,4894
1289,3881
2466,4961
2566,1856
2891,4918
2156,1732
2357,2783
2962,3881
2130,4735
1255,4669
2560,4669
3936,4674
126,50
4767,1
692,1732
2721,54
2245,1808
761,4966
1204,4971
2400,49
2510,58
2096,218
4091,3915
2544,4686
2322,2814
441,4828
524,3912
2453,1844
1820,1732
2276,3913
4390,4253
3369,4751
2384,4994
1939,46
2673,63
1526,4686
155,4996
1900,4766
4506,113
1721,4751
4298,4762
2109,3
281,4801
925,4910
4653,4778
2659,4773
1395,4693
2959,3885
406,4792
577,4940
1887,1735
4425,4751
1390,4903
4854,4654
2892,5016
3065,4993
4026,2865
939,4696
2219,1839
2480,4824
5026,2788
4243,4971
3851,4880
2900,1850
125,4668
3206,4873
1488,4799
3850,2858
3728,4932
3435,4680
2053,4848
3580,2825
2218,1817
2525,2849
3808,1734
4565,63
703,56
1381,84
1524,4882
3629,84
4866,4634
1564,133
1451,42
4400,16
1759,4743
676,4872
1067,3877
1037,3
910,2867
4062,116
1394,2798
1859,4862
4226,2858
234,114
1607,4996
388,4877
191,4759
1340,2848
3455,21
4600,4778
689,1860
1417,4954
203,1732
1467,1845
3174,1835
808,1740
1143,284
3103,2789
564,4824
342,4720
4011,58
3379,4770
1556,3881
1934,4672
1421,2844
4,2808
1823,4685
482,4879
3291,2818
4313,1846
518,1742
4144,2865
2184,1849
4596,4855
4569,2820
3205,16
1110,5019
902,4668
4150,4753
1351,4888
4642,65
4854,5001
1367,320
576,4681
465,4689
1809,4964
540,2808
4243,4872
580,4830
2149,2813
1207,2794
2945,2796
3945,4879
3783,4635
1513,1896
4084,63
2212,145
4204,4998
2482,56
3589,4755
4332,4914
3797,4944
3978,5018
842,4861
3502,4951
24,4906
223,2854
2298,4686
727,4735
1120,4723
4158,4872
4598,4901
3088,4886
3722,1742
3462,55
3678,4799
1773,4680
3466,58
5035,4755
2564,4830
2433,4671
3043,4770
2116,2857
911,1848
3344,4671
3759,66
2886,4683
688,4990
4384,3886
2175,4730
2873,2765
3682,1827
1246,2768
3583,2818
5035,1845
3419,2853
1825,4669
3827,4682
773,3912
443,1725
4126,6
1569,1731
103,2799
1449,4929
1929,4687
2737,4957
2664,4939
1329,4907
385,4944
546,5002
4179,2658
4379,2846
168,4677
3081,12
463,3505
2409,4730
856,4883
1640,67
1495,4880
244,1846
1475,320
4132,15
2981,115
3143,4723
3624,4915
836,4694
601,4673
1200,1843
4172,53
1967,4694
992,1839
2704,4900
3531,4831
1066,4780
4360,4884
1017,58
2300,34
2559,2811
2972,4788
2394,2847
1347,4934
73,114
1553,3885
1577,4920
3404,4956
4320,4887
426,8
4631,1726
4468,4940
1586,4675
4859,4763
532,4908
2873,63
4519,4771
1024,117
2313,5064
3362,5077
2388,4673
4724,4958
163,65
1167,4929
2122,4751
3907,4691
4453,4891
4835,58
844,117
4336,4870
2792,3886
1380,7
398,2783
1491,124
4470,4890
1070,5016
1145,4953
4950,2854
2612,114
3600,4723
3260,3878
3909,4765
1559,132
2611,4946
1467,84
2363,1748
3143,2817
3478,4731
784,4873
2017,4955
3666,1860
3123,4741
2326,4883
2241,4873
4019,1846
3501,115
4532,4264
1946,3884
3454,45
3639,4688
2167,4880
3683,2829
3507,4669
1097,2818
4008,4683
5040,2818
3152,4727
405,1731
3242,4857
473,2860
1391,2823
2449,1837
4664,4683
1500,1850
2384,1848
3473,1842
2718,1
624,3914
4107,4773
2068,2808
1643,4831
3921,2814
4044,4787
4125,1728
1333,4926
4423,5074
4583,2846
88,4952
912,4736
4055,2671
3633,4940
1536,319
2048,4997
922,113
4437,42
3781,4987
496,4818
1033,283
3543,2800
4541,2856
736,2671
1644,45
642,4747
3613,2848
2502,1748
4440,4792
4722,4883
339,4790
4032,4937
3488,1725
1409,4894
383,4828
1076,2764
1759,1831
4024,5074
3581,4957
1388,4954
260,2671
4573,4266
2018,4769
2050,4682
954,2658
589,4742
2755,4828
1625,4750
2130,4969
3035,2789
3789,4916
176,4728
621,4672
277,1838
4324,4892
3550,2831
2078,2787
972,1849
1486,45
4813,4891
2694,4856
155,133
3258,1834
4400,4729
956,4935
2548,4964
2980,1726
1945,60
3156,1847
1887,4957
3406,4938
1262,4752
654,4735
457,2671
3250,4741
2712,2811
4107,4674
1917,4779
3449,320
916,1735
2004,3878
3645,4909
195,4733
4045,4989
960,131
1930,4764
2554,2866
2610,4791
349,4251
3076,2855
3311,4920
1513,4737
4005,2800
1125,6
943,4820
514,4958
1190,4735
2048,2796
3259,2820
3589,5019
3683,4954
2634,4957
832,1730
4555,4787
2395,4861
3265,5016
505,2864
109,4748
1180,4971
106,113
999,5016
129,46
2489,4910
2546,4873
2431,2841
3010,4248
2160,1838
4629,4818
4364,2825
700,2820
4290,4735
111,4820
677,2822
2588,4861
2965,8
1350,4770
755,3884
782,4832
1140,3912
4950,4682
3977,7
1864,4697
1882,4248
1460,4857
3470,2864
590,2820
4139,4962
4874,4908
3113,1737
1318,2814
390,4824
37,2845
2090,5001
2411,4738
433,4990
197,4979
2152,52
1231,4747
3335,4894
308,5063
4359,4784
3318,1896
2358,1734
1255,4747
1592,4672
375,4824
1823,3615
1905,4785
3910,4733
3543,4936
3068,4963
4040,3913
146,2813
776,1832
153,1
1738,218
344,3884
314,4966
591,4784
4327,4936
1454,1840
1389,5016
1868,4987
4041,4828
4073,318
606,1733
3182,1838
4476,7
1191,3880
2567,4680
1611,2832
2673,1862
3963,283
4568,2833
3132,4669
4795,4783
4385,49
14,4760
2034,2810
1438,285
2126,4897
2766,1818
1031,4670
1641,1842
4017,218
4703,4693
2314,1731
2902,1728
4129,52
493,2838
437,5077
1341,4733
1508,4872
4108,4736
3623,4251
3257,4915
1060,4878
3115,4695
3040,4971
467,1740
3241,3877
3327,4693
170,4675
3346,4769
1918,4749
2996,4954
804,4937
2103,4970
4342,4694
4443,1816
992,4654
2038,4785
3868,1833
1096,4681
3289,2810
898,45
3919,4765
4827,2820
3908,58
4011,4910
3926,4266
4186,4815
1256,2808
4025,2865
4561,2794
1915,1849
2436,4912
597,1726
3047,3882
2279,4849
191,4803
4925,4996
1363,1
4608,1730
3177,2860
1251,4770
1229,1730
4244,4692
1602,1726
3040,4780
3631,1737
4156,13
4409,1832
1059,4913
880,4799
3448,4775
2098,2853
3526,4746
1248,45
3920,2786
4446,1730
4642,1729
1226,4891
1316,4761
1286,2829
2256,4728
3106,4964
3178,1727
924,4882
4531,4946
4289,1816
2546,54
4306,2796
2474,3505
3994,4788
1327,116
1699,55
2945,2864
3004,4951
580,1841
3789,4797
1583,1831
3486,51
2727,5000
2596,1835
1947,4800
149,4697
859,283
1879,4735
2646,1839
3635,3886
4706,1847
4411,3879
1338,2853
2916,4919
266,1839
3126,4998
3140,1727
393,4819
3251,3924
2986,2658
164,4903
678,4777
3782,4669
4421,4689
1756,4905
4833,4900
1213,2838
3594,5016
3715,1832
3887,4733
87,4896
4434,4828
2988,4848
4056,4886
3801,5077
2480,4972
3608,4884
533,1817
2614,4921
3149,4748
1871,4887
3371,4766
3389,4819
194,1855
677,2860
814,1842
2946,2782
3660,4773
1529,2817
2815,4759
4650,4788
4822,2844
3595,4751
3943,4776
580,1
5055,4768
1281,34
1877,4686
3990,2786
3645,4723
520,3884
983,4860
2213,4818
1797,4786
3194,4668
2602,4723
537,4935
3008,4849
3853,4901
1970,4765
1078,3881
4216,1846
1257,2840
1966,2824
57,4862
3804,4958
2152,4908
2939,4888
4511,2768
1723,5069
2441,61
1563,2795
989,4760
1229,1843
3009,4938
4423,5000
483,4964
3926,4952
71,4730
2306,4946
1966,4723
3711,4772
1790,4951
176,64
1702,4820
3697,2776
4640,2789
3282,4905
3265,4266
2454,4961
2695,4850
1932,4965
3112,4733
3843,4979
499,2765
1503,1817
4034,4910
4659,4264
924,4688
3660,3885
118,4891
498,2821
1111,4860
516,2768
2928,2838
4557,2855
1296,320
4497,2841
4618,1857
2026,4736
1278,5016
4153,5001
2367,2847
4875,2854
987,4855
2009,48
4665,16
3993,1835
3196,4926
3008,4815
3728,4900
2475,4968
2684,4988
3810,4791
1133,4998
4544,3915
468,4778
1550,1839
4361,2833
3743,4930
1060,3615
1326,2838
2145,1848
4216,2845
644,3878
3173,4880
715,3880
2090,4816
1703,2822
519,4935
3819,1729
1268,1737
1537,4883
3277,4914
4881,1850
1028,4738
4502,3882
4541,4250
1244,2854
1019,1833
3769,4747
1147,4801
2098,4729
2032,4676
1492,2776
3388,4746
4091,2831
1796,4751
106,4848
2286,4696
2942,2789
1792,4676
4188,4749
403,2839
1956,2787
1716,4883
2743,4248
2013,4250
5015,4920
1371,4675
1893,2846
1395,4882
5036,2772
2592,4815
3660,4986
1366,4954
2433,1860
4604,116
2343,4720
2558,2782
266,4770
2591,8
3929,2833
5037,4771
1542,3883
360,2860
1600,2862
4113,4897
4282,1737
3191,41
5062,4990
4289,1861
426,2837
249,4955
3426,4995
2182,55
4178,2812
4481,5020
4506,2823
3530,285
4317,133
862,4952
740,4778
1074,4896
4609,5077
563,4774
1485,4890
3244,2840
3562,4911
1878,4883
1012,2822
2072,1836
4417,42
1167,5075
208,1816
3927,2823
2347,1862
4046,113
4479,4912
4409,4940
1402,1737
3537,4671
2370,64
2162,4934
3216,4687
3164,4877
5076,1841
3143,3912
1615,4941
2672,1733
169,5077
753,52
4478,4989
1125,3924
4419,9
3639,4749
1677,5066
4512,4988
897,117
3842,2813
4706,4829
3176,2818
1325,13
1493,65
3219,58
1249,4987
2624,4782
861,4777
1039,4669
4386,4675
890,4766
763,4734
1016,4685
565,4998
2375,4828
2036,4783
2162,4788
2652,1862
2635,16
4154,2862
2150,5063
3737,2814
3496,2840
1479,1839
3698,2671
712,4683
177,4958
3891,4770
3177,4720
4332,1727
1652,6
3236,4931
1112,4791
4719,2855
1928,38
943,4688
460,40
90,4818
883,4956
1053,4680
4333,2851
1617,1834
2513,4266
5048,4901
757,9
509,2849
1895,1861
4615,2864
1507,2866
3296,1727
1518,66
4394,284
3311,4762
134,4782
1929,1735
4814,4907
3061,1843
2611,1788
2705,285
3042,4264
5003,5065
4364,4697
1608,4937
4630,2835
3091,4930
2440,3880
2204,2817
1741,4936
4013,5001
3488,1726
2574,4668
1203,4755
2807,113
123,4687
290,4993
3599,4956
2266,3615
918,4265
4666,2782
665,4987
522,4820
2220,2832
2707,4695
2869,4780
3149,4692
5030,4753
4345,21
2161,4849
4658,4759
4270,4913
1452,4654
5007,4820
1366,5073
4002,2773
3499,4896
3572,4970
931,4936
3749,1742
4655,4904
1948,4878
2523,2814
452,4909
3106,1856
443,4735
371,5066
2910,132
1928,69
1809,4913
2062,2818
2537,4679
1377,1855
3495,4750
2356,4919
2751,4681
962,2773
3543,4695
3935,4986
3894,2853
1040,4737
1296,1838
3720,80
2610,4788
3690,8
1422,4848
323,4918
3077,4683
4579,5002
2338,2827
1178,5065
1313,2799
1385,4989
1095,2821
3071,1837
1448,8
3956,4787
1616,5070
3509,45
3118,4797
1302,4670
1355,2823
4581,4831
2115,4876
3769,4785
123,1838
3737,2820
814,4819
1117,5002
2996,7
4361,4747
1468,4993
404,4934
82,1843
1172,1832
1781,70
3933,4675
2225,4752
274,4979
653,4970
2936,2814
1474,80
339,1833
3281,3878
1230,4799
3602,4972
2359,4691
731,4890
5005,4793
353,4763
1815,285
3733,4733
1315,4862
2365,65
2676,5020
2296,1848
1356,3915
3664,1849
873,50
1321,2776
3958,1727
3212,1845
1680,2795
3488,53
791,1834
3375,2841
663,4674
1987,4926
3683,2856
1686,4669
819,4749
3904,4681
2182,1841
3754,67
4007,1847
1086,4998
3993,55
396,47
503,1733
3427,4673
3407,4831
1213,4267
4823,4884
2958,2849
3238,2829
2283,4687
2391,4774
4651,4690
3152,4978
3170,124
1276,2795
3698,4738
2093,4749
1705,1845
3896,4978
1549,4856
4190,4951
393,4790
2688,4786
3500,2821
1612,3914
2269,218
2651,4739
4387,4987
3017,4679
1154,4880
361,4877
4000,4751
2055,4728
1075,4955
798,2845
3752,4746
3549,2773
3486,2812
2008,3886
2473,48
2550,38
159,4729
1268,5074
4372,2671
2009,4682
1385,4634
689,4680
501,4916
79,1849
4355,2772
1339,4883
3413,5000
2770,4986
1609,1733
4034,4763
3136,4674
3284,5019
4532,48
1522,4938
79,4855
4700,4907
3859,4861
4976,4734
1398,3505
1201,319
2861,4935
1229,2855
749,2845
778,1844
1162,4634
1405,2809
3051,4882
510,4750
2510,4772
1804,4954
1065,67
2653,2783
4983,55
2087,7
2028,4915
721,2785
1352,4670
3330,4266
1372,4879
2301,4918
289,2845
4590,3913
1754,4684
4413,70
814,4988
4279,4766
3935,4732
1908,4888
3715,320
2932,4738
435,4730
1323,4265
3283,4762
2535,1734
839,3878
290,2767
1136,4697
4340,4879
4092,2796
5051,4680
625,4753
3358,5069
3061,5075
2140,63
3262,218
3658,2865
2650,4801
317,4904
3606,4886
1214,67
970,2854
3390,4919
416,4679
737,4264
2182,4727
1750,2844
3184,4750
1095,5064
2084,4990
4942,4669
4200,2788
2492,1733
3245,4971
291,4847
2634,4771
2985,2798
1749,4634
2652,49
3285,4693
617,1838
4586,4816
4593,2789
1960,2776
316,4906
267,4759
607,2765
3292,65
806,4919
4089,2831
3543,4760
1720,4682
501,4696
610,16
2495,114
4053,4955
2461,62
2128,4675
1499,12
2437,2841
2365,2796
2903,4963
1414,55
3799,2767
1778,4777
3942,4790
141,4670
3195,2847
1825,1788
3087,4986
846,4918
3923,319
311,1861
4725,4673
1518,4249
2394,4800
3540,2783
3374,4728
1711,4897
1979,2832
118,2857
1989,4687
4294,4695
3244,145
3219,2818
938,2810
910,4937
485,4994
3707,4995
3871,4929
3376,4972
4200,4654
1079,3877
689,4746
2548,2783
1081,4940
680,4264
3357,4760
1895,4732
3343,4915
3179,5016
1404,4748
1014,4266
1243,4918
636,4696
3637,3886
169,13
4526,11
4353,4916
1579,4784
2797,3
661,4790
155,4998
1386,4882
2689,4978
1080,4761
3163,2794
3533,4903
4871,4831
2401,2844
5084,1740
558,4797
3164,4760
1053,2865
3621,2825
1641,1837
2070,2808
2302,4750
4522,4775
1176,4816
3387,2809
4057,4857
402,4635
1108,4989
3062,4819
3734,4690
2507,1845
2482,4914
1352,4988
3776,4734
4982,4970
3759,4997
258,4998
4132,4755
3127,4753
2493,3881
2618,4995
1193,3882
4328,4787
1658,4670
1417,4734
3821,4904
3106,4697
564,4996
2443,145
91,4897
2072,4253
3891,4998
4036,4883
3548,2864
358,6
3910,4680
85,4872
376,4996
3408,4929
2597,4760
1428,5020
4305,4684
1151,52
966,2860
4013,2857
262,2810
3183,4634
5051,4692
4145,2825
3978,4676
1432,4753
734,4675
2366,4951
2592,4786
82,4797
2732,319
1899,1845
1932,16
3302,4858
381,4890
1815,2823
4047,145
171,4778
2955,5073
3107,2860
4165,2826
2595,4963
1447,1857
4540,5000
4517,2835
2563,3912
721,4824
3512,132
723,4748
2136,1817
1257,4676
4497,2840
1039,4681
746,4832
3694,3913
229,5020
1556,4815
1138,5002
1430,4995
3335,4675
681,4910
3949,4909
2960,2794
2078,1839
3147,3880
1331,4743
723,4733
4344,16
3145,285
681,2864
3335,4816
485,2810
1441,4958
4605,4997
386,2811
3922,4909
1672,4696
3038,4858
2365,1842
551,4986
3919,1730
3557,4817
4254,4681
3803,4761
3397,4748
537,320
3288,56
265,4784
3229,2658
4497,48
2951,4669
1895,4994
3276,2837
3567,4696
3559,218
3573,4737
35,4791
4394,1839
1951,4877
4558,320
3005,1816
1049,2824
2623,2847
4745,4761
2262,1827
4975,2765
3409,1734
734,1737
191,4965
3967,15
4432,46
2208,4995
295,2774
1515,4774
1503,2849
111,2811
4341,4917
93,4755
2571,4799
269,1849
4135,1816
2264,4762
3862,4784
2944,4876
1761,4677
1334,4969
2135,12
3727,4947
1290,2786
1015,4996
1111,5075
2529,3
4135,4783
324,4901
172,1817
569,1817
2508,4729
324,1840
2038,4687
1238,3881
3494,4824
2969,2767
2276,53
2436,2658
2313,5
1586,4673
2390,21
594,4727
4330,4971
3185,4937
764,4848
1468,48
1097,4917
2474,16
2746,4957
4524,3884
2241,1851
3189,2824
2060,51
4667,80
2662,4692
3313,2851
2033,1740
595,4749
3032,3884
4561,13
4444,4743
3433,3878
1194,2812
3117,4939
3888,4849
2108,4882
660,4951
1395,4978
2389,84
1977,49
4419,4886
3888,1732
4352,2798
3125,4769
3981,69
3277,4613
631,2786
897,2799
633,2841
1238,2768
4384,2823
2480,21
3228,4782
2508,4267
654,67
4466,21
1475,4785
796,4979
951,1849
1722,4879
1801,4911
2163,4957
3607,124
3363,4990
3852,69
2578,4775
262,4916
3052,4996
1495,4896
1614,4992
2155,4884
2875,4997
1770,1850
4355,4755
2033,2800
1852,3884
3148,124
4400,4685
505,60
2304,1
150,4692
1680,4971
3683,2831
1902,2833
691,5075
3698,1730
3153,4266
4347,1842
3004,4777
3589,45
4169,54
3981,4891
3703,131
1751,4771
1589,4266
1206,4747
1372,4775
1800,2768
1499,4905
4340,4753
1974,84
2038,4697
3641,4907
3824,4677
3894,4791
1753,4831
3980,1735
3009,1842
310,2867
1641,4958
737,4902
3351,12
3622,4251
650,4951
4846,4931
3171,4792
1772,116
805,4965
849,4797
3545,4870
740,4878
3380,4801
3491,4885
1378,1847
4814,4955
3521,2824
169,1841
2432,3913
1203,1834
166,4912
2170,4697
1058,4669
3411,1833
1904,4613
3333,4965
535,2865
2123,4264
564,1727
2274,4747
1596,40
5013,4816
3769,40
4053,4690
1213,4677
3061,4878
607,4828
2649,4894
867,4963
4189,2781
1564,1725
3484,61
1779,5073
1597,4800
3853,4891
2906,2795
2985,1726
3045,4890
43,4696
4794,4944
3434,2813
2636,4680
1420,1742
1200,4900
4836,50
557,2843
4193,4690
4984,4931
4133,1856
510,4755
2592,4926
3089,4752
334,4727
2011,4886
143,1846
1237,2772
708,4775
3690,4266
1887,2788
942,132
3744,4878
357,1862
3468,4742
4175,284
4446,4848
385,41
4072,4848
1932,5064
3933,4817
1266,45
2738,4918
4459,2814
102,4966
3378,47
4059,114
4344,4986
400,4887
3907,4830
1472,4267
643,1735
980,4911
3871,2837
4412,4742
3193,4957
5061,4682
246,2776
4202,4747
296,4695
1533,2782
2391,4989
695,2857
3499,4736
2513,63
4378,4990
3270,4886
1536,4990
3969,4669
2538,2848
188,2840
1227,4816
4198,2823
492,4910
3354,2839
666,4669
477,4916
4110,4824
4227,4691
3178,2849
272,4750
3670,84
3073,2774
275,51
717,34
165,3915
817,4905
2340,4882
3504,2787
3618,4862
4552,53
3148,1862
3055,4739
903,4830
3094,4902
4796,4768
972,3914
2412,4970
2168,1728
770,4913
2093,4748
2149,4900
2495,4872
2663,4782
1152,4686
1276,21
2211,115
3108,4760
3254,4966
733,132
4457,2776
3403,4755
3891,3912
3836,4996
2165,4885
1277,1725
1864,4971
3954,4996
936,1727
4480,4817
4546,320
381,4963
3263,4921
1675,4879
4028,2854
2673,1860
4408,2783
5010,4791
4084,5018
1433,16
554,133
4579,2764
950,62
241,2844
202,2794
4486,4939
2969,5074
1268,4930
3657,4995
2098,2865
4136,2857
2901,4937
266,4731
4348,2798
4572,4929
1602,2786
2227,4931
4376,4886
3062,1729
4325,4264
4452,4896
441,4266
1227,7
2535,2773
1201,4966
1278,2799
3239,4929
4300,4903
1211,4780
3800,4900
1031,4830
2229,63
2614,3879
4397,4828
3083,56
4048,4979
2212,4961
4320,4962
250,4780
4070,4969
3511,3882
1917,4926
1207,4937
2119,4964
623,2844
5013,1855
382,4991
272,5018
3908,4953
4566,4769
341,1831
590,1896
3871,1857
1350,4947
2375,4963
4640,2779
3701,2856
2693,51
1890,4783
2967,4763
75,4787
165,4669
3068,4689
3229,50
4299,4939
4717,1817
612,1842
5036,4634
1224,1834
4247,2658
2025,4778
4401,4674
1271,4782
1329,4963
3379,4856
2449,56
27,4990
3454,2782
3243,4690
4400,2829
776,133
31,2817
4658,4778
2069,4910
330,4936
1447,4265
4511,4754
3600,62
1025,4880
2307,55
963,4993
2430,4936
1336,4687
2727,4772
3646,2803
1538,4654
4702,4743
1969,2798
2080,4733
168,1816
3763,4668
2107,4955
1955,131
2118,6
516,4997
3850,2855
1800,42
2900,2814
946,4679
2895,1788
2293,1840
949,3883
1590,1729
2154,2774
2479,2853
2017,1729
2906,4879
4006,4996
4078,1840
1389,4952
2488,5020
819,4998
1638,5020
2624,4947
2063,63
1005,1840
1245,1729
903,4691
3291,4935
4260,4249
2048,4862
3038,4921
4261,3
3367,84
3282,1856
484,3879
3441,2822
451,4970
4469,2812
3653,4910
1410,2784
1168,2837
2579,2838
3039,52
4160,41
1529,3880
2138,4934
3428,2795
2106,4914
4412,4792
4102,4750
843,5066
4007,21
3481,5066
607,4743
1417,2787
2686,4919
3514,5020
3326,2845
138,4953
76,4848
4188,3884
1074,4267
2173,2789
745,4780
2097,4955
4388,4970
3831,4958
3276,4962
20,58
435,3878
2090,5066
3173,3883
76,4679
2718,4694
2458,4674
648,2846
3559,2846
2694,2776
3804,1837
343,4748
2751,4736
1820,4819
4549,2846
2226,4694
2616,5020
4338,4879
57,2790
2582,4911
2624,4914
4225,47
3932,4910
1722,4775
2496,2787
1910,2858
3515,5001
549,4797
2051,2820
527,2860
1303,4901
754,4918
5013,47
5083,4693
3255,4939
3091,4890
2032,4680
532,3914
4188,1857
2861,4829
1750,4747
2081,4766
3275,4876
4556,4961
4638,4992
1858,4786
2474,4970
253,1737
3029,4962
276,2816
3561,2826
3237,4654
3471,1725
3300,4694
606,4772
2301,15
968,1850
3850,1788
3468,2671
951,1861
1110,2658
4341,1845
2477,1848
4113,1788
3369,4879
3759,4788
335,318
2153,40
3580,4968
2169,4672
2985,11
3907,284
734,80
4235,2809
2491,4669
2652,133
1506,4816
1459,21
4374,1730
4656,2865
2669,4771
1575,5019
2715,47
1196,2808
3148,1855
3009,4265
2927,114
3220,4946
4306,53
279,4678
3951,2821
4834,4762
2399,2827
2361,4958
2771,5075
1524,4963
4083,115
4435,1860
906,4947
563,4728
3429,2841
3143,133
1377,3878
4105,4996
1332,1832
2987,4879
3307,4754
481,4958
3210,34
4259,4728
3687,4986
574,1845
334,62
2154,1862
3991,40
1073,4673
2591,4748
155,4935
2481,4728
2011,4682
559,4957
203,2831
1870,4777
670,1735
2165,5069
1985,4916
4491,4749
2305,1727
3722,40
1094,4775
4514,4755
3313,4934
1939,4742
4587,4907
1474,2783
4305,2784
2659,3924
57,5069
186,4907
3983,4680
2650,2827
2353,4887
4578,4944
3420,114
1142,4759
2758,2845
3090,4728
4479,2835
3660,2822
1277,66
2135,15
555,4686
3275,84
4290,4953
275,1844
155,4739
2173,4678
2532,9
1507,4896
143,1
848,2849
619,4855
3788,2783
1761,4902
3210,4669
3609,8
94,4818
3452,4742
2058,4956
2204,4850
2652,4747
3016,4855
2128,3881
2004,1727
1154,2846
4035,3914
1560,2821
1308,5077
169,4682
3217,4248
2450,38
579,4678
4313,2767
3826,4905
585,4741
3836,4691
3428,4800
846,4671
1296,3877
3482,1846
1599,2799
3195,4772
732,1742
4241,4763
1170,4907
4360,4696
92,4964
848,4926
2406,2849
698,9
503,4917
1191,4944
326,2658
1980,4929
3552,2788
2742,124
3692,4266
2900,4996
4258,4964
2058,3877
4354,4860
4852,4963
2988,2816
4438,1816
1041,4920
3363,3881
502,4936
1956,4995
825,2767
3499,5074
1483,4729
2559,2794
4630,117
1072,4939
3365,3615
3061,54
1497,4773
3900,4938
972,3879
554,2860
4744,2783
2237,4769
2130,4787
603,1835
991,4856
3507,4941
2318,4969
2373,4732
907,4972
4237,1856
768,4988
4517,2788
2964,3884
3340,4801
2930,2764
2043,4686
2603,1726
3111,2811
2020,145
2694,319
4515,4862
2110,54
3497,4733
676,4780
400,4890
1704,124
4311,1861
1672,1845
5079,4904
3064,2798
3464,4988
1960,2800
305,3886
1261,21
3254,4692
614,4265
1160,66
3918,4830
4258,1727
675,4832
931,4938
4618,4870
1965,2671
632,283
4942,2765
3617,4772
1069,5019
2231,1827
938,4917
1746,4676
740,4857
2797,2845
5076,4957
2241,3879
44,4996
4725,4935
3300,4958
2199,2823
4504,3924
712,2788
2358,4693
2597,68
347,2838
359,47
833,4876
4647,4748
3201,4909
1271,2774
798,4759
214,4944
2319,4266
1376,4785
4715,2816
28,1844
4129,4988
3640,4961
4238,4916
3401,4741
3147,2808
998,5070
2359,4894
2325,4693
2113,4685
153,4902
150,4912
2018,52
2939,3885
5033,4906
2412,4996
5042,2812
3492,1855
4308,4783
4516,2795
2586,56
2661,1732
1946,1838
1370,4955
2998,4918
4340,4917
144,4905
801,2811
3317,2813
3322,5065
2592,4748
300,4772
1235,2764
1620,70
2261,4938
3289,3924
3189,4998
4007,66
2988,4776
312,4937
756,4250
1853,1788
3581,4829
1823,2866
3988,4792
1490,2818
2173,4265
1739,4930
1490,46
452,4750
2710,4848
2766,4888
3373,4785
5076,4860
4168,4743
4583,4892
2096,4953
2953,2808
4024,2837
2545,4680
2209,1846
221,4765
691,70
1012,4792
3415,4689
694,1851
837,1740
1056,4856
1039,4736
2991,4789
2201,1862
1396,4931
25,4952
2517,4739
1376,4816
548,4953
2271,4791
1982,3914
628,4936
1236,4751
1717,4946
3697,4849
2886,4965
736,2848
1895,1818
4018,4783
3709,4670
4115,218
2586,4736
135,2808
2377,124
2850,4672
3899,4679
3557,47
4292,56
3760,4249
2530,1848
933,4860
436,4996
2842,4697
3494,2820
4960,4884
4421,1841
2168,1840
1193,4995
570,4873
4543,4780
4277,1737
4571,16
3701,2853
531,67
1335,4909
2708,4654
2748,4819
3211,4752
1803,4970
2592,4762
1969,4828
2551,2858
4155,1848
2591,4676
810,4913
5048,4752
2670,4856
2972,8
1063,4819
4115,1836
1014,1725
3961,40
1599,64
2974,2829
3200,2844
779,133
3289,4760
4508,4828
5084,4264
4078,2796
527,4775
4432,4687
1483,4917
4404,69
4030,13
4335,2833
2961,4905
1877,64
527,4820
3943,2796
2324,3615
3739,4760
3484,4936
4238,4961
2577,4953
4241,4908
4056,1847
4402,2847
3640,54
1072,46
4163,2833
88,2847
942,54
2677,4691
4494,2783
581,2768
1955,4749
1361,1834
1787,2776
4155,4755
1654,4965
975,42
1165,38
4233,4906
4009,16
2618,2789
2949,55
983,4889
2111,284
4823,2803
1126,1833
514,4816
2874,4789
4107,2855
4218,4929
4608,4697
1063,70
3069,3924
2498,4801
1970,38
2183,1808
3267,4890
3782,4689
1464,21
4079,4780
219,1850
4325,132
4102,4765
699,2776
1209,2821
5067,1833
1970,4996
2022,4693
904,4265
3917,4668
471,46
4136,4797
2649,2798
3450,2829
4205,319
2538,1731
3148,54
3929,4791
3552,1
4418,4688
2383,4891
3481,11
312,4820
757,4654
3763,2823
3248,4855
2805,4680
2970,4671
1125,4697
1022,1834
4059,4753
170,4769
3469,2835
707,4861
1712,1838
3502,3912
213,4792
2973,1808
4023,68
1207,2867
4350,12
2444,84
4544,4885
477,5000
4518,70
534,1839
2945,4911
964,4749
3631,4267
3427,4735
4214,2835
710,2808
4092,4896
3461,1788
888,4736
2167,2823
4110,2795
2042,117
612,124
4845,34
4184,1725
1030,4870
679,4934
4531,1850
541,2794
599,4750
2072,2829
1281,4937
2225,2671
1589,4750
2652,2866
2243,5004
371,2822
267,4936
4315,115
981,3
75,4768
2579,2841
2611,4972
3789,4968
5005,2856
3951,218
1969,4681
4928,47
647,4993
1954,4776
424,3883
2616,4816
545,4750
696,4772
4432,5020
708,1847
4614,2809
2319,3912
565,3914
3951,4932
1295,4847
3701,4888
323,4677
3408,4753
1561,4951
2309,2788
2673,285
5061,4913
566,218
1787,4786
1401,4613
3936,3885
1706,4693
4127,1847
4228,2776
1233,4720
2276,4961
1971,4926
1255,4937
3492,4266
277,320
4984,4988
2272,2831
951,4790
1190,3914
3312,3
1615,2783
155,2822
2484,64
3341,4678
59,4688
2966,4634
4153,3879
3251,4856
2380,2845
3011,1735
2793,4909
2574,4778
4700,4830
3921,4970
2688,4718
2068,4894
2620,4803
3557,2840
3479,4738
334,45
1767,4734
372,2854
2547,1856
629,2796
3600,3884
3962,4687
1120,4918
3246,4913
330,4747
2735,4674
2551,2844
1296,2787
5008,2856
4296,4693
4162,1748
3782,21
1368,4762
4303,4966
3745,4969
999,1855
3567,1831
4287,4820
3317,1740
4482,69
4038,4954
2442,4265
2905,4887
664,3880
1634,4934
1183,41
1926,4971
2686,4785
3555,4848
1110,284
931,4912
4418,1848
1718,2787
2757,5065
661,320
2054,6
1533,4915
4098,4882
1763,4746
343,4765
4194,4939
1980,5020
19,4696
2225,1730
2221,4732
993,4723
4382,2853
5037,40
1918,4830
4183,2854
583,4957
2598,4687
3581,1818
4854,4830
785,3877
816,1808
390,2823
1526,2860
4639,133
1133,4773
2519,5001
3176,4691
3781,4884
525,285
1447,40
2614,4862
3228,1848
3623,1827
1289,218
2395,4916
3762,4697
4195,2784
742,1788
774,4769
1427,68
4492,4774
1980,54
1993,4988
4705,5000
1335,4885
2054,4689
2955,4720
2613,4793
3934,4769
462,4849
4241,4776
361,4692
833,1740
1061,4747
1927,3884
4102,3914
4170,115
2435,4734
3077,51
848,4929
2120,2867
2894,47
589,285
812,2768
4316,4877
2648,1835
1907,4266
1376,4680
3908,4830
4323,4750
1121,2818
4653,2817
4252,4754
4985,2809
4927,4858
2692,4816
2569,4938
1176,4654
3766,4861
216,1836
2626,1733
2735,49
4057,2813
1546,4907
1991,2860
1457,4768
3543,4669
2005,2786
2546,218
1777,4770
1581,1862
2962,4829
2913,4883
1979,4676
823,4801
183,4876
2842,4720
3685,284
1895,4957
1294,1731
3287,2820
375,4755
4400,48
4838,4737
1229,2767
4717,2812
2457,2779
1718,4818
4564,8
4655,4688
1799,4264
4037,4669
1243,285
4566,4697
1056,4992
1372,1727
3413,1845
1017,4913
3396,2835
3978,2799
295,4613
3668,9
4291,4988
1554,4860
4208,2799
4808,5064
1412,1855
1416,80
1639,3880
1430,4931
311,4741
1343,5074
3056,1833
4390,1788
1676,1735
763,4723
1614,4998
1639,2835
2731,4884
1764,4918
3084,4880
4066,2853
631,5069
624,56
613,4674
3195,61
1508,4849
206,4909
1048,4887
1066,4762
3536,4953
4982,4934
2984,2821
1178,4947
870,2800
4519,1737
1383,4692
3507,4831
1017,4720
3900,4939
3261,4787
3926,4890
4157,3615
3810,1844
623,4991
3134,3880
3548,1731
225,4966
649,4734
2510,3924
1394,4747
4559,4762
3408,2823
1547,4938
3769,4772
32,1748
3817,47
3046,4733
3717,4743
2049,5070
3840,114
784,2774
2277,4993
2208,4803
302,4253
3349,4248
3198,283
3390,4972
1670,4676
496,1840
3590,61
4235,4958
2358,2838
872,2817
3587,4961
929,1742
4224,4690
3183,4799
4066,4759
644,45
2645,132
1781,3883
301,1726
1177,4911
3428,5077
3260,2765
4869,1731
4165,2782
2370,4848
925,4882
188,80
2210,84
1313,5075
4702,4799
5024,319
1561,4879
2673,4730
2462,4997
2199,2822
417,4672
4869,2845
4243,1835
272,4754
1196,4789
4097,2773
83,4883
1820,1835
2686,4654
157,4766
1062,4673
4104,4885
3581,53
2950,2773
1616,2844
4812,5
1583,4678
539,5073
4717,4754
122,4966
3703,4882
2947,4613
107,4752
2253,4929
2090,4773
2859,4970
410,283
1507,4780
4767,58
1118,4683
4942,4251
2158,4731
180,4679
1990,55
1194,4788
71,4671
2620,4884
1947,4872
3788,5020
324,52
1704,2800
3563,4755
1974,4692
177,4787
3848,4728
3427,4995
1982,4654
457,4936
1269,4919
3195,4818
2637,1840
4082,4935
1745,4727
1238,60
3447,4998
3995,3913
97,4788
1045,1838
2962,1837
2009,2833
4072,1836
3813,4678
2270,4861
4147,4879
2102,9
4492,4958
3825,4697
2462,4964
2140,4780
2892,4675
3135,2854
4982,2841
2610,4675
3578,4789
2706,2767
3347,4775
4172,4748
4133,4754
1941,4989
2266,4994
1206,61
2850,2818
1096,2844
1586,2829
2051,4886
3148,1856
419,4800
1494,2764
1334,145
666,4829
4611,3924
1181,2848
1587,2853
429,4742
3774,4668
2422,2825
158,4970
4717,114
4103,3914
3246,4654
3160,4907
75,4697
1128,4741
171,4902
2285,1835
4110,4971
3437,4748
1340,63
3976,4780
362,4944
1982,4681
4633,12
77,4870
4366,4972
2904,4248
2738,4902
2507,116
4599,2831
1249,1735
2436,56
4621,4790
2308,4778
1952,4635
1349,4752
2868,4739
1791,4937
645,3505
230,4828
696,4634
1636,4878
1140,3883
1928,4862
4417,4979
1880,4909
437,4671
3921,4686
1515,4819
1087,319
2034,4673
410,5004
1764,4937
3759,2839
4252,4779
4967,4634
4807,4929
2379,284
4310,9
142,4954
1138,4723
997,64
2896,4911
4034,2671
2881,4253
416,285
2926,4912
1212,5002
2431,2789
4943,42
2757,4723
453,2779
3874,2799
518,1841
4050,2814
4708,2772
2564,2795
2518,21
3159,4676
2762,9
846,4907
4808,4676
2369,4803
444,4830
2955,2856
2185,8
3041,4783
252,3880
1873,2786
759,4751
470,285
3969,5065
1293,4766
1747,2785
2504,4250
2051,4248
1324,4847
3267,5004
1869,56
1063,65
4925,4992
2539,4736
1670,2808
4359,5073
645,4961
1554,4789
3976,1808
2482,2846
1152,4988
1129,1728
4159,4882
4146,4763
1339,1841
3054,4911
2801,4857
3523,2854
4640,4937
2693,5020
1669,3
2552,4788
2144,283
2412,4635
2140,4784
740,1861
4928,4947
1595,13
5079,2831
1993,4753
957,1732
2748,4940
4822,2784
517,4670
605,2854
4524,4674
2584,50
174,2832
852,4856
3659,2853
4703,4965
2018,4897
2947,4830
3317,4926
1499,2794
2970,4830
404,4774
3032,2860
721,2768
3235,2798
4099,4888
329,5019
3547,84
2130,4728
3563,4828
597,4253
2163,4694
4190,1861
3617,4903
4925,3886
4503,68
542,4987
2893,4963
566,4891
720,4968
404,4971
2113,4932
1807,5064
480,3877
1643,56
2302,5075
760,1857
2351,80
835,1851
771,4997
4147,5064
848,4966
959,2827
2314,4958
4296,3885
1792,4762
2888,4962
4452,8
445,4733
486,4897
3482,2838
1970,1851
2914,3924
4582,1727
2213,4941
4271,4253
2969,1832
2611,2849
4853,4818
4428,4777
3632,4914
2009,42
917,4911
4525,4962
167,4890
403,4733
4269,58
3994,2827
1077,1733
4430,1827
4722,2856
4292,4738
668,4748
915,1832
1352,1729
3910,4668
3407,1727
4664,4996
1222,4931
2920,7
3959,4684
166,4750
2115,4920
2494,4251
1890,48
1646,4266
1987,2796
979,4828
1493,4954
4561,38
1723,4783
1873,4832
718,2809
136,21
1829,1837
4159,4688
3267,4968
2737,5077
2999,46
4144,4929
4495,2795
1914,3885
4945,4880
3869,4986
1643,1843
162,4891
3260,4908
846,4688
2353,4746
4549,5004
4974,4921
3327,2789
4339,4696
801,2835
1551,4718
944,4696
1184,2786
448,4919
3333,4670
3525,132
804,3913
223,4947
39,4678
2736,4803
3731,2798
1363,2862
3673,2784
1923,4937
2766,4800
1699,70
3941,4992
572,2779
2346,4672
1776,3879
1124,1735
4237,2786
3060,2838
4863,132
2542,4786
3800,4880
1457,4789
3446,50
3237,5018
3734,4818
3425,4266
270,4969
2368,1827
1620,4654
3630,2856
4834,2833
1047,4690
1399,4755
3973,3913
4302,63
382,46
3543,2795
1382,2817
719,117
4593,4939
2962,4987
1908,4830
2738,2808
1029,4782
1441,5
1976,4763
2308,4684
2430,48
4331,4654
556,4958
2901,3505
1929,1848
1403,2857
871,5000
4362,67
932,2848
3652,4829
1615,4987
562,2851
3580,56
4622,4880
827,4987
539,4789
1150,3924
3701,2844
1346,4693
2994,4888
4522,5077
386,4728
849,4720
3789,2783
250,16
598,2784
1885,4774
1595,4992
1557,4921
5079,16
2287,4887
4176,4996
3233,1847
4286,4788
1937,1835
3647,16
4045,2822
4662,4915
3717,5077
3252,40
3768,1857
1584,4787
3744,4776
2915,4910
3134,12
405,4884
4062,4879
1674,2823
2213,4850
2317,1808
3456,2800
3053,2866
2331,3912
2715,63
4798,4882
3387,4860
4504,5002
2532,11
3073,63
1546,4904
707,15
300,2785
2032,3914
4242,2796
3543,4668
4111,2784
2611,2779
2091,124
2462,4680
3253,318
808,4253
563,1740
3911,4747
225,4971
2061,5002
391,2781
1181,2810
3683,4901
3056,4870
624,4880
2485,4634
3266,4828
2143,4679
2006,4752
4717,2811
1258,4879
2318,4876
1197,284
4316,4687
3138,2851
1345,1735
1979,4901
1174,4828
5046,11
1196,4988
5033,6
1251,1849
1405,4957
3118,2814
1065,4776
3980,5004
606,4855
2604,4857
198,2816
2183,4964
1215,5019
5079,4884
5036,132
2126,53
3668,4786
1400,4861
1610,2795
2676,67
1475,4675
3035,4911
3223,4904
4699,115
969,3882
1489,4771
292,4697
562,1734
4219,4734
566,6
585,1727
2489,8
4442,4774
4572,4889
4201,2867
512,4919
2421,115
3313,4688
2710,4916
3219,4801
1195,5073
175,2776
3816,4739
634,1850
2654,131
3667,48
1555,4676
203,1827
3344,2849
2303,5019
1085,4952
485,2843
4812,2812
1260,3881
3678,4877
612,3914
3061,52
1084,4971
1549,1731
1952,1839
222,1838
298,42
3142,4768
1597,11
2497,4818
579,3615
993,3913
1904,1837
1637,4733
1821,4848
4431,4944
3621,4958
1406,2785
1291,4913
853,2799
2687,4679
1169,4682
4581,113
4067,4673
216,2831
2379,4861
193,50
2500,58
3317,5
4662,4861
2260,3912
798,2853
4514,4674
4651,4249
1672,4900
1523,4671
2889,1728
3181,4729
4386,4862
3632,5020
2890,4847
1322,2866
4376,2839
1222,2843
4239,2803
977,4686
964,1857
4526,3915
3457,5077
1487,283
1757,4966
1858,2867
3001,2820
899,4887
1562,2813
2928,8
3175,4934
1182,4680
1495,2786
2955,4989
3164,2671
3115,4718
3727,2857
3873,2826
3974,4781
3957,2764
1993,1843
586,4250
2738,4672
3932,4850
4363,2833
979,5065
746,4932
1877,2767
1306,2784
508,4727
1505,4718
3261,2794
3820,4723
2273,4751
3289,5069
3855,4998
1327,4253
1321,2867
3079,4951
4378,4793
3299,2658
4254,4762
3967,4733
2135,2865
2995,4880
2427,4856
4453,3885
2380,2854
1448,4692
4794,133
1429,4932
2508,4990
4043,4952
4527,2789
4523,1843
3465,1817
3813,4963
2415,2860
2902,66
4269,4930
1712,5001
4241,1834
2079,4783
4716,2867
4244,4797
4427,4801
4085,4991
3059,4672
2231,2811
721,4731
496,4914
1443,1861
3976,1732
3896,2825
388,2844
1011,51
2480,131
617,1846
645,4248
2937,4903
3569,2837
3895,4654
585,4882
233,4741
1002,4672
469,4775
1177,4265
159,2844
1476,2858
119,2803
3219,4829
3274,5066
3413,1
1141,2844
1153,4891
4481,5070
3320,4634
179,4718
746,1842
3861,131
5006,4847
4339,1827
903,4938
3036,1856
707,4752
2442,4672
3272,68
859,4733
1448,4900
804,4266
2586,4750
2092,4897
789,4885
2610,4770
4128,4793
4046,4760
4088,4856
3266,4739
3304,4690
126,2782
1524,4773
1345,4992
2649,4739
3546,4787
3170,1860
4373,4687
608,4820
1414,4988
2030,2765
831,4890
4999,68
5006,2764
4172,2835
760,4729
711,4991
668,1838
4535,4801
2659,2854
2595,218
451,2810
1871,2832
4286,4882
1083,3913
895,1857
1310,4940
2730,69
280,4830
3612,4829
625,2813
3104,2840
1591,2787
1950,4988
2412,63
2351,4937
4277,4907
3496,4742
3009,11
3101,2831
2897,4690
718,4266
4534,2765
1680,4905
390,4668
1755,4690
1187,4916
160,4935
217,4890
181,3913
4451,4786
2413,4753
1640,4935
2213,1846
1238,4892
2038,1856
3094,5077
3800,1844
2637,2765
4977,4916
2218,1839
2336,4939
1135,4264
1119,4695
2139,4996
836,1845
2112,4887
4530,4855
3058,55
667,2779
4043,1726
2391,1725
3041,4782
1966,4696
3013,1837
2176,2840
1574,2818
3284,6
1936,2831
4480,4996
545,4903
955,40
4176,4749
1566,4987
4975,1740
3417,4752
1244,1726
2208,4751
1708,4819
126,4669
3146,114
2198,2862
3104,4912
4054,4786
1605,4768
839,113
1821,1817
102,4752
2384,5002
4665,4728
3862,4911
3829,4776
3034,4831
3425,4776
3037,4770
4029,2851
582,3884
4925,1850
890,4818
3164,1860
4546,115
2102,2779
1450,4935
3210,4912
2655,145
595,4888
3530,5016
3967,2838
419,1833
2423,4681
1591,2820
2612,4855
1585,1833
3088,2783
3566,4883
1542,4896
3086,1848
3119,4938
1772,2794
2300,4743
4257,2827
3316,5073
3624,2864
1416,2831
3905,4766
23,2765
2180,3883
907,1834
838,4687
1498,1839
3128,4860
3528,4908
4022,4940
1323,124
1370,5020
3708,4961
108,2846
2626,4857
4411,2821
895,2818
411,3880
609,4265
1593,4886
248,4682
4316,4613
2403,66
657,4264
3939,4674
1339,4693
127,4873
751,4953
1820,4970
860,4784
476,4989
1881,4972
1538,4970
3383,4905
871,4677
3550,4784
4603,318
420,2787
610,5070
2112,4791
3559,4937
977,2857
4171,4766
301,4856
1782,1848
1491,1831
513,4912
5051,3885
1587,4911
2542,1731
3342,66
694,4832
2539,2829
1965,4908
2246,41
1955,4685
4557,5019
3164,21
3593,1725
2219,2813
4285,2839
2377,3915
2348,4862
4020,4872
1672,6
1660,2809
1450,2786
3336,4654
129,2840
1811,3879
3028,4929
1171,1732
335,5066
4279,4681
3663,4732
4298,4952
875,4801
964,4876
4171,47
3571,1835
2555,2813
988,133
170,4930
2842,117
564,4919
1678,2794
3388,4849
2124,40
3286,2774
1016,70
1829,1836
4612,68
4391,2843
174,1732
3145,4797
4543,1846
2755,2857
3346,4253
3246,1856
2239,2786
3538,2847
4104,4763
2063,3884
300,4718
2494,3886
695,2813
1959,2809
1266,2832
2770,4797
821,1733
2549,2790
4062,4979
1905,4912
4217,40
2400,4886
5033,3924
1243,2808
4633,2866
4065,4996
1483,4801
2850,12
3021,4829
1099,15
1052,4903
2441,4819
1682,3915
3578,1836
3718,4915
379,4986
1050,2837
2001,5066
3500,4749
1507,4919
895,1733
1472,4690
499,4686
3386,4677
1977,4992
249,4782
4943,4679
3286,2822
640,4777
3102,2803
3756,2786
415,38
2133,4697
638,1729
3992,2803
1260,4763
4740,5075
1430,2779
2131,7
3362,117
362,4870
1265,4253
1115,1843
2402,4682
3669,2814
1528,4718
2335,113
2132,5001
975,4903
2393,4930
4261,4929
3605,1740
4498,4831
305,4688
1084,4774
624,4978
1424,1841
3307,4900
1434,4916
3920,2820
1993,4962
172,4250
2617,4691
1035,3913
3233,113
1540,4635
3926,3886
1168,64
221,4994
324,2774
1349,15
1385,4677
1942,124
1595,4995
3043,46
1260,5064
2448,318
3359,4613
2509,113
170,2837
4293,117
1819,4741
4517,2817
2,4782
1626,4911
1313,4917
2122,4932
3775,4679
1745,4938
3206,4956
4620,4743
4744,3882
845,4901
2424,4995
842,46
561,4793
4343,58
1040,4762
3564,2795
1770,64
3797,4972
4933,54
1324,2844
2626,5018
1451,4749
4127,4902
1622,4994
1388,2817
2883,4739
4497,4956
1019,4952
28,4951
4757,4988
693,4759
2378,4748
4234,2841
2709,4680
4834,2848
1768,4968
2099,2860
3414,4936
1241,4917
1715,117
2508,3912
1394,4759
4638,4801
2253,4908
1560,2824
4330,319
3408,2827
820,4797
340,4935
2863,1725
878,2817
3866,4965
238,4931
4013,2825
3599,4900
797,4763
2672,4934
1424,4779
868,2826
1333,4729
3779,4803
3207,4954
4577,4921
3725,1857
326,4668
366,4729
2353,285
3112,2858
207,4769
1263,1729
2246,2814
2622,49
607,45
2335,4727
3088,15
2875,3913
3802,4940
299,2800
966,1860
4492,2784
1529,2866
688,34
642,4929
1029,4947
4840,4692
1010,4743
2106,2783
607,4987
5044,4678
4596,40
1360,2840
3081,4775
4518,3913
4307,4988
5021,4946
324,2825
2738,4687
4637,41
660,63
3754,4784
3211,41
3240,4970
825,2764
4193,4676
572,2671
4360,4872
1285,4847
307,1856
2923,2671
410,2854
1555,4788
4628,4654
3323,1788
2212,4778
2290,2848
1084,4964
3389,4946
814,69
984,4994
704,319
2159,4882
1070,4669
2977,4739
3132,4913
4427,4677
3063,113
2269,4777
2056,2774
164,4964
804,4754
1124,4752
1774,4879
1016,4738
2362,68
1528,11
2900,1732
3732,49
207,4791
461,4877
1413,1862
4058,2839
3770,2845
1642,3878
2039,3880
4705,4891
3394,8
2413,4635
4370,4248
4160,4907
3459,2866
4401,4793
81,4986
2205,4654
4704,4963
1315,4676
2640,4966
3760,4747
279,133
4160,4954
4942,2768
3402,5004
232,4788
1933,1735
4051,4739
505,2671
2614,11
3820,4829
2548,4753
4042,4873
2760,4676
3004,69
4000,54
2704,4870
3663,2810
1018,4654
2013,4797
784,4266
583,4768
2051,4906
4260,1860
4214,4785
3754,2841
2077,4918
1051,11
4124,3885
1930,2784
1767,4770
930,2810
4439,4741
2423,4901
649,4718
1493,4768
642,4759
3500,4997
1163,4737
4538,1860
1867,4946
945,4955
3632,4781
3570,4916
2955,1862
3501,4673
726,1849
3023,4919
4898,4873
287,1737
3124,4824
3845,2833
2134,4689
3408,68
730,4738
1268,5065
2270,4688
3909,4731
4260,2658
645,5020
2888,4954
4523,70
1128,2810
4318,4730
1722,1818
1008,4932
3943,4748
813,4901
3643,4678
2618,1730
3643,2858
323,4732
4129,60
3889,4688
2061,1834
2558,1734
3048,4750
1954,4947
1116,4734
3411,284
1291,1832
712,2837
231,2855
1586,4913
1539,1844
600,15
4717,4849
4320,70
4190,2826
2881,4996
2698,1844
436,115
749,2854
2331,3877
4035,1735
3116,4887
1208,4832
1408,4936
4716,1846
2742,4828
161,4801
2154,2814
1570,4723
3766,4696
1717,4800
3287,4735
979,4935
4549,4849
2271,2799
4710,4894
3797,4995
3784,4957
1786,4939
539,4958
992,4997
4631,2860
4826,2854
792,2773
3715,2843
3121,2831
3027,8
2378,4901
622,4906
3980,4673
4104,2796
2258,4952
585,8
920,4987
4756,2847
4387,4990
3303,132
321,4901
1933,1831
2926,4858
1586,2812
1438,1817
4385,4788
4023,5074
2056,1849
4361,1856
4404,4919
4403,2857
1414,2854
3136,4793
1523,4634
625,4971
3465,4968
423,4734
3748,2841
2203,3883
2576,2767
3828,4872
147,2817
2770,2814
2174,3884
1455,4760
3395,1846
1142,283
1288,54
1486,3879
1596,4681
4517,4946
3081,4988
3206,2818
1398,4680
2942,4679
3354,4879
327,4718
4315,1748
3796,2787
3406,115
3345,4989
1093,4849
2522,55
3973,4792
1746,1850
1533,4747
2282,4978
4121,4987
2065,3885
3628,2774
4661,2808
3970,4858
3231,285
3650,4678
2018,5020
4845,45
3073,1731
3006,5001
2709,2839
421,4781
1261,2768
2477,4955
3272,5001
706,2772
183,64
645,21
1195,2798
644,2818
1078,1729
3260,2860
4107,5075
3862,2814
5060,4829
3950,4753
3202,4966
3422,5077
3350,2821
2140,52
5052,1857
1204,4883
3907,6
3026,53
2450,4692
967,4759
1341,2832
4089,3914
326,3877
414,4909
1640,4760
900,4915
2680,80
4438,2831
2985,4970
2378,4248
382,4817
209,1836
1867,2671
81,4944
269,116
2411,4934
3752,2767
1037,1857
1705,4896
36,4774
1144,5073
694,1818
818,2811
263,4830
4758,4265
1359,3880
4099,4732
1521,4972
947,2816
768,2787
1823,4266
4392,1849
4281,4894
4447,4883
3024,4968
748,2860
1930,4780
1502,4919
2087,48
3530,4987
4530,318
3799,3885
1366,320
3047,8
3910,4691
1802,5064
739,4674
2689,2838
3200,4890
3082,113
4571,5074
2739,1732
1334,4848
840,2857
2335,45
1120,1727
3309,4691
1290,2845
2917,2839
4562,3882
3634,4951
3616,4790
4340,4890
2052,4956
3053,3
864,4788
3108,4879
78,4850
1013,4919
4350,4861
3017,4855
2914,2829
3081,2853
186,2671
1478,4265
1902,4817
932,4754
1049,4824
2462,66
3819,4956
3459,2826
1383,4953
2655,113
508,34
1345,2803
1662,2832
28,4782
3870,1840
1280,5065
4826,1840
1942,4673
3045,1857
4412,5018
2807,4935
1223,34
4326,4741
3764,4848
1085,4815
833,4952
707,1838
3565,4728
637,4723
540,2832
3477,4956
492,4755
1547,4695
3469,4775
134,2839
266,4989
4484,4747
1210,4850
1087,2794
691,1727
3560,2767
1876,2811
1899,4799
2970,60
2836,4800
529,4674
3137,4613
362,4885
3419,113
678,4674
1671,4991
1811,1731
602,7
2356,5
4112,4920
470,319
5009,4686
633,3881
286,5004
1272,2781
2219,4872
1739,319
2198,5073
387,4830
83,4760
3846,4793
4826,3877
3126,1735
290,2796
17,4972
2159,5065
3967,1817
945,4963
4315,66
78,53
2579,84
1690,1836
865,4907
1881,4989
2334,4897
3509,4847
979,4668
1938,4953
2211,4992
2164,2772
945,1729
3191,2786
2330,4831
3733,3914
4619,283
4045,4734
23,2860
1274,1862
3815,4968
4618,3615
1795,2808
3037,2844
2296,4968
3379,4681
3010,4934
3059,16
2885,5073
3404,4679
664,48
3449,2822
2170,1731
2637,5018
2620,4264
108,4696
4106,4888
2277,115
201,1817
2350,1846
2496,1857
1237,1838
2936,2846
4247,4958
5057,2818
4647,47
1387,4963
1114,4265
2083,5077
1922,4790
167,133
3765,2858
1687,4986
2056,4678
1624,4693
1688,1855
3625,4780
419,34
194,4829
1599,1725
4291,3884
128,4750
3744,4952
2178,2795
483,65
1473,4996
2075,4941
3528,4937
1291,4887
3499,55
4199,2864
4002,66
4121,4675
110,4887
2282,9
3616,2812
1658,4911
3485,4891
4337,2835
4348,4849
4240,4720
1458,4674
1953,2765
4100,4815
1078,1838
4052,4861
400,4929
1569,2845
205,3924
1870,4828
4136,34
1872,1860
1905,2813
3825,4736
4183,4886
2400,1842
3348,4768
2019,2783
452,4919
1926,4952
1049,4788
3710,4819
2391,12
4130,5019
2650,5074
1461,4890
3362,1843
105,2786
2983,2843
4218,4800
3120,4681
268,70
3073,2803
1820,116
5057,2844
4362,2810
349,1849
4373,2764
289,2814
4124,4678
1000,5
1828,2827
949,84
2933,117
2797,4995
2691,4736
1189,4913
3298,4264
5008,1827
1281,2833
988,4739
4123,4742
1829,115
3514,3912
2873,64
803,1833
1108,4732
1557,2858
3301,1788
2510,3913
2542,2839
3392,4770
92,2764
1157,4675
184,4872
3082,1835
3153,9
1365,4768
4042,4679
1496,4966
1807,4894
449,5019
4591,4831
3719,4786
939,320
4191,2774
970,4878
4874,4686
731,2846
4808,4988
2706,3615
4201,4946
1821,1839
2562,4785
1356,4783
2018,4774
3442,1740
3704,2823
4602,4896
2356,319
4476,4937
4225,4776
2385,131
636,4751
1690,4996
1022,4784
1906,4979
3813,2774
4189,132
2715,5001
1770,4771
3034,3884
832,4801
450,1735
705,2787
3158,55
1757,4882
2019,2765
2302,4686
4505,3877
3424,1843
2834,1733
2440,1729
3175,4946
833,4997
4185,4736
4020,5
33,4906
4324,3924
3535,4965
1020,2835
1393,2789
666,4693
4199,4917
975,4727
2896,319
258,62
1046,4901
4174,4998
3989,9
2586,4776
2643,4921
1950,4816
3117,318
1678,4963
410,2855
2986,320
1014,4673
448,4770
3780,1726
1408,4892
1978,4914
766,2817
2977,3
1502,4879
2880,4250
3967,4681
479,4878
121,2867
4506,1788
3241,4668
4554,4889
2474,15
355,38
1581,5075
2232,53
4583,4791
4795,2774
1242,4248
502,4249
4117,4762
3105,2764
3588,133
110,4915
947,1733
567,52
2143,54
2609,2840
1438,4746
4105,2847
1070,1833
1897,4250
4666,2776
3564,4847
4531,3881
2235,1838
1758,4782
2679,49
2209,4954
1953,1840
2000,4680
4505,2840
3980,4883
2499,117
518,4770
2429,1848
297,4932
3728,46
492,1834
1760,4958
3847,5000
921,1788
3191,4850
3809,53
2131,4691
3188,54
927,1860
4975,4766
3917,4932
1033,1731
3610,4892
2703,4926
1713,2837
4846,1
3338,4654
1463,2785
4353,3882
2651,4988
2668,4918
2510,2845
212,4720
2471,2799
1023,4937
3687,2764
2762,16
1685,60
1195,320
3094,4905
1317,4634
1792,1832
2085,4748
1982,4674
4218,4905
969,2812
2925,2812
170,4891
2226,4988
160,4862
267,4914
3384,319
2381,4801
2384,4267
4584,4920
3397,4991
2164,1845
183,285
3961,4935
818,1840
1968,4992
2232,2765
378,113
2184,4988
2358,11
1527,4987
908,4918
830,2765
3000,4681
4122,4888
1819,4801
4122,2785
4393,2767
2067,2813
1385,4771
4357,50
3586,2772
2594,2858
2165,318
86,5065
4810,116
4156,1862
1608,4783
5045,4248
3380,4880
3125,5075
1704,4963
2199,69
878,2800
1122,2812
1481,4788
3341,1742
3449,4677
1352,1835
3800,4955
811,4918
1813,8
1895,2768
3164,2798
3021,1896
3487,1827
1617,4987
929,2785
3160,4799
1020,114
4033,3
4493,4727
299,4670
799,5065
3467,319
2942,4916
986,4892
4865,132
4389,84
820,1843
299,4687
1498,5069
247,4877
3867,4860
433,4689
128,2813
4663,68
4318,2849
3198,4789
3931,4878
2205,4990
4531,2813
83,4849
2029,4250
1417,42
4717,145
4195,4786
4413,2785
2179,4979
3783,5002
1965,4755
136,1841
445,2841
2994,4830
843,70
1279,4828
3972,5066
704,2838
3348,4730
1091,1836
2599,4654
1269,2848
2247,2764
5012,34
2931,2823
2250,1836
1767,1860
1957,4911
3464,4892
1373,4654
3383,13
4499,62
2257,4687
2097,4914
3825,4680
296,2829
4532,4249
4416,1818
293,3915
1724,4765
4216,4773
436,4801
804,2843
4661,4873
4118,41
3727,115
2111,1855
1690,4748
4433,4978
922,4897
610,1727
2880,56
1502,2781
1418,50
885,3
4104,4916
2490,4677
576,7
1708,1835
3748,5016
3324,4736
4038,4790
1274,4909
2701,4969
3476,4750
4226,4753
226,1831
1826,6
819,2822
1385,4931
2177,283
3362,4884
2136,4911
2571,2845
1464,4963
1358,2817
4176,4751
874,1818
3503,4947
4525,4777
535,4891
3822,4727
10,2787
1560,21
3156,58
3858,2816
766,4992
2157,4920
3497,4687
2527,2820
3671,2783
1335,3880
4865,1860
1643,4957
2594,4736
1257,4912
253,12
2740,4937
1903,4754
286,4787
1160,2800
797,2865
2184,4888
5052,1841
2925,4654
3918,4761
4146,46
2142,4904
4451,4693
1089,5000
1720,1827
4452,4940
4349,4856
2938,2768
4578,1851
4448,4962
3447,2866
1081,4759
593,145
4286,3884
3072,1788
1747,4265
2662,5063
2584,3912
840,1846
2729,21
404,2817
795,3884
2137,4679
2432,4741
163,4998
4158,4741
469,1831
1535,1856
1347,4964
2884,2858
654,4831
470,4856
1342,2848
4610,50
1477,1841
3573,2844
662,4785
789,4919
592,4739
3966,4957
1651,132
1459,2840
4152,4654
1787,2794
3645,5069
1767,4855
26,5016
3384,4253
4639,50
591,84
3121,2858
4015,2782
1759,4654
487,5016
265,1788
28,8
3518,4797
1667,63
1977,13
3752,4829
497,2839
797,4771
3374,3
2473,133
2385,283
4380,2854
804,4779
2584,4692
4444,1861
3893,4672
2076,4861
2248,1729
1664,4819
2063,4736
2249,4956
4192,4748
531,4728
4252,4891
4406,3915
2334,4935
3098,4824
4583,117
1226,2858
3123,4816
195,42
521,4936
2425,4793
138,2809
2912,4676
4558,4820
2936,4907
3289,4969
349,4688
4843,4742
1741,1846
2744,4989
2207,4743
1327,3
4573,2847
1496,5
187,4784
191,2765
3846,4251
3338,4937
2667,4971
2993,4828
2352,4682
4154,4896
2990,56
1672,4671
1264,4770
4622,5018
4019,4953
2085,1728
1885,2787
4546,4921
2124,42
2216,283
3348,5070
2791,52
830,12
3743,3883
1077,21
1986,4681
3013,2854
4172,2855
1486,1837
400,1857
2130,80
3008,2864
1190,5016
1692,4763
1670,2779
4200,4753
1440,2813
831,4799
2654,1837
1549,2774
3129,4938
1058,4720
4713,58
1019,4858
1772,2831
3145,84
3762,4997
1648,4891
4899,2822
1205,4720
420,2658
3842,69
2380,4860
3990,53
147,4789
3435,4880
1253,5001
1350,2866
3769,4926
2721,1840
3962,3913
4715,4887
2318,2848
707,4829
1928,49
4431,132
905,4997
3544,1844
4621,2838
4620,4962
2118,2827
3031,4694
2087,70
3241,4790
2090,1740
4533,5064
3453,3615
4390,4931
683,4818
4221,4634
2316,4694
3819,1734
669,4944
1034,8
3795,4946
4118,4953
470,4727
1319,4896
3121,4988
3154,4684
1153,2810
2732,4891
1603,4682
4337,3883
2734,4775
4566,4816
2374,1845
1886,1846
3311,4860
5048,4718
377,2841
4329,2781
3343,4735
3138,2860
3477,4784
4767,2841
4297,4906
4646,1840
4096,1730
5049,3914
2422,4820
23,4979
1716,4890
1302,34
3471,1817
2897,4862
476,4931
2801,21
4170,2776
2685,4727
4583,4720
1616,1856
2015,1846
3384,3885
159,4671
776,4876
815,4820
3035,5074
1685,4936
3638,4253
4182,4861
812,4253
2684,4890
859,63
2390,2844
4223,4832
2116,4737
3072,4990
1105,2799
1996,4680
4445,4774
4372,4858
4574,4954
2288,4784
144,61
3917,4912
1480,4681
3400,114
4343,2810
5052,2816
4657,4634
3529,1848
379,67
3418,4882
2221,2838
551,131
4487,117
2321,4937
3443,4870
1272,2844
2361,2788
4324,4818
4295,70
4215,4253
737,4910
1197,4762
4648,2825
828,4917
2101,1860
2887,4753
802,4911
4298,4986
4254,1849
1598,4953
3926,4991
4413,4816
900,4679
33,1827
3215,4792
3812,1737
3380,4857
3332,4785
4036,5004
3555,285
918,2785
2923,4690
409,4680
1931,2866
1355,5063
1791,6
3665,6
4506,4692
2510,4915
3651,55
1825,4784
2888,4896
4407,2795
2260,2846
1498,4777
1169,4991
5033,4732
2558,4682
2122,2843
3425,2812
2126,4803
4665,4790
1278,4908
1556,4730
2663,320
1745,4905
1063,4634
1466,1731
2702,2776
459,4963
1056,4817
3897,2811
1443,4678
2690,4770
2861,4970
4234,4956
3956,46
3858,5066
1247,1729
2077,4785
2669,4738
1242,4986
97,13
3397,1740
3320,4720
2712,4763
515,4971
1348,2860
1663,4760
3730,4774
923,4613
3752,1840
1618,4692
4724,1840
657,2866
4853,2862
418,4634
994,5075
1637,2803
972,2821
153,45
328,4733
1212,4769
4166,4684
152,4747
1384,4816
2760,4997
797,4858
4843,2867
4368,4978
3373,2849
1705,4781
4029,4753
1087,2845
2868,67
4142,4755
3394,4671
1960,11
3579,4729
3278,1848
1366,4878
2585,4897
490,4801
3927,2785
1599,4995
3802,4781
847,4944
1596,38
1236,4251
3752,4900
1710,42
4389,4746
4627,1862
1781,4694
3941,4849
2746,2781
4071,4941
3861,1896
3680,4678
2007,4803
2734,2784
3249,12
118,4936
3694,2848
2449,4685
790,2794
2759,9
3144,4995
1081,1841
4041,2767
2069,283
536,38
3677,117
1469,2816
4123,4935
4391,1841
3068,3885
352,2846
1221,4791
1595,4860
4145,49
2460,4972
757,115
4213,4761
3564,15
278,52
1776,133
1362,4908
3451,4891
757,4886
3921,2784
392,4885
1965,1733
3357,320
2943,4858
138,4815
952,3885
854,1832
3099,4996
4035,4733
1391,4968
3583,2814
938,2847
93,1862
985,4907
840,5016
3976,4770
4035,3885
1515,1855
2292,4884
267,3
3159,4738
1685,285
4974,3884
4440,4750
3848,4732
2527,2851
2902,65
968,2831
834,4723
678,8
625,6
608,1844
1619,284
44,1818
2002,3886
1490,1732
1870,4760
843,4918
273,4884
1389,60
3731,4729
722,4969
4217,117
1486,2774
127,4678
2666,4266
941,4687
1749,285
2599,4889
4200,2846
3105,4937
408,4907
2540,1847
1382,4911
4202,133
4282,4910
3895,48
1237,218
4393,4961
1421,4987
3648,4907
4407,4654
2501,4250
2558,5075
469,4998
2125,4265
3492,2782
1421,2784
743,2658
2249,1850
1592,4680
4235,62
477,318
3707,3884
1167,1855
2539,2787
1338,2825
1573,2798
1235,4783
1790,4913
1898,4879
462,2764
4044,4958
4611,4979
334,1844
1786,2867
3723,4979
402,2827
1445,4669
397,2838
750,2812
941,2658
4166,4776
3418,4634
3628,4908
2876,2851
2901,1832
3235,1726
711,2803
2934,4818
2280,4785
2350,4739
2992,2867
158,4251
3823,1836
1810,2799
5014,283
3029,4919
3518,8
4220,3912
2902,2803
4630,4964
4317,4971
3020,4817
4927,4952
1262,2787
2371,1831
1200,4760
39,4776
1059,4760
2686,4972
1080,4723
4189,5063
4301,4749
2247,4730
4024,124
873,1832
2993,5077
2737,2851
2198,1831
1352,4935
2321,4855
2746,4682
3164,12
2466,2843
921,4733
4501,15
371,4956
440,1842
2959,2840
136,4876
4136,4961
1212,318
4050,4997
258,21
2018,4907
4575,4816
3267,2795
2020,4688
4578,4727
1967,4743
1631,1817
1217,2813
499,2858
653,4692
3476,4751
4280,4672
2360,4937
3618,4733
2984,2658
310,4728
928,4914
2444,4787
591,65
2654,4732
3652,4855
2159,4934
2035,2784
4470,4907
1869,52
3842,4686
445,4741
1637,40
1113,4265
2653,4742
1884,4786
2876,2865
1158,2845
3133,2835
4439,42
5021,4820
4811,1833
920,4858
3775,1818
4804,1818
3807,4694
3476,4956
1325,2833
499,2809
3823,1842
2890,4769
1429,3878
1488,2862
440,2860
1125,4962
5076,4782
4119,1817
2455,4676
2656,1846
1150,4986
3748,2825
4029,2848
3323,4909
4577,2671
3852,11
1593,4692
385,2855
4098,5016
3151,4686
677,4765
5053,4720
192,65
2879,4678
1414,4777
3379,5020
1541,69
3377,5064
4277,4828
4273,1
3952,284
1745,4994
4070,4738
4555,2817
97,4903
1441,4939
2078,4743
2905,4681
1675,6
3500,1832
3343,1836
1686,4931
1274,117
3712,1728
1105,4905
94,4878
3658,4877
1072,4872
973,2811
3582,4790
4171,4951
2202,3880
436,2844
1412,4792
1115,66
723,4917
3047,4969
3093,2862
2672,4816
3737,4766
3812,4936
1394,4815
4924,4944
5058,4885
545,1851
1548,4729
1802,3914
1367,4736
4399,3881
4406,4998
4446,4691
2245,5019
2585,4968
622,4791
3297,4266
3641,1731
304,38
2579,2844
2394,1844
3073,3884
4392,4917
4177,4801
3941,4792
2908,1
1992,2866
2530,4761
3810,2831
4071,54
4435,84
1282,4720
1175,4830
1765,4932
5021,5064
3768,4764
484,4944
3722,4792
3550,5073
3978,4878
3175,2832
1166,21
4767,4697
1113,1845
4437,5004
2960,2803
4548,4737
4275,4939
1481,1849
4975,4817
3927,1732
465,4847
249,4912
901,2856
1815,5066
4078,318
3872,4921
4063,46
3130,2812
1442,2858
2478,4929
4332,4932
1628,4911
23,2671
644,4939
1433,4956
4153,3882
4923,54
1155,34
5071,1740
2206,4815
2971,2779
4868,4883
4632,4849
2675,4676
2356,2795
2537,1847
2881,4754
2522,3615
169,4688
1104,4727
2004,4764
3386,4752
2527,62
983,4920
1723,4771
448,283
3212,4673
1805,4248
1290,2829
310,47
992,50
3555,5000
90,4904
3025,4972
4412,1728
2632,1735
858,3505
866,4792
4040,1837
396,4910
2489,4831
1770,4685
1454,4248
4662,4901
722,4913
2760,4265
4010,5077
4090,4880
4261,3912
1681,4783
376,2825
2595,4857
2265,4862
1698,1727
741,12
1286,2785
440,4783
982,3886
386,4919
99,5074
1096,4797
870,4920
3058,4926
1612,1896
228,2844
5054,53
932,8
4040,53
623,2783
4468,2814
1364,11
357,1849
4296,3505
3227,63
1532,4743
2238,70
4356,5063
1465,4912
2620,2800
385,4749
1695,2831
167,2855
196,4986
747,4730
99,51
3917,1833
4079,1838
1237,4920
1038,4988
579,4847
3575,3615
1940,4790
1462,4248
1635,4736
3783,4941
1469,4671
467,2808
120,4771
2084,4920
645,283
2955,15
202,2781
983,2765
2939,1832
4235,4742
4806,4681
836,2844
3326,4687
1308,124
2804,4989
3178,4920
1972,1831
3358,4668
518,4695
3353,1
3380,4904
4364,2781
169,2866
2859,2796
3289,41
3925,2765
4943,3885
2237,5063
57,4785
4003,4918
2221,4824
2883,4855
1017,4856
509,1728
704,6
1571,50
1978,16
773,4668
1423,2789
243,2847
274,2796
3965,4969
1567,4879
1166,4987
279,4803
4279,4782
332,3615
2255,8
4810,1844
4717,40
1700,2848
4322,80
3511,2867
4461,4824
346,1857
1028,4879
2648,283
507,2800
4834,1731
1453,2813
3824,2671
2761,2782
1577,4690
3907,51
2204,1836
4624,2829
2696,4996
4096,60
2161,2789
916,4791
4627,1851
3224,4687
3226,4991
1462,2788
3650,2848
3664,2799
1934,4820
1062,1836
5043,2817
1259,4953
2517,4728
4566,66
159,4797
4141,4674
4517,2864
4497,2813
4438,4816
2537,2857
1785,1850
1600,4906
364,4253
535,1860
1016,4915
292,124
1013,2810
2646,2839
3297,4748
2025,116
781,4855
2254,3877
949,2658
4144,4770
2090,283
4724,4870
2336,4996
3645,4995
3581,1849
3962,4909
1695,131
553,4902
4090,4729
3357,4998
295,4931
4041,5069
487,1742
3947,4880
3186,4965
1392,4776
2423,34
1758,42
566,2866
866,4876
4129,4678
4067,4677
3501,4684
1168,16
2560,1845
2291,4723
2327,3881
2639,2795
2019,2847
1221,21
418,4972
3356,4686
2570,4951
2875,1727
5021,4718
1372,1849
188,4678
1114,4697
1657,55
3575,68
3350,4919
2580,4793
2571,4675
390,4692
2955,2772
628,3878
4111,1831
3941,4673
2170,80
1450,4989
1466,46
3219,4819
3748,3880
1886,4905
3090,46
4256,1816
1105,4673
2621,4768
1420,1733
83,4886
1368,4972
4703,4894
512,5000
522,2813
3082,5020
3944,4815
2192,48
2628,5001
4242,2764
140,46
194,38
2169,4946
1770,2800
464,4739
918,2865
1863,4870
902,2784
2716,2837
3803,1735
2387,47
5027,63
1302,4679
4345,4916
487,1788
2156,2858
2552,4939
4094,2855
668,2867
3911,3881
2403,1849
2986,3883
1097,1839
2402,4735
1591,4873
209,4962
4052,1735
2285,4743
1428,4947
3726,2862
3211,4760
2953,4908
3057,47
502,2782
3345,2822
4606,4896
4834,4265
1388,4929
4577,4954
3894,1851
2719,115
3179,4951
353,4755
686,4736
1180,2862
2935,2671
4063,4884
1657,2837
1307,3912
3666,4882
146,4884
128,4919
3974,2798
720,4785
2328,4969
1770,4741
3544,4691
614,5063
152,4903
3406,4914
840,4693
3425,4849
2884,80
1914,4670
4188,1748
2199,4917
4418,4857
4083,2848
4662,5020
181,12
1352,4954
278,2816
2981,4776
857,4682
1796,4253
4243,4939
2618,4978
1021,1844
536,1850
2742,4819
1760,1727
724,115
194,56
4363,4780
2718,4909
2398,1740
175,4951
2494,21
1195,4831
3449,4773
1338,2838
1798,1856
2754,4801
816,4251
2083,4988
4294,2839
3903,4994
2249,4676
2896,2809
3580,13
1189,4694
3298,2798
3142,4883
2986,68
1239,4778
254,2786
2582,2788
3875,2823
3544,1727
894,4742
2202,4897
3461,70
2447,1748
924,4727
3701,4253
4553,4265
611,117
3359,145
1271,9
127,4727
3034,1732
2531,4944
1622,4732
1162,4896
759,4934
2520,2816
1059,4763
4721,4772
2696,47
866,2865
4547,1740
1710,2800
693,2816
911,4248
3332,2856
57,4728
444,1847
4548,4782
975,4778
2511,2785
2244,4749
2769,1816
3360,133
909,4957
3410,4690
2483,2794
2428,2821
2261,4762
699,1748
3645,4936
4101,4780
1542,4906
2602,4774
1084,2851
3452,4693
1058,4889
3221,4683
2398,1726
2644,50
474,1834
2638,4855
3930,2867
3733,56
4638,4749
4588,21
3160,4926
549,4738
1792,1846
665,4766
558,4965
109,46
4534,4689
2681,51
3687,4953
843,4855
3764,4265
3349,2854
3441,2829
2591,4771
2443,4754
163,145
3970,4891
3920,2862
868,1728
5050,4889
4109,1836
1322,4971
3445,2784
2454,5069
4217,4735
884,4994
4651,3615
179,49
1806,4903
3589,4248
3195,1837
1243,4912
694,5064
4522,2816
4441,3914
1008,6
1432,318
4410,4916
3629,4888
2244,132
2879,4848
2193,52
3640,4676
3807,2865
3128,4910
1909,319
1204,4668
482,4675
2447,5001
1026,4728
4417,2795
