430,60
4843,4746
997,4613
2775,2812
3696,3881
4533,4673
4320,5016
3761,4766
3410,4676
3164,3
434,4785
4637,4790
972,4754
3201,15
477,4994
2498,2764
666,4747
3975,4791
4610,48
4488,4248
844,4654
4340,1731
756,4792
3806,2856
2491,2794
4344,5069
5013,38
2254,4739
1605,4988
4138,1846
159,53
1423,132
2298,4882
2155,4743
260,2826
3553,4920
3077,4906
2178,4668
4480,51
1178,4790
1532,4674
3527,4990
3442,4774
3357,4752
3564,4770
3789,4962
4332,4737
3847,4908
2873,4882
4183,54
3208,4917
1058,1847
22,4772
3784,4265
756,4988
601,2862
2476,4926
2673,1817
3499,4819
1253,4997
4474,4884
4030,1838
2520,2844
2311,5004
2476,2809
4139,4791
1192,4990
618,1742
3321,1847
43,113
336,5
1023,4786
3766,4762
760,4954
1555,4750
1425,4693
450,4963
1364,6
2916,2774
2338,4675
2332,283
3069,1732
2987,4857
2156,3913
4192,61
425,4858
2614,4727
4340,4693
3427,4832
860,4732
2731,4860
2555,51
4835,8
2349,4743
2283,4782
1523,2848
3632,4761
3010,5
96,9
2619,5064
1521,2799
3137,2818
4274,2809
4959,4723
410,4829
4246,5070
2541,4731
4839,4772
4060,4877
1209,5020
1191,4820
164,4668
1610,2800
4139,34
2649,2764
2246,5077
3114,4889
1245,4769
1289,285
702,1834
1191,4773
3511,1850
195,2790
4802,4793
3605,4818
2338,1841
1039,4689
18,1837
3657,64
2339,4908
3649,4953
2626,4885
1017,1843
3007,4634
1500,1832
888,3886
2513,2776
4579,9
1516,4849
208,2810
1584,2671
3812,4792
103,4266
3009,2803
936,2811
1370,4267
841,3878
768,4681
2598,2671
1176,61
1496,4733
1985,1849
2852,4883
2012,4765
4538,4832
864,4998
1025,3880
1154,1740
3754,3924
2046,4894
4705,4768
1291,2809
886,1855
3423,2790
1966,4746
1198,4848
296,4951
2802,66
3962,64
1232,131
1287,2829
3085,5
1461,4771
195,4936
3282,4880
1074,48
4624,4986
2292,4947
139,53
3586,4751
4194,5
1402,4870
2381,1856
2665,3879
3272,2841
2587,1725
4121,4849
3138,5074
1776,1833
3682,2846
2115,4683
1881,4940
82,4775
4375,2799
5053,4803
970,4861
2266,2829
1914,4774
93,4986
1538,133
1040,2764
3934,2822
2595,4889
2140,4848
24,113
3119,4789
268,2860
1502,4695
307,2862
2923,1725
1183,2779
334,4929
1537,2821
1912,55
3070,4862
3046,2811
1750,3883
664,1
123,4873
3674,3878
839,4695
1790,56
4636,1860
3513,2820
1879,5066
4152,4860
1395,16
4536,4635
427,4613
2763,4771
2380,5074
2092,4932
2266,68
544,2858
191,2787
4188,5063
3162,3884
637,4741
1891,2808
3082,4936
2271,3883
820,2796
1042,1740
348,4939
1533,1725
4373,124
945,2814
2188,4883
4073,60
649,2858
1974,4819
3370,5077
250,4958
3491,4766
908,4696
141,4829
765,2862
2836,1838
3671,1726
150,2786
2204,2820
2579,4265
3513,4907
3367,1851
3819,4732
1947,5075
3702,16
2953,4919
3240,2814
3222,1732
3313,5016
3051,4737
3268,2818
3521,4670
3151,1837
4587,4894
1609,2767
230,4747
334,2803
3986,1742
1801,4951
1909,4894
2473,4253
3070,4761
1459,4266
3856,2860
720,2796
4558,4753
538,4890
81,4253
417,16
169,2851
970,6
2139,4912
3217,1845
2411,56
2011,2783
1822,4761
4854,2795
2871,1848
2409,4748
1530,2671
4624,38
1761,4824
2466,4829
684,1857
3864,4926
382,5070
4984,1840
169,4739
3730,4772
1918,2824
1149,2773
5013,4900
4632,4781
947,4963
3531,4692
5027,48
5037,4265
209,3912
874,4900
3990,4790
1706,4935
643,4916
4112,4885
211,2851
3144,2823
1452,2864
3386,4935
1380,63
361,4888
582,4634
2071,3885
2429,5018
4068,2848
2468,4894
1780,5019
455,4917
2093,4930
4318,15
98,4690
3916,4903
1705,4668
3634,4890
4595,4760
2597,1844
3183,285
4297,4906
5041,4889
1697,4903
2594,4824
4371,4907
4574,4634
2125,4696
1633,45
1761,80
888,4880
3183,4906
3448,47
3327,3505
4495,4746
5012,4746
3488,48
4192,4901
2277,53
3822,47
3834,4900
1901,62
2894,3924
771,4689
1256,4773
4134,2789
1115,2845
1218,2864
4651,4785
2364,113
4874,2826
559,62
4106,4909
678,4266
3971,1748
523,2848
282,4862
4617,4978
893,4782
537,2856
1897,1734
1085,4965
3160,4788
1974,62
4699,4887
1256,4675
1607,4896
4700,4734
1682,4930
4084,4674
2482,4677
2122,2767
2324,4253
1272,4803
1353,3505
2014,16
4015,115
653,4799
4543,320
1152,4680
773,8
1154,4964
104,4752
3778,4720
4460,2848
4614,1729
636,2812
3989,4770
4469,1896
2606,70
1264,4731
3946,4788
2255,5001
4387,1725
1330,2846
196,116
701,4815
4021,2808
2935,2809
1938,4877
1337,3877
2978,1832
743,1862
1938,1816
1466,2845
867,4872
1328,2838
4023,2837
4324,1849
1545,4946
1521,4634
3284,4911
2969,5064
4241,283
4950,4672
1764,4929
3706,4848
39,4788
4076,5077
2445,2764
27,9
4317,2812
99,4249
4863,2825
2176,4857
1747,2823
3813,4817
1034,2790
3326,34
214,2832
4121,3884
1997,2865
4833,3880
909,60
2981,15
922,4779
3276,2795
3768,117
4899,1851
3584,4891
4473,4912
1947,4673
3854,4671
187,4763
3180,4782
3425,1850
1438,4905
4984,4953
4360,4904
1323,4654
403,4919
4424,4890
1760,4668
3520,4788
1490,4878
886,4751
673,2833
4221,2860
3268,3884
2514,2845
3947,2837
2472,5073
4893,5070
872,1851
840,2865
1158,4879
2072,4993
2913,117
2049,4908
415,4819
1908,4994
1963,4860
1852,2787
107,2845
3342,4731
4016,1729
615,4720
4422,4888
5013,4747
2390,4683
4481,4736
2978,1850
1526,4729
839,15
867,4918
2943,4910
820,4993
1852,4680
1747,4911
2692,2809
997,2773
4481,3878
4278,2856
2692,21
651,4761
4496,4792
2877,2779
3045,1833
4851,1737
1901,34
2062,1727
2046,2851
1217,4749
2061,4762
4021,2845
4570,4828
4713,284
1713,66
736,4831
3891,4759
3375,4654
3804,4940
2966,318
1664,4918
832,2784
4208,4944
2269,4936
1891,4906
4425,1827
1897,4791
1050,318
2681,65
1485,2867
4302,4905
3598,4887
3782,4782
4165,4926
2156,2831
3787,4932
962,4860
2072,2822
3887,4736
5046,69
1340,4264
2651,1840
4235,4992
4531,2764
4351,4953
2599,4680
451,4964
674,4849
626,3882
1536,1
1655,4926
4326,5074
2433,4856
1565,4690
3782,4680
2750,55
5068,4998
174,5016
496,1856
128,4965
1944,4728
1484,4958
37,3
3972,4938
4376,4861
1083,4891
778,145
3483,4654
2892,3885
2389,3880
423,4857
377,4992
4344,2658
5008,47
3580,1728
893,2809
4866,133
921,4828
2572,4264
2924,2658
2886,4905
4131,2787
2047,4786
2761,4788
775,2831
1193,4789
3014,53
183,4770
1091,4831
4114,2781
900,2840
3454,2867
447,4788
88,4971
3569,4986
4433,4850
2407,84
1143,4883
652,4909
525,4751
715,1737
498,2779
1465,4890
3302,4884
441,1818
3059,4962
849,4972
2685,4878
4510,4761
2687,4789
338,4766
3491,4932
3173,60
3586,1725
3888,4816
1103,4824
2407,1850
3584,4788
3522,4671
1186,1833
1145,4792
3250,1732
2271,49
724,4736
1467,1840
5080,67
3626,4850
3135,4760
4950,2823
3534,5077
4151,4675
3133,2851
4562,4917
3328,2818
3314,2817
1504,65
3326,3884
2632,4963
3241,4891
3493,5002
5008,2865
2397,3913
3512,16
3016,21
1333,3912
2944,5002
2328,55
1167,4786
3566,4693
2069,4920
2713,4956
2474,4738
1868,66
4128,5019
2016,1845
2315,4613
2246,4971
3224,4251
3457,5
2137,320
1489,4824
743,2768
2601,49
704,4676
2210,4686
366,55
3532,4675
3929,2781
2692,4746
1997,4897
3252,4963
3969,4877
2426,4732
3791,4737
1556,4896
1942,4775
881,4857
1561,131
2977,4991
3811,4856
1525,52
2929,2823
158,3913
1003,1846
4827,4781
595,4856
2593,4850
4056,56
674,4770
952,2796
3336,4913
644,2786
2160,4878
3006,4920
2730,133
4156,4989
2311,38
4622,2866
554,2803
643,4747
1459,1742
1336,3
2989,5063
775,4880
3535,7
3893,7
1745,4785
4040,1839
880,3879
4434,4695
4212,4816
3873,4739
4959,3912
3705,113
1367,2864
2182,4680
4177,1734
2181,1841
3313,4829
1974,4250
746,4678
562,2851
3610,4995
1062,2809
2760,8
1010,4764
3214,4750
938,4951
2498,2831
353,4683
896,40
2963,4991
269,4738
3743,4775
1499,2862
3314,1740
2546,4792
2539,34
1938,3886
4238,4775
3989,4904
3578,1833
4474,318
2618,4907
3371,4251
895,4855
180,4934
3304,4849
3055,2789
1217,4884
1357,65
3025,1896
2707,5001
4524,116
2538,4926
3775,4914
1723,5077
449,4963
2654,4910
4841,4675
4277,1896
1468,4739
1677,4763
2209,3877
2629,4783
4085,1727
3506,2844
419,38
1158,13
1024,4932
3630,4884
4192,1808
3735,4972
4302,4887
3434,4894
2260,4953
1798,61
4420,4979
1414,3882
1886,4855
3721,4777
325,5016
606,4988
3550,2812
3148,2814
2975,2658
175,1732
4699,2847
1863,4829
3324,51
2247,5001
4125,4829
347,4686
5056,1844
2025,4847
1295,2846
2024,2794
934,1856
565,4873
1400,46
4032,4789
913,4935
1940,2847
2450,1732
429,2779
1512,4820
3787,4800
635,4938
3897,2798
448,5002
4851,4748
2519,4801
3916,1832
3345,4776
3732,4940
2741,5018
2449,1832
4332,4891
2633,4897
1304,2790
4362,2790
2875,4972
2802,4996
732,4873
4286,4253
3229,4768
2557,1848
743,4913
2777,4674
683,12
4011,4819
3887,4954
2035,4917
31,2812
1289,1735
2064,16
3396,4936
2907,4780
4208,4253
311,66
2963,2809
2069,4778
4580,4760
1528,4993
4796,2855
360,1808
3623,4790
2610,2772
3756,5000
2100,4941
1539,55
3991,54
3764,4962
4056,4955
1979,1836
3197,2785
1988,2860
4485,4668
1341,4986
1211,1827
3903,1
2394,1816
615,4782
2653,4733
3612,4880
4215,3915
2163,4900
3919,2781
227,4678
205,63
2397,4763
4525,4897
4290,4912
2450,1846
1587,4892
2152,4674
3625,4929
2443,4872
4106,1837
3719,4978
538,4746
1780,69
2150,4940
4644,4738
5047,4248
1276,4921
3441,4676
2276,1831
1563,2862
2127,4770
3681,2832
1149,2772
3613,319
1933,4634
848,2839
3476,4832
29,4683
4209,4735
4348,2818
483,16
537,4693
2510,4855
1037,4896
290,1734
2887,4736
3205,4997
1956,4969
3138,4885
2742,3886
5060,4848
2370,2794
713,42
2993,4728
559,5000
4006,4695
1169,4684
1153,4861
169,1848
2323,4746
2395,4969
2440,6
383,4801
3808,4896
2151,4634
2873,4824
1361,3883
2086,4831
31,4654
550,4995
3280,2785
2778,4775
2461,4249
4058,2832
3151,4250
4125,2779
4434,3914
219,4986
2762,1861
4624,4613
4183,4918
1425,4961
4608,6
2020,4953
1377,5065
610,4962
2,4751
1608,4773
3191,7
123,1788
4179,21
3603,41
4194,5001
1872,4671
4612,1733
796,1847
4571,2829
3088,2811
1206,4754
946,4774
1799,2783
2520,5016
4067,4870
3244,4989
3701,4682
1304,4939
3391,4789
3156,4772
4321,3883
676,2846
86,4253
3706,4912
429,53
371,4850
1181,2855
5038,1840
1025,4684
3309,2840
3801,3877
4103,4786
120,1860
992,5004
943,3878
3990,3881
3750,3885
2509,1896
1367,4730
1236,113
3866,5075
438,4953
676,1862
1940,1845
2165,1729
2061,4921
3633,4693
1380,1818
1148,66
3566,47
843,4954
3504,4986
4381,4654
2205,4889
4794,4774
1021,4902
307,4850
3674,2798
3894,4908
3804,4778
2700,5018
4704,3885
4572,5077
2721,2853
3702,4676
2576,2774
566,4264
202,2785
1510,45
4807,4936
1805,4906
2576,4903
4810,4930
1951,4860
2755,4676
1582,113
4865,4696
1926,1831
3701,1847
3965,4682
2726,3615
1435,4941
2571,4800
2703,4872
746,4897
1310,1843
4608,131
3178,2838
2982,4687
3517,2811
3204,42
2223,2829
622,319
2636,1838
4256,2799
3550,1728
771,1837
3052,4743
263,4870
4512,1837
4617,2794
2717,4696
1736,4988
1824,2782
626,21
2065,4750
1989,1832
2175,4801
1315,1849
3099,2798
3384,1735
4564,4792
2204,4668
5061,2866
4448,4742
2623,4249
2756,4990
811,2829
1322,2814
4614,4872
3786,1841
3513,1861
3433,4872
2526,4674
2105,2790
1234,4613
3666,3505
2728,319
2270,284
281,4672
3666,4979
4509,67
1162,1856
3633,4816
1238,65
3208,4891
1083,2838
2511,4785
2102,1817
615,4800
2093,2786
915,1734
408,1734
2980,2864
4367,2790
2956,4849
657,1817
1291,4750
437,3885
358,4944
590,2845
1326,1725
1876,4759
4626,4748
2980,1733
4439,3915
4651,4764
88,4847
765,4747
3659,285
2446,4763
2911,4763
988,4897
2473,4996
204,4682
4709,1729
1652,114
1672,16
3893,2808
2512,6
3500,2767
2085,4682
996,6
4640,4751
2470,4765
1800,4972
2960,132
4550,2785
519,4966
3292,2857
3082,2855
261,4248
4093,1835
3826,4743
639,16
636,4879
1938,2833
2337,4613
3124,1896
2624,4958
3589,284
4100,11
2780,2776
1549,4832
3173,9
921,114
1868,4877
1705,2774
5029,1816
1127,4677
3907,124
5026,4694
3053,4819
3167,4889
1000,4689
3039,2814
2428,4896
962,1831
3109,2826
3454,4992
2940,4669
2354,4878
3992,4848
156,4860
4095,58
3542,48
2997,1833
2871,2798
3413,4671
1690,1860
4401,4729
250,1840
2932,132
2281,4947
3833,4791
899,2671
3024,4784
2,4850
2240,4857
2702,2788
3331,2826
797,3924
3920,2781
3313,4737
524,4870
686,4877
2757,4940
3872,1740
1385,113
3936,1731
483,4997
660,13
3589,4771
757,2803
4197,2826
714,4753
3502,4935
901,4760
3861,2787
1614,1851
3636,9
4637,1848
2458,80
1282,4878
3451,4918
101,1896
2703,2764
224,4635
1498,2798
1921,4727
3225,5016
838,4673
1029,4787
1522,4775
2481,34
3610,3883
2385,4918
4277,2858
1347,4998
2094,4910
1778,4993
3278,4669
87,4932
2374,4773
1741,2860
3358,5018
1559,3877
4290,4742
139,11
3714,4872
3119,320
3969,2833
3025,1726
3578,2824
2918,1817
4444,1857
2474,4961
3776,41
1218,4888
2903,4793
846,1733
1177,4991
106,2858
4019,4250
4502,1850
2512,4829
1072,4861
2650,4680
4148,3914
1559,4751
3000,4727
2227,84
3037,2821
2692,2782
477,4848
1053,2823
3240,4855
4050,4930
2122,4906
1982,2851
813,1742
943,1855
2876,4790
427,67
4162,4791
1055,4248
3768,2658
3996,4793
3967,1728
1483,4774
3407,4634
3635,4936
259,4921
3967,4829
1283,1849
3868,11
4302,133
2741,4918
1312,4686
3630,5016
33,4689
1264,4951
551,4990
2020,4727
670,319
118,1896
3821,4894
2512,4889
2721,4957
4404,4689
4533,4979
178,4951
4845,12
144,4683
1886,2784
127,5063
2662,4774
4983,4906
886,4858
3545,4902
4076,68
4302,4789
4375,4748
3727,4755
2246,2821
171,4998
2335,4872
177,4860
4160,2767
3162,1847
2105,4741
1193,4962
555,4892
3134,1835
3345,4248
1070,2767
3893,6
2250,4963
1599,5066
4286,4749
2189,1856
3160,4265
4528,4971
1313,4940
3434,2826
3066,2848
817,4669
2207,4691
3641,70
3724,4902
4822,2853
3226,5001
1463,4994
715,4887
4380,4783
1937,1731
1752,4930
1199,4681
2196,5
1225,4787
2934,63
361,4748
2573,1835
2074,2767
2411,1834
4416,4987
2322,2841
1617,2844
2440,4748
119,3883
2316,4972
3718,4917
535,9
1046,4882
469,5066
492,4862
228,2847
2185,4824
2083,2788
4273,4891
4009,4908
1491,284
1908,4790
3079,4986
3039,3913
2502,2827
918,4773
3258,3881
3861,4932
4899,2812
4558,1856
2581,4880
907,4987
3592,218
622,2813
2909,6
336,4902
3493,2847
3386,4769
2497,1850
1624,49
3498,2860
2282,114
1713,4831
2685,4994
445,4792
3060,5
2478,4771
3502,84
2049,4971
1384,1861
4504,4735
4487,5077
722,4751
4469,60
3934,4777
2101,4803
2666,47
2148,1818
209,56
2430,2858
4125,4941
2247,3882
3702,3878
1113,2786
1291,4729
278,4778
2830,4904
2859,1734
805,1726
4660,2796
2182,1735
4357,4799
3972,1832
476,4733
469,2817
211,2779
4425,4695
1915,2800
1315,4671
1161,3915
2945,4723
3083,4856
3025,4750
677,1725
4295,2786
2910,38
4156,1816
840,1860
3013,4996
4441,2814
3396,1839
5029,2803
4274,4858
4626,2835
192,4741
4003,2812
1513,4753
2062,4963
2969,2773
753,2864
3297,4832
841,4998
4576,4765
4071,4759
915,4926
1885,1808
1321,2776
3336,1731
730,46
95,4774
2386,2786
1386,4266
1927,1851
85,4929
1793,4752
923,4792
1408,4786
785,4799
3017,1834
4614,2841
144,2848
4595,2809
1267,4994
2686,2853
575,4931
3527,3883
1096,4891
1739,4723
2217,2796
4616,4932
360,4857
2828,34
1375,2849
1504,4693
3728,4799
3442,34
3846,70
768,1817
4146,4728
1439,4912
4584,51
1391,4775
3376,4751
1310,4856
832,4951
4443,2774
981,4697
555,2846
629,1851
790,4858
4287,4848
2387,4677
1208,1838
2003,1817
1750,38
379,4264
4262,4987
2162,4779
2324,4782
2651,284
383,4993
721,4914
1057,4920
1168,4906
3755,5000
3590,4683
4448,4248
4600,2821
588,4920
1439,1836
1983,4891
2675,2799
1414,1846
383,1748
1352,4784
4841,2854
998,4986
3552,4674
4437,1843
654,3615
3824,4735
828,4944
2586,285
3951,2848
3296,4679
2263,4674
1212,1731
4319,4849
3927,2862
4123,2832
1893,4731
149,4774
2852,2772
2994,4267
2240,2818
2593,2818
2366,58
2250,4676
2195,4947
3333,2864
1691,4760
4838,4779
1404,48
954,4765
4526,5063
1645,4251
3130,4831
1182,2865
2527,13
1279,4694
714,4890
2819,4720
2304,4905
3022,4692
3860,5
4375,4774
2775,4900
4243,2847
3085,1740
4629,4820
3005,1842
4502,4876
1998,4953
2197,4962
2074,4969
2921,4734
1557,4966
4313,1896
2635,1862
2894,4779
3288,4830
5076,4855
809,4877
1622,4695
4160,4897
3819,4746
2301,60
4159,115
4426,4749
2445,4996
1418,1849
4374,4883
182,4964
4015,4870
123,2865
343,2784
701,4248
833,4970
2424,4918
195,1818
1015,5069
2551,4920
677,60
3845,4872
3131,2658
1392,4972
1262,4764
1254,132
3106,1734
623,4791
4194,2847
2511,4963
548,1839
3417,4248
1095,2776
4716,2808
5046,4910
517,2810
403,1846
2358,4829
894,4901
4107,4815
1236,4849
891,2781
3200,2779
3446,1847
1118,4768
3016,4749
624,4772
4447,4932
915,4954
1823,4954
759,4771
1955,4969
3655,42
2627,3878
666,80
126,4793
4302,4930
74,4995
3485,4955
1693,4742
3142,4900
3017,58
3493,2853
4717,2776
4191,4686
32,4920
1504,2808
1927,4793
4950,4964
2138,318
866,4748
1206,2845
3772,4909
1348,4991
4530,2795
4313,1737
2250,4904
3917,2851
496,4905
1275,4911
2330,3913
4078,58
2120,1725
877,2867
1247,2809
3259,8
5083,5001
3698,4939
499,4929
3165,4955
2594,2855
4533,4857
2142,4800
2879,4654
4554,2841
1188,2843
3347,4783
4453,1849
3339,1
1377,1862
1398,40
4282,4906
2191,4937
3744,4680
1065,2841
1826,4720
945,2856
2172,4964
869,4746
2542,42
4205,4962
4468,1816
323,4736
4429,4890
5057,4676
4558,117
1175,1
3491,4829
3791,4686
1278,4793
640,4759
4296,1816
2503,218
1017,4997
2070,49
636,4969
3948,38
1055,1850
3137,5074
537,4769
1586,4764
1516,2858
1100,4885
4038,51
766,5019
3974,4932
1764,2794
2048,4763
3721,4832
1474,6
1251,4768
1488,4894
2196,4249
658,2831
1738,4857
1586,1841
2969,58
3527,4900
1405,4876
3046,56
1083,2857
2347,4787
1059,4879
920,2867
5046,4729
933,1834
718,16
3098,4801
4207,4685
3906,4264
4076,1850
4541,4788
5040,4963
4638,4930
516,4987
215,46
3146,1728
4582,1818
2582,4671
2891,2803
4090,4953
1186,1735
1425,133
1829,2821
1591,4778
205,2787
170,4772
4426,4912
536,6
1558,4751
1109,61
1671,2808
1314,13
3247,4733
1868,318
683,4718
3832,34
286,1726
2624,131
832,2786
2318,4264
4538,4921
2656,4791
3137,4738
2806,2809
1505,4739
2935,4860
573,5065
4335,2814
1238,4849
3093,4739
4382,145
163,4861
1756,320
1279,67
3122,4680
3621,4764
1173,1740
1152,2818
2714,2811
1408,4730
30,4896
510,2798
1373,11
464,4992
2989,40
3821,2840
4923,4885
4809,2818
3143,2860
2187,67
3411,5070
4570,34
3463,4857
3061,4937
134,2658
1679,4903
33,1737
1385,4849
4383,3924
2693,2845
2636,4790
849,145
3495,4727
1602,4816
4756,58
3937,56
4588,1748
4096,4728
3356,60
2422,2768
4943,4938
4420,1837
1056,70
254,4991
3961,2767
721,4986
221,1850
4352,4737
2763,4746
2086,4903
4502,4855
1745,4998
4542,4905
2122,115
2202,4675
3510,4718
762,4738
3789,4785
776,2824
205,1832
490,4929
4467,5069
254,4697
3113,51
1532,4991
3466,11
3258,4820
2961,4668
2677,4829
772,4635
183,4930
2927,1862
1182,5066
2313,4926
2004,50
388,1730
674,4782
4208,49
321,53
4075,4775
1645,5069
4437,2838
5013,4668
1095,4749
2194,5019
967,4850
2018,4746
3280,2843
4145,4995
4256,4746
303,114
866,4770
1496,2786
3069,4932
3662,4777
2889,4748
286,4774
2609,15
253,4785
2348,53
2612,12
4844,117
4256,4857
2264,4890
3219,4910
2469,1817
4644,1836
3449,4884
3598,4789
2688,1833
198,2764
2735,4773
3987,4990
2797,4727
2949,2826
3075,4793
3598,2783
4928,4793
1422,1817
2384,4765
946,68
1287,4921
941,4914
2416,4819
202,2838
1016,1748
1893,4803
2528,4764
3079,21
4110,4671
4347,2779
2944,4697
293,4697
2488,1848
2575,2824
4422,2839
2682,4964
3057,1849
1824,2825
2292,3886
3415,114
4066,1808
2904,4913
2096,4830
2535,2854
1014,4879
3460,4877
1819,2832
2195,4761
785,4963
306,4934
2503,61
946,2846
4331,4793
2302,4986
1872,4266
1655,4892
3458,53
727,2786
1593,5018
1766,2843
4051,4992
1160,4634
2071,5063
3966,4774
186,4911
1683,3615
3816,46
3110,2789
4371,4979
1327,318
2969,4998
3852,4755
1749,4803
2246,131
1435,4743
3605,4831
4042,5019
1536,4266
1485,1726
3225,4776
1385,1848
1430,2817
4157,4965
513,4788
3941,5000
4197,4931
1292,5019
1112,4775
1993,4789
4625,2784
2965,4830
1013,62
1873,2838
1543,1834
2886,5018
119,4941
4134,4752
4822,53
3758,4682
2842,2798
137,116
3140,4264
1586,4674
1598,1748
556,5063
245,2839
5078,4986
1611,4694
4161,47
4257,2856
1208,4877
4596,4997
148,4687
3016,2820
4488,1848
2527,40
1433,3505
1879,60
3212,2810
3135,2768
786,2811
934,4789
4165,4755
2899,4952
3564,4978
307,34
2495,3885
2693,1851
4100,4789
2211,4903
2678,4832
3176,4986
3211,4819
3417,4720
3252,4791
121,4920
3513,4856
253,4693
848,1847
3059,3886
3779,3912
1194,5016
71,4883
5055,4731
694,70
1612,2813
1571,4784
2060,4759
4355,4782
1345,116
3570,4682
3481,4957
3979,4785
952,4968
4707,2764
4049,2790
3448,4829
517,1842
655,4267
3301,2841
245,5
2409,1855
864,4937
3106,4782
1810,4737
2607,13
488,4728
4565,117
4039,1818
1659,2862
4572,1725
4143,4734
1371,12
793,4678
2361,2799
3395,4955
2709,2776
334,4753
2081,4694
4269,1848
4279,4778
929,4752
3038,4962
651,2849
1529,4884
3609,4847
420,1816
3456,4777
2266,2808
2068,1846
616,2839
4722,4965
1203,4753
1892,1841
2125,1733
2136,5019
2924,4902
1246,4817
2270,4735
3136,2783
3534,1844
598,2826
615,4776
525,4886
3014,4915
179,4988
1270,4635
312,4902
765,84
1290,4685
1110,3886
4129,2671
1006,1740
1352,5075
3320,4759
3392,3881
4407,1836
1963,5074
1894,4986
1518,2839
2296,4746
1022,1816
1724,1848
5030,2867
4583,4931
1328,3877
1576,4674
3036,4669
707,84
1352,1845
308,4673
2878,4957
3057,2847
104,3913
4346,3879
417,4670
3835,4957
2134,1731
3892,4250
447,3878
4292,4828
4519,1728
3911,4832
1853,8
167,2785
3702,5004
2095,2846
2255,117
1482,4819
3962,4905
529,2808
1411,4914
614,4635
2967,1816
1553,2865
4093,48
4708,4832
785,4776
843,4817
120,61
419,4877
2409,2658
2166,4972
4663,4253
4478,4872
1341,3884
3226,4267
536,4918
735,4734
240,4691
4402,4801
2703,4849
120,4692
2225,4754
4643,2671
3238,4914
225,2851
1596,4958
4412,4747
3939,4739
3503,2818
2255,4917
2918,4917
3581,4801
2260,2857
3211,2773
2394,4266
3764,2831
2010,4993
2350,2846
1671,4857
4487,4830
104,3880
666,4670
2206,2858
2669,4830
3429,2786
3289,9
104,45
1155,320
633,4786
1401,2840
3398,3882
3893,2786
1379,318
1036,1733
1129,61
2290,4979
1119,2786
295,5020
1695,4995
3790,4968
4572,4613
2596,5002
3900,4946
4448,4635
2192,67
5005,4986
770,2860
4402,1833
4394,4954
1353,1861
4305,4720
3682,133
2110,4742
3181,4929
2973,4892
244,4250
4942,4883
2894,2835
1672,4939
4844,1831
2066,2820
3904,38
2503,5
1995,2849
4022,3878
2078,4990
1260,5002
3113,4613
217,2813
1640,4771
2510,4880
5026,4882
1505,1840
4653,4678
3127,131
3795,2799
1472,4932
3273,4997
1257,4728
4041,45
3226,5070
1617,4691
1168,1727
4322,1896
4717,4697
2441,4739
3768,4966
2019,62
2945,4776
4262,4249
3853,2844
3264,5002
1868,4772
1229,2857
3536,2840
1255,4905
225,4799
4290,1735
961,4792
261,1861
4451,2787
4195,4941
3623,283
515,4938
3391,4773
265,3882
2883,4946
3841,5000
1217,2790
5012,4968
3647,4995
2549,1836
3770,70
988,4723
3013,1827
264,2798
938,2826
3766,2838
2645,1832
2540,2840
1120,4775
2339,51
4645,4800
3092,4677
1596,2820
664,4829
1455,4675
226,4936
3129,4902
1095,4921
1443,4264
4336,4828
4600,2787
1386,52
1982,4944
352,4894
2869,3884
2246,3505
1830,5075
274,320
3569,4754
399,2765
4373,4250
1191,4751
921,1841
3060,5016
375,4883
2449,4755
2293,4765
926,2774
344,132
4257,4946
2280,4692
136,3913
1050,4877
4163,4964
3441,145
4826,4946
3620,4861
2971,4736
2514,4909
3754,4862
1476,4668
610,1734
1704,4951
1595,4782
2961,4903
2871,4694
154,60
2252,5075
1449,4265
3289,4992
1492,4873
1719,2799
2546,1842
1373,4987
4541,4870
1085,4998
4578,4720
2470,4755
3201,2796
4238,4894
4098,4692
1289,3881
2566,1856
2891,4918
2357,2783
2962,3881
1498,113
4,4792
2130,4735
1255,4669
126,50
692,1732
4767,1
2124,4820
2721,54
2245,1808
1204,4971
3110,4958
2400,49
2510,58
4091,3915
2544,4686
3482,4848
4343,4909
2322,2814
441,4828
524,3912
1820,1732
2276,3913
2189,4941
3369,4751
2384,4994
1939,46
1526,4686
3152,1856
3471,4253
155,4996
4506,113
4298,4762
4083,4768
2109,3
281,4801
3489,1835
4653,4778
925,4910
2659,4773
1395,4693
2959,3885
1887,1735
4425,4751
4456,3915
4518,4906
1390,4903
4854,4654
2892,5016
4026,2865
2219,1839
2480,4824
3587,2820
3581,2853
5026,2788
4243,4971
3851,4880
125,4668
1304,4872
3206,4873
1488,4799
2053,4848
3435,4680
3580,2825
3955,4964
2218,1817
2241,2866
2525,2849
3808,1734
1381,84
703,56
2621,4931
3629,84
2097,4753
4866,4634
1564,133
1451,42
1759,4743
1067,3877
1037,3
933,4742
861,4265
910,2867
4062,116
1394,2798
1859,4862
1607,4996
388,4877
4333,5020
2421,2820
191,4759
1340,2848
3455,21
689,1860
1417,4954
3614,218
1467,1845
3174,1835
2174,4782
808,1740
1143,284
564,4824
4302,4824
342,4720
3379,4770
1421,2844
1823,4685
1934,4672
4653,285
4,2808
482,4879
3292,4890
3291,2818
4313,1846
2184,1849
4596,4855
531,2825
1086,4847
4569,2820
3205,16
1110,5019
4150,4753
2281,4931
1351,4888
4642,65
4854,5001
576,4681
4795,2825
580,4830
2149,2813
540,2808
4243,4872
1670,4903
1797,4773
1207,2794
2945,2796
3945,4879
2482,56
4084,63
2212,145
2777,2854
3969,4753
4204,4998
3589,4755
4332,4914
3978,5018
2090,4672
842,4861
3502,4951
24,4906
2298,4686
1978,4887
1120,4723
4158,4872
4598,4901
2220,4946
3088,4886
3722,1742
1773,4680
3466,58
3106,5
4593,4944
5035,4755
2564,4830
2433,4671
2116,2857
4586,4964
911,1848
3759,66
2886,4683
4384,3886
2175,4730
3887,4769
2873,2765
2469,4692
3682,1827
1246,2768
3583,2818
1825,4669
3827,4682
3871,1727
773,3912
4126,6
4942,4939
1569,1731
103,2799
1449,4929
1417,5077
2737,4957
1329,4907
385,4944
546,5002
1243,4880
4179,2658
3299,4966
4379,2846
168,4677
3081,12
4583,5065
2409,4730
856,4883
1640,67
244,1846
3350,4749
1475,320
2981,115
3624,4915
836,4694
2615,4687
601,4673
2164,3877
1200,1843
4172,53
992,1839
3531,4831
3744,2808
1066,4780
4360,4884
2394,2847
2300,34
3984,4886
2972,4788
2559,2811
73,114
3288,1857
3764,1842
1553,3885
1577,4920
3404,4956
426,8
1141,4820
4468,4940
1586,4675
2382,4671
532,4908
2873,63
4519,4771
1024,117
3362,5077
163,65
2388,4673
523,4828
3943,1842
4724,4958
1167,4929
2122,4751
4835,58
85,4910
4336,4870
2792,3886
4707,4889
398,2783
1380,7
1491,124
4470,4890
1145,4953
3712,42
4950,2854
2612,114
3892,4689
3260,3878
3325,4816
3909,4765
1559,132
2611,4946
2363,1748
2007,2826
3143,2817
784,4873
2017,4955
3666,1860
563,133
3123,4741
2241,4873
1328,2767
4532,4264
4019,1846
1946,3884
568,4735
3454,45
3639,4688
2167,4880
1097,2818
3971,4919
4008,4683
2147,3915
5040,2818
405,1731
3242,4857
4139,4759
473,2860
1391,2823
2449,1837
1500,1850
2384,1848
616,5018
3473,1842
624,3914
2068,2808
1643,4831
3397,4817
97,4944
3921,2814
4125,1728
4423,5074
1333,4926
2752,49
4583,2846
912,4736
1435,132
2048,4997
1536,319
922,113
4437,42
3781,4987
3688,2768
496,4818
1033,283
3543,2800
2859,2846
736,2671
1644,45
3613,2848
4254,4918
2502,1748
4440,4792
339,4790
4032,4937
3243,4952
1778,5077
3488,1725
1409,4894
383,4828
4024,5074
4629,4800
3581,4957
1388,4954
260,2671
4573,4266
1932,1843
2050,4682
954,2658
751,4747
589,4742
2755,4828
1625,4750
3035,2789
2045,4739
3789,4916
621,4672
277,1838
3796,4954
3550,2831
2078,2787
880,61
972,1849
1486,45
4813,4891
3258,1834
4400,4729
1948,4877
956,4935
2548,4964
1945,60
2955,4934
836,4682
3156,1847
1887,4957
3406,4938
654,4735
457,2671
2958,1849
2712,2811
4107,4674
1917,4779
932,218
916,1735
3645,4909
4045,4989
195,4733
1978,4938
1121,4989
960,131
1930,4764
349,4251
2610,4791
2631,3886
3076,2855
3311,4920
1513,4737
943,4820
514,4958
197,4882
1190,4735
3928,4783
2048,2796
3259,2820
2634,4957
832,1730
4555,4787
2708,4782
195,5019
2395,4861
505,2864
109,4748
1180,4971
2649,4831
106,113
129,46
2489,4910
4715,4763
2546,4873
3010,4248
3359,4803
2160,1838
4364,2825
700,2820
111,4820
677,2822
4497,1834
2588,4861
2965,8
384,11
1350,4770
782,4832
1140,3912
4950,4682
2836,283
1864,4697
1882,4248
3455,4669
1460,4857
3470,2864
590,2820
3113,1737
1318,2814
4604,4879
390,4824
1118,4996
37,2845
2411,4738
433,4990
984,4730
197,4979
2152,52
1231,4747
4359,4784
3318,1896
429,3912
3676,4800
2358,1734
1255,4747
1592,4672
1823,3615
1905,4785
1684,131
3543,4936
3068,4963
4040,3913
776,1832
3265,2835
1005,4818
153,1
344,3884
314,4966
591,4784
4327,4936
1389,5016
3338,3914
1868,4987
4305,4736
4041,4828
4073,318
606,1733
4476,7
469,4684
2567,4680
1611,2832
2673,1862
915,1725
4568,2833
3132,4669
4795,4783
2604,2796
4385,49
14,4760
454,4958
1438,285
1031,4670
2766,1818
1628,2817
1641,1842
4017,218
4703,4693
4129,52
493,2838
3854,4752
1351,15
437,5077
1341,4733
1508,4872
4108,4736
1060,4878
3115,4695
1156,4695
3907,3881
3040,4971
467,1740
3327,4693
170,4675
3031,4775
3346,4769
1918,4749
804,4937
507,4955
2103,4970
4342,4694
4443,1816
3868,1833
2512,4930
1096,4681
3289,2810
764,4815
3919,4765
4813,4850
4827,2820
4011,4910
3908,58
3926,4266
4186,4815
4561,2794
1984,2809
1915,1849
1125,5016
2436,4912
597,1726
2279,4849
191,4803
4925,4996
4155,4732
4608,1730
3177,2860
1229,1730
1090,2824
4244,4692
3368,4789
1602,1726
3040,4780
3631,1737
4156,13
1059,4913
2251,3883
3448,4775
3982,4670
2098,2853
4446,1730
1248,45
3920,2786
4642,1729
372,4896
1226,4891
1316,4761
2256,4728
3289,4886
3106,4964
3178,1727
4289,1816
2546,54
3467,68
563,4988
4306,2796
2474,3505
3994,4788
1699,55
3004,4951
580,1841
1001,284
3858,4890
3789,4797
1583,1831
2727,5000
26,115
2596,1835
1947,4800
149,4697
1879,4735
2711,1846
2646,1839
3635,3886
266,1839
1338,2853
2916,4919
4724,60
3923,1731
3126,4998
3140,1727
3251,3924
2986,2658
3745,4728
678,4777
3782,4669
4421,4689
1756,4905
1108,2814
4833,4900
3715,1832
3594,5016
4041,285
3887,4733
87,4896
2988,4848
3801,5077
3808,4829
4130,4251
2480,4972
3608,4884
533,1817
3149,4748
1051,3924
1871,4887
3371,4766
194,1855
677,2860
2946,2782
902,4675
3660,4773
2830,4929
2815,4759
4650,4788
378,4778
4822,2844
3595,4751
580,1
5055,4768
1877,4686
2670,3915
3990,2786
3621,2826
520,3884
983,4860
1797,4786
3194,4668
3844,283
2602,4723
2251,2816
537,4935
3008,4849
3853,4901
1970,4765
1078,3881
1257,2840
3485,4732
57,4862
3804,4958
2939,4888
4511,2768
3197,64
3889,2783
1723,5069
2441,61
1563,2795
1229,1843
3009,4938
483,4964
3421,4966
1724,2846
3926,4952
4468,5016
1966,4723
3711,4772
71,4730
1790,4951
1702,4820
3697,2776
3265,4266
2454,4961
1056,4961
882,5073
2695,4850
1932,4965
3843,4979
499,2765
1503,1817
4659,4264
3793,133
3452,2800
3660,3885
118,4891
924,4688
1111,4860
516,2768
523,64
2928,2838
1296,320
4618,1857
2026,4736
3421,2841
3349,4946
4153,5001
2367,2847
4875,2854
1705,4890
987,4855
2009,48
4665,16
3993,1835
3728,4900
2475,4968
2736,4958
3678,4994
2684,4988
3810,4791
1133,4998
468,4778
1550,1839
1004,4670
3743,4930
1060,3615
2145,1848
2649,2832
4216,2845
644,3878
3173,4880
4307,2864
2090,4816
1703,2822
519,4935
4595,47
1537,4883
1268,1737
1194,1748
3277,4914
4881,1850
1019,1833
4541,4250
1244,2854
3594,319
3111,2773
3769,4747
1147,4801
2098,4729
1492,2776
4091,2831
4354,4264
1796,4751
106,4848
2286,4696
418,4801
1956,2787
2443,4789
4188,4749
403,2839
1716,4883
4163,113
2743,4248
2013,4250
5015,4920
1371,4675
1395,4882
674,284
2592,4815
3660,4986
1366,4954
3947,67
2433,1860
2343,4720
2558,2782
1083,41
266,4770
4093,2866
3929,2833
5037,4771
360,2860
1600,2862
4282,1737
3191,41
2227,2789
4529,2786
5062,4990
2199,21
4289,1861
4178,2812
4481,5020
426,2837
3281,4890
4506,2823
249,4955
3530,285
4317,133
862,4952
4609,5077
563,4774
2529,12
4210,4847
1485,4890
3244,2840
1878,4883
711,1733
1012,2822
2072,1836
4417,42
208,1816
3927,2823
4046,113
1338,1742
4203,2844
4479,4912
4409,4940
1402,1737
3537,4671
2162,4934
676,2774
3216,4687
3164,4877
1615,4941
2672,1733
2560,1839
169,5077
3029,4759
753,52
4478,4989
1125,3924
3639,4749
3314,2849
4512,4988
897,117
4706,4829
3176,2818
1724,4734
1325,13
705,58
1493,65
2624,4782
1249,4987
861,4777
1024,3884
890,4766
4386,4675
4416,1834
763,4734
1016,4685
2375,4828
2162,4788
2652,1862
1407,2826
2635,16
1745,1733
4154,2862
3737,2814
3496,2840
1479,1839
2273,1847
712,4683
177,4958
1342,4892
3177,4720
4332,1727
1652,6
3299,70
1112,4791
4719,2855
1928,38
943,4688
90,4818
4494,49
3729,4678
883,4956
1053,4680
4333,2851
2513,4266
5048,4901
312,15
509,2849
1507,2866
1895,1861
3296,1727
999,124
3701,3884
1518,66
4394,284
1611,4678
3311,4762
4814,4907
3061,1843
2611,1788
2705,285
3042,4264
4364,4697
2938,4739
795,4742
1608,4937
4630,2835
3091,4930
2440,3880
1741,4936
2193,4919
3488,1726
2574,4668
1232,5
1203,4755
2807,113
290,4993
1500,3880
3599,4956
2266,3615
4666,2782
665,4987
4649,4996
2220,2832
2707,4695
3149,4692
4005,2817
5030,4753
4345,21
2161,4849
4270,4913
215,2853
1452,4654
5007,4820
3896,2790
4002,2773
1144,69
931,4936
3572,4970
3749,1742
452,4909
3493,1850
1948,4878
2523,2814
3106,1856
1217,4778
2910,132
371,5066
2062,2818
1809,4913
280,2783
2537,4679
1377,1855
2356,4919
1797,4746
2751,4681
962,2773
3543,4695
3894,2853
612,2843
1040,4737
4428,4676
1296,1838
3720,80
3690,8
1422,4848
753,2855
3077,4683
4579,5002
2338,2827
4328,4746
1313,2799
1385,4989
3071,1837
1448,8
2393,4916
3956,4787
1616,5070
3888,4877
3118,4797
1302,4670
4181,4249
1355,2823
4581,4831
3769,4785
3737,2820
814,4819
900,132
196,4932
1117,5002
4715,4762
2996,7
82,1843
4361,4747
1490,4681
1172,1832
3933,4675
274,4979
2225,4752
176,64
653,4970
368,50
1474,80
2359,4691
731,4890
3281,3878
1230,4799
3783,4911
3602,4972
3753,2837
5005,4793
1815,285
3733,4733
1315,4862
2362,2824
2676,5020
2296,1848
3664,1849
873,50
1086,4772
3958,1727
737,1855
3212,1845
1680,2795
791,1834
3375,2841
3489,4817
1987,4926
3683,2856
1928,115
1686,4669
3904,4681
3084,2839
2182,1841
3754,67
4007,1847
3993,55
396,47
3427,4673
3534,4775
3407,4831
1213,4267
432,283
2958,2849
3238,2829
2283,4687
4851,5002
4651,4690
3152,4978
2175,3880
2093,4749
3896,4978
3698,4738
1549,4856
1705,1845
3659,2658
1987,2817
393,4790
2688,4786
3500,2821
380,1837
1612,3914
2269,218
2651,4739
4387,4987
361,4877
4827,1857
4000,4751
185,4850
2055,4728
1075,4955
3752,4746
3549,2773
2008,3886
2473,48
954,69
3132,4687
2550,38
159,4729
1268,5074
4372,2671
689,4680
501,4916
2733,1847
1360,1861
79,1849
4355,2772
3413,5000
2770,4986
1609,1733
556,55
4034,4763
3136,4674
1522,4938
2232,2867
79,4855
4700,4907
3859,4861
1398,3505
4372,4779
3191,4681
1201,319
2861,4935
1229,2855
778,1844
1405,2809
3051,4882
1975,4775
1360,3878
510,4750
2510,4772
1804,4954
2653,2783
2087,7
2028,4915
721,2785
4182,2768
3404,4965
3330,4266
1372,4879
2301,4918
4490,1748
289,2845
4590,3913
4413,70
3935,4732
4279,4766
4559,2808
2991,1730
1908,4888
3715,320
2932,4738
3283,4762
2535,1734
839,3878
1465,2809
1336,4993
1136,4697
4340,4879
4092,2796
2360,4768
625,4753
5051,4680
3358,5069
2140,63
3262,218
2450,131
2650,4801
317,4904
4959,4772
3606,4886
1214,67
970,2854
416,4679
3081,2864
2182,4727
2367,4793
1750,2844
3184,4750
1095,5064
2634,4771
4942,4669
3745,3615
2492,1733
4875,4903
3245,4971
291,4847
2652,49
3285,4693
3834,1729
2202,4954
617,1838
4586,4816
4593,2789
1960,2776
316,4906
267,4759
806,4919
4089,2831
3982,4782
3543,4760
1720,4682
610,16
2266,5019
2495,114
4053,4955
2128,4675
4517,3879
1499,12
4199,4935
2437,2841
2903,4963
1414,55
3928,2658
1778,4777
3799,2767
1825,1788
3195,2847
3087,4986
4490,4674
846,4918
3923,319
1517,1740
2394,4800
1518,4249
566,4858
3540,2783
3374,4728
1711,4897
1409,2866
1979,2832
118,2857
3219,2818
3244,145
938,2810
3436,2813
1630,4996
910,4937
485,4994
3707,4995
3376,4972
1079,3877
3586,4819
689,4746
2548,2783
1081,4940
5010,285
680,4264
1895,4732
746,2848
3179,5016
1404,4748
462,4759
1014,4266
1243,4918
4353,4916
4526,11
169,13
1579,4784
2947,4249
2797,3
147,4912
661,4790
2499,4894
155,4998
2689,4978
1080,4761
3163,2794
4871,4831
2401,2844
1675,4793
558,4797
3164,4760
3621,2825
1641,1837
3872,1728
4665,1841
2070,2808
2302,4750
1176,4816
3387,2809
402,4635
2481,2783
1108,4989
3062,4819
1776,4992
3734,4690
2482,4914
1352,4988
1435,63
3776,4734
4982,4970
3759,4997
4132,4755
2493,3881
4263,4941
2057,131
2618,4995
1193,3882
4328,4787
1658,4670
3106,4697
4403,4909
564,4996
4181,13
2443,145
91,4897
2072,4253
3910,4680
3548,2864
358,6
3995,47
4023,4971
85,4872
2597,4760
3408,4929
1428,5020
4305,4684
4328,4689
966,2860
2529,4253
4013,2857
262,2810
3183,4634
5051,4692
1432,4753
734,4675
347,4729
2366,4951
4475,4723
2592,4786
2732,319
1899,1845
1932,16
324,4738
381,4890
1815,2823
3524,4672
4047,145
2955,5073
4165,2826
2595,4963
327,1818
1447,1857
4220,55
4517,2835
2563,3912
3512,132
721,4824
2267,49
2136,1817
4497,2840
1257,4676
1039,4681
1095,4267
229,5020
1556,4815
991,320
746,4832
1430,4995
3335,4675
3040,2848
2078,1839
3949,4909
1027,1846
2960,2794
723,4733
1331,4743
4344,16
681,2864
3335,4816
5034,2843
485,2810
3275,4684
4605,4997
386,2811
2448,4971
3922,4909
1672,4696
3038,4858
3919,1730
4035,4781
2365,1842
3557,4817
3397,4748
537,320
3288,56
4112,2784
265,4784
2727,4266
3229,2658
4497,48
1895,4994
3276,2837
4510,4748
3567,4696
3573,4737
35,4791
598,48
4394,1839
4558,320
4006,4749
3005,1816
1049,2824
4745,4761
4975,2765
3409,1734
4369,3913
764,4919
734,1737
191,4965
3967,15
2208,4995
295,2774
1018,4908
1503,2849
111,2811
3081,4896
4341,4917
93,4755
269,1849
2264,4762
3862,4784
355,4971
2561,4914
2944,4876
1761,4677
1334,4969
3727,4947
162,2808
1290,2786
1015,4996
1111,5075
324,4901
3922,2821
2508,4729
569,1817
2038,4687
324,1840
2300,2658
1238,3881
3494,4824
4841,2783
2276,53
2313,5
1586,4673
2390,21
849,4914
1654,1827
594,4727
4330,4971
3185,4937
1468,48
2474,16
2746,4957
3156,2772
4524,3884
2241,1851
2060,51
82,145
4667,80
2662,4692
2425,4897
2033,1740
595,4749
2850,4879
4561,13
3032,3884
4444,4743
1194,2812
1461,4781
3117,4939
2108,4882
1395,4978
2389,84
3942,2855
1977,49
2043,4654
4419,4886
4352,2798
3013,4684
3125,4769
633,2841
631,2786
897,2799
1238,2768
4384,2823
2105,4763
2080,69
2480,21
3228,4782
2508,4267
4466,21
1475,4785
4589,2826
951,1849
1722,4879
1405,4913
1801,4911
2163,4957
3607,124
2578,4775
262,4916
3665,4739
4388,4908
3052,4996
1495,4896
2875,4997
3445,4971
1770,1850
2155,4884
4355,4755
4400,4685
2033,2800
505,60
4329,4935
2304,1
301,2849
1680,4971
3683,2831
1902,2833
691,5075
2797,4696
3153,4266
3943,2779
4347,1842
4169,54
3589,45
3981,4891
1751,4771
1589,4266
3369,1726
2081,4873
1206,4747
1372,4775
1499,4905
4340,4753
1974,84
599,62
3641,4907
3824,4677
3894,4791
4238,4901
1753,4831
3980,1735
1641,4958
737,4902
2073,4993
4704,2783
3622,4251
650,4951
4846,4931
3171,4792
289,4952
1772,116
805,4965
849,4797
3380,4801
3491,4885
1305,1831
1378,1847
4814,4955
169,1841
2070,3912
2432,3913
4479,131
1203,1834
166,4912
1058,4669
1904,4613
3333,4965
4247,4785
535,2865
108,4250
2123,4264
2274,4747
1596,40
5013,4816
3150,4820
4053,4690
1213,4677
4326,4718
3061,4878
607,4828
867,4963
4254,2837
4189,2781
3484,61
1779,5073
4660,2814
1597,4800
2906,2795
2985,1726
3045,4890
4794,4944
1494,4892
3434,2813
2425,1833
2636,4680
1200,4900
4836,50
3972,2671
557,2843
4193,4690
4984,4931
2592,4926
3089,4752
1264,115
3261,47
334,4727
2011,4886
1237,2772
708,4775
3690,4266
1794,1855
3744,4878
357,1862
3468,4742
4175,284
1491,2799
642,64
4446,4848
385,41
4072,4848
1932,5064
2738,4918
4459,2814
1938,4738
675,4896
102,4966
4059,114
3378,47
4344,4986
1472,4267
24,4771
643,1735
980,4911
3871,2837
4595,4766
3193,4957
1332,55
5061,4682
246,2776
4202,4747
296,4695
2391,4989
1903,4832
695,2857
2513,63
4378,4990
89,3886
1536,4990
2757,4961
3969,4669
2538,2848
188,2840
1227,4816
3354,2839
882,4856
666,4669
477,4916
4227,4691
3178,2849
1743,4777
1499,2847
272,4750
3670,84
717,34
275,51
817,4905
1778,4738
165,3915
3520,3886
3055,4739
3618,4862
4552,53
3148,1862
4089,1850
903,4830
3094,4902
4796,4768
2168,1728
821,4946
770,4913
2093,4748
2149,4900
1514,3883
2663,4782
1213,1833
1152,4686
1276,21
3108,4760
3254,4966
4457,2776
3403,4755
2484,4635
471,2809
3891,3912
3836,4996
1277,1725
3934,1838
1864,4971
3954,4996
4480,4817
4546,320
3263,4921
1675,4879
1253,4887
3064,4917
4028,2854
2673,1860
4408,2783
950,62
1433,16
554,133
3765,15
177,5001
4579,2764
241,2844
4486,4939
2271,4996
2969,5074
3657,4995
1268,4930
4136,2857
2901,4937
849,2808
4572,4929
4348,2798
2227,4931
4725,4267
4376,4886
3062,1729
4325,4264
1894,4965
441,4266
1227,7
1201,4966
1278,2799
3201,4249
3239,4929
428,4781
4300,4903
1211,4780
1031,4830
4397,4828
2614,3879
3734,3912
2407,3615
3083,56
4048,4979
2212,4961
250,4780
4070,4969
1243,52
3511,3882
1207,4937
2119,4964
2233,4685
623,2844
5013,1855
3908,4953
4272,4879
4566,4769
341,1831
656,1837
590,1896
3871,1857
2375,4963
4640,2779
2693,51
3431,1817
1890,4783
2967,4763
165,4669
2060,2824
658,55
3068,4689
3229,50
4299,4939
612,1842
5036,4634
4247,2658
3305,4951
1192,2772
2025,4778
4401,4674
1329,4963
3379,4856
2449,56
3454,2782
3296,5065
3243,4690
582,4890
4400,2829
776,133
1447,4265
2069,4910
330,4936
3039,4892
4511,4754
3951,4249
3600,62
2307,55
963,4993
1336,4687
2727,4772
3040,2821
3646,2803
2361,8
1538,4654
1969,2798
2080,4733
5051,4253
168,1816
2107,4955
1955,131
516,4997
3850,2855
2637,132
1493,2844
1800,42
2900,2814
2895,1788
2293,1840
949,3883
3222,2827
2154,2774
2479,2853
2017,1729
4356,11
4006,4996
3705,4913
4078,1840
2488,5020
819,4998
1638,5020
5040,4771
2624,4947
1005,1840
903,4691
3291,4935
4260,4249
2279,4752
3284,2789
2048,4862
3038,4921
3367,84
3282,1856
3441,2822
735,132
451,4970
4469,2812
3653,4910
2146,4749
1168,2837
2579,2838
4160,41
3543,3878
2138,4934
2237,218
1529,3880
3428,2795
4412,4792
3108,61
4102,4750
2452,4951
4007,21
3481,5066
607,4743
1417,2787
2686,4919
3514,5020
138,4953
1147,42
76,4848
2097,4955
2173,2789
2914,145
745,4780
4388,4970
3276,4962
3338,2789
20,58
435,3878
1704,1740
2090,5066
3173,3883
2718,4694
2458,4674
2244,4858
3559,2846
2694,2776
3804,1837
2770,2824
343,4748
2751,4736
2226,4694
2616,5020
3740,4797
3480,4785
4338,4879
57,2790
2582,4911
2624,4914
3932,4910
2496,2787
1666,4773
3515,5001
549,4797
2051,2820
897,4735
527,2860
1047,4787
1303,4901
754,4918
5013,47
3091,4890
4923,4697
2032,4680
532,3914
3935,1816
4188,1857
1750,4747
2081,4766
3275,4876
804,4828
4556,4961
1914,4890
2474,4970
253,1737
3029,4962
276,2816
3237,4654
3471,1725
4542,3615
3300,4694
219,4872
606,4772
2301,15
3850,1788
2882,2768
3468,2671
1110,2658
4341,1845
4113,1788
3369,4879
1545,4962
3759,4788
2153,40
3814,3914
3580,4968
2169,4672
3907,284
734,80
2299,4900
2452,2866
4235,2809
600,84
2652,133
1506,4816
1459,21
4374,1730
4656,2865
2669,4771
1196,2808
158,2827
3148,1855
3009,4265
2927,114
499,4685
4306,53
279,4678
3951,2821
2399,2827
562,3
2771,5075
1524,4963
3822,4926
4083,115
4633,2808
4435,1860
906,4947
563,4728
3429,2841
4105,4996
1332,1832
1758,68
2987,4879
3307,4754
4285,48
3210,34
4259,4728
2218,40
574,1845
334,62
2154,1862
2218,4947
3991,40
2591,4748
155,4935
2476,4613
2011,4682
559,4957
2511,1732
203,2831
1870,4777
670,1735
2165,5069
2305,1727
246,2787
3722,40
1201,4723
4514,4755
3313,4934
1939,4742
4587,4907
1474,2783
2422,58
2659,3924
57,5069
3983,4680
2650,2827
3052,2795
2353,4887
4357,4936
4578,4944
3420,114
2758,2845
4479,2835
3660,2822
3337,2858
2644,2794
1277,66
2135,15
3275,84
4290,4953
155,4739
3682,4900
2173,4678
2532,9
4703,1737
1507,4896
143,1
848,2849
3788,2783
3211,5016
3609,8
293,4727
94,4818
3452,4742
2058,4956
3434,5001
2204,4850
2652,4747
3016,4855
2128,3881
4035,3914
2642,4750
1560,2821
674,2772
1308,5077
169,4682
3587,4690
2450,38
579,4678
3826,4905
585,4741
165,2813
3836,4691
3428,4800
1296,3877
3482,1846
1599,2799
3299,4872
3195,4772
732,1742
4360,4696
92,4964
4230,4872
848,4926
2406,2849
1511,4690
503,4917
1410,4963
1191,4944
326,2658
1980,4929
3552,2788
2900,4996
4258,4964
504,2794
2058,3877
1324,84
4354,4860
4438,1816
2988,2816
2461,116
1041,4920
3363,3881
1956,4995
825,2767
4502,4769
1483,4729
2559,2794
3753,1735
4630,117
1072,4939
3061,54
3900,4938
972,3879
3108,1839
554,2860
4744,2783
4015,4668
2237,4769
2130,4787
991,4856
3986,4946
3507,4941
2373,4732
907,4972
768,4988
2667,48
1049,4944
4517,2788
3340,4801
2964,3884
2603,1726
2930,2764
4448,1849
2020,145
2694,319
1424,4887
4515,4862
2110,54
676,4780
1704,124
2775,4909
4311,1861
1548,4762
1672,1845
5079,4904
3064,2798
3464,4988
305,3886
614,5075
3254,4692
614,4265
843,132
1160,66
3918,4830
675,4832
931,4938
1965,2671
2985,4776
632,283
3617,4772
1029,4952
1975,116
1069,5019
938,4917
1746,4676
5076,4957
2797,2845
44,4996
243,3885
2241,3879
4725,4935
3217,1838
2199,2823
2358,4693
712,2788
347,2838
2597,68
989,4668
674,115
359,47
833,4876
4647,4748
3201,4909
798,4759
2319,4266
4320,4935
450,4897
1376,4785
4715,2816
28,1844
3640,4961
3401,4741
3147,2808
1577,4889
3288,116
998,5070
2359,4894
2325,4693
2113,4685
2018,52
2939,3885
2363,16
5033,4906
2412,4996
3510,284
3492,1855
4308,4783
4516,2795
1789,4902
2586,56
2661,1732
2998,4918
4340,4917
3466,2832
2819,4727
144,4905
801,2811
3317,2813
2592,4748
900,5069
300,4772
2261,4938
1620,70
643,1734
3289,3924
4007,66
2988,4776
756,4250
1853,1788
1543,1742
3581,4829
1823,2866
1185,4791
1490,2818
2173,4265
1739,4930
5015,4829
452,4750
2710,4848
2766,4888
5076,4860
1675,4961
2683,4267
4168,4743
4583,4892
2096,4953
2953,2808
2545,4680
3907,5004
221,4765
691,70
3415,4689
1911,5002
4097,3885
694,1851
2991,4789
1039,4736
2830,4792
2201,1862
1396,4931
25,4952
2517,4739
1982,3914
548,4953
2271,4791
542,5
628,4936
852,2831
1236,4751
1717,4946
2886,4965
705,2837
736,2848
4018,4783
3709,4670
2586,4736
1947,4857
135,2808
2377,124
3899,4679
3557,47
3684,4793
2215,2826
4292,56
3760,4249
2530,1848
436,4996
2842,4697
3722,319
3494,2820
4421,1841
1193,4995
4726,2864
570,4873
4543,4780
4571,16
3857,4771
3701,2853
595,4790
531,67
1335,4909
2708,4654
3211,4752
1803,4970
2819,2796
2592,4762
166,4957
810,4913
4155,1848
2591,4676
5048,4752
2670,4856
585,4668
2972,8
1063,4819
3961,40
1143,1848
1599,64
2974,2829
3200,2844
4557,4759
779,133
4508,4828
4078,2796
527,4775
1960,4850
1211,4670
1483,4917
4404,69
4030,13
4335,2833
1811,5075
2961,4905
3943,2796
3739,4760
2324,3615
4035,4916
3484,4936
3285,4771
4238,4961
2577,4953
4241,4908
4056,1847
1072,46
231,4918
4163,2833
4342,3914
88,2847
942,54
2677,4691
4494,2783
1955,4749
1787,2776
1343,2820
4114,4911
4155,4755
1654,4965
975,42
4233,4906
2618,2789
534,5063
2949,55
983,4889
2033,4946
514,4816
1126,1833
4559,4685
2874,4789
2111,284
4107,2855
4608,4697
3069,3924
2626,1835
2498,4801
1970,38
2183,1808
4544,4803
3782,4689
1464,21
219,1850
4325,132
1032,1731
2157,5069
4102,4765
699,2776
1209,2821
5067,1833
2022,4693
4645,4910
904,4265
471,46
2649,2798
809,2789
3450,2829
4205,319
3553,2814
3148,54
2538,1731
312,4820
757,4654
4418,4688
1421,3884
3481,11
2383,4891
1507,1731
3248,4855
382,4669
2805,4680
2970,4671
1022,1834
4059,4753
3469,2835
707,4861
870,4891
1712,1838
3502,3912
432,4775
2973,1808
4023,68
4350,12
2444,84
644,5065
4544,4885
2365,4264
477,5000
534,1839
2945,4911
1067,2816
3631,4267
3427,4735
4214,2835
710,2808
1741,318
3461,1788
888,4736
2167,2823
4178,1856
2042,117
612,124
1519,4696
4845,34
4184,1725
4531,1850
541,2794
3626,4728
599,4750
2520,4248
2072,2829
1281,4937
2225,2671
1589,4750
371,2822
267,4936
3337,4681
1234,4849
4315,115
981,3
75,4768
2579,2841
5005,2856
3951,218
1797,2820
1367,2853
1969,4681
4928,47
647,4993
424,3883
545,4750
2402,11
696,4772
4432,5020
4161,4773
708,1847
4614,2809
565,3914
3951,4932
1075,4695
3701,4888
1561,4951
3408,4753
2309,2788
521,1728
2657,4995
2673,285
5061,4913
1787,4786
289,46
1401,4613
3936,3885
4127,1847
4228,2776
1233,4720
1218,4782
1971,4926
1255,4937
3492,4266
4065,4694
4148,1827
4984,4988
2272,2831
951,4790
3312,3
2966,4634
1615,2783
155,2822
2484,64
1677,4720
3822,4251
4153,3879
3251,4856
3602,114
2380,2845
3011,1735
2793,4909
2574,4778
3921,4970
827,15
2068,4894
3557,2840
3479,4738
3498,2866
610,4832
1767,4734
334,45
372,2854
629,2796
3600,3884
3962,4687
3246,4913
3438,42
330,4747
112,4682
2735,4674
2551,2844
5008,2856
4296,4693
1450,12
3782,21
1368,4762
3745,4969
999,1855
1909,4912
3567,1831
282,2768
4482,69
4287,4820
4038,4954
2442,4265
1529,2832
664,3880
1634,4934
1183,41
4425,21
2686,4785
3417,15
931,4912
1110,284
4418,1848
1718,2787
661,320
2054,6
28,4816
2176,4697
1533,4915
1871,4789
4194,4939
4098,4882
1763,4746
1980,5020
19,4696
2225,1730
993,4723
150,4776
5037,40
1918,4830
4183,2854
2598,4687
231,4936
2237,2821
3581,1818
4854,4830
816,1808
390,2823
1526,2860
2145,48
1133,4773
2519,5001
3781,4884
2356,2812
525,285
1447,40
4259,4731
2614,4862
3228,1848
1289,218
2395,4916
3835,3924
3762,4697
742,1788
774,4769
2110,4930
4492,4774
1980,54
1993,4988
3504,1729
4705,5000
2054,4689
809,4760
2955,4720
2613,4793
4241,4776
361,4692
833,1740
1335,4746
3150,4862
1061,4747
4102,3914
1927,3884
2435,4734
848,4929
2120,2867
2416,64
1375,56
2894,47
589,285
812,2768
4316,4877
1376,4680
4660,2788
3908,4830
4323,4750
1121,2818
4252,4754
3067,4884
677,16
4985,2809
4927,4858
2692,4816
1176,4654
576,5066
3766,4861
2626,1733
2735,49
1546,4907
2480,1855
1991,2860
2757,4684
1457,4768
3543,4669
2005,2786
2546,218
1581,1862
3296,4785
2913,4883
1979,4676
1105,4876
823,4801
183,4876
1294,1731
1895,4957
2347,4940
3287,2820
375,4755
4400,48
3926,4987
1229,2767
4201,4828
4717,2812
2457,2779
1718,4818
4564,8
4037,4669
4922,12
1243,285
2528,4988
4566,4697
1372,1727
3413,1845
1017,4913
3396,2835
3137,4878
3978,2799
295,4613
4808,5064
1554,4860
2962,1737
4208,2799
1412,1855
3258,4934
1416,80
1639,3880
311,4741
215,2832
1343,5074
4390,1788
763,4723
1614,4998
1073,66
721,1845
1639,2835
2731,4884
1764,4918
4066,2853
624,56
613,4674
4206,4680
3195,61
3358,2767
1508,4849
206,4909
1066,4762
3651,4816
4982,4934
2984,2821
3417,5001
1178,4947
870,2800
1383,4692
3507,4831
1017,4720
3261,4787
2908,4765
3591,1837
3926,4890
623,4991
3134,3880
844,4728
4157,3615
3548,1731
649,4734
2510,3924
4559,4762
3408,2823
2488,2782
1547,4938
2537,2772
3817,47
3769,4772
3046,4733
2049,5070
3840,114
169,1847
1927,4947
784,2774
2277,4993
2208,4803
3349,4248
3390,4972
1670,4676
1445,4991
496,1840
1576,55
4235,4958
2358,2838
872,2817
3587,4961
2102,1850
4224,4690
3183,4799
644,45
2645,132
196,4727
1874,2822
1781,3883
1177,4911
3428,5077
3260,2765
4165,2782
2370,4848
705,2808
925,4882
3279,4695
188,80
2210,84
4702,4799
2462,4997
1561,4879
2673,4730
819,4736
1636,4831
417,4672
4869,2845
473,5001
4243,1835
1196,4789
272,4754
83,4883
1820,1835
4277,4635
157,4766
4057,5
1062,4673
4104,4885
3581,53
2950,2773
4812,5
539,5073
1435,4996
4527,4776
4717,4754
122,4966
2947,4613
107,4752
2253,4929
2859,4970
915,4946
410,283
1507,4780
2441,5077
1118,4683
3018,4856
4942,4251
2158,4731
180,4679
71,4671
2620,4884
1947,4872
4254,4900
1580,1847
3788,5020
324,52
1704,2800
3563,4755
3848,4728
3427,4995
2250,5073
1982,4654
4341,4694
457,4936
3195,4818
2637,1840
613,4915
4082,4935
1745,4727
3447,4998
3995,3913
1045,1838
3752,4910
2962,1837
2009,2833
4299,4926
3813,4678
783,4693
2270,4861
4147,4879
2102,9
3825,4697
2140,4780
1551,15
2892,4675
4982,2841
2411,145
2610,4675
3578,4789
2049,1836
2706,2767
3347,4775
4172,4748
1941,4989
2266,4994
237,3505
1206,61
1096,2844
1586,2829
3941,4906
3148,1856
2653,318
419,4800
4382,4681
1494,2764
4611,3924
666,4829
1181,2848
429,4742
3774,4668
2422,2825
4717,114
3817,4913
774,1848
4103,3914
3246,4654
75,4697
1128,4741
171,4902
4110,4971
687,4987
3437,4748
1340,63
1054,2799
362,4944
1982,4681
1030,4266
4633,12
77,4870
4366,4972
2718,5066
2507,116
4599,2831
444,4910
1249,1735
2436,56
4621,4790
1952,4635
2299,4654
1349,4752
2868,4739
230,4828
1791,4937
322,4747
1636,4878
1140,3883
1655,4803
1928,4862
4417,4979
437,4671
3480,1740
3921,4686
1087,319
2034,4673
410,5004
3759,4748
1764,4937
3759,2839
4807,4929
4276,4799
2379,284
4592,4891
4310,9
142,4954
1138,4723
2896,4911
2881,4253
416,285
4179,40
2713,2833
2926,4912
1212,5002
2431,2789
2757,4723
2361,1857
453,2779
3874,2799
4050,2814
4708,2772
257,4673
2762,9
4808,4676
3159,4676
2819,1848
846,4907
2369,4803
444,4830
4663,2794
2185,8
126,4930
3041,4783
252,3880
1873,2786
3969,5065
1293,4766
1747,2785
1996,5065
2504,4250
4195,4654
2051,4248
1324,4847
1869,56
4925,4992
2539,4736
514,4672
1670,2808
3259,318
4359,5073
645,4961
3976,1808
2482,2846
2757,2787
1129,1728
4159,4882
788,4803
4146,4763
1339,1841
2801,4857
4640,4937
2693,5020
1980,2860
3546,4946
1669,3
2552,4788
2412,4635
2140,4784
740,1861
1595,13
1164,4996
1715,2860
5079,2831
1993,4753
957,1732
4822,2784
605,2854
4524,4674
3089,4819
2584,50
174,2832
3659,2853
3844,4872
164,114
4703,4965
2018,4897
2947,4830
1499,2794
2970,4830
3772,2862
404,4774
721,2768
2346,124
3235,2798
4099,4888
329,5019
3563,4828
597,4253
1793,4818
2249,4733
2163,4694
4190,1861
3617,4903
4925,3886
542,4987
17,4988
566,4891
870,1
720,4968
2113,4932
1807,5064
2333,4738
480,3877
1643,56
2302,5075
760,1857
835,1851
1406,38
4147,5064
1463,1843
848,4966
959,2827
2314,4958
2888,4962
445,4733
4452,8
3569,4743
608,2867
486,4897
2710,4783
2914,3924
4582,1727
2213,4941
3482,2838
4271,4253
2969,1832
2561,4907
4428,4777
3632,4914
2009,42
917,4911
4189,114
167,4890
403,4733
4269,58
3399,5
3994,2827
1077,1733
4292,4738
668,4748
1351,4820
915,1832
1910,4918
1352,1729
3407,1727
4664,4996
1222,4931
2724,5004
2920,7
3959,4684
2494,4251
1890,48
3347,3912
2281,4251
1646,4266
979,4828
1493,4954
4561,38
1873,4832
718,2809
4394,4909
3742,4680
136,21
4159,4688
3267,4968
4144,4929
2999,46
4495,2795
2941,5016
1914,3885
2084,4799
2086,4751
4945,4880
1643,1843
162,4891
3260,4908
846,4688
2353,4746
3327,2789
4339,4696
4414,4849
801,2835
3859,4682
944,4696
1551,4718
1184,2786
3333,4670
804,3913
1673,4820
4206,5
223,4947
39,4678
2736,4803
1363,2862
3673,2784
667,11
1699,70
2358,4733
3941,4992
572,2779
2766,4800
2346,4672
1124,1735
3695,2808
3060,2838
4863,132
146,4613
2542,4786
3800,4880
3446,50
3734,4818
1497,4687
3425,4266
270,4969
2368,1827
3630,2856
1195,4755
1059,1733
4834,2833
3973,3913
1047,4690
4302,63
3856,1855
382,46
3398,2844
3543,2795
4593,4939
2962,4987
4999,4935
1908,4830
2738,2808
1976,4763
1441,5
4107,5018
2308,4684
2430,48
556,4958
2901,3505
1403,2857
871,5000
1388,4828
3551,4938
4362,67
932,2848
1615,4987
3946,4965
3580,56
4622,4880
827,4987
539,4789
2994,4888
1346,4693
2137,2776
4522,5077
3471,40
386,4728
250,16
3789,2783
598,2784
2334,4909
1595,4992
1557,4921
4461,4876
5079,16
2287,4887
3233,1847
4286,4788
2236,5020
3647,16
4045,2822
4662,4915
3867,4990
3252,40
684,48
3768,1857
1584,4787
3744,4776
2915,4910
4062,4879
4179,115
1674,2823
2213,4850
2317,1808
585,3882
3456,2800
2331,3912
2715,63
4538,4870
3387,4860
270,5064
4504,5002
2532,11
1546,4904
707,15
300,2785
4242,2796
2924,2765
3543,4668
2538,4902
2091,124
2611,2779
2462,4680
3253,318
563,1740
4309,4785
3236,4671
3911,4747
225,4971
391,2781
1181,2810
3056,4870
2527,3883
624,4880
2485,4634
2143,4679
3756,58
2006,4752
649,4828
4717,2811
1258,4879
1388,4818
1197,284
4316,4687
3138,2851
1979,4901
5046,11
1196,4988
5033,6
2726,1742
2986,5
1251,1849
1405,4957
3118,2814
1065,4776
2604,4857
198,2816
451,3915
4392,41
2183,4964
1215,5019
5079,4884
5036,132
3668,4786
2376,2788
1610,2795
1475,4675
3035,4911
3478,4847
4699,115
3223,4904
2749,3915
969,3882
562,1734
292,4697
4219,4734
585,1727
4032,1860
3736,4907
4442,4774
2489,8
4201,2867
3313,4688
2421,115
2636,4693
2710,4916
3351,4926
3219,4801
175,2776
3816,4739
3432,4919
634,1850
2654,131
3667,48
203,1827
5033,4266
3344,2849
2303,5019
485,2843
2402,4879
4812,2812
1260,3881
3678,4877
3061,52
3261,4786
1952,1839
1549,1731
1957,1734
222,1838
298,42
3142,4768
579,3615
2678,1831
993,3913
1904,1837
3781,4253
1821,4848
5059,4773
3621,4958
4431,4944
1406,2785
853,2799
2687,4679
1478,4678
1169,4682
4581,113
4067,4673
2379,4861
2500,58
1128,4936
520,4733
3317,5
4662,4861
798,2853
4514,4674
1672,4900
1523,4671
1213,4817
2889,1728
3181,4729
273,11
4386,4862
1322,2866
2890,4847
1819,4849
1222,2843
1137,13
4239,2803
977,4686
964,1857
1757,4966
1487,283
1858,2867
111,2840
3001,2820
3892,4930
3175,4934
2928,8
899,4887
1182,4680
2955,4989
2506,114
4584,2857
3164,2671
3115,4718
3974,4781
586,4250
3957,2764
1993,1843
3332,11
1239,2809
2738,4672
3932,4850
979,5065
1877,2767
1306,2784
508,4727
895,4755
3908,5073
1505,4718
3261,2794
3820,4723
2273,4751
1327,4253
1202,4998
1321,2867
3079,4951
4378,4793
3210,4831
4124,4831
4254,4762
3967,4733
2135,2865
2995,4880
2427,4856
1448,4692
1588,1728
4794,133
1429,4932
4043,4952
376,2795
4527,2789
4523,1843
2404,2795
3813,4963
3465,1817
2415,2860
4269,4930
4241,1834
684,4858
2992,2818
2079,4783
4716,2867
4244,4797
4085,4991
2231,2811
721,4731
1171,116
496,4914
1754,4921
1443,1861
3976,1732
3896,2825
1011,51
1410,4818
617,1846
645,4248
2937,4903
1826,4759
3895,4654
585,4882
395,4952
1002,4672
469,4775
1177,4265
159,2844
119,2803
4440,4957
970,49
3219,4829
3274,5066
3413,1
1141,2844
4481,5070
5055,2800
3320,4634
746,1842
3131,1840
3861,131
4339,1827
903,4938
3036,1856
4188,4877
2442,4672
512,4994
3272,68
859,4733
1448,4900
804,4266
2456,4989
789,4885
2610,4770
4128,4793
4046,4760
2361,2829
4088,4856
3266,4739
126,2782
594,4680
1345,4992
2649,4739
3170,1860
1144,1855
4373,4687
3696,1834
608,4820
1414,4988
831,4890
4172,2835
760,4729
5006,2764
1182,2858
1416,285
668,1838
2659,2854
4535,4801
362,4832
2595,218
451,2810
4286,4882
1083,3913
895,1857
4925,70
1310,4940
280,4830
625,2813
3104,2840
531,2789
4489,4855
1591,2787
1950,4988
2412,63
4277,4907
3496,4742
3101,2831
530,4830
1503,4956
2897,4690
718,4266
4534,2765
1680,4905
120,4934
1755,4690
160,4935
4835,4958
217,4890
181,3913
2413,4753
1640,4935
1911,5018
2213,1846
1238,4892
3094,5077
3800,1844
3400,56
4977,4916
2218,1839
727,4675
2336,4939
2139,4996
1119,4695
836,1845
3694,5064
4530,4855
3058,55
1456,2794
4043,1726
667,2779
2176,2840
2306,4939
1966,4696
3013,1837
960,4870
1574,2818
3284,6
4480,4996
545,4903
955,40
1335,2823
1566,4987
4580,4778
4975,1740
3417,4752
1244,1726
2208,4751
3146,114
2198,2862
4097,1832
3104,4912
640,2821
4054,4786
839,113
1821,1817
2384,5002
4665,4728
461,4900
3862,4911
2156,4979
3829,4776
3425,4776
3037,4770
4029,2851
2126,4916
582,3884
4925,1850
3164,1860
3600,2789
2102,2779
1450,4935
3210,4912
312,4677
2655,145
2423,4681
3967,2838
419,1833
3374,2837
1591,2820
2612,4855
2404,4764
1585,1833
3088,2783
3086,1848
3119,4938
4242,5074
3526,2796
1772,2794
3624,2864
3905,4766
23,2765
4195,5070
2180,3883
3302,4883
2300,4743
907,1834
838,4687
1498,1839
3128,4860
1607,5004
3528,4908
1323,124
1370,5020
4396,2840
3708,4961
108,2846
895,2818
609,4265
411,3880
3164,5063
4583,4861
1593,4886
248,4682
4316,4613
657,4264
3939,4674
2343,4858
751,4953
860,4784
1820,4970
476,4989
4002,4971
1533,2816
1538,4970
3383,4905
1881,4972
3550,4784
420,2787
786,3880
610,5070
2328,4896
2112,4791
3559,4937
977,2857
1782,1848
1491,1831
513,4912
1375,4751
5051,3885
1587,4911
610,3877
3342,66
694,4832
2539,2829
2246,41
3563,4894
1955,4685
4863,145
3164,21
4557,5019
2219,2813
2377,3915
2613,1727
2348,4862
282,2833
4020,4872
1672,6
1660,2809
1450,2786
129,2840
1216,4911
1811,3879
3143,4920
1171,1732
335,5066
3663,4732
4298,4952
964,4876
505,2818
4171,47
2909,58
3571,1835
2555,2813
170,4930
2124,40
564,4919
1678,2794
1068,1839
2953,46
3388,4849
3286,2774
4391,2843
174,1732
4612,68
4441,4890
3145,4797
4543,1846
3346,4253
688,5077
3246,1856
2239,2786
4104,4763
2063,3884
1275,4961
1930,1732
300,4718
2494,3886
695,2813
1959,2809
821,1733
4062,4979
3733,4785
1905,4912
4217,40
2400,4886
4354,9
442,4897
5033,3924
1243,2808
4633,2866
4065,4996
3021,4829
3832,2818
1099,15
1052,4903
2441,4819
3713,2817
3578,1836
3718,4915
1050,2837
2280,55
2001,5066
4642,4904
3500,4749
1507,4919
1472,4690
3633,52
499,4686
3386,4677
1977,4992
4943,4679
640,4777
3102,2803
2037,4743
4021,4824
3756,2786
2133,4697
638,1729
3992,2803
4740,5075
4235,69
1430,2779
2131,7
1265,4253
4302,4882
362,4870
1115,1843
517,4915
2402,4682
1528,4718
3434,4885
2335,113
2132,5001
975,4903
4459,2840
4261,4929
965,4668
3605,1740
4498,4831
624,4978
305,4688
3307,4900
1434,4916
3920,2820
2136,4998
172,4250
2617,4691
1753,2854
3233,113
1035,3913
3926,3886
1168,64
4895,4952
324,2774
1349,15
172,2813
1385,4677
1942,124
3043,46
1260,5064
4280,1831
2448,318
2509,113
2614,5001
170,2837
4293,117
1819,4741
2,4782
4175,113
1626,4911
1313,4917
3775,4679
3387,4750
3206,4956
4620,4743
1321,4771
4744,3882
845,4901
2424,4995
1040,4762
1295,4978
3564,2795
4933,54
1770,64
270,5065
3797,4972
1324,2844
1451,4749
2300,56
4127,4902
1622,4994
3611,2772
1388,2817
4497,4956
1019,4952
4757,4988
693,4759
2522,4694
3866,4675
2378,4748
2709,4680
4834,2848
1768,4968
2368,4901
2099,2860
1241,4917
3429,2824
2508,3912
1394,4759
4330,319
2253,4908
1560,2824
3408,2827
240,4831
395,40
820,4797
340,4935
878,2817
3866,4965
1764,4675
238,4931
3599,4900
797,4763
4081,4978
2672,4934
868,2826
1333,4729
3642,1851
4577,4921
3207,4954
3253,64
3725,1857
326,4668
2353,285
1200,4733
3112,2858
207,4769
1263,1729
2246,2814
2335,4727
3088,15
3429,4764
608,5000
2875,3913
3802,4940
966,1860
2896,1860
4492,2784
1529,2866
688,34
642,4929
1010,4743
2106,2783
1929,4957
607,4987
153,4750
5044,4678
4596,40
1360,2840
4307,4988
5021,4946
442,4788
1108,4771
324,2825
3754,4784
660,63
227,4897
3211,41
2738,4687
4193,4676
3240,4970
572,2671
1285,4847
2714,4734
2188,132
307,1856
2923,2671
410,2854
3323,1788
4628,4654
1055,2849
2290,2848
1084,4964
814,69
984,4994
394,4916
704,319
2159,4882
3635,50
2977,4739
3132,4913
4427,4677
3063,113
4067,4672
2056,2774
804,4754
1124,4752
2164,4832
2082,2838
1774,4879
2362,68
1528,11
2900,1732
3732,49
2221,5004
461,4877
1413,1862
4702,4995
4058,2839
1642,3878
4705,4891
4282,4668
3394,8
2413,4635
4370,4248
3459,2866
147,4972
4401,4793
81,4986
2205,4654
1315,4676
374,4832
1739,4902
2640,4966
3760,4747
279,133
4942,2768
3402,5004
2336,4785
1933,1735
4051,4739
3800,4940
3820,4829
505,2671
292,4831
2548,4753
3663,2810
2760,4676
3004,69
2842,1816
2704,4870
1018,4654
583,4768
784,4266
3239,1851
2051,4906
4260,1860
4214,4785
1482,50
2077,4918
1051,11
2507,2776
1930,2784
4124,3885
930,2810
774,4947
2423,4901
649,4718
1493,4768
1123,2839
3500,4997
1163,4737
4538,1860
595,4781
1867,4946
945,4955
3632,4781
2955,1862
430,4829
726,1849
3577,4267
3023,4919
4898,4873
3124,4824
3408,68
3845,2833
2115,3882
730,4738
1268,5065
2270,4688
4260,2658
4392,6
645,5020
4560,50
4523,70
2888,4954
1128,2810
1008,4932
3943,4748
3990,12
1486,4697
813,4901
3643,4678
2618,1730
323,4732
802,4739
4129,60
3889,4688
2558,1734
3048,4750
1859,2860
1116,4734
3411,284
984,4817
1291,1832
1539,1844
231,2855
2357,3912
600,15
2881,4996
4320,70
3893,4265
4190,2826
1998,15
2698,1844
436,115
749,2854
2331,3877
2742,4828
3116,4887
2448,4888
1408,4936
4716,1846
161,4801
2859,5069
2154,2814
3766,4696
1614,1861
1717,4800
3287,4735
4549,4849
4710,4894
3797,4995
2746,2853
879,4253
1786,4939
992,4997
539,4958
4631,2860
4367,4965
792,2773
4826,2854
3121,2831
2378,4901
622,4906
2395,4801
3509,58
3980,4673
4104,2796
585,8
26,4918
920,4987
4756,2847
4387,4990
3303,132
2926,4858
1586,2812
4658,4690
1438,1817
4129,4830
4385,4788
4023,5074
4361,1856
579,4770
4404,4919
4403,2857
3136,4793
1523,4634
3465,4968
4717,4912
2009,4685
423,4734
3748,2841
2203,3883
3828,4872
2770,2814
4269,4693
2174,3884
1455,4760
3395,1846
851,4797
1142,283
1288,54
4517,4946
3081,4988
1048,2862
1361,4803
3206,2818
1398,4680
2942,4679
3354,4879
3796,2787
2546,4857
3406,115
1093,4849
2522,55
4700,3913
3973,4792
1533,4747
2282,4978
4121,4987
1033,4914
2065,3885
2512,4920
3628,2774
4661,2808
3650,4678
3097,4734
2018,5020
4845,45
3073,1731
1829,12
2709,2839
3006,5001
706,2772
1261,2768
3187,2821
3272,5001
2150,4675
183,64
645,21
1195,2798
644,2818
3260,2860
4656,2765
4107,5075
3862,2814
3950,4753
3422,5077
2696,5066
3350,2821
4496,2784
5052,1857
2140,52
3907,6
3026,53
967,4759
1341,2832
3858,1748
326,3877
191,1835
1945,2832
1640,4760
414,4909
900,4915
4438,2831
2985,4970
2378,4248
209,1836
1695,4793
1867,2671
269,116
1704,4815
2411,4934
3752,2767
1705,4896
36,4774
3420,11
1144,5073
694,1818
1384,4970
263,4830
1916,2799
4758,4265
1359,3880
4099,4732
1521,4972
1823,4266
4392,1849
4064,4790
2683,3924
4281,4894
4447,4883
748,2860
1502,4919
2087,48
3530,4987
3355,1832
4530,318
2313,115
3799,3885
3047,8
4588,8
3910,4691
1802,5064
739,4674
2689,2838
4571,5074
1169,4736
2739,1732
1334,4848
4100,2765
840,2857
1120,1727
3309,4691
1290,2845
4469,2808
4562,3882
3634,4951
4340,4890
2620,4799
2052,4956
3053,3
864,4788
3863,2838
78,4850
1013,4919
4350,4861
2914,2829
705,70
553,4772
3081,2853
186,2671
1902,4817
857,4753
932,4754
914,4997
1049,4824
3819,4956
3459,2826
2655,113
508,34
1345,2803
2190,4783
28,4782
3870,1840
4319,4994
1280,5065
3464,4742
1942,4673
1356,5066
3045,1857
1941,3885
4326,4741
4412,5018
3764,4848
1085,4815
833,4952
707,1838
3733,4992
3565,4728
540,2832
3477,4956
492,4755
2881,4978
1547,4695
134,2839
266,4989
2988,284
1087,2794
3560,2767
1876,2811
691,1727
1354,49
1899,4799
2894,1848
2970,60
2836,4800
529,4674
362,4885
678,4674
475,2826
2032,1728
1671,4991
1811,1731
2356,5
4112,4920
960,4253
470,319
5009,4686
633,3881
1272,2781
2916,2825
2219,4872
1739,319
387,4830
483,4680
3846,4793
4833,4936
4826,3877
3126,1735
17,4972
3967,1817
945,4963
174,1844
2639,4750
4315,66
78,53
1690,1836
865,4907
468,1837
1881,4989
2334,4897
979,4668
4134,4904
1938,4953
2211,4992
2164,2772
945,1729
2330,4831
4383,4792
4619,283
4045,4734
23,2860
3815,4968
560,114
601,1788
4618,3615
1795,2808
3037,2844
3379,4681
3010,4934
3805,4755
3059,16
3404,4679
3296,4952
2170,1731
664,48
2637,5018
108,4696
4636,4936
4106,4888
2277,115
4008,3505
201,1817
2350,1846
5057,2818
2936,2846
4247,4958
2730,4901
2123,4817
4647,47
1387,4963
1114,4265
2083,5077
3765,2858
4023,218
1687,4986
2056,4678
1624,4693
3625,4780
3241,2860
2859,7
419,34
194,4829
1599,1725
4291,3884
3744,4952
3965,5066
483,65
1473,4996
1218,4673
3528,4937
2075,4941
3499,55
3197,2658
4199,2864
4002,66
4121,4675
2282,9
1514,1730
1658,4911
2093,4961
3485,4891
4337,2835
4240,4720
1458,4674
410,4896
4100,4815
1078,1838
400,4929
1569,2845
205,3924
1995,5074
1466,4946
1870,4828
4136,34
1872,1860
1905,2813
4183,4886
3348,4768
2376,4830
2019,2783
452,4919
1049,4788
1004,2813
3710,4819
2391,12
2650,5074
2060,4968
3812,4828
1461,4890
3362,1843
105,2786
3120,4681
268,70
725,4777
3073,2803
1820,116
3667,4918
5057,2844
349,1849
3872,4931
4373,2764
289,2814
1000,5
1828,2827
949,84
956,2788
2933,117
2691,4736
3298,4264
2159,4766
5008,1827
1281,2833
4123,4742
1829,115
3222,2853
3583,2779
3514,3912
1108,4732
1557,2858
2873,64
643,1840
3301,1788
2510,3913
1800,2821
3392,4770
92,2764
184,4872
3082,1835
1923,3
1365,4768
3153,9
4042,4679
449,5019
4591,4831
341,4765
1434,124
3719,4786
939,320
4191,2774
4874,4686
731,2846
3934,1861
4201,4946
4808,4988
1821,1839
2094,3880
1356,4783
2018,4774
396,4929
3442,1740
4602,4896
2356,319
1589,4962
4476,4937
1029,1844
2385,131
636,4751
1022,4784
1906,4979
4269,4734
3813,2774
4189,132
2715,5001
3034,3884
5045,4883
832,4801
450,1735
3158,55
1757,4882
4159,2866
2302,4686
2440,1729
3424,1843
2834,1733
1604,4654
3175,4946
3067,4903
4185,4736
833,4997
33,4906
3535,4965
353,11
1020,2835
1487,4785
1393,2789
666,4693
4199,4917
2896,319
2072,145
258,62
1046,4901
4174,4998
2643,4921
1950,4816
3681,2844
2707,2765
1678,4963
410,2855
2986,320
1014,4673
3780,1726
667,2787
1408,4892
1978,4914
766,2817
1502,4879
2127,4951
2880,4250
3967,4681
22,4251
121,2867
4506,1788
4554,4889
2474,15
2919,5
1580,4913
355,38
1581,5075
2232,53
4795,2774
4275,4862
1242,4248
4117,4762
3105,2764
110,4915
2754,4993
947,1733
567,52
2609,2840
1438,4746
1442,4963
4105,2847
1201,218
1070,1833
1897,4250
4666,2776
4531,3881
1572,4265
2235,1838
2679,49
2393,4735
2209,4954
1953,1840
4505,2840
2499,117
248,2851
518,4770
2429,1848
297,4932
27,4872
492,1834
1760,4958
3024,2808
3847,5000
3191,4850
3809,53
3188,54
1337,1732
927,1860
1130,3885
3917,4932
1033,1731
3610,4892
2703,4926
3909,3886
1713,2837
3338,4654
356,54
1463,2785
4353,3882
2651,4988
2668,4918
212,4720
2267,4727
1023,4937
3687,2764
3479,2827
1685,60
2762,16
3094,4905
1792,1832
4581,16
2085,4748
1982,4674
969,2812
3378,4752
2925,2812
1529,4910
170,4891
2226,4988
267,4914
3384,319
4950,4963
2381,4801
2384,4267
3397,4991
183,285
4513,1838
3961,4935
818,1840
1968,4992
2079,2818
2184,4988
378,113
2358,11
4167,4861
908,4918
830,2765
3098,4850
3000,4681
4122,4888
1819,4801
2067,2813
22,4731
1385,4771
4357,50
3586,2772
2165,318
4448,4934
86,5065
4810,116
5045,4248
527,1818
3380,4880
3125,5075
1704,4963
3344,2800
2422,2658
2199,69
878,2800
1122,2812
1481,4788
1352,1835
3800,4955
2292,4820
2553,1817
811,4918
1813,8
1895,2768
3021,1896
1617,4987
3156,4782
3160,4799
929,2785
2511,4891
1020,114
4493,4727
299,4670
3467,319
2942,4916
1763,4692
986,4892
4865,132
3237,51
4389,84
299,4687
4073,5
247,4877
1498,5069
128,2813
4663,68
4318,2849
1504,4763
827,4916
3198,4789
3931,4878
4531,2813
83,4849
700,1788
2029,4250
1417,42
4413,2785
4195,4786
217,3886
3783,5002
1965,4755
136,1841
2994,4830
2006,4671
843,70
4092,5
3972,5066
704,2838
3348,4730
2599,4654
288,4634
1269,2848
2247,2764
2931,2823
383,4686
2250,1836
3808,4775
1767,1860
1957,4911
1373,4654
3383,13
4499,62
2333,2843
2097,4914
1299,1832
3825,4680
4532,4249
4416,1818
293,3915
1724,4765
3650,4264
436,4801
804,2843
4661,4873
4422,4694
3727,115
1690,4748
4433,4978
3250,4768
922,4897
610,1727
2704,4963
2880,56
1502,2781
4104,4916
576,7
2490,4677
5057,4691
944,2831
1708,1835
3324,4736
4038,4790
2701,4969
3476,4750
2805,1816
4226,4753
226,1831
1826,6
3888,4944
1385,4931
2177,283
3362,4884
3955,4782
2571,2845
1464,4963
506,4901
1358,2817
874,1818
4840,5073
3503,4947
4525,4777
535,4891
1560,21
3156,58
3858,2816
2344,1837
341,4693
2157,4920
766,4992
2527,2820
4176,4894
3671,2783
1335,3880
4865,1860
1643,4957
1257,4912
1993,4907
253,12
1903,4754
286,4787
797,2865
1203,2866
2184,4888
1460,2841
5052,1841
3918,4761
4146,46
2142,4904
3138,4736
1720,1827
4452,4940
4349,4856
2938,2768
681,115
2180,1844
4448,4962
4578,1851
1081,4759
4003,1816
4286,3884
593,145
3072,1788
2662,5063
2584,3912
2729,21
373,4727
1919,4880
404,2817
795,3884
2432,4741
163,4998
4158,4741
3312,2808
1535,1856
3572,1732
1347,4964
2884,2858
654,4831
1342,2848
4610,50
787,4679
3573,2844
306,2798
662,4785
789,4919
592,4739
1651,132
4152,4654
1787,2794
715,1748
3276,4830
3645,5069
1767,4855
26,5016
4639,50
3121,2858
3056,4990
4015,2782
2289,4747
1759,4654
487,5016
265,1788
3518,4797
1977,13
3752,4829
2443,4750
2507,21
497,2839
797,4771
3374,3
2473,133
804,4779
2584,4692
4984,4799
4444,1861
3577,4926
3893,4672
2248,1729
1664,4819
2184,2795
2063,4736
2249,4956
531,4728
755,4963
4252,4891
4406,3915
2334,4935
4583,117
1675,2820
3123,4816
195,42
521,4936
138,2809
1201,4916
2912,4676
3905,2858
4558,4820
2936,4907
349,4688
1238,4926
4843,4742
1741,1846
2207,4743
4127,1843
1327,3
4573,2847
187,4784
191,2765
3338,4937
2456,4777
3200,4986
2667,4971
2993,4828
2352,4682
1264,4770
1672,4671
2163,4792
4622,5018
4019,4953
4546,4921
1885,2787
3470,4963
2124,42
2216,283
3636,1841
3348,5070
909,4790
3743,3883
2791,52
1077,21
3013,2854
4172,2855
2513,2846
1486,1837
2130,80
3008,2864
180,4777
1190,5016
1670,2779
4200,4753
97,4736
1440,2813
2654,1837
3129,4938
1058,4720
4061,5073
2872,4723
4713,58
1019,4858
1772,2831
3762,4997
2303,1740
1648,4891
1205,4720
333,41
420,2658
2380,4860
3842,69
147,4789
3435,4880
1350,2866
1167,2840
3769,4926
2721,1840
990,2839
4715,4887
3747,4799
2318,2848
707,4829
4431,132
905,4997
3544,1844
4620,4962
3818,4872
4144,4741
2118,2827
3031,4694
2087,70
3453,3615
2090,1740
4390,4931
3064,4790
683,4818
2868,3505
4221,4634
2316,4694
669,4944
1034,8
4118,4953
4285,4978
3613,4829
1319,4896
3121,4988
1153,2810
4802,4991
1603,4682
3154,4684
2732,4891
4566,4816
2033,1748
1886,1846
2422,4773
5048,4718
377,2841
4329,2781
4337,3883
3343,4735
3477,4784
3282,4882
4507,2821
4767,2841
4646,1840
4096,1730
5049,3914
1716,4890
1302,34
2707,4819
3471,1817
4593,4266
2897,4862
2801,21
169,4989
4170,2776
1616,1856
2015,1846
3384,3885
159,4671
2739,4742
776,4876
815,4820
1685,4936
2095,124
4182,4861
702,4901
812,4253
2684,4890
859,63
2390,2844
2116,4737
4572,4870
3131,4886
1105,2799
1996,4680
3072,4990
4445,4774
4372,4858
144,61
3917,4912
4422,4766
1480,4681
2339,4265
3400,114
4343,2810
5052,2816
379,67
3418,4882
2516,4781
2451,40
2221,2838
551,131
4487,117
2321,4937
2361,2788
109,3886
4324,4818
4295,70
4215,4253
1197,4762
4377,4883
2557,320
4648,2825
828,4917
2101,1860
4298,4986
4254,1849
1598,4953
4001,2827
3926,4991
4413,4816
1151,65
33,1827
1099,1860
3812,1737
3380,4857
3332,4785
812,1849
4036,5004
3555,285
2923,4690
409,4680
1931,2866
2050,4720
1791,6
3665,6
4506,4692
3430,4776
2510,4915
4407,2795
1916,4855
2888,4896
2260,2846
5033,4732
1169,4991
1779,4952
2558,4682
2122,2843
3425,2812
1499,319
4665,4790
4369,4964
1278,4908
1556,4730
2663,320
1063,4634
2702,2776
459,4963
2278,4917
1056,4817
3184,4955
3897,2811
2690,4770
2861,4970
4234,4956
3177,4729
1913,4937
3956,46
1247,1729
2077,4785
1242,4986
97,13
3397,1740
894,4265
2712,4763
515,4971
3949,5020
1348,2860
3730,4774
923,4613
3752,1840
140,4905
1618,4692
418,4634
4853,2862
994,5075
562,4728
4626,3886
1637,2803
972,2821
153,45
1212,4769
789,4816
4166,4684
152,4747
2738,4926
1384,4816
4843,2867
4368,4978
1867,4774
3373,2849
1705,4781
4029,4753
1087,2845
3394,4671
2190,115
1960,11
3579,4729
3278,1848
2353,4692
2585,4897
490,4801
4381,1731
3927,2785
4351,67
3802,4781
847,4944
1596,38
1236,4251
1710,42
4536,4968
4389,4746
1781,4694
3941,4849
1283,3882
2746,2781
3861,1896
3680,4678
1554,4733
2007,4803
118,4936
3249,12
3694,2848
4230,2833
790,2794
2759,9
1183,1835
3144,4995
1081,1841
2069,283
536,38
4030,4770
1469,2816
4123,4935
2382,4929
4391,1841
3068,3885
2460,4972
1595,4860
4145,49
1307,54
757,115
2364,2866
3564,15
278,52
1776,133
3451,4891
3307,4677
757,4886
1012,4693
3921,2784
392,4885
1965,1733
2943,4858
138,4815
4533,4926
3099,4996
854,1832
1391,4968
2960,52
3583,2814
93,1862
985,4907
840,5016
1778,4972
4183,1855
3976,4770
4035,3885
1515,1855
267,3
27,2854
3159,4738
1685,285
4440,4750
1002,4890
3848,4732
2902,65
3411,4929
968,2831
834,4723
625,6
1619,284
608,1844
547,4938
2002,3886
1870,4760
2050,4692
843,4918
273,4884
1389,60
722,4969
4217,117
3486,1862
1486,2774
127,4678
1305,4766
2666,4266
1749,285
2599,4889
3105,4937
661,4971
408,4907
2540,1847
4360,1860
4202,133
4282,4910
1237,218
4393,4961
4804,4882
1421,4987
4407,4654
2501,4250
2180,2841
1519,4818
469,4998
2125,4265
3492,2782
1421,2784
1931,4909
743,2658
1592,4680
4235,62
4409,4882
477,318
3707,3884
2539,2787
1338,2825
184,4932
1898,4879
1235,4783
462,2764
2239,5016
4044,4958
2333,5016
4611,4979
334,1844
402,2827
1445,4669
397,2838
2382,4764
750,2812
941,2658
4166,4776
3646,4937
3628,4908
2876,2851
4130,42
2901,1832
3235,1726
711,2803
2350,4739
4237,4777
2992,2867
158,4251
3823,1836
5014,283
4607,2853
423,4728
3029,4919
3518,8
4220,3912
4317,4971
4630,4964
4927,4952
4549,64
695,5004
1262,2787
2371,1831
1200,4760
39,4776
2686,4972
1760,4987
4189,5063
4301,4749
2247,4730
2727,4780
873,1832
2993,5077
1803,1818
2737,2851
2198,1831
1352,4935
3164,12
2466,2843
256,4993
921,4733
4238,4970
4501,15
2959,2840
1212,318
136,4876
4136,4961
1885,4926
2616,4998
4050,4997
4575,4816
258,21
3267,2795
2020,4688
3138,4266
1967,4743
1631,1817
499,2858
653,4692
3221,4684
2234,1734
3476,4751
4280,4672
2360,4937
3618,4733
928,4914
2444,4787
31,4817
741,1742
591,65
2159,4934
2654,4732
3540,5064
2035,2784
4470,4907
3842,4686
445,4741
4491,2854
1637,40
1113,4265
2653,4742
2876,2865
2053,3914
1158,2845
4439,42
5021,4820
4364,4857
920,4858
3775,1818
4566,4997
4804,1818
1325,2833
3476,4956
3368,4797
499,2809
2890,4769
440,2860
1488,2862
3995,3881
1125,4962
1160,4730
5076,4782
4119,1817
2455,4676
1150,4986
3748,2825
4547,1834
3323,4909
4577,2671
2432,5
3852,11
1593,4692
385,2855
677,4765
5053,4720
159,4746
1581,4694
192,65
2879,4678
1414,4777
3377,5064
1541,69
2606,1860
4277,4828
4273,1
4070,4738
4555,2817
2471,4778
389,1728
97,4903
1441,4939
2905,4681
1675,6
3008,124
3343,1836
3500,1832
1686,4931
3712,1728
144,3882
1105,4905
94,4878
4187,2866
1072,4872
973,2811
3582,4790
2202,3880
1899,283
1412,4792
1115,66
691,2846
723,4917
3047,4969
3093,2862
3737,4766
2567,2831
4924,4944
1802,3914
5058,4885
545,1851
2211,2849
1548,4729
3290,4613
1367,4736
2245,5019
4446,4691
5024,3881
2585,4968
3297,4266
622,4791
3641,1731
870,5
304,38
2579,2844
3073,3884
4177,4801
4502,4912
499,133
3941,4792
2908,1
2530,4761
3810,2831
4071,54
1650,4862
4435,84
1282,4720
5021,5064
3768,4764
3166,2862
2734,2840
484,4944
3722,4792
3550,5073
3175,2832
571,4939
1166,21
4767,4697
2912,2782
4437,5004
2960,2803
4275,4939
4421,4253
1481,1849
4975,4817
465,4847
901,2856
1815,5066
1004,4800
3872,4921
4078,318
4063,46
3629,58
3130,2812
1628,4911
4332,4932
4162,131
23,2671
915,4897
644,4939
1433,4956
4923,54
5071,1740
1155,34
652,4897
2206,4815
4868,4883
4632,4849
901,12
2675,4676
1104,4727
2881,4754
2522,3615
1407,54
4835,9
169,4688
2004,4764
2527,62
1961,4678
983,4920
1723,4771
448,283
1805,4248
1290,2829
992,50
32,4972
3838,2827
3555,5000
90,4904
3025,4972
811,4789
2632,1735
858,3505
866,4792
396,4910
4332,283
2489,4831
1770,4685
722,4913
2760,4265
4010,5077
2777,66
4090,4880
4261,3912
376,2825
1954,4902
2265,4862
420,6
2595,4857
741,12
1286,2785
2346,4684
440,4783
982,3886
386,4919
870,4920
4268,2839
3058,4926
2731,5069
1612,1896
228,2844
932,8
4040,53
4468,2814
1364,11
2747,4848
357,1849
1173,2847
4296,3505
3227,63
2238,70
1465,4912
949,2848
2620,2800
385,4749
167,2855
2,1729
196,4986
747,4730
2572,1841
99,51
4079,1838
1237,4920
4052,48
1038,4988
579,4847
1940,4790
1462,4248
4305,4800
3783,4941
1469,4671
2538,3884
467,2808
120,4771
645,283
2939,1832
2955,15
2802,4693
983,2765
4235,4742
22,4675
836,2844
3326,4687
4270,51
1308,124
2804,4989
3358,4668
518,4695
3353,1
449,2825
2477,4829
3380,4904
169,2866
2859,2796
3289,41
3925,2765
382,4684
2237,5063
57,4785
2221,4824
1579,1896
2883,4855
1017,4856
704,6
1571,50
831,13
1947,4613
1978,16
773,4668
243,2847
1263,4790
274,2796
3965,4969
1567,4879
1166,4987
332,3615
2627,3913
2255,8
4810,1844
4717,40
714,5018
4322,80
3511,2867
3737,4676
346,1857
1028,4879
2648,283
1477,56
507,2800
2761,2782
1453,2813
3907,51
559,4969
1577,4690
2204,1836
3121,3886
4624,2829
4096,60
2161,2789
916,4791
1220,4723
4627,1851
3224,4687
3650,2848
3664,2799
1776,2831
1368,2860
1934,4820
1062,1836
1259,4953
2517,4728
2815,4769
4566,66
159,4797
4141,4674
4438,4816
2179,62
2537,2857
1785,1850
364,4253
3959,50
535,1860
3641,2813
1016,4915
292,124
2646,2839
912,4970
2025,116
781,4855
2254,3877
2759,1848
949,2658
4144,4770
4724,4870
1867,4731
2336,4996
3645,4995
3581,1849
1695,131
1358,4919
553,4902
4090,4729
3947,4880
4041,5069
487,1742
1495,4747
3186,4965
1392,4776
3707,5075
1758,42
566,2866
4129,4678
2462,2846
4067,4677
3501,4684
2560,1845
2291,4723
4851,115
4059,4248
2327,3881
2019,2847
1221,21
4840,4775
418,4972
467,320
2875,1727
5021,4718
3356,4686
1372,1849
188,4678
1657,55
3350,4919
2580,4793
2150,1831
3858,4635
2571,4675
390,4692
2955,2772
4111,1831
2170,80
1450,4989
2325,4876
1975,114
1466,46
3219,4819
3748,3880
1886,4905
1105,4673
2621,4768
282,9
1420,1733
4242,4969
1368,4972
83,4886
522,2813
512,5000
3797,4877
3944,4815
194,38
2628,5001
4242,2764
1751,4671
2014,1838
140,46
2169,4946
918,2865
1770,2800
4136,4885
1863,4870
2716,2837
2387,47
5027,63
2927,2781
1302,4679
3348,6
4345,4916
487,1788
2156,2858
2552,4939
3911,3881
2241,1816
2403,1849
2986,3883
1097,1839
1738,1831
2402,4735
1591,4873
2285,4743
2876,2862
1428,4947
287,4793
3726,2862
3211,4760
3057,47
4425,3879
502,2782
3345,2822
4606,4896
1388,4929
3894,1851
2719,115
1690,4253
3179,4951
353,4755
689,4694
1180,2862
2935,2671
3666,4882
3093,4902
1657,2837
1307,3912
2215,4727
146,4884
3974,2798
720,4785
2074,4847
1770,4741
2328,4969
3544,4691
152,4903
1721,4824
840,4693
3425,4849
2884,80
4188,1748
1167,285
2199,4917
4399,4882
4418,4857
1428,133
4083,2848
181,12
278,2816
2981,4776
4243,4939
1796,4253
2618,4978
1703,2784
1656,4797
1021,1844
536,1850
2742,4819
724,115
194,56
2650,2790
2718,4909
2398,1740
2619,4251
2494,21
175,4951
3449,4773
1338,2838
780,12
2754,4801
816,4251
2117,4788
2083,4988
4294,2839
2249,4676
3580,13
1189,4694
2422,1835
3298,2798
3142,4883
14,113
1239,4778
2962,5070
254,2786
2582,2788
3875,2823
894,4742
3609,2865
2202,4897
2447,1748
2868,4671
924,4727
3701,4253
4553,4265
3359,145
1271,9
3575,2798
127,4727
3034,1732
1162,4896
759,4934
2538,2845
1666,2811
2520,2816
2696,47
866,2865
902,2835
1059,4763
4547,1740
911,4248
693,2816
3332,2856
1548,5018
444,1847
4548,4782
975,4778
2244,4749
597,4777
3565,4753
2769,1816
3360,133
3410,4690
2483,2794
1391,2864
2428,2821
699,1748
1613,4248
3645,4936
4101,4780
1542,4906
2602,4774
3452,4693
37,1728
3221,4683
2398,1726
474,1834
3515,4962
2638,4855
3930,2867
4638,4749
1794,1818
3673,4951
4588,21
3160,4926
549,4738
1792,1846
558,4965
4534,4689
2681,51
4118,4880
3687,4953
110,4972
843,4855
2691,1808
2591,4771
2443,4754
163,145
3140,1729
3349,2854
3970,4891
3920,2862
4160,2785
5050,4889
4109,1836
1322,4971
2454,5069
4217,4735
4651,3615
3898,2845
179,49
1806,4903
3195,1837
1243,4912
678,2841
2108,2767
694,5064
4522,2816
4441,3914
1432,318
3629,4888
1806,318
2244,132
2879,4848
3045,4824
3640,4676
2193,52
3807,2865
1204,4668
482,4675
4004,2787
2447,5001
1026,4728
