430,60
4843,4746
4012,1748
997,4613
2775,2812
1296,4830
4533,4673
3761,4766
3410,4676
434,4785
3618,4778
4637,4790
682,4728
972,4754
3201,15
477,4994
666,4747
3975,4791
1246,4955
4488,4248
2606,4735
844,4654
4340,1731
756,4792
2491,2794
4344,5069
4019,4941
3322,4903
5013,38
1605,4988
4138,1846
1423,132
2298,4882
3965,49
2155,4743
260,2826
3077,4906
2178,4668
1178,4790
166,4832
484,3886
1532,4674
3527,4990
3442,4774
3564,4770
4332,4737
3294,4654
3847,4908
2873,4882
3208,4917
695,4962
1058,1847
1066,1816
22,4772
3784,4265
601,2862
3066,4676
2476,4926
2673,1817
3499,4819
1253,4997
2520,2844
2311,5004
2029,4761
2476,2809
4139,4791
618,1742
1966,4911
3321,1847
1966,2833
43,113
1023,4786
3766,4762
1555,4750
1949,2838
1425,4693
450,4963
1364,6
2338,4675
1398,1862
2332,283
1350,49
1586,4693
2156,3913
3069,1732
4192,61
425,4858
4340,4693
3427,4832
860,4732
2555,51
1333,8
4835,8
3292,3924
2349,4743
1523,2848
3632,4761
4626,21
96,9
2619,5064
5038,5064
1521,2799
3137,2818
4959,4723
410,4829
2541,4731
4839,4772
914,4816
4060,4877
1224,4986
1209,5020
164,4668
1610,2800
4139,34
3177,1737
2649,2764
3114,4889
2881,50
1245,4769
1289,285
1191,4773
3511,1850
4802,4793
4950,4747
1480,38
3605,4818
2338,1841
1039,4689
18,1837
2339,4908
3205,2790
2626,4885
2172,1788
1017,1843
3007,4634
1500,1832
888,3886
4058,2814
3009,2803
1346,2860
208,2810
3812,4792
4394,4695
1584,2671
936,2811
103,4266
1370,4267
768,4681
2598,2671
393,2848
1176,61
1496,4733
1985,1849
4538,4832
1499,4978
864,4998
1898,4917
1025,3880
1154,1740
3754,3924
2046,4894
1291,2809
2145,2846
3423,2790
1966,4746
701,4904
296,4951
2802,66
3962,64
1200,2851
1232,131
3085,5
1461,4771
195,4936
1074,48
2318,1850
567,2799
4624,4986
2292,4947
3586,4751
4194,5
1402,4870
1993,4966
3167,4961
2665,3879
3272,2841
2587,1725
4121,4849
1776,1833
3682,2846
4373,1725
2115,4683
82,4775
4375,2799
2039,2810
3516,3879
970,4861
2266,2829
1914,4774
93,4986
1538,133
2595,4889
1245,4787
2239,1860
24,113
2140,4848
3119,4789
268,2860
1502,4695
2923,1725
5067,2848
1537,2821
334,4929
3781,64
3070,4862
1912,55
3218,1896
3046,2811
123,4873
3674,3878
664,1
1790,56
4133,1731
3513,2820
1879,5066
4152,4860
427,4613
1406,5065
4536,4635
2763,4771
3371,4896
2092,4932
2266,68
544,2858
634,2826
4188,5063
3162,3884
637,4741
4011,4816
3082,4936
2271,3883
820,2796
382,4911
1042,1740
348,4939
4373,124
1770,2860
2188,4883
2597,4819
649,2858
4073,60
3370,5077
3491,4766
908,4696
3353,4769
4154,1841
141,4829
765,2862
2836,1838
3671,1726
150,2786
3513,4907
3974,4968
3367,1851
1004,3879
3819,4732
1947,5075
3702,16
2953,4919
3313,5016
3051,4737
2204,1837
22,1788
3268,2818
3521,4670
3151,1837
4587,4894
334,2803
3168,5070
1928,2848
3986,1742
1801,4951
1909,4894
2473,4253
3070,4761
720,2796
4558,4753
1997,2829
538,4890
5044,4674
417,16
81,4253
169,2851
3217,1845
2139,3877
2411,56
2011,2783
168,4955
4854,2795
2871,1848
2516,4686
2409,4748
1530,2671
4624,38
1761,4824
3864,4926
4031,4786
382,5070
1767,4955
4984,1840
169,4739
3626,2796
3730,4772
1149,2773
5013,4900
4632,4781
3960,4674
3531,4692
5027,48
5037,4265
874,4900
3990,4790
2708,4770
643,4916
2663,4883
4112,4885
211,2851
1452,2864
3386,4935
945,4909
1380,63
361,4888
582,4634
2468,4894
1780,5019
533,4723
4068,2848
865,5077
455,4917
2093,4930
98,4690
3916,4903
3198,285
1705,4668
3634,4890
3183,285
5041,4889
4457,4932
1697,4903
2594,4824
4322,4861
4574,4634
4485,4784
2125,4696
1633,45
1761,80
944,4727
3183,4906
3448,47
4495,4746
5012,4746
4113,1731
4192,4901
3488,48
2277,53
1901,62
715,4911
4840,4678
771,4689
1256,4773
2894,3924
4134,2789
1218,2864
2364,113
4874,2826
4177,4906
2525,4820
559,62
4106,4909
678,4266
3971,1748
3379,2809
282,4862
893,4782
3797,4876
537,2856
1897,1734
1085,4965
3160,4788
4699,4887
3968,4635
1607,4896
3362,5020
4700,4734
1682,4930
4084,4674
2482,4677
1272,4803
1949,4749
1353,3505
2014,16
4015,115
573,2788
653,4799
4543,320
985,4905
773,8
104,4752
3778,4720
4460,2848
2314,4688
4614,1729
636,2812
4469,1896
1264,4731
622,4751
3946,4788
2489,4916
2255,5001
4387,1725
1330,2846
4021,2808
2935,2809
3646,4908
1938,4877
110,2858
1337,3877
2978,1832
743,1862
1466,2845
2515,4773
867,4872
1328,2838
1156,4917
1521,4634
3284,4911
2969,5064
2089,4774
4950,4672
547,3886
4241,283
39,4788
4076,5077
3706,4848
27,9
3013,4938
4008,4994
4317,2812
4863,2825
2176,4857
1747,2823
3813,4817
99,4249
946,1860
214,2832
5022,4918
4121,3884
1997,2865
4833,3880
909,60
2981,15
3768,117
4899,1851
1518,4886
724,13
3584,4891
4473,4912
1947,4673
3854,4671
3425,1850
1438,4905
2219,3
4984,4953
4360,4904
962,131
1323,4654
403,4919
1760,4668
2074,15
3520,4788
4421,4818
673,2833
886,4751
4221,2860
3268,3884
2472,5073
1792,62
872,1851
1151,21
4893,5070
840,2865
141,1728
2072,4993
2913,117
2049,4908
415,4819
1963,4860
3413,4797
1852,2787
3267,4885
3342,4731
4016,1729
615,4720
4422,4888
2390,4683
2978,1850
112,4742
1526,4729
839,15
867,4918
954,61
2362,2851
820,4993
1852,4680
1747,4911
2692,2809
997,2773
4278,2856
3937,4800
651,4761
4496,4792
2942,4856
2877,2779
3045,1833
1901,34
2046,2851
1217,4749
3715,4906
3952,4936
2061,4762
4021,2845
4570,4828
4388,5069
1713,66
736,4831
3891,4759
3804,4940
1452,4905
2966,318
1664,4918
832,2784
2269,4936
4425,1827
3079,1842
4528,4764
1897,4791
1050,318
2681,65
4302,4905
3626,131
3598,4887
3782,4782
2156,2831
3787,4932
2072,2822
3341,68
3887,4736
1990,21
5046,69
1340,4264
2651,1840
4531,2764
2280,4882
2599,4680
451,4964
626,3882
2085,4926
1467,4887
1655,4926
4326,5074
2433,4856
1536,1
3782,4680
4143,1726
2750,55
5068,4998
496,1856
2877,4738
1944,4728
1484,4958
4703,2816
37,3
3972,4938
4376,4861
1083,4891
2892,3885
4843,4860
2389,3880
423,4857
377,4992
2435,3878
3580,1728
1597,4878
893,2809
4866,133
5008,47
921,4828
1277,4828
2886,4905
4131,2787
4922,4769
2047,4786
2761,4788
1193,4789
775,2831
183,4770
1752,4739
4114,2781
1671,63
900,2840
3454,2867
447,4788
88,4971
2407,84
1143,4883
4601,4830
4422,2855
652,4909
525,4751
715,1737
1465,4890
441,1818
2121,2768
3059,4962
1425,3884
849,4972
2685,4878
4510,4761
2687,4789
3173,60
1719,4690
3586,1725
3888,4816
5010,131
2123,3883
1103,4824
2407,1850
3522,4671
1186,1833
3250,1732
2271,49
1736,2857
724,4736
4011,4250
5080,67
3135,4760
3626,4850
3534,5077
4151,4675
3133,2851
4301,53
3314,2817
3328,2818
1504,65
3658,2856
2632,4963
2997,4879
3493,5002
3241,4891
5008,2865
3512,16
3016,21
4506,4764
1333,3912
2944,5002
1601,1788
3566,4693
2069,4920
2713,4956
2474,4738
3968,4918
4128,5019
2016,1845
2315,4613
3224,4251
1466,4764
2726,2782
3457,5
2137,320
1489,4824
2601,49
704,4676
686,5001
2210,4686
3532,4675
1373,5073
2692,4746
1997,4897
3568,5
3252,4963
3969,4877
2426,4732
1556,4896
1942,4775
3630,2848
1561,131
2977,4991
1525,52
4464,1860
2929,2823
158,3913
3694,4952
1003,1846
4827,4781
2593,4850
4056,56
2354,4819
674,4770
952,2796
2160,4878
3006,4920
2250,2825
4120,41
2730,133
4156,4989
2311,38
554,2803
1459,1742
1171,66
2989,5063
775,4880
1336,3
2943,4963
3893,7
1745,4785
1518,4733
4040,1839
4434,4695
4212,4816
3873,4739
1471,4968
3705,113
396,1851
1679,4921
4959,3912
2181,1841
3313,4829
1974,4250
4177,1734
562,2851
3610,4995
182,5001
1062,2809
2760,8
3858,4690
938,4951
3214,4750
353,4683
1259,4876
896,40
2963,4991
269,4738
3314,1740
1499,2862
4461,67
2546,4792
2539,34
189,4938
4238,4775
3989,4904
4474,318
3097,4878
3371,4251
2618,4907
895,4855
3304,4849
1217,4884
2083,2789
2427,4951
1357,65
2707,5001
3025,1896
4208,4970
3775,4914
4524,116
449,4963
161,4749
2654,4910
4841,4675
4277,1896
1468,4739
1988,4972
4085,1727
4628,4742
3506,2844
419,38
1158,13
1024,4932
4192,1808
1821,2671
4302,4887
3735,4972
3434,4894
1798,61
4420,4979
3958,4858
2713,2790
1414,3882
3721,4777
1886,4855
325,5016
3550,2812
3947,4692
2975,2658
175,1732
4699,2847
173,4692
3324,51
2247,5001
345,4733
4125,4829
347,4686
5056,1844
1295,2846
372,4734
2024,2794
565,4873
1400,46
4171,4785
913,4935
1940,2847
4397,4730
2450,1732
429,2779
1512,4820
2625,6
448,5002
3897,2798
2519,4801
267,4824
4851,4748
3345,4776
3732,4940
2449,1832
1874,12
4332,4891
2633,4897
1304,2790
992,2808
2875,4972
2802,4996
3151,2858
4362,2790
4143,4732
3229,4768
2557,1848
743,4913
2777,4674
683,12
2035,4917
1333,1838
31,2812
1289,1735
2064,16
1400,4935
3396,4936
2907,4780
311,66
566,4777
2069,4778
3303,4817
4580,4760
1528,4993
4796,2855
360,1808
3756,5000
3773,4902
2100,4941
768,4885
1539,55
3991,54
3764,4962
4056,4955
3197,2785
1914,3915
4485,4668
1341,4986
1211,1827
90,1849
2394,1816
615,4782
347,52
2653,4733
4215,3915
4702,55
2163,4900
3919,2781
227,4678
1746,4682
2397,4763
4525,4897
4290,4912
2450,1846
3625,4929
315,4782
2443,4872
4106,1837
3719,4978
4518,54
1780,69
2150,4940
4644,4738
3486,2866
1276,4921
3610,4793
3441,4676
2276,1831
1563,2862
2127,4770
3613,319
3797,66
1933,4634
4494,4877
1523,1861
848,2839
3476,4832
29,4683
4348,2818
483,16
537,4693
1037,4896
953,1808
290,1734
1956,4969
3205,4997
4503,2794
3138,4885
2742,3886
5060,4848
2993,4728
872,4776
559,5000
3367,4831
1169,4684
4006,4695
1153,4861
169,1848
2440,6
4378,4691
383,4801
3808,4896
2151,4634
724,4792
31,4654
1361,3883
822,4911
2086,4831
550,4995
2778,4775
1946,80
2461,4249
4058,2832
4125,2779
3631,4780
4434,3914
219,4986
4624,4613
1425,4961
4608,6
3941,4687
4239,40
2020,4953
1377,5065
610,4962
1608,4773
123,1788
597,4755
4179,21
3603,41
4194,5001
398,5075
4612,1733
796,1847
4602,4739
4571,2829
3088,2811
1206,4754
946,4774
2412,4830
1799,2783
3701,4682
86,4253
3706,4912
806,4849
2569,4856
3391,4789
3156,4772
1304,4939
4321,3883
100,2813
429,53
371,4850
1181,2855
3309,2840
592,3881
3801,3877
2180,4654
4103,4786
120,1860
992,5004
3990,3881
3844,4675
3750,3885
2509,1896
1367,4730
438,4953
1208,3880
676,1862
1940,1845
2061,4921
443,2841
3633,4693
1380,1818
2344,4936
3566,47
843,4954
2453,4816
3504,4986
4381,4654
4794,4774
1405,4987
1021,4902
307,4850
3674,2798
3894,4908
4704,3885
890,4937
4572,5077
2721,2853
2576,2774
2196,4870
2568,3879
202,2785
1510,45
566,4264
4807,4936
3961,1833
2576,4903
4810,4930
1951,4860
2755,4676
1680,2789
1926,1831
3701,1847
3965,4682
1435,4941
4368,2785
2571,4800
2703,4872
746,4897
360,4870
4608,131
440,2784
3178,2838
2982,4687
3204,42
2413,1847
622,319
2636,1838
4256,2799
2223,2829
771,1837
1746,1861
263,4870
3332,5073
4512,1837
4617,2794
1736,4988
3767,4876
1824,2782
626,21
1989,1832
2175,4801
3229,3878
1315,1849
3099,2798
3384,1735
2204,4668
2717,2837
4448,4742
2623,4249
2190,3913
2756,4990
811,2829
1322,2814
3786,1841
3629,2809
3433,4872
2526,4674
1234,4613
1073,4737
3666,3505
2728,319
2270,284
541,4684
3666,4979
4509,67
362,4733
3633,4816
1238,65
184,4266
1083,2838
2511,4785
3208,4891
2102,1817
2093,2786
2452,1848
408,1734
2980,2864
3978,2831
4367,2790
2956,4849
1291,4750
574,2846
437,3885
358,4944
590,2845
1876,4759
2981,48
2980,1733
4439,3915
3373,132
4651,4764
88,4847
765,4747
2911,4763
988,4897
2334,1840
2473,4996
778,1850
204,4682
4709,1729
1652,114
2512,6
3265,2776
3552,4731
2085,4682
996,6
4640,4751
2470,4765
3500,2767
3184,1726
4550,2785
519,4966
3082,2855
197,13
261,4248
4093,1835
639,16
1938,2833
405,2820
636,4879
2337,4613
3124,1896
2598,2865
3589,284
4100,11
159,65
1549,4832
3173,9
921,114
1319,4763
1868,4877
5029,1816
803,114
1127,4677
3907,124
1182,2846
3053,4819
3167,4889
1000,4689
3039,2814
2428,4896
3454,4992
135,4801
2940,4669
2571,3913
2354,4878
3992,4848
156,4860
4095,58
2997,1833
3393,4776
3413,4671
1950,4944
1690,1860
4401,4729
250,1840
2932,132
899,2671
3024,4784
2481,1788
4417,4855
223,4964
2,4850
3331,2826
2240,4857
3920,2781
797,3924
3313,4737
2757,4940
3872,1740
4463,4765
1385,113
4089,2837
3936,1731
483,4997
660,13
757,2803
339,4265
4197,2826
3502,4935
332,4915
3861,2787
1614,1851
901,4760
4637,1848
2088,4742
2458,80
1282,4878
3451,4918
224,4635
3381,4783
1498,2798
1921,4727
3441,4765
3225,5016
838,4673
1029,4787
2481,34
4425,2827
3610,3883
2385,4918
2094,4910
386,2831
1778,4993
3687,4937
87,4932
3278,4669
2374,4773
3358,5018
4290,4742
139,11
2550,4763
3714,4872
3119,320
3025,1726
4000,2860
3578,2824
2918,1817
3464,4264
2474,4961
3776,41
2513,4749
1218,4888
2903,4793
846,1733
106,2858
5081,4947
2512,4829
4502,1850
1072,4861
4148,3914
4630,4265
4806,56
1559,4751
3000,4727
2227,84
3037,2821
477,4848
447,2795
1053,2823
3240,4855
1982,2851
2324,2786
813,1742
4553,1833
943,1855
755,4997
2876,4790
4162,4791
1055,4248
3768,2658
3996,4793
1483,4774
3635,4936
259,4921
3544,4957
3639,4880
3868,11
4302,133
1283,1849
1312,4686
2741,4918
918,80
3630,5016
1264,4951
4639,2764
551,4990
670,319
118,1896
803,1840
2512,4889
2721,4957
4404,4689
4533,4979
1916,1842
4845,12
144,4683
1809,38
1886,2784
127,5063
2662,4774
3545,4902
3985,3
4076,68
4302,4789
4375,4748
863,4830
2246,2821
171,4998
1494,4771
2335,4872
177,4860
3162,1847
1193,4962
3020,3879
555,4892
3134,1835
3345,4248
3893,6
4069,4764
4636,4775
2250,4963
1599,5066
1701,1731
4286,4749
3160,4265
4528,4971
3434,2826
1400,3878
3066,2848
817,4669
2207,4691
752,4962
2177,4996
3724,4902
3226,5001
715,4887
4380,4783
1463,4994
1752,4930
3401,4996
1199,4681
2196,5
1225,4787
2934,63
2573,1835
2005,1838
2074,2767
2411,1834
1617,2844
3289,4991
2440,4748
640,46
119,3883
2316,4972
3718,4917
535,9
469,5066
3203,285
228,2847
2185,4824
4273,4891
4009,4908
4648,4772
635,4253
1491,284
1908,4790
3079,4986
2502,2827
3258,3881
1164,4741
3861,4932
4899,2812
4558,1856
907,4987
2424,1
3592,218
622,2813
1119,1729
336,4902
3493,2847
3386,4769
4571,4917
1624,49
2211,4951
3498,2860
2282,114
2685,4994
1494,4797
445,4792
3060,5
2478,4771
3502,84
4362,2825
4504,4735
4487,5077
3544,4861
722,4751
4469,60
3934,4777
2101,4803
2148,1818
2430,2858
4105,4862
3174,4791
4125,4941
2247,3882
1113,2786
1291,4729
278,4778
3898,4748
2830,4904
805,1726
4660,2796
2661,2858
4357,4799
3972,1832
469,2817
211,2779
1626,4905
2759,4729
4425,4695
1315,4671
1915,2800
2945,4723
3083,4856
2047,1731
3025,4750
677,1725
4156,1816
840,1860
3274,4264
3013,4996
4441,2814
1692,4265
4844,4760
5029,2803
4274,4858
4626,2835
192,4741
4003,2812
2062,4963
2042,48
753,2864
2951,2845
841,4998
4576,4765
4071,4759
3297,4832
1321,2776
1152,54
3336,1731
2392,3880
730,46
95,4774
2386,2786
923,4792
4554,4880
1927,1851
85,4929
1793,4752
287,4913
3017,1834
4614,2841
3584,4848
144,2848
1267,4994
2686,2853
575,4931
3527,3883
4279,4824
1739,4723
2217,2796
4616,4932
231,4692
2828,34
1233,2824
1375,2849
1504,4693
3728,4799
3442,34
4146,4728
1439,4912
976,2818
4584,51
1391,4775
2117,1846
1310,4856
832,4951
981,4697
1660,49
555,2846
629,1851
2999,2795
790,4858
4287,4848
2387,4677
617,4267
2003,1817
1750,38
379,4264
2651,284
2029,21
383,4993
721,4914
1057,4920
1168,4906
4327,3884
484,4965
3755,5000
4448,4248
3590,4683
588,4920
1983,4891
2675,2799
792,4877
1414,1846
383,1748
2418,40
1352,4784
4841,2854
4437,1843
4297,320
1802,4779
654,3615
3824,4735
828,4944
2586,285
3951,2848
3296,4679
3060,2784
4319,4849
4123,2832
3927,2862
1407,116
149,4774
650,4957
2852,2772
2994,4267
2240,2818
2366,58
895,5064
2250,4676
2195,4947
1404,48
4015,4788
1691,4760
954,4765
4526,5063
5082,4937
1645,4251
3130,4831
818,4957
1182,2865
1279,4694
714,4890
2819,4720
3860,5
3538,5077
4375,4774
3432,4858
2775,4900
4243,2847
3085,1740
4629,4820
2698,2832
1998,4953
2197,4962
1469,4672
2074,4969
2921,4734
4313,1896
3815,4904
2635,1862
2894,4779
3288,4830
5076,4855
809,4877
3676,4913
1622,4695
2301,60
4620,1735
4426,4749
2445,4996
233,4764
1418,1849
4374,4883
4015,4870
3617,4787
123,2865
343,2784
701,4248
2424,4918
2591,4894
1015,5069
2551,4920
677,60
3131,2658
3831,4889
1392,4972
2636,4674
1262,4764
3106,1734
1254,132
4194,2847
548,1839
2007,4669
3417,4248
1095,2776
4716,2808
4553,4733
517,2810
403,1846
894,4901
4107,4815
3122,5077
1128,4720
1236,4849
891,2781
3200,2779
3016,4749
1118,4768
654,4965
4447,4932
162,3880
915,4954
1823,4954
759,4771
1955,4969
2627,3878
126,4793
2956,60
4477,218
4302,4930
74,4995
3485,4955
3017,58
3142,4900
4717,2776
4201,8
2034,4965
32,4920
1504,2808
4191,4686
4950,4964
2562,54
2138,318
866,4748
3772,4909
1348,4991
965,4765
4313,1737
2250,4904
1471,4946
3917,2851
496,4905
2330,3913
2200,2776
4078,58
877,2867
1247,2809
2240,4766
3259,8
499,4929
3698,4939
4638,70
2594,2855
3165,4955
4533,4857
2879,4654
5083,4902
4554,2841
3347,4783
3339,1
1187,5020
1398,40
1377,1862
2191,4937
1502,4786
3744,4680
1065,2841
2401,4692
1826,4720
945,2856
2172,4964
869,4746
4639,1831
4205,4962
323,4736
4429,4890
4099,2846
4558,117
3140,1848
1175,1
3491,4829
3791,4686
640,4759
789,4751
4296,1816
2503,218
2070,49
636,4969
1055,1850
163,2773
3077,4915
3137,5074
537,4769
1516,2858
154,4684
1100,4885
1795,4879
4038,51
766,5019
3974,4932
1764,2794
1474,6
2196,4249
1251,4768
658,2831
3257,2840
2170,4995
1738,4857
1586,1841
2969,58
1405,4876
3498,4878
3046,56
1083,2857
1059,4879
3246,145
5046,4729
709,4746
933,1834
3098,4801
718,16
4207,4685
3906,4264
5040,4963
4638,4930
715,4988
516,4987
3741,12
215,46
3146,1728
4582,1818
4090,4953
2911,2812
1425,133
1401,4720
1186,1735
1829,2821
1591,4778
205,2787
3063,3915
536,6
1558,4751
432,4770
1109,61
1671,2808
1314,13
3247,4733
3832,34
2872,2764
286,1726
797,4889
2624,131
832,2786
2318,4264
4538,4921
2806,2809
802,2822
1505,4739
2935,4860
573,5065
1238,4849
4439,2818
975,2785
3093,4739
4382,145
163,4861
1756,320
3621,4764
2426,2822
1173,1740
1152,2818
3072,2843
2714,2811
1408,4730
30,4896
464,4992
2989,40
3723,1735
1050,65
3821,2840
4923,4885
4809,2818
3143,2860
3871,4730
3174,4766
4570,34
3061,4937
3463,4857
134,2658
1679,4903
33,1737
3115,4755
2693,2845
2636,4790
2750,5019
1602,4816
4756,58
849,145
3495,4727
2900,4694
4588,1748
4096,4728
2422,2768
4943,4938
2931,4783
1056,70
254,4991
3961,2767
221,1850
2403,3877
3919,4689
4352,4737
2763,4746
2086,4903
1745,4998
4563,4944
4542,4905
2202,4675
3510,4718
3004,117
762,4738
4334,4634
776,2824
205,1832
490,4929
4467,5069
254,4697
1532,4991
1152,4789
3258,4820
2961,4668
2677,4829
3820,5075
772,4635
2927,1862
2313,4926
4410,4720
2004,50
674,4782
388,1730
3059,4885
4208,49
321,53
1645,5069
1976,2855
4437,2838
5013,4668
967,4850
2018,4746
813,70
3280,2843
4156,3924
4145,4995
4256,4746
303,114
1496,2786
3145,4613
3069,4932
2889,4748
4716,40
1663,1729
286,4774
2609,15
253,4785
4844,117
4256,4857
2264,4890
3219,4910
1291,2816
2469,1817
1082,2833
3449,4884
2688,1833
198,2764
3598,4789
3987,4990
1160,3
2797,4727
2949,2826
3598,2783
1287,1836
4928,4793
1422,1817
1287,4921
941,4914
3011,2822
203,2767
2416,4819
202,2838
1016,1748
2528,4764
633,4971
4110,4671
3079,21
2944,4697
87,4727
293,4697
2488,1848
2575,2824
3057,1849
3401,4676
1824,2825
4257,2846
2292,3886
3415,114
4066,1808
2904,4913
1014,4879
3820,51
3460,4877
1819,2832
2195,4761
306,4934
3692,4765
186,5069
2503,61
946,2846
4331,4793
1872,4266
1936,63
1655,4892
727,2786
1593,5018
371,1846
1766,2843
4051,4992
1160,4634
3110,2789
3796,1840
186,4911
1683,3615
4371,4979
1327,318
1082,2851
2969,4998
358,2837
1749,4803
3852,4755
2246,131
3605,4831
1908,41
4042,5019
1536,4266
4283,4930
3225,4776
1430,2817
4157,4965
3941,5000
4197,4931
3900,319
2441,4820
1292,5019
1112,4775
4625,2784
2965,4830
1873,2838
1543,1834
1326,4686
1347,4935
2886,5018
119,4941
4822,53
250,4824
3758,4682
2842,2798
137,116
1586,4674
1598,1748
1287,5069
245,2839
5078,4986
1611,4694
4257,2856
3928,2808
1208,4877
405,5
4596,4997
3016,2820
589,1847
2527,40
1433,3505
4488,1848
1879,60
786,2811
3212,4723
4942,70
4165,4755
2899,4952
3564,4978
934,4789
2495,3885
2903,4847
2693,1851
4100,4789
2678,4832
3211,4819
3417,4720
3668,12
3252,4791
2003,7
121,4920
253,4693
848,1847
1105,4799
3059,3886
1194,5016
71,4883
3826,1734
5055,4731
694,70
1612,2813
4167,4790
2060,4759
4355,4782
3570,4682
1770,1855
3481,4957
3979,4785
952,4968
3448,4829
1255,4998
517,1842
655,4267
3301,2841
2409,1855
3746,4879
864,4937
3106,4782
3969,4862
2607,13
488,4728
4039,1818
3285,2779
4572,1725
1659,2862
3063,4680
1371,12
793,4678
2361,2799
2709,2776
3345,5064
334,4753
5011,5020
2081,4694
4269,1848
929,4752
3038,4962
651,2849
3049,4766
1529,4884
3609,4847
2266,2808
3634,2829
2068,1846
616,2839
4722,4965
3292,4956
2136,5019
2125,1733
2924,4902
1654,4676
1246,4817
2270,4735
2454,5000
3136,2783
3534,1844
598,2826
4115,5000
3014,4915
179,4988
1270,4635
765,84
3795,145
1290,4685
1110,3886
4129,2671
943,4870
1260,4932
1352,5075
3320,4759
3392,3881
4407,1836
1894,4986
747,3884
2296,4746
1518,2839
1022,1816
4583,4931
2370,4966
1328,3877
1576,4674
1360,2847
3036,4669
707,84
1352,1845
4343,4777
3057,2847
104,3913
4346,3879
2205,1849
417,4670
2134,1731
4332,1730
3892,4250
447,3878
4292,4828
4519,1728
4611,4749
167,2785
3702,5004
4536,4763
2095,2846
2255,117
1482,4819
3962,4905
1411,4914
2018,56
2967,1816
1879,2823
1553,2865
4708,4832
4093,48
785,4776
120,61
2936,4775
419,4877
2166,4972
4663,4253
431,4907
1341,3884
3226,4267
273,4748
536,4918
735,4734
4402,4801
2703,4849
120,4692
4643,2671
2428,4991
4619,1841
2504,5069
3238,4914
1596,4958
225,2851
4412,4747
3503,2818
2918,4917
3581,4801
4078,2671
2260,2857
3211,2773
2010,4993
2350,2846
1422,4915
1372,2787
1671,4857
4487,4830
104,3880
666,4670
3429,2786
3289,9
420,2816
714,2814
104,45
1155,320
633,4786
3398,3882
3893,2786
1036,1733
1566,2812
2085,4692
1129,61
2290,4979
295,5020
1695,4995
3790,4968
3973,4830
2596,5002
3900,4946
4448,4635
4563,4743
5005,4986
1101,16
770,2860
4402,1833
4394,4954
1353,1861
2110,4742
1110,4739
3181,4929
2973,4892
244,4250
711,4993
4942,4883
1672,4939
888,80
4844,1831
2066,2820
3904,38
3068,4672
4022,3878
4650,4672
1260,5002
2078,4990
3113,4613
217,2813
2510,4880
297,4911
5026,4882
4653,4678
3127,131
3795,2799
807,4831
3273,4997
1257,4728
4041,45
696,4979
1617,4691
4413,4957
1168,1727
4322,1896
4717,4697
2441,4739
2019,62
1436,2658
2945,4776
4262,4249
1868,4772
1229,2857
4075,4249
936,4752
3536,2840
1255,4905
225,4799
4290,1735
261,1861
823,2826
4195,4941
4451,2787
1149,52
515,4938
265,3882
2883,4946
1525,1855
1217,2790
3841,5000
3647,4995
2549,1836
2431,4693
3770,70
988,4723
938,2826
3766,2838
670,4692
680,3914
2645,1832
2540,2840
1120,4775
2339,51
3092,4677
2497,53
1596,2820
1455,4675
3129,4902
4168,2847
1095,4921
1443,4264
4336,4828
4102,4761
1386,52
1982,4944
2869,3884
520,4752
2246,3505
1830,5075
4349,2865
3569,4754
486,4914
4373,4250
1191,4751
399,2765
3060,5016
375,4883
2449,4755
3856,4963
2293,4765
926,2774
2280,4692
136,3913
1547,1818
324,4674
1050,4877
4163,4964
4826,4946
3620,4861
2971,4736
740,4743
3754,4862
1476,4668
1704,4951
3791,4921
1595,4782
2961,4903
2871,4694
3194,5020
154,60
2252,5075
1492,4873
1719,2799
2424,3884
3292,4800
2546,1842
1373,4987
4541,4870
3321,4861
1085,4998
2470,4755
3201,2796
4098,4692
2466,4961
2566,1856
2891,4918
2156,1732
2357,2783
2962,3881
1498,113
4,4792
126,50
2560,4669
3936,4674
692,1732
4767,1
2124,4820
2245,1808
761,4966
1204,4971
3110,4958
2510,58
2096,218
4091,3915
2544,4686
3482,4848
4343,4909
441,4828
2453,1844
1820,1732
2276,3913
2189,4941
4390,4253
2384,4994
1939,46
2673,63
1526,4686
3152,1856
3471,4253
1900,4766
4506,113
1721,4751
4298,4762
4083,4768
281,4801
3489,1835
925,4910
1395,4693
2959,3885
406,4792
577,4940
1887,1735
4425,4751
4456,3915
4518,4906
2892,5016
3065,4993
4026,2865
939,4696
2219,1839
2480,4824
3587,2820
3581,2853
3851,4880
2900,1850
125,4668
1304,4872
1488,4799
3850,2858
3728,4932
3435,4680
2053,4848
3580,2825
3955,4964
2241,2866
3808,1734
1381,84
4565,63
703,56
2621,4931
1524,4882
3629,84
2097,4753
1564,133
4400,16
1759,4743
676,4872
1067,3877
1037,3
933,4742
861,4265
1394,2798
1859,4862
4226,2858
234,114
1607,4996
388,4877
4333,5020
2421,2820
1340,2848
4600,4778
689,1860
1417,4954
2738,2808
3614,218
203,1732
1467,1845
3174,1835
2174,4782
564,4824
3103,2789
4302,4824
342,4720
4011,58
3379,4770
1556,3881
1934,4672
4653,285
1823,4685
482,4879
3292,4890
4313,1846
518,1742
4144,2865
2184,1849
4596,4855
531,2825
1086,4847
1110,5019
902,4668
4150,4753
2281,4931
1351,4888
4854,5001
1367,320
576,4681
4795,2825
465,4689
1809,4964
540,2808
4243,4872
2149,2813
1670,4903
1797,4773
3945,4879
3783,4635
1513,1896
4084,63
2212,145
2777,2854
3969,4753
2482,56
4332,4914
3797,4944
3978,5018
2090,4672
842,4861
24,4906
223,2854
2298,4686
727,4735
1978,4887
4158,4872
4598,4901
2220,4946
3722,1742
3462,55
3678,4799
1773,4680
3466,58
3106,5
4593,4944
2564,4830
3043,4770
2116,2857
4586,4964
3344,4671
3759,66
2886,4683
688,4990
4384,3886
2175,4730
3887,4769
2469,4692
1246,2768
3583,2818
5035,1845
3419,2853
1825,4669
3827,4682
3871,1727
443,1725
4942,4939
4126,6
103,2799
1449,4929
1929,4687
1417,5077
2664,4939
1329,4907
385,4944
546,5002
1243,4880
3299,4966
168,4677
3081,12
463,3505
2409,4730
4583,5065
1640,67
1495,4880
244,1846
3350,4749
4132,15
2981,115
3143,4723
3624,4915
836,4694
2615,4687
2164,3877
1200,1843
1967,4694
992,1839
2704,4900
3531,4831
3744,2808
4360,4884
1017,58
2300,34
3984,4886
2972,4788
2394,2847
1347,4934
73,114
3288,1857
3764,1842
3404,4956
4320,4887
426,8
4631,1726
4468,4940
1586,4675
4859,4763
1141,4820
2382,4671
4519,4771
1024,117
2313,5064
3362,5077
2388,4673
523,4828
3943,1842
163,65
2122,4751
3907,4691
4453,4891
4835,58
844,117
4336,4870
85,4910
4707,4889
1380,7
1491,124
4470,4890
1070,5016
1145,4953
3712,42
2612,114
3600,4723
3892,4689
3260,3878
3325,4816
2611,4946
1467,84
2363,1748
2007,2826
3143,2817
3478,4731
2017,4955
3666,1860
563,133
2326,4883
2241,4873
1328,2767
3501,115
4532,4264
4019,1846
568,4735
3454,45
2167,4880
3683,2829
3507,4669
1097,2818
4008,4683
3971,4919
2147,3915
3152,4727
405,1731
473,2860
4139,4759
2449,1837
4664,4683
1500,1850
2384,1848
616,5018
2718,1
624,3914
4107,4773
2068,2808
1643,4831
3397,4817
97,4944
4044,4787
4423,5074
1333,4926
2752,49
4583,2846
88,4952
912,4736
4055,2671
3633,4940
1536,319
1435,132
4437,42
3781,4987
3688,2768
1033,283
3543,2800
4541,2856
2859,2846
1644,45
642,4747
3613,2848
4254,4918
4440,4792
4722,4883
339,4790
4032,4937
3243,4952
1778,5077
1409,4894
1076,2764
1759,1831
4024,5074
4629,4800
3581,4957
260,2671
4573,4266
2018,4769
2050,4682
1932,1843
751,4747
589,4742
1625,4750
2130,4969
3035,2789
2045,4739
176,4728
621,4672
277,1838
3796,4954
4324,4892
3550,2831
880,61
1486,45
4813,4891
2694,4856
155,133
3258,1834
4400,4729
1948,4877
2548,4964
2980,1726
1945,60
2955,4934
836,4682
3406,4938
654,4735
1262,4752
457,2671
3250,4741
2958,1849
4107,4674
1917,4779
932,218
3449,320
2004,3878
3645,4909
195,4733
1978,4938
1121,4989
4045,4989
1930,4764
2554,2866
2610,4791
2631,3886
3076,2855
1513,4737
4005,2800
1125,6
943,4820
514,4958
197,4882
3928,4783
3259,2820
3589,5019
3683,4954
2634,4957
832,1730
4555,4787
2708,4782
195,5019
3265,5016
109,4748
1180,4971
2649,4831
106,113
999,5016
129,46
4715,4763
2546,4873
2431,2841
3010,4248
3359,4803
4629,4818
4364,2825
4290,4735
111,4820
677,2822
4497,1834
2588,4861
384,11
1350,4770
755,3884
1140,3912
4950,4682
2836,283
3977,7
1882,4248
3455,4669
1460,4857
590,2820
4139,4962
4874,4908
3113,1737
1318,2814
4604,4879
1118,4996
37,2845
2090,5001
2411,4738
984,4730
2152,52
1231,4747
3335,4894
308,5063
4359,4784
3318,1896
429,3912
3676,4800
1592,4672
375,4824
1823,3615
1905,4785
3910,4733
1684,131
3543,4936
4040,3913
146,2813
776,1832
3265,2835
1005,4818
1738,218
344,3884
591,4784
4327,4936
1454,1840
1389,5016
3338,3914
4305,4736
4073,318
606,1733
3182,1838
4476,7
469,4684
1191,3880
1611,2832
2673,1862
3963,283
915,1725
4568,2833
4795,4783
2604,2796
4385,49
1438,285
2034,2810
454,4958
2126,4897
2766,1818
1628,2817
4017,218
4703,4693
2314,1731
2902,1728
4129,52
493,2838
3854,4752
1351,15
1508,4872
4108,4736
3623,4251
3257,4915
1060,4878
3115,4695
1156,4695
3907,3881
467,1740
3241,3877
3327,4693
3031,4775
1918,4749
2996,4954
804,4937
507,4955
2103,4970
4443,1816
992,4654
2038,4785
3868,1833
2512,4930
1096,4681
3908,58
898,45
3919,4765
764,4815
4813,4850
3926,4266
4186,4815
1256,2808
4025,2865
4561,2794
1984,2809
1915,1849
1125,5016
597,1726
3047,3882
191,4803
4925,4996
1363,1
4155,4732
3177,2860
1251,4770
1229,1730
1090,2824
4244,4692
3368,4789
3631,1737
4156,13
4409,1832
1059,4913
2251,3883
880,4799
3448,4775
3982,4670
3526,4746
4446,1730
3920,2786
4642,1729
372,4896
1316,4761
1286,2829
2256,4728
3289,4886
3178,1727
924,4882
4531,4946
4289,1816
2546,54
3467,68
563,4988
3994,4788
1327,116
1699,55
2945,2864
3004,4951
580,1841
1001,284
3858,4890
1583,1831
3486,51
2727,5000
26,115
149,4697
859,283
1879,4735
2711,1846
2646,1839
4706,1847
4411,3879
1338,2853
2916,4919
4724,60
3923,1731
266,1839
3140,1727
393,4819
2986,2658
164,4903
3745,4728
678,4777
4421,4689
1756,4905
1108,2814
1213,2838
3594,5016
4041,285
3715,1832
87,4896
4434,4828
2988,4848
4056,4886
3801,5077
3808,4829
4130,4251
533,1817
2614,4921
3149,4748
1051,3924
1871,4887
3389,4819
194,1855
677,2860
814,1842
2946,2782
902,4675
2830,4929
1529,2817
2815,4759
378,4778
4650,4788
3595,4751
3943,4776
5055,4768
1281,34
1877,4686
2670,3915
3990,2786
3621,2826
3645,4723
983,4860
2213,4818
1797,4786
3194,4668
3844,283
2251,2816
3853,4901
1970,4765
1078,3881
4216,1846
1257,2840
1966,2824
3485,4732
3804,4958
2152,4908
2939,4888
4511,2768
3197,64
3889,2783
2441,61
989,4760
1229,1843
3009,4938
4423,5000
483,4964
3421,4966
1724,2846
71,4730
2306,4946
1966,4723
4468,5016
1702,4820
3697,2776
4640,2789
3282,4905
3265,4266
2454,4961
1056,4961
882,5073
1932,4965
3112,4733
499,2765
1503,1817
4034,4910
4659,4264
3793,133
3452,2800
924,4688
1111,4860
498,2821
516,2768
523,64
4557,2855
1296,320
4497,2841
4618,1857
2026,4736
3421,2841
3349,4946
1278,5016
4153,5001
4875,2854
1705,4890
4665,16
3993,1835
3196,4926
3008,4815
3728,4900
2475,4968
2736,4958
3678,4994
1133,4998
468,4778
4544,3915
1550,1839
4361,2833
1004,4670
1060,3615
1326,2838
2145,1848
2649,2832
644,3878
3173,4880
715,3880
4307,2864
1703,2822
519,4935
4595,47
3819,1729
1268,1737
1194,1748
3277,4914
1028,4738
4502,3882
4541,4250
1244,2854
1019,1833
3594,319
3111,2773
2098,4729
2032,4676
1492,2776
3388,4746
4091,2831
4354,4264
106,4848
2286,4696
418,4801
2942,2789
1792,4676
4188,4749
403,2839
2443,4789
4163,113
1716,4883
5015,4920
1371,4675
1893,2846
1395,4882
5036,2772
674,284
2592,4815
1366,4954
3947,67
4604,116
2343,4720
2558,2782
1083,41
2591,8
3929,2833
4093,2866
360,2860
1542,3883
1600,2862
4113,4897
4282,1737
3191,41
2227,2789
4529,2786
426,2837
2199,21
3426,4995
2182,55
4178,2812
4481,5020
3281,4890
249,4955
3530,285
862,4952
740,4778
1074,4896
4609,5077
563,4774
2529,12
4210,4847
3244,2840
3562,4911
1878,4883
711,1733
4417,42
1167,5075
208,1816
3927,2823
2347,1862
4046,113
1338,1742
4203,2844
1402,1737
3537,4671
2370,64
2162,4934
676,2774
3164,4877
5076,1841
3143,3912
1615,4941
2672,1733
2560,1839
3029,4759
4478,4989
1125,3924
4419,9
3639,4749
1677,5066
3314,2849
897,117
3842,2813
4706,4829
3176,2818
1724,4734
705,58
2624,4782
3219,58
1249,4987
861,4777
1024,3884
1039,4669
4386,4675
4416,1834
1016,4685
565,4998
2375,4828
2036,4783
2162,4788
2652,1862
1407,2826
1745,1733
3496,2840
2150,5063
3737,2814
1479,1839
2273,1847
3698,2671
177,4958
1342,4892
3891,4770
4332,1727
1652,6
3236,4931
3299,70
4719,2855
1928,38
943,4688
460,40
90,4818
4494,49
3729,4678
4333,2851
1617,1834
2513,4266
5048,4901
312,15
757,9
1507,2866
1895,1861
4615,2864
3296,1727
999,124
3701,3884
4394,284
1611,4678
134,4782
1929,1735
4814,4907
3061,1843
2705,285
3042,4264
5003,5065
4364,4697
2938,4739
795,4742
4630,2835
2440,3880
2204,2817
1741,4936
2193,4919
4013,5001
2574,4668
1232,5
2807,113
123,4687
290,4993
1500,3880
2266,3615
918,4265
4666,2782
665,4987
522,4820
4649,4996
2707,4695
2869,4780
3149,4692
4005,2817
4345,21
2161,4849
4658,4759
4270,4913
215,2853
5007,4820
3896,2790
1366,5073
4002,2773
1144,69
3499,4896
3572,4970
452,4909
3106,1856
4655,4904
3493,1850
2523,2814
1217,4778
443,4735
2910,132
2062,2818
1928,69
1809,4913
280,2783
2537,4679
3495,4750
2356,4919
1797,4746
962,2773
3543,4695
3935,4986
3894,2853
612,2843
4428,4676
1296,1838
2610,4788
3690,8
1422,4848
323,4918
753,2855
4579,5002
2338,2827
4328,4746
1178,5065
1385,4989
1095,2821
3071,1837
1448,8
2393,4916
1616,5070
3888,4877
3509,45
1302,4670
4181,4249
4581,4831
2115,4876
3769,4785
123,1838
3737,2820
814,4819
900,132
196,4932
4715,4762
4361,4747
1468,4993
404,4934
82,1843
1172,1832
1781,70
1490,4681
2225,4752
274,4979
176,64
368,50
2936,2814
2359,4691
339,1833
3281,3878
1230,4799
3783,4911
731,4890
3753,2837
5005,4793
353,4763
3733,4733
1315,4862
2365,65
2362,2824
2296,1848
1356,3915
3664,1849
873,50
1086,4772
737,1855
1680,2795
3488,53
791,1834
3375,2841
3489,4817
663,4674
3683,2856
1928,115
1686,4669
819,4749
3904,4681
3084,2839
4007,1847
1086,4998
3993,55
396,47
503,1733
3427,4673
3534,4775
1213,4267
4823,4884
432,283
3238,2829
2283,4687
2391,4774
4851,5002
3152,4978
2175,3880
3170,124
1276,2795
3698,4738
3896,4978
1705,1845
3659,2658
1987,2817
4190,4951
1549,4856
2688,4786
3500,2821
380,1837
2269,218
4387,4987
3017,4679
1154,4880
361,4877
4827,1857
4000,4751
185,4850
3752,4746
798,2845
3549,2773
3486,2812
2008,3886
2473,48
954,69
3132,4687
1268,5074
4372,2671
2009,4682
1385,4634
689,4680
501,4916
2733,1847
1360,1861
4355,2772
1339,4883
2770,4986
1609,1733
556,55
3136,4674
3284,5019
4532,48
1522,4938
2232,2867
4700,4907
3859,4861
4976,4734
1398,3505
4372,4779
3191,4681
1229,2855
749,2845
778,1844
1162,4634
1405,2809
3051,4882
1975,4775
1360,3878
1804,4954
1065,67
2653,2783
4983,55
2087,7
2028,4915
721,2785
1352,4670
4182,2768
3404,4965
2301,4918
4490,1748
4590,3913
1754,4684
4413,70
814,4988
4279,4766
3935,4732
4559,2808
2991,1730
3715,320
435,4730
1323,4265
3283,4762
2535,1734
1465,2809
839,3878
290,2767
1336,4993
5051,4680
4092,2796
2360,4768
3358,5069
3061,5075
2140,63
3262,218
2450,131
3658,2865
2650,4801
4959,4772
1214,67
970,2854
3390,4919
416,4679
737,4264
3081,2864
2182,4727
2367,4793
1095,5064
2084,4990
4942,4669
4200,2788
2492,1733
3745,3615
4875,4903
2634,4771
2985,2798
1749,4634
2652,49
3285,4693
3834,1729
2202,4954
4593,2789
1960,2776
316,4906
267,4759
607,2765
3292,65
806,4919
4089,2831
3982,4782
1720,4682
501,4696
610,16
2266,5019
4053,4955
2461,62
2128,4675
4517,3879
4199,4935
2903,4963
2365,2796
1414,55
3928,2658
3799,2767
3942,4790
141,4670
3195,2847
1825,1788
3087,4986
4490,4674
3923,319
1517,1740
311,1861
4725,4673
1518,4249
566,4858
3540,2783
1711,4897
1409,2866
118,2857
1989,4687
4294,4695
3244,145
3219,2818
938,2810
3436,2813
1630,4996
3707,4995
3871,4929
3376,4972
4200,4654
1079,3877
3586,4819
2548,2783
1081,4940
5010,285
3357,4760
1895,4732
3343,4915
746,2848
1404,4748
462,4759
3179,5016
4353,4916
636,4696
3637,3886
169,13
1579,4784
2947,4249
2797,3
147,4912
2499,4894
1386,4882
2689,4978
155,4998
3163,2794
3533,4903
4871,4831
2401,2844
5084,1740
1675,4793
3164,4760
1053,2865
3621,2825
1641,1837
3872,1728
4665,1841
2302,4750
4522,4775
1176,4816
402,4635
4057,4857
2481,2783
1108,4989
1776,4992
2507,1845
2482,4914
1435,63
1352,4988
3776,4734
3759,4997
258,4998
4132,4755
3127,4753
2493,3881
4263,4941
2057,131
4328,4787
1658,4670
1417,4734
3821,4904
3106,4697
4403,4909
564,4996
4181,13
2072,4253
3910,4680
3891,4998
4036,4883
3548,2864
358,6
3995,47
4023,4971
2597,4760
376,4996
1428,5020
4305,4684
1151,52
966,2860
4328,4689
2529,4253
3183,4634
5051,4692
4145,2825
3978,4676
1432,4753
734,4675
347,4729
4475,4723
82,4797
2732,319
1899,1845
1932,16
324,4738
3302,4858
381,4890
3524,4672
4047,145
171,4778
2955,5073
3107,2860
2595,4963
327,1818
1447,1857
4220,55
4540,5000
2136,1817
721,4824
2267,49
723,4748
4497,2840
1257,4676
1039,4681
1095,4267
3694,3913
229,5020
991,320
746,4832
1138,5002
1430,4995
3040,2848
681,4910
3949,4909
1027,1846
2078,1839
3147,3880
723,4733
4344,16
3145,285
681,2864
3335,4816
5034,2843
1441,4958
4605,4997
3275,4684
386,2811
2448,4971
3038,4858
2365,1842
551,4986
3919,1730
4035,4781
4254,4681
3803,4761
3397,4748
537,320
3288,56
4112,2784
3229,2658
2727,4266
2951,4669
1895,4994
3276,2837
4510,4748
3559,218
3573,4737
35,4791
598,48
1951,4877
4558,320
4006,4749
1049,2824
2623,2847
4745,4761
2262,1827
4975,2765
3409,1734
4369,3913
764,4919
191,4965
4432,46
2208,4995
295,2774
1018,4908
1515,4774
1503,2849
3081,4896
93,4755
2571,4799
269,1849
4135,1816
2264,4762
3862,4784
355,4971
2561,4914
1334,4969
2135,12
3727,4947
162,2808
1015,4996
1111,5075
2529,3
4135,4783
324,4901
3922,2821
172,1817
569,1817
2038,4687
324,1840
2300,2658
3494,4824
2969,2767
4841,2783
2436,2658
2313,5
1586,4673
2390,21
849,4914
1654,1827
3185,4937
764,4848
1468,48
1097,4917
2474,16
2746,4957
3156,2772
2241,1851
3189,2824
2060,51
82,145
4667,80
3313,2851
2425,4897
595,4749
2850,4879
3032,3884
4444,4743
3433,3878
1194,2812
1461,4781
3888,4849
2108,4882
660,4951
1395,4978
3942,2855
2389,84
2043,4654
3888,1732
4419,4886
4352,2798
3013,4684
3981,69
3277,4613
631,2786
897,2799
1238,2768
4384,2823
2105,4763
2080,69
2508,4267
654,67
4466,21
1475,4785
4589,2826
796,4979
951,1849
1405,4913
2163,4957
3607,124
3363,4990
3852,69
2578,4775
262,4916
3665,4739
4388,4908
1614,4992
2155,4884
2875,4997
3445,4971
4355,4755
2033,2800
1852,3884
3148,124
4400,4685
505,60
4329,4935
150,4692
301,2849
3683,2831
1902,2833
691,5075
2797,4696
3698,1730
3153,4266
3943,2779
3004,4777
4169,54
3981,4891
3703,131
1751,4771
1589,4266
3369,1726
2081,4873
1372,4775
1800,2768
4340,4753
1974,84
2038,4697
599,62
3824,4677
3894,4791
4238,4901
3980,1735
3009,1842
310,2867
1641,4958
737,4902
2073,4993
4704,2783
3351,12
4846,4931
3171,4792
289,4952
1772,116
849,4797
3545,4870
740,4878
3380,4801
3491,4885
1305,1831
4814,4955
3521,2824
169,1841
2070,3912
4479,131
166,4912
2170,4697
1058,4669
3411,1833
1904,4613
3333,4965
4247,4785
2123,4264
108,4250
564,1727
2274,4747
5013,4816
3150,4820
3769,40
1213,4677
4326,4718
607,4828
2649,4894
867,4963
4254,2837
4189,2781
1564,1725
3484,61
4660,2814
1597,4800
3853,4891
2906,2795
3045,4890
43,4696
4794,4944
1494,4892
2425,1833
2636,4680
1420,1742
1200,4900
3972,2671
557,2843
4984,4931
4133,1856
510,4755
2592,4926
3089,4752
1264,115
3261,47
2011,4886
143,1846
708,4775
3690,4266
1887,2788
942,132
1794,1855
357,1862
3468,4742
4175,284
1491,2799
642,64
4072,4848
1932,5064
3933,4817
1266,45
2738,4918
4459,2814
1938,4738
675,4896
3378,47
4344,4986
400,4887
3907,4830
1472,4267
24,4771
643,1735
3871,2837
4412,4742
4595,4766
3193,4957
1332,55
4202,4747
296,4695
1533,2782
2391,4989
1903,4832
2513,63
3499,4736
4378,4990
89,3886
3270,4886
1536,4990
2757,4961
2538,2848
1227,4816
4198,2823
492,4910
3354,2839
882,4856
477,4916
4110,4824
4227,4691
3178,2849
1743,4777
1499,2847
3073,2774
275,51
717,34
1778,4738
817,4905
2340,4882
3504,2787
3618,4862
4552,53
3520,3886
3055,4739
4089,1850
903,4830
4796,4768
972,3914
2412,4970
2168,1728
821,4946
770,4913
2093,4748
2663,4782
2495,4872
1514,3883
1213,1833
1276,21
2211,115
3254,4966
733,132
4457,2776
3403,4755
2484,4635
471,2809
3836,4996
2165,4885
1277,1725
3934,1838
3954,4996
936,1727
4480,4817
381,4963
3263,4921
1675,4879
1253,4887
3064,4917
4408,2783
950,62
5010,4791
4084,5018
1433,16
554,133
3765,15
177,5001
241,2844
202,2794
4486,4939
2271,4996
1268,4930
2098,2865
4136,2857
2901,4937
849,2808
266,4731
4348,2798
2227,4931
1602,2786
4725,4267
3062,1729
4325,4264
4452,4896
1894,4965
1227,7
2535,2773
1201,4966
1278,2799
3201,4249
428,4781
1211,4780
3800,4900
1031,4830
2229,63
2614,3879
3734,3912
2407,3615
4397,4828
2212,4961
4320,4962
250,4780
4070,4969
1243,52
1917,4926
1207,4937
2119,4964
2233,4685
5013,1855
382,4991
272,5018
3908,4953
4272,4879
341,1831
656,1837
590,1896
1350,4947
2375,4963
4640,2779
3701,2856
2693,51
3431,1817
2967,4763
75,4787
165,4669
2060,2824
658,55
4299,4939
4717,1817
612,1842
5036,4634
1224,1834
4247,2658
3305,4951
1192,2772
3379,4856
1271,4782
1329,4963
2449,56
27,4990
3454,2782
3296,5065
582,4890
776,133
31,2817
4658,4778
2069,4910
330,4936
3039,4892
1447,4265
3951,4249
2307,55
1025,4880
963,4993
2430,4936
1336,4687
2727,4772
3040,2821
2361,8
1538,4654
4702,4743
1969,2798
5051,4253
168,1816
3763,4668
1955,131
2118,6
516,4997
3850,2855
2637,132
1493,2844
2900,2814
946,4679
2895,1788
949,3883
3222,2827
1590,1729
2154,2774
2017,1729
4356,11
2906,4879
4006,4996
3705,4913
1389,4952
819,4998
1638,5020
5040,4771
2624,4947
2063,63
1245,1729
903,4691
3291,4935
4260,4249
2279,4752
3284,2789
3038,4921
4261,3
3282,1856
484,3879
3441,2822
735,132
451,4970
3653,4910
1410,2784
2146,4749
2579,2838
3039,52
4160,41
3543,3878
2138,4934
2237,218
3428,2795
2106,4914
4412,4792
3108,61
843,5066
4007,21
2452,4951
3481,5066
2686,4919
3514,5020
3326,2845
138,4953
1147,42
4188,3884
1074,4267
2173,2789
2914,145
2097,4955
4388,4970
3831,4958
3276,4962
3338,2789
20,58
1704,1740
3173,3883
76,4679
2718,4694
2458,4674
648,2846
2244,4858
2694,2776
3804,1837
2770,2824
2751,4736
1820,4819
4549,2846
2226,4694
2616,5020
3740,4797
3480,4785
2582,4911
2624,4914
4225,47
3932,4910
1722,4775
2496,2787
1910,2858
1666,4773
549,4797
2051,2820
897,4735
1047,4787
754,4918
5013,47
5083,4693
3255,4939
3091,4890
4923,4697
532,3914
3935,1816
2861,4829
4188,1857
2081,4766
3275,4876
804,4828
4638,4992
1858,4786
1914,4890
253,1737
2474,4970
3029,4962
3561,2826
3237,4654
3471,1725
4542,3615
219,4872
2301,15
968,1850
3850,1788
2882,2768
951,1861
1110,2658
4341,1845
2477,1848
4113,1788
3369,4879
1545,4962
335,318
3814,3914
2153,40
2169,4672
2985,11
3907,284
734,80
2299,4900
2452,2866
2491,4669
600,84
1506,4816
1459,21
4656,2865
2669,4771
1575,5019
2715,47
1196,2808
158,2827
3148,1855
2927,114
499,4685
3220,4946
4306,53
3951,2821
4834,4762
2399,2827
2361,4958
562,3
1524,4963
3822,4926
4083,115
4633,2808
563,4728
3429,2841
3143,133
1377,3878
4105,4996
1332,1832
1758,68
3307,4754
481,4958
4285,48
3210,34
2218,40
3687,4986
334,62
2154,1862
2218,4947
1073,4673
3991,40
2591,4748
155,4935
2481,4728
2476,4613
559,4957
2511,1732
670,1735
2165,5069
1985,4916
4491,4749
2305,1727
3722,40
246,2787
1201,4723
1094,4775
4514,4755
4587,4907
1474,2783
4305,2784
2422,58
57,5069
186,4907
3983,4680
2650,2827
3052,2795
4357,4936
3420,114
1142,4759
2758,2845
3090,4728
4479,2835
3660,2822
3337,2858
2644,2794
3275,84
555,4686
4290,4953
275,1844
155,4739
3682,4900
2173,4678
4703,1737
1507,4896
848,2849
619,4855
3788,2783
1761,4902
3211,5016
3210,4669
293,4727
94,4818
3452,4742
2058,4956
3434,5001
3016,4855
2128,3881
2004,1727
1154,2846
4035,3914
1560,2821
674,2772
2642,4750
169,4682
3217,4248
2450,38
3587,4690
3826,4905
4313,2767
585,4741
165,2813
846,4671
1296,3877
3482,1846
1599,2799
3299,4872
732,1742
4241,4763
1170,4907
4360,4696
92,4964
4230,4872
2406,2849
698,9
1511,4690
503,4917
1410,4963
1980,4929
3552,2788
2742,124
3692,4266
2900,4996
4258,4964
504,2794
1324,84
4438,1816
4852,4963
2988,2816
2461,116
3363,3881
502,4936
1956,4995
825,2767
3499,5074
1483,4729
4502,4769
4630,117
3753,1735
3365,3615
3061,54
1497,4773
3900,4938
972,3879
3108,1839
4744,2783
4015,4668
2130,4787
603,1835
991,4856
3986,4946
2318,4969
2373,4732
907,4972
4237,1856
768,4988
2667,48
1049,4944
2964,3884
2930,2764
2043,4686
2603,1726
4448,1849
3111,2811
2020,145
1424,4887
2110,54
3497,4733
676,4780
400,4890
1704,124
2775,4909
4311,1861
1548,4762
3064,2798
3464,4988
1960,2800
305,3886
1261,21
614,5075
614,4265
843,132
3918,4830
4258,1727
675,4832
931,4938
4618,4870
1965,2671
2985,4776
4942,2765
3617,4772
1029,4952
2231,1827
1975,116
1746,4676
740,4857
2797,2845
5076,4957
243,3885
44,4996
4725,4935
3217,1838
3300,4958
2358,4693
4504,3924
712,2788
347,2838
2597,68
989,4668
674,115
833,4876
3201,4909
1271,2774
798,4759
214,4944
2319,4266
4320,4935
450,4897
28,1844
4129,4988
3640,4961
4238,4916
3401,4741
3147,2808
1577,4889
3288,116
2325,4693
2113,4685
153,4902
150,4912
2018,52
2939,3885
2363,16
2412,4996
5042,2812
3510,284
4308,4783
4516,2795
1789,4902
2661,1732
1946,1838
1370,4955
2998,4918
4340,4917
3466,2832
2819,4727
3317,2813
3322,5065
2592,4748
900,5069
300,4772
1235,2764
1620,70
643,1734
3289,3924
3189,4998
2988,4776
312,4937
756,4250
1853,1788
1543,1742
1823,2866
3988,4792
1185,4791
2173,4265
1739,4930
1490,46
5015,4829
452,4750
2766,4888
3373,4785
5076,4860
1675,4961
2683,4267
2096,4953
2953,2808
4024,2837
2545,4680
2209,1846
3907,5004
691,70
1012,4792
3415,4689
1911,5002
837,1740
1056,4856
1039,4736
4097,3885
2830,4792
1396,4931
25,4952
2517,4739
1376,4816
548,4953
2271,4791
542,5
1982,3914
852,2831
1236,4751
3697,4849
2886,4965
705,2837
736,2848
1895,1818
4018,4783
2586,4736
4115,218
1947,4857
2377,124
2850,4672
3899,4679
3557,47
3684,4793
2215,2826
2530,1848
933,4860
436,4996
2842,4697
3722,319
4960,4884
4421,1841
2168,1840
1193,4995
4726,2864
4543,4780
4277,1737
4571,16
3857,4771
3701,2853
595,4790
2708,4654
2748,4819
3211,4752
1803,4970
2819,2796
1969,4828
2551,2858
4155,1848
166,4957
810,4913
5048,4752
2670,4856
585,4668
1063,4819
4115,1836
1014,1725
3961,40
1143,1848
2974,2829
3200,2844
4557,4759
3289,4760
4508,4828
5084,4264
4078,2796
527,4775
4432,4687
1960,4850
1211,4670
4404,69
4030,13
1811,5075
1877,64
2961,4905
527,4820
3739,4760
2324,3615
4035,4916
3484,4936
3285,4771
2577,4953
4056,1847
4402,2847
3640,54
1072,46
4163,2833
231,4918
4342,3914
2677,4691
4494,2783
581,2768
1955,4749
1361,1834
1787,2776
1343,2820
4114,4911
975,42
1165,38
4233,4906
4009,16
2618,2789
534,5063
983,4889
2033,4946
4823,2803
1126,1833
4559,4685
2111,284
4107,2855
4218,4929
4608,4697
1063,70
3069,3924
2626,1835
2498,4801
2183,1808
3267,4890
4544,4803
1464,21
4079,4780
219,1850
4325,132
1032,1731
2157,5069
1209,2821
5067,1833
1970,4996
2022,4693
4645,4910
3917,4668
471,46
4136,4797
2649,2798
809,2789
4205,319
3553,2814
2538,1731
3929,4791
3552,1
4418,4688
1421,3884
3481,11
312,4820
1507,1731
757,4654
3763,2823
3248,4855
382,4669
2970,4671
1125,4697
4059,4753
170,4769
3469,2835
707,4861
870,4891
3502,3912
213,4792
432,4775
4023,68
1207,2867
4350,12
2444,84
644,5065
2365,4264
4518,70
477,5000
2945,4911
964,4749
3631,4267
3427,4735
1067,2816
710,2808
4092,4896
1741,318
3461,1788
2167,2823
4110,2795
4178,1856
612,124
1519,4696
4184,1725
1030,4870
679,4934
4531,1850
541,2794
3626,4728
599,4750
2520,4248
1281,4937
1589,4750
2652,2866
2243,5004
371,2822
267,4936
3337,4681
1234,4849
75,4768
2579,2841
2611,4972
3789,4968
5005,2856
3951,218
1797,2820
1367,2853
647,4993
1954,4776
424,3883
2616,4816
545,4750
2402,11
696,4772
4161,4773
4614,2809
2319,3912
565,3914
3951,4932
1075,4695
1295,4847
323,4677
3408,4753
1561,4951
2309,2788
521,1728
2657,4995
2673,285
1401,4613
566,218
289,46
3936,3885
1706,4693
4228,2776
1233,4720
1218,4782
2276,4961
1971,4926
3492,4266
4065,4694
277,320
4984,4988
4148,1827
951,4790
1190,3914
2966,4634
155,2822
2484,64
3341,4678
59,4688
1677,4720
3822,4251
4153,3879
3251,4856
3602,114
2793,4909
2574,4778
4700,4830
3921,4970
2688,4718
827,15
2620,4803
3557,2840
3479,4738
3498,2866
610,4832
334,45
372,2854
2547,1856
3600,3884
3962,4687
1120,4918
3246,4913
3438,42
112,4682
2551,2844
1296,2787
5008,2856
4296,4693
4162,1748
1450,12
1368,4762
4303,4966
3745,4969
999,1855
1909,4912
4287,4820
282,2768
3317,1740
4038,4954
2442,4265
2905,4887
1529,2832
664,3880
1183,41
1926,4971
4425,21
2686,4785
3417,15
3555,4848
4418,1848
1718,2787
2757,5065
661,320
2054,6
28,4816
2176,4697
1763,4746
343,4765
4194,4939
1871,4789
1980,5020
2225,1730
2221,4732
993,4723
150,4776
4382,2853
1918,4830
4183,2854
583,4957
2598,4687
231,4936
2237,2821
4854,4830
785,3877
390,2823
1526,2860
2145,48
4639,133
2519,5001
3176,4691
3781,4884
2356,2812
1447,40
4259,4731
3228,1848
1289,218
3623,1827
2395,4916
3835,3924
4195,2784
742,1788
774,4769
2110,4930
1427,68
4492,4774
1993,4988
3504,1729
1335,4885
2054,4689
809,4760
2955,4720
3934,4769
462,4849
4241,4776
361,4692
833,1740
1335,4746
3150,4862
1927,3884
4170,115
2435,4734
3077,51
848,4929
2120,2867
2416,64
1375,56
812,2768
4316,4877
2648,1835
1907,4266
1376,4680
4660,2788
4323,4750
1121,2818
4653,2817
4252,4754
3067,4884
677,16
4927,4858
2569,4938
1176,4654
576,5066
3766,4861
216,1836
2735,49
4057,2813
1546,4907
2480,1855
1991,2860
2757,4684
2005,2786
2546,218
1777,4770
1581,1862
2962,4829
3296,4785
1979,4676
1105,4876
183,4876
2842,4720
3685,284
1895,4957
2347,4940
1294,1731
375,4755
4400,48
3926,4987
4838,4737
1229,2767
4201,4828
1718,4818
4564,8
4655,4688
1799,4264
4037,4669
1243,285
4922,12
2528,4988
1372,1727
1056,4992
3413,1845
3396,2835
3137,4878
295,4613
3668,9
4291,4988
1554,4860
2962,1737
4808,5064
1412,1855
3258,4934
1639,3880
1430,4931
311,4741
215,2832
3056,1833
4390,1788
1676,1735
763,4723
1614,4998
1073,66
721,1845
1764,4918
3084,4880
4066,2853
631,5069
624,56
613,4674
4206,4680
3358,2767
1508,4849
1048,4887
1066,4762
3536,4953
3651,4816
4982,4934
2984,2821
3417,5001
870,2800
4519,1737
3507,4831
1017,4720
3900,4939
3261,4787
2908,4765
3591,1837
4157,3615
3810,1844
623,4991
844,4728
3548,1731
225,4966
2510,3924
1394,4747
4559,4762
3408,2823
2488,2782
2537,2772
32,1748
3769,4772
3046,4733
3717,4743
2049,5070
3840,114
169,1847
1927,4947
2277,4993
302,4253
3349,4248
3198,283
3390,4972
1670,4676
1445,4991
3590,61
1576,55
2358,2838
872,2817
3587,4961
929,1742
2102,1850
3183,4799
4066,4759
644,45
2645,132
196,4727
1874,2822
301,1726
3428,5077
3260,2765
4869,1731
4165,2782
2370,4848
705,2808
3279,4695
2210,84
1313,5075
4702,4799
5024,319
1561,4879
2673,4730
819,4736
2199,2822
1636,4831
417,4672
4869,2845
473,5001
272,4754
4097,2773
83,4883
1820,1835
2686,4654
157,4766
4277,4635
4057,5
3581,53
2950,2773
1616,2844
4812,5
1583,4678
539,5073
1435,4996
4527,4776
122,4966
3703,4882
107,4752
2253,4929
2090,4773
2859,4970
915,4946
1507,4780
2441,5077
4767,58
1118,4683
3018,4856
180,4679
2620,4884
1990,55
1194,4788
71,4671
1947,4872
4254,4900
1580,1847
1704,2800
3563,4755
1974,4692
177,4787
3848,4728
3427,4995
2250,5073
4341,4694
3195,4818
1269,4919
2637,1840
613,4915
1745,4727
1238,60
3447,4998
3995,3913
97,4788
1045,1838
3752,4910
2009,2833
4299,4926
4072,1836
3813,4678
783,4693
2102,9
4492,4958
3825,4697
2462,4964
2140,4780
1551,15
3135,2854
4982,2841
2610,4675
2411,145
2049,1836
3578,4789
4172,4748
4133,4754
1941,4989
2266,4994
237,3505
2850,2818
1096,2844
1586,2829
3941,4906
2051,4886
3148,1856
2653,318
1334,145
4382,4681
4611,3924
666,4829
1181,2848
1587,2853
429,4742
2422,2825
158,4970
4717,114
3817,4913
774,1848
3246,4654
3160,4907
1128,4741
171,4902
2285,1835
4110,4971
687,4987
1340,63
1054,2799
3976,4780
1982,4681
1030,4266
77,4870
4366,4972
2904,4248
2738,4902
2507,116
4599,2831
2718,5066
444,4910
2436,56
2308,4778
1952,4635
2299,4654
2868,4739
1791,4937
645,3505
230,4828
322,4747
696,4634
1636,4878
1655,4803
4417,4979
1880,4909
437,4671
3480,1740
1515,4819
1087,319
410,5004
3759,4748
1764,4937
3759,2839
4252,4779
4967,4634
4807,4929
4276,4799
2379,284
4592,4891
1138,4723
997,64
2896,4911
4034,2671
2881,4253
416,285
4179,40
2713,2833
1212,5002
4943,42
2757,4723
2361,1857
453,2779
518,1841
4050,2814
4708,2772
257,4673
2564,2795
2518,21
3159,4676
2819,1848
4808,4676
2369,4803
444,4830
4663,2794
2955,2856
2185,8
126,4930
1873,2786
759,4751
470,285
3969,5065
1293,4766
1747,2785
1996,5065
4195,4654
2051,4248
3267,5004
1869,56
1063,65
4925,4992
2539,4736
514,4672
3259,318
4359,5073
1554,4789
3976,1808
2482,2846
1152,4988
2757,2787
4159,4882
788,4803
1339,1841
3054,4911
2801,4857
3523,2854
4640,4937
2693,5020
1980,2860
3546,4946
2552,4788
2144,283
2140,4784
740,1861
4928,4947
1595,13
1164,4996
1715,2860
957,1732
2748,4940
4822,2784
517,4670
605,2854
4524,4674
3089,4819
174,2832
852,4856
3659,2853
3844,4872
164,114
2947,4830
3317,4926
1499,2794
2970,4830
3772,2862
3032,2860
721,2768
2346,124
4099,4888
329,5019
3547,84
2130,4728
3563,4828
597,4253
1793,4818
2249,4733
3617,4903
4925,3886
4503,68
542,4987
17,4988
2893,4963
566,4891
870,1
404,4971
2113,4932
1807,5064
2333,4738
2302,5075
760,1857
2351,80
835,1851
771,4997
4147,5064
1406,38
1463,1843
2314,4958
4296,3885
1792,4762
2888,4962
4452,8
3569,4743
445,4733
608,2867
3482,2838
1970,1851
2914,3924
2710,4783
4271,4253
2969,1832
2611,2849
4853,4818
4428,4777
2561,4907
2009,42
917,4911
4525,4962
4189,114
403,4733
4269,58
3399,5
1077,1733
4430,1827
4722,2856
4292,4738
668,4748
1351,4820
1910,4918
1352,1729
3910,4668
4664,4996
1222,4931
2724,5004
3959,4684
166,4750
2115,4920
2494,4251
1890,48
3347,3912
1987,2796
2281,4251
1493,4954
4561,38
1723,4783
1873,4832
718,2809
4394,4909
1829,1837
3742,4680
4159,4688
3267,4968
2737,5077
2999,46
4495,2795
2941,5016
1914,3885
2084,4799
3869,4986
2086,4751
3260,4908
846,4688
2353,4746
4549,5004
4974,4921
3327,2789
4339,4696
4414,4849
3859,4682
1551,4718
1184,2786
448,4919
3333,4670
3525,132
804,3913
1673,4820
4206,5
2736,4803
3731,2798
1363,2862
3673,2784
1923,4937
667,11
1699,70
2358,4733
2766,4800
2346,4672
1776,3879
1124,1735
4237,2786
3695,2808
4863,132
146,4613
3800,4880
1457,4789
3446,50
3237,5018
3734,4818
1497,4687
3425,4266
2368,1827
1620,4654
3630,2856
1195,4755
1059,1733
1399,4755
1047,4690
4302,63
3856,1855
3398,2844
1382,2817
719,117
4593,4939
2962,4987
4999,4935
3543,2795
1029,4782
1441,5
4107,5018
1976,4763
556,4958
4331,4654
2901,3505
1929,1848
1403,2857
871,5000
1388,4828
3551,4938
3580,56
3652,4829
1615,4987
3946,4965
827,4987
539,4789
1150,3924
3701,2844
1346,4693
2137,2776
4522,5077
3471,40
250,16
849,4720
3789,2783
598,2784
2334,4909
1885,4774
1595,4992
4461,4876
2287,4887
4176,4996
3233,1847
4286,4788
1937,1835
2236,5020
4045,2822
4662,4915
3717,5077
3867,4990
3252,40
684,48
1584,4787
2915,4910
3134,12
405,4884
4062,4879
4179,115
1674,2823
2317,1808
585,3882
3053,2866
2331,3912
2715,63
4798,4882
3387,4860
4538,4870
270,5064
3073,63
2532,11
707,15
300,2785
2032,3914
4242,2796
2924,2765
2538,4902
4111,2784
2091,124
2462,4680
3253,318
808,4253
563,1740
4309,4785
3236,4671
391,2781
2061,5002
1181,2810
3683,4901
3056,4870
2527,3883
624,4880
3266,4828
2143,4679
3756,58
2006,4752
649,4828
1258,4879
2318,4876
1197,284
1388,4818
3138,2851
1345,1735
5046,11
1174,4828
1196,4988
5033,6
2726,1742
2986,5
3118,2814
1065,4776
3980,5004
606,4855
2604,4857
198,2816
451,3915
4392,41
5079,4884
5036,132
2126,53
3668,4786
2376,2788
1400,4861
1475,4675
2676,67
3035,4911
3478,4847
4699,115
2749,3915
969,3882
1489,4771
292,4697
4219,4734
566,6
585,1727
4032,1860
3736,4907
4442,4774
4572,4889
3313,4688
512,4919
2421,115
2636,4693
3219,4801
3351,4926
1195,5073
175,2776
3816,4739
3432,4919
3667,48
1555,4676
203,1827
5033,4266
2303,5019
1085,4952
485,2843
2402,4879
1260,3881
3678,4877
612,3914
3061,52
3261,4786
1084,4971
1549,1731
1957,1734
298,42
3142,4768
1597,11
2497,4818
579,3615
2678,1831
1904,1837
1637,4733
1821,4848
3781,4253
5059,4773
4431,4944
1406,2785
1291,4913
853,2799
1478,4678
1169,4682
4067,4673
216,2831
2379,4861
193,50
2500,58
1128,4936
520,4733
798,2853
2260,3912
4514,4674
4651,4249
1672,4900
1523,4671
1213,4817
3181,4729
273,11
3632,5020
2890,4847
1322,2866
1819,4849
4376,2839
1222,2843
1137,13
964,1857
4526,3915
3457,5077
1487,283
1757,4966
1858,2867
111,2840
3892,4930
1562,2813
2928,8
899,4887
1182,4680
1495,2786
2955,4989
2506,114
4584,2857
3974,4781
3727,2857
3873,2826
586,4250
3957,2764
1993,1843
3332,11
1239,2809
4363,2833
979,5065
746,4932
1877,2767
1306,2784
508,4727
895,4755
3908,5073
3820,4723
2273,4751
3289,5069
3855,4998
1327,4253
1202,4998
3079,4951
4378,4793
3210,4831
3299,2658
4254,4762
4124,4831
2995,4880
2427,4856
4453,3885
2380,2854
1448,4692
1588,1728
1429,4932
2508,4990
4043,4952
376,2795
4527,2789
3465,1817
2404,2795
2415,2860
2902,66
4269,4930
1712,5001
4241,1834
684,4858
2992,2818
4716,2867
4427,4801
4085,4991
3059,4672
2231,2811
721,4731
1171,116
1754,4921
3976,1732
3896,2825
388,2844
1011,51
1410,4818
2480,131
617,1846
2937,4903
1826,4759
3569,2837
585,4882
233,4741
395,4952
1002,4672
1177,4265
159,2844
1476,2858
119,2803
4440,4957
970,49
3413,1
1141,2844
1153,4891
4481,5070
5055,2800
179,4718
746,1842
3131,1840
3861,131
5006,4847
4339,1827
3036,1856
707,4752
2442,4672
4188,4877
512,4994
1448,4900
804,4266
2586,4750
2092,4897
789,4885
2456,4989
4128,4793
4046,4760
2361,2829
3266,4739
3304,4690
126,2782
1524,4773
594,4680
2649,4739
3546,4787
3170,1860
1144,1855
4373,4687
3696,1834
1414,4988
2030,2765
831,4890
4999,68
5006,2764
760,4729
1182,2858
1416,285
711,4991
2659,2854
4535,4801
362,4832
2595,218
1083,3913
1871,2832
895,1857
4925,70
280,4830
2730,69
3612,4829
625,2813
3104,2840
531,2789
4489,4855
2412,63
2351,4937
4277,4907
3496,4742
3009,11
3101,2831
530,4830
1503,4956
4534,2765
1680,4905
390,4668
1755,4690
120,4934
1187,4916
160,4935
4835,4958
2413,4753
4451,4786
1640,4935
1911,5018
1238,4892
2038,1856
3094,5077
3800,1844
3400,56
2637,2765
4977,4916
727,4675
2336,4939
1135,4264
1119,4695
836,1845
3694,5064
2112,4887
4530,4855
1456,2794
667,2779
2391,1725
3041,4782
1966,4696
3013,1837
2306,4939
2176,2840
960,4870
3284,6
1936,2831
4480,4996
955,40
4176,4749
1335,2823
1566,4987
4580,4778
3417,4752
2208,4751
1708,4819
126,4669
3146,114
2198,2862
4097,1832
4054,4786
640,2821
1605,4768
1821,1817
102,4752
2384,5002
4665,4728
461,4900
2156,4979
3829,4776
3034,4831
3037,4770
4029,2851
2126,4916
4925,1850
890,4818
3164,1860
4546,115
3600,2789
2102,2779
3210,4912
312,4677
2423,4681
595,4888
3530,5016
3967,2838
419,1833
3374,2837
2612,4855
2404,4764
3088,2783
3566,4883
1542,4896
3086,1848
3119,4938
4242,5074
3526,2796
2300,4743
4257,2827
3316,5073
3624,2864
1416,2831
3905,4766
4195,5070
3302,4883
838,4687
1498,1839
3128,4860
1607,5004
4022,4940
3528,4908
1370,5020
4396,2840
108,2846
2626,4857
4411,2821
895,2818
411,3880
3164,5063
4583,4861
609,4265
4316,4613
2403,66
657,4264
3939,4674
2343,4858
1339,4693
127,4873
751,4953
1820,4970
476,4989
4002,4971
1533,2816
1881,4972
871,4677
3550,4784
4603,318
420,2787
786,3880
610,5070
2328,4896
977,2857
4171,4766
301,4856
1782,1848
1491,1831
513,4912
1375,4751
1587,4911
2542,1731
610,3877
694,4832
2539,2829
1965,4908
2246,41
3563,4894
4863,145
4557,5019
3593,1725
2219,2813
4285,2839
2377,3915
2348,4862
2613,1727
282,2833
1660,2809
1450,2786
3336,4654
129,2840
1216,4911
3028,4929
3143,4920
335,5066
4279,4681
1171,1732
4298,4952
875,4801
964,4876
505,2818
4171,47
2909,58
170,4930
988,133
2124,40
2842,117
564,4919
1678,2794
1068,1839
2953,46
1016,70
1829,1836
4612,68
4391,2843
174,1732
4441,4890
4543,1846
2755,2857
688,5077
3346,4253
2239,2786
3538,2847
4104,4763
2063,3884
1275,4961
1930,1732
695,2813
1959,2809
1266,2832
2770,4797
821,1733
2549,2790
4062,4979
3733,4785
4217,40
2400,4886
4354,9
442,4897
4633,2866
4065,4996
1483,4801
2850,12
3021,4829
3832,2818
1052,4903
2441,4819
1682,3915
3713,2817
3718,4915
379,4986
1050,2837
2280,55
2001,5066
4642,4904
1507,4919
895,1733
1472,4690
3633,52
1977,4992
249,4782
4943,4679
3286,2822
640,4777
3102,2803
2037,4743
4021,4824
415,38
638,1729
3992,2803
1260,4763
4740,5075
4235,69
2131,7
3362,117
4302,4882
1265,4253
1115,1843
517,4915
3669,2814
1528,4718
3434,4885
2335,113
975,4903
2393,4930
4261,4929
4459,2840
965,4668
4498,4831
1084,4774
624,4978
305,4688
1424,1841
1434,4916
3920,2820
1993,4962
2136,4998
2617,4691
1753,2854
1035,3913
1540,4635
3926,3886
1168,64
221,4994
4895,4952
1349,15
172,2813
1942,124
1595,4995
3043,46
1260,5064
4280,1831
3359,4613
2509,113
2614,5001
4293,117
1819,4741
4517,2817
2,4782
4175,113
1313,4917
2122,4932
3775,4679
3387,4750
1745,4938
3206,4956
1321,4771
845,4901
2424,4995
842,46
561,4793
4343,58
1040,4762
1295,4978
1770,64
270,5065
4933,54
1324,2844
2626,5018
1451,4749
2300,56
4127,4902
3611,2772
2883,4739
1388,2817
1019,4952
28,4951
4757,4988
693,4759
2522,4694
4234,2841
3866,4675
2709,4680
1768,4968
2368,4901
3414,4936
2099,2860
1241,4917
3429,2824
1715,117
4330,319
4638,4801
2253,4908
1560,2824
3408,2827
240,4831
395,40
340,4935
2863,1725
3866,4965
1764,4675
238,4931
4013,2825
3599,4900
4081,4978
2672,4934
1424,4779
1333,4729
3642,1851
3779,4803
3207,4954
3253,64
3725,1857
326,4668
366,4729
2353,285
1200,4733
1263,1729
2246,2814
2622,49
607,45
2335,4727
3088,15
3429,4764
608,5000
3802,4940
299,2800
966,1860
2896,1860
688,34
642,4929
1029,4947
4840,4692
1010,4743
2106,2783
1929,4957
153,4750
4596,40
1360,2840
3081,4775
4518,3913
4307,4988
5021,4946
442,4788
1108,4771
2738,4687
4637,41
660,63
227,4897
3240,4970
825,2764
4193,4676
572,2671
4360,4872
1285,4847
2714,4734
2188,132
2923,2671
1555,4788
4628,4654
3323,1788
1055,2849
2212,4778
1084,4964
3389,4946
814,69
984,4994
394,4916
2159,4882
1070,4669
3635,50
3132,4913
4427,4677
3063,113
2269,4777
4067,4672
164,4964
804,4754
1124,4752
2164,4832
2082,2838
1016,4738
2362,68
2900,1732
3732,49
2221,5004
207,4791
1413,1862
4702,4995
3770,2845
1642,3878
2039,3880
4705,4891
4282,4668
3394,8
4370,4248
4160,4907
3459,2866
147,4972
81,4986
2205,4654
4704,4963
1315,4676
374,4832
1739,4902
279,133
4160,4954
4942,2768
3402,5004
232,4788
2336,4785
4051,4739
3800,4940
2614,11
3820,4829
292,4831
505,2671
4042,4873
3663,2810
3004,69
4000,54
2842,1816
1018,4654
583,4768
2013,4797
784,4266
3239,1851
4214,4785
4260,1860
3754,2841
1482,50
2077,4918
2507,2776
4124,3885
1767,4770
930,2810
774,4947
4439,4741
649,4718
1493,4768
1123,2839
642,4759
3500,4997
4538,1860
595,4781
945,4955
3632,4781
3570,4916
2955,1862
430,4829
3501,4673
726,1849
3577,4267
4898,4873
287,1737
3408,68
3845,2833
2134,4689
2115,3882
1268,5065
2270,4688
3909,4731
4260,2658
4392,6
4560,50
2888,4954
1128,2810
4318,4730
1722,1818
1008,4932
3943,4748
3990,12
1486,4697
3643,4678
3643,2858
323,4732
802,4739
3889,4688
2061,1834
2558,1734
3048,4750
1954,4947
1116,4734
1859,2860
984,4817
1291,1832
712,2837
231,2855
1586,4913
2357,3912
2881,4996
4717,4849
4320,70
4190,2826
3893,4265
1998,15
749,2854
2331,3877
4035,1735
3116,4887
1208,4832
2448,4888
4716,1846
2742,4828
2859,5069
161,4801
1570,4723
3766,4696
1614,1861
3287,4735
979,4935
4549,4849
2271,2799
4710,4894
3797,4995
2746,2853
879,4253
3784,4957
992,4997
4631,2860
4367,4965
4826,2854
3715,2843
3121,2831
3027,8
2378,4901
622,4906
2395,4801
3509,58
4104,2796
2258,4952
585,8
26,4918
4387,4990
3303,132
321,4901
1933,1831
2926,4858
1586,2812
4658,4690
4129,4830
4023,5074
2056,1849
4361,1856
579,4770
4403,2857
1414,2854
3136,4793
1523,4634
625,4971
3465,4968
4717,4912
2009,4685
2203,3883
2576,2767
3828,4872
147,2817
2770,2814
4269,4693
2174,3884
3395,1846
851,4797
1288,54
1486,3879
1596,4681
4517,4946
3081,4988
1048,2862
1361,4803
2942,4679
3354,4879
327,4718
4315,1748
3796,2787
2546,4857
2522,55
3345,4989
1093,4849
4700,3913
1746,1850
1533,4747
2282,4978
4121,4987
1033,4914
2512,4920
3628,2774
3970,4858
3231,285
3650,4678
2018,5020
3097,4734
3073,1731
1829,12
3006,5001
421,4781
1261,2768
2477,4955
3272,5001
2150,4675
3187,2821
706,2772
1195,2798
644,2818
1078,1729
3260,2860
4656,2765
3862,2814
5060,4829
3950,4753
3202,4966
3422,5077
2696,5066
4496,2784
2140,52
1204,4883
3907,6
3026,53
2450,4692
967,4759
1341,2832
4089,3914
3858,1748
1945,2832
191,1835
414,4909
900,4915
2680,80
2985,4970
2378,4248
382,4817
209,1836
1695,4793
81,4944
269,116
1704,4815
3752,2767
1037,1857
1705,4896
36,4774
3420,11
694,1818
818,2811
1384,4970
263,4830
1916,2799
4099,4732
1521,4972
947,2816
768,2787
1823,4266
4392,1849
4064,4790
2683,3924
3024,4968
748,2860
1930,4780
1502,4919
2087,48
3530,4987
3355,1832
4530,318
2313,115
1366,320
3047,8
4588,8
739,4674
2689,2838
3200,4890
3082,113
4571,5074
1169,4736
1334,4848
4100,2765
840,2857
2335,45
3309,4691
1290,2845
2917,2839
4469,2808
3634,4951
3616,4790
4340,4890
2052,4956
2620,4799
864,4788
3108,4879
78,4850
3863,2838
4350,4861
3017,4855
2914,2829
705,70
553,4772
186,2671
1478,4265
1902,4817
857,4753
914,4997
2462,66
3819,4956
3459,2826
1383,4953
2655,113
508,34
2190,4783
1662,2832
3870,1840
4319,4994
1280,5065
4826,1840
1942,4673
3464,4742
1356,5066
2807,4935
1223,34
4326,4741
1941,3885
1085,4815
833,4952
707,1838
3733,4992
637,4723
540,2832
3477,4956
492,4755
2881,4978
3469,4775
134,2839
266,4989
2988,284
4484,4747
1210,4850
1087,2794
691,1727
1876,2811
1354,49
2894,1848
2836,4800
529,4674
3137,4613
362,4885
3419,113
678,4674
475,2826
2032,1728
1811,1731
602,7
4112,4920
960,4253
5009,4686
633,3881
286,5004
1272,2781
2916,2825
1739,319
2198,5073
387,4830
83,4760
483,4680
3846,4793
4833,4936
945,4963
290,2796
17,4972
2159,5065
3967,1817
174,1844
2639,4750
78,53
2579,84
1690,1836
865,4907
468,1837
2334,4897
3509,4847
979,4668
4134,4904
2164,2772
945,1729
3191,2786
2330,4831
3733,3914
4619,283
4383,4792
23,2860
1274,1862
3815,4968
560,114
601,1788
3037,2844
2296,4968
3379,4681
3010,4934
3805,4755
2885,5073
3404,4679
3296,4952
3449,2822
664,48
2637,5018
2620,4264
108,4696
4106,4888
4636,4936
4008,3505
2350,1846
2496,1857
1237,1838
2936,2846
4247,4958
2730,4901
2123,4817
5057,2818
1114,4265
2083,5077
1922,4790
167,133
3765,2858
4023,218
2056,4678
1624,4693
1688,1855
3625,4780
3241,2860
2859,7
1599,1725
4291,3884
128,4750
3744,4952
2178,2795
3965,5066
1473,4996
1218,4673
3528,4937
1291,4887
3499,55
3197,2658
4002,66
4121,4675
110,4887
2282,9
3616,2812
1658,4911
1514,1730
2093,4961
4240,4720
4348,4849
1458,4674
1953,2765
4100,4815
410,4896
4052,4861
400,4929
1569,2845
205,3924
1995,5074
1466,4946
1872,1860
1905,2813
3825,4736
4183,4886
2400,1842
3348,4768
2376,4830
452,4919
1926,4952
1049,4788
1004,2813
2391,12
4130,5019
2650,5074
2060,4968
3812,4828
105,2786
2983,2843
4218,4800
3120,4681
268,70
725,4777
3073,2803
3667,4918
4362,2810
5057,2844
349,1849
3872,4931
1000,5
4124,4678
1828,2827
949,84
956,2788
2797,4995
2691,4736
1189,4913
3298,4264
2159,4766
1281,2833
988,4739
4123,4742
1829,115
3222,2853
3583,2779
803,1833
1108,4732
2873,64
643,1840
2510,3913
92,2764
2542,2839
3392,4770
1800,2821
1157,4675
3082,1835
1923,3
3153,9
4042,4679
1496,4966
1807,4894
449,5019
4591,4831
341,4765
1434,124
939,320
970,4878
4874,4686
731,2846
3934,1861
2706,3615
4201,4946
1821,1839
2094,3880
2562,4785
1356,4783
396,4929
3442,1740
3704,2823
2356,319
1589,4962
4476,4937
4225,4776
2385,131
1029,1844
1690,4996
1022,4784
1906,4979
4269,4734
4189,132
1770,4771
3034,3884
5045,4883
450,1735
705,2787
3158,55
1757,4882
4159,2866
2019,2765
2440,1729
4505,3877
3424,1843
2834,1733
1604,4654
3067,4903
833,4997
4020,5
33,4906
4324,3924
3535,4965
353,11
1020,2835
1487,4785
4199,4917
975,4727
2896,319
2072,145
1046,4901
4174,4998
3989,9
2586,4776
2643,4921
1950,4816
3681,2844
2707,2765
3117,318
2986,320
1014,4673
448,4770
3780,1726
667,2787
1978,4914
766,2817
2977,3
1502,4879
2127,4951
3967,4681
22,4251
479,4878
4506,1788
3241,4668
4554,4889
2474,15
2919,5
1580,4913
1581,5075
4583,4791
4795,2774
4275,4862
1242,4248
502,4249
3105,2764
3588,133
110,4915
2754,4993
567,52
2143,54
2609,2840
1438,4746
1442,4963
1201,218
1897,4250
4666,2776
3564,4847
4531,3881
1572,4265
1758,4782
2679,49
2393,4735
2209,4954
2000,4680
4505,2840
3980,4883
2499,117
248,2851
518,4770
297,4932
27,4872
3728,46
492,1834
3024,2808
3847,5000
921,1788
3191,4850
2131,4691
1337,1732
3188,54
927,1860
4975,4766
1130,3885
2703,4926
3610,4892
3909,3886
1713,2837
4846,1
3338,4654
356,54
4353,3882
2668,4918
2510,2845
212,4720
2267,4727
2471,2799
3687,2764
3479,2827
2762,16
1195,320
3094,4905
1317,4634
1792,1832
4581,16
1982,4674
4218,4905
969,2812
3378,4752
2925,2812
1529,4910
2226,4988
160,4862
267,4914
4950,4963
2384,4267
4584,4920
3397,4991
2164,1845
183,285
4513,1838
818,1840
1968,4992
2232,2765
2079,2818
2184,4988
2358,11
1527,4987
4167,4861
830,2765
3098,4850
4122,4888
1819,4801
4122,2785
4393,2767
2067,2813
22,4731
1385,4771
3586,2772
2594,2858
2165,318
4448,4934
4810,116
4156,1862
1608,4783
5045,4248
527,1818
3125,5075
1704,4963
3344,2800
2422,2658
1122,2812
1481,4788
3341,1742
3449,4677
1352,1835
3800,4955
2292,4820
2553,1817
1895,2768
3164,2798
3021,1896
3487,1827
1617,4987
3156,4782
3160,4799
2511,4891
1020,114
4033,3
299,4670
799,5065
3467,319
2942,4916
1763,4692
4865,132
3237,51
820,1843
299,4687
4073,5
1498,5069
3867,4860
433,4689
128,2813
4663,68
4318,2849
1504,4763
827,4916
4531,2813
2205,4990
83,4849
700,1788
1417,42
4717,145
4195,4786
4413,2785
217,3886
2179,4979
1965,4755
136,1841
445,2841
2994,4830
2006,4671
1279,4828
3972,5066
4092,5
3348,4730
1091,1836
288,4634
1269,2848
2599,4654
5012,34
383,4686
2931,2823
2250,1836
3808,4775
1957,4911
3464,4892
3383,13
4499,62
2257,4687
2097,4914
2333,2843
1299,1832
296,2829
4416,1818
293,3915
1724,4765
3650,4264
4216,4773
804,2843
4661,4873
4118,41
4422,4694
2111,1855
1690,4748
4433,4978
3250,4768
922,4897
2704,4963
1502,2781
1418,50
885,3
4104,4916
2490,4677
5057,4691
576,7
944,2831
3748,5016
4038,4790
2701,4969
1274,4909
3476,4750
2805,1816
226,1831
1826,6
3888,4944
819,2822
2177,283
3362,4884
2136,4911
3955,4782
1464,4963
506,4901
1358,2817
4176,4751
874,1818
4840,5073
535,4891
3822,4727
10,2787
1560,21
3156,58
3858,2816
2344,1837
341,4693
3671,2783
3497,4687
2527,2820
4176,4894
4865,1860
1643,4957
2594,4736
1257,4912
1993,4907
2740,4937
1903,4754
286,4787
1160,2800
797,2865
1203,2866
1460,2841
5052,1841
2925,4654
4146,46
2142,4904
4451,4693
3138,4736
1089,5000
4452,4940
4349,4856
2938,2768
681,115
2180,1844
593,145
3447,2866
1081,4759
4003,1816
3072,1788
1747,4265
2662,5063
2584,3912
840,1846
2729,21
373,4727
1919,4880
795,3884
2137,4679
163,4998
4158,4741
469,1831
1535,1856
3312,2808
3572,1732
654,4831
470,4856
1342,2848
4610,50
1477,1841
3573,2844
787,4679
306,2798
592,4739
3966,4957
1651,132
1459,2840
4152,4654
1787,2794
715,1748
3276,4830
1767,4855
3384,4253
4639,50
591,84
3121,2858
4015,2782
3056,4990
2289,4747
487,5016
3518,4797
28,8
1667,63
1977,13
3752,4829
2443,4750
2507,21
3374,3
2473,133
2385,283
4380,2854
804,4779
2584,4692
4984,4799
3577,4926
3893,4672
2076,4861
1664,4819
2184,2795
2249,4956
4192,4748
531,4728
755,4963
4252,4891
2334,4935
3098,4824
4583,117
1675,2820
1226,2858
195,42
521,4936
2425,4793
138,2809
1201,4916
3905,2858
2936,4907
3289,4969
349,4688
1238,4926
1741,1846
2744,4989
2207,4743
4127,1843
1327,3
1496,5
187,4784
191,2765
3846,4251
3338,4937
2456,4777
3200,4986
2352,4682
4154,4896
2990,56
1672,4671
1264,4770
2163,4792
4019,4953
2085,1728
1885,2787
3470,4963
4546,4921
2216,283
3636,1841
909,4790
830,12
3743,3883
2791,52
1986,4681
3013,2854
4172,2855
2513,2846
400,1857
2130,80
3008,2864
180,4777
1692,4763
1670,2779
4200,4753
97,4736
831,4799
2654,1837
1549,2774
3129,4938
1058,4720
4061,5073
2872,4723
1772,2831
3145,84
3762,4997
2303,1740
1648,4891
4899,2822
1205,4720
333,41
3842,69
3990,53
147,4789
3435,4880
1253,5001
1350,2866
1167,2840
2721,1840
990,2839
3962,3913
4715,4887
3747,4799
1928,49
4431,132
905,4997
3544,1844
4621,2838
4620,4962
3818,4872
4144,4741
2087,70
3453,3615
3241,4790
2090,1740
4533,5064
4390,4931
3064,4790
2868,3505
2316,4694
3819,1734
669,4944
1034,8
3795,4946
4118,4953
470,4727
3613,4829
4285,4978
3154,4684
1153,2810
4802,4991
2732,4891
4337,3883
2734,4775
4566,4816
2374,1845
1886,1846
3311,4860
5048,4718
2422,4773
2033,1748
3343,4735
3138,2860
3477,4784
3282,4882
4507,2821
4297,4906
4096,1730
5049,3914
2422,4820
23,4979
1716,4890
1302,34
2707,4819
4593,4266
2897,4862
476,4931
2801,21
169,4989
2685,4727
4583,4720
2015,1846
3384,3885
159,4671
2739,4742
815,4820
3035,5074
1685,4936
2095,124
3638,4253
4182,4861
702,4901
2684,4890
2390,2844
3072,4990
4223,4832
2116,4737
4572,4870
3131,4886
4445,4774
4372,4858
4574,4954
2288,4784
144,61
3917,4912
4422,4766
2339,4265
4343,2810
5052,2816
4657,4634
3529,1848
379,67
3418,4882
2516,4781
2451,40
4487,117
2321,4937
3443,4870
1272,2844
2361,2788
109,3886
4295,70
4215,4253
737,4910
1197,4762
4377,4883
2557,320
2101,1860
2887,4753
802,4911
4298,4986
4254,1849
1598,4953
4001,2827
4413,4816
1151,65
900,4679
33,1827
3215,4792
1099,1860
3380,4857
3332,4785
812,1849
3555,285
918,2785
2923,4690
1931,2866
1355,5063
2050,4720
3665,6
4506,4692
3430,4776
3651,55
1825,4784
2888,4896
1916,4855
4407,2795
1498,4777
1169,4991
1779,4952
5033,4732
2558,4682
3425,2812
2126,4803
1499,319
4665,4790
4369,4964
2663,320
1745,4905
1063,4634
1466,1731
2702,2776
459,4963
2278,4917
3184,4955
3897,2811
1443,4678
2861,4970
4234,4956
3177,4729
3858,5066
1913,4937
1247,1729
2077,4785
2669,4738
1242,4986
3397,1740
3320,4720
894,4265
2712,4763
3949,5020
3730,4774
1663,4760
923,4613
3752,1840
140,4905
4724,1840
657,2866
4853,2862
418,4634
994,5075
562,4728
4626,3886
153,45
328,4733
1212,4769
789,4816
152,4747
2738,4926
2760,4997
797,4858
4843,2867
4368,4978
1867,4774
1384,4816
4029,4753
1087,2845
2868,67
4142,4755
3394,4671
2190,115
3579,4729
3278,1848
2353,4692
1366,4878
490,4801
4381,1731
3927,2785
1599,4995
3802,4781
4351,67
1596,38
3752,4900
1710,42
4536,4968
4389,4746
4627,1862
3941,4849
1283,3882
4071,4941
2746,2781
3680,4678
1554,4733
2007,4803
2734,2784
3249,12
3694,2848
2449,4685
4230,2833
2759,9
1183,1835
1081,1841
4041,2767
2069,283
536,38
4030,4770
3677,117
1469,2816
2382,4929
4391,1841
352,2846
1221,4791
1595,4860
4145,49
1307,54
2460,4972
4213,4761
2364,2866
278,52
1776,133
1362,4908
3451,4891
3307,4677
757,4886
1012,4693
1965,1733
3357,320
2943,4858
138,4815
4533,4926
952,3885
854,1832
1391,4968
4035,4733
2960,52
938,2847
93,1862
985,4907
840,5016
1778,4972
4183,1855
4035,3885
2292,4884
267,3
27,2854
1685,285
4974,3884
4440,4750
1002,4890
3848,4732
2527,2851
2902,65
3411,4929
625,6
678,8
1619,284
608,1844
44,1818
547,4938
1490,1732
1870,4760
2050,4692
273,4884
1389,60
3731,4729
722,4969
4217,117
3486,1862
127,4678
1305,4766
941,4687
1749,285
2599,4889
4200,2846
3105,4937
661,4971
2540,1847
1382,4911
4360,1860
4282,4910
3895,48
1237,218
4393,4961
4804,4882
3648,4907
4407,4654
2501,4250
2180,2841
1519,4818
2558,5075
2125,4265
3492,2782
743,2658
1931,4909
2249,1850
4235,62
4409,4882
3707,3884
1167,1855
2539,2787
184,4932
1573,2798
1235,4783
1790,4913
1338,2825
2239,5016
4044,4958
2333,5016
462,2764
334,1844
1786,2867
3723,4979
1445,4669
397,2838
2382,4764
941,2658
4166,4776
3418,4634
3646,4937
2876,2851
4130,42
3235,1726
711,2803
2934,4818
2280,4785
2350,4739
2992,2867
4237,4777
3823,1836
1810,2799
5014,283
4607,2853
423,4728
4220,3912
2902,2803
4630,4964
4317,4971
3020,4817
4927,4952
4549,64
695,5004
1200,4760
39,4776
1059,4760
2686,4972
1080,4723
1760,4987
4301,4749
2247,4730
4024,124
2727,4780
2993,5077
1803,1818
2198,1831
1352,4935
2321,4855
2746,4682
3164,12
2466,2843
256,4993
4238,4970
371,4956
440,1842
2959,2840
136,4876
4136,4961
1885,4926
2616,4998
1212,318
2018,4907
258,21
3267,2795
2020,4688
4578,4727
3138,4266
1631,1817
1217,2813
499,2858
653,4692
3221,4684
2234,1734
4280,4672
3618,4733
2984,2658
310,4728
928,4914
2444,4787
31,4817
741,1742
2654,4732
3652,4855
2159,4934
3540,5064
4470,4907
1869,52
445,4741
4491,2854
1113,4265
2653,4742
1884,4786
2876,2865
2053,3914
4439,42
3133,2835
5021,4820
4811,1833
4364,4857
3775,1818
4566,4997
1325,2833
3807,4694
3476,4956
3368,4797
499,2809
3823,1842
440,2860
1429,3878
1488,2862
3995,3881
1125,4962
1160,4730
2455,4676
2656,1846
1150,4986
3748,2825
4547,1834
4029,2848
3323,4909
2432,5
1593,4692
385,2855
4098,5016
3151,4686
677,4765
5053,4720
159,4746
1581,4694
1414,4777
3377,5064
3379,5020
1541,69
2606,1860
4273,1
3952,284
1745,4994
4070,4738
4555,2817
2471,4778
389,1728
1441,4939
2078,4743
1675,6
3008,124
3500,1832
1686,4931
1274,117
3712,1728
144,3882
94,4878
3658,4877
1072,4872
4187,2866
3582,4790
4171,4951
2202,3880
436,2844
1899,283
1115,66
691,2846
3047,4969
3093,2862
2672,4816
3737,4766
2567,2831
3812,4936
1394,4815
1802,3914
5058,4885
545,1851
2211,2849
3290,4613
1367,4736
4399,3881
4406,4998
4446,4691
5024,3881
3297,4266
622,4791
3641,1731
870,5
2579,2844
2394,1844
3073,3884
4392,4917
4177,4801
4502,4912
499,133
2908,1
1992,2866
3810,2831
4071,54
1650,4862
1282,4720
1175,4830
1765,4932
5021,5064
3768,4764
3166,2862
2734,2840
3550,5073
3978,4878
3175,2832
571,4939
1166,21
1113,1845
4437,5004
2912,2782
4548,4737
4275,4939
4421,4253
2960,2803
3927,1732
465,4847
249,4912
901,2856
1815,5066
1004,4800
3872,4921
4063,46
3629,58
1442,2858
2478,4929
4332,4932
4162,131
23,2671
1628,4911
915,4897
4923,54
4153,3882
5071,1740
1155,34
652,4897
2971,2779
4868,4883
4632,4849
901,12
2356,2795
2537,1847
2881,4754
2522,3615
1407,54
4835,9
1104,4727
2004,4764
3386,4752
2527,62
1961,4678
448,283
3212,4673
1805,4248
1290,2829
310,47
992,50
32,4972
3838,2827
3025,4972
4412,1728
811,4789
858,3505
866,4792
4040,1837
396,4910
4332,283
1770,4685
1454,4248
4662,4901
722,4913
2760,4265
4010,5077
2777,66
4261,3912
1681,4783
376,2825
1954,4902
2595,4857
420,6
1698,1727
741,12
2346,4684
440,4783
386,4919
99,5074
1096,4797
870,4920
4268,2839
3058,4926
2731,5069
228,2844
5054,53
4040,53
623,2783
4468,2814
1364,11
2747,4848
1173,2847
3227,63
1532,4743
2238,70
4356,5063
1465,4912
949,2848
2620,2800
1695,2831
2,1729
167,2855
196,4986
2572,1841
99,51
3917,1833
1237,4920
4052,48
579,4847
3575,3615
1940,4790
1462,4248
1635,4736
4305,4800
3783,4941
2538,3884
120,4771
2084,4920
645,283
2955,15
202,2781
2802,4693
2939,1832
4235,4742
22,4675
4806,4681
3326,4687
4270,51
2804,4989
3178,4920
1972,1831
3358,4668
518,4695
3353,1
449,2825
2477,4829
4364,2781
169,2866
3289,41
3925,2765
382,4684
4943,3885
57,4785
4003,4918
2221,4824
1579,1896
1017,4856
509,1728
704,6
1571,50
831,13
1947,4613
773,4668
1423,2789
243,2847
1263,4790
1567,4879
1166,4987
279,4803
4279,4782
332,3615
2627,3913
4810,1844
4717,40
714,5018
1700,2848
4322,80
4461,4824
3737,4676
346,1857
1028,4879
1477,56
507,2800
4834,1731
1453,2813
3824,2671
559,4969
1577,4690
3907,51
3121,3886
4624,2829
2696,4996
2161,2789
916,4791
1220,4723
3224,4687
3226,4991
1462,2788
3650,2848
3664,2799
1776,2831
1368,2860
1062,1836
5043,2817
1259,4953
2815,4769
159,4797
4141,4674
4517,2864
4497,2813
4438,4816
2179,62
1785,1850
1600,4906
364,4253
3959,50
535,1860
3641,2813
292,124
1013,2810
912,4970
3297,4748
2025,116
781,4855
2254,3877
2759,1848
4144,4770
2090,283
4724,4870
1867,4731
3581,1849
3962,4909
1695,131
1358,4919
553,4902
3357,4998
295,4931
4041,5069
487,1742
3947,4880
1495,4747
1392,4776
3707,5075
2423,34
1758,42
4129,4678
866,4876
2462,2846
3501,4684
1168,16
2560,1845
2291,4723
4851,115
4059,4248
2639,2795
2019,2847
1221,21
4840,4775
3356,4686
2570,4951
2875,1727
467,320
188,4678
1114,4697
1657,55
3575,68
3350,4919
2580,4793
2150,1831
3858,4635
2955,2772
628,3878
4111,1831
3941,4673
2170,80
1450,4989
2325,4876
1975,114
3748,3880
1886,4905
3090,46
4256,1816
1105,4673
2621,4768
282,9
4242,4969
83,4886
4703,4894
512,5000
522,2813
3082,5020
3797,4877
2192,48
2628,5001
4242,2764
1751,4671
2014,1838
194,38
1770,2800
464,4739
918,2865
4136,4885
902,2784
1863,4870
3803,1735
2387,47
2927,2781
1302,4679
3348,6
5027,63
487,1788
2552,4939
4094,2855
668,2867
3911,3881
2241,1816
2403,1849
1097,1839
1738,1831
1591,4873
209,4962
4052,1735
2285,4743
2876,2862
1428,4947
287,4793
3211,4760
2953,4908
3057,47
4425,3879
1388,4929
4606,4896
4834,4265
4577,4954
3894,1851
2719,115
1690,4253
353,4755
689,4694
686,4736
1180,2862
3666,4882
4063,4884
1657,2837
3093,4902
2215,4727
128,4919
146,4884
720,4785
2074,4847
2328,4969
3544,4691
614,5063
152,4903
1721,4824
3406,4914
3425,4849
2884,80
1914,4670
4188,1748
1167,285
4399,4882
1428,133
4662,5020
181,12
4083,2848
1352,4954
278,2816
4243,4939
857,4682
1796,4253
2618,4978
1703,2784
1656,4797
2742,4819
1760,1727
724,115
194,56
2650,2790
4363,4780
2718,4909
2619,4251
175,4951
1195,4831
3449,4773
1338,2838
780,12
1798,1856
816,4251
2117,4788
4294,2839
3903,4994
2249,4676
2896,2809
3580,13
1189,4694
2422,1835
3142,4883
14,113
2986,68
1239,4778
2962,5070
2582,2788
3544,1727
894,4742
3609,2865
2202,4897
3461,70
2447,1748
2868,4671
4553,4265
611,117
3359,145
1271,9
3575,2798
3034,1732
2531,4944
1622,4732
1162,4896
759,4934
2538,2845
1666,2811
4721,4772
2696,47
902,2835
1059,4763
911,4248
1710,2800
693,2816
3332,2856
1548,5018
57,4728
4548,4782
975,4778
2511,2785
2244,4749
597,4777
3565,4753
3360,133
909,4957
2483,2794
1391,2864
2428,2821
2261,4762
699,1748
1613,4248
1542,4906
2602,4774
1084,2851
3452,4693
1058,4889
3221,4683
37,1728
2644,50
3515,4962
474,1834
2638,4855
549,4738
3733,56
4638,4749
1794,1818
3673,4951
1792,1846
665,4766
558,4965
109,46
4534,4689
2681,51
4118,4880
110,4972
843,4855
3764,4265
2691,1808
3441,2829
2591,4771
2443,4754
163,145
3140,1729
3920,2862
868,1728
4160,2785
5050,4889
1322,4971
3445,2784
4217,4735
884,4994
4651,3615
3898,2845
179,49
3589,4248
3195,1837
1243,4912
678,2841
2108,2767
4522,2816
1008,6
1432,318
4410,4916
3629,4888
1806,318
2879,4848
3045,4824
2193,52
3807,2865
3128,4910
1909,319
1204,4668
482,4675
4004,2787
1026,4728
4417,2795
