1459,3359
2545,3045
1588,1868
211,3729
2714,3875
1478,3544
2827,3148
2252,3432
2613,1754
844,4193
2212,4488
2795,2984
549,4460
1344,3206
2550,4274
1455,477
2592,2885
2522,4015
2479,2934
730,910
715,2884
243,4403
715,4197
1391,3956
661,4129
1849,3910
1455,1536
2730,146
2068,32
1809,4533
971,4186
1411,4264
268,3505
853,3173
1843,4269
1436,3463
1396,4273
69,3517
2538,3714
2497,4536
201,4206
258,3401
1455,373
1257,3177
1163,3741
1258,3515
112,121
1062,3409
2538,3036
1156,4000
615,4515
920,4477
2592,410
1620,2905
846,3570
205,3983
1997,1456
2520,3855
2534,34
1262,3439
2212,3702
156,4174
1848,3958
2836,2916
732,3788
1054,3896
1035,3878
1809,3507
1848,3261
1994,4362
535,3197
2408,3093
2827,3767
1407,3451
40,4499
1997,1682
1612,3921
1455,370
1618,4370
964,2914
964,3391
1480,4560
2458,3952
2588,236
2545,4200
1630,4506
2615,4272
918,3736
1414,3837
2722,4437
253,3338
484,174
647,2962
2821,1688
1405,1930
2599,1683
1385,4464
2476,2310
1576,4135
2530,741
2198,1589
1793,4418
736,1569
211,3474
1848,4177
2516,1858
920,4368
1480,4000
518,4170
1304,2704
1035,4220
160,2993
2020,3832
1400,2017
1042,2911
2068,3087
253,4142
1166,2941
1923,1167
2408,4248
1411,4377
2453,4117
2610,3660
728,3484
909,3085
1816,3738
112,119
1436,3606
911,4445
1275,4324
2700,2064
1106,4479
911,3724
927,4413
1598,3284
1181,3615
927,3792
249,614
1141,1687
2010,4229
1065,1887
1923,1680
1920,4041
1149,4111
674,3067
1409,3435
613,3016
1257,3251
1181,4072
49,1716
718,3873
2070,3485
732,4064
112,110
2,4504
160,3838
2239,1408
1245,3929
2517,4145
160,797
1843,3775
1553,874
810,3820
219,3466
1258,4334
1340,1678
158,3486
920,4289
1641,3858
935,2966
29,2287
1598,4024
1158,4398
251,3392
1594,4114
1181,3465
1174,3023
2503,3161
2778,4159
1809,546
251,3978
1486,3471
2414,3042
1245,3578
2230,4565
2692,1536
1268,3853
2568,3598
2155,4228
1262,3749
2776,4037
2774,3664
927,3633
2522,4552
436,998
1260,3306
975,4496
1776,2001
1262,4138
1964,3758
2270,4227
830,3828
1600,3059
1407,3470
2233,3365
2198,1865
1389,3271
83,4162
2588,4161
2831,4009
363,3481
1616,3693
251,4256
674,3113
2827,3525
94,3081
36,4004
1692,3273
2450,3313
975,3626
2839,1350
2622,2898
49,3611
1242,3795
779,3334
922,4153
1391,3212
2834,3811
1025,3513
1432,3804
1242,2903
2592,3054
67,3614
2016,4588
776,4233
649,3408
1772,3908
732,2958
2248,4316
65,3805
1602,3781
911,3312
201,2957
186,3290
2023,3713
2703,1315
1497,319
2726,3590
1608,3231
1816,3119
1048,3161
2212,4569
2584,4247
1636,3458
907,729
2500,1610
613,3711
1255,3701
2188,1678
258,3443
1062,38
2245,4493
2340,4022
1158,4141
1612,4555
1576,3107
2246,2951
1590,4045
1166,371
2783,3748
1424,3464
258,222
1216,3506
2201,2535
2489,1005
844,4420
2027,3951
1822,2927
2821,874
268,3232
1340,2941
905,3779
2697,3011
389,4530
1596,3062
1809,3755
971,4579
357,3156
2212,2912
2838,2964
393,589
244,579
2613,3259
366,1683
1065,4564
1168,1437
63,3793
1248,4492
1568,4490
975,4531
1515,4435
1160,4367
530,3114
1650,4055
1695,4235
1189,3307
2241,4219
2615,2519
2520,4270
1405,3148
2692,1689
2504,3184
1650,3979
1997,1685
2504,3501
744,2967
1300,3519
366,1690
2840,4216
1623,3898
1292,4444
1927,3080
1184,4232
1387,4326
1352,3640
1598,4416
1596,3581
1262,3801
2730,153
2018,3946
2795,4512
1835,3066
2588,4308
115,3097
83,3052
815,4050
260,2956
1419,4376
1398,3082
1623,3821
361,3366
115,3462
1997,1678
2843,3128
971,3554
2506,4198
2252,4281
184,4431
513,2927
971,2976
2034,1670
1250,3331
158,3678
112,116
2532,1684
2613,3794
1809,4132
2613,4147
1239,1203
2726,3940
1268,3235
1871,3006
1778,3269
2258,4561
1576,2452
774,3607
715,3029
2396,4122
2299,3135
2724,4093
1478,2921
1646,3658
1054,3471
198,3719
2831,3124
611,4311
1553,1536
201,3089
2248,2929
728,4342
2584,3051
1048,3625
649,4013
1632,4192
1359,3028
1608,3723
1266,3077
1620,4180
246,3305
476,1684
1025,4412
823,2988
160,4233
1245,3856
2540,3656
2533,1064
1632,3419
178,4557
2730,139
2225,2952
2538,3109
1389,4292
2097,4244
2827,3450
2246,4002
2781,2937
1594,4429
945,4187
524,3784
406,3833
957,4071
516,4457
2018,2460
945,4007
2795,3874
1521,384
1432,4453
2170,2812
2532,1690
2155,4023
2700,2059
2761,479
2528,3134
1046,4319
476,1683
1770,3807
53,1721
1594,4285
2255,4181
1396,3393
1968,3645
2480,4060
2014,2972
909,3602
740,3033
1242,3601
94,3038
83,3287
1695,2878
724,4175
2228,3963
2188,372
839,3872
530,4012
1578,3249
1158,104
484,3301
1252,4520
244,575
774,3071
1840,1122
762,2696
2720,4389
160,3427
1476,3211
177,2287
1284,4352
2839,1349
1216,3797
1242,3796
2263,3967
2170,4439
112,3138
2261,2888
2587,2995
722,4359
186,2024
1284,4503
779,4481
1734,4291
520,3815
1604,3800
809,3346
1260,3997
1793,3527
2500,1652
537,2896
1809,3475
1614,2928
2450,3948
1422,4574
2836,4088
1407,4339
846,4356
1292,3163
1385,4489
2783,2171
1110,1842
201,2923
1588,1862
1497,2932
1040,4404
2718,3571
513,3253
817,4243
361,4091
1728,3822
1657,4211
1075,3140
873,1686
2550,3743
198,3639
1257,3761
1623,3770
1676,368
2542,2953
2848,317
651,4467
1393,4036
393,583
1998,2219
938,4095
249,2897
2414,3902
2476,2330
2228,4020
1429,2946
949,3497
518,3060
1284,4546
1409,3648
1248,4003
1535,874
1657,2940
952,2996
182,2934
2697,3906
943,3860
71,3195
246,3884
262,3722
1239,3773
205,3238
1258,2901
823,3936
2261,4549
2701,3112
406,3453
1189,3040
1257,3441
249,3843
975,4240
2622,3192
1654,4480
2701,4544
165,3863
1260,3708
1734,3827
2705,2707
2848,1498
1414,3240
526,2917
1409,3725
720,931
520,3339
2212,3153
927,3374
1838,3757
2503,4121
2027,4576
657,3545
1174,3083
2587,4348
526,3798
1596,4133
2217,1684
2338,3410
243,209
508,3897
1258,3667
837,2931
661,3236
2833,2828
1441,3019
518,4346
1245,2982
1608,3939
2248,3917
1455,372
905,4085
740,3407
1757,3830
1419,3681
828,3840
2246,4214
2827,4143
2450,4254
2401,1921
1807,559
1340,371
2016,3553
115,114
109,3383
981,3002
2336,3123
516,3460
2615,3336
251,626
1636,3373
1308,3791
535,4245
2500,3382
2503,74
2805,2232
1553,367
1436,4280
2010,3247
1630,3573
1252,3058
2252,3130
2370,3829
1184,3442
1620,3516
29,174
2201,34
1849,4290
2719,992
2097,3503
1262,3371
2821,771
156,3108
1618,3311
2217,373
1189,3244
1189,4402
2406,3806
2239,3451
2396,2273
2716,4078
812,4509
2396,3751
2157,3221
2458,3001
1600,4315
2829,3650
1065,3745
1927,2828
1308,3445
1811,3343
526,3127
2210,2948
823,3673
2838,3683
837,2985
2781,3132
399,3316
715,4282
1486,4384
1697,3580
2592,425
2719,437
443,3964
476,1689
732,3993
1242,1204
2532,1167
513,4462
615,3175
651,4534
2730,140
1807,3079
1158,4305
1757,3386
912,4295
1573,4100
1381,4171
476,2941
2248,1622
2241,3547
1590,4570
722,3867
67,4542
1835,3849
1695,3258
661,3203
1529,3534
244,3174
830,3984
730,3146
1344,4484
2821,477
2461,4336
1482,3341
399,3061
2530,756
1612,3622
1590,4275
2674,2064
326,1401
2018,1580
1535,1689
909,3146
779,3888
1284,3242
819,3782
1264,4169
2503,4550
2480,4008
535,3619
251,4266
1467,3140
49,1708
1141,1167
1570,2472
2622,4212
253,4353
1592,4419
2848,3376
2157,4061
1573,2454
1046,4577
821,4018
1480,3705
2542,3217
2827,3080
2010,2464
957,4458
815,3378
726,4501
1734,3350
1158,108
661,4556
1416,2895
2230,3043
873,1536
732,3487
957,4414
201,3381
2776,3034
2637,3557
2228,3776
1827,3551
2542,3404
1027,3612
1427,3756
67,3696
726,3900
2246,3771
1258,4067
1596,3384
1623,3300
275,3273
1257,4238
2848,314
846,3876
2540,3514
537,3603
2705,3188
126,4054
730,2975
1429,4350
920,3768
75,4059
14,270
1250,3567
938,2974
2542,3609
557,3119
326,4351
540,3414
1067,1885
912,3420
2204,1333
1239,3288
1331,149
1396,4538
2188,1679
1163,4388
1300,4406
549,3345
1174,2949
2122,4313
916,3069
2805,3550
393,587
2840,3766
1168,4280
2476,2326
1608,2959
246,4152
2022,4203
2682,4448
2217,1687
726,4526
819,3887
2210,3661
1035,4321
911,3620
2588,3193
1414,3375
2778,4057
366,2941
916,2992
2406,3280
1424,4395
935,3823
2833,1931
2504,3765
490,3270
2722,3018
182,3987
2833,2968
2722,4246
2414,4385
1158,4472
2370,3493
2230,3582
1809,4137
918,2893
1340,368
1654,3094
2783,3593
1212,3337
1441,3172
2122,4056
53,1700
562,4310
815,4173
1630,4303
1811,3933
1608,4225
1604,2981
1048,91
2122,3417
674,3905
112,3489
1641,3357
1592,3608
244,4430
839,3011
203,3754
2831,4088
71,1051
2155,4035
2370,3265
557,4092
198,3193
2592,415
526,3189
2599,1681
443,447
1848,3190
611,3995
2500,3595
945,3183
516,2919
244,3289
1626,2938
2781,4222
825,3187
2637,3066
1434,3426
2238,380
537,2939
2122,4023
971,3026
661,3084
219,3971
873,1677
2012,4191
2255,3832
732,4304
2726,3004
1843,4090
1048,3195
2608,2881
2020,3226
2414,4033
2722,3223
2023,3824
1389,3677
1245,3320
2705,1324
817,3930
2476,2307
399,2892
1826,4230
2545,3430
2522,4026
241,3616
1385,4201
2724,4525
88,3982
2504,3881
2246,3255
1650,3627
526,3208
36,3485
65,4058
2450,3182
1391,3925
1596,3747
1695,3354
2228,4107
1592,3715
1994,3709
848,3750
160,795
943,3597
2542,3263
1770,3560
1632,3328
1623,3446
1604,4239
2217,3260
651,4320
2776,3790
1657,4461
2258,3302
2520,3572
83,3976
260,3399
1811,4179
53,3580
241,2560
2261,4098
1248,3890
2831,1759
241,4034
1027,4361
830,3568
2241,3644
943,4425
268,4540
1840,1132
2504,3523
1641,3835
1344,4475
1027,3831
2267,3225
1515,3299
2170,3237
1612,2954
2545,3277
779,3282
724,3628
244,3126
1772,3118
244,2904
819,3421
1604,4101
1547,1526
661,4446
977,1528
1424,4032
205,4391
1411,3228
907,3162
1174,4358
2584,3617
2590,3070
1770,3165
932,3257
1926,1484
2401,2943
907,4433
2095,4244
2594,4575
1840,1123
947,2970
1108,3934
726,3699
1308,4309
1416,4583
201,3928
2839,1348
2225,3315
361,2804
436,995
1926,4349
1772,3456
399,3070
2255,3104
1600,4487
1236,3040
2674,2055
1695,3643
249,3246
1994,3764
2724,3321
696,3585
2476,2332
1765,4127
1650,4332
909,4408
1268,2936
1455,1689
2533,3409
1292,4519
1497,313
1260,4262
1923,1554
1255,3472
828,3629
2504,3569
1646,3522
1184,3991
2170,3154
211,4168
911,4279
787,3091
2414,3774
1331,144
2248,3062
2257,3488
828,4553
2228,3550
2020,4027
109,3931
178,4196
401,3988
543,4109
67,3589
109,3489
75,4158
1184,3055
2245,4112
2122,3697
2774,4218
949,4517
243,3050
2225,3121
952,3871
2805,2229
246,2424
1387,3653
844,3053
1616,3816
88,3482
615,2994
839,3909
2027,3220
949,3402
2670,3278
543,3577
219,3401
1849,2955
1340,1680
205,3406
2230,3116
2071,2536
2476,2322
1904,3520
907,3137
513,4585
1025,3049
260,3682
938,3389
1398,4255
810,3166
1770,4075
1994,3056
1910,3276
2800,4471
1809,3189
911,4523
1845,3679
381,354
2018,3500
1576,3313
2720,3074
549,3176
1432,4511
366,875
1626,3000
1692,3147
1383,3713
828,2973
4,3954
1600,2990
1174,3854
2545,4213
674,3437
2530,4300
1445,4155
949,3431
69,3293
935,3970
654,4190
1255,4294
1073,3202
1052,354
622,3552
1181,3021
2588,3719
1025,3531
834,4068
1654,3395
1843,3120
846,3218
1158,3424
1807,3233
1387,3095
837,2991
165,789
508,1440
198,4337
156,3730
1608,4195
1141,373
2217,372
2848,2932
1383,3290
907,3199
1570,2460
690,4514
922,4131
2245,2930
2590,3037
935,4563
964,4215
1258,2971
1604,3262
1414,3013
492,3528
2836,2925
2550,4084
1149,4454
846,3178
2516,1868
2608,3690
1849,3172
83,3728
2622,3540
2724,3483
971,3030
2225,4099
873,369
947,3990
1143,129
2267,3870
260,3294
1436,4083
2093,3318
2408,3245
2480,3594
830,3157
2170,2807
1236,3362
927,4325
2697,3670
557,4081
1035,3361
1432,3169
1994,4470
848,4077
728,3498
2384,2577
2217,1678
1275,3003
1612,4513
2701,729
2516,1867
1594,4105
1398,4115
1923,1682
2340,3158
243,3363
1455,1678
1630,3129
2568,4559
2540,3279
2827,1931
1618,4281
1149,4350
1840,1129
2023,3974
2077,3937
1003,2490
2267,3204
12,4030
2255,4103
2838,4476
2700,2057
945,4113
2245,3459
476,1681
1550,3198
1424,3561
2370,2965
109,3674
83,3980
1626,3281
607,1940
1849,1442
2014,3449
173,30
2834,3275
1814,4543
971,3149
1284,3808
2495,3563
1436,3666
363,4360
766,2377
1273,3539
1614,3416
920,3802
2637,4411
815,3467
203,3224
1695,52
1573,2465
1843,3508
160,3425
112,3462
2795,3780
779,3492
540,3349
2218,1999
1845,542
830,3691
537,3233
2584,4183
1160,3068
2500,4148
492,3944
2018,3952
2783,3142
830,4451
262,3100
1387,3170
1596,4584
2534,3234
2504,3005
2188,369
1163,3982
1403,3499
1838,3252
905,3654
436,987
520,4547
2225,3369
1419,510
1393,3143
363,3368
1407,3877
1657,3046
2532,1678
873,1680
1604,4345
201,3647
241,2554
1646,3604
516,2978
837,2999
520,4090
779,2886
2674,2051
2703,1305
516,3333
2590,404
389,3564
241,3325
2500,1649
1535,1678
2540,3065
201,3720
94,4331
1409,4449
1181,2907
198,2980
1239,2879
2025,4097
1302,4108
1904,3927
2716,3555
1391,4061
918,3848
722,4456
2225,3664
253,3322
2550,2997
2450,3449
530,3343
2257,4189
1596,2920
912,4065
549,1839
2550,3115
201,4581
2230,3274
1025,3966
1300,3671
2157,3842
1304,3015
1576,3948
86,3631
211,4379
1793,4465
2540,3686
1176,3086
1168,3606
2068,39
1598,3999
932,4236
839,3248
740,2531
839,3839
1646,3529
914,4372
2230,3491
1614,3548
1236,2947
2404,3283
1424,4126
787,3886
1419,3543
1608,4062
526,3727
112,120
1497,3164
694,4355
406,3865
728,3388
730,3753
1414,3907
249,3117
734,4357
916,4328
178,3903
112,3411
2542,3319
2594,4580
2503,72
1403,3613
957,3846
524,3126
7,4329
2778,4001
1048,4188
2225,4522
734,4500
1434,3261
2168,4463
674,3692
1416,3783
2833,3767
2568,3942
1590,3969
2406,4474
71,4573
1807,3603
2122,4296
1724,4242
2831,2925
1646,4415
219,4123
924,3556
2719,998
2827,3044
366,1688
1515,4096
115,121
1416,4443
205,4341
1242,1199
1141,1679
549,3007
389,273
1391,3733
2545,3778
516,3063
65,4102
4,4354
1248,4323
201,3960
1755,739
1257,4025
1515,4010
2480,3941
2225,3945
83,3452
1065,3695
2610,3663
275,3962
1807,3008
18,3825
949,3102
1695,3611
1273,4064
1398,3721
1027,3152
2097,2094
1389,3914
1641,3308
249,3932
1242,3105
1405,3080
2071,3772
109,3097
2243,3479
366,1554
184,4527
971,3866
1636,3961
914,4572
1184,3012
211,3191
2700,2044
1616,2887
1576,4185
873,373
332,3879
2233,3885
1873,3605
1480,3324
1411,3344
1657,4066
2170,3142
943,4400
251,3478
1300,3372
740,3785
2450,3107
1304,3707
2795,3689
2020,3524
740,3502
562,3227
1570,3946
69,3438
720,3579
1409,4422
1304,4268
549,1847
957,4165
2839,3186
2248,3864
1518,4510
2243,4535
2027,3017
738,3326
873,3260
2016,3850
1416,4263
2257,4375
504,503
1757,2916
2255,2021
734,4120
1596,3864
2201,4151
722,3436
722,3769
1054,2900
173,2287
476,3260
2783,3546
2700,2053
1266,2960
2576,4399
1065,3250
1616,3731
1904,3405
2255,4016
2590,4365
2022,1326
1816,3763
1400,2963
1849,4529
2778,3296
526,1810
537,4204
1434,4322
1455,875
2839,3477
728,908
115,3213
401,3342
2500,3292
2016,4128
770,3260
1602,2502
1302,3415
2408,2933
1463,4226
844,3064
1600,4017
825,4301
2252,3704
246,3150
1110,4299
549,3511
1550,3496
178,3476
1260,3592
513,1823
1578,4049
2532,1554
2664,1014
2210,3272
2831,2837
557,1820
1250,3734
1535,1677
2075,2078
1578,3680
615,4087
2095,3532
1871,3180
2239,3868
1657,4426
2461,4582
530,4140
720,4491
932,3688
1968,3717
1184,3641
1416,3818
65,3025
1588,1856
1623,4258
94,1162
1811,4140
1067,1883
916,3155
1594,3537
651,3826
1623,4371
1606,4393
75,2961
2761,3413
651,3651
1840,1111
2550,4005
1166,1691
774,3412
492,3211
1340,1690
1451,4146
2155,4051
1445,3230
363,3591
1383,187
1166,370
1594,4483
1814,3504
907,3254
2520,3791
1027,3676
363,4076
2840,863
1067,1872
1212,3396
1476,3977
383,1522
1035,3167
88,3110
543,3397
2692,1681
774,159
622,4312
830,3542
1331,152
2594,3168
1046,2921
1257,4042
2771,3075
2241,4124
2010,4336
722,3893
812,3434
2532,1536
932,2880
1248,3387
938,2910
2233,2782
1189,4267
1814,4347
949,4156
1340,374
115,111
702,1937
2500,4277
2270,3111
1809,527
562,4394
86,4343
1184,4335
1853,3209
2157,1392
2590,3327
924,4441
1110,3583
649,3814
1632,3201
787,3817
649,3214
2550,3448
549,3757
366,1685
253,3267
1734,3565
1445,3862
1849,4392
1255,4567
2839,3655
2245,4516
909,4386
1264,4202
1268,2902
2776,3366
201,4136
2517,3336
1035,4381
2020,2256
1027,3090
2224,2223
2095,2098
1695,4116
1726,4178
1387,716
219,4163
1926,1509
1108,4048
249,3530
2568,3981
1578,3271
1757,3124
1250,3787
724,3457
65,3332
1393,3586
530,3760
2540,3455
1927,1406
1065,4260
389,4150
911,3579
1807,566
615,4110
1141,372
975,4276
94,2979
2338,2987
943,3819
2674,2045
728,3254
2075,4287
1535,1685
932,3809
1724,3351
2500,4207
2716,3286
1964,3923
651,3965
1174,4307
2517,3429
249,3297
817,3385
86,4317
1486,2900
2243,3847
927,4031
1926,2894
2020,3207
1596,2929
1770,3652
1497,3685
18,4571
1054,3752
1176,4293
1497,3968
1814,4457
476,1691
1608,4028
1048,3009
2540,3370
1149,1454
508,1420
2248,3718
244,4539
815,4428
848,3398
1838,4209
1067,3454
1535,1682
1816,4327
2783,4466
2730,138
1600,3379
2530,3659
1405,3317
1650,4507
2722,2913
2613,2717
1657,3994
1623,3869
2020,4396
1292,4306
198,3394
720,3636
178,4447
83,3703
562,4363
1035,4006
1308,3160
160,4182
1592,3901
2288,4157
2594,212
173,3301
1618,3130
825,3841
1752,2614
2580,3535
349,4079
1383,2024
2615,3672
115,3489
443,448
476,1682
88,4199
513,3440
947,3684
715,3095
823,4160
2122,3649
1923,1690
443,4508
1419,4364
1067,3915
2243,3587
1600,3599
476,1456
2267,3538
1067,1889
817,3222
1451,3764
196,195
932,2915
916,3891
243,3447
1783,4518
310,4586
1838,3101
49,3151
1602,3623
12,2945
1264,4452
1927,3044
1923,370
2795,4251
1108,3634
249,629
1110,4224
975,3916
909,3596
2668,3291
2198,1868
1273,4019
1923,875
2016,327
2839,3913
1403,3943
2188,370
349,3426
2726,3480
326,4401
975,3310
94,1159
649,3020
1393,2948
708,3786
1646,3185
661,4089
1163,4199
810,3975
112,3518
718,3321
1606,3136
243,3973
2776,3588
1557,3972
2520,3160
2408,4284
361,2815
1833,4134
2267,3348
848,4106
2590,405
2774,4438
165,2886
1636,3759
1618,3845
2476,2329
2714,3205
2506,4149
787,4532
1726,3512
1292,2883
