2154,1343
1482,1483
2408,247
828,829
2404,2405
156,157
455,460
1110,1114
2685,2686
1149,1150
1692,1693
2855,2875
1576,1577
2504,2505
1085,1100
2124,2148
2261,2282
494,495
2263,2266
2578,2579
2270,2271
2600,2601
530,531
2542,2543
1142,767
2783,2784
647,660
2384,2385
2039,2046
744,760
184,189
312,317
2380,2381
1724,1738
2604,2605
1158,1162
203,214
2124,2136
2608,2619
2476,2320
651,653
1166,374
1871,1878
1829,1830
2340,2354
2853,2854
1565,1566
654,664
2039,2057
1641,1642
1676,1554
2338,2368
2774,2226
1166,1167
2070,1063
2855,2864
1216,1224
883,884
1085,1093
357,360
2124,2147
33,34
2081,2082
1553,1554
885,898
2023,190
622,640
776,786
275,279
2124,2135
2767,2768
2615,2631
49,51
2545,2566
1873,1894
1855,1861
2550,2567
2340,2361
2039,2054
75,102
2855,2857
2246,2247
1216,1231
2028,2029
1268,1269
1871,1891
2068,2069
186,192
839,842
1391,1392
1763,1764
848,850
275,284
2124,2126
984,988
49,52
115,120
1486,1487
2510,2511
562,563
834,835
1855,1858
2610,2611
1189,1207
1163,1164
2643,2644
94,108
853,857
508,510
1837,174
1728,1747
2170,2173
825,826
1216,1222
1017,1018
1344,1350
1871,1896
1734,1741
2540,2551
2843,860
2027,1453
1264,1297
2338,2342
2122,2123
446,448
2230,2231
182,183
1789,1790
2813,2814
2833,1406
2522,2524
722,723
615,639
1822,1823
2763,2766
1947,1957
1567,30
1855,1867
2408,2424
2534,2536
885,891
2643,2653
2340,2351
1176,1179
853,866
984,442
2305,2318
2680,2681
389,281
4,24
1480,1509
2189,2191
2615,2621
1478,1502
1001,1002
543,571
2100,2118
947,948
1527,1528
1835,1836
2461,2469
787,799
557,558
1013,1014
821,822
2408,2431
69,78
2643,2658
2305,2311
1539,1540
71,72
1359,1360
2771,2793
2100,2105
1676,1691
63,105
2622,2633
406,421
401,418
1416,1417
2440,2441
2615,2618
2338,2360
2540,2570
1396,1426
543,544
2495,2496
198,228
2668,2669
326,330
787,804
1212,1219
647,677
657,685
88,107
332,348
1163,89
2023,2024
2674,2058
2414,2417
366,369
1695,1703
1468,1469
1604,1605
2482,133
2492,2493
649,650
2697,2698
1676,1682
194,195
690,691
2731,2741
1555,1556
484,30
2608,2630
455,474
1054,1059
2731,2754
272,290
2373,1080
1488,1506
377,378
1432,1433
2233,2234
2538,2548
524,555
135,145
1331,141
2299,2300
1275,1276
1403,1404
379,380
1676,372
332,347
957,958
2724,2725
2258,2277
2305,2321
1695,1708
878,879
914,915
1630,1631
1902,1903
1108,1135
1393,1394
1936,1937
2225,2226
1620,1621
1964,1965
455,467
535,547
1171,1078
2670,2165
272,281
1827,1828
2406,2416
135,142
1212,1233
1796,1797
260,261
2039,2045
2637,2639
312,314
661,680
1676,371
169,170
361,362
332,338
1724,1743
1650,1651
2674,2675
1385,1386
1361,1366
2124,2141
1968,1973
363,364
1776,1777
173,174
2340,2359
2039,2060
455,456
2855,2871
1411,1412
2177,1919
2588,2597
2124,2144
2542,2547
611,631
2406,2411
406,410
1831,699
1331,155
740,761
613,629
2039,2042
885,901
1184,1192
65,66
2124,2132
810,836
1260,1261
2836,2837
2442,1005
219,220
2671,2672
2550,2560
2267,2268
2039,2053
389,298
1604,1638
2855,2860
823,841
1085,1089
611,636
1947,1951
1427,1428
1796,1803
1676,1167
2010,2011
275,283
2124,2131
1048,1049
1816,1817
1419,1440
2008,2009
2615,2627
2840,2841
1947,1963
1873,1882
158,164
649,678
851,862
1302,1310
1855,1857
1871,1883
2020,2021
853,860
984,997
2406,254
2217,874
2170,2174
1618,1619
1110,1128
2018,2019
1728,1744
1344,1347
1791,1792
520,548
480,481
1824,1825
2528,2529
2016,2017
1726,1742
909,974
740,751
1245,1247
744,746
543,561
1945,1946
776,797
1692,283
2550,2556
520,528
1275,1289
1947,1952
2781,2790
2476,2306
2396,2399
911,930
622,638
851,871
2408,2421
885,894
2643,2648
2305,2313
581,597
984,439
1695,1716
1143,1144
1451,1452
1110,1123
2100,2103
516,552
2613,2614
2805,2806
2458,2463
1809,1813
1482,1492
1260,1296
451,452
266,267
502,503
1304,1306
2584,2586
1873,1876
522,533
1594,1643
205,233
1257,723
201,217
2340,2347
2,26
581,606
1537,1538
2450,2455
1273,1291
1978,1979
71,79
2039,2064
2305,2306
2100,2110
952,953
2099,1474
2587,2596
2731,2747
239,240
1636,1662
1907,1909
1396,1431
1260,1295
2338,2365
88,92
1988,1989
964,965
198,225
2157,2159
60,61
1675,483
275,302
2100,2114
2876,2877
109,111
272,296
530,551
1986,1987
787,803
1697,1707
1035,1036
1584,1585
1984,1985
1772,1775
1174,1187
2534,2535
2643,2662
2305,2331
366,370
1695,1722
2482,134
916,969
1108,1125
522,576
2731,2736
401,422
1994,1995
1436,1437
1636,1637
2338,2356
455,473
2838,1417
2731,2753
2014,2015
478,479
272,303
1570,1571
2834,2835
2526,2527
2406,2426
1871,1072
615,617
436,442
774,775
812,813
180,181
1236,1237
2228,2229
2004,2005
332,344
1923,373
2073,2074
1361,1368
2258,2278
2305,2332
366,373
2075,2076
2194,2196
1602,1649
2776,2804
516,517
513,1421
2077,2078
1532,1533
611,641
2389,2391
406,432
1529,1531
654,655
1266,1267
779,789
1604,1653
2687,1790
455,470
1003,1004
1463,1464
2731,2758
272,294
1467,1076
708,710
2406,2429
1461,1462
2538,2544
949,950
399,405
135,141
1236,1244
332,343
1724,1740
2255,2256
2831,2832
1848,351
1968,1970
581,585
2305,2325
1814,1815
1770,1771
651,663
1478,1479
455,463
1692,1694
2778,2810
268,269
2204,2206
1780,1781
1594,1595
1110,1115
272,285
2124,2149
135,138
2384,2386
2039,2041
312,318
1676,367
2124,2137
713,714
2761,2762
1982,1983
446,447
2545,2572
49,57
1602,1603
1108,1138
562,574
651,652
851,852
1027,1029
2394,2395
2726,2727
2340,2355
853,854
94,99
2297,2298
249,250
2404,2413
2855,2867
938,942
2774,2227
2289,172
1676,1341
1871,1893
1083,1084
399,411
726,727
2378,2379
2602,2603
2774,2775
740,741
2301,2302
885,897
1308,1309
1796,1800
2257,2013
1300,1323
2613,2632
2705,2708
1724,1730
1838,1839
2258,2259
275,278
2124,2128
1472,1475
49,50
817,818
241,242
1393,1413
2097,2098
851,861
1612,1664
1855,1860
485,487
2168,2169
2340,2362
393,395
984,994
47,48
943,944
2855,2856
2771,2773
2095,2096
1829,773
186,193
2461,2462
1734,1739
1916,1917
124,125
2180,2181
1156,1157
2089,2090
1065,1066
740,748
126,127
1154,1155
613,634
160,163
43,44
2091,2092
201,231
2160,2161
112,113
2124,2127
1409,1443
275,287
1550,1552
984,989
237,238
45,46
1525,1526
2093,2094
1873,1886
1308,1320
622,635
2643,2647
393,396
853,856
2166,2167
2516,1859
2294,1786
1344,1351
2070,37
2079,2080
2776,362
31,32
2338,2343
744,750
535,542
186,187
876,877
109,121
1172,1173
1692,279
1573,1575
2532,1680
1616,1665
524,575
787,793
1757,1762
1947,1956
1212,1230
1308,1319
1676,771
2534,2537
885,890
2643,2652
2340,2344
700,701
2305,2317
2450,2456
1212,1213
1695,1712
581,593
905,906
1304,1315
1110,1127
178,179
846,847
649,671
2099,1473
1943,1944
977,978
406,419
2458,2459
1990,1992
2453,2454
1941,1942
613,620
2189,2190
543,570
2100,2119
198,226
109,114
1480,1490
1938,1788
2642,1011
520,539
498,30
1871,1070
1787,1788
2781,2811
1067,1072
647,687
2212,2213
809,168
657,683
69,77
2643,2661
2728,2729
1361,1378
1352,1353
2,22
2450,2451
581,602
1646,1647
94,95
2248,2249
2305,2310
366,367
383,384
537,566
1304,1322
2100,2106
513,568
1676,1684
2682,2683
1414,1415
1654,1659
2731,2751
1994,1996
504,505
198,229
272,300
2610,2634
947,956
326,331
135,155
787,807
981,983
1697,1711
526,527
1038,1039
1010,1011
2574,2575
1361,1371
823,824
366,374
496,497
1273,733
1248,1294
1108,1121
1676,1683
1845,547
2731,2740
211,215
2759,2760
711,712
779,784
2338,2352
455,469
2582,2583
1618,1644
2666,2667
2731,2757
1054,1056
203,227
2528,754
2406,2430
2568,2569
488,489
2538,2549
135,144
740,756
449,450
1676,373
2497,2498
1189,1194
1361,1372
2674,2050
2170,2176
581,588
2305,2320
2545,2558
526,546
2731,2733
401,403
1964,1966
2453,2465
244,255
1482,1485
2071,34
1559,1560
2263,2264
135,137
1626,1627
1796,1798
740,755
1383,193
2228,2232
2637,2638
2039,2044
744,758
332,339
2520,2521
1752,1753
1361,1365
1968,1974
2124,2142
2608,2617
2776,2815
1657,1668
1853,1854
947,967
2606,2607
2503,80
243,204
1604,1656
2039,2063
455,459
2855,2870
911,721
1488,1489
1568,1569
272,273
1085,1095
2124,2145
1518,1520
2512,2513
1331,154
1757,1759
399,414
1796,1805
1400,1401
613,628
885,900
1184,1193
815,816
2258,2260
275,277
2124,2133
2615,2629
165,166
907,959
2855,2868
1871,1885
2489,2491
766,767
258,259
2530,748
2340,2367
2550,2561
375,376
2688,2689
2039,2052
1216,1229
1085,1088
1871,1889
1947,1950
1726,1732
654,681
839,840
647,648
2695,2696
776,791
1422,1438
275,282
984,986
1160,1161
2184,2185
1947,1962
115,118
2522,1834
1855,1856
2239,2240
613,644
1482,1510
1592,1593
2170,2175
2224,1782
4,23
1216,1220
1344,1348
611,612
401,434
31,39
2070,2072
1596,1597
1245,1246
613,614
2500,2501
1381,1382
1692,276
1102,1103
275,291
1275,1288
787,788
979,980
1547,1548
1811,1812
2480,2481
2763,2764
1947,1955
2769,2770
1600,1601
1855,1865
2709,2710
661,662
1822,514
1189,1202
2643,2651
1422,1453
1176,1177
1657,1658
2305,2312
581,596
853,868
1147,1148
1110,1120
1926,1490
1590,1591
2622,2624
611,621
2716,2717
401,427
2458,2460
1448,1449
1608,1609
1482,1493
2338,2339
18,19
734,735
543,569
1042,1043
2100,2116
945,946
1168,1169
2720,2721
1062,1064
724,725
1612,1613
436,437
1486,1499
1302,1321
2643,2656
201,216
65,96
2210,1413
581,605
2718,1830
2039,2067
2842,500
4,5
2700,2042
2100,2111
1108,1119
1676,1689
2682,2684
2731,2746
401,428
1176,1196
2155,2156
2615,2616
1079,1080
1478,1491
1904,1649
60,62
2100,2115
109,110
2157,2158
1085,1087
2528,760
1252,1271
2700,2052
1697,1706
1302,1312
1584,1586
2022,1321
2258,2284
2414,2419
581,582
1695,1701
1108,1126
1676,1680
2198,1867
1676,874
1176,1203
1990,1991
58,59
244,245
1044,1045
2292,2293
2338,2357
455,472
40,42
272,288
1480,1501
2829,2845
615,616
135,151
2700,2051
246,256
1250,1287
1697,1699
661,673
332,345
1163,92
1361,1375
201,202
2258,2279
581,591
1726,1727
1998,1999
1814,1821
702,703
2305,2323
2194,2197
2387,2388
907,908
4,11
1676,1679
1873,1066
205,206
2389,2390
389,391
1337,1338
1636,1645
2453,2468
455,465
2406,2418
810,811
2006,2007
2568,2573
2012,2013
36,37
399,404
1252,1253
2637,2641
2846,2847
1250,1251
1300,1318
1676,369
2222,2223
1968,1971
2340,2369
511,512
581,584
2305,2324
1329,1330
2545,2546
905,929
1108,1140
244,257
1676,1456
2550,2571
1455,1456
2215,2216
779,781
455,462
2855,2869
1780,1782
1616,1663
1181,1182
1085,1098
357,365
2124,2150
1833,1834
2025,2026
2690,2691
2783,2786
885,903
1015,1016
2599,1341
312,319
1174,1205
657,658
1300,1325
1459,1460
2705,2706
332,335
2483,2484
2124,2138
2499,501
241,248
774,802
1108,1139
851,855
1871,1872
2243,2244
2703,2704
2340,2364
1910,1911
654,670
1541,1542
2039,2059
2855,2866
1606,1635
1216,1226
1765,501
1871,1892
2406,2412
1398,1418
406,415
1947,1949
654,682
1796,1801
740,742
885,896
1822,2844
873,875
2124,2129
2608,2612
1947,1961
999,1000
2476,2313
1899,1901
1855,1863
1871,1881
349,350
485,486
1980,1981
885,887
2340,2363
2,10
1673,1674
984,995
830,831
2039,2048
2855,2859
4,20
1110,1130
1623,1624
320,321
688,689
1216,1217
1344,1345
945,968
132,134
1840,1841
2406,2407
1557,1558
1726,1736
927,954
2338,2349
776,795
1181,1188
1838,1847
1920,1922
275,286
530,567
776,163
1252,1299
2503,1051
851,869
1855,1868
674,675
2722,2723
2643,2646
1927,1931
2305,2315
581,599
1424,1425
1632,1633
1728,1749
2170,2171
122,123
1110,1133
1108,1109
1588,1589
2508,2509
513,1444
520,553
406,425
31,35
1482,1494
2851,2852
1239,1241
1724,1745
764,765
772,773
1573,1574
2085,2086
275,295
1757,1761
1947,1959
2700,2066
1934,1935
2162,2163
1523,1524
768,769
1264,1265
885,889
2257,2280
2800,2801
1212,1214
853,864
2305,2316
1012,181
2643,2655
2408,256
1630,1640
535,578
2700,2047
2449,1005
2731,2745
387,388
406,416
401,431
918,919
1046,1047
1478,1500
1411,1450
2100,2112
776,777
2824,2825
787,801
1807,1818
2212,2214
1174,1197
12,13
1300,1301
1772,1773
2036,2037
2288,701
1361,1377
581,601
2305,2309
1266,1286
71,74
2100,2107
2676,176
2731,2750
2608,2625
1482,1496
779,794
2003,1474
2610,2635
1939,1940
2261,2265
1062,1063
326,328
135,154
436,440
651,672
1302,1316
920,941
1361,1370
1968,1977
2414,2423
2370,2372
1793,1795
1052,1053
2588,2589
651,668
2731,2743
2590,2591
482,483
1106,1107
518,529
2453,2471
2338,2353
2576,2577
455,468
720,721
2731,2756
2193,1353
198,221
272,292
1488,1508
357,359
1331,143
744,752
935,936
1676,374
2711,2713
1361,1363
581,587
1445,1446
2305,2327
1695,1710
1602,1610
819,820
1407,1439
1075,1076
2731,2732
1904,1905
401,402
1964,1967
128,129
1077,1078
53,54
1149,1151
455,461
2855,2872
2204,1334
2406,2422
1751,172
135,136
399,400
2447,2448
2783,2785
1697,1720
522,523
2039,2047
1848,1852
184,188
1300,1314
312,316
1752,1754
1361,1364
1968,1975
399,420
918,960
1108,1136
513,514
526,554
1932,1933
2164,2165
2039,2062
2730,149
2855,2865
272,274
1085,1094
2124,2146
2550,248
1486,1061
399,409
1757,1758
2781,2782
1796,1806
1697,1713
885,899
75,90
2622,2623
1598,1599
203,204
2124,2134
275,276
1472,1473
2401,2402
2608,2609
1766,1767
1873,1895
834,843
851,859
2489,2490
1027,1032
2530,749
1465,1466
219,222
984,992
2039,2055
524,579
2855,2862
938,939
381,382
924,925
1405,1406
1871,1888
2120,2121
2540,2559
2286,2287
916,934
2774,2792
522,573
848,849
1457,1458
160,161
1158,1159
262,263
1692,286
762,763
1914,1915
2182,2183
1048,1051
1816,1819
2124,2125
399,426
537,538
1174,1180
1592,1611
1855,1859
1563,1564
674,676
1163,1165
2643,2645
508,509
71,91
1728,1746
2170,2172
1216,1221
513,1447
1515,1516
401,433
2520,1311
1809,1810
1065,1069
2338,2345
2485,2486
399,435
1947,1954
1212,1228
1807,1808
1308,1317
1174,1175
1302,1303
12,27
1855,1864
69,70
837,838
885,892
2643,2650
2340,2350
1176,1178
2305,2319
984,441
2406,2435
581,595
2201,2203
71,80
2039,2040
86,97
1429,1454
2241,2242
2494,1967
492,493
2540,2541
2580,2581
2252,1644
2189,2192
1260,1298
2100,2117
1168,1170
275,299
436,438
1212,1227
1174,1198
1302,1326
306,307
1470,1471
581,604
1419,1420
2443,2444
2039,2066
1602,1661
2842,501
730,731
2778,2779
1108,1112
1676,1690
349,352
2587,2598
1081,1082
1273,1274
2003,1473
543,545
2778,2799
1184,1206
1578,1579
694,695
2610,2636
272,298
63,82
581,395
2270,2281
476,477
1843,539
615,626
2458,2472
2414,2433
738,739
158,159
1697,1705
2334,2335
1840,1113
661,679
657,686
2458,1580
205,224
1073,1074
2238,181
1602,1652
1304,1327
2697,2699
1676,1681
2198,1864
1676,875
1393,1402
1831,1832
2250,1662
779,798
455,475
1054,1058
7,25
2731,2755
1918,1919
2178,2179
130,131
615,619
1067,1068
1783,1784
1697,1698
332,346
1361,1374
581,590
2305,2322
1535,374
67,103
1248,1283
1393,1395
1654,1655
611,643
69,101
2225,2227
389,390
211,218
2453,2467
455,464
1054,1061
1695,57
272,280
63,64
203,230
2124,2152
385,386
326,327
135,143
36,38
698,699
1212,1232
1697,1723
2637,2640
184,185
312,313
1676,370
1361,1367
1968,1972
2124,2140
499,501
2525,1330
324,325
1724,1725
2236,2237
706,707
1342,1343
2039,2061
971,972
2827,2828
779,780
455,457
304,305
609,610
1110,1113
1616,1648
1434,1435
1262,1279
922,923
198,200
2701,2702
2829,2830
2124,2151
2406,2410
1480,1484
1429,1430
2538,2553
815,833
2783,2797
1257,1278
885,902
1724,1733
2250,2251
310,311
2124,2139
905,937
1873,1890
622,623
2210,2211
562,572
2610,2620
2703,2707
1027,1031
1407,1408
2267,2269
2671,2673
1104,1105
2550,2563
1697,54
506,507
2039,2058
2068,35
2220,2221
1332,1333
75,98
2855,2861
1734,1750
406,412
1947,1948
1796,1802
1308,1311
1697,1717
932,966
2517,2519
873,874
2124,2130
1550,1551
14,15
2034,2035
115,116
1899,1900
2795,2796
443,445
1008,1009
2032,2033
1855,1862
1871,1880
2286,30
885,886
2821,369
2533,1063
94,104
2217,875
905,926
2855,2858
1110,1131
649,659
7,8
1216,1218
1344,1346
490,491
406,407
2538,2539
2540,2555
1726,1737
1046,1050
613,632
885,904
1768,1769
156,162
744,745
186,190
776,796
957,963
1838,1844
275,289
1947,1953
2396,2398
911,931
622,633
943,970
885,895
1927,1930
581,598
984,438
2305,2314
1482,1507
1632,1634
63,100
406,430
1482,1495
18,21
1239,1240
75,76
938,962
109,119
2522,2523
2188,1536
2270,2275
2261,2262
1947,1958
728,729
1873,1877
1304,1305
2584,2585
2776,2777
1308,1313
2245,1627
1174,1195
2408,2427
2643,2654
2340,2346
2217,1677
2305,2307
1212,1215
770,373
2778,2780
1108,1117
2100,2109
649,669
825,832
2514,2515
2099,1475
1486,1505
2449,1004
2731,2744
406,417
2303,2304
2000,2001
1354,1356
776,778
1912,1913
810,827
2461,2466
524,560
787,800
2414,2434
774,783
175,176
2087,2088
1035,1037
1245,1254
1174,1186
1772,1774
1826,1330
1189,1190
2643,2663
2257,2272
2674,2062
853,872
2305,2308
770,771
537,564
2396,2400
1108,1124
171,172
1676,1686
63,106
1441,1442
2731,2737
401,423
1176,1201
2608,2626
2719,985
2819,2820
1671,1672
326,329
1331,137
246,247
436,441
2693,2694
1697,1709
1669,1670
2408,2409
1361,1369
366,372
2305,2333
1535,373
1695,1696
1025,1026
1793,1794
1248,1280
4,9
1606,1607
1396,1397
1676,1677
205,208
518,534
355,356
1379,1380
455,471
1003,1005
2778,2802
272,293
1476,1477
357,358
949,951
135,146
1331,142
2781,2816
2839,1347
1993,1053
1697,1702
744,753
661,684
2711,2712
332,342
2848,316
1968,1969
203,209
581,586
2305,2326
397,398
2445,2446
2771,2808
2392,2393
1383,190
2731,2735
880,882
2404,2432
