1459,3359
1588,1868
211,3729
2714,3875
2340,4369
1478,3544
2252,3432
2613,1754
88,3741
649,2977
844,4193
2212,4488
1344,3206
2550,4274
1455,477
2592,2885
1596,3022
132,3285
2522,4015
730,910
715,2884
243,4403
1391,3956
661,4129
2093,3503
2245,3122
1849,3910
1455,1536
2730,146
1809,4533
971,4186
2821,1167
268,3505
211,3171
853,3173
1436,3463
1396,4273
2538,3714
2497,4536
2243,4217
201,4206
258,3401
1997,1689
1257,3177
1258,3515
112,121
1062,3409
2538,3036
1268,3662
1156,4000
924,4261
615,4515
2592,410
846,3570
205,3983
1997,1456
67,3742
2520,3855
1046,4548
2534,34
2212,3702
1848,3958
2836,2916
732,3788
2795,4524
1054,3896
819,3669
1809,3507
1994,4362
535,3197
2408,3093
2503,3844
2827,3767
810,3861
1407,3451
1997,1682
1612,3921
1455,370
964,2914
964,3391
1480,4560
522,3712
2458,3952
1537,3135
2545,4200
112,4208
1630,4506
918,3736
1414,3837
1614,4382
2722,4437
253,3338
484,174
647,2962
2821,1688
2599,1683
1608,4318
1385,4464
2530,741
332,4407
2198,1589
1793,4418
211,3474
848,4139
1848,4177
2516,1858
657,4029
920,4368
1480,4000
518,4170
160,2993
2373,4271
2020,3832
1400,2017
1042,2911
2068,3087
520,3642
2831,3386
1166,2941
2408,4248
1411,4377
2453,4117
2610,3660
728,3484
1046,4047
848,3010
112,119
1816,3738
911,4445
2700,2064
1106,4479
2594,3834
911,3724
927,4413
943,3256
1181,3615
927,3792
249,614
2831,3882
2010,4229
1065,1887
1923,1680
1239,3099
1920,4041
1149,4111
674,3067
613,3016
203,3050
1181,4072
4,4040
49,1716
718,3873
732,4064
112,110
2,4504
160,3838
2239,1408
1833,3096
1245,3929
312,2932
1843,3775
918,3266
1553,874
810,3820
1340,1678
158,3486
920,4289
1641,3858
1914,3216
957,4164
935,2966
29,2287
1158,4398
251,3392
905,3131
1181,3465
2503,3161
2778,4159
1809,546
916,4298
251,3978
1486,3471
2188,477
2414,3042
2692,1536
1268,3853
2568,3598
2155,4228
2504,3949
1262,3749
178,4495
2774,3664
927,3633
2522,4552
1166,1678
1260,3306
1776,2001
1262,4138
1964,3758
399,3959
2270,4227
830,3828
1600,3059
1407,3470
535,4125
916,2909
2198,1865
1389,3271
2831,4009
363,3481
1616,3693
2783,2175
251,4256
949,2944
674,3113
2827,3525
36,4004
1692,3273
326,4128
2450,3313
2622,2898
49,3611
1242,3795
2408,3418
779,3334
1391,3212
1166,1681
2834,3811
1432,3804
1242,2903
2592,3054
1434,3190
67,3614
211,4069
2016,4588
776,4233
1772,3908
2248,4316
65,3805
2199,2918
1602,3781
201,2957
1212,3076
186,3290
2023,3713
2703,1315
1497,319
1174,3600
1608,3231
1816,3119
611,4082
2212,4569
1636,3458
907,729
249,3740
2500,1610
613,3711
1255,3701
2188,1678
1811,3078
1062,38
2340,4022
1158,4141
1612,4555
622,3133
1576,3107
622,4144
1590,4045
1166,371
1424,3464
258,222
2843,3852
1216,3506
2489,1005
844,4420
2027,3951
2233,2998
219,3744
1822,2927
268,3232
1340,2941
905,3779
2697,3011
389,4530
508,3510
1596,3062
349,4086
357,3156
2212,2912
2781,2950
2838,2964
244,579
2613,3259
366,1683
1168,1437
2821,1682
63,3793
1248,4492
1184,4390
975,4531
1515,4435
1160,4367
1650,4055
1695,4235
2243,3737
622,3088
1189,3307
2615,2519
2520,4270
837,4340
1405,3148
2504,3184
1997,1685
2504,3501
744,2967
1300,3519
945,3103
1604,2906
366,1690
2840,4216
1292,4444
1927,3080
1387,4326
971,3047
1352,3640
1598,4416
611,3360
1262,3801
2730,153
2018,3946
722,3495
2795,4512
2588,4308
115,3097
83,3052
65,3836
815,4050
1398,3082
1623,3821
361,3366
156,3494
115,3462
1434,4410
1997,1678
971,3554
2506,4198
949,4252
2252,4281
513,2927
2034,1670
1250,3331
2776,3298
158,3678
657,3735
112,116
2613,3794
2613,4147
1239,1203
2726,3940
1268,3235
492,4250
1871,3006
2258,4561
1576,2452
389,3630
363,3895
774,3607
2396,4122
2299,3135
2724,4093
2406,3268
1478,2921
1054,3471
2831,3124
611,4311
1553,1536
2022,3892
158,785
201,3089
728,4342
2584,3051
649,4013
615,4259
1632,4192
1608,3723
1266,3077
1620,4180
1403,4551
246,3305
1025,4412
823,2988
1396,3986
160,4233
1245,3856
2540,3656
2212,4011
1632,3419
178,4557
2730,139
1292,3950
2225,2952
947,3367
1389,4292
2097,4244
2781,2937
1594,4429
945,4187
524,3784
535,2969
524,3490
406,3833
516,4457
945,4007
2795,3874
1697,3035
1432,4453
1521,384
2532,1690
2155,4023
779,3610
2700,2059
2761,479
2250,3031
1046,4319
476,1683
53,1721
1594,4285
2255,4181
943,4286
834,2891
1396,3393
2480,4060
2014,2972
909,3602
726,3400
1242,3601
94,3038
1695,2878
724,4175
1001,4249
2228,3963
2188,372
649,3918
530,4012
1578,3249
674,3698
1158,104
484,3301
774,3071
1840,1122
762,2696
268,4383
2720,4389
262,4333
160,3427
177,2287
2839,1349
1216,3797
1242,3796
2263,3967
2408,3884
2170,4439
1302,4172
112,3138
2261,2888
722,4359
186,2024
1997,3260
779,4481
1284,4503
1570,3468
520,3815
809,3346
1260,3997
2500,1652
839,3799
537,2896
1809,3475
219,3380
1614,2928
1422,4574
2836,4088
1407,4339
846,4356
246,3536
1385,4489
1160,4297
2783,2171
1110,1842
1588,1862
1040,4404
2718,3571
2225,4442
1932,4387
513,3253
817,4243
1657,4211
1075,3140
873,1686
2550,3743
2267,3558
198,3639
1257,3761
1166,1685
1676,368
2542,2953
251,4482
2848,317
651,4467
2674,2049
393,583
1998,2219
249,2897
2414,3902
2228,4020
1429,2946
762,2179
949,3497
518,3060
1923,1456
1409,3648
1248,4003
2730,138
2703,1327
1535,874
1657,2940
2697,3906
943,3860
71,3195
246,3884
1065,1890
1264,2882
262,3722
205,3238
1258,2901
823,3936
724,4486
2701,3112
406,3453
1726,3920
2261,4549
1189,3040
249,3843
975,4240
2622,3192
1654,4480
167,4253
1873,4497
2701,4544
2705,2707
2848,1498
1414,3240
1284,4485
1409,3725
720,931
520,3339
2212,3153
2239,3024
1838,3757
2027,4576
1843,3746
657,3545
1174,3083
526,3798
1596,4133
2805,4020
2217,1684
2338,3410
203,3106
243,209
508,3897
661,3236
2833,2828
1871,3657
1441,3019
1245,2982
1608,3939
1027,2924
2248,3917
1455,372
740,3407
1393,3041
1757,3830
828,3840
2246,4214
2827,4143
241,3309
2243,3665
2450,4254
2401,1921
2016,3553
115,114
109,3383
981,3002
654,2942
1260,4205
2336,3123
516,3460
2615,3336
1308,3791
535,4245
2500,3382
1480,2983
2503,74
246,2421
1553,367
1436,4280
1630,3573
526,3475
1252,3058
2252,3130
2370,3829
1997,1681
1620,3516
29,174
2201,34
2719,992
2178,763
2097,3503
1262,3371
502,505
156,3108
1618,3311
1189,3244
1189,4402
2599,1682
2406,3806
2396,2273
2716,4078
1570,4130
812,4509
2396,3751
909,2975
2157,3221
1600,4315
1065,3745
1927,2828
1845,4125
1308,3445
1811,3343
2012,4589
2210,2948
823,3673
837,2985
2781,3132
399,3316
109,3462
2261,4073
715,4282
1697,3580
2719,437
443,3964
476,1689
732,3993
1400,329
651,4427
1242,1204
2532,1167
615,3175
651,4534
1807,3079
1445,3617
1158,4305
912,4295
1573,4100
361,3790
1381,4171
476,2941
272,3710
2241,3547
1590,4570
722,3867
67,4542
272,392
1835,3849
1695,3258
1654,4338
244,3174
830,3984
730,3146
2230,4257
2821,477
2461,4336
2020,3526
1482,3341
399,3061
1590,4275
2674,2064
326,1401
2018,1580
2243,3046
1535,1689
1337,3125
909,3146
819,3782
1264,4169
2503,4550
2480,4008
1646,4455
535,3619
1467,3140
49,1708
175,3428
912,4038
1141,1167
1570,2472
1592,4419
2848,3376
2157,4061
1573,2454
2449,4154
1630,3635
1046,4577
1480,3705
2542,3217
2827,3080
1300,4468
957,4458
815,3378
726,4501
1158,108
661,4556
1416,2895
18,4074
2230,3043
1592,4478
873,1536
957,4414
201,3381
1258,4397
2776,3034
2228,3776
1827,3551
1027,3612
1427,3756
873,1681
67,3696
726,3900
1258,4067
557,3509
219,4502
1596,3384
1623,3300
2848,314
846,3876
2540,3514
537,3603
2671,4469
1535,368
2705,3188
126,4054
730,2975
75,4059
14,270
1250,3567
2720,4545
2188,367
938,2974
557,3119
326,4351
1067,1885
912,3420
2204,1333
1025,1404
1676,3260
1239,3288
1331,149
2188,1679
1163,4388
549,3345
611,3562
1174,2949
916,3069
2805,3550
530,4070
393,587
2840,3766
2476,2326
1608,2959
205,4566
2252,3311
246,4152
2022,4203
2217,1687
726,4526
2210,3661
1035,4321
389,288
911,3620
2012,4314
2588,3193
2778,4057
366,2941
916,2992
198,4302
1424,4395
1480,4440
935,3823
2833,1931
2504,3765
2338,4052
2722,3018
182,3987
2722,4246
1158,4472
2370,3493
2230,3582
1853,4498
772,1830
918,2893
1340,368
1654,3094
1212,3337
1441,3172
657,3637
53,1700
2122,4056
1424,3314
562,4310
815,4173
1608,4225
1604,2981
1048,91
2250,4231
1400,3919
2122,3417
112,3489
1592,3608
244,4430
839,3011
203,3754
357,3812
2831,4088
2834,3899
2155,4035
557,4092
198,3193
2592,415
526,3189
952,3340
1809,3127
2599,1681
443,447
611,3995
945,3183
516,2919
1873,3955
244,3289
1292,2926
1626,2938
825,3187
2637,3066
1434,3426
726,3364
537,2939
2122,4023
971,3026
219,3971
1997,373
873,1677
2012,4191
1997,1677
732,4304
2726,3004
88,3014
1843,4090
1048,3195
2020,3226
2414,4033
2023,3824
1389,3677
69,3541
1245,3320
817,3930
1422,3017
2476,2307
1826,4230
2545,3430
2813,4541
2522,4026
241,3616
1292,4166
1385,4201
88,3982
2246,3255
1046,1479
1650,3627
526,3208
36,3485
1590,4436
2450,3182
1596,3747
1695,3354
2228,4107
1592,3715
1448,3090
1108,3219
1994,3709
848,3750
160,795
943,3597
2542,3263
1623,3446
1245,3092
312,3376
1604,4239
2217,3260
2776,3790
2258,3302
1427,3159
2520,3572
260,3399
1811,4179
828,4043
53,3580
2261,4098
1248,3890
2831,1759
241,4034
2217,2941
1027,4361
557,3229
830,3568
943,4425
268,4540
2805,4494
2504,3523
1641,3835
1027,3831
581,396
2267,3225
2170,3237
1612,2954
2545,3277
779,3282
2805,4562
516,2908
724,3628
244,3126
244,2904
819,3421
2687,1007
1547,1526
661,4446
977,1528
1424,4032
205,4391
86,4210
834,4044
1174,4358
2584,3617
1411,3228
1770,3165
361,3352
2590,3070
2401,2943
2188,373
907,4433
2095,4244
1840,1123
1108,3934
726,3699
1308,4309
2545,4118
1255,2986
1416,4583
201,3928
361,2804
436,995
1926,4349
1772,3456
2833,4234
1811,3857
399,3070
1600,4487
1236,3040
2674,2055
1598,3275
249,3246
1994,3764
696,3585
2476,2332
715,3911
1765,4127
1650,4332
909,4408
1641,3668
1268,2936
1292,4519
1497,313
1260,4262
1181,3179
945,3957
1923,1554
828,3629
2504,3569
1184,3991
2170,3154
2480,4167
211,4168
911,4279
2414,3774
1993,354
2248,3062
2257,3488
1434,3958
828,4553
2228,3550
2020,4027
109,3931
2590,4104
178,4196
543,4109
2530,3355
109,3489
75,4158
1184,3055
2245,4112
2774,4218
2243,3924
949,4517
1772,2922
243,3050
2805,2229
246,2424
1387,3653
844,3053
1728,4366
1257,3880
1616,3816
615,2994
839,3909
2027,3220
2097,3318
2670,3278
543,3577
219,3401
611,3566
1340,1680
205,3406
2241,2989
2230,3116
2071,2536
1904,3520
1181,4450
513,4585
1025,3049
260,3682
1398,4255
205,4288
810,3166
1994,3056
1910,3276
2800,4471
203,3200
1809,3189
1239,3086
911,4523
1845,3679
1576,3313
2720,3074
549,3176
1432,4511
1752,3039
366,875
2538,3621
1692,3147
1383,3713
4,3954
1600,2990
1757,3423
1174,3854
2542,4283
2545,4213
2530,4300
1445,4155
69,3293
935,3970
2270,3777
654,4190
1255,4294
1052,354
1632,3403
622,3552
1181,3021
1598,2835
1025,3531
1654,3395
1843,3120
2587,431
846,3218
1807,3233
1387,3095
837,2991
1623,3215
165,789
508,1440
156,3730
1608,4195
651,3889
1141,373
2217,372
2848,2932
722,4025
1239,1201
1383,3290
907,3199
922,4131
2590,3037
935,4563
1838,3521
964,4215
1258,2971
1292,3549
1604,3262
492,3528
2836,2925
2550,4084
1174,3646
846,3178
2774,2935
2516,1868
2608,3690
83,3728
2724,3483
971,3030
1432,3726
2225,4099
366,1167
873,369
947,3990
1143,129
260,3294
2458,3468
1436,4083
2480,3594
830,3157
2222,4432
2170,2807
927,4325
2697,3670
557,4081
1035,3361
1926,3032
1755,3326
1432,3169
1994,4470
2384,2577
2217,1678
1275,3003
2538,4241
1612,4513
2516,1867
1594,4105
1398,4115
1398,4014
1770,4184
1923,1682
2340,3158
1455,1678
2568,4559
1189,2947
2540,3279
2827,1931
1618,4281
1149,4350
2023,3974
1239,3732
2594,215
2077,3937
1003,2490
12,4030
2255,4103
1666,3618
2700,2057
2245,3459
476,1681
260,3048
1424,3561
1550,3198
2370,2965
83,3980
1302,3912
1626,3281
1734,3469
607,1940
1849,1442
2014,3449
2834,3275
764,2899
971,3149
1284,3808
2495,3563
363,4360
2613,3286
766,2377
1273,3539
2378,3027
1614,3416
2637,4411
203,3224
1695,52
1573,2465
65,3904
2568,3323
1843,3508
160,3425
2795,3780
540,3349
2218,1999
1845,542
2512,3675
830,3691
2584,4183
1160,3068
918,3329
2500,4148
2018,3952
2783,3142
916,4505
830,4451
787,3303
1387,3170
1596,4584
2822,3330
2534,3234
2504,3005
1163,3982
1838,3252
1602,2501
905,3654
436,987
1838,3345
520,4547
1419,510
363,3368
1407,3877
1657,3046
2532,1678
907,3388
1266,3687
873,1680
201,3647
1646,3604
516,2978
837,2999
1189,3362
520,4090
779,2886
1252,3264
2674,2051
2590,404
389,3564
241,3325
2500,1649
1535,1678
1176,3632
2540,3065
94,4331
1436,4417
1612,3196
1409,4449
1181,2907
1239,2879
2025,4097
975,3998
1904,3927
2716,3555
918,3848
1478,4344
722,4456
2225,3664
1573,4194
253,3322
2550,2997
530,3343
2257,4189
912,4065
549,1839
2500,3353
1393,4537
2550,3115
201,4581
1025,3966
2157,3842
1304,3015
1576,3948
1158,95
2338,3243
86,3631
211,4379
1176,3086
1168,3606
2068,39
1598,3999
932,4236
158,3071
812,3377
839,3248
740,2531
1646,3529
2230,3491
1614,3548
2482,3181
1236,2947
1424,4126
158,802
787,3886
1419,3543
1158,4473
526,3727
1497,3164
694,4355
406,3865
728,3388
203,3144
2682,3145
730,3753
1414,3907
916,4328
178,3903
112,3411
2599,477
2542,3319
2594,4580
389,296
1403,3613
830,3803
2503,72
957,3846
2778,4001
1048,4188
734,4500
1434,3261
2692,1691
2168,4463
674,3692
837,3989
2833,3767
2568,3942
1590,3969
2406,4474
71,4573
2245,4221
1156,1501
2122,4296
1724,4242
2831,2925
1646,4415
219,4123
924,3556
1252,3922
262,3935
366,1688
115,121
1416,4443
1612,3638
205,4341
1242,1199
389,273
1391,3733
2517,3304
2545,3778
516,3063
71,4421
65,4102
4,4354
1248,4323
1755,739
651,2890
1515,4010
2480,3941
2225,3945
1065,3695
2299,4373
2610,3663
1807,3008
18,3825
949,3102
1476,4237
1273,4064
1695,3611
1027,3152
2396,3194
1550,3938
2097,2094
1389,3914
1242,3105
1405,3080
2071,3772
109,3097
918,4278
2243,3479
947,4046
184,4527
971,3866
1636,3961
549,4021
914,4572
2700,2044
1616,2887
1576,4185
873,373
1697,3789
332,3879
2233,3885
1838,4021
1480,3324
2778,4039
1411,3344
2170,3142
251,3478
1300,3372
740,3785
2450,3107
2592,430
2246,3356
1304,3707
2795,3689
740,3502
1570,3946
69,3438
476,373
720,3579
1304,4268
549,1847
2258,4459
957,4165
2839,3186
53,4558
2248,3864
2027,3017
738,3326
873,3260
1602,3520
2016,3850
1416,4263
2257,4375
1807,3694
2255,2021
734,4120
2230,3390
1596,3864
722,3436
722,3769
770,1682
1054,2900
173,2287
2783,3546
2700,2053
1266,2960
2010,2462
2576,4399
2719,441
1065,3250
1904,3405
2590,4365
2022,1326
244,3706
1816,3763
1400,2963
2763,3947
2778,3296
526,1810
537,4204
2010,2466
1434,4322
2839,3477
728,908
1793,3210
401,3342
2500,3292
2016,4128
770,3260
1602,2502
31,2889
2408,2933
1463,4226
2719,986
1600,4017
844,3064
825,4301
2637,3559
549,3511
1550,3496
178,3476
1260,3139
1260,3592
1578,4049
543,3241
2532,1554
2664,1014
2210,3272
1518,3239
557,1820
1250,3734
1535,1677
14,3232
1578,3680
2095,3532
1871,3180
2239,3868
1657,4426
557,3894
530,4140
2014,3073
932,3688
1598,3811
2461,4582
720,4491
1416,3818
65,3025
1588,1856
94,1162
1811,4140
2070,1064
1920,2943
916,3155
1594,3537
1623,4371
1606,4393
75,2961
1035,4423
2761,3413
262,4063
651,3651
1840,1111
1166,1691
774,3412
2228,4554
492,3211
2155,4051
1445,3230
363,3591
260,4424
1383,187
1046,3985
1166,370
1594,4483
907,3254
2520,3791
4,3576
363,4076
2840,863
1067,1872
1849,4330
1212,3396
383,1522
1035,3167
1025,4176
543,3397
2692,1681
774,159
2245,3000
830,3542
1331,152
2594,3168
1046,2921
2771,3075
2724,3926
2241,4124
2010,4336
722,3893
156,793
1578,4380
2532,1536
1248,3387
938,2910
2233,2782
1814,4347
211,4080
949,4156
1448,4587
1340,374
702,1937
2500,4277
1809,527
562,4394
1252,3996
86,4343
1184,4335
957,3422
2157,1392
2590,3327
924,4441
1110,3583
2267,3574
1632,3201
787,3817
732,3953
2550,3448
549,3757
2233,2791
366,1685
253,3267
1849,4392
1255,4567
2839,3655
715,4528
2245,4516
53,1711
909,4386
1264,4202
2776,3366
201,4136
1534,3575
2517,3336
1027,3090
2224,2223
2095,2098
1695,4116
2016,4265
1726,4178
219,4163
63,4223
1926,1509
249,3530
2568,3981
1578,3271
2522,3072
1757,3124
1160,3584
1250,3787
65,3332
530,3760
2540,3455
1927,1406
920,4568
1641,3473
1065,4260
389,4150
1807,566
615,4110
975,4276
94,2979
2487,3883
647,3992
2338,2987
2674,2045
728,3254
1535,1685
932,3809
2795,4094
1724,3351
1245,3444
2500,4207
1964,3923
651,3965
1174,4307
873,368
2517,3429
249,3297
1486,2900
2243,3847
260,3295
927,4031
1416,4378
1926,2894
1596,2929
1770,3652
1497,3685
18,4571
2776,3461
1054,3752
1497,3968
1845,3813
476,1691
1048,3009
2540,3370
1939,608
508,1420
1149,1454
244,4539
2241,3810
848,3398
1838,4209
1067,3454
1535,1682
1816,4327
2778,3098
2233,3762
2783,4466
2530,3659
1405,3317
1650,4507
2722,2913
817,3700
1216,3057
2613,2717
2020,4396
1657,3994
720,3636
178,4447
83,3703
1728,3358
1184,3624
562,4363
1308,3160
160,4182
1654,4578
1592,3901
2594,212
173,3301
1618,3130
504,3533
1752,2614
2580,3535
349,4079
1383,2024
2615,3672
1596,4409
2480,3335
443,448
476,1682
513,3440
947,3684
823,4160
2122,3649
1451,4405
1923,1690
443,4508
2245,3433
1067,3915
14,3141
2243,3587
1600,3599
1067,1889
817,3222
1451,3764
196,195
112,3674
115,4374
932,2915
1783,4518
310,4586
243,3447
160,791
49,3151
1602,3623
12,2945
770,875
1927,3044
1923,370
2795,4251
2530,3033
1108,3634
1110,4224
975,3916
1623,3859
2668,3291
2198,1868
1255,3739
1273,4019
1923,875
1403,3943
2188,370
349,3426
2726,3480
2532,373
1257,4434
326,4401
975,3310
649,3020
708,3786
1646,3185
661,4089
543,3851
1163,4199
112,3518
718,3321
1641,4053
1632,3347
1606,3136
243,3973
1557,3972
2408,4284
361,2815
1833,4134
2540,4521
1997,875
2267,3348
2590,405
2774,4438
1636,3759
1618,3845
2476,2329
535,4119
2680,3716
2714,3205
787,4532
1292,2883
1385,2727
