2154,1343
2474,2475
2408,247
455,460
2685,2686
1149,1150
1110,1114
1692,1693
2855,2875
2204,2205
7,25
1576,1577
2600,2601
1085,1100
2124,2148
2578,2579
2270,2271
2263,2266
530,531
2542,2543
1480,1481
1518,1519
135,139
1142,767
2783,2784
1855,1589
2384,2385
744,760
184,189
312,317
2380,2381
1724,1738
692,693
332,333
203,214
2124,2136
2608,2619
2476,2320
1108,1137
651,653
1871,1878
2255,2274
1829,1830
2853,2854
1565,1566
2217,1685
654,664
2039,2057
1641,1642
911,961
2774,2226
1166,1167
2070,1063
2855,2864
86,93
776,806
1216,1224
1085,1093
357,360
33,34
2081,2082
1553,1554
2849,2850
2479,183
885,898
2023,190
275,279
2124,2135
2767,2768
2615,2631
1472,1474
2677,307
49,51
2545,2566
196,197
1855,1861
2340,2361
984,993
2039,2054
75,102
2855,2857
2246,2247
198,199
1268,1269
1871,1891
2068,2069
186,192
1535,1167
2267,2285
839,842
1391,1392
275,284
2124,2126
984,988
1816,1820
49,52
1873,1887
115,120
1486,1487
834,835
1855,1858
2610,2611
1189,1207
1163,1164
613,642
1927,1929
94,108
853,857
508,510
1676,1536
1837,174
2170,2173
1017,1018
1216,1222
1344,1350
1849,1850
1871,1896
516,556
1734,1741
2027,1453
1264,1297
2338,2342
2230,2231
446,448
182,183
524,257
1789,1790
2813,2814
1184,1209
2522,2524
1141,477
722,723
1822,1823
2763,2766
1947,1957
1567,30
774,785
1535,1536
1855,1867
2534,2536
2643,2653
2340,2351
1176,1179
853,866
2305,2318
581,594
2201,2202
389,281
4,24
2700,2045
1480,1509
2189,2191
2615,2621
1001,1002
543,571
1513,1514
2100,2118
1570,1580
947,948
2461,2469
787,799
436,439
557,558
821,822
2408,2431
69,78
1264,1270
2643,2658
2305,2311
581,603
1539,1540
1359,1360
2771,2793
1398,1399
1676,1691
63,105
2622,2633
2731,2748
406,421
1416,1417
2440,2441
2664,2665
2338,2360
1396,1426
543,544
2495,2496
198,228
581,394
2668,2669
787,804
135,152
1212,1219
1697,1704
647,677
88,107
332,348
2023,2024
2674,2058
2414,2417
366,369
2305,2328
1695,1703
2574,2385
1604,1605
2492,2493
1304,1328
649,650
1676,1682
194,195
690,691
2731,2741
211,212
484,30
2608,2630
2453,2457
455,474
1054,1059
2542,2564
2731,2754
1488,1506
377,378
1432,1433
2233,2234
2261,2276
810,814
2538,2548
524,555
1331,141
2299,2300
1403,1404
379,380
251,252
332,347
957,958
2724,2725
2258,2277
1361,1373
2305,2321
581,589
914,915
1630,1631
1902,1903
2194,2195
1108,1135
1393,1394
1936,1937
912,913
1620,1621
1964,1965
2404,2437
535,547
1171,1078
272,281
1827,1828
2406,2416
2124,2153
135,142
1796,1797
260,261
549,550
2637,2639
744,757
312,314
661,680
1676,371
169,170
361,362
1385,1386
1174,1200
1650,1651
1361,1366
1968,1973
1422,1423
2124,2141
363,364
1335,1336
499,500
1776,1777
173,174
455,456
2855,2871
1411,1412
2177,1919
2588,2597
1110,1118
1085,1096
2542,2547
2406,2411
1831,699
406,410
1331,155
1796,1804
740,761
885,901
2039,2042
1697,1715
65,66
2124,2132
810,836
1260,1261
2836,2837
524,525
1027,1030
219,220
2671,2672
2267,2268
2340,2366
2039,2053
389,298
1332,1334
2855,2860
1085,1089
611,636
2540,2557
1947,1951
1427,1428
1676,1167
2010,2011
2517,2518
275,283
2124,2131
1048,1049
2008,2009
2615,2627
2840,2841
984,985
1947,1963
49,55
1873,1882
649,678
443,444
1302,1310
1855,1857
1871,1883
2020,2021
2340,2341
853,860
2039,2050
2406,254
2217,874
1728,1744
2018,2019
1110,1128
1054,1055
1344,1347
1791,1792
607,608
520,548
1824,1825
2528,2529
2016,2017
2336,2337
1065,1071
909,974
740,751
1245,1247
543,561
1945,1946
1724,1748
776,797
1692,283
520,528
1275,1289
715,717
1947,1952
2781,2790
2763,2765
911,930
622,638
851,871
1855,1870
2408,2421
885,894
2,3
2305,2313
581,597
984,439
1695,1716
1534,325
1451,1452
1110,1123
649,667
516,552
2613,2614
2805,2806
611,618
1809,1813
1260,1296
451,452
275,297
266,267
502,503
1212,1225
1304,1306
2584,2586
1594,1643
205,233
1257,723
2643,2657
201,217
2340,2347
2,26
1537,1538
2450,2455
2305,2306
1176,1183
1978,1979
2039,2064
2406,2436
2100,2110
1676,1688
952,953
2099,1474
2731,2747
401,429
239,240
1636,1662
2000,2002
1907,1909
2338,2365
88,92
1988,1989
964,965
60,61
2100,2114
2876,2877
109,111
275,302
828,829
272,296
530,551
1181,1204
1578,1581
1986,1987
1545,1546
1697,1707
1035,1036
2199,2200
1584,1585
1984,1985
1174,1187
661,665
2534,2535
2643,2662
2305,2331
581,583
1695,1722
2482,134
1108,1125
522,576
1676,1687
1019,1020
2731,2736
401,422
1636,1637
2338,2356
455,473
40,41
2838,1417
2731,2753
2014,2015
1570,1571
2834,2835
2526,2527
1262,1263
1476,1503
2406,2426
615,617
135,148
436,442
774,775
2822,2823
812,813
180,181
2004,2005
332,344
1923,373
2073,2074
1361,1368
1561,1562
2674,2054
2305,2332
366,373
2194,2196
1602,1649
2776,2804
1676,1678
516,517
513,1421
29,30
611,641
2389,2391
406,432
1529,1531
654,655
1337,1339
2290,2291
779,789
1604,1653
455,470
1003,1004
1463,1464
2731,2758
2487,2488
2778,2803
272,294
2406,2429
1461,1462
2538,2544
949,950
135,141
1389,1390
1236,1244
744,754
332,343
1724,1740
2255,2256
1968,1970
975,976
581,585
2305,2325
2414,2428
1814,1815
1770,1771
2731,2734
1478,1479
455,463
2204,2206
2778,2810
1780,1781
1594,1595
1110,1115
2855,2874
272,285
1292,1293
1085,1099
2124,2149
135,138
312,318
1676,367
332,334
2124,2137
2761,2762
1982,1983
446,447
49,57
1602,1603
718,719
1108,1138
562,574
651,652
83,84
1027,1029
2394,2395
2726,2727
1242,1243
853,854
94,99
2039,2056
2297,2298
249,250
2774,2227
938,942
1785,1786
2289,172
7,17
1676,1341
1085,1092
1871,1893
399,411
726,727
2602,2603
2774,2775
1796,1800
740,741
2301,2302
1308,1309
2257,2013
1697,1719
2788,2789
1300,1323
2705,2708
253,254
1724,1730
1838,1839
2258,2259
1234,1235
1472,1475
1166,477
49,50
241,242
1393,1413
2097,2098
2545,2565
851,861
1855,1860
485,487
349,351
2168,2169
2340,2362
984,994
2039,2049
47,48
2855,2856
2095,2096
2771,2773
1623,1625
186,193
2461,2462
1734,1739
124,125
2180,2181
1156,1157
1924,1925
132,133
1065,1066
927,955
740,748
126,127
613,634
2338,2348
160,163
43,44
2091,2092
1838,1846
2160,2161
112,113
275,287
1409,1443
984,989
1550,1552
1920,1921
14,16
237,238
2093,2094
1873,1886
1308,1320
622,635
1855,1869
2643,2647
1927,1928
853,856
2166,2167
2516,1859
1110,1132
2294,1786
2070,37
2079,2080
31,32
927,928
2338,2343
744,750
186,187
1210,1211
876,877
1172,1173
1692,279
1573,1575
2532,1680
1616,1665
520,532
696,697
1757,1762
1947,1956
1212,1230
774,790
1308,1319
1676,771
1855,1866
885,890
2340,2344
700,701
2305,2317
1212,1213
581,593
1695,1712
853,865
1268,1282
1304,1315
1110,1127
178,179
846,847
920,973
2099,1473
1943,1944
977,978
406,419
704,705
401,424
2458,2459
1941,1942
2189,2190
613,620
543,570
88,89
920,921
2100,2119
109,114
1480,1490
2642,1011
275,301
520,539
1871,1070
1787,1788
2781,2811
1067,1072
2218,2219
647,687
932,933
809,168
657,683
69,77
1189,1208
2728,2729
1361,1378
1352,1353
2248,2249
2450,2451
1646,1647
94,95
2305,2310
366,367
2376,2377
2414,2415
537,566
1304,1322
2776,2794
1616,1617
2100,2106
1676,1684
2682,2683
1414,1415
2438,2439
1654,1659
1994,1996
504,505
1570,1572
272,300
2610,2634
1284,1290
947,956
135,155
787,807
1697,1711
1897,1898
526,527
1010,1011
2574,2575
1361,1371
823,824
1968,1976
366,374
1273,733
2477,2478
1248,1294
1108,1121
1596,1622
1676,1683
211,215
2759,2760
711,712
1543,1544
779,784
2338,2352
2540,2562
2582,2583
2666,2667
1054,1056
2731,2757
1695,50
203,227
2528,754
2568,2569
488,489
2538,2549
520,521
1067,1070
740,756
1676,373
2497,2498
332,340
1189,1194
1361,1372
2674,2050
201,207
2170,2176
2305,2320
526,546
1755,1756
2731,2733
401,403
2453,2465
244,255
1482,1485
2071,34
455,466
1728,1729
2855,2873
2263,2264
135,137
1626,1627
1697,1721
740,755
2228,2232
2637,2638
2039,2044
744,758
312,315
1848,1851
332,339
2520,2521
1968,1974
2124,2142
2608,2617
2776,2815
513,515
1657,1668
1021,1022
947,967
2606,2607
243,204
2039,2063
1604,1656
779,782
455,459
1728,1731
911,721
1488,1489
1568,1569
272,273
2512,2513
2124,2145
736,737
2592,2593
1331,154
399,414
1796,1805
1400,1401
613,628
1697,1714
1184,1193
1181,1199
815,816
2258,2260
275,277
2615,2629
2401,2403
165,166
907,959
1258,1272
1871,1885
258,259
2530,748
2340,2367
2550,2561
211,234
2688,2689
2039,2052
2855,2863
1216,1229
1871,1889
219,235
1947,1950
1726,1732
654,681
1997,1684
839,840
2695,2696
1422,1438
275,282
2550,2554
984,986
1535,367
1160,1161
1947,1962
115,118
2522,1834
562,565
2239,2240
613,644
984,998
1482,1510
1592,1593
2224,1782
4,23
1110,1129
1344,1348
611,612
1515,1517
401,434
31,39
1245,1246
613,614
2500,2501
1381,1382
744,747
1692,276
275,291
1275,1288
615,637
787,788
979,980
2763,2764
1947,1955
2480,2481
2769,2770
1600,1601
715,716
1873,1874
851,870
2709,2710
661,662
1822,514
885,893
1422,1453
1176,1177
1657,1658
2305,2312
581,596
853,868
984,440
1110,1120
1616,1639
1926,1490
1590,1591
2506,2507
611,621
2716,2717
401,427
1448,1449
1608,1609
927,940
2338,2339
18,19
734,735
1042,1043
1006,1007
2030,2031
2100,2116
945,946
2720,2721
2270,2273
1062,1064
724,725
436,437
2822,2826
1486,1499
1302,1321
205,232
2643,2656
201,216
2210,1413
581,605
2450,2452
2039,2067
2842,500
2700,2042
2100,2111
1108,1119
1676,1689
1596,1628
2731,2746
1778,1779
401,428
2155,2156
1079,1080
1907,1908
1478,1491
1904,1649
2778,2798
60,62
2100,2115
2157,2158
1085,1087
2528,760
2461,2464
1252,1271
2783,2807
1697,1706
1302,1312
2022,1321
2258,2284
2414,2419
581,582
366,371
1695,1701
2305,2330
2198,1867
1676,874
2731,2739
1176,1203
1990,1991
58,59
2608,2628
244,245
2338,2357
455,472
40,42
2731,2752
272,288
1480,1501
2829,2845
1488,1504
135,151
246,256
1250,1287
2783,2812
1697,1699
1236,1238
661,673
1163,92
1361,1375
2258,2279
581,591
1726,1727
1998,1999
702,703
2305,2323
322,323
2370,2371
2194,2197
1260,1277
2387,2388
1676,1679
1873,1066
205,206
2389,2390
389,391
2253,2254
1636,1645
1529,1530
2453,2468
455,465
1054,1060
2406,2418
2006,2007
2568,2573
2012,2013
399,404
1252,1253
135,140
1697,1700
2637,2641
2846,2847
1676,369
2222,2223
332,336
1968,1971
511,512
1023,1024
581,584
2305,2324
1329,1330
1521,1522
905,929
1108,1140
1676,1456
2550,2571
1455,1456
167,168
779,781
455,462
2855,2869
2204,2207
268,270
1616,1663
1181,1182
1085,1098
2124,2150
1833,1834
2025,2026
2538,2552
2690,2691
1666,1667
885,903
2599,1341
1459,1460
312,319
2483,2484
657,658
2705,2706
332,335
2039,2040
184,191
543,577
2124,2138
2692,1167
2499,501
241,248
49,56
1108,1139
851,855
1871,1872
2703,2704
1027,1028
2340,2364
1910,1911
2186,2187
1541,1542
2039,2059
1606,1635
776,808
1216,1226
1765,501
1085,1091
1871,1892
1398,1418
1947,1949
654,682
1796,1801
740,742
885,896
613,624
1497,1498
873,875
2608,2612
1947,1961
999,1000
2476,2313
1511,1512
1899,1901
115,117
1855,1863
485,486
1980,1981
885,887
2587,403
2340,2363
2,10
393,394
984,995
830,831
2039,2048
2382,2383
2855,2859
1110,1130
1623,1624
2771,2772
320,321
1344,1345
945,968
1840,1841
2406,2407
132,134
2714,2715
1726,1736
927,954
1997,1680
740,749
2338,2349
776,795
1920,1922
275,286
530,567
984,990
776,163
1252,1299
2396,2397
2503,1051
674,675
2722,2723
2643,2646
201,210
1927,1931
2305,2315
581,599
984,437
1632,1633
2170,2171
122,123
1110,1133
1606,1629
1108,1109
2508,2509
2100,2101
513,1444
520,553
2692,1677
31,35
1482,1494
2851,2852
2083,2084
1239,1241
772,773
1573,1574
2085,2086
275,295
1284,1285
787,792
1757,1761
1947,1959
1934,1935
2162,2163
1387,1388
768,769
885,889
2257,2280
2800,2801
2643,2655
1212,1214
853,864
2,28
581,592
2408,256
1630,1640
535,578
2700,2047
1108,1116
2100,2108
2449,1005
2731,2745
406,416
918,919
1046,1047
453,454
1478,1500
1411,1450
177,30
2100,2112
2824,2825
787,801
1252,1281
2212,2214
1174,1197
1300,1301
1772,1773
2036,2037
1189,1191
2288,701
2643,2660
581,601
1266,1286
71,74
1383,1384
2100,2107
2676,176
1676,1685
2731,2750
198,213
2608,2625
2003,1474
2610,2635
1939,1940
2261,2265
1545,1549
326,328
135,154
436,440
981,982
1357,1358
651,672
1302,1316
1968,1977
2414,2423
2370,2372
1793,1795
1052,1053
540,541
732,733
651,668
2731,2743
2590,2591
1106,1107
2530,2531
2453,2471
2338,2353
2576,2577
455,468
720,721
1040,1041
1054,1057
2193,1353
272,292
1488,1508
357,359
1331,143
135,147
744,752
1676,374
1300,1307
2711,2713
332,341
1361,1363
581,587
2305,2327
1602,1610
2776,2809
819,820
1075,1076
2731,2732
1904,1905
401,402
1964,1967
128,129
880,881
1152,1153
1149,1151
455,461
2855,2872
2204,1334
1085,1101
2406,2422
1751,172
2261,2283
2447,2448
2783,2785
1697,1720
1796,1799
522,523
2039,2047
744,759
1848,1852
312,316
1752,1754
1361,1364
1968,1975
2124,2143
399,420
67,81
1108,1136
513,514
526,554
1871,1879
2164,2165
2039,2062
2730,149
455,458
272,274
1085,1094
2124,2146
2550,248
406,408
399,409
2781,2782
1796,1806
1697,1713
885,899
613,627
1033,1034
75,90
203,204
2124,2134
275,276
1472,1473
2608,2609
353,354
1766,1767
2476,2318
1873,1895
909,910
834,843
2489,2490
1027,1032
1465,1466
1871,1884
219,222
984,992
524,579
2855,2862
938,939
86,87
1110,1111
381,382
924,925
1871,1888
2120,2121
2286,2287
916,934
2594,2595
522,573
848,849
1457,1458
160,161
1184,1185
1158,1159
762,763
1914,1915
2182,2183
2124,2125
2208,2209
1048,1051
844,845
984,987
399,426
537,538
2476,2309
1174,1180
1592,1611
674,676
1163,1165
2643,2645
853,858
508,509
1728,1746
2170,2172
1110,1134
1216,1221
1344,1349
513,1447
1515,1516
1809,1810
1065,1069
2500,2502
2338,2345
2485,2486
399,435
1212,1228
1807,1808
67,68
1308,1317
1302,1303
1855,1864
12,27
1258,1259
837,838
1822,515
885,892
2340,2350
1176,1178
581,595
984,441
2406,2435
853,867
2201,2203
71,80
1695,1718
537,559
1429,1454
2241,2242
2494,1967
1734,1735
492,493
2580,2581
2189,2192
1260,1298
2100,2117
198,236
63,85
1168,1170
275,299
1212,1227
1302,1326
306,307
1470,1471
2643,2659
201,223
581,604
1419,1420
1602,1661
2842,501
730,731
2778,2779
4,6
1108,1112
2100,2104
1676,1690
2587,2598
2731,2749
1273,1274
2003,1473
543,545
2778,2799
1578,1579
272,298
63,82
581,395
476,477
1354,1355
2270,2281
1085,1086
1843,539
615,626
787,805
135,153
2458,2472
2414,2433
2334,2335
1697,1705
1840,1113
1584,1587
661,679
657,686
205,224
1073,1074
366,368
2238,181
2305,2329
1602,1652
2697,2699
2198,1864
1676,875
1393,1402
1654,1660
2731,2738
1831,1832
2250,1662
1054,1058
2731,2755
2233,2235
1918,1919
130,131
615,619
135,150
1067,1068
1783,1784
2295,2296
1697,1698
332,346
2305,2322
1535,374
67,103
1248,1283
651,656
1393,1395
2225,2227
611,643
69,101
2678,2679
401,413
211,218
2453,2467
455,464
2404,2425
1054,1061
63,64
203,230
2124,2152
385,386
1409,1410
326,327
135,143
698,699
1212,1232
2374,2375
916,917
1697,1723
312,313
1676,370
332,337
1361,1367
1968,1972
2124,2140
1255,1256
499,501
1724,1725
2236,2237
706,707
1342,1343
2340,2358
2217,1681
2039,2061
971,972
455,457
304,305
609,610
1110,1113
1616,1648
922,923
198,200
2855,2868
1480,1484
2701,2702
1429,1430
2124,2151
268,271
63,73
1085,1097
2538,2553
815,833
2783,2797
1257,1278
885,902
613,630
2039,2043
2250,2251
310,311
905,937
2442,1004
1873,1890
2210,2211
562,572
2610,2620
2703,2707
1027,1031
1871,1875
389,392
2267,2269
1104,1105
2550,2563
1697,54
506,507
2068,35
518,519
2220,2221
1332,1333
308,309
2855,2861
1085,1090
1734,1750
1947,1948
1796,1802
1308,1311
1697,1717
740,743
932,966
2787,2231
873,874
1550,1551
14,15
2034,2035
1947,1960
115,116
2795,2796
443,445
1008,1009
2032,2033
0,1
851,863
1871,1880
885,886
2821,369
2533,1063
94,104
984,996
2039,2051
2217,875
905,926
649,659
7,8
1216,1218
1344,1346
1840,1842
2000,1777
490,491
406,407
1726,1737
1046,1050
613,632
885,904
1768,1769
156,162
513,580
264,265
776,796
957,963
1838,1844
275,289
984,991
1947,1953
2781,2791
2396,2398
622,633
885,895
2643,2649
1927,1930
581,598
2305,2314
1482,1507
1632,1634
1110,1122
2100,2102
63,100
406,430
18,21
75,76
535,536
938,962
109,119
2188,1536
2270,2275
2261,2262
2461,2473
1947,1958
1757,1760
728,729
2584,2585
2776,2777
1904,1906
1308,1313
2719,439
2245,1627
1174,1195
2643,2654
885,888
2217,1677
1212,1215
2305,2307
2039,2065
770,373
2038,378
2778,2780
1108,1117
825,832
1486,1505
2514,2515
2099,1475
2449,1004
1582,1583
406,417
2303,2304
2000,2001
1248,1249
2100,2113
1354,1356
810,827
2461,2466
524,560
787,800
615,625
1212,1223
2414,2434
774,783
1035,1037
1245,1254
1174,1186
661,666
1772,1774
1189,1190
2643,2663
2257,2272
2674,2062
1361,1376
853,872
581,600
770,771
537,564
1304,1324
1108,1124
1676,1686
63,106
1441,1442
2731,2737
1535,477
401,423
2608,2626
1695,55
2719,985
1671,1672
326,329
135,149
246,247
436,441
1669,1670
1697,1709
645,646
2408,2409
1361,1369
1676,477
366,372
2305,2333
1535,373
2414,2420
1025,1026
1793,1794
2817,2818
1248,1280
1606,1607
1676,1677
205,208
2731,2742
518,534
2453,2470
355,356
1379,1380
2778,2802
272,293
1476,1477
357,358
1340,1341
949,951
708,709
135,146
2781,2816
1993,1053
1697,1702
1614,1615
744,753
661,684
332,342
2848,316
1968,1969
1848,350
1361,1362
581,586
397,398
2445,2446
2771,2808
2392,2393
1145,1146
2731,2735
880,882
2404,2432
