2154,1343
1482,1483
2474,2475
2408,247
2404,2405
156,157
455,460
1110,1114
2685,2686
1149,1150
2204,2205
198,213
1576,1577
2504,2505
1085,1100
2124,2148
2261,2282
494,495
2263,2266
2578,2579
2270,2271
1480,1481
1518,1519
135,139
1142,767
2783,2784
1855,1589
647,660
2384,2385
2039,2046
184,189
2380,2381
1724,1738
2604,2605
1158,1162
692,693
332,333
203,214
2124,2136
1108,1137
651,653
1166,374
1871,1878
2255,2274
1829,1830
2340,2354
2853,2854
2217,1685
2039,2057
1641,1642
1676,1554
2338,2368
2774,2226
1166,1167
911,961
86,93
776,806
1216,1224
883,884
1085,1093
357,360
2124,2147
33,34
2849,2850
2479,183
885,898
2023,190
622,640
776,786
275,279
2124,2135
1472,1474
2677,307
49,51
2545,2566
1873,1894
196,197
1855,1861
2550,2567
984,993
2039,2054
75,102
2246,2247
198,199
1216,1231
2028,2029
1268,1269
1871,1891
1535,1167
2267,2285
839,842
1391,1392
1763,1764
848,850
275,284
2124,2126
1816,1820
1873,1887
115,120
1486,1487
2510,2511
562,563
834,835
1855,1858
1163,1164
2643,2644
613,642
1927,1929
94,108
853,857
1676,1536
1837,174
1728,1747
2170,2173
825,826
1216,1222
1849,1850
516,556
1871,1896
1734,1741
2540,2551
2843,860
2027,1453
1264,1297
2122,2123
446,448
2230,2231
524,257
1789,1790
1184,1209
2833,1406
2522,2524
1141,477
722,723
615,639
1822,1823
1567,30
774,785
1535,1536
1855,1867
2408,2424
2534,2536
885,891
2643,2653
853,866
984,442
2305,2318
581,594
2680,2681
389,281
2201,2202
2700,2045
1480,1509
2189,2191
1478,1502
1001,1002
1513,1514
2100,2118
1570,1580
947,948
1527,1528
1835,1836
2461,2469
436,439
557,558
1013,1014
821,822
2408,2431
1264,1270
2305,2311
581,603
1539,1540
71,72
1359,1360
2100,2105
1398,1399
1676,1691
63,105
2731,2748
406,421
401,418
1416,1417
2664,2665
2615,2618
2338,2360
2540,2570
1396,1426
543,544
581,394
2668,2669
326,330
787,804
135,152
1697,1704
647,677
657,685
88,107
332,348
1163,89
2023,2024
2414,2417
2305,2328
2574,2385
1695,1703
1468,1469
1604,1605
2482,133
1304,1328
649,650
2697,2698
1676,1682
194,195
1555,1556
484,30
211,212
2608,2630
2453,2457
455,474
2542,2564
2731,2754
272,290
2373,1080
1488,1506
377,378
2261,2276
810,814
2538,2548
524,555
135,145
1331,141
2299,2300
1275,1276
1403,1404
251,252
1676,372
332,347
1361,1373
2258,2277
2305,2321
581,589
1695,1708
878,879
914,915
1630,1631
2194,2195
1393,1394
1936,1937
2225,2226
912,913
1620,1621
2404,2437
455,467
535,547
1171,1078
2670,2165
272,281
2124,2153
2406,2416
1212,1233
1796,1797
260,261
549,550
2039,2045
744,757
312,314
1174,1200
169,170
361,362
332,338
1724,1743
1650,1651
2674,2675
1385,1386
1361,1366
2124,2141
1422,1423
1335,1336
499,500
1776,1777
173,174
2340,2359
2039,2060
455,456
2855,2871
1110,1118
2588,2597
1085,1096
2124,2144
2542,2547
611,631
2406,2411
406,410
1796,1804
740,761
613,629
2039,2042
885,901
1697,1715
1184,1192
65,66
1260,1261
2836,2837
2442,1005
524,525
1027,1030
219,220
2671,2672
2550,2560
2340,2366
2039,2053
1604,1638
1332,1334
2855,2860
823,841
1085,1089
2540,2557
1947,1951
1427,1428
1796,1803
1676,1167
2517,2518
275,283
1048,1049
1816,1817
1419,1440
2008,2009
2615,2627
984,985
49,55
1873,1882
158,164
649,678
443,444
851,862
1302,1310
1871,1883
2340,2341
853,860
984,997
2039,2050
2406,254
2217,874
2170,2174
1618,1619
1110,1128
2018,2019
1054,1055
1791,1792
607,608
520,548
480,481
1824,1825
2336,2337
1726,1742
909,974
1065,1071
740,751
1245,1247
744,746
543,561
1724,1748
1692,283
2550,2556
520,528
715,717
1947,1952
2781,2790
2476,2306
2396,2399
2763,2765
911,930
851,871
1855,1870
885,894
2643,2648
2,3
2305,2313
581,597
1534,325
1695,1716
1143,1144
1451,1452
2100,2103
649,667
516,552
2613,2614
611,618
2458,2463
1809,1813
1482,1492
1260,1296
275,297
266,267
1212,1225
1304,1306
2584,2586
1873,1876
522,533
1594,1643
205,233
2643,2657
2340,2347
2,26
581,606
1537,1538
2450,2455
1273,1291
1978,1979
71,79
2039,2064
1176,1183
2406,2436
1676,1688
952,953
2587,2596
2731,2747
401,429
239,240
2000,2002
1907,1909
1396,1431
1260,1295
2338,2365
1988,1989
964,965
198,225
2157,2159
60,61
1675,483
275,302
2100,2114
2876,2877
109,111
1181,1204
1578,1581
1986,1987
787,803
1545,1546
1697,1707
2199,2200
1584,1585
1984,1985
1772,1775
661,665
2534,2535
2305,2331
366,370
581,583
1695,1722
916,969
1108,1125
1676,1687
1019,1020
2731,2736
401,422
1994,1995
1436,1437
1636,1637
2338,2356
40,41
2731,2753
2014,2015
478,479
272,303
1570,1571
2834,2835
1262,1263
1476,1503
2406,2426
1871,1072
135,148
436,442
2822,2823
812,813
180,181
1236,1237
2228,2229
2004,2005
332,344
1561,1562
1361,1368
2258,2278
2674,2054
2305,2332
366,373
2075,2076
1602,1649
1676,1678
516,517
513,1421
2077,2078
1532,1533
611,641
2389,2391
29,30
1337,1339
654,655
1266,1267
2290,2291
779,789
1604,1653
2687,1790
1003,1004
2487,2488
2731,2758
2778,2803
272,294
1467,1076
708,710
2406,2429
1461,1462
2538,2544
1389,1390
399,405
135,141
744,754
1724,1740
2255,2256
2831,2832
1848,351
1968,1970
975,976
581,585
2414,2428
1814,1815
651,663
2731,2734
1478,1479
455,463
1692,1694
2778,2810
268,269
2204,2206
1780,1781
2855,2874
1292,1293
1085,1099
2124,2149
135,138
2384,2386
2039,2041
312,318
332,334
2124,2137
713,714
2761,2762
1982,1983
446,447
2545,2572
718,719
1108,1138
651,652
851,852
83,84
1027,1029
2394,2395
2726,2727
2340,2355
1242,1243
2039,2056
2297,2298
249,250
2404,2413
2855,2867
938,942
1785,1786
2289,172
7,17
1085,1092
1871,1893
1083,1084
399,411
726,727
2378,2379
2602,2603
1697,1719
740,741
2301,2302
885,897
1308,1309
2788,2789
253,254
1300,1323
2613,2632
2705,2708
1838,1839
2258,2259
275,278
2124,2128
1234,1235
1166,477
49,50
817,818
241,242
1393,1413
2545,2565
851,861
1612,1664
485,487
349,351
2340,2362
393,395
984,994
2039,2049
47,48
943,944
2855,2856
2771,2773
1623,1625
1829,773
2461,2462
1734,1739
1916,1917
124,125
2180,2181
1924,1925
132,133
2089,2090
927,955
740,748
126,127
1154,1155
2338,2348
160,163
43,44
201,231
2160,2161
112,113
2124,2127
1409,1443
1838,1846
1550,1552
1920,1921
14,16
237,238
45,46
1525,1526
2093,2094
1873,1886
1855,1869
2643,2647
1927,1928
393,396
853,856
2516,1859
1110,1132
2294,1786
1344,1351
2070,37
2079,2080
2776,362
927,928
2338,2343
535,542
186,187
1210,1211
876,877
109,121
1172,1173
2532,1680
1616,1665
520,532
524,575
787,793
1757,1762
1947,1956
696,697
774,790
1308,1319
1855,1866
2534,2537
885,890
2643,2652
2340,2344
700,701
2305,2317
2450,2456
853,865
1695,1712
1268,1282
905,906
1304,1315
1110,1127
178,179
920,973
649,671
2099,1473
977,978
704,705
401,424
2458,2459
1990,1992
2453,2454
1941,1942
613,620
88,89
920,921
2100,2119
198,226
109,114
1480,1490
1938,1788
275,301
520,539
498,30
1871,1070
1787,1788
2218,2219
647,687
2212,2213
932,933
809,168
657,683
1189,1208
2643,2661
2728,2729
1361,1378
1352,1353
2,22
2450,2451
581,602
1646,1647
94,95
2376,2377
2414,2415
383,384
537,566
2776,2794
1616,1617
2100,2106
513,568
1676,1684
2682,2683
2438,2439
1654,1659
2731,2751
1994,1996
1570,1572
198,229
272,300
1284,1290
947,956
326,331
135,155
787,807
981,983
1897,1898
526,527
1038,1039
1010,1011
1361,1371
1968,1976
366,374
496,497
1273,733
2477,2478
1108,1121
1596,1622
1676,1683
1845,547
2731,2740
211,215
2759,2760
1543,1544
779,784
2540,2562
455,469
2582,2583
1618,1644
2666,2667
2731,2757
1695,50
203,227
2406,2430
2568,2569
488,489
520,521
135,144
1067,1070
740,756
449,450
1676,373
332,340
1189,1194
2674,2050
201,207
2170,2176
581,588
2305,2320
2545,2558
1755,1756
2731,2733
401,403
1964,1966
2453,2465
2071,34
455,466
2855,2873
1559,1560
2263,2264
135,137
1796,1798
740,755
1383,193
2228,2232
2637,2638
1697,1721
312,315
1848,1851
332,339
2520,2521
1752,1753
1361,1365
1968,1974
2124,2142
513,515
1657,1668
1853,1854
947,967
1021,1022
2606,2607
2503,80
243,204
1604,1656
779,782
2855,2870
1728,1731
911,721
1488,1489
1568,1569
736,737
1085,1095
2124,2145
1518,1520
2592,2593
1331,154
1757,1759
399,414
1796,1805
1697,1714
613,628
885,900
1181,1199
815,816
2258,2260
2124,2133
2615,2629
2401,2403
907,959
1258,1272
1871,1885
2489,2491
766,767
258,259
2340,2367
2550,2561
375,376
211,234
2688,2689
2855,2863
1216,1229
1085,1088
219,235
1947,1950
1726,1732
1997,1684
839,840
647,648
2695,2696
776,791
1422,1438
2550,2554
1535,367
1160,1161
2184,2185
1947,1962
2522,1834
562,565
1855,1856
2239,2240
984,998
1482,1510
1592,1593
2170,2175
2224,1782
1110,1129
1216,1220
1344,1348
1515,1517
401,434
31,39
2070,2072
1596,1597
1245,1246
613,614
744,747
1692,276
1102,1103
275,291
615,637
787,788
979,980
1547,1548
1811,1812
2480,2481
2763,2764
1947,1955
715,716
1873,1874
851,870
1855,1865
2709,2710
661,662
1189,1202
2643,2651
1422,1453
885,893
1176,1177
2305,2312
581,596
984,440
1147,1148
1110,1120
1616,1639
1926,1490
2506,2507
2622,2624
611,621
401,427
2458,2460
1448,1449
1608,1609
1482,1493
927,940
2338,2339
18,19
1006,1007
543,569
2030,2031
2100,2116
945,946
1168,1169
2270,2273
1062,1064
724,725
1612,1613
2822,2826
1486,1499
205,232
2643,2656
201,216
65,96
2210,1413
2450,2452
2718,1830
2039,2067
2842,500
4,5
2700,2042
1596,1628
1676,1689
2682,2684
2731,2746
1778,1779
401,428
1176,1196
268,271
2155,2156
2615,2616
1907,1908
1478,1491
2778,2798
60,62
2100,2115
109,110
1085,1087
2461,2464
1252,1271
2700,2052
2783,2807
1697,1706
1302,1312
1584,1586
2022,1321
2414,2419
366,371
2305,2330
1695,1701
1108,1126
1676,1680
2198,1867
2731,2739
1176,1203
1990,1991
2608,2628
244,245
1044,1045
2292,2293
2338,2357
455,472
2731,2752
1488,1504
1480,1501
2829,2845
615,616
135,151
2700,2051
1250,1287
2783,2812
1236,1238
661,673
332,345
1163,92
1361,1375
201,202
2258,2279
1726,1727
1998,1999
1814,1821
322,323
2370,2371
1260,1277
2194,2197
2387,2388
907,908
4,11
1676,1679
1873,1066
2253,2254
389,391
1337,1338
1636,1645
2453,2468
1529,1530
1054,1060
2406,2418
810,811
2006,2007
2012,2013
36,37
399,404
135,140
1697,1700
2637,2641
2846,2847
1250,1251
1300,1318
1676,369
332,336
1968,1971
2340,2369
1023,1024
581,584
1329,1330
2545,2546
1521,1522
905,929
1108,1140
244,257
1676,1456
1455,1456
2215,2216
167,168
779,781
2204,2207
1780,1782
1616,1663
268,270
1181,1182
1085,1098
357,365
2124,2150
2538,2552
2690,2691
1666,1667
2783,2786
885,903
1015,1016
2599,1341
312,319
1174,1205
657,658
1300,1325
1459,1460
2705,2706
332,335
184,191
543,577
2692,1167
241,248
774,802
49,56
1108,1139
1871,1872
2243,2244
2703,2704
1027,1028
2340,2364
2186,2187
654,670
1541,1542
2039,2059
2855,2866
776,808
1216,1226
1085,1091
1871,1892
2406,2412
1398,1418
406,415
1947,1949
654,682
885,896
613,624
1497,1498
1822,2844
873,875
2124,2129
2608,2612
1947,1961
1511,1512
1899,1901
115,117
1855,1863
1871,1881
349,350
485,486
885,887
2587,403
2,10
1673,1674
393,394
984,995
830,831
2382,2383
2855,2859
4,20
1110,1130
2771,2772
320,321
688,689
1216,1217
1344,1345
945,968
132,134
2714,2715
1557,1558
1726,1736
1997,1680
740,749
2338,2349
776,795
1181,1188
1838,1847
1920,1922
275,286
984,990
1252,1299
2396,2397
2503,1051
851,869
1855,1868
674,675
2643,2646
201,210
1927,1931
2305,2315
984,437
1424,1425
1632,1633
1728,1749
2170,2171
1606,1629
1108,1109
1588,1589
2508,2509
2100,2101
520,553
2692,1677
406,425
31,35
2851,2852
2083,2084
1239,1241
1724,1745
764,765
772,773
1573,1574
1284,1285
787,792
1757,1761
1947,1959
2700,2066
1934,1935
1523,1524
1387,1388
768,769
1264,1265
885,889
2257,2280
1212,1214
853,864
2305,2316
1012,181
2,28
581,592
2408,256
535,578
1108,1116
2100,2108
2449,1005
2731,2745
387,388
406,416
401,431
918,919
453,454
1411,1450
177,30
2100,2112
776,777
2824,2825
1252,1281
1807,1818
2212,2214
1174,1197
12,13
1300,1301
1189,1191
2288,701
1361,1377
2643,2660
581,601
2305,2309
1266,1286
1383,1384
2100,2107
1676,1685
2731,2750
2608,2625
1482,1496
779,794
2003,1474
2610,2635
2261,2265
1545,1549
1062,1063
326,328
981,982
1357,1358
651,672
1302,1316
920,941
1361,1370
1968,1977
2414,2423
1052,1053
2588,2589
540,541
732,733
651,668
2731,2743
2590,2591
482,483
2530,2531
518,529
2453,2471
2576,2577
455,468
1040,1041
1054,1057
2731,2756
2193,1353
198,221
272,292
357,359
1331,143
135,147
935,936
1676,374
1300,1307
332,341
1361,1363
581,587
1445,1446
2305,2327
1695,1710
2776,2809
819,820
1407,1439
1075,1076
1904,1905
401,402
1964,1967
880,881
1152,1153
1077,1078
53,54
1149,1151
455,461
1085,1101
2406,2422
1751,172
2261,2283
135,136
399,400
2447,2448
1697,1720
1796,1799
2039,2047
744,759
1848,1852
184,188
1300,1314
312,316
1361,1364
2124,2143
399,420
67,81
918,960
1108,1136
513,514
1871,1879
1932,1933
2164,2165
2039,2062
455,458
2855,2865
272,274
2124,2146
2550,248
1486,1061
399,409
1757,1758
2781,2782
406,408
885,899
613,627
1033,1034
75,90
2622,2623
1598,1599
203,204
2124,2134
1472,1473
2401,2402
2608,2609
353,354
2476,2318
909,910
834,843
851,859
2489,2490
1027,1032
2530,749
1871,1884
219,222
984,992
2039,2055
524,579
86,87
1110,1111
381,382
924,925
1405,1406
1871,1888
2540,2559
2286,2287
916,934
2774,2792
2594,2595
522,573
848,849
1184,1185
2208,2209
1158,1159
262,263
1692,286
762,763
1914,1915
844,845
1048,1051
1816,1819
984,987
399,426
2476,2309
1174,1180
1592,1611
1855,1859
1563,1564
674,676
1163,1165
853,858
508,509
71,91
1728,1746
1110,1134
1344,1349
513,1447
1515,1516
401,433
2520,1311
1809,1810
2500,2502
2338,2345
399,435
1947,1954
1212,1228
1807,1808
67,68
1174,1175
1302,1303
12,27
1258,1259
69,70
837,838
885,892
2643,2650
1822,515
2340,2350
2305,2319
984,441
2406,2435
853,867
2201,2203
1695,1718
537,559
86,97
1429,1454
2494,1967
1734,1735
492,493
2540,2541
2580,2581
2252,1644
1260,1298
198,236
63,85
1168,1170
275,299
436,438
1212,1227
1174,1198
1302,1326
2643,2659
201,223
581,604
1419,1420
2443,2444
2039,2066
1602,1661
730,731
4,6
1108,1112
2100,2104
1676,1690
349,352
2587,2598
1081,1082
2731,2749
2003,1473
543,545
1184,1206
1578,1579
694,695
2610,2636
272,298
63,82
1354,1355
2270,2281
1085,1086
1843,539
787,805
135,153
2458,2472
2414,2433
738,739
158,159
1697,1705
2334,2335
1584,1587
661,679
2458,1580
205,224
366,368
2238,181
2305,2329
1602,1652
1304,1327
2697,2699
1676,1681
2198,1864
1654,1660
2731,2738
1831,1832
2250,1662
779,798
455,475
1054,1058
2233,2235
1918,1919
2178,2179
130,131
135,150
1067,1068
2295,2296
1697,1698
332,346
1361,1374
581,590
2305,2322
67,103
651,656
1393,1395
1654,1655
611,643
69,101
2678,2679
389,390
401,413
211,218
2453,2467
2404,2425
1054,1061
1695,57
272,280
63,64
203,230
1409,1410
326,327
135,143
36,38
698,699
2374,2375
916,917
1697,1723
2637,2640
184,185
312,313
332,337
1361,1367
2124,2140
1255,1256
499,501
2525,1330
324,325
1724,1725
2236,2237
2340,2358
2217,1681
2039,2061
971,972
2827,2828
779,780
455,457
304,305
1728,1729
1110,1113
1616,1648
1434,1435
1262,1279
922,923
198,200
2701,2702
2829,2830
2124,2151
2406,2410
63,73
1085,1097
2538,2553
815,833
885,902
613,630
2039,2043
1724,1733
2250,2251
310,311
2124,2139
2442,1004
1873,1890
622,623
2210,2211
562,572
2703,2707
1871,1875
1407,1408
389,392
2267,2269
2671,2673
1104,1105
1697,54
506,507
2039,2058
518,519
2220,2221
1332,1333
75,98
308,309
1085,1090
1734,1750
406,412
1947,1948
1796,1802
1308,1311
740,743
2787,2231
2517,2519
873,874
2124,2130
1550,1551
14,15
1947,1960
115,116
1899,1900
443,445
1008,1009
0,1
1855,1862
851,863
1871,1880
2286,30
885,886
2821,369
984,996
2039,2051
2217,875
905,926
2855,2858
1110,1131
649,659
1216,1218
1840,1842
2000,1777
490,491
406,407
2538,2539
2540,2555
1726,1737
613,632
513,580
1768,1769
156,162
744,745
186,190
264,265
776,796
1838,1844
984,991
1947,1953
2781,2791
2396,2398
911,931
622,633
943,970
2643,2649
1927,1930
581,598
984,438
2305,2314
1110,1122
2100,2102
63,100
406,430
1482,1495
18,21
1239,1240
535,536
938,962
109,119
2522,2523
2188,1536
2461,2473
1947,1958
1757,1760
728,729
1873,1877
1304,1305
2584,2585
2776,2777
2719,439
1904,1906
2245,1627
2408,2427
2643,2654
885,888
2340,2346
2217,1677
2305,2307
2039,2065
2038,378
2778,2780
1108,1117
2100,2109
649,669
825,832
2514,2515
2099,1475
1582,1583
2731,2744
406,417
2000,2001
1248,1249
2100,2113
1354,1356
776,778
1912,1913
810,827
2461,2466
615,625
1212,1223
2414,2434
774,783
175,176
2087,2088
1035,1037
1245,1254
661,666
1772,1774
1826,1330
2643,2663
2257,2272
1361,1376
853,872
2305,2308
581,600
770,771
2396,2400
1304,1324
1108,1124
171,172
1676,1686
63,106
1535,477
401,423
1176,1201
2608,2626
1695,55
2719,985
2819,2820
326,329
1331,137
246,247
135,149
2693,2694
1697,1709
1669,1670
645,646
2408,2409
1676,477
366,372
2414,2420
1535,373
1695,1696
1025,1026
2817,2818
1248,1280
4,9
1606,1607
1396,1397
1676,1677
2731,2742
2453,2470
355,356
1379,1380
455,471
1003,1005
2778,2802
1476,1477
1340,1341
708,709
949,951
135,146
1331,142
2781,2816
2839,1347
1697,1702
1614,1615
661,684
2711,2712
332,342
1968,1969
1848,350
1361,1362
203,209
581,586
2305,2326
397,398
2771,2808
2392,2393
1383,190
1145,1146
880,882
