1482,1483
2474,2475
2404,2405
156,157
455,460
2685,2686
1149,1150
1692,1693
2855,2875
7,25
2504,2505
2600,2601
198,213
2124,2148
2261,2282
494,495
2578,2579
2270,2271
530,531
2542,2543
1518,1519
135,139
1855,1589
647,660
2384,2385
2039,2046
744,760
184,189
312,317
2604,2605
692,693
332,333
1158,1162
203,214
2124,2136
2608,2619
2476,2320
1108,1137
1166,374
1871,1878
2255,2274
2853,2854
2340,2354
1565,1566
2217,1685
654,664
911,961
1676,1554
2338,2368
2774,2226
1166,1167
2070,1063
2855,2864
86,93
776,806
883,884
1085,1093
2124,2147
33,34
2081,2082
1553,1554
2849,2850
2479,183
622,640
776,786
275,279
2124,2135
2767,2768
2615,2631
1472,1474
2677,307
1873,1894
196,197
1855,1861
2550,2567
2340,2361
984,993
2039,2054
2855,2857
198,199
1216,1231
2028,2029
1268,1269
1871,1891
2068,2069
186,192
1535,1167
2267,2285
1763,1764
848,850
275,284
2124,2126
984,988
1816,1820
49,52
1873,1887
2510,2511
562,563
834,835
1855,1858
2610,2611
1189,1207
2643,2644
613,642
1927,1929
853,857
508,510
1676,1536
1728,1747
2170,2173
825,826
1216,1222
1017,1018
1344,1350
1849,1850
516,556
2540,2551
2843,860
2027,1453
1264,1297
2338,2342
2122,2123
2230,2231
182,183
524,257
2813,2814
1184,1209
2833,1406
2522,2524
1141,477
1822,1823
615,639
2763,2766
1947,1957
774,785
1535,1536
2408,2424
2534,2536
885,891
2643,2653
2340,2351
1176,1179
2305,2318
984,442
581,594
2680,2681
2201,2202
4,24
2700,2045
2189,2191
2615,2621
1478,1502
1001,1002
543,571
1513,1514
1570,1580
1527,1528
1835,1836
2461,2469
787,799
436,439
1013,1014
821,822
2408,2431
69,78
1264,1270
2643,2658
581,603
71,72
1359,1360
2771,2793
2100,2105
1398,1399
1676,1691
2622,2633
2731,2748
401,418
1416,1417
2440,2441
2664,2665
2615,2618
2540,2570
1396,1426
543,544
2495,2496
198,228
581,394
326,330
787,804
135,152
1212,1219
1697,1704
657,685
88,107
1163,89
2023,2024
2674,2058
366,369
2305,2328
2574,2385
1468,1469
1604,1605
2482,133
2492,2493
1304,1328
2697,2698
1676,1682
194,195
690,691
2731,2741
1555,1556
211,212
2453,2457
455,474
1054,1059
2542,2564
272,290
2373,1080
1488,1506
377,378
1432,1433
2233,2234
2261,2276
810,814
135,145
1331,141
1275,1276
1403,1404
379,380
251,252
1676,372
332,347
957,958
2724,2725
1361,1373
581,589
1695,1708
878,879
914,915
1630,1631
1902,1903
2194,2195
1108,1135
2225,2226
912,913
1620,1621
1964,1965
2404,2437
455,467
535,547
2670,2165
272,281
1827,1828
2124,2153
135,142
1212,1233
260,261
549,550
2039,2045
2637,2639
312,314
661,680
1676,371
1385,1386
332,338
1724,1743
744,757
2674,2675
1361,1366
1968,1973
1422,1423
2124,2141
363,364
1335,1336
499,500
2340,2359
2039,2060
455,456
2855,2871
1411,1412
2177,1919
1110,1118
1085,1096
2124,2144
2406,2411
611,631
1831,699
406,410
1331,155
1796,1804
1697,1715
613,629
885,901
1184,1192
65,66
2124,2132
810,836
2836,2837
524,525
2442,1005
1027,1030
2267,2268
2550,2560
2340,2366
2039,2053
389,298
1604,1638
1332,1334
823,841
1085,1089
611,636
2540,2557
1947,1951
1796,1803
1676,1167
2010,2011
2517,2518
2124,2131
1816,1817
1419,1440
2008,2009
2615,2627
2840,2841
1947,1963
984,985
49,55
158,164
443,444
851,862
1302,1310
1855,1857
1871,1883
2020,2021
2340,2341
984,997
2039,2050
2217,874
2170,2174
1618,1619
2018,2019
1728,1744
1054,1055
1344,1347
1791,1792
607,608
480,481
1824,1825
2528,2529
2016,2017
2336,2337
1726,1742
1065,1071
1245,1247
744,746
543,561
1945,1946
1724,1748
776,797
2550,2556
520,528
1275,1289
715,717
2763,2765
2476,2306
2396,2399
911,930
622,638
851,871
1855,1870
2408,2421
2643,2648
2,3
581,597
984,439
1534,325
1143,1144
1451,1452
1110,1123
2100,2103
649,667
516,552
2805,2806
611,618
2458,2463
1482,1492
1260,1296
451,452
275,297
266,267
502,503
1212,1225
1873,1876
522,533
1594,1643
205,233
1257,723
2643,2657
201,217
1176,1183
581,606
1537,1538
2450,2455
1273,1291
2039,2064
71,79
2305,2306
2406,2436
2100,2110
1676,1688
2099,1474
2587,2596
2731,2747
401,429
1636,1662
2000,2002
1396,1431
1260,1295
2338,2365
88,92
60,61
2100,2114
198,225
2157,2159
2876,2877
1675,483
109,111
828,829
272,296
530,551
1181,1204
1578,1581
1545,1546
787,803
1697,1707
1035,1036
2199,2200
1984,1985
1174,1187
1772,1775
661,665
2643,2662
366,370
581,583
1695,1722
2482,134
916,969
1108,1125
522,576
1676,1687
1019,1020
1994,1995
1436,1437
1636,1637
2338,2356
455,473
40,41
2838,1417
478,479
1570,1571
272,303
2834,2835
2526,2527
1262,1263
1476,1503
1871,1072
615,617
135,148
436,442
774,775
2822,2823
1236,1237
2228,2229
2004,2005
332,344
1923,373
2073,2074
1561,1562
2258,2278
2674,2054
366,373
2075,2076
2194,2196
1602,1649
2776,2804
1676,1678
2077,2078
1532,1533
29,30
611,641
2389,2391
406,432
1529,1531
1266,1267
1337,1339
2290,2291
1604,1653
2687,1790
455,470
1003,1004
1463,1464
2487,2488
2778,2803
1467,1076
708,710
2406,2429
949,950
2538,2544
1389,1390
399,405
135,141
1236,1244
744,754
332,343
2831,2832
1968,1970
1848,351
975,976
581,585
2305,2325
2414,2428
1770,1771
651,663
2731,2734
1478,1479
1692,1694
2204,2206
1594,1595
268,269
1780,1781
1110,1115
2855,2874
272,285
1292,1293
1085,1099
2384,2386
2039,2041
312,318
1676,367
332,334
713,714
2761,2762
446,447
49,57
2545,2572
1602,1603
718,719
1108,1138
562,574
851,852
83,84
1027,1029
2726,2727
1242,1243
2340,2355
853,854
94,99
2039,2056
2404,2413
2855,2867
2774,2227
938,942
1785,1786
2289,172
7,17
1676,1341
1085,1092
1083,1084
399,411
2378,2379
2602,2603
2774,2775
1796,1800
1308,1309
885,897
2257,2013
1697,1719
2788,2789
253,254
2613,2632
2705,2708
1724,1730
2258,2259
1234,1235
275,278
2124,2128
1472,1475
1166,477
817,818
241,242
1393,1413
2097,2098
2545,2565
1612,1664
1855,1860
485,487
349,351
2168,2169
393,395
984,994
2039,2049
943,944
2855,2856
2095,2096
1623,1625
1829,773
186,193
1916,1917
124,125
2180,2181
1156,1157
1924,1925
132,133
2089,2090
1065,1066
927,955
740,748
1154,1155
613,634
2338,2348
43,44
2091,2092
201,231
112,113
275,287
2124,2127
1409,1443
984,989
1838,1846
1920,1921
14,16
45,46
1525,1526
2093,2094
1873,1886
1308,1320
622,635
1855,1869
1927,1928
393,396
853,856
2166,2167
1110,1132
1344,1351
2070,37
31,32
2776,362
927,928
2338,2343
744,750
535,542
186,187
1210,1211
1172,1173
109,121
1692,279
1573,1575
520,532
696,697
524,575
787,793
1757,1762
1947,1956
1212,1230
774,790
1676,771
1855,1866
2534,2537
2643,2652
2340,2344
700,701
2450,2456
1212,1213
581,593
853,865
1268,1282
905,906
1304,1315
178,179
846,847
920,973
649,671
2099,1473
1943,1944
406,419
704,705
401,424
1990,1992
2453,2454
1941,1942
613,620
2189,2190
543,570
88,89
920,921
198,226
109,114
1938,1788
2642,1011
275,301
1871,1070
498,30
1787,1788
2781,2811
1067,1072
2218,2219
2212,2213
932,933
657,683
69,77
1189,1208
2643,2661
1352,1353
2248,2249
2376,2377
2,22
581,602
1646,1647
94,95
2305,2310
366,367
2414,2415
383,384
537,566
1304,1322
2776,2794
1616,1617
513,568
1676,1684
1414,1415
2438,2439
2731,2751
1994,1996
504,505
1570,1572
198,229
272,300
2610,2634
1284,1290
326,331
787,807
981,983
1697,1711
1897,1898
1038,1039
1010,1011
2574,2575
1361,1371
823,824
1968,1976
496,497
1273,733
2477,2478
1248,1294
1596,1622
1845,547
2731,2740
211,215
711,712
1543,1544
779,784
2338,2352
2540,2562
455,469
2666,2667
1618,1644
1054,1056
1695,50
203,227
2528,754
2406,2430
488,489
520,521
2538,2549
135,144
1067,1070
449,450
1676,373
2497,2498
332,340
1189,1194
1361,1372
201,207
581,588
2305,2320
2545,2558
526,546
1755,1756
2731,2733
1964,1966
2453,2465
244,255
1482,1485
455,466
2855,2873
1559,1560
2263,2264
1626,1627
1796,1798
1697,1721
1383,193
2228,2232
2637,2638
2039,2044
744,758
312,315
1848,1851
1752,1753
1361,1365
1968,1974
2124,2142
2608,2617
2776,2815
513,515
1853,1854
1021,1022
2503,80
243,204
2039,2063
1604,1656
779,782
455,459
2855,2870
1728,1731
911,721
1568,1569
272,273
2512,2513
1085,1095
736,737
1518,1520
2592,2593
399,414
1757,1759
1796,1805
1400,1401
885,900
1697,1714
1184,1193
1181,1199
2258,2260
275,277
2124,2133
2615,2629
2401,2403
165,166
1258,1272
2489,2491
766,767
258,259
2530,748
2550,2561
211,234
375,376
2688,2689
2039,2052
2855,2863
1085,1088
1871,1889
219,235
1726,1732
654,681
1997,1684
647,648
2695,2696
776,791
1422,1438
275,282
2550,2554
984,986
1535,367
2184,2185
1947,1962
115,118
562,565
1855,1856
2239,2240
613,644
984,998
2170,2175
2224,1782
4,23
1110,1129
1216,1220
1344,1348
611,612
1515,1517
2070,2072
1596,1597
1245,1246
613,614
2500,2501
1381,1382
744,747
1102,1103
275,291
1275,1288
615,637
1547,1548
1811,1812
2763,2764
1947,1955
2769,2770
1600,1601
715,716
1873,1874
851,870
1855,1865
661,662
1822,514
1189,1202
2643,2651
885,893
1176,1177
1657,1658
581,596
853,868
984,440
1147,1148
1110,1120
1616,1639
1590,1591
2622,2624
2506,2507
611,621
2716,2717
2458,2460
1608,1609
927,940
1482,1493
18,19
734,735
1042,1043
543,569
1006,1007
2030,2031
2100,2116
1168,1169
2720,2721
2270,2273
1062,1064
1612,1613
436,437
2822,2826
1486,1499
1302,1321
205,232
65,96
2210,1413
581,605
2450,2452
2718,1830
2039,2067
4,5
2700,2042
2100,2111
1108,1119
1596,1628
2682,2684
2731,2746
1778,1779
1176,1196
268,271
2615,2616
1079,1080
1907,1908
1478,1491
1904,1649
2778,2798
60,62
109,110
2157,2158
1085,1087
2528,760
2461,2464
2700,2052
2783,2807
1697,1706
1584,1586
2022,1321
2258,2284
581,582
366,371
2305,2330
1108,1126
1676,1680
2198,1867
1676,874
2731,2739
1176,1203
58,59
2608,2628
1044,1045
2292,2293
2338,2357
455,472
40,42
2731,2752
272,288
1488,1504
615,616
135,151
2700,2051
246,256
1250,1287
2783,2812
1697,1699
1236,1238
332,345
1163,92
201,202
2258,2279
581,591
1998,1999
702,703
1814,1821
2305,2323
322,323
2370,2371
1260,1277
907,908
4,11
1676,1679
1873,1066
205,206
2389,2390
2253,2254
1337,1338
1636,1645
1529,1530
455,465
1054,1060
810,811
2006,2007
2568,2573
36,37
399,404
1252,1253
135,140
1697,1700
1250,1251
1300,1318
1676,369
2222,2223
332,336
1968,1971
2340,2369
511,512
581,584
2305,2324
2545,2546
1023,1024
1521,1522
905,929
244,257
1676,1456
2550,2571
2215,2216
167,168
779,781
455,462
2855,2869
2204,2207
1780,1782
268,270
1085,1098
357,365
2124,2150
1833,1834
2025,2026
2538,2552
1666,1667
2783,2786
2599,1341
1015,1016
1459,1460
1174,1205
2483,2484
1300,1325
2705,2706
332,335
2039,2040
184,191
543,577
2124,2138
2692,1167
2499,501
49,56
774,802
1108,1139
851,855
2243,2244
2703,2704
1027,1028
1910,1911
2186,2187
654,670
1541,1542
2855,2866
1606,1635
776,808
1216,1226
1765,501
1085,1091
2406,2412
406,415
1947,1949
654,682
1796,1801
740,742
613,624
1497,1498
1822,2844
2124,2129
2608,2612
1947,1961
999,1000
2476,2313
1511,1512
115,117
1871,1881
349,350
485,486
1980,1981
885,887
2587,403
2340,2363
1673,1674
393,394
830,831
2039,2048
2382,2383
4,20
1110,1130
1623,1624
2771,2772
688,689
1216,1217
1344,1345
945,968
1840,1841
2406,2407
2714,2715
1557,1558
1726,1736
927,954
1997,1680
740,749
1181,1188
1838,1847
1920,1922
275,286
530,567
984,990
776,163
2396,2397
851,869
1855,1868
674,675
2722,2723
2643,2646
201,210
581,599
984,437
1424,1425
1632,1633
1728,1749
2170,2171
122,123
1110,1133
1588,1589
2508,2509
2204,2205
1606,1629
2100,2101
513,1444
2692,1677
406,425
31,35
1482,1494
2083,2084
1724,1745
764,765
772,773
1573,1574
2085,2086
275,295
1284,1285
787,792
2700,2066
1934,1935
2162,2163
1523,1524
1387,1388
1264,1265
885,889
2257,2280
2800,2801
2643,2655
2,28
2305,2316
581,592
1012,181
2408,256
1630,1640
535,578
2700,2047
1108,1116
2100,2108
387,388
406,416
401,431
918,919
1046,1047
453,454
1478,1500
177,30
776,777
2824,2825
787,801
1252,1281
1807,1818
1174,1197
12,13
1300,1301
1772,1773
2036,2037
1189,1191
1361,1377
2643,2660
2305,2309
1266,1286
71,74
1383,1384
2100,2107
2676,176
1676,1685
1482,1496
779,794
2003,1474
2610,2635
1939,1940
1545,1549
1062,1063
326,328
135,154
436,440
981,982
1357,1358
920,941
1361,1370
1968,1977
2414,2423
2370,2372
1793,1795
2588,2589
540,541
732,733
651,668
482,483
1106,1107
2530,2531
518,529
2453,2471
2338,2353
455,468
720,721
1040,1041
1054,1057
2731,2756
198,221
272,292
1488,1508
357,359
135,147
744,752
935,936
1676,374
1300,1307
2711,2713
332,341
2305,2327
1445,1446
1695,1710
1602,1610
2776,2809
1480,1481
1075,1076
1407,1439
2731,2732
401,402
128,129
880,881
1152,1153
1077,1078
53,54
1149,1151
455,461
2855,2872
2204,1334
1085,1101
2261,2283
135,136
399,400
2447,2448
2783,2785
1697,1720
1796,1799
522,523
744,759
184,188
312,316
1300,1314
1752,1754
1361,1364
1968,1975
2124,2143
67,81
918,960
1108,1136
526,554
1871,1879
1932,1933
2164,2165
2730,149
455,458
2855,2865
272,274
1085,1094
406,408
1486,1061
399,409
1757,1758
2781,2782
1796,1806
1697,1713
613,627
1033,1034
2622,2623
1598,1599
203,204
2124,2134
275,276
2401,2402
2608,2609
353,354
1766,1767
2476,2318
1873,1895
909,910
851,859
1027,1032
1465,1466
2530,749
1871,1884
984,992
2039,2055
524,579
2855,2862
938,939
86,87
1110,1111
1405,1406
1871,1888
2120,2121
2540,2559
2286,2287
2774,2792
2594,2595
522,573
1457,1458
160,161
1184,1185
2208,2209
262,263
1692,286
762,763
1914,1915
2182,2183
2124,2125
1816,1819
844,845
984,987
399,426
537,538
2476,2309
1855,1859
1563,1564
674,676
1163,1165
2643,2645
853,858
71,91
1728,1746
2170,2172
1110,1134
1216,1221
1344,1349
401,433
2520,1311
1809,1810
1065,1069
2500,2502
2338,2345
2485,2486
1947,1954
1212,1228
67,68
1308,1317
1174,1175
1302,1303
1855,1864
1258,1259
69,70
837,838
2643,2650
1822,515
2340,2350
1176,1178
2305,2319
2406,2435
581,595
853,867
1695,1718
71,80
537,559
86,97
1429,1454
2241,2242
1734,1735
2540,2541
2580,2581
2252,1644
2189,2192
1260,1298
2100,2117
198,236
63,85
436,438
1212,1227
1174,1198
1302,1326
306,307
1470,1471
2643,2659
201,223
2443,2444
2039,2066
1602,1661
2842,501
730,731
2778,2779
4,6
2100,2104
349,352
2587,2598
1081,1082
1273,1274
2731,2749
543,545
2778,2799
1184,1206
694,695
2610,2636
272,298
63,82
581,395
476,477
1354,1355
1085,1086
1843,539
615,626
787,805
135,153
738,739
158,159
1697,1705
2334,2335
1840,1113
1584,1587
657,686
2458,1580
205,224
1073,1074
366,368
2305,2329
1304,1327
2697,2699
1676,1681
2198,1864
1676,875
1393,1402
1654,1660
2731,2738
779,798
455,475
1054,1058
2731,2755
2233,2235
2178,2179
130,131
615,619
135,150
1067,1068
1783,1784
2295,2296
1361,1374
581,590
2305,2322
1535,374
67,103
1248,1283
651,656
2225,2227
1654,1655
69,101
2678,2679
389,390
401,413
211,218
455,464
1174,1200
2404,2425
1695,57
272,280
63,64
203,230
2124,2152
385,386
1409,1410
698,699
36,38
2374,2375
1212,1232
916,917
2637,2640
184,185
312,313
1676,370
332,337
1361,1367
1968,1972
1255,1256
2525,1330
324,325
1724,1725
2236,2237
706,707
1342,1343
2340,2358
2217,1681
2827,2828
779,780
455,457
304,305
609,610
2855,2868
1728,1729
1434,1435
1262,1279
922,923
198,200
2829,2830
1480,1484
1429,1430
2406,2410
63,73
1085,1097
2538,2553
815,833
2783,2797
1257,1278
613,630
2039,2043
1724,1733
310,311
2124,2139
905,937
2442,1004
622,623
2210,2211
562,572
2610,2620
1027,1031
1871,1875
1407,1408
389,392
2671,2673
1104,1105
2550,2563
506,507
518,519
2039,2058
2068,35
1332,1333
308,309
75,98
2855,2861
1085,1090
406,412
1947,1948
1796,1802
1697,1717
740,743
932,966
2787,2231
2517,2519
2124,2130
1550,1551
14,15
2034,2035
1947,1960
1899,1900
2795,2796
443,445
2032,2033
0,1
1855,1862
851,863
2286,30
885,886
2821,369
2533,1063
94,104
984,996
2039,2051
2855,2858
1110,1131
649,659
7,8
1216,1218
1344,1346
1840,1842
2000,1777
2538,2539
2540,2555
1726,1737
1046,1050
613,632
885,904
744,745
513,580
264,265
186,190
776,796
957,963
1838,1844
275,289
984,991
2781,2791
911,931
622,633
943,970
885,895
2643,2649
1927,1930
2305,2314
984,438
1482,1507
1632,1634
1110,1122
2100,2102
1482,1495
18,21
1239,1240
75,76
535,536
109,119
2522,2523
2188,1536
2270,2275
2261,2262
2461,2473
1757,1760
1304,1305
1873,1877
2584,2585
2776,2777
1308,1313
2719,439
1904,1906
1174,1195
2408,2427
885,888
2340,2346
2217,1677
2305,2307
1212,1215
2039,2065
770,373
2038,378
2100,2109
649,669
825,832
1486,1505
1582,1583
2099,1475
2449,1004
2731,2744
406,417
2303,2304
1248,1249
2100,2113
776,778
1912,1913
810,827
2461,2466
524,560
787,800
615,625
1212,1223
175,176
2087,2088
1035,1037
1245,1254
1174,1186
661,666
1826,1330
1189,1190
2643,2663
1361,1376
2674,2062
2305,2308
581,600
770,771
537,564
2396,2400
1304,1324
171,172
1676,1686
63,106
1441,1442
2731,2737
1535,477
1176,1201
2608,2626
1695,55
2819,2820
1671,1672
326,329
1331,137
436,441
135,149
2693,2694
1669,1670
645,646
2408,2409
1361,1369
1676,477
2305,2333
2414,2420
1695,1696
1025,1026
1793,1794
2817,2818
4,9
1606,1607
1396,1397
1676,1677
205,208
2731,2742
518,534
2453,2470
455,471
1003,1005
2778,2802
272,293
1476,1477
357,358
1340,1341
708,709
1331,142
2781,2816
2839,1347
1993,1053
1697,1702
1614,1615
744,753
2711,2712
332,342
2848,316
1361,1362
1848,350
203,209
2305,2326
397,398
2445,2446
2392,2393
1145,1146
1383,190
2731,2735
880,882
2404,2432
