2154,1343
1482,1483
2474,2475
2408,247
2404,2405
156,157
1692,1693
1110,1114
2855,2875
2204,2205
198,213
7,25
1576,1577
2504,2505
1085,1100
2600,2601
2261,2282
494,495
2263,2266
530,531
2542,2543
1480,1481
1518,1519
135,139
1142,767
2783,2784
1855,1589
647,660
2039,2046
744,760
312,317
2380,2381
1724,1738
2604,2605
1158,1162
692,693
332,333
2608,2619
2476,2320
1108,1137
651,653
1166,374
2255,2274
1829,1830
2340,2354
1565,1566
2217,1685
654,664
2039,2057
1641,1642
1676,1554
2338,2368
911,961
2070,1063
2855,2864
86,93
776,806
1216,1224
883,884
357,360
2124,2147
2081,2082
1553,1554
2849,2850
2479,183
885,898
2023,190
622,640
776,786
2767,2768
2615,2631
1472,1474
2677,307
49,51
2545,2566
1873,1894
2550,2567
2340,2361
984,993
75,102
2855,2857
2246,2247
198,199
1216,1231
2028,2029
2068,2069
186,192
1535,1167
2267,2285
839,842
1391,1392
1763,1764
848,850
984,988
1816,1820
49,52
1873,1887
115,120
1486,1487
2510,2511
562,563
2610,2611
1189,1207
1163,1164
2643,2644
613,642
1927,1929
94,108
508,510
1676,1536
1837,174
1728,1747
825,826
1017,1018
1344,1350
1849,1850
1871,1896
516,556
1734,1741
2540,2551
2843,860
2338,2342
2122,2123
446,448
182,183
524,257
1789,1790
2813,2814
1184,1209
2833,1406
1141,477
722,723
615,639
2763,2766
1947,1957
1567,30
774,785
1535,1536
1855,1867
2408,2424
885,891
2340,2351
1176,1179
853,866
984,442
581,594
2680,2681
389,281
2201,2202
4,24
2700,2045
1480,1509
2615,2621
1478,1502
1513,1514
543,571
2100,2118
1570,1580
947,948
1527,1528
1835,1836
787,799
436,439
557,558
1013,1014
69,78
1264,1270
2643,2658
2305,2311
581,603
1539,1540
71,72
2771,2793
2100,2105
1398,1399
63,105
2622,2633
2731,2748
406,421
401,418
2440,2441
2664,2665
2615,2618
2338,2360
2540,2570
2495,2496
198,228
581,394
2668,2669
326,330
135,152
1212,1219
1697,1704
647,677
657,685
332,348
1163,89
2674,2058
2414,2417
366,369
2305,2328
1695,1703
2574,2385
1468,1469
2492,2493
2482,133
1304,1328
649,650
2697,2698
690,691
2731,2741
1555,1556
484,30
211,212
2608,2630
2453,2457
1054,1059
2542,2564
2731,2754
272,290
2373,1080
1432,1433
2233,2234
2261,2276
810,814
2538,2548
524,555
135,145
2299,2300
1275,1276
379,380
251,252
1676,372
957,958
2724,2725
2258,2277
1361,1373
2305,2321
581,589
1695,1708
878,879
1902,1903
2194,2195
1108,1135
1393,1394
1936,1937
2225,2226
912,913
1964,1965
2404,2437
455,467
1171,1078
2670,2165
1827,1828
2406,2416
2124,2153
135,142
1212,1233
1796,1797
549,550
2039,2045
2637,2639
744,757
661,680
1676,371
169,170
361,362
332,338
1724,1743
1650,1651
2674,2675
1968,1973
1422,1423
363,364
1335,1336
499,500
1776,1777
173,174
2340,2359
2039,2060
1411,1412
2177,1919
2588,2597
1110,1118
1085,1096
2124,2144
2542,2547
611,631
1831,699
1331,155
1796,1804
740,761
613,629
2039,2042
1697,1715
1184,1192
2124,2132
810,836
1260,1261
524,525
2442,1005
1027,1030
219,220
2671,2672
2550,2560
2267,2268
2340,2366
389,298
1604,1638
1332,1334
2855,2860
823,841
611,636
2540,2557
1427,1428
1796,1803
2010,2011
2517,2518
275,283
2124,2131
1048,1049
1816,1817
1419,1440
2840,2841
984,985
1947,1963
49,55
1873,1882
158,164
649,678
443,444
851,862
1855,1857
2020,2021
2340,2341
853,860
984,997
2039,2050
2406,254
2170,2174
1618,1619
1110,1128
1728,1744
1054,1055
1344,1347
607,608
520,548
480,481
2528,2529
2016,2017
2336,2337
1726,1742
909,974
1065,1071
740,751
744,746
1945,1946
1724,1748
776,797
1692,283
2550,2556
1275,1289
715,717
1947,1952
2781,2790
2476,2306
2396,2399
2763,2765
622,638
1855,1870
2408,2421
885,894
2643,2648
2,3
2305,2313
984,439
1534,325
1695,1716
1143,1144
1110,1123
2100,2103
649,667
2613,2614
2805,2806
611,618
2458,2463
1809,1813
1482,1492
451,452
275,297
502,503
1212,1225
1304,1306
2584,2586
1873,1876
522,533
1257,723
2643,2657
201,217
2340,2347
2,26
581,606
2305,2306
1176,1183
1273,1291
1978,1979
71,79
2406,2436
2100,2110
1676,1688
952,953
2099,1474
2587,2596
401,429
239,240
1636,1662
2000,2002
1907,1909
1396,1431
1260,1295
88,92
1988,1989
964,965
198,225
2157,2159
828,829
1675,483
275,302
272,296
530,551
196,197
1181,1204
1578,1581
1986,1987
787,803
1545,1546
1035,1036
2199,2200
1584,1585
1174,1187
1772,1775
661,665
2534,2535
2643,2662
2305,2331
366,370
581,583
2482,134
916,969
522,576
1676,1687
1019,1020
2731,2736
401,422
1994,1995
1436,1437
455,473
40,41
2838,1417
2731,2753
2014,2015
478,479
272,303
2526,2527
1262,1263
1476,1503
2406,2426
1871,1072
615,617
135,148
774,775
2822,2823
812,813
180,181
1236,1237
2228,2229
1923,373
2073,2074
1561,1562
1361,1368
2258,2278
2674,2054
2305,2332
2075,2076
2194,2196
2776,2804
1676,1678
516,517
513,1421
2077,2078
1532,1533
29,30
406,432
1529,1531
654,655
1266,1267
1337,1339
779,789
2290,2291
2687,1790
455,470
1463,1464
2487,2488
2731,2758
2778,2803
272,294
1467,1076
708,710
1461,1462
949,950
1389,1390
399,405
1236,1244
744,754
332,343
1724,1740
2255,2256
2831,2832
1848,351
975,976
2305,2325
2414,2428
1814,1815
1770,1771
651,663
2731,2734
1594,1595
455,463
1692,1694
2778,2810
268,269
1110,1115
2855,2874
1292,1293
272,285
1085,1099
2124,2149
135,138
2384,2386
2039,2041
1676,367
332,334
2124,2137
713,714
1982,1983
49,57
2545,2572
1602,1603
718,719
562,574
651,652
851,852
83,84
2394,2395
1242,1243
2340,2355
853,854
94,99
2039,2056
2297,2298
249,250
2404,2413
2855,2867
2774,2227
1785,1786
7,17
1676,1341
1085,1092
1871,1893
1083,1084
726,727
2378,2379
2774,2775
1796,1800
740,741
2301,2302
885,897
2257,2013
1697,1719
2788,2789
1300,1323
2613,2632
253,254
1724,1730
1838,1839
1234,1235
275,278
2124,2128
1472,1475
1166,477
49,50
817,818
2097,2098
2545,2565
851,861
1612,1664
1855,1860
349,351
2168,2169
2340,2362
393,395
2039,2049
47,48
943,944
2095,2096
2771,2773
1623,1625
1829,773
186,193
2461,2462
1734,1739
1916,1917
1156,1157
1924,1925
132,133
2089,2090
1065,1066
927,955
126,127
1154,1155
613,634
2338,2348
160,163
2091,2092
201,231
2160,2161
275,287
2124,2127
1838,1846
984,989
1550,1552
1920,1921
14,16
237,238
45,46
1525,1526
1308,1320
622,635
1855,1869
2643,2647
1927,1928
393,396
2166,2167
2516,1859
1110,1132
2294,1786
1344,1351
2079,2080
2776,362
31,32
927,928
744,750
535,542
1210,1211
876,877
109,121
1692,279
1573,1575
2532,1680
1616,1665
520,532
524,575
787,793
696,697
1212,1230
774,790
1308,1319
1676,771
1855,1866
2534,2537
885,890
2643,2652
1212,1213
2305,2317
2450,2456
581,593
1695,1712
853,865
1268,1282
905,906
1110,1127
846,847
920,973
649,671
1943,1944
977,978
406,419
704,705
401,424
2458,2459
1990,1992
2453,2454
2189,2190
543,570
88,89
920,921
2100,2119
198,226
2642,1011
1480,1490
1938,1788
275,301
520,539
498,30
2781,2811
1067,1072
2218,2219
647,687
2212,2213
932,933
809,168
69,77
1189,1208
2643,2661
2728,2729
1361,1378
2248,2249
2,22
2450,2451
581,602
2305,2310
366,367
2376,2377
2414,2415
383,384
1304,1322
2776,2794
1616,1617
2100,2106
513,568
2682,2683
1414,1415
2438,2439
1654,1659
2731,2751
504,505
1570,1572
198,229
2610,2634
1284,1290
947,956
326,331
135,155
981,983
1697,1711
1897,1898
526,527
1038,1039
2574,2575
1968,1976
823,824
366,374
496,497
2477,2478
1248,1294
1108,1121
1596,1622
1676,1683
1845,547
2731,2740
2759,2760
711,712
1543,1544
2338,2352
2540,2562
455,469
2582,2583
1618,1644
1054,1056
2731,2757
1695,50
2528,754
2406,2430
2568,2569
520,521
2538,2549
135,144
1067,1070
740,756
449,450
2497,2498
332,340
1361,1372
2674,2050
201,207
2170,2176
581,588
2545,2558
526,546
1755,1756
401,403
1964,1966
244,255
1482,1485
2071,34
455,466
2855,2873
1559,1560
135,137
1626,1627
1796,1798
740,755
1383,193
2039,2044
744,758
1697,1721
312,315
1848,1851
332,339
2520,2521
1752,1753
1361,1365
2608,2617
2776,2815
513,515
1657,1668
1853,1854
947,967
1021,1022
2606,2607
2503,80
2039,2063
779,782
455,459
2855,2870
1728,1731
1488,1489
272,273
2512,2513
1085,1095
2124,2145
1518,1520
736,737
2592,2593
1331,154
1757,1759
1400,1401
1697,1714
613,628
885,900
1184,1193
1181,1199
815,816
275,277
2124,2133
2401,2403
165,166
907,959
1258,1272
1871,1885
2489,2491
766,767
2530,748
2340,2367
211,234
375,376
2039,2052
2855,2863
1216,1229
1085,1088
1871,1889
219,235
1947,1950
654,681
1997,1684
839,840
647,648
776,791
275,282
2550,2554
984,986
1535,367
1160,1161
2184,2185
115,118
2522,1834
562,565
1855,1856
613,644
984,998
1482,1510
1592,1593
2170,2175
4,23
1110,1129
1216,1220
611,612
1515,1517
401,434
31,39
2070,2072
1596,1597
2500,2501
1381,1382
744,747
1692,276
1102,1103
1275,1288
615,637
787,788
979,980
1547,1548
1811,1812
2480,2481
2769,2770
1600,1601
715,716
1873,1874
851,870
1855,1865
2709,2710
1822,514
1189,1202
2643,2651
1422,1453
885,893
1657,1658
2305,2312
853,868
984,440
1147,1148
1616,1639
1926,1490
1590,1591
2622,2624
2506,2507
2716,2717
401,427
2458,2460
1448,1449
927,940
1482,1493
2338,2339
734,735
1042,1043
543,569
1006,1007
2030,2031
945,946
1168,1169
2720,2721
2270,2273
724,725
1612,1613
436,437
2822,2826
1302,1321
205,232
2643,2656
201,216
65,96
581,605
2450,2452
2718,1830
2842,500
4,5
2100,2111
1108,1119
1676,1689
2682,2684
1596,1628
1778,1779
401,428
1176,1196
268,271
2155,2156
2615,2616
1079,1080
1907,1908
1904,1649
2778,2798
2100,2115
109,110
2157,2158
2528,760
2461,2464
1252,1271
2700,2052
2783,2807
1302,1312
1584,1586
2258,2284
2414,2419
581,582
366,371
1695,1701
2305,2330
1108,1126
1676,1680
1676,874
2731,2739
1990,1991
58,59
2608,2628
244,245
1044,1045
2292,2293
40,42
2731,2752
272,288
1480,1501
2829,2845
1488,1504
615,616
246,256
2700,2051
2783,2812
1697,1699
1236,1238
661,673
332,345
1361,1375
201,202
581,591
1726,1727
702,703
1814,1821
2305,2323
322,323
2370,2371
2194,2197
1260,1277
2387,2388
907,908
4,11
205,206
2389,2390
2253,2254
389,391
1337,1338
1529,1530
2453,2468
455,465
1054,1060
2406,2418
810,811
2568,2573
2012,2013
36,37
1252,1253
135,140
1697,1700
2637,2641
2846,2847
1250,1251
1300,1318
2222,2223
332,336
2340,2369
511,512
2305,2324
1023,1024
1329,1330
2545,2546
1521,1522
1108,1140
244,257
2550,2571
1455,1456
2215,2216
167,168
455,462
2855,2869
2204,2207
1780,1782
1616,1663
268,270
1181,1182
357,365
1833,1834
2025,2026
2538,2552
2690,2691
1666,1667
2783,2786
885,903
1015,1016
2483,2484
312,319
1174,1205
657,658
1300,1325
2039,2040
184,191
543,577
2124,2138
2692,1167
2499,501
241,248
774,802
49,56
851,855
1871,1872
2243,2244
1027,1028
2340,2364
1910,1911
2186,2187
654,670
2039,2059
2855,2866
1606,1635
776,808
1765,501
1085,1091
1871,1892
2406,2412
1398,1418
406,415
1796,1801
740,742
885,896
613,624
1497,1498
1822,2844
873,875
2124,2129
999,1000
2476,2313
1511,1512
1899,1901
115,117
1855,1863
1871,1881
349,350
1980,1981
2587,403
2340,2363
2,10
1673,1674
393,394
984,995
2039,2048
2382,2383
2855,2859
4,20
1623,1624
2771,2772
320,321
688,689
1216,1217
1840,1841
2406,2407
132,134
2714,2715
1557,1558
927,954
1997,1680
740,749
2338,2349
776,795
1181,1188
1838,1847
530,567
984,990
776,163
1252,1299
2396,2397
2503,1051
851,869
1855,1868
2722,2723
201,210
1927,1931
2305,2315
581,599
984,437
1424,1425
1728,1749
122,123
1110,1133
1606,1629
1108,1109
1588,1589
2100,2101
513,1444
520,553
2692,1677
406,425
1482,1494
2851,2852
2083,2084
1239,1241
1724,1745
764,765
2085,2086
275,295
1284,1285
787,792
1757,1761
1947,1959
2700,2066
2162,2163
1523,1524
1387,1388
768,769
1264,1265
2800,2801
2643,2655
1212,1214
853,864
2305,2316
1012,181
2,28
581,592
1630,1640
2700,2047
1108,1116
2100,2108
2449,1005
2731,2745
387,388
401,431
1046,1047
453,454
1478,1500
1411,1450
177,30
2100,2112
776,777
787,801
1252,1281
1807,1818
2212,2214
12,13
1772,1773
2036,2037
1189,1191
2288,701
1361,1377
2643,2660
581,601
2305,2309
71,74
1383,1384
2676,176
1676,1685
2731,2750
2608,2625
1482,1496
779,794
1939,1940
2261,2265
1545,1549
1062,1063
135,154
436,440
981,982
1357,1358
651,672
1302,1316
920,941
1361,1370
2370,2372
1793,1795
1052,1053
2588,2589
540,541
732,733
2731,2743
2590,2591
482,483
1106,1107
2530,2531
518,529
2338,2353
2576,2577
720,721
1040,1041
1054,1057
2731,2756
2193,1353
198,221
1488,1508
1331,143
135,147
744,752
935,936
1300,1307
2711,2713
332,341
1361,1363
581,587
1445,1446
1695,1710
1602,1610
2776,2809
819,820
1407,1439
2731,2732
1904,1905
128,129
1964,1967
880,881
1152,1153
1077,1078
53,54
2855,2872
2204,1334
1085,1101
2406,2422
1751,172
2261,2283
135,136
399,400
2783,2785
1796,1799
522,523
2039,2047
744,759
1848,1852
184,188
1300,1314
1752,1754
1968,1975
2124,2143
399,420
67,81
918,960
513,514
526,554
1871,1879
1932,1933
2039,2062
2730,149
455,458
2855,2865
1085,1094
2124,2146
2550,248
1486,1061
406,408
1757,1758
1796,1806
1697,1713
885,899
613,627
1033,1034
75,90
2622,2623
1598,1599
275,276
1472,1473
2401,2402
353,354
1766,1767
2476,2318
1873,1895
909,910
834,843
851,859
2489,2490
1465,1466
2530,749
1871,1884
219,222
2039,2055
2855,2862
938,939
86,87
1110,1111
381,382
924,925
1405,1406
2120,2121
2540,2559
2594,2595
916,934
2774,2792
848,849
1457,1458
160,161
1184,1185
1158,1159
262,263
1692,286
2182,2183
2124,2125
2208,2209
1048,1051
1816,1819
844,845
984,987
537,538
2476,2309
1174,1180
1592,1611
1855,1859
1563,1564
2643,2645
853,858
508,509
71,91
2170,2172
1110,1134
1216,1221
1344,1349
513,1447
1515,1516
401,433
2520,1311
1065,1069
2500,2502
2485,2486
399,435
1947,1954
1807,1808
67,68
1308,1317
1174,1175
1855,1864
12,27
1258,1259
69,70
1822,515
885,892
2643,2650
1176,1178
2305,2319
984,441
581,595
853,867
2201,2203
71,80
1695,1718
537,559
86,97
2241,2242
2494,1967
1734,1735
492,493
2540,2541
2252,1644
2189,2192
2100,2117
198,236
63,85
1168,1170
275,299
436,438
1174,1198
306,307
1470,1471
2643,2659
201,223
581,604
1419,1420
2443,2444
2039,2066
2842,501
2778,2779
4,6
1108,1112
2100,2104
1676,1690
349,352
2731,2749
1081,1082
1273,1274
2003,1473
2778,2799
1184,1206
1578,1579
694,695
2610,2636
581,395
476,477
1354,1355
2270,2281
1085,1086
615,626
787,805
135,153
2458,2472
2414,2433
738,739
158,159
1840,1113
1584,1587
661,679
657,686
2458,1580
1073,1074
366,368
2238,181
2305,2329
1602,1652
1304,1327
1676,1681
1676,875
1393,1402
1654,1660
2731,2738
1831,1832
2250,1662
779,798
455,475
2731,2755
2233,2235
1918,1919
2178,2179
615,619
135,150
1783,1784
2295,2296
1697,1698
332,346
1361,1374
581,590
1535,374
1248,1283
651,656
1393,1395
1654,1655
611,643
2225,2227
2678,2679
389,390
401,413
2453,2467
455,464
1174,1200
1054,1061
1695,57
2404,2425
272,280
2124,2152
385,386
1409,1410
326,327
135,143
36,38
1212,1232
2374,2375
916,917
1697,1723
2637,2640
184,185
1676,370
332,337
1968,1972
2124,2140
1255,1256
499,501
2525,1330
324,325
706,707
1342,1343
2340,2358
2217,1681
2039,2061
971,972
2827,2828
779,780
609,610
2855,2868
1110,1113
1616,1648
1434,1435
1262,1279
1728,1729
1480,1484
2701,2702
2829,2830
2124,2151
2406,2410
1429,1430
63,73
1085,1097
2783,2797
1257,1278
885,902
613,630
2039,2043
1724,1733
2250,2251
2124,2139
905,937
2442,1004
1873,1890
622,623
2610,2620
2703,2707
1027,1031
1871,1875
1407,1408
389,392
2267,2269
2671,2673
2550,2563
1697,54
518,519
2039,2058
2068,35
2220,2221
308,309
75,98
2855,2861
1085,1090
1734,1750
406,412
1697,1717
1308,1311
740,743
932,966
2787,2231
2517,2519
873,874
2124,2130
2034,2035
1947,1960
115,116
1899,1900
2795,2796
1008,1009
2032,2033
1855,1862
0,1
1871,1880
851,863
2286,30
2533,1063
94,104
984,996
2039,2051
2217,875
905,926
2855,2858
1110,1131
7,8
1344,1346
1840,1842
2000,1777
490,491
406,407
2538,2539
2540,2555
1046,1050
885,904
513,580
1768,1769
156,162
744,745
186,190
264,265
957,963
275,289
984,991
1947,1953
2781,2791
2396,2398
911,931
943,970
885,895
2643,2649
581,598
984,438
1482,1507
1632,1634
1110,1122
2100,2102
63,100
406,430
1482,1495
1239,1240
75,76
535,536
938,962
2522,2523
2270,2275
2261,2262
2461,2473
1947,1958
1757,1760
728,729
1873,1877
1304,1305
1308,1313
2719,439
2245,1627
1174,1195
2408,2427
2643,2654
885,888
2340,2346
1212,1215
2039,2065
770,373
2038,378
2778,2780
1108,1117
2100,2109
649,669
1486,1505
2514,2515
1582,1583
2449,1004
2731,2744
2303,2304
2000,2001
1248,1249
2100,2113
1354,1356
776,778
1912,1913
524,560
787,800
615,625
1212,1223
2414,2434
774,783
175,176
2087,2088
1174,1186
661,666
1772,1774
1826,1330
1189,1190
2257,2272
2674,2062
1361,1376
853,872
2305,2308
581,600
537,564
2396,2400
1304,1324
1108,1124
171,172
1441,1442
2731,2737
1535,477
401,423
1176,1201
1695,55
2719,985
2819,2820
1671,1672
1331,137
246,247
436,441
135,149
2693,2694
1697,1709
645,646
1361,1369
1676,477
366,372
2305,2333
1535,373
1695,1696
2414,2420
1793,1794
2817,2818
1248,1280
4,9
1396,1397
205,208
2731,2742
518,534
2453,2470
355,356
1379,1380
455,471
1003,1005
272,293
357,358
1340,1341
708,709
949,951
135,146
1331,142
2839,1347
1993,1053
1614,1615
744,753
661,684
2711,2712
2848,316
1968,1969
1848,350
1361,1362
203,209
581,586
2305,2326
2445,2446
2771,2808
1145,1146
1383,190
2731,2735
1904,1906
2404,2432
