2533,2788
4513,4963
1509,4682
1589,2838
4106,4850
365,4668
3365,2810
1652,70
4099,4750
4565,51
1475,47
3630,2833
2545,4936
3451,4916
1722,116
4140,2817
3481,4669
729,4877
2894,4896
1905,2843
3788,4956
3032,3914
3182,2827
2072,2835
1359,2658
4950,4908
3553,3885
884,4961
3063,4904
2370,2772
5079,5000
3530,4696
794,3877
1273,3886
180,4773
76,4873
1460,46
2910,2829
3069,4935
4192,4750
2322,4750
1583,2848
3373,4720
155,38
3672,4911
3648,2853
996,4697
1288,70
4045,4681
1464,4800
476,2822
3382,318
5037,4790
3504,4720
785,60
370,2808
1114,4992
280,2800
677,4750
4218,4779
1950,4734
3927,1735
3242,4776
3741,4754
3432,4961
1696,2764
3626,4914
3648,4870
3845,4820
2365,1848
4113,2835
3411,4634
4193,1733
4438,4873
850,4678
4202,285
2085,4930
4556,4873
2568,4911
1692,4966
3103,4801
1504,4791
3536,69
2214,61
3736,4743
4094,3924
4444,4906
1453,218
4102,4832
276,1728
1614,2843
1174,4772
1026,2816
4054,4818
2389,2821
4984,1730
4523,114
3803,2786
2036,4909
2543,4909
2971,4696
2082,2782
3107,2772
591,2783
3153,4917
3291,1831
4148,284
1318,1850
3439,2831
1257,4684
3451,1725
4195,283
4461,68
2041,4856
1259,5018
2001,5070
4842,4764
3542,4766
1211,1728
3067,4730
331,3880
2363,4679
4360,145
81,1838
2549,1816
4460,34
199,4654
4823,4677
217,50
2533,4903
2157,4987
2417,2786
4459,218
3844,1846
2549,4742
2875,9
3013,4674
3969,4267
2333,4848
4503,3615
462,2855
4458,4953
678,67
2563,4892
2196,4947
4031,4953
913,2862
23,11
932,4785
4630,1808
2091,4861
2922,5077
3987,4249
1288,2853
2067,4907
2084,1734
225,4748
4143,1844
2512,61
2323,4910
3103,2833
146,4720
806,4820
2210,3884
1065,114
1045,4820
512,2773
716,4769
3274,2768
4657,1
3299,4691
502,3882
3313,2779
977,4900
71,2671
982,4760
976,2816
2354,4937
487,4267
490,4829
3324,1836
181,4781
2741,1816
3941,2787
2801,5
2401,4968
2960,2848
2383,4904
3331,2867
4196,117
2203,54
2376,4815
1629,4671
3893,2658
1564,4801
2082,1836
3520,5002
4745,2847
934,4886
417,1725
2672,2808
3513,2838
4976,4780
1760,4769
366,2864
4067,116
443,4934
4281,4955
3684,4748
2063,4264
323,4915
3521,4989
2289,2798
1221,2851
2516,4908
1881,1733
2894,4888
4802,4929
449,50
2378,1816
4327,4958
774,4743
3731,4860
1705,4668
3227,4752
474,4613
4262,2818
1234,4787
2433,4915
1035,4654
4567,4792
2801,4901
3358,2817
2287,4918
4031,4989
3039,4264
4200,4876
2770,4751
4826,4800
1825,4913
229,4953
4378,2846
2078,62
4098,69
2391,45
1881,4682
2019,15
3738,4654
3531,4964
105,4692
3719,4961
548,4946
4478,34
410,67
4609,4872
4864,2847
1782,3882
4260,1856
1521,1832
2924,2862
1667,4992
1533,4692
4555,4828
94,4785
4563,4738
1365,4816
2700,2794
1154,4964
3524,320
3182,284
4622,4944
4359,4954
4131,4951
4527,2784
92,54
3567,5002
1712,2837
2608,4788
2379,6
123,4692
1449,2862
5038,4723
1070,4909
4651,2781
4385,61
3764,3615
5031,51
2259,4739
3684,4674
3800,1835
1907,4961
4162,56
1600,4919
628,4951
2881,5016
2488,2867
797,2813
3485,4764
3110,2824
1361,62
579,9
2583,1857
858,80
607,1727
3540,2764
4087,4773
1920,116
1080,2789
461,4730
2960,4860
3897,4759
2387,1734
4524,2855
3939,2772
2643,4773
3857,4917
2311,4741
699,1835
3108,1
1949,4946
1494,4694
3789,5070
2344,2794
4400,2839
4303,4906
2136,1848
4039,4671
618,2848
2353,4944
2633,5016
3863,4792
831,2848
2567,61
160,4956
1762,4797
1743,4886
2252,4929
4796,48
2542,4750
453,3
4622,3615
3711,3880
1273,318
517,4679
4629,2781
2474,65
3785,319
3273,1855
2402,2840
3596,4746
1412,4788
2189,4718
3480,4731
462,13
2693,4691
3466,5077
424,4680
395,116
135,4785
687,4996
1421,4830
1306,70
977,1732
787,2814
424,1732
3969,1839
2729,4971
4192,2826
2673,58
1236,4965
4823,1831
1018,4879
1793,4885
2540,4815
3511,4900
931,4748
1419,11
2054,5020
799,3877
1526,4858
745,4778
4361,80
5082,2846
3421,1732
610,4891
412,3878
3092,5004
176,4970
3577,4743
2498,2765
2884,2837
1686,4929
1264,4952
787,3883
4366,61
257,4693
2156,3924
155,2817
460,4896
4528,3912
3355,1836
806,2784
3378,1735
675,2847
1409,2825
501,2864
2620,58
2269,132
418,1732
5054,4993
4003,4266
1532,4675
2360,4791
3191,4250
5050,1831
4472,4939
2551,2823
2534,4819
3629,4856
2322,4751
4304,5065
4091,4818
1100,69
2649,4909
3344,4987
2675,1848
4288,133
2006,5065
2425,2849
3373,4736
4646,3880
1865,4815
2357,4892
312,2767
5022,4266
743,2768
2057,4753
3442,2857
4213,4782
487,2767
2222,4900
3510,4730
3999,218
402,3879
4141,2854
4033,4947
1031,2768
4192,62
2754,4741
3638,4673
1787,2813
3277,4918
2483,4892
325,4613
678,4678
1316,2821
419,4961
2793,4886
2632,3881
986,4720
2932,4847
2633,1849
2015,2858
4427,4671
3299,4884
2342,3615
3228,4931
3263,4858
2047,3885
2017,38
2280,4765
4092,58
760,2795
1361,4979
3639,4816
148,1730
1724,4803
3849,50
2327,4780
1219,4858
919,2808
3351,4880
4577,2810
2440,4747
3855,4917
275,2774
680,4913
1203,4978
3416,2867
3610,4820
4065,4729
396,4762
2462,4819
1976,4769
1180,1817
2699,1836
1284,4971
5035,2823
4608,5019
2909,7
4665,4958
2231,63
428,4250
1820,3881
1802,4987
3905,1831
3348,4686
4192,4668
435,4828
2985,2817
590,4752
811,4773
422,4870
2460,2858
2080,4946
437,2794
299,2809
2662,1742
3186,4781
3389,3881
924,4911
1237,49
517,4861
4636,1861
2511,5004
3767,4773
4813,4686
3818,2800
2915,4264
419,4671
2987,4695
3916,4861
744,5073
1533,4687
2059,1836
3959,4793
327,4803
4524,4769
5034,3883
367,4930
1400,4935
4330,4944
3891,2658
290,4771
3111,1855
2166,4892
3453,2790
3812,4892
966,2817
3000,48
4311,2773
3604,115
2565,4736
917,2795
3890,4872
4098,2832
3965,1788
3165,5063
2196,2795
886,4882
372,3913
450,1731
4337,4951
4072,1862
2001,4879
1230,4683
2264,9
508,80
2750,1833
2520,4635
3300,4944
2272,4971
2041,4763
2040,4930
2011,2782
3593,4857
2173,4688
4195,4911
4703,1831
3517,1726
2407,2811
1225,5002
1201,2837
3508,1831
1703,4773
309,4912
1513,319
1107,4727
2943,62
3026,2658
4088,4689
2586,4694
3726,4920
614,2776
1510,4786
2460,4779
1688,4731
2045,4760
817,2839
1527,4961
4476,4955
2220,54
4156,4742
1967,1836
1437,4862
2352,5065
1503,80
1274,1896
4093,2796
587,4730
4640,4997
3038,4266
4192,3881
3570,1835
2443,4870
3434,2786
328,1838
2974,1857
3859,1833
3929,2788
3379,2808
2039,320
3598,5001
4757,1831
2204,4799
4661,2799
3738,4801
1351,4762
915,4955
1143,4777
574,4860
385,4680
2365,4972
719,2825
3818,218
148,2798
328,4718
430,2812
406,5069
4867,2829
4096,3924
4444,4988
766,4968
3207,4900
255,4694
4429,41
417,5016
2275,1836
2698,5002
4109,4964
2656,1837
1647,2847
1645,4634
4286,285
5078,3881
2890,4891
4439,4946
3586,2768
4208,4677
4233,2772
3472,1732
3407,4995
2928,60
3986,4733
2669,4818
2925,4968
3373,2772
676,3883
287,3914
1715,4786
2408,4908
3774,4692
2355,4903
293,2829
624,2811
2495,2784
1389,4971
4229,4862
1582,4785
1513,283
549,2821
4389,80
594,4674
992,5018
127,4994
2886,1846
2925,3924
138,2844
1745,113
3542,1837
1246,4654
4217,4723
2195,1742
4219,2833
2943,4952
3926,4746
2148,4957
2024,4878
2619,55
1086,3913
4421,114
4660,4797
2063,2824
2591,4962
880,84
862,68
5012,4783
3815,4770
4178,4768
2391,48
1108,4963
1449,8
907,4675
1598,3914
3391,4952
129,4892
4852,3912
4967,4849
173,5066
3626,4956
2163,318
4377,1834
3532,4783
716,4763
3385,1855
1319,2860
3954,1848
510,4788
1168,2787
401,4732
4980,52
4330,4889
183,2810
592,4888
876,2857
3078,133
1754,4690
2923,4849
1934,1726
2861,4848
1588,4829
5017,1856
2632,4253
4239,5074
1217,2844
4160,2787
2236,4978
3761,1843
1275,4955
446,4994
3319,4654
1814,6
4023,4780
4139,56
2274,68
3071,4988
4314,46
3338,4766
91,4763
956,4765
705,5019
3822,218
2912,4682
2966,4902
1568,4830
463,1843
2640,1848
3360,4861
3627,4720
2479,4748
1102,4857
1197,4911
2236,4790
1920,4971
4549,4687
3645,4952
2969,2799
4276,132
911,2833
3561,4250
2329,4733
4808,4729
3080,131
2155,3882
2085,2787
2022,2813
4439,2833
1807,4738
1219,2784
679,1
4867,4855
3925,4990
4015,4860
2699,4884
4365,2847
1418,2774
4606,4754
1647,45
771,4989
1333,3878
2899,4906
1661,1842
107,4894
4192,4991
2880,2825
3755,1842
2753,4894
338,2849
1187,2786
74,11
2047,4818
3172,4676
1615,3615
2252,4966
4039,1847
2900,4921
3032,4774
1062,4992
4541,4908
3500,4900
3934,2782
2447,68
659,2813
2132,4993
4434,1831
273,4791
3055,2853
3983,4783
3108,4779
4311,2864
1262,4901
2161,4679
2341,4939
4519,2823
2665,4732
1197,1831
2480,4885
4257,64
2314,4939
151,2812
1522,1848
2354,4997
788,2772
4427,4892
1980,4790
3792,54
3634,2781
3694,61
3037,4913
1231,4918
3856,5066
1031,4762
1919,4912
465,4830
2592,1835
24,4918
2448,115
3821,4991
4076,4668
1794,4944
532,1847
712,4920
3667,5020
5037,2658
2045,51
3670,4972
2181,4908
2583,84
1906,1735
3089,55
2655,2826
170,4926
3737,4735
3455,15
3788,5073
2230,4906
3031,2768
2294,4856
3658,4753
4834,1727
3445,4862
2433,4934
2561,58
3766,4954
1924,145
1626,4905
4473,1735
1664,3879
3121,34
2227,4994
401,4890
3407,2768
167,4919
4725,13
422,4720
1496,4830
4839,53
2616,5074
3910,4992
3258,3912
1882,4773
2091,117
2159,4773
4539,4777
1082,2809
619,4735
1884,4695
3358,66
577,2843
3480,4613
3596,4947
210,80
1339,4775
4096,3913
3103,4775
299,1726
4556,1850
1901,4997
190,4733
2204,65
3579,2848
482,4903
4127,3878
4559,1846
4106,5063
763,2855
2134,4905
2281,4907
157,4962
4417,4799
2995,2856
2757,4266
2208,4890
4414,21
2251,4956
2327,1847
3618,4961
1656,4772
1719,116
4343,4782
4059,4817
2432,1733
5083,4939
313,4910
5010,5000
1704,4891
3895,1831
2394,4972
3519,4683
2276,2671
3936,4920
4024,2767
1647,5002
1055,4862
3308,5065
1491,2795
4299,4685
1055,1862
1328,1733
2117,6
2830,2855
885,3881
673,5064
2678,4956
2871,2822
2187,1861
2360,4720
2307,4692
1034,4889
3623,4997
867,4892
1170,4882
3069,70
1996,65
4863,2821
3441,1816
1118,318
3401,4946
4203,4882
2639,3885
1658,4762
786,1848
4188,2794
4383,2779
4326,116
2893,4754
276,1862
3297,2858
1813,4736
2486,4251
4469,4673
2542,5074
402,4987
1434,4674
1166,4954
3630,4931
3290,1808
2295,70
1115,2779
317,4264
704,2798
4859,2822
3130,1832
1965,4764
307,2767
2202,4267
3053,4735
2431,4971
790,4887
2608,4613
4491,4830
2540,13
1240,4742
3769,5016
591,2784
4713,2858
3195,5064
3062,4673
5021,70
1018,4952
3831,4990
412,5073
347,4953
277,4770
948,1726
830,4886
3735,4672
1546,4886
4098,1838
1663,4907
4977,4915
1184,2831
2998,4684
4099,4759
1984,4690
4659,4920
2055,4926
483,4934
2313,3615
2635,4783
382,4987
4462,1835
4185,4914
3412,52
5068,4780
5038,2840
730,4732
2417,2783
620,4792
2069,4831
257,4969
2921,4920
1147,4738
2111,2848
3186,2773
3906,4998
1063,2796
3564,4793
1768,62
2909,4695
725,113
1290,4739
2863,2843
4618,4944
2063,2827
269,124
1294,4783
2062,4750
982,4267
4435,45
2322,4683
548,1788
3436,4769
1274,4692
3473,2781
3332,4913
3495,4775
1762,4906
842,4824
3258,69
4637,2779
1321,4878
3276,4773
1477,5070
4539,4817
163,4861
1723,3615
1317,4746
1202,34
329,4962
3432,4789
424,4682
4546,4929
2318,1730
4230,4783
2344,4901
1874,4907
3486,2773
3666,4962
1224,4929
4017,2848
2376,4907
2384,4993
1083,11
3181,4680
2725,4993
5032,4987
3533,4906
801,4961
3964,3878
1317,2846
3939,5000
3118,2843
4086,4905
2682,4720
2886,4911
1399,2855
819,4850
3707,4801
1121,4918
1334,218
443,4883
2612,4862
43,2785
3539,2764
1228,4861
744,38
2272,4739
4272,4952
4578,4613
19,4788
4479,4882
3730,66
1143,2827
3597,4762
2804,4769
601,2784
4550,4774
4323,320
4014,4877
3136,2789
607,4728
4078,4963
2452,132
2780,80
2024,4971
4045,4678
4643,3615
3298,5069
86,5001
4355,4786
3284,4947
2717,4986
4943,4952
3795,4860
4165,80
3097,2840
2165,4738
112,4994
909,80
3214,4909
711,1860
1055,4251
833,4946
1550,131
531,5066
3005,2831
3336,2767
789,5075
2737,4754
4478,2860
1684,2841
2769,124
2120,4897
4010,4752
1210,4860
2288,4727
1759,2796
2426,1861
4302,53
2228,1850
4049,2856
4395,4778
637,2846
4438,4876
346,4964
203,4917
2697,4786
1235,5066
1760,2824
1709,1857
1432,2835
1101,4696
3868,4779
3938,1855
3564,3877
1657,13
303,4882
1205,1735
3826,1748
4423,2818
870,5074
3350,4748
3407,5077
3140,2820
2344,4671
2521,2796
3873,4978
2926,2829
3694,2798
1605,2779
3849,4824
1456,50
4258,5065
666,2839
2151,4998
2998,4741
18,4934
3778,2764
2156,3883
4623,4772
2722,4955
1863,4904
4162,145
1984,4762
1681,4958
1698,4692
4299,4768
2100,5066
1557,4862
993,3877
2041,4936
2703,1838
4532,4890
2516,4986
910,4912
2430,4800
4838,2790
5011,1732
2363,4902
1163,4861
1907,1839
353,4872
4550,4738
79,2866
4515,4957
4100,4789
966,4911
3588,318
617,1735
4085,52
222,4858
2747,52
2921,4993
1764,115
4865,4855
2959,4830
3794,4763
198,4896
1166,2799
1610,2785
4922,2855
140,1725
1864,2832
4705,4961
4339,4831
538,1816
2602,5064
150,4689
2381,48
998,4862
2000,4992
1088,4777
3750,4815
842,41
1496,4831
1757,4668
3187,145
4420,4685
4147,2831
4568,2808
2961,4729
315,40
3984,4754
784,113
1624,4824
2927,1896
1680,4762
4130,4697
744,4849
3519,84
751,1838
884,49
1623,1842
3133,2790
2168,4978
1692,1737
2815,4687
425,1847
2018,4768
3299,4914
4162,4953
4812,2864
1528,115
152,8
2142,4954
873,66
4618,2864
2005,4828
3720,2773
2680,2764
3304,4913
2146,5019
1875,4884
4185,4746
10,4677
4207,4856
3735,4671
1968,2782
2454,2764
639,2853
2468,12
3261,4953
3525,1788
569,4931
3407,4815
3229,4784
3560,4729
3930,4911
2340,70
2199,285
4133,5063
1264,4962
1907,4772
2842,4683
2044,4858
1698,4728
2173,4784
2306,4892
892,285
188,4988
4924,1788
435,4749
1621,5073
1552,4792
71,41
4525,2808
2109,4831
2263,285
1132,2822
3623,4996
5046,4754
3046,4903
2756,4681
3249,7
2969,4972
1304,4783
1122,4746
646,4962
1114,4935
4413,2853
2580,5019
1195,5063
4377,4816
4711,2809
2982,4770
1687,4917
1866,1844
2029,1832
2987,4789
1399,4780
1109,4998
4396,131
2769,68
144,4613
3439,67
3627,2825
1481,2840
1249,4672
1365,4686
2008,4883
3242,4880
3782,2794
1135,2816
726,1840
3018,1851
4923,4872
454,5070
1136,2865
2326,4953
3524,4732
4651,2782
26,4801
4486,1857
1988,1851
2694,4692
2039,4896
1597,2829
4128,4964
2739,1845
5061,1860
1518,4778
2558,4858
5057,4921
4364,2803
3997,320
1232,1846
2041,4789
2315,1842
1305,4995
2675,4848
1910,5073
3082,2867
671,4994
2473,2867
309,4882
3176,4613
854,3
2005,2816
3622,2812
1779,4730
4523,4765
4310,4775
3623,4682
1475,4966
2756,1728
4159,4998
897,4920
3342,4734
354,1847
2017,4883
2709,5066
2536,2790
3988,2820
3383,4978
4559,113
590,3914
4117,5018
2235,4917
122,4670
214,2849
1965,4266
3667,117
3695,4251
4608,2773
912,4905
3618,2847
2494,1833
1504,2867
4045,4884
1749,12
367,1818
955,4635
4114,4901
2777,4792
2910,4732
2120,1896
1666,1731
592,4890
1468,4955
1530,4912
1057,4768
2802,40
4149,4909
668,2835
3338,2824
4329,45
3662,69
624,1827
2925,63
961,4952
3542,54
1097,41
1415,2847
2077,4690
2109,116
3650,4894
2133,4971
187,2847
317,4751
1172,4955
3477,4947
4030,4685
3796,4727
4086,4953
4008,1847
3850,2858
437,4955
1822,4820
3736,4250
4338,4880
4086,5064
2912,4778
3162,4749
3378,4734
4219,4892
2044,4787
4275,2866
509,2813
3373,4921
834,40
1609,4759
2574,4774
1873,21
1123,2854
4204,70
344,2862
774,4674
1363,2765
2202,2768
3241,4888
2439,2781
4213,4888
1419,4872
1261,4762
1122,1748
4426,4723
103,4900
2240,1734
2850,131
842,4635
819,64
5052,218
2676,145
4425,4793
2734,2845
3359,2794
4096,4727
3845,4926
1433,1788
4643,1731
1592,7
222,2812
4160,3881
2434,4952
3910,5018
4317,3877
173,4908
1853,5001
2564,4687
4468,4990
388,4972
1061,1818
1438,4997
446,1734
1429,4883
1407,61
1415,4896
2295,4817
1021,5002
135,62
747,2810
992,55
608,2812
3563,1808
3578,2840
2366,4931
4844,4986
3300,1733
406,4730
3508,38
3182,53
826,53
193,4675
926,4929
1262,4613
1121,4727
3835,4690
1920,2823
294,4926
4150,4882
3247,1896
379,218
2061,4781
2108,80
1770,70
4484,4817
1926,4995
1216,4742
4107,4791
3641,4891
2682,2768
4320,4887
3928,2809
649,16
165,318
3612,4735
3413,4737
2385,4769
645,4909
1915,4819
2755,2847
3482,1835
364,2814
2258,9
2130,1896
2587,4770
2908,115
2900,4763
2021,1727
3898,4635
4079,4824
1498,4769
1859,320
3264,4787
2400,4941
4086,2803
4626,4912
4454,4761
1220,4761
4019,1846
751,2768
2266,3886
513,1817
3326,4803
1345,2768
657,4769
3081,4797
3905,2824
941,1725
3706,2865
2057,4786
4478,4818
2154,4931
4405,2817
3561,4963
3255,4738
3282,4828
566,4669
4470,2813
554,2849
2935,4775
3527,2818
1702,4754
2684,2865
2119,4897
3870,4695
5060,4749
4433,54
1504,4695
422,2790
5083,13
2932,4989
2669,113
2358,4916
762,1844
4496,4962
4200,116
2484,5066
4376,4920
1640,2813
1138,4691
542,133
1785,4929
3313,55
1292,4905
515,4800
144,2787
4582,4896
1994,2831
4583,3877
3922,4978
3136,1846
546,4690
170,70
4431,4266
597,1833
4087,1742
1369,2816
2170,4747
461,4690
4610,4249
2209,4736
4559,2789
1315,4250
3870,2776
4310,4760
645,4848
5062,4747
4027,4787
3000,4964
2583,4739
3177,2864
4160,4613
478,4818
495,2768
678,16
3127,4882
4571,4736
1688,4734
1949,49
1066,4926
2890,2826
4522,2855
4026,1856
4666,2787
1790,4680
1990,2847
3424,4966
3811,4978
1243,4938
3562,52
704,1834
758,12
1192,4779
2760,2825
663,4675
3500,1725
1529,1827
4611,133
912,133
4628,4693
4289,2671
4595,1827
4071,4789
856,1725
2338,2844
4580,4904
5060,4690
2474,1740
3778,4684
2907,1726
3112,1862
4120,4957
4257,1836
2318,56
1359,4799
675,21
1478,4920
2473,49
1467,2789
3977,5075
1871,1836
1070,4913
1793,4877
3248,4727
3781,4755
238,4673
4150,4907
2208,5065
2212,4993
4399,1836
2374,1729
2537,2824
4975,4789
1868,4773
909,4902
468,2825
3580,4634
4439,4685
3450,15
699,2843
3054,1837
2022,2772
2074,11
879,4915
1315,1850
4106,4669
549,2818
418,4779
4341,4797
1077,40
2274,4673
4868,13
1111,1844
390,1726
4186,4734
3496,4689
656,4856
1782,2783
2128,2855
3390,2860
2207,3879
2504,66
1104,9
1449,4747
4108,4688
4225,3879
2515,4791
3918,3886
764,4979
1691,4251
1437,4831
171,4828
1247,47
954,1730
4706,4727
962,4266
4308,4882
1190,133
4510,4966
2850,4743
970,40
1165,4972
2536,4793
4844,320
2521,4831
3297,2779
3280,1851
3659,2849
1881,2799
765,4729
1901,320
552,4958
4524,4964
2434,3879
535,4880
2205,4937
943,2846
451,4968
4254,124
4440,1838
3868,4673
3994,4251
3894,1816
2177,4876
1235,4878
3498,4737
2267,2786
2971,4832
4511,4742
641,131
10,4747
31,4883
2665,1827
1797,4786
4711,4775
2416,4680
3701,5004
1565,2843
3116,2773
4020,1808
4319,3878
2319,1849
1176,38
4949,1847
1705,3505
3190,2845
407,1850
143,80
4229,4831
4087,4741
1890,4947
1694,4770
2648,2787
4711,3914
2416,2867
934,4751
1180,4947
2388,4250
922,2843
775,4894
635,4676
3025,1740
159,4672
1882,12
3538,3915
4227,2789
3193,4887
1389,12
991,4968
4146,4739
166,5063
4334,4953
94,34
3876,46
226,3877
3172,4679
2700,4749
3262,1748
2422,1737
3272,8
5022,2858
3004,4987
1691,4997
3832,64
4448,4693
1534,4800
514,4969
2967,3505
3763,4743
2120,1846
676,13
147,1849
3047,2800
3678,3914
4826,3505
3210,4764
372,1808
3206,41
2901,4815
3437,4952
978,1848
1317,4780
3554,4692
2205,4909
1828,4920
864,3
1107,65
5013,4684
4392,5018
3891,2856
3211,4775
2251,63
3101,63
1107,46
4012,4952
1719,4930
4176,4992
1801,4926
3358,4773
1315,4773
2588,5
2402,16
3950,2795
2949,4944
896,1816
323,4668
3515,2783
1286,4688
2314,4264
2341,4748
4621,2831
2364,2839
4152,58
4129,4946
1897,4848
1233,55
3581,1839
1767,4739
3117,2849
3765,4793
496,4773
1768,4963
247,115
3524,2853
1051,1839
4721,1817
1169,2864
5067,4697
3148,4265
3577,41
767,4733
3006,4910
2226,4913
3992,4782
4608,4797
222,4856
4142,145
332,3924
2287,4889
4375,4989
248,2831
1622,4686
1959,4860
123,2838
72,2820
2296,4990
1939,4720
674,4894
3988,1735
298,4769
2615,5069
968,4750
2896,4720
2404,4783
2777,4678
1627,2867
1721,4249
2038,48
3803,3885
2962,4816
348,2767
2149,1844
843,4692
1922,4736
1351,4786
4973,5066
2667,4940
242,2817
1601,1816
1644,46
2932,4696
1872,3913
1122,4904
2606,4889
1049,4946
3111,1851
106,12
4591,63
3114,2841
2124,69
2021,5004
3732,69
1002,66
4662,4857
1092,4903
395,4680
322,4776
4895,4913
5061,4697
1978,1732
120,4791
1154,4654
2276,4681
3644,4887
2520,4720
2720,2765
2686,4937
2890,4978
3366,56
3045,4891
813,4937
3546,4880
4518,4979
1099,4935
430,4892
3957,4729
486,1727
2114,3882
1804,2789
884,3914
514,2853
4059,4675
2251,1843
1476,4746
4445,4691
1559,2838
718,4760
222,4907
3269,4910
153,4896
2943,2838
3308,2800
4083,4909
18,4682
4467,1833
387,4739
3654,3615
1764,4730
2291,4729
1864,4988
1407,4673
3834,4687
2683,1847
1998,4956
1655,4848
445,4682
2296,4907
4352,2839
3101,3912
805,4780
2680,4965
1148,5000
1294,4673
3384,4760
1534,4670
855,4961
5028,1856
3544,4969
4639,1842
1006,4909
1765,4728
3253,4784
352,66
2850,285
2731,4778
630,4888
2935,4746
777,4930
3163,4783
2923,4873
731,4682
3480,1835
1496,4938
209,4964
2684,145
1697,4955
2503,7
3176,41
486,4791
1161,3505
1046,4765
4056,2849
3789,41
3299,4944
666,4972
3009,4831
964,1834
3109,4831
2630,4786
3481,5016
3576,4965
610,4993
4628,1856
4713,132
3191,1733
2077,4861
1093,4965
1828,4773
2455,2795
441,2789
2703,4884
2958,4819
2871,4674
3817,4266
746,1848
232,1726
3743,4987
3182,4803
1566,2796
2515,9
4802,5020
257,4684
3100,4894
4550,2795
5044,4929
2022,2773
4648,4735
1595,4720
1786,4944
4066,69
3417,4963
2160,2835
2937,145
180,4696
664,4784
1108,4267
1180,4936
3939,318
4095,4635
3292,4993
1983,55
1087,66
216,4972
1619,2816
3570,3882
981,115
2031,283
4203,4676
3011,4940
98,4723
165,70
1151,4755
2084,4847
2450,2768
1034,4920
2627,4988
5046,2856
2443,4728
377,4872
2033,1856
834,4990
748,4760
3570,4752
2314,46
3070,1727
3387,2795
4308,4883
531,1847
2670,3881
1000,2789
3657,13
2662,3913
2374,4978
2532,2826
963,4911
3535,4951
458,4880
2381,4911
3007,4687
3236,4763
1678,4774
4611,4680
4429,4873
2071,2779
3219,1835
298,4872
192,4800
4452,1737
2732,1838
1451,3912
3284,4862
1981,4896
4313,5070
1923,4762
415,4671
4165,1725
864,4800
4001,4675
3151,1730
3332,1832
3921,4747
2414,4987
769,4723
846,4675
1528,62
3263,4946
3450,4919
4709,2854
2060,4856
4452,13
1679,2812
2870,4265
3163,2794
3683,4818
374,4772
5045,48
1797,4896
3325,4634
394,131
3680,4727
633,4732
208,4689
3970,2788
2285,4888
4867,1857
2133,4969
2424,4963
3104,63
1318,4847
2694,4944
3652,2848
57,4861
2523,1729
4367,4770
3201,4887
1235,2864
1427,4965
1138,4986
760,3883
323,4878
3095,2821
4517,11
673,2864
4404,3924
1977,4940
2169,283
2052,4790
1552,4723
2360,1728
2459,4828
4259,4824
4143,2818
3050,7
2633,53
1069,4772
1639,4742
1208,69
3896,4730
1950,4919
1760,4266
3685,4955
3745,4971
1797,2824
216,62
1327,4749
1416,1837
3685,4780
32,2764
931,2856
2756,4739
2499,4765
1123,48
1796,4916
1207,2788
2771,4850
1251,4876
59,4750
3072,4889
4510,4931
2494,4771
803,4946
4844,4784
2437,4673
3750,4913
2883,4753
963,4760
26,84
3257,2808
3790,4774
790,1742
3669,4971
4179,4896
2797,1844
1630,114
1934,4918
1288,1827
1775,4887
2295,11
2035,4730
3299,5002
1507,4734
3510,4872
371,2784
1880,1856
2732,4675
1637,4264
3109,2858
1325,4674
1112,1861
344,4900
3558,4930
4219,4862
3493,4872
532,4697
3595,2853
459,4991
1497,2790
4160,2832
3481,4801
3584,4905
3433,4741
1915,4265
3680,4738
3955,3883
512,5077
671,1843
2113,4849
1617,1855
199,4759
2634,9
3017,2811
2959,2808
2027,2821
2752,84
3296,4654
2288,4253
1022,4264
2600,2772
2703,1835
4521,2800
292,4250
3343,4679
2951,285
1215,64
819,4894
1656,3881
849,4828
2592,2867
1313,4720
3720,5002
3906,5069
3431,2814
197,4847
1290,4855
3293,4997
4028,4696
2307,4749
439,4968
3473,4692
808,318
1950,5069
1958,1737
838,4966
1138,2855
1029,320
1311,4697
222,2782
4869,4919
3265,2795
2791,4672
2585,1726
4740,2824
3980,1735
1330,80
937,4766
3233,4743
548,21
3478,1788
3312,4941
3246,4735
2778,84
4657,4860
1904,132
4001,4762
2953,4776
405,4829
4279,4820
1199,2795
3521,2824
2296,4266
246,4249
891,4820
1489,2823
235,5000
3868,4746
3090,4797
4794,4734
905,4734
4705,4265
2156,4894
2459,9
3580,4882
3271,4751
2958,4677
754,1730
2595,4877
4540,2857
3689,4969
1427,4686
433,2847
3446,4755
1785,4935
3386,3915
3811,2790
2902,4989
1025,4779
2145,2785
4099,4654
588,4916
617,2831
3415,2845
90,4773
822,4754
588,4747
735,4916
1978,45
2340,65
232,4718
3137,4697
2060,64
3286,4785
1987,70
2092,2781
1902,1847
4104,4800
3806,55
4057,4935
3070,11
1086,4683
4575,1846
1639,4729
293,124
4487,3880
1446,4944
796,69
2489,4765
664,4723
3738,4886
3232,5066
2516,1862
3084,4779
4204,4906
426,4669
3069,4858
4385,2772
3993,4988
777,1837
1516,1838
708,2779
2033,1844
2277,4856
1541,4815
3430,4879
282,2860
2233,42
2008,4681
515,34
791,145
3023,2787
3484,2839
4923,6
1524,4907
2697,5020
2617,4916
2012,4685
865,42
1546,2781
3173,4951
1338,2831
2318,284
781,3884
210,2765
3656,4718
178,4891
3509,62
2467,3615
129,4678
4006,4730
2344,1850
1168,5
2636,2849
1353,15
1645,4996
2807,84
726,4787
1213,4856
4401,4688
1871,1838
3075,2862
1573,4739
3827,4789
4052,2838
951,4892
341,2849
4286,4681
3600,4830
2802,2843
165,1839
2246,1818
221,4752
477,4870
1637,1862
228,16
1893,4793
379,132
3787,4718
1906,1833
3199,4962
4008,4774
2995,4685
2611,2785
3500,2774
1380,4691
1872,1732
1271,4970
2256,1896
4134,4831
1340,1846
3330,4929
5032,4831
509,2774
470,4676
1512,51
369,63
3905,4751
109,4829
3668,5018
2436,4914
2972,5020
18,7
2390,5074
3250,6
2639,1725
1298,4937
305,2829
2118,1836
1328,4679
836,3883
157,4264
3958,4694
4840,2817
1472,1843
1246,4770
407,8
3330,1
2074,4937
264,4786
2351,4946
1938,5000
4316,1861
3175,4878
521,4955
2240,4832
4632,4944
2571,60
4520,4778
2931,4773
3021,4668
1341,4749
3585,319
3532,4693
3812,4765
4982,4889
3873,2851
3264,5019
2232,4904
1702,38
1192,1835
3626,4953
2905,4679
2250,4788
139,2790
2369,4831
4114,4896
4719,4763
485,4912
2673,4988
2166,1851
1672,3883
954,4828
4667,4817
4154,4996
697,2837
1465,4739
1566,4966
4426,3880
1648,2854
1589,4751
4794,4820
1573,4677
1108,2808
1213,1726
2189,4857
2600,4768
1874,4903
2584,2776
2411,2798
2409,4248
640,4918
161,1818
2635,2783
4608,70
1484,2866
2291,2809
91,4766
232,145
4424,2843
2725,4847
4158,1727
3339,2671
3147,114
4949,4749
1113,4766
4698,2779
2265,4996
1543,4934
736,4690
3692,4997
3848,62
1065,1808
2127,115
1829,4929
398,4828
2216,5070
337,2857
4809,3912
4540,1737
2919,68
1375,4941
275,4908
1313,2823
866,4815
2433,11
3374,8
3241,5004
3149,4907
1423,4762
1139,4905
5029,4696
293,52
3570,5075
4314,4248
1194,8
3699,4690
200,2860
610,66
1083,4764
163,4910
1981,4848
1414,4755
2912,2774
1762,1862
888,3879
3283,285
3814,2818
4314,2833
4404,4783
3713,3883
1145,3881
4632,4682
1562,4693
2488,16
2566,1827
1978,4741
1774,1731
4837,285
3652,11
2393,4989
3947,3505
1179,4946
178,3886
3586,4788
27,2790
2884,4720
2802,218
2659,319
1967,2781
868,2841
917,5
1070,53
3476,5001
3876,1730
233,2822
1781,15
3208,4906
3873,4741
4452,4762
22,4681
2747,1841
2405,4917
3825,4748
1987,5065
4628,45
3998,4955
2802,2851
773,4880
2668,3885
2132,2846
527,4764
2876,4673
4340,2790
4413,4994
2383,4723
671,4897
482,1832
1569,4251
2722,4951
1018,4734
1924,4792
153,4938
2226,5069
442,2773
4655,4832
527,2816
1147,4817
3449,116
923,4958
3668,5074
2144,4828
3232,4801
2265,3915
2515,4883
998,2781
2467,131
86,4815
1519,4961
3055,4892
2622,4892
510,4266
1911,4736
3323,4849
3785,3884
980,4987
4638,4879
755,4934
1436,5065
3452,2838
2738,2864
985,4736
267,4673
5015,4654
823,4993
3897,2800
30,4768
3741,4830
1295,1731
4433,4896
1545,1788
3922,145
1928,40
520,2813
3335,1834
714,1727
2176,5075
239,2848
1209,1844
2591,2816
988,3877
3556,4668
4575,2856
2850,4894
3756,4998
3840,113
2193,4917
760,3
2106,2833
451,218
2565,34
3533,4748
731,4878
1230,4787
75,1847
5049,3
536,5066
2173,4872
1746,4676
1793,1860
1948,4872
1807,2790
2315,4693
2002,50
1646,4750
2121,4870
783,4890
3764,4780
3450,4686
3902,47
1037,4728
2758,3878
4427,1733
2250,113
3379,46
162,4855
2777,320
3241,49
3616,1855
3641,4916
450,66
879,1839
1167,4913
3171,4696
348,3877
3468,4743
2260,4884
1652,1844
553,2864
1993,3884
589,4900
4974,4250
3798,2844
3405,4681
3599,2853
2735,4731
4385,4886
2301,55
1436,4909
3920,4909
4999,3886
873,1851
822,2776
2597,3915
263,4857
3575,2848
2413,4914
2962,3615
3710,4676
2560,4919
1331,4862
4096,4769
1285,1737
1858,285
1625,62
1499,4916
1043,2855
3298,1834
4238,4870
2941,4737
1513,4720
680,2855
3332,4728
850,319
4563,4747
1416,4762
1028,1728
2275,4856
1315,2767
1317,4753
2679,4739
1330,1840
955,4817
2646,4680
688,4921
3332,4766
2536,1731
259,4771
26,4954
563,2832
4512,4921
4023,5073
917,61
2528,2827
1707,1848
2173,2671
795,2774
156,4613
2557,4828
816,63
3974,2790
462,3885
3588,4749
2459,133
2680,2796
3989,1735
1550,1860
4837,4785
3508,319
1763,2795
3062,4964
3678,4938
482,4761
2229,4876
4373,2808
165,4937
4100,124
2597,2853
3613,285
1186,5074
1094,4267
1639,1729
1971,4947
2662,2837
2899,1733
3709,4769
4220,5070
3031,3884
4413,68
4368,4920
2303,4737
1262,2847
4837,2821
1665,1849
217,115
3828,4733
2756,1740
3444,4934
841,4785
3413,4678
5024,4873
2083,58
2575,4876
2639,1837
383,4720
246,5065
1791,5069
198,4972
2173,16
2095,4909
370,2764
1934,1860
4139,4931
2714,5001
1010,4816
4472,4739
167,4965
3091,2796
4933,4634
4552,4892
404,2821
4614,4784
1705,4940
4502,4862
5055,2794
751,4251
250,2773
3928,4734
2158,3914
1947,4692
2191,4954
3757,2813
2662,4909
111,4265
1753,4886
3592,4953
835,4728
2163,4774
5072,2820
3141,4753
2651,4720
31,4824
4430,4718
3134,4947
2652,2866
2707,4787
4391,4929
3852,2829
1010,2840
4269,4762
181,4989
3807,4697
4102,4751
4397,2837
2384,4998
4811,2827
2919,4250
3313,4906
4150,4763
211,4250
2522,2856
1619,4857
2948,4940
2692,2774
1019,2824
3555,58
4827,2774
3181,2816
4427,5063
4085,4729
1749,4763
2071,4764
2250,38
4484,4857
2132,70
4711,4913
455,4790
3550,114
4745,12
4462,4970
2269,4947
3572,4674
1317,2764
137,67
750,1
3491,4860
3017,4913
1854,1861
1906,320
335,4729
2714,58
2140,4951
608,4748
2031,2812
5079,4992
4186,4689
2481,4685
1203,4778
2510,8
4412,4824
112,4682
2412,1818
889,4793
2135,4905
1938,4954
1670,4857
3007,1837
3745,4969
1501,2851
1157,131
3434,62
4355,4793
3929,2820
59,4883
2148,5070
1793,2776
82,4972
2878,1728
768,2764
1623,4675
239,2831
3301,3880
175,2843
4657,4677
619,49
777,4879
1512,4908
4650,4947
1870,5004
2568,4936
873,1726
1184,4830
4140,60
837,1847
25,11
2179,4918
1948,4752
2443,1896
498,4964
1606,4672
689,4788
1577,4733
3367,4755
3523,3913
1457,1827
3118,2799
3186,53
1878,4800
2578,4896
1255,2799
2929,4732
2683,21
4600,5018
2834,113
2481,2847
2236,4995
2115,4818
2405,2784
1021,4697
2211,4634
1483,4972
926,12
759,4266
2674,4251
4927,4858
2219,4801
4382,4816
623,51
4207,4944
2691,4878
736,4736
404,4824
3144,4929
1113,2853
1812,4939
3693,6
3740,4738
824,4952
2733,4969
3943,1838
3735,4965
5006,48
1358,4947
1599,4787
1919,1861
2256,1728
4001,2784
1424,1837
2995,5075
3782,113
3720,4891
3836,4914
2656,15
421,4907
2103,284
5042,1733
2278,4913
544,4738
358,4882
1266,4963
4339,4947
2382,4979
3463,68
3509,4873
2944,4747
3282,4681
2361,4872
94,4914
2025,4908
1457,3880
2097,2822
2120,4930
4757,4992
2167,284
718,2820
1150,2827
4126,4860
479,4877
206,4815
247,4908
4555,4793
2703,145
2021,5001
2610,2767
1801,4733
799,55
4131,4912
4224,4771
4514,4677
3036,4965
1898,319
2638,5073
1221,42
3138,4668
4344,4829
3964,4720
2184,4939
4008,2795
1490,2833
1504,1862
359,2826
3187,1837
2405,4904
0,65
3550,4885
3555,4749
2195,4253
1254,61
2993,1788
3609,1734
2608,4989
3364,4697
4599,1837
2807,4914
4745,2823
3005,4934
4094,4972
3330,5064
3799,4777
4158,4939
2516,285
1912,1835
3957,4760
1333,1849
3395,4940
4659,4947
466,4913
3866,5064
3540,2855
1194,4788
3462,2774
4066,47
496,4691
2006,4799
23,4920
3805,4890
3546,2671
4472,3880
3443,4668
462,4780
3430,1817
1988,2841
2619,4971
103,4746
1466,2835
1100,53
1736,1857
4807,1862
2486,4689
1373,4831
2123,4905
4238,4730
4846,4751
989,1731
2780,4685
2734,2798
4421,1788
3980,2844
761,284
4394,4265
1599,4971
2736,4746
2249,1748
974,2820
544,4782
1961,5065
328,4904
2740,1862
568,2839
4188,2784
738,4879
936,15
2605,320
1325,1847
2551,1788
2093,4729
984,283
2602,1734
4335,2784
1516,4690
1656,2829
4710,4888
4925,2851
2709,2823
4646,2800
1455,4954
3778,1732
3048,4921
3420,4946
4611,4879
298,2782
3236,4672
2949,2800
4556,1733
1255,61
812,4686
4569,4850
475,47
1370,4829
3661,1839
897,2779
4513,1851
4391,4909
1378,4791
1779,2840
2409,3615
2589,2788
2985,4986
3605,4769
3827,4900
3753,4681
2579,4782
365,3505
2069,2820
1640,2781
1176,4855
4412,2829
1712,1841
796,4677
3645,4828
2618,4987
1741,4781
4616,4770
882,4731
4384,4785
934,1730
4060,1856
1518,5001
1318,4689
3133,6
2269,7
1920,4917
1309,4679
3456,4986
1569,4915
1949,4759
4185,4916
2140,4940
1779,4673
1535,2812
1413,4682
1204,4962
3232,1843
1054,284
3641,4770
2972,4877
3003,124
2533,5064
2217,1831
324,4777
2375,2810
1336,2812
800,4678
3435,1838
4618,4954
3491,1860
4117,4886
4597,4951
327,5069
3910,4896
2082,65
572,4680
700,2809
538,1740
1995,42
1386,4688
1391,4897
3490,42
2986,4789
3120,5019
3696,4730
5017,47
1108,4680
4807,2838
1783,1848
1353,4998
2402,2832
5038,4938
4344,5064
2623,5001
2568,1833
3976,4680
1543,2795
3697,3877
649,1857
255,4723
2925,58
613,4953
2553,4910
2278,2808
3174,2794
2245,1742
727,4870
4479,4693
1372,4697
4306,4800
463,1848
3416,5020
4127,2798
3917,4879
1493,2860
4417,66
5007,2811
1162,69
1020,2781
787,4688
265,3913
4309,4765
380,4832
3143,145
4258,4848
1544,4672
2053,4248
3874,4970
1324,1835
1114,15
2011,1847
927,3878
3548,4989
466,4635
1717,1725
1265,4801
198,4926
698,4965
421,4918
3402,4886
3150,4892
4103,4911
2255,4761
3552,46
2426,4770
4843,58
4231,2814
1266,4988
4653,4904
3008,4803
839,2781
2386,4779
2387,4862
4039,2772
682,1832
981,4879
825,3615
4160,3886
4053,4988
2037,4887
1421,2779
4440,3885
3625,2865
3585,4675
3106,2866
476,55
2603,4931
2050,4929
4178,4912
3977,4877
891,1857
4560,4720
2309,5002
4305,11
959,4751
32,4966
4340,4988
2999,2671
100,1845
422,4250
2115,4676
1257,4889
2389,4696
870,4677
1315,4824
3022,4883
3219,48
3416,4954
1075,4613
2213,115
1538,4832
2684,2798
3803,318
3545,34
456,4987
3103,4991
2608,4946
4496,4746
613,2827
3260,4855
1435,1817
1483,4860
3351,4904
700,4789
1923,3912
3126,4775
1132,4253
3599,115
1276,4909
569,4905
4823,4990
3577,4779
1172,67
904,4897
2516,4770
2682,2781
2243,4778
1243,4793
1778,4858
879,4870
1746,4883
4349,4964
2943,4778
3906,4902
2378,4894
1173,4879
1560,2823
3597,4792
5022,4771
1081,1740
2441,2813
844,114
2619,5073
2659,2844
4354,4908
2731,2811
3758,4910
4450,4793
4379,4956
5033,6
3413,1844
1829,4677
4557,2789
2583,1748
2134,3913
3011,4873
241,4850
2570,4872
721,4776
1261,4729
1895,3878
1981,4769
2339,1725
2551,4909
2522,4921
1382,1742
3155,4671
1373,5020
2371,2816
1258,2832
2939,4953
2154,4940
2623,1850
2392,4729
4193,4677
2928,5019
472,4877
3676,1742
893,2840
1088,4830
3214,4994
1307,4988
3861,65
3009,4900
4459,4672
3163,4679
426,4248
688,4736
446,4752
1097,4900
25,2849
3156,2789
3173,4737
1407,2784
4558,4936
4622,4989
3120,4914
1295,3884
4166,4681
3115,2845
1088,4971
136,4817
2643,1856
3672,2794
343,4978
3485,2843
3181,320
808,4782
4196,4679
4037,4799
1653,54
1595,2776
2077,1835
4392,4873
91,3914
688,64
4344,4685
1974,1896
2196,2803
921,4930
795,4905
1275,2781
2114,2768
2328,4998
4128,5069
2246,4793
2319,1740
2226,4749
176,4906
4480,4250
1931,1833
1616,2845
3100,4918
2592,4913
4333,4669
1423,5001
5082,2800
1474,283
1523,4990
3440,145
2913,1827
1258,3914
3345,3914
2699,1856
2622,4828
970,5077
5058,4896
3477,1841
185,1827
2770,1835
934,16
1053,70
445,61
2316,1851
1604,5075
1877,1733
4351,116
1597,3886
967,1725
3407,58
278,4830
4151,4912
3448,4752
1755,3882
2706,2764
3077,4743
3724,4678
3853,4763
2042,4676
389,4897
3372,4776
596,58
971,4778
2743,2821
710,70
4626,4674
1239,4936
2508,38
686,47
1943,1851
3130,4729
192,4887
3153,4776
87,4778
3246,4766
241,4267
919,4776
1075,4910
2640,60
1164,2833
2875,2812
1624,4905
367,4684
2119,1742
1020,1855
3176,45
3691,4995
1885,54
4058,6
138,5
1422,2803
2173,2782
2561,5070
1640,2782
1138,4720
2516,2856
1057,3915
300,4937
1042,4970
3398,1737
3171,65
2077,4970
1341,1835
1760,4678
3204,4730
823,2816
4501,4880
2544,3924
2470,4763
4299,4753
836,4937
4320,4820
402,2799
2677,42
4446,4819
1363,4978
1960,4917
1638,4803
1296,2809
3509,4748
3258,5004
4473,9
2387,1726
2964,4887
1142,4877
3046,4970
3971,4692
915,1742
1278,4886
577,2799
1779,4879
3320,4952
3941,4634
3971,285
3140,4770
2427,2818
269,117
2955,2794
1317,4991
2357,4879
1928,3884
2434,4831
1720,38
1212,4906
3302,34
4213,4817
1911,4889
4644,4828
4326,1831
4114,5004
97,48
1895,1848
713,5001
3172,4750
1942,4752
1961,3914
2669,2844
1166,4750
3666,4776
4842,61
3358,114
735,2849
264,1848
1664,2671
548,40
1701,4748
3694,1729
3838,4912
779,4876
3657,1817
1720,5002
903,1827
4315,117
1704,54
2747,4901
4119,4897
2309,4791
2326,4991
1150,4961
2881,1816
4611,4249
2942,4736
3940,218
3191,64
1965,115
2265,4847
3926,2785
2625,3915
1231,4954
3327,3913
2275,2839
4449,4850
2312,4690
2448,15
1936,4761
2279,3915
4152,4683
415,4253
4050,2787
2470,4743
1610,2864
3722,1734
2601,4784
1547,4914
4425,2867
3520,65
5068,4815
1044,4729
2451,2854
578,63
2433,4688
1363,4878
3606,4935
3926,4671
2968,4938
4351,2795
2905,2768
5024,4742
3305,4912
3659,4897
4256,4848
3603,4729
1949,4877
867,4957
4549,1861
2552,4817
3567,2772
577,4944
2460,5001
168,1896
2541,319
4510,4935
2940,5016
272,1734
2101,1731
1434,3915
2047,4920
1492,69
1387,4849
528,4938
4504,4955
4533,1896
1212,4739
2896,4791
2973,4909
2197,4819
86,2782
3665,133
4473,4784
2292,4951
919,4816
4615,47
3108,4819
1866,40
1706,4249
2124,4677
3239,63
3325,4824
1486,4800
1509,1737
179,4969
3479,4720
1070,4978
4810,4915
3825,4737
2281,4919
3109,4755
3390,4688
36,4728
5055,4803
661,4935
1526,4831
1240,2824
3131,1817
4758,3886
2436,1817
3999,2784
584,2671
1071,4886
3126,4951
1985,1847
2429,4778
2559,4815
3927,2818
4812,114
4101,2671
1470,4752
2261,2821
5080,4770
3080,4815
1451,2864
4069,4265
1306,4916
1294,2846
1937,4801
2084,4685
2485,5002
2541,4818
1906,2825
274,4872
2113,4992
3279,4909
3264,4634
1356,4782
2172,2857
1693,34
3439,4743
698,4870
1720,2772
1962,69
1939,2866
1281,1816
4590,4695
2659,2779
2469,2845
3989,4929
4028,4905
1763,4776
2348,1733
4899,5073
4347,2812
2627,2843
3147,4915
3652,4892
4330,4953
573,2774
1088,38
4853,4938
3246,4739
709,34
2638,1832
3798,1848
1228,4250
1421,1861
1282,2785
2160,1846
333,4679
1571,4937
2957,4776
429,5075
3722,4992
400,2867
3555,5073
4470,2816
3121,4676
4162,4944
3894,4953
3216,4944
2111,4774
2241,4972
939,1731
3569,1730
3451,54
1362,1
219,2845
2946,4797
3743,4861
4578,4979
2577,3915
588,4912
4107,4728
2703,1732
389,1788
1493,4686
3474,4861
4389,4986
3779,4250
1245,2831
264,2809
3029,4692
1037,4951
3508,4727
244,4972
3068,4971
3444,4862
314,4958
1055,4727
904,4668
409,4789
4342,124
4515,4753
488,4250
3624,1839
1947,2848
3672,4819
440,4904
1932,4955
2541,1731
1380,4968
4402,4856
2305,13
3991,4855
1774,5000
800,4668
1147,116
2304,114
4865,4677
832,132
881,5069
4064,131
3766,4926
2634,2856
1602,115
2325,4738
4833,47
1775,2856
4340,9
4205,4968
2532,2786
3875,58
1036,1788
3372,4777
747,49
3098,1729
3418,4858
1587,2855
4564,1728
2070,4905
4087,2848
4581,4731
4283,1832
3956,4750
4221,2832
304,4978
2193,4997
3668,2841
1373,63
339,4952
3418,2856
450,4675
852,4250
2098,4749
869,4932
3796,4885
730,2845
2214,4906
3368,1728
2119,50
1203,2853
186,4991
3997,55
2506,4957
2236,4677
110,318
2975,5001
590,68
4208,4734
1335,4733
3848,5077
1179,4778
2725,4855
4067,13
39,5004
5046,4250
4700,3913
3934,4904
2326,69
929,2812
754,4799
2154,2784
3511,3878
2510,4777
1592,2816
4020,2800
4859,3924
2592,5069
261,5016
1442,4790
2555,1833
1803,4876
2886,1839
1476,5001
876,4953
3036,2851
1371,2790
3864,2786
843,117
500,4677
2453,145
1636,4926
2255,4886
4974,2768
3813,2799
3597,4914
4638,4938
1251,4998
4493,4905
3441,2811
1468,1862
4441,2844
4435,2825
2393,2822
4426,4920
4595,4963
3887,4265
3798,4267
4079,1733
4074,4803
3818,5
3716,5063
750,4249
1307,1842
3655,4743
1319,2855
1697,4783
3159,4692
3966,4956
4627,4994
4644,4908
3280,1728
1826,4877
1758,4901
789,4904
2627,7
4614,5073
1038,285
4416,4695
2963,9
4534,2840
1074,4857
670,4681
3411,4856
3022,4635
3696,4954
894,62
4666,3879
3827,4727
829,2841
4081,4955
4650,5020
3938,4900
2018,4848
1094,4799
1771,1
2550,7
2830,117
3300,1727
2275,4932
4546,2823
3973,4969
2173,4956
446,4890
1325,66
2588,63
4357,4944
2880,4749
3529,4683
1483,4818
4172,8
3110,4743
757,2810
1236,2841
2364,61
2199,124
2068,2781
2729,2813
3135,1837
3497,11
614,4856
1630,2853
1186,4994
3539,2772
2511,47
362,4994
2419,4956
679,4832
153,4978
351,4723
3611,5004
236,4785
2537,1841
1953,4734
928,4956
4100,4682
819,4873
4078,4856
3059,5002
383,4736
3378,4906
2029,4972
1610,4958
2052,5073
3943,4679
3288,4847
4103,4248
4164,5018
1313,4937
3660,3883
664,3883
1770,1731
4393,2816
2296,4968
2352,5002
3665,2823
2746,4739
92,2857
2009,58
915,4687
1264,2843
89,2817
234,1850
3133,1742
1990,4911
5052,4856
4633,319
2513,4906
2893,1742
3007,4718
1752,4763
2512,4995
601,4890
3043,3913
3024,70
4923,4858
2466,5020
3635,2790
1999,4862
2464,13
203,4956
4810,4815
2194,4978
715,2776
3470,1748
2142,3879
544,1788
4315,4763
1335,4886
3234,1835
3412,2827
1603,2814
3475,47
3003,2774
2604,2851
4374,4995
2422,62
3933,4873
3869,52
3454,4916
4241,4670
3627,4777
3225,1861
2859,1731
2702,1827
427,2767
2971,58
1017,1848
1519,1
2036,4677
3351,5019
1063,4939
736,4739
2452,3877
2467,5063
22,1835
4190,2764
1868,4730
3137,4720
1949,4780
2229,4850
3059,4936
2121,2810
1854,4987
737,5016
1966,4753
3552,1748
459,2786
2258,113
2087,2841
257,4265
1203,1827
3392,1732
4475,4773
650,4992
2459,4799
3862,5002
980,4880
5051,4727
2408,1857
3548,4931
4345,13
1638,4635
1133,84
1198,2844
2163,50
4865,4728
4655,1847
3061,2849
3597,4986
690,1851
2570,4761
1200,4956
1061,5020
158,2776
2200,4894
1023,4955
4154,318
1572,4735
2393,4995
3865,4675
2388,4847
1549,1729
1030,4914
1502,4879
4714,4689
2043,5077
4396,38
2596,4251
3493,4755
3164,1730
3152,3886
1433,4789
1303,4955
2205,5018
1365,4786
1258,4991
2929,4915
3375,5077
2579,2789
732,117
843,1844
123,4677
1580,4695
2185,4903
3594,63
2275,4879
101,4906
756,2774
4811,4779
1805,1839
3617,3886
3246,5069
1522,4896
1612,4902
1513,1855
3265,62
1075,2773
3728,2826
688,319
4228,3877
735,4915
4500,2789
4091,4968
1432,4993
1794,1848
447,1731
3162,4684
4601,4764
2739,4917
4959,2812
938,2846
4368,4816
376,4946
104,4781
3711,2803
3274,6
355,2824
530,5064
1520,5074
228,1725
1038,1788
4199,3885
233,4969
4157,4672
1320,4681
303,2790
4479,13
3464,2824
4726,6
1345,4679
264,4763
4516,4769
3811,4987
3133,4955
4303,4955
309,4858
4029,2845
3802,4897
194,3615
691,4997
1869,4892
4182,1831
235,70
4035,1849
4243,4937
2001,2825
1875,2832
4252,2813
3773,2849
690,1
1901,4781
2576,2820
3280,320
4140,1860
719,2835
247,4877
4301,4938
639,1860
1991,4941
4866,4958
2319,4769
1707,4250
2254,2810
130,4889
4131,4817
78,4759
2739,3915
2133,1844
4262,4786
1063,4815
367,4799
632,4900
3277,4775
4245,4965
857,4788
3225,2773
1858,4987
3807,1727
3077,8
2937,4919
4299,2800
1901,1834
3271,4718
2720,4891
3092,4876
1616,2781
239,5002
257,4772
4300,50
4960,2821
2185,2833
857,4694
3944,4762
294,1733
4503,4932
3692,4879
266,318
3575,4997
2648,4828
4371,4753
4214,4754
5046,2790
1750,4998
2913,4952
287,4989
3632,2789
549,2827
1054,4904
1722,4735
4598,68
1123,2866
1055,1837
1708,4670
4246,4797
2360,4919
418,4770
2199,4763
3232,4766
1803,4879
996,4939
1625,2845
4389,4735
3992,4989
3137,4954
3345,285
303,2837
4949,4904
1330,2823
2691,1727
1214,69
4089,3913
4846,4671
3922,1740
1683,4966
3308,2823
1305,2796
551,4761
3323,4906
553,56
4756,4815
2921,2822
1995,4889
3349,4935
798,5063
3949,1846
4290,4988
2651,4921
2384,1896
817,1740
2878,4883
2700,4727
738,4910
1065,38
4313,4918
4711,41
4796,3881
3803,4787
2512,4919
4080,4892
4261,2798
4609,4754
1305,1728
4188,4994
1922,4930
3100,2816
148,2853
3324,4613
1794,2768
975,4941
2735,2840
5060,5
888,1841
3638,4754
1025,2822
1032,4729
4096,65
2309,4900
1874,4896
689,2857
2594,4754
919,2827
317,4916
429,4890
265,5065
451,4862
801,4751
4215,2786
2590,4830
4875,1862
1612,5000
1500,4754
3489,1827
1150,46
1435,4786
3529,4682
2739,1817
1890,4249
773,4936
4076,283
1868,4800
3413,2817
2073,4908
352,4849
443,4906
1458,5020
4623,51
4622,2658
1926,4654
4642,4743
3811,47
2024,4760
2141,61
4845,16
4630,1732
741,4955
3667,1856
4319,4673
5037,2838
4121,4720
992,4911
1613,67
775,4742
1960,4883
3250,2835
4893,4696
2006,4693
3663,4877
4480,4736
3919,2812
3581,4737
4563,1730
4317,4930
2624,1733
1584,4792
2542,4695
3170,2820
2069,4941
1688,4955
1915,50
1612,114
3435,4769
4171,2862
1494,4971
3458,4901
663,56
1649,3879
4620,12
2,84
3762,3878
4542,2858
3705,3924
1503,1729
4923,4861
360,4728
679,2799
1800,4993
4514,2814
1028,4888
3746,4772
1359,4815
596,4941
4478,4986
1772,3924
2698,1726
3361,58
895,4878
1579,2812
1089,4676
3475,46
1585,4991
2137,12
1171,4961
4871,4776
4069,4738
511,4939
708,42
4814,3882
3364,2790
128,46
920,58
4545,2671
4065,1832
3062,4742
1201,4944
448,2787
4223,4832
2586,1849
1771,2790
973,11
4029,4913
2680,2856
4306,4771
1020,2846
148,4995
3300,4918
3818,4986
3304,4860
737,4797
1893,4860
3652,2818
576,4989
2226,4727
3574,116
2401,67
3015,4917
323,3924
3789,2843
4474,4735
3132,2658
2548,5
3336,4955
2286,4994
4290,1833
2700,3885
4027,4783
1256,117
542,1788
597,3915
4157,131
1592,4971
393,4979
1593,11
2372,9
1640,4674
530,47
2030,2820
3309,2789
4583,62
3305,4882
1751,4955
3289,4789
4626,4904
2311,4951
4865,4735
1784,2781
1026,4787
2895,4889
3500,4685
2757,4888
3972,2768
2186,4751
4295,2772
3311,5069
4070,1862
1553,320
3391,4762
3150,12
3396,4908
4863,2782
3841,2798
4325,4672
3254,5020
3237,4765
2155,4685
4427,4679
30,4961
3798,4909
990,4654
3562,4685
2530,4734
4564,4991
1206,2831
3805,3883
3147,4832
2880,3877
2842,2826
1603,2781
1562,2854
176,4720
1484,2784
277,1846
164,4676
4895,4815
1128,2845
3511,4961
2109,67
3042,2808
1586,1730
3767,3505
4487,2809
3675,4938
183,4686
542,2864
3546,5002
3019,1845
1401,2837
665,2851
3774,4775
1072,7
3779,4879
4637,4978
3062,5004
279,4727
879,1834
3521,1860
2683,3885
4576,4773
1676,4765
3995,124
3682,3505
4985,1808
4216,3879
989,2803
2595,320
3465,4738
1362,4686
3631,65
649,4861
750,4820
3199,67
914,4747
4133,61
554,4770
701,4785
2432,283
3706,117
4609,1840
531,4689
2213,5074
1289,1833
3564,4830
1459,4993
102,4730
638,4760
2403,3505
2577,2844
2717,5000
384,1816
1674,5070
2148,4994
1028,52
2535,2781
501,4685
3725,320
4300,4911
927,4765
3281,4969
2465,1740
268,3885
2428,42
3682,1727
231,13
159,1840
725,1846
2689,4776
4237,2855
3329,4728
1961,4847
1547,2658
1578,2796
3160,4911
3711,4762
3626,4993
4650,4887
3451,2812
1473,4675
4452,1842
2196,4253
3850,2811
5003,4987
3124,4776
157,2798
4512,4926
1367,2844
1452,4730
2250,1837
2759,4903
2881,1841
2884,2800
914,2854
2732,4752
4352,318
2456,4267
2687,2837
2686,4972
4015,1837
2863,66
92,5066
3375,4799
757,2788
3529,4670
1077,4848
1107,4926
2441,4891
425,4878
2060,4992
2468,4849
1182,40
4981,4733
82,2803
3661,4776
1686,4896
2550,1856
2105,5002
1219,4970
4160,1735
4450,4749
4302,4954
1889,2854
5022,4862
165,4694
32,62
2510,4681
1647,131
27,3885
4404,4253
553,285
3003,1860
3088,58
2636,4907
2476,16
2533,1725
4038,4979
3184,3883
2415,4778
20,4896
2277,4789
3728,3885
3554,3879
3112,4918
606,52
2732,7
1063,2858
1887,84
716,4750
4403,2808
835,4735
4268,1727
1783,1844
3703,4800
281,47
1507,4858
688,4939
4115,4732
1358,2832
3077,4907
1421,1850
3558,4735
3509,1832
2655,1740
4538,1896
3675,1841
4039,2864
2184,113
665,66
3389,4730
1249,4820
4206,285
2258,5069
418,50
3367,4731
839,4946
687,1862
4611,1842
1714,4873
481,4743
3404,2832
10,4896
1417,2789
4232,1733
903,1730
4181,2862
4090,4878
4827,4889
0,13
563,4901
4357,4847
348,4672
4292,4735
2704,4913
2742,4889
3250,2764
2453,4951
3028,4829
386,2784
3483,42
4252,1
157,4674
4451,2822
2708,4872
909,5075
4144,2798
430,5070
268,2812
2107,4828
519,4937
3968,2837
2492,2814
901,12
3466,2803
2374,2814
849,4952
1939,2764
3824,50
2679,2809
3010,4265
3235,4896
1722,4995
2792,3914
4129,3505
2270,2838
2100,4894
335,1842
375,4953
4577,4995
2609,4862
4237,4944
4476,2658
2424,2776
2007,1856
3354,4689
811,4691
3256,2783
4985,48
4865,4995
229,4997
3281,4896
1641,4681
2561,68
590,5069
4866,4803
2771,1827
3509,4912
2950,54
4809,115
976,1837
1007,2831
4070,4782
1507,4920
2261,1817
2907,2843
2893,56
3717,2768
2101,1728
2518,4748
3806,4672
458,4750
3888,2837
371,4791
799,4992
4291,3886
1576,4911
328,4674
972,5019
3216,4681
646,2816
3817,4766
3657,4754
4490,4931
648,2788
2371,5016
2897,4861
1322,4912
743,1837
895,1818
1966,117
3352,4876
3022,4887
2193,114
4456,4803
4262,4938
790,4676
1012,4956
153,4737
1438,3877
1240,2827
3788,53
2815,285
3451,4993
4064,1845
339,3878
1888,47
104,2785
3944,4819
1961,2814
1558,284
1151,2848
1459,2772
4508,2803
4124,4855
3291,4870
2283,4858
2118,4793
2331,2820
4798,4720
1091,38
1907,4675
327,2783
2597,285
3179,4685
160,60
1180,4888
2424,4819
4959,5063
1009,41
734,2862
1338,1832
3624,4733
2300,5018
2002,3915
4554,1730
900,4966
1475,4790
491,1788
2281,48
2512,4788
2732,2773
1878,84
3842,38
762,52
3830,2765
4142,5075
4527,4675
1518,2835
2956,4780
2029,4720
1526,50
4942,4847
2636,4689
3081,4772
4407,1857
1995,1845
2008,1837
3221,2776
2675,62
1073,2789
2020,4751
642,4734
373,4831
2637,4766
3960,4673
342,4970
301,11
1952,4886
4852,58
4185,4267
1238,2843
2119,4888
3930,2812
2330,2864
213,4952
760,9
843,4778
3679,2820
2637,1849
2076,4791
4148,4991
2992,2824
1899,1
3537,4803
2249,2865
3298,2860
3769,5001
1657,2827
164,3878
1548,2798
4452,4772
2685,4747
3630,1862
4564,2858
1111,4782
1923,4870
4414,2789
1621,2833
2272,5000
3599,34
1067,4886
917,4963
835,3913
2734,3881
1063,4969
2141,2855
2294,4887
5061,4997
4513,4759
4530,4815
4466,1730
425,4770
3338,1843
2314,2867
3656,2814
1198,4782
4136,2790
3546,4781
1515,2809
4973,3914
938,2844
4389,5064
2211,2838
2237,4670
4460,2855
2092,319
1057,1843
1540,4697
2489,4917
3478,117
3279,218
1247,284
335,4781
3086,2858
1469,2782
1289,1832
322,2827
83,2821
2367,4749
3384,4930
3211,2767
976,4683
3430,124
1886,5000
2325,4894
4843,4782
635,4962
495,2862
1304,1845
467,4820
3366,4944
2745,4970
3594,4671
428,1729
2243,1837
2758,2812
3956,2783
3699,4910
4706,4938
271,4946
2874,2768
1128,4731
100,2785
2999,2844
743,6
841,2774
95,4751
173,4860
697,2818
1201,1818
708,318
2155,2820
1681,3913
149,60
2586,4265
947,1827
1513,4901
3022,1833
822,4917
1600,4855
192,1728
1443,3
2123,40
2596,2866
2116,4900
3644,4956
3014,4885
4449,4872
1299,2796
4012,3883
2665,4786
1162,4896
2280,4688
1822,1856
1130,68
3051,4989
3016,5064
2934,2822
3140,2773
1003,2671
4158,4761
2463,320
4291,2860
4646,4935
408,4824
3051,5019
4161,124
923,4862
2198,6
2234,1735
1357,61
3996,4729
1706,2818
3332,2781
3088,285
788,4697
2069,4693
936,4940
3070,46
2882,5000
2420,4991
4716,2835
4655,4996
2255,4883
3411,2867
1853,3913
196,2767
1298,113
2571,4765
4108,4824
3214,4781
1148,4917
3960,4908
2140,4749
1887,4889
2144,3912
2695,4916
3618,2837
3354,4892
1930,4824
521,4670
2187,4750
2889,2847
5045,2823
4922,4883
3975,4791
2384,45
1274,114
651,1835
3786,4849
2939,4850
3145,2839
1443,4991
1110,4682
1782,117
1887,4829
4482,4998
817,61
4415,4613
3192,1861
670,4831
4656,4820
2416,4884
4176,4878
3893,4686
3875,2851
709,4816
616,4764
2082,5016
3632,4952
1415,61
441,3
4483,4654
662,1836
4428,4774
3037,4897
1176,4824
3105,4966
2246,45
1458,2783
4102,4914
2603,2853
370,5016
3667,5004
105,2853
1953,4738
4568,70
5071,4675
2359,21
3828,2844
3582,4912
1424,4916
768,4872
380,4972
137,1831
2045,4978
3611,4783
2792,3915
496,40
5009,2816
1779,4817
2587,4816
1336,2862
815,4947
678,2821
220,2847
4366,4729
330,50
1958,2829
1579,4676
2476,283
4303,4738
2633,4912
1723,4965
3510,2851
4501,52
4767,2789
231,2809
980,285
4234,5016
1992,2813
4154,2788
2927,4752
4011,4979
3543,50
1443,4891
722,1844
4049,2853
1047,4830
4075,4849
3307,4747
1885,2803
1572,4900
2337,4782
3306,2822
4626,4264
4980,4762
4254,65
1781,4815
3907,4749
2530,2839
784,4885
303,4903
4183,218
3226,4970
2582,4742
3980,4970
3438,5073
3002,1896
4439,4910
4087,117
902,4791
2263,4972
598,4779
3426,5016
4616,4752
623,4753
1344,4694
1007,4918
57,4784
1638,124
26,2813
1803,9
1554,2789
2048,4882
2861,2832
2098,16
3161,4911
906,4861
3345,40
520,4886
1182,3880
1442,4746
323,5074
4019,2860
2061,4886
4977,4818
2430,4815
255,2824
4056,3879
3425,2832
4290,4862
4607,80
644,4686
1276,1846
3419,2829
296,4820
4218,1733
2353,4696
4648,4957
1124,54
4463,4996
2024,1808
2084,4911
238,2840
4487,4958
1247,1837
300,3915
1551,4681
3698,4905
1090,132
185,4894
400,40
3607,4765
4210,4743
1717,4935
2443,4966
1643,2822
1995,4784
324,4883
307,1860
2393,2796
3169,4947
1914,11
4925,2841
881,4752
4421,4862
743,4789
148,2783
4282,2812
4256,2847
4016,4818
2171,61
1874,4951
4334,284
2982,2825
4041,4654
2455,4799
818,4910
1117,67
446,4934
892,4850
4086,4674
0,4847
3681,2768
2327,4694
596,4673
763,2867
2578,4753
1383,4962
1556,4857
333,2658
32,4820
613,6
1022,4995
4811,1731
3996,15
4259,4956
1185,4873
3201,4902
3056,4729
1450,2839
4394,4669
3797,4876
1508,4732
907,4264
1530,2784
3049,2837
2147,4690
1152,16
3720,40
1371,132
4464,2772
3673,2844
5022,4736
2852,115
3801,4932
449,12
1147,4850
3472,4680
1203,4731
1019,4678
3970,4916
734,2827
1048,4792
3723,4820
28,64
1160,4849
1613,9
3202,2789
2905,2787
4374,319
3533,2862
1423,1748
1424,4634
716,4919
4368,1735
2437,4958
2757,4969
1322,132
297,2671
1774,1862
1905,53
2535,2783
2008,4770
4221,4877
3150,5064
502,1827
4114,2809
182,2821
3893,1833
4709,4692
4286,4266
2020,4780
972,4862
4241,2810
993,4797
192,4861
2466,4944
1008,4778
3576,4786
466,47
1394,2767
4724,34
1390,1816
299,4672
4551,4766
2374,4792
2745,2773
2081,1856
4700,4754
2792,2776
2718,2784
715,2789
1079,4956
3372,4954
333,1838
4481,2798
2219,4931
1738,2831
540,4911
1951,5069
71,2774
2165,2823
2550,63
2194,131
2742,2765
2907,5074
3205,64
1772,4752
4024,2858
560,1735
1322,3912
179,5074
1987,4887
4292,2865
2759,4679
591,2826
3297,4680
736,4831
4020,4913
4215,51
1276,4946
2212,4969
158,4815
3961,4754
830,4732
4663,2784
4091,4873
1761,3924
469,116
3936,4687
3763,38
3611,1862
1340,4264
715,4797
3333,2840
2283,4946
5050,4902
525,4735
5051,4675
3042,4688
3323,4801
2960,1840
2493,4904
2930,1730
3517,1832
4550,2845
385,3505
3142,131
976,4761
1035,4728
3106,5016
4925,4732
4156,4799
3481,2808
2931,1841
4061,1844
3553,1841
3829,2824
2386,4910
880,65
2766,6
1964,1727
3434,84
2529,4830
3349,13
3570,1856
562,4941
704,46
3699,4877
2945,4896
1282,4913
1599,3914
3849,2823
2491,4855
4594,4801
3585,2829
3116,4742
1813,4776
1409,4786
4514,13
2075,4965
395,21
1717,4689
2059,4696
3103,4818
622,1849
2613,4669
3180,2803
2478,4742
2063,3877
5025,4769
3512,5065
2540,4782
4146,3913
196,4789
3351,4781
688,13
3721,2841
990,4870
4349,4743
2876,4789
4406,2822
4950,1835
4641,11
193,4766
1300,2838
313,4978
90,61
3269,4956
3190,63
915,53
712,5016
740,38
3047,58
2916,4911
4021,4674
3867,115
575,4908
1548,1842
4190,4906
4378,2788
773,64
236,4668
3158,4671
4127,2856
2990,1817
1139,4913
3040,4819
668,41
2761,3883
1345,4755
4825,2671
4470,284
4619,2764
5062,48
1521,4689
3572,56
2904,4860
1483,69
2438,62
2585,5018
4282,4994
1023,1729
2571,80
2247,4686
3816,4781
4837,2790
497,4992
2792,4768
1938,3886
371,5019
3030,4883
1460,4906
3920,4731
828,116
3052,4799
3396,12
2945,4755
2688,67
259,4900
1992,2671
1496,4734
190,4993
4585,2783
735,2816
91,4918
267,2822
2491,4992
141,2849
3454,4815
2026,4900
647,4783
2172,4720
2542,318
4046,4676
3810,4264
4490,6
360,4746
1028,4891
4159,3505
3196,1850
4615,4994
2828,1832
4950,2851
1322,4926
4641,4908
1275,4978
2868,4673
4368,4253
4281,4748
2880,3915
2567,4746
2693,4955
1526,4769
1013,3886
2026,49
1868,4752
2036,4818
1089,4884
2431,6
1600,4941
1228,4742
4950,2799
3027,4684
4983,65
3940,4961
1954,7
532,4919
1119,2845
1538,1734
1289,4820
1824,2835
3606,4634
2355,4251
2412,5016
729,4986
1341,4248
4702,1726
2273,4935
4807,53
2922,132
4523,4830
1823,4741
1821,1835
2619,4932
3570,5020
1618,4882
2484,2866
1651,318
3030,2846
2368,4727
915,4753
189,5004
3509,4720
281,4788
1866,4695
428,4669
4037,54
711,4694
2805,4760
1601,4831
4070,4718
2256,4779
1237,4763
3410,34
2662,4994
2371,2822
3329,4832
4243,4766
736,2844
207,1841
4339,5065
2884,284
3379,4935
2123,1730
1653,1788
3659,4799
929,4915
2272,2864
1300,4902
3096,1847
2016,2820
454,4781
3501,4776
3754,3913
669,4913
3656,3
3683,1834
1087,4912
3571,1816
959,4696
1388,4926
2337,4937
1262,4963
3104,3881
4257,4694
4570,4916
1398,2838
3865,4882
1395,1735
3523,3882
1449,2851
2890,4742
4311,2795
1123,3924
1596,2773
713,2768
1218,2671
3394,5
619,4889
4427,4774
506,2773
633,4690
2962,1861
1332,4779
2557,4769
4651,1844
2444,1835
3610,4888
727,1841
4171,319
4061,2837
2077,4736
562,4253
2269,4963
1073,4900
2647,4883
4104,67
457,1838
2852,4902
2222,114
4497,116
3830,55
1527,4689
2869,2774
3639,2827
2672,4872
1994,4947
1256,84
620,4824
4414,4689
2871,2837
3226,2820
1859,4912
3726,285
4105,2829
4014,1860
521,5077
3822,4793
4458,4780
424,3913
2688,4939
1745,4857
237,4819
1829,1729
4655,4947
4487,4797
4661,4754
2091,4793
3373,1
1052,62
3686,5064
829,115
4644,1896
1252,4817
1701,2803
2011,3879
3012,318
4178,4673
653,54
1178,4879
3656,1857
2564,4731
4319,2764
3776,2822
3244,16
2924,2845
4297,4741
3119,1840
4111,2768
2944,3924
4447,1860
4205,4997
134,4736
5030,4990
4279,4738
1602,5004
4172,2825
4557,21
794,4953
826,1839
346,4896
1852,2812
3479,1730
2297,4986
614,1837
2194,5065
1488,2867
2214,4911
2270,4679
147,4894
1011,4831
1254,65
2607,4797
1653,133
3795,1827
955,2824
2372,4831
3831,4941
299,16
1931,4734
2579,4900
4098,4916
667,1837
3944,4766
4081,1847
123,3877
922,4909
2468,84
558,5001
825,41
1664,4919
3929,55
312,84
3493,38
2409,2856
3087,4990
2103,1896
3140,1837
109,1735
4617,4862
3735,4917
1201,2851
3443,4803
4099,4883
740,3
4500,1837
2077,4998
2665,2848
3199,4683
3284,12
4195,4695
4088,4731
4471,1839
757,2853
1630,4883
569,4790
4898,1851
110,4829
4085,2867
298,284
2950,4932
775,4911
1404,4720
3546,2813
3839,4761
4346,5066
4383,4803
2301,4762
3276,4886
3703,4249
1545,4941
3739,2779
1437,4820
1483,41
2418,145
3954,4753
1062,4788
4451,4774
3816,1861
1532,3878
225,4692
480,4759
1859,2831
2193,4777
3216,1727
414,4675
3853,4793
1087,4613
2218,4787
4314,2818
2661,53
384,3881
4131,49
4541,4890
3567,49
2266,15
1758,2810
1930,3885
480,45
3531,3924
3476,2867
3751,4939
106,4739
4614,4965
1619,4914
1022,116
2652,2826
3311,4693
1980,42
1145,1851
4303,4253
752,2831
2013,46
88,1856
1197,1845
3074,5073
3542,66
973,4730
503,4954
2246,4968
2698,4786
3089,283
3869,4773
1980,4998
607,4267
19,4690
3542,4738
2423,5066
2993,4935
824,284
3472,4964
4263,4935
3395,4988
2113,4764
520,4988
2463,2787
4190,5016
2644,80
1898,4944
3543,4253
1220,4964
1574,2848
758,4911
3171,1857
1234,4680
2389,1836
2579,3924
2771,60
4631,4879
698,4972
665,4253
2732,2796
3589,1844
3002,2814
4312,4877
2187,5070
4493,4936
2367,4692
1825,5002
296,15
2909,4944
1073,2814
2979,4894
4358,4877
576,117
2594,114
3766,4613
2097,4799
3493,4858
4180,2866
1447,2790
4300,4775
3647,4910
3446,2833
4400,5020
4484,2829
3587,4860
1273,2658
3207,4962
252,4888
373,1748
2262,1849
4122,2837
3696,5066
961,2796
2505,1748
4490,5073
3515,1845
643,3880
3961,4877
337,3
4361,4676
756,4946
1645,2816
1559,4755
3268,4773
4497,2816
3489,4912
244,4801
389,3885
4603,62
4590,2772
1251,2826
2395,3884
1150,1832
3835,4940
2721,5000
4116,5000
4553,4818
3261,4793
1798,4954
3927,2840
1546,4770
4214,4830
1873,1832
4526,4938
1452,4993
4079,2765
1105,2846
2685,4249
4027,4771
223,124
2456,2782
3693,4909
928,52
774,4747
3829,145
4129,4779
3030,2847
1707,115
4013,1834
1194,66
2918,40
4368,41
2742,218
3065,4697
4403,4773
817,4697
803,4634
3261,2831
1622,1729
709,2820
1774,4816
2080,4687
2476,2765
3902,4937
954,5064
2105,2829
936,4787
4092,4994
4386,4920
1327,2789
998,4986
2893,4832
781,1729
4320,2779
1169,51
2038,4695
4221,4681
1080,4890
1830,4672
1079,4692
3553,2835
929,3879
4117,38
3494,2833
907,1896
1161,4789
3108,4718
2991,4970
2191,1857
556,1725
786,2782
4210,3924
2953,4903
2483,1727
1070,1842
164,4849
5012,11
1605,4692
3482,2854
152,21
3799,5074
1869,2827
1376,52
267,2785
1286,4760
1462,38
2076,5063
779,4793
987,66
1220,124
3761,2812
4289,4727
4252,4733
554,4970
4025,4979
3068,4995
4397,1840
2202,2857
2372,5018
1546,4855
848,4818
1971,4990
1368,4894
1485,2829
1302,2765
2877,4905
3990,3886
575,4886
928,4906
2336,4266
1694,62
1091,7
2610,40
3378,1726
866,1838
2335,65
5079,5075
1209,80
2186,4971
3918,2768
4632,2845
414,4264
4709,3886
4976,1728
1040,4910
3546,2790
3098,4940
1445,4969
1381,4816
1135,4956
4322,4749
2016,2789
236,4907
2257,4688
2186,2824
5015,4677
1223,70
4149,2813
2154,4888
3103,56
82,1748
781,64
2444,2671
1195,1726
4103,3885
3599,2784
3374,4856
536,2789
972,4856
4981,2814
619,4792
4572,4634
1153,4670
4140,4918
289,2840
1524,4780
4587,2827
1062,1725
1529,4946
579,5002
4107,124
1481,2827
2245,1839
919,4769
1554,4904
4461,4779
1500,4965
3418,2866
415,4829
591,1848
1120,4885
3267,4887
4176,1832
3875,2824
243,3
2931,2826
1743,145
540,4952
4208,2865
3782,1833
1480,4952
3680,1839
3015,1734
4852,2817
548,2843
5067,2845
826,4937
4959,2843
2561,5063
4314,1816
4844,2816
905,4962
632,2779
1285,2855
4471,54
2349,1733
2934,2821
2911,4762
2711,4675
1457,4759
518,5
2993,4779
4423,5016
4392,1728
525,4763
3335,2846
4450,4886
509,2796
3223,13
2301,2810
1698,4753
2365,3505
2514,2829
1198,1861
1927,4876
2868,1844
3623,4729
1367,4750
1059,4265
1515,5019
273,2796
867,16
759,6
3900,70
2999,115
344,115
1825,4739
3011,4921
518,2845
3401,9
2409,55
1900,4765
4796,4890
254,1817
102,4634
691,60
1706,113
1295,4832
4446,4886
4236,56
2421,1833
2747,3505
2295,4877
3219,4862
1221,1841
2218,4784
220,4778
1065,41
3823,4938
687,4801
2542,1818
2431,4857
2164,2824
4161,4989
1193,3877
999,40
3397,4765
639,1
2736,5004
2777,4747
2933,2812
3319,4968
264,1855
2684,4769
744,4775
833,2855
2218,58
3446,2826
2728,2767
432,2860
4288,4759
4195,2767
441,4990
3876,2824
3781,4697
3717,1748
769,4680
3792,283
4581,4987
705,4938
2115,4688
2271,64
4157,2824
1500,55
2561,2798
2204,2658
1064,4979
2548,4913
106,1788
3311,4251
1410,4914
2598,2785
3308,4818
529,4890
2268,4972
1362,4961
2374,132
5078,2765
3375,116
4623,62
2064,54
2024,4765
3064,4781
997,4886
3127,4635
393,4728
3174,5065
1532,68
20,1844
211,4686
3443,4687
4147,15
785,4963
2459,4777
625,113
3127,4921
4091,3924
1327,4897
233,4900
1147,69
309,4748
4051,2827
2689,4953
1159,3884
3551,2768
1194,4921
123,2822
1631,4992
2570,4734
1427,2857
1445,16
1502,67
3268,49
2727,5075
3509,1733
3216,4783
778,4739
377,4860
714,4613
1391,4941
2146,2867
3687,4750
1477,1808
1890,2847
3945,124
1123,1896
1205,5001
1224,4670
566,4829
4047,2867
1456,4940
3091,4914
1495,4688
2623,3881
2142,3881
2354,1742
1549,4998
3073,4965
743,4720
2634,4634
4666,12
695,4818
3865,1833
1645,4674
4005,2833
2582,4741
4314,21
1018,1838
3639,4689
576,4692
2885,5069
4008,4682
3947,1731
344,4685
2466,2796
5022,4990
3005,4921
227,4920
1225,4877
5058,7
2985,4692
4043,69
925,84
1046,1808
3842,2851
1799,2826
496,1742
2807,4679
3055,1740
2276,4253
2919,13
1190,4831
588,4728
2454,1734
2492,2829
3076,4738
1638,1836
4520,4880
1908,4955
2597,1726
2959,1851
3818,4264
2592,4730
1346,4799
1683,5063
542,4937
4601,12
4039,1732
1161,2813
4069,2773
2248,60
635,2856
3534,1844
1660,4762
3344,4920
2269,1742
4476,4935
974,4931
1249,2808
3482,4954
1324,5069
1014,1740
1166,2809
868,4689
3013,4947
620,2826
2302,2809
577,4917
3463,46
4600,50
3429,2800
2176,4751
3177,4732
2872,2851
5052,4762
532,2767
424,1840
3966,1848
3119,5018
3141,4926
415,1862
231,117
1100,1742
2215,2840
3829,1833
2016,2822
3311,6
2578,2844
1679,4777
1782,1
5003,12
2155,4787
1098,4995
861,2843
2075,1850
3324,4682
591,4771
2428,4872
2104,4782
1744,2831
4715,4760
1585,4877
1858,4687
1179,4872
899,4816
1443,1742
390,4910
4980,4857
400,2858
3868,4765
2049,2765
2665,4681
3753,2839
1804,16
755,48
3933,4248
2389,4966
357,5020
2561,4971
3631,5004
2590,4917
3265,1860
3633,4888
421,1748
24,4961
3492,2773
599,4729
1233,15
2459,1850
1172,4759
3523,4251
767,4613
3482,4764
3425,2865
681,4759
754,5063
946,2854
1527,4800
1700,4995
4481,4747
4625,1732
3293,6
4341,5070
2460,2846
3522,1832
601,4760
2713,1862
3098,4860
677,4883
2277,4764
2921,2860
4632,4991
3428,2858
1052,1732
3120,4746
1139,2790
4449,2810
188,4790
4645,1748
2927,4998
1875,2838
4018,4818
2223,2831
2576,5063
2012,4817
3332,5075
4933,1841
3096,4962
4658,4971
4118,4890
2654,4727
3600,5020
3719,2788
2676,2858
3085,4956
4701,4920
4064,4990
4627,2849
3773,4954
847,145
4745,4685
1469,4850
4109,2799
465,4939
311,3924
1983,2776
582,2829
2998,3505
3580,4937
4721,4952
2877,2776
4428,117
137,4891
745,4686
1060,4915
693,4918
697,4684
183,4777
4343,4739
1318,1730
1459,2787
4428,5020
4070,2799
1063,1818
4356,8
4845,5070
1698,2827
3355,4932
2497,4736
953,4913
1739,1726
1767,4684
1045,2817
1688,80
2657,46
89,6
3508,4801
831,4912
4008,3882
3388,4692
4562,4926
3382,1834
1104,6
2498,4678
1722,4955
1019,4820
1117,4883
2059,63
778,2767
82,2864
2186,4718
3419,4747
3326,2846
3890,2856
1481,4728
1265,4781
702,1842
2255,4748
657,115
3146,4907
1683,4829
2944,4910
4451,4776
3232,4944
2700,4766
3790,2784
2482,4916
2928,4940
2068,4685
2488,4937
4973,4964
2661,51
380,2829
453,131
1974,4857
3018,4772
1193,4692
1678,133
1119,4818
4165,4909
2058,4876
605,1
4258,1849
3322,2829
888,11
4874,4771
2543,4677
77,1748
1456,4912
2626,1843
4432,4968
1580,4742
678,4917
4286,4918
4270,4763
181,1735
1638,2767
2150,1808
3095,5063
2646,117
3437,1730
2365,4819
72,4734
4081,131
3520,4901
1153,2854
2213,2811
2241,2786
1699,67
4231,4730
2163,4253
3874,4799
4975,1844
2051,1737
4319,4888
682,2785
2985,4735
1453,4789
1593,2825
2976,4769
3602,1837
2454,45
345,4901
1173,4737
2515,49
1214,4886
793,4634
1101,2843
3381,4799
3471,4669
4497,4857
2677,4782
718,4828
816,4265
3888,1748
2287,5019
1925,4905
3996,4991
892,2814
2385,4800
831,4773
941,4848
172,4915
3167,5004
607,49
437,2789
3658,4860
1008,38
279,1847
4807,4882
4278,2821
4506,4892
2961,4972
656,4878
4435,2858
2908,2790
1787,4954
1273,4816
4145,1833
316,3883
1853,4906
4151,3
3267,4754
864,4907
3532,4803
4148,1851
3850,4904
4164,4677
2262,4762
73,1847
2447,4668
1417,1808
2289,4824
159,21
647,4776
2356,1838
3124,1731
4269,4963
1511,65
786,2808
3707,2866
3621,4914
4504,4673
1339,5001
2345,4697
3440,2823
2720,4731
290,38
4154,4737
3187,4902
3408,4681
5024,2835
640,1808
3148,4747
524,4939
2925,4862
3138,1733
326,2671
1517,4778
1085,4731
950,4916
282,1845
2880,4832
385,2832
802,4820
3908,4695
1689,53
4384,4739
3051,4921
5022,1735
4000,34
2480,4850
4476,1733
4428,4693
2086,4978
4712,4919
2528,4793
2005,5020
3580,2851
1682,4954
2937,2855
3296,4683
2709,4688
1922,2840
86,64
2390,4919
2001,1737
1778,4930
2291,1827
2801,5069
3274,124
2261,2671
5011,4989
1285,6
3012,4997
2464,4755
2644,3924
4609,1838
2477,283
172,2795
4625,68
608,4992
2885,319
3288,4818
2570,4913
4643,4992
4136,4735
489,4670
1762,4739
2490,4932
2234,4906
2080,4673
2979,4783
3224,4978
2374,3882
916,1735
1564,2811
4247,4987
3966,1849
214,2794
2087,5064
3574,4938
4005,2800
4426,5066
639,4755
4598,4883
2484,60
1736,5074
1098,4992
1115,4962
4171,4882
4335,4883
1553,2864
883,2814
1391,5073
3778,4730
1100,2837
514,4849
2418,4887
4581,1731
2128,4901
4500,3
5010,2809
3493,2865
4189,4266
2452,4668
4874,4731
4081,1740
1131,1845
2247,124
3380,4676
2686,5016
2758,4613
3411,1845
3096,4692
2143,2795
302,4267
1781,4783
3197,2800
1083,2831
5043,2789
2281,5002
3684,4986
4490,283
2459,5
265,1816
2279,1896
2297,4797
3261,5000
3847,4993
3193,2866
680,4832
2966,4879
2963,3886
3575,4873
2317,48
2548,4970
4300,5
2828,4964
4341,2823
213,4775
2011,285
1115,320
2407,4929
2010,4768
201,1832
3818,4952
615,1733
2723,2835
277,4720
1642,4890
3925,12
1557,4786
2545,1841
421,3912
3205,4963
158,4966
1485,2827
2246,4688
4254,4739
991,4819
3383,2844
4513,4635
2359,40
2462,3924
5027,4993
1873,62
2072,2862
4981,4741
2018,2808
3547,4855
2732,2817
1578,4753
3353,4914
1802,4876
4237,4785
4345,65
3155,4887
4587,12
664,4735
4134,4971
1383,2796
4238,1849
1486,2776
3710,4753
2735,4861
3453,1840
2379,2854
4173,4768
2881,4249
704,4718
3235,4778
3862,4730
3302,63
800,4882
4806,2783
571,2829
1783,8
1481,4797
4594,4678
327,4720
1774,1845
475,4997
2352,4824
1065,51
122,4879
2336,4918
4450,2856
756,4769
3579,4940
4239,2847
3716,4986
3581,2658
552,4944
4101,1731
990,1850
2150,3879
1718,4887
3965,40
1408,4718
1249,4689
4196,4878
3057,67
3053,4830
1724,5063
1020,4729
2664,4962
2184,4994
2133,9
4623,4905
1400,4801
3018,1725
4048,4786
4005,2856
4120,4681
1299,2803
3575,4988
1253,4972
635,3884
1548,50
2890,5019
3721,38
434,1844
352,4733
1384,4964
161,84
943,5016
3949,56
2579,1818
3976,2816
409,5070
301,4264
4065,4679
3684,4803
2743,4763
5044,15
868,116
3432,2832
2267,2851
456,4762
1767,4969
1746,1842
4933,4265
2537,4936
5072,5000
768,4786
3059,4248
3862,2823
3038,1727
4029,66
3067,4773
3247,133
933,2813
2519,4953
2730,2795
718,4720
3947,4734
1587,4253
991,4676
3372,2862
1658,4251
20,4697
2404,3886
2143,1818
934,53
1739,4669
1631,4731
449,4676
3996,4884
3801,5077
2493,4900
2308,1856
3512,4265
121,4880
3974,5063
3775,4264
1778,1831
1881,4762
2385,2840
1666,4963
4705,4937
2239,1849
2474,2839
2145,4800
1803,4723
1061,3912
4359,1839
2364,3882
3084,5074
3339,4759
1627,4996
3668,1833
813,3880
3596,4694
4326,2789
4213,4824
1082,2671
1203,8
134,2845
3717,2790
1221,4743
3197,64
4141,2864
3389,1838
2756,2813
3356,3505
3345,4993
766,4906
5043,4971
77,4896
1697,4993
695,51
629,2799
818,4963
3393,1817
350,1844
4117,318
1944,1742
2265,2816
3039,56
2208,4613
5048,4791
2679,65
3674,4696
3983,4728
465,5063
1176,4782
4090,4872
1214,4266
1173,6
3739,4800
3464,4750
427,68
1452,4986
3506,4824
4394,6
4281,5063
430,4961
4486,4685
4646,1740
2429,4765
2515,48
644,4913
2368,5074
994,4266
4521,42
2902,4755
3425,1733
4225,4873
4475,4896
4825,4797
3382,4685
4601,133
2653,12
1542,56
3068,4634
945,1896
119,1861
2125,4908
3219,5073
4594,4957
2877,4770
3003,4971
2095,4965
4092,1843
1365,117
1655,4668
103,3878
1437,4789
3052,4900
177,4908
1052,4920
946,4748
1806,2789
2322,4910
890,1833
3345,4931
150,4775
1529,4654
394,4790
4390,4986
488,2820
3849,2855
4188,5
4046,113
1307,4891
850,4770
2252,13
2552,2811
3960,4762
2057,9
2124,4760
4556,4773
1809,21
4550,1847
1736,2810
2519,4249
2980,4765
1633,4917
549,4900
3984,4676
1482,1862
2180,80
3649,4755
2007,2821
1061,2855
2669,15
636,3912
335,2849
3695,4966
1223,5066
1454,2798
527,4723
3355,4803
1974,1845
610,4954
1344,4668
3639,4691
488,3
1557,132
2139,3882
2136,2829
286,3505
2077,4792
2061,4830
5046,4267
3849,4697
2452,3885
3840,4687
1020,80
4128,4761
5027,4887
1336,1851
1863,4888
4398,2849
4114,124
1718,40
1767,4785
1243,2844
1309,4613
1899,3885
741,1727
2542,2847
3987,1833
3176,4684
1746,5016
3196,4759
4389,7
3953,4916
2363,113
506,4964
1614,4672
4282,4817
2310,4819
375,5002
3279,4916
307,4762
5081,4877
1806,4832
829,3886
212,4901
3720,4870
4627,1857
2260,2853
298,1846
4311,1848
2434,4730
1480,4251
3539,5077
617,1856
93,4935
1318,38
4322,319
4381,3882
1184,70
1830,1817
4354,2774
3597,4978
825,4736
2571,4824
3277,2857
1386,4860
4597,1816
787,2847
927,4774
2361,4772
2229,2816
2627,4673
2518,2671
4899,4683
5015,1896
2594,34
3370,2839
1386,1846
3659,4787
4061,3878
3690,8
1085,124
2638,4755
1580,5018
2145,4955
1755,2800
1102,4264
3311,113
5037,4939
4421,4746
1679,4824
3253,4672
1741,4986
4859,2829
1659,4778
4223,2786
3432,69
726,4768
2143,2794
1164,34
3182,113
678,4978
3753,2837
88,1851
3671,55
4713,9
4875,1846
322,4909
4483,4828
3494,1848
2072,4855
204,4988
3497,1740
4840,132
3380,5019
3735,4830
488,4792
2375,4800
5040,5065
3051,319
1962,1849
888,4996
1153,1733
920,2808
2579,4876
1242,4772
4703,4855
563,4963
1440,4816
412,4941
3588,4908
5039,4954
1457,4968
1309,5063
3292,4862
3593,4847
3427,4673
2584,4901
403,1851
35,2824
4127,4877
44,4766
2505,49
3697,4940
2377,4742
1054,13
4197,3880
3814,4910
2943,1788
1522,4749
3200,4921
871,4935
1602,2849
1668,4749
2549,1737
107,4634
118,1734
2467,218
3665,2811
3472,4685
2582,65
3478,4916
3719,4750
2541,4781
2121,2671
4366,4888
2685,3883
3857,2658
3218,4695
2367,4747
4756,4940
3728,133
4203,63
4615,2776
1262,2776
3140,4784
4826,4831
803,1727
3359,2818
800,4772
1505,2845
3337,2835
877,4938
4192,5064
139,2827
975,4770
543,2825
561,4733
428,4780
256,2865
271,4907
949,2783
325,65
1943,5075
4456,1827
3816,4728
959,5018
3327,2833
1468,3924
2706,3915
4609,4671
2906,4783
904,3886
3190,4955
1378,4968
4560,4771
3686,3615
4195,2772
632,4686
1853,4772
1947,4992
2280,4792
1577,4770
4756,64
1619,4728
4297,1725
790,4900
2276,4748
3045,4687
2184,4882
3071,4938
4094,1734
2469,4991
3470,2829
4086,4818
308,4742
3199,4992
796,4696
3101,283
2190,4939
642,2854
3667,4873
1317,4266
1632,115
4606,2774
249,4750
3922,4937
534,2795
2377,3878
644,4958
559,4696
158,4931
775,4613
4044,4939
4495,4265
2605,1843
4582,2829
3360,2820
3119,2853
1691,2812
3410,3914
2415,4972
3538,4887
3931,4884
2024,4674
3473,4956
2672,4904
1705,4860
1773,1725
866,4783
461,4937
2078,4952
4424,4730
71,1833
4313,1834
297,64
220,2865
1290,4784
1080,4761
2914,2787
4895,2839
2687,1726
2588,4935
3689,2840
908,2787
3736,3924
4700,4248
815,4763
2045,2823
1650,4694
463,4861
4552,4872
4436,2822
2979,4966
2608,52
826,2867
2727,4904
2461,48
2177,2773
1307,4993
1917,4946
1555,4742
5046,4891
1451,3881
2679,3880
4163,2827
4499,4676
3018,4947
2303,2764
1321,4989
5008,5077
2907,4681
3211,5066
2568,4952
1222,7
1417,4815
2956,4903
177,1835
3255,4936
4199,2823
1984,50
1505,2789
4051,4249
3824,4248
2707,4799
2527,70
3487,4815
615,4755
276,2823
452,4789
1329,45
1491,1856
1405,1818
905,4769
4395,1896
1037,1817
1997,4858
913,4958
837,2867
1492,4681
3200,4773
3309,1727
1889,4734
20,2843
2450,4961
3351,4889
883,5074
2676,2764
4386,4264
944,4739
1777,4897
1981,2795
3729,2786
3944,4862
3730,1725
3390,4764
3635,4940
4642,4908
3698,285
3552,4780
3678,4882
1203,4971
2406,4901
4456,2767
1806,1841
197,4938
4246,4727
631,4770
2687,4817
2169,4876
2061,5019
4721,58
4124,4889
5061,2820
3962,4832
3948,1831
1893,4915
2137,2779
2433,6
2380,3913
4577,1816
2689,4909
4286,2824
5023,1841
2196,1862
2230,6
3561,3884
2087,4800
4471,4970
2529,4748
1083,1839
4420,4772
686,4909
4028,4776
647,1726
2730,2816
2922,4988
2172,4920
4060,48
1557,3912
1662,4267
3732,4906
2098,4870
4040,60
2111,116
2940,12
3906,2865
1415,4995
3568,4777
1429,1846
2180,2671
1024,4953
2464,6
1036,4683
1974,2854
562,4831
1710,1844
4809,2803
3830,4896
3395,2821
1016,1842
3066,4992
835,4990
4127,4820
1015,3885
519,3881
2379,1831
2113,3
1604,2857
2949,4912
3380,4992
498,4730
4531,4847
882,285
2929,4857
400,2799
695,5069
1619,4769
1615,12
1281,4855
4522,4749
1654,4250
4543,4954
537,4908
1786,4681
3489,4773
1561,3884
3395,4670
1789,4674
576,2794
2036,4686
3626,34
1243,218
2111,4936
2976,4815
4447,114
1955,4832
245,4737
620,5075
616,62
4161,62
4299,4691
3141,2788
2144,4730
3817,2671
2575,4266
1613,4902
3241,4682
2339,4786
2025,318
1708,4862
3837,4249
4350,1817
4288,2810
2113,1818
2304,5070
3283,5073
3564,4850
3535,4686
2148,1844
1196,2844
4721,3881
1204,4675
3509,4731
4563,58
4255,1808
2700,1734
1743,4906
3059,4751
2248,285
1627,4958
2096,4921
4021,2865
4018,4909
2347,5000
3197,4734
1182,4820
2792,4737
1586,2845
3180,1732
3966,1855
3285,2794
2731,4654
4041,4965
3214,5001
2987,16
2256,38
43,1860
3765,2837
1780,4803
189,4683
528,2812
1667,4905
4115,4684
1088,48
3151,5074
3488,4929
5031,2851
1680,4747
2792,2786
1108,2774
4336,4900
2539,4770
2630,2818
4512,4906
1237,3915
3465,2803
4130,113
3325,4850
2629,4267
1657,56
4814,4679
4658,4742
1597,2808
2912,1833
2495,4830
706,4676
1898,3881
965,5065
2568,4780
2246,4788
1760,1737
4067,2855
1448,2843
3161,5020
1458,2785
707,4783
1276,4932
3285,58
598,4920
1319,5004
1802,4697
3325,4918
1394,4958
3444,4689
178,2817
3154,4634
1944,2765
5005,5064
89,47
3518,2790
3923,4882
4716,4730
4617,1896
625,62
2597,5075
1579,4951
2074,3912
472,4792
901,4988
1035,4690
2512,4856
3093,4911
3118,1834
1275,53
4981,67
3987,4952
1641,1840
1345,2835
384,1808
3998,2853
4473,3924
3012,1856
4626,4759
4273,4677
1917,4828
4843,4775
2570,4770
1555,2856
3121,124
960,114
4053,4936
2536,116
3763,4654
3916,4797
2261,4753
1341,132
1131,4911
2120,4891
1678,61
4268,4687
1451,4817
4493,4718
794,4992
476,1847
4161,4870
3989,4685
2388,4731
3287,2866
3718,2784
3717,4847
3498,4987
821,4678
5012,68
2099,5074
2578,5069
2438,2825
2089,3880
2566,3882
179,1839
1942,50
728,2765
3131,5000
2366,5018
3784,1857
2060,4954
1372,4681
4506,2783
3916,50
4589,50
4086,1734
4110,4788
515,4908
2526,4995
3934,4886
376,4249
1566,2783
2588,1733
1146,2671
672,4917
1721,4926
703,132
572,4265
3029,4734
2921,4253
701,4988
984,1725
547,4993
4000,4780
3900,66
3458,45
4180,4732
4550,2839
4825,4929
2459,4990
387,4733
1779,4971
1583,2843
2556,318
1464,145
3448,1732
4960,4748
1579,4800
1751,1838
3159,4251
2757,4919
2601,1734
1797,66
359,4910
4319,2825
4297,34
173,2810
2651,4912
3839,2774
3129,4736
3485,2787
2526,2820
172,1846
5003,4819
2741,4911
1973,4250
3486,2831
1633,4685
4101,4743
4597,4733
2508,4773
1878,4964
367,4902
3453,4877
3183,12
3096,8
1714,4684
2902,1840
1326,38
4430,4731
4439,67
2440,116
2208,4776
3065,2838
2435,1851
1487,1733
4274,2814
1164,2856
915,3913
1712,2853
2159,5069
4481,2764
2868,3
4495,4906
608,12
1149,4790
4898,67
213,5002
1707,4878
1125,2837
1464,2785
2469,4993
2119,8
281,3882
2181,1737
4171,4747
2574,68
3068,2837
2991,4861
4082,4723
1511,3877
3830,4737
3802,2822
4542,4940
2423,4688
4110,4752
2276,2803
795,4251
4641,13
4087,4727
3614,4989
3020,5075
4101,2799
858,145
821,11
143,51
4053,12
2977,4992
4810,2851
3361,1730
3572,4695
5046,2779
5044,4916
3715,284
789,2858
392,4772
444,4965
4160,4654
641,2832
4369,4693
5028,4876
3936,4816
287,4734
4802,3877
2109,4773
4142,4829
621,1
314,2779
3331,4749
4579,4670
1650,80
1167,3912
2049,70
2047,2818
4062,4990
3228,2790
3081,4903
501,52
1387,2827
3561,4692
4277,4759
1597,4908
453,4858
3932,68
1098,4888
3058,5001
3490,66
843,4696
4450,2798
1992,2788
1587,4693
3306,2814
1000,4738
886,1846
4035,3914
2472,4266
642,4788
1738,2671
2059,4730
818,4786
4638,2788
334,8
2693,4771
4315,61
1241,5074
4923,5074
2449,4926
1560,4954
3153,4734
4517,4781
2150,1843
838,2866
1532,2845
3403,3615
3619,2835
2762,2812
4042,5001
5082,4786
4082,4759
1651,4902
796,1833
3791,4850
214,4934
2721,4995
2114,3913
3061,54
1819,1848
239,4779
2038,2787
3408,2822
3485,4978
2312,4951
1694,4750
741,4966
4061,4970
3270,116
3492,54
1998,4944
2753,4781
261,4856
856,4931
1177,1851
2636,4971
4619,2798
1159,5000
4487,4951
913,2833
2350,4668
3222,1849
3261,2826
148,4253
5014,68
3599,1827
4074,70
3747,116
484,4849
1678,38
3539,4770
937,4990
450,3884
4844,4747
3443,13
4923,4771
3643,1728
1620,2765
1392,4689
4658,4931
1667,320
2975,2862
3488,4930
4438,4926
811,2855
2194,4940
2593,218
566,4908
2084,2799
1168,8
4145,4990
4054,4752
1193,1847
4245,318
920,4761
632,4771
155,4267
5013,4720
1121,4800
658,4926
903,8
5043,5074
706,2822
1184,5077
3271,4847
4875,1832
4713,2851
4591,5077
2059,5077
2656,2779
3940,133
5007,4693
2394,5064
2121,4912
3800,4951
2236,4762
2165,1848
2903,4953
3753,4986
2116,4733
2071,115
1664,4897
129,2860
3226,4762
2769,4938
4620,4909
2941,3883
4651,4692
1458,4908
2627,3885
1968,3913
149,1847
1487,4956
527,6
4112,4986
3715,1841
747,4684
2908,4998
1140,2833
2229,4685
399,4780
1181,5
1894,4777
3364,1737
4798,1838
834,4680
3241,4918
216,4879
1688,4687
3941,4761
3157,4799
2321,1808
1916,4908
1681,2831
1653,4890
2678,4685
2477,4762
2170,4956
2227,4930
4273,131
1596,4686
17,4684
272,4718
531,1835
4009,3879
3272,4697
4303,4675
967,4955
2627,4671
2922,4789
2204,4884
2438,1818
1942,4736
4156,1726
321,2764
3749,2827
2673,4929
2988,1847
3722,4937
1202,45
2901,4759
4164,2779
3742,4862
540,4902
4167,4692
3751,4995
3390,4917
567,3883
3264,2776
3990,4936
5030,4781
2173,4941
4650,4801
333,9
1577,1734
1191,2818
39,4771
4304,16
812,4961
2726,4668
3859,68
2531,1748
5048,1731
3787,4750
3365,4955
2429,4613
2522,4249
753,4872
2346,4862
2733,4994
3861,2779
378,1856
3144,2795
1206,4720
4088,4771
1544,4979
770,4963
1563,2846
1907,42
4159,1729
461,1836
4535,4613
107,3912
1294,2866
3829,2781
1936,4695
3189,4938
2753,4683
5049,3882
2723,4930
4487,1728
3354,4768
3820,2823
1034,4953
2657,2767
821,2782
3772,2786
3383,4911
2249,4952
400,4849
3861,1844
4559,67
3487,3886
1307,3884
164,2798
1705,5020
3809,8
3475,2858
502,4832
4589,4992
2522,4946
2049,4674
3004,4849
2292,4739
743,2779
3863,4916
618,4696
1671,2789
4821,3914
3306,1857
751,4265
358,218
4141,1
1765,1727
4482,4988
3216,1732
1409,4634
1413,2822
972,4889
619,67
3715,4671
3418,4773
2617,4961
4325,4670
851,1896
1605,4964
1465,1808
4113,4742
2477,4930
4403,4956
1505,2811
2414,5016
511,4731
4480,11
3510,1732
3669,1733
2942,2814
4278,4668
3484,1831
3429,284
717,1748
2326,5016
3484,4862
4837,1808
4041,4847
120,4752
1954,4683
1952,2840
2807,9
2889,4791
3939,4831
3317,4831
3182,47
1710,4803
2276,4770
2288,13
1405,5020
269,4920
3044,4783
740,4816
4462,4634
1159,48
3731,45
3709,4996
3686,2833
4975,1840
3986,4685
3562,2795
3701,5019
1561,5074
1642,7
1509,12
4976,1857
170,124
773,4688
3456,4947
333,2821
2107,4676
4310,4966
4806,4891
1823,4889
649,4819
952,53
642,2781
784,2794
4170,4921
3935,4817
1204,4939
228,4912
4469,2783
1135,4797
4294,54
3923,5069
966,4918
3957,114
1290,4803
3954,5069
2024,2787
735,8
4446,5077
3704,4828
1597,4681
2463,1733
3481,2860
2791,4889
1696,4785
3037,2784
880,21
2230,4732
513,4894
2144,5020
4322,1725
4922,4829
3052,4903
787,2820
4011,4668
4072,2826
1943,3924
1800,4830
467,1816
4142,4911
4621,4914
2964,8
5079,2854
3675,2816
4070,4775
3927,4906
1381,4934
1193,67
388,2811
1296,4929
2290,2864
3144,115
3942,4674
3823,285
3551,2818
3527,2824
1752,2857
1644,2831
975,2774
873,4763
2732,4877
2087,4870
416,1831
3293,3915
1902,2779
2470,34
3282,4872
3082,4768
2517,13
2292,4955
2560,4762
1093,1841
3225,4248
2488,4773
3113,4787
2557,4901
2545,4818
92,4965
3826,1731
3370,49
4811,2853
556,2860
4232,4861
3969,4672
541,4944
4116,4784
4276,1850
2022,1896
3012,2833
1162,4723
3774,4785
2364,2848
3147,15
736,4766
1676,4892
4356,2817
403,4885
1223,4730
107,4770
3709,4746
1681,4931
3041,41
4549,4768
3222,4906
3242,2847
3451,4695
2869,2811
1087,2833
2695,4784
3993,2818
1402,4880
2383,2768
1134,4776
4622,2833
1932,1839
1820,4944
3318,1740
4631,4905
673,4882
510,1740
4355,4739
3315,4870
1304,4774
1981,4788
2121,2851
1104,5000
1041,320
1696,4684
1799,1855
4366,2784
3429,2811
3858,2796
991,2825
1398,113
1043,2840
2662,4884
3837,4684
3236,4803
1297,2860
528,2671
2668,4938
1796,4670
3853,4684
355,1836
898,4764
2128,4746
2068,319
1884,2839
2158,4731
3596,4991
2253,5074
2568,4882
3092,6
852,4891
884,12
1388,1728
1349,70
3488,4786
3626,4789
1400,4777
2059,4935
2297,4816
3645,2844
857,4773
1572,49
4840,4671
1396,4829
1063,1726
3261,4996
2877,2767
3390,4728
1201,4970
4612,4785
4208,4829
4194,4992
3906,3885
3589,15
3706,5064
5017,2784
1337,4941
3618,4749
740,4735
460,4791
5044,4815
457,2798
3635,4742
1427,1841
4217,1735
972,2782
1358,4878
1812,68
4825,4681
421,4797
1921,4739
2514,2851
880,1861
2303,4754
1380,70
841,4917
491,4905
2669,1733
3252,4672
3351,131
1309,4759
1186,4771
483,4668
3340,2812
2493,1839
270,4674
703,320
4949,4889
155,2810
810,4926
2871,62
4243,2867
3932,1737
2680,4760
1052,4654
2476,4957
467,4993
1779,4926
1928,4685
3944,2658
619,2783
2176,4849
2183,318
3854,2831
2644,4677
3270,4753
1757,2768
2899,2856
2351,4780
1533,4892
666,283
2308,4932
3660,4248
1992,4915
4187,4849
3660,1840
2986,4803
2257,4997
88,4870
4465,4672
4499,5018
911,4896
1123,4907
1360,4759
4710,1817
1399,4654
1804,4900
1216,67
4309,3884
3446,2848
4398,4682
4942,16
4527,2814
3697,3883
805,2835
1198,70
1434,1861
1980,3924
2749,4930
3052,318
4097,1833
4167,4695
4230,4934
870,4670
1555,4248
4435,3884
72,4679
1183,52
933,4897
92,4909
4324,2824
608,319
1161,2835
2333,4958
2164,1730
2579,5018
3811,60
2192,21
2498,2658
3291,4904
3425,1725
4384,4926
2886,5073
219,1788
119,4870
499,4832
4065,4788
3469,54
819,5000
18,3885
4725,4686
4169,4723
236,1733
1209,4781
1639,4668
300,1834
1272,4694
1081,67
4344,2845
5056,4911
2585,4964
4467,4752
4302,4819
3597,4676
1929,4694
3226,63
4078,4955
4134,4920
3401,51
5056,1857
3966,4748
4716,4847
2502,1842
3738,4986
4218,320
1247,3505
1489,4693
1032,70
2030,1788
2048,47
696,4995
1360,4693
806,4791
2308,4920
4386,1730
1544,2844
2159,4728
2108,4253
1433,4952
4153,3878
1666,3915
703,5018
4355,1726
3172,285
1224,4759
2815,5074
291,2848
2488,4635
616,2867
3333,4892
3302,4718
2868,13
1878,4791
1092,4968
3803,2799
4494,4761
3907,4905
3433,4734
4719,1735
591,4996
4058,4743
944,4696
4514,4878
1679,2767
887,4696
2659,1733
556,117
4375,2867
3037,4743
334,4978
3647,1839
3701,2781
1042,1855
1017,1832
4412,2855
29,2768
3248,1808
802,4668
1489,2794
3304,4747
1401,4743
231,4939
1024,124
4087,319
1972,4824
2242,2783
4298,4941
4428,4876
309,4931
3392,3505
4744,114
2350,5077
2122,1857
3649,1834
3023,5
2169,2774
3833,5001
4450,4775
3550,2810
2705,1734
1713,4774
2483,4248
4530,6
607,4692
463,2803
1337,2658
3984,1831
4317,4902
4288,2816
4160,5070
2894,4676
4716,4819
2328,13
3570,4690
3737,1846
2770,4929
3319,2774
2536,63
1643,2837
866,2671
2043,3615
1621,145
4714,4830
2447,34
4238,4958
4199,5018
2162,56
3187,4849
3705,4972
4610,1729
1016,131
506,2821
630,4902
4646,2779
1279,4906
4203,2832
1175,2835
4268,4768
4415,4819
385,4763
4511,4880
3020,6
1199,5002
1456,4930
3375,1788
3042,2838
2749,4889
4145,4944
207,4913
3290,4847
1606,4787
892,4720
3462,4764
1610,70
3001,1728
4758,4998
1154,4696
3904,4931
896,4936
1474,1861
4149,45
1766,4996
4304,2854
3492,3878
243,4870
3529,4994
2815,4773
3124,65
2302,4680
3632,4989
195,2783
22,5064
3336,113
4405,4780
3569,4654
43,2835
3290,2764
4826,114
3232,34
3575,5073
5067,5020
1368,4250
136,4991
2248,4755
345,5019
3869,4738
544,2851
335,4876
1618,4697
3444,4728
3184,9
396,4736
3446,5073
3395,4929
4289,4750
730,41
473,1748
4541,2851
1377,2794
388,63
392,58
3987,4850
1515,5064
1008,2814
2469,2764
3996,4905
2972,1833
3550,2774
4470,4969
998,2765
3145,4676
903,2774
3223,4696
3150,4776
4575,4929
4397,4930
4717,4941
1461,320
4726,54
4095,4947
1936,2658
3934,319
2117,1728
4393,2783
2347,4847
4403,4778
691,2785
4204,4919
1616,46
1713,3880
971,4958
3741,1834
4809,4732
278,4654
3072,4935
3619,4635
4238,4747
3809,4696
2459,2843
537,2853
2438,4931
4350,3615
3965,2810
482,2835
2704,2789
396,283
144,5020
850,218
1584,4251
823,4693
4295,4776
4105,1836
855,4755
4639,3883
1291,1735
4984,4755
3367,4772
726,4772
3697,1731
1490,1737
2727,2774
4465,283
5040,4990
1226,2822
1396,4830
3569,2837
1765,2843
590,2825
1962,4886
2649,67
867,4249
627,4921
3774,4690
3442,4267
3825,2798
3874,4691
2325,2782
2986,2808
1394,4957
4716,1860
399,5000
1876,5064
3460,1748
2259,4939
1312,4860
4399,13
2234,4759
1010,4888
3482,4727
3862,2799
4368,4955
3301,2811
1414,4879
2367,4902
3112,4760
2049,4954
2218,2867
1620,4267
2238,5073
4122,132
4031,4970
3850,4777
983,2809
3448,4766
3898,4797
1215,2798
927,4849
188,117
1653,5001
247,2854
4117,1740
2012,4920
2598,4772
3895,5
1645,34
1887,3913
3772,1840
2268,2826
1644,4998
1496,4751
478,2865
2945,4819
1534,4799
3058,4988
2400,3882
716,4765
3257,2774
3394,1725
1482,4849
4206,2822
846,4955
1307,319
3721,4760
2295,45
1767,2781
5050,15
1094,4669
4311,2838
1081,4934
3874,2849
1463,2837
5052,1856
1755,4738
3101,68
1063,4803
3742,4879
179,1840
1664,2862
4183,4989
1889,4694
4283,4251
1107,4954
2012,60
1687,2824
3584,4979
1897,5020
4270,5074
4592,1729
4408,16
2925,4946
1915,3883
4851,4940
4394,4727
2454,2812
92,4684
4494,66
4504,2858
1771,2856
1267,1840
2933,49
1172,4785
4623,80
266,1832
770,4880
1564,5074
2753,1840
1907,4613
1691,2800
3365,4765
1273,3882
2219,2865
4092,2814
4298,7
89,2789
4351,5073
564,4679
4515,4873
1154,2808
3071,2846
4136,69
2066,4751
1928,3915
33,2843
1673,4777
2011,1734
565,3912
4118,68
81,4931
3624,4957
4136,4668
1317,4961
1579,4690
3503,4763
3298,1788
1511,4891
1616,4829
3763,3886
1496,3
3490,61
3816,4696
3513,132
4580,4968
3756,2796
4633,2803
1274,4931
3230,2783
3188,2789
552,4913
1288,1849
3807,4779
1052,2866
4719,4891
1719,4773
633,3882
4767,2857
4580,4686
2261,3881
1249,1788
1284,2837
2506,4992
438,2849
752,2823
3894,4963
3781,1734
3471,1726
1689,4876
4462,1
361,145
1406,2821
3125,4971
3470,4654
1489,283
306,4266
3973,5
1248,2810
240,1725
2492,8
2540,4677
4401,4941
2729,115
845,2829
628,4994
4647,2840
3868,3
2960,4897
1868,4683
1107,4692
3808,4251
4168,2786
1820,4264
2993,4697
2256,1748
4950,4916
4208,38
1487,4886
2592,4693
1446,4926
4967,4991
1095,3505
2557,3
4100,4957
1782,4248
4276,2845
2339,4937
3255,12
1241,2774
2257,4753
4835,1742
1622,4768
1757,2790
1825,4994
2763,4830
267,4773
702,4790
3435,4765
4839,63
3491,283
1451,4749
3603,5074
613,4266
3956,2841
5023,2857
4757,4988
3703,4872
3804,9
1892,4688
1008,4764
3397,4730
3488,5066
2941,4953
4330,319
1708,2798
4244,131
3104,4250
3677,4947
1378,4908
4502,2822
5035,1817
4495,5018
83,4789
1274,2837
2262,1841
4162,4958
2636,70
3769,4730
4531,4674
2544,1818
1910,4769
1909,4882
1027,2798
3390,58
672,4788
3546,1728
4392,4779
3191,4861
1962,4915
2105,3884
3899,1808
22,5065
2738,4860
1786,4693
1286,4679
2146,4979
456,4680
3323,1788
3201,4929
4959,4906
2622,4672
4140,2765
844,4730
3896,4955
2963,1851
3427,4870
3534,3913
2744,3914
2047,4264
2356,4856
3517,4873
4575,4915
3318,4780
2019,4916
1994,1843
3176,4800
2679,2774
4146,4720
4574,145
353,4883
3590,2658
4351,4888
1779,4791
2801,4944
2129,2811
3910,2767
4311,1862
1332,45
3937,4919
854,4817
2287,4906
4385,2782
3189,4819
200,4248
4341,4885
2381,4995
1718,2860
918,5004
4463,1845
4351,4815
246,4784
3458,4970
1052,66
3168,41
3278,34
3889,1843
2020,4786
850,4848
1149,4919
1577,4894
2706,4777
639,4761
624,4782
1711,2803
708,1726
4598,4885
1314,4831
4301,4953
2859,2818
4002,1748
3659,2808
3916,5066
138,318
1196,4961
4137,3886
4240,4681
994,2837
736,13
1353,4777
3233,47
2972,53
2425,320
159,2809
4204,2773
1793,4917
3501,4963
420,5074
3375,4926
196,1838
79,4735
1114,3881
390,4675
3627,4736
316,2671
1522,1862
3407,4996
2649,66
4375,4251
575,4779
1990,3913
360,1731
357,4997
5031,4687
718,5069
1323,4765
3868,2824
3536,2849
1870,2822
4053,80
4252,45
1703,4861
516,4266
5031,4781
637,4799
3004,2838
693,4861
4087,4777
2002,4944
690,4737
4960,4887
2714,2799
4959,68
455,5004
3749,58
3616,4778
4601,5001
4385,4788
3402,4735
3348,4729
1521,4743
540,61
1356,4800
1889,2800
5076,4766
4411,1840
3092,3882
4204,3505
4322,4741
2885,285
1561,1726
4631,2768
1792,4911
2460,4688
4443,4687
1342,3913
1035,1827
4618,4921
2015,34
462,5065
4226,4686
701,2788
308,2779
2066,4682
3117,3884
863,4936
1317,6
428,4920
1653,4778
663,1856
189,4858
4740,2782
702,2829
1525,1848
4235,42
4645,1855
2228,116
705,4676
1705,1834
1747,2787
2357,4848
4050,4777
309,2821
3801,2773
4233,2865
1034,4265
3792,2764
2195,2814
4616,4886
3041,2800
4096,114
2389,8
2184,2812
4933,2838
1577,4773
2188,4669
2889,4760
4520,2809
3946,4671
2909,2854
3774,4994
1594,4860
290,1844
675,4670
3248,4635
2687,2841
1060,4779
1652,4877
2022,115
1046,4994
3990,1837
2435,4919
2076,2767
4767,4862
4370,53
4439,4697
1647,4951
1189,4971
4584,1729
4521,48
2242,4909
2492,2798
1921,4732
525,4755
4257,2826
2947,4689
3758,4759
2143,4735
1747,4747
3100,5016
2516,4952
2153,4962
2139,4787
1798,4789
2212,1848
2632,4880
934,47
1928,1850
4881,114
1459,1788
1391,2809
2534,4831
3468,2790
1160,1855
3922,1729
832,4759
1699,2831
3289,4857
4050,4937
1390,4910
1933,1726
2309,2785
3150,4995
2990,4683
4568,4691
3979,132
2080,4751
4454,124
386,53
1753,51
4197,2865
3031,41
3704,3
703,4919
3543,4634
3743,52
4041,4897
3280,1726
1401,3878
3677,1857
4854,3879
316,4743
4499,4905
2513,2847
2188,4690
843,1818
4974,4940
1050,40
3626,4856
3209,1817
1724,56
2132,4954
4874,69
429,4877
1234,2808
4071,4920
3377,4884
3646,3505
616,4743
2109,46
3511,1849
3558,4900
3281,2824
1971,4723
3647,1833
813,1733
2876,4687
623,4742
641,4856
1962,4734
1251,2841
3249,2835
3103,4265
1328,5065
1550,4900
599,4681
4240,2817
3793,4994
2635,4832
214,4777
1319,4944
3244,4926
1030,68
309,4929
3722,2864
1912,4966
4510,3615
5044,2803
967,4824
497,4803
1677,5074
4436,4870
81,5004
1363,5004
233,4908
2109,4882
741,4785
4045,2820
1016,4677
2261,4994
2438,52
2266,4904
2263,65
3724,1834
610,80
4283,4954
493,2776
1489,4800
599,3880
4515,3915
1720,4729
3383,4675
1425,4771
3999,45
3116,4926
2917,4894
2627,2860
918,2839
688,4613
4589,4739
2272,2862
2323,5018
1269,4670
2004,4679
4478,4997
907,4978
808,4996
3662,11
920,4882
268,1851
1354,4684
2093,1862
1780,5002
4378,4677
2850,1731
2485,2832
3107,4797
1388,4963
2535,5001
2063,4730
4417,5018
151,5064
468,1857
5082,5020
176,4673
4568,2862
2295,2798
606,2847
3343,114
3077,34
2293,4781
3643,4669
4283,1725
4841,5000
2264,5
360,52
1292,4914
2738,4861
3950,4890
3918,2817
4116,4787
2526,133
1673,2776
1637,4872
3807,3879
4306,1816
2707,4250
1985,2767
1802,4782
3580,4718
1617,1836
3581,1851
1657,4688
1227,2833
4712,4941
3968,2765
3422,4733
3380,2845
5081,64
231,4862
4614,2838
287,1845
376,2783
4707,1742
1428,283
4316,2867
4271,45
4005,1727
3408,4266
841,4847
1638,4907
735,4720
4649,4989
4648,4936
2629,2773
4129,1725
3888,4723
110,4770
392,1818
2903,1842
4509,4870
3069,4978
5043,218
1268,4971
2517,2864
3463,145
4865,4682
2780,4730
4523,3878
1034,4734
3970,1843
1357,2811
852,41
3195,4267
2229,38
103,1725
3812,4679
1290,1835
4519,4847
1514,2829
4717,4751
976,4872
321,2788
4390,4760
3299,4861
2339,2800
3891,2765
3141,4791
126,1848
1365,4819
2987,3912
419,4917
3376,1748
534,3882
4002,1860
2098,1856
4570,2798
3712,5077
1784,4771
1675,4884
916,4681
3362,2833
3632,5004
2501,4990
3999,2822
4508,4729
1937,2862
2629,5064
1366,4692
1638,132
2668,58
3874,4862
3969,4818
4008,4797
280,1740
1264,4921
3765,3915
323,4765
2358,4778
187,4855
2440,4654
2100,2809
1635,4971
4212,4958
588,4613
1033,4752
3398,4790
2644,1733
393,4792
641,2851
4443,2671
729,5069
254,2812
4161,319
3517,4253
536,2866
389,2866
3343,4938
2961,2783
1995,5018
3189,4613
3435,1845
3650,2840
1722,1837
720,4781
677,1896
3327,4988
296,2829
1938,49
5076,4989
2532,2818
2413,4896
2020,4800
4104,2862
4437,4954
159,1831
2223,2839
2581,4733
1678,6
4632,3884
5023,4788
3966,4947
2717,4654
2133,3879
3472,3885
1753,4872
667,2781
4235,45
2952,4801
2541,2798
539,4911
1705,1833
4534,4691
1619,1839
1064,4819
3533,4732
3073,4916
947,1726
2967,2847
1363,6
1631,2789
846,4731
1408,1835
28,2799
751,1737
4215,2796
2093,2776
1059,4918
2384,4635
1633,70
1480,2812
3528,4860
101,4801
522,4727
1680,4889
512,4930
488,4762
451,4654
1064,4911
4483,4687
4106,4965
4543,4872
1496,1842
3589,4775
4859,1843
4162,1
1988,55
2169,64
4399,4773
4484,62
1235,2856
1393,4743
2023,4856
3422,4778
2942,4944
1629,1733
953,1860
2300,4848
2378,4934
1767,4676
940,4817
4333,4915
2722,4751
600,4747
1699,4685
3539,49
2614,4912
966,4953
856,2795
520,46
1307,4729
4030,1832
924,5064
1329,2773
1950,4728
4505,48
3304,2839
1023,4784
282,2847
4247,1844
325,47
1351,4817
2698,55
1232,2867
1119,4789
4618,4668
1377,4831
733,4731
4606,283
829,4988
1887,4784
3177,3913
794,4880
2509,1844
2223,4965
2906,4749
1403,2844
537,1862
5051,2789
4844,4988
361,6
4002,4987
616,4729
467,4265
3014,5074
2879,4741
221,4671
3233,4911
3579,4781
4704,4939
2561,5001
1336,4737
4487,2838
3721,2822
313,69
286,4681
3800,4964
420,4986
3329,1861
3038,5
3589,4763
804,4253
1907,3913
1517,1817
5067,4930
2011,4914
493,69
1321,2794
5042,2851
4004,4763
906,4911
3132,4911
1938,4774
4874,2772
1256,7
1672,2853
841,1735
4426,2783
297,4685
1029,132
3673,318
409,4734
4308,3
4380,4995
4383,4888
2305,4670
3057,4753
4435,2772
2602,3615
76,4738
4065,21
391,1748
3270,4914
618,4742
1304,4686
292,4694
2330,4689
1534,4635
3445,4884
3173,3914
1759,2855
4433,4905
203,1846
3385,4877
3119,5001
3910,5004
1583,4782
2870,3914
1661,4762
1220,2812
3423,5074
4984,5020
1450,4685
3918,7
4283,4776
1454,9
4480,124
1588,4890
2685,4903
3568,4670
788,2847
2214,4739
556,4830
3660,4880
3058,4855
4666,21
2343,4750
1191,2784
1297,1832
4595,1725
1550,3885
2557,4897
3508,60
4018,4265
2943,2773
207,4688
3125,4941
5049,4764
2462,4876
1526,1848
4049,2781
4495,67
2151,4958
4172,4964
2691,5075
4445,4792
313,4906
3344,1726
456,3883
1617,4894
2102,2864
2716,4968
1983,4972
259,4265
4059,2846
1964,16
1349,4251
2074,45
2459,1833
140,4905
2738,116
575,63
4893,4987
3310,2832
741,4880
4359,2803
1535,2774
4637,4994
3987,4855
3819,1843
3435,42
3137,4963
3703,3505
3868,2794
696,218
3326,5000
2183,48
4602,1860
1289,1855
3444,5000
900,4971
4443,2848
1932,2658
2453,218
2373,4906
1152,4917
2561,145
785,117
1347,4735
2667,4855
1823,2776
3047,4755
1575,4682
770,2799
3681,1
463,218
1940,2864
2042,5070
504,2813
1644,4878
3340,3884
2521,4857
811,1846
568,2829
1035,5019
4461,2782
3391,1727
1408,4988
932,5001
3043,4886
1189,38
2300,3882
2661,115
367,1896
2642,4828
1387,117
1338,2823
3337,1728
2724,5063
941,46
364,4781
1279,48
3858,2845
703,2840
3484,4787
4176,1862
157,2844
3465,1
1083,2823
3489,5000
4814,4681
3847,4968
757,4693
2333,2824
1979,21
4618,7
2297,4677
240,1896
3903,4689
1444,4944
3859,47
2985,4765
3618,4886
1422,1839
2445,115
1815,1836
390,4816
718,5075
317,1833
4542,4873
2315,1855
2597,113
3291,4691
3969,4817
1880,2820
2935,2851
389,65
2107,4770
3192,2784
3162,4780
2902,4818
505,4931
2540,2851
1234,4727
3894,2779
449,4720
4389,4684
2905,4995
4375,1842
970,4772
1769,4884
2131,4880
2515,4785
550,64
3514,4994
4086,2849
4359,1731
2932,218
4443,4673
1694,2764
3509,4697
947,4668
3889,4672
1212,4887
652,2803
2973,4769
3732,5002
4442,4747
3343,2823
3281,4955
3386,114
4142,4971
1985,4738
4256,4886
2907,2849
4700,5073
688,4735
3147,4990
2102,4753
605,5066
4101,4781
4644,113
4404,2854
2688,3882
464,4718
3666,4789
4623,3877
3825,1732
5035,4784
237,4876
539,4910
1878,5069
2628,4979
3753,2767
3306,2867
3972,4763
1706,4911
3239,2813
3401,2810
3557,318
3436,2837
1461,4847
3489,54
930,4969
2110,1845
1370,1847
2703,4828
1061,2839
147,4907
3062,4670
3019,16
4701,4817
1063,1737
2116,4905
3451,117
3974,2773
2227,69
1960,2783
3393,4676
1606,5016
3460,6
3381,4992
3626,3882
593,4681
4975,4803
2733,1732
3753,5064
5034,2862
3670,4818
2402,4931
3077,2671
3828,2671
266,4937
1389,4801
2373,70
4551,3885
3860,4801
3457,2833
1591,4674
3422,1726
143,4883
3017,115
810,4860
288,55
3045,4253
3897,4668
3533,2788
2690,2846
4406,1818
2372,145
2414,2840
2382,1850
525,4723
3967,131
516,4669
2643,4799
3143,2854
1346,84
803,4862
4576,4908
3461,4888
1650,38
1578,283
1660,115
1117,4763
932,4764
4588,1742
1197,4248
4369,4894
2556,4931
233,4688
324,5064
642,5000
1252,4687
4150,2671
282,2844
2758,2773
4468,1862
3172,4799
4709,4732
3556,4737
2625,2816
689,2799
2356,2795
2797,1851
2759,2846
1597,66
2575,3879
1678,5077
338,4754
647,4799
3994,5075
4158,4251
3616,2784
1139,2825
310,4855
761,4991
360,1857
2651,4850
2318,4775
4980,4747
4662,115
3389,4748
641,1831
769,62
778,4905
1405,4902
3961,4990
1249,4951
3285,4993
1931,4777
3125,4968
1571,4766
2090,1816
3701,4932
1046,4669
1337,4783
951,4940
2763,2767
232,133
2212,5075
700,4771
2651,1734
4588,2789
3706,4876
4051,4683
1488,4774
1371,1742
3369,1748
369,2826
3776,4961
2403,4832
4153,2835
3360,2855
2672,4860
3022,2796
2828,49
4238,320
897,4860
341,4730
2364,4732
3909,4754
3581,4754
1930,1860
3011,4780
4327,6
3805,42
1562,4892
2986,5074
3629,4992
3766,1731
1901,2840
1017,4856
519,2765
1016,4901
936,42
1153,4946
2231,5070
242,5064
1796,4679
1564,2847
809,1834
3306,2808
1922,4921
3669,4870
988,3885
2469,4860
430,2786
898,4900
1624,4820
4663,3877
1461,4790
1692,4937
4326,4885
1007,4737
4405,4965
3675,63
4618,145
1490,2840
1329,66
3437,113
5038,4801
2293,4779
1076,4913
2569,1817
2684,2808
2929,4850
3126,4634
1951,4783
465,4788
4702,4790
1923,4265
3009,2776
844,1839
4612,4969
3161,113
3443,4966
4177,4938
4107,4828
1642,4911
768,4803
3078,2799
3998,4856
2622,4679
2313,4251
4111,4909
3199,4775
2689,2851
3059,1831
4001,2820
1946,4770
3791,3879
2956,3914
3167,4917
3097,4791
3059,5065
3503,4888
1639,4672
296,4801
3426,1832
3202,4926
1030,320
772,80
3444,5001
4488,4786
4411,4900
601,4746
4186,2767
2533,11
1928,4694
2462,9
5023,4911
4434,285
1285,1839
2391,5077
2357,4901
271,1725
573,13
3410,4831
491,4748
2923,2864
1204,4857
2128,1834
4028,4939
5012,4728
331,2827
4560,2851
3433,2787
1226,4941
293,4915
1917,4770
4491,12
3932,38
3812,4673
1006,4907
2333,6
2461,2845
1758,4930
662,2803
624,4769
3937,1737
3124,4997
3221,4760
2004,13
4283,4791
151,1843
1157,4773
1496,284
391,12
230,60
1821,4830
4453,84
1154,4886
2712,4919
1445,2818
4629,2829
2664,4879
4719,5069
4758,4919
4262,4742
4069,4678
1427,4743
3376,4776
916,4683
442,4994
1376,80
689,4694
1073,3884
921,1827
2380,4790
4372,2768
2392,41
4286,4678
3911,4885
4332,4685
650,1862
148,5063
2219,4737
2424,4929
4024,4790
2669,4820
1358,66
2579,4884
563,4971
1082,4921
3865,4265
641,4789
1503,3883
2363,4782
968,2764
3088,4265
1366,1837
2579,4997
557,2822
2454,115
3500,2783
3922,4957
4394,4654
3170,133
4100,116
4421,2820
4867,4761
3300,4264
2001,4768
2708,4677
3260,2841
274,5066
2392,2856
2666,1862
1175,3880
4657,2795
3578,4991
4142,4780
4472,4910
37,4729
4898,2786
3786,60
3668,56
3443,1735
4341,60
3410,4912
3538,4828
1980,2843
4706,2862
233,4731
1943,3882
2934,4972
4506,4957
335,3882
497,2783
4352,4784
2659,2790
1269,4818
901,4776
828,2788
3635,2832
87,4694
4302,2822
2488,1817
1867,2849
2509,1725
387,2823
1616,3878
3719,117
1597,61
4147,2800
4244,4991
2354,4654
1624,69
2346,2866
4473,4750
2183,5002
226,4847
2081,4747
3357,69
257,2840
4361,4783
1040,1737
1053,5065
3408,4731
971,4248
1439,52
2185,4979
661,84
4246,3505
3627,9
459,4957
557,5020
3417,53
