2533,2788
1509,4682
1589,2838
3618,2837
3354,4892
4106,4850
1930,4824
365,4668
521,4670
1652,70
2889,2847
5045,2823
4922,4883
3975,4791
4099,4750
1274,114
4565,51
1475,47
2545,4936
4140,2817
3451,4916
651,1835
1722,116
3786,4849
2939,4850
729,4877
1443,4991
2894,4896
3788,4956
1110,4682
1905,2843
1782,117
3182,2827
2072,2835
1887,4829
1359,2658
4950,4908
817,61
4415,4613
5079,5000
884,4961
3063,4904
3192,1861
2370,2772
794,3877
670,4831
1273,3886
2416,4884
180,4773
4176,4878
76,4873
2910,2829
3893,4686
3069,4935
3875,2851
4192,4750
2322,4750
3373,4720
155,38
3672,4911
3648,2853
616,4764
1288,70
4045,4681
1415,61
2082,5016
476,2822
4483,4654
1464,4800
5037,4790
3632,4952
3504,4720
785,60
370,2808
662,1836
280,2800
4428,4774
677,4750
3037,4897
3105,4966
4218,4779
2246,45
1950,4734
1458,2783
3242,4776
4102,4914
3741,4754
3432,4961
370,5016
1696,2764
3648,4870
3845,4820
3667,5004
2365,1848
105,2853
1953,4738
4113,2835
5071,4675
4193,1733
4438,4873
2359,21
850,4678
3582,4912
3828,2844
4202,285
768,4872
4556,4873
380,4972
2568,4911
3103,4801
1692,4966
137,1831
2045,4978
3536,69
2214,61
3736,4743
4094,3924
2792,3915
1779,4817
1453,218
496,40
4102,4832
5009,2816
1614,2843
1026,2816
1336,2862
4054,4818
276,1728
4984,1730
2389,2821
815,4947
3803,2786
678,2821
2036,4909
220,2847
2543,4909
2971,4696
3107,2772
591,2783
330,50
3291,1831
3153,4917
1958,2829
1318,1850
3439,2831
1257,4684
3451,1725
1579,4676
2476,283
4461,68
2041,4856
2633,4912
1259,5018
1723,4965
2001,5070
3542,4766
1211,1728
3510,2851
4501,52
3067,4730
331,3880
231,2809
980,285
4234,5016
1992,2813
4360,145
2927,4752
1443,4891
81,1838
4011,4979
2549,1816
4460,34
4049,2853
4823,4677
1047,4830
3307,4747
3543,50
4075,4849
217,50
1572,4900
2337,4782
2533,4903
3306,2822
2157,4987
4459,218
3844,1846
2549,4742
4626,4264
2875,9
3969,4267
2333,4848
4254,65
1781,4815
4503,3615
3907,4749
462,2855
2530,2839
678,67
2563,4892
303,4903
4183,218
4031,4953
2582,4742
2196,4947
3226,4970
3438,5073
23,11
932,4785
4630,1808
2091,4861
3002,1896
4439,4910
4087,117
3987,4249
2263,4972
598,4779
3426,5016
4616,4752
1288,2853
2067,4907
1344,4694
1007,4918
57,4784
2084,1734
4143,1844
1638,124
1554,2789
1803,9
2512,61
2048,4882
2861,2832
3103,2833
2323,4910
806,4820
2210,3884
3161,4911
1065,114
906,4861
1045,4820
3345,40
716,4769
520,4886
3274,2768
4657,1
1442,4746
323,5074
4019,2860
3299,4691
3313,2779
977,4900
2061,4886
2430,4815
982,4760
255,2824
71,2671
4056,3879
3425,2832
4607,80
644,4686
1276,1846
3419,2829
4218,1733
2353,4696
4648,4957
1124,54
2354,4937
487,4267
490,4829
3324,1836
2024,1808
2741,1816
3941,2787
2801,5
2084,4911
238,2840
2401,4968
4487,4958
2383,4904
3331,2867
300,3915
1551,4681
3698,4905
4196,117
1090,132
2203,54
1629,4671
400,40
3607,4765
3893,2658
4210,4743
1564,4801
2082,1836
4745,2847
934,4886
417,1725
2672,2808
1717,4935
1643,2822
4976,4780
1760,4769
1995,4784
366,2864
324,4883
4067,116
307,1860
4281,4955
3169,4947
323,4915
3684,4748
1914,11
2063,4264
4925,2841
881,4752
2289,2798
1221,2851
743,4789
2516,4908
1881,1733
148,2783
4282,2812
4802,4929
449,50
2378,1816
4327,4958
4256,2847
2171,61
1874,4951
4334,284
2982,2825
3731,4860
2455,4799
818,4910
1705,4668
3227,4752
474,4613
2433,4915
1234,4787
1035,4654
1117,67
4567,4792
446,4934
3358,2817
4086,4674
3039,4264
2287,4918
0,4847
4031,4989
2770,4751
4826,4800
2327,4694
3681,2768
763,2867
2578,4753
1825,4913
229,4953
2078,62
4098,69
2391,45
1383,4962
1881,4682
3738,4654
1556,4857
3531,4964
105,4692
3719,4961
32,4820
613,6
1022,4995
4478,34
410,67
4811,1731
4609,4872
4259,4956
1185,4873
4864,2847
3201,4902
3056,4729
4394,4669
3797,4876
4260,1856
1521,1832
1508,4732
2924,2862
1667,4992
907,4264
3049,2837
4555,4828
94,4785
3720,40
2147,4690
4563,4738
1365,4816
4464,2772
1152,16
1154,4964
3673,2844
3524,320
3182,284
4622,4944
2852,115
449,12
5022,4736
4131,4951
1147,4850
3472,4680
4527,2784
1203,4731
3567,5002
3970,4916
734,2827
92,54
1048,4792
3723,4820
2608,4788
1160,4849
1613,9
3202,2789
2905,2787
2379,6
1449,2862
123,4692
3533,2862
1423,1748
1070,4909
4651,2781
1424,4634
4385,61
716,4919
2437,4958
2757,4969
1322,132
297,2671
3764,3615
1905,53
4221,4877
2259,4739
2535,2783
2008,4770
3684,4674
3800,1835
1907,4961
1600,4919
502,1827
2488,2867
3485,4764
628,4951
3110,2824
4114,2809
2881,5016
1115,4962
1361,62
182,2821
3893,1833
579,9
4286,4266
2020,4780
972,4862
4241,2810
858,80
192,4861
607,1727
2466,4944
4087,4773
3540,2764
3576,4786
1008,4778
1394,2767
4724,34
1080,2789
461,4730
1390,1816
2960,4860
299,4672
2374,4792
2745,2773
2081,1856
3897,4759
4700,4754
2718,2784
715,2789
1079,4956
3372,4954
4524,2855
4481,2798
3939,2772
2219,4931
2643,4773
1738,2831
3857,4917
540,4911
699,1835
71,2774
2165,2823
3108,1
2550,63
2194,131
1949,4946
1494,4694
2907,5074
2344,2794
4400,2839
4303,4906
2136,1848
3205,64
1772,4752
618,2848
2353,4944
2567,61
3863,4792
4024,2858
2633,5016
160,4956
1322,3912
1743,4886
179,5074
1762,4797
4796,48
1987,4887
4292,2865
591,2826
3297,4680
736,4831
2542,4750
4020,4913
453,3
1276,4946
4622,3615
1273,318
2212,4969
158,4815
3961,4754
517,4679
4629,2781
4663,2784
2474,65
3273,1855
2402,2840
3596,4746
1412,4788
4091,4873
1761,3924
469,116
3763,38
3480,4731
462,13
715,4797
3611,1862
2693,4691
3466,5077
1340,4264
395,116
135,4785
1421,4830
687,4996
2283,4946
5050,4902
525,4735
5051,4675
977,1732
787,2814
424,1732
3323,4801
2960,1840
4550,2845
2930,1730
2493,4904
385,3505
3969,1839
3142,131
4192,2826
976,4761
3106,5016
2673,58
1236,4965
4823,1831
3511,4900
1793,4885
2540,4815
4925,4732
931,4748
4156,4799
2054,5020
3481,2808
2386,4910
4061,1844
799,3877
3553,1841
2766,6
745,4778
1526,4858
1964,1727
5082,2846
3829,2824
3434,84
3421,1732
2529,4830
412,3878
610,4891
3570,1856
562,4941
176,4970
704,46
3577,4743
2498,2765
3699,4877
2884,2837
1264,4952
787,3883
1282,4913
1599,3914
4366,61
257,4693
2491,4855
155,2817
3849,2823
460,4896
3585,2829
4528,3912
3355,1836
3116,4742
1813,4776
1409,4786
3378,1735
675,2847
1409,2825
501,2864
2075,4965
2059,4696
395,21
2269,132
1717,4689
418,1732
5054,4993
4003,4266
622,1849
2613,4669
3180,2803
2478,4742
2360,4791
3191,4250
5050,1831
2522,4249
4472,4939
5025,4769
2534,4819
3512,5065
2540,4782
3629,4856
4304,5065
2322,4751
2675,1848
1100,69
2006,5065
2649,4909
3344,4987
2425,2849
4146,3913
3351,4781
688,13
3721,2841
3373,4736
990,4870
4646,3880
2357,4892
312,2767
2876,4789
5022,4266
743,2768
3442,2857
4406,2822
4950,1835
4641,11
4213,4782
1300,2838
487,2767
313,4978
2222,4900
90,61
3999,218
402,3879
4141,2854
4033,4947
4192,62
3269,4956
2754,4741
3638,4673
1787,2813
915,53
712,5016
2483,4892
325,4613
3047,58
740,38
1316,2821
678,4678
2793,4886
4021,4674
3867,115
2632,3881
1548,1842
575,4908
4378,2788
773,64
986,4720
2932,4847
236,4668
3158,4671
2015,2858
4427,4671
2990,1817
1139,4913
2342,3615
668,41
3263,4858
3040,4819
3299,4884
1345,4755
2280,4765
2047,3885
2017,38
4825,2671
4470,284
760,2795
4619,2764
1521,4689
1361,4979
3639,4816
1483,69
3572,56
148,1730
2904,4860
4282,4994
2585,5018
3849,50
2327,4780
1219,4858
919,2808
1023,1729
2571,80
3816,4781
4577,2810
4837,2790
2440,4747
2792,4768
497,4992
371,5019
3855,4917
3030,4883
1460,4906
3920,4731
3052,4799
3396,12
2945,4755
275,2774
2688,67
1992,2671
1496,4734
1203,4978
3416,2867
190,4993
4065,4729
3610,4820
4585,2783
2462,4819
1976,4769
2699,1836
1180,1817
91,4918
267,2822
2491,4992
141,2849
5035,2823
4608,5019
4665,4958
2026,4900
647,4783
2542,318
2909,7
428,4250
3810,4264
4490,6
1820,3881
2172,4720
1028,4891
360,4746
1802,4987
3905,1831
3196,1850
4615,4994
4192,4668
4950,2851
2828,1832
435,4828
590,4752
4641,4908
422,4870
2985,2817
2460,2858
1275,4978
4368,4253
2868,4673
2080,4946
2880,3915
437,2794
2567,4746
2693,4955
1526,4769
2662,1742
3186,4781
2026,49
3389,3881
924,4911
1868,4752
2036,4818
517,4861
1089,4884
4636,1861
2511,5004
3767,4773
3818,2800
1600,4941
1228,4742
4950,2799
2915,4264
2987,4695
419,4671
3027,4684
744,5073
1533,4687
3940,4961
2059,1836
3959,4793
1954,7
532,4919
1119,2845
4524,4769
5034,3883
1400,4935
1289,4820
367,4930
1824,2835
3606,4634
2355,4251
729,4986
3891,2658
290,4771
3111,1855
1341,4248
2273,4935
4702,1726
2166,4892
3812,4892
2922,132
4523,4830
966,2817
3000,48
1823,4741
1821,1835
4311,2773
3570,5020
2565,4736
917,2795
1618,4882
3890,4872
2484,2866
1651,318
2368,4727
4098,2832
3165,5063
915,4753
2196,2795
189,5004
886,4882
372,3913
3509,4720
4337,4951
1866,4695
4072,1862
711,4694
428,4669
4037,54
1601,4831
1230,4683
4070,4718
2001,4879
2256,4779
1237,4763
508,80
2750,1833
2520,4635
3300,4944
2041,4763
2662,4994
2040,4930
2371,2822
2011,2782
3329,4832
3593,4857
4243,4766
207,1841
4195,4911
4339,5065
2884,284
4703,1831
3517,1726
2407,2811
3379,4935
1653,1788
3659,4799
1201,2837
3508,1831
2272,2864
1703,4773
929,4915
309,4912
3501,4776
3096,1847
1107,4727
2016,2820
2943,62
454,4781
669,4913
3656,3
3026,2658
4088,4689
3683,1834
1087,4912
3726,4920
959,4696
614,2776
1388,4926
2337,4937
1262,4963
1510,4786
4257,4694
4570,4916
2460,4779
1398,2838
3865,4882
4311,2795
3523,3882
1449,2851
2890,4742
1596,2773
713,2768
4476,4955
2045,4760
817,2839
1527,4961
3394,5
1218,2671
4156,4742
4427,4774
1967,1836
506,2773
2352,5065
1437,4862
2962,1861
633,4690
2557,4769
1274,1896
4093,2796
4640,4997
4651,1844
587,4730
2444,1835
4192,3881
3570,1835
2443,4870
3434,2786
3610,4888
2974,1857
3859,1833
3929,2788
4171,319
4061,2837
2077,4736
3379,2808
562,4253
3598,5001
4757,1831
1073,4900
2647,4883
2204,4799
4661,2799
457,1838
4104,67
1351,4762
2222,114
915,4955
4497,116
1143,4777
574,4860
2365,4972
719,2825
3818,218
148,2798
430,2812
3830,55
406,5069
4096,3924
1527,4689
3639,2827
4867,2829
2672,4872
1994,4947
766,4968
1256,84
3207,4900
4414,4689
2871,2837
255,4694
3226,2820
1859,4912
4429,41
4105,2829
2275,1836
2698,5002
4014,1860
3822,4793
4109,4964
2656,1837
1645,4634
4286,285
521,5077
424,3913
2688,4939
5078,3881
2890,4891
1745,4857
237,4819
4655,4947
2091,4793
4487,4797
4661,4754
3586,2768
4208,4677
1052,62
3686,5064
3472,1732
4644,1896
4233,2772
829,115
2928,60
1701,2803
2011,3879
3986,4733
2669,4818
2925,4968
3012,318
4178,4673
676,3883
1178,4879
287,3914
1715,4786
2408,4908
3656,1857
2355,4903
293,2829
2564,4731
4319,2764
624,2811
3244,16
2924,2845
4297,4741
2495,2784
3119,1840
4229,4862
1582,4785
1513,283
549,2821
992,5018
594,4674
2944,3924
4447,1860
134,4736
4279,4738
4205,4997
1602,5004
127,4994
2886,1846
4172,2825
4557,21
138,2844
1745,113
826,1839
3542,1837
1246,4654
346,4896
1852,2812
3479,1730
2195,1742
4219,2833
2943,4952
614,1837
2194,5065
1488,2867
3926,4746
2214,4911
147,4894
2024,4878
2619,55
1011,4831
1086,3913
1254,65
4421,114
2607,4797
2063,2824
3795,1827
2591,4962
880,84
955,2824
862,68
2372,4831
3831,4941
3815,4770
4178,4768
2391,48
1108,4963
1931,4734
2579,4900
907,4675
4098,4916
667,1837
1598,3914
3391,4952
129,4892
4967,4849
4081,1847
123,3877
922,4909
2468,84
173,5066
825,41
2163,318
312,84
1664,4919
3626,4956
3532,4783
3929,55
716,4763
401,4732
1319,2860
510,4788
2409,2856
4980,52
1168,2787
3087,4990
3385,1855
2103,1896
3140,1837
3735,4917
4617,4862
3443,4803
183,2810
740,3
1201,2851
592,4888
876,2857
3078,133
4500,1837
2077,4998
2665,2848
2923,4849
3284,12
1934,1726
4195,4695
4088,4731
2861,4848
1588,4829
2632,4253
4471,1839
4239,5074
1217,2844
1630,4883
4160,2787
569,4790
298,284
110,4829
4898,1851
2950,4932
3761,1843
1275,4955
775,4911
1404,4720
446,4994
3319,4654
3839,4761
4023,4780
4346,5066
4139,56
4383,4803
2301,4762
2274,68
3703,4249
3071,4988
1545,4941
3338,4766
91,4763
3739,2779
956,4765
1437,4820
705,5019
2418,145
3954,4753
1062,4788
2912,4682
4451,4774
2966,4902
463,1843
1568,4830
3360,4861
1532,3878
225,4692
480,4759
3627,4720
1859,2831
2479,4748
3216,1727
414,4675
3853,4793
1102,4857
1087,4613
2236,4790
4314,2818
1920,4971
4549,4687
2661,53
3645,4952
384,3881
4131,49
4276,132
3567,49
911,2833
2329,4733
3080,131
2266,15
2155,3882
2085,2787
2022,2813
1807,4738
1219,2784
4867,4855
1930,3885
1758,2810
679,1
4015,4860
3531,3924
2699,4884
3476,2867
3751,4939
1418,2774
106,4739
4365,2847
1619,4914
1647,45
1022,116
2652,2826
3311,4693
1145,1851
4303,4253
752,2831
771,4989
2013,46
1333,3878
2899,4906
1197,1845
3074,5073
3542,66
107,4894
973,4730
4192,4991
2880,2825
3755,1842
338,2849
1187,2786
74,11
2246,4968
2047,4818
1615,3615
2252,4966
2698,4786
3089,283
3869,4773
4039,1847
607,4267
19,4690
3542,4738
2900,4921
2423,5066
824,284
3472,4964
1062,4992
4263,4935
4541,4908
3500,4900
3395,4988
3934,2782
520,4988
2463,2787
4190,5016
2644,80
659,2813
3543,4253
758,4911
1220,4964
2132,4993
1574,2848
4434,1831
273,4791
1234,4680
2389,1836
2579,3924
3983,4783
3108,4779
2771,60
4311,2864
1262,4901
2341,4939
4519,2823
2665,4732
1197,1831
4257,64
698,4972
665,4253
2314,4939
151,2812
1522,1848
788,2772
4427,4892
2732,2796
1980,4790
3792,54
3589,1844
4312,4877
2187,5070
4493,4936
2367,4692
3694,61
296,15
2909,4944
3037,4913
1231,4918
3856,5066
1919,4912
465,4830
2979,4894
1073,2814
2592,1835
24,4918
3821,4991
4076,4668
1794,4944
532,1847
3667,5020
576,117
5037,2658
2594,114
2045,51
3670,4972
3766,4613
2097,4799
2583,84
1906,1735
3089,55
4180,2866
2655,2826
3737,4735
3647,4910
1447,2790
4300,4775
3455,15
4400,5020
4484,2829
3788,5073
3587,4860
1273,2658
2230,4906
252,4888
4122,2837
373,1748
2262,1849
2294,4856
961,2796
3515,1845
3658,4753
2505,1748
4490,5073
4834,1727
3445,4862
3961,4877
337,3
4361,4676
756,4946
1559,4755
2561,58
3268,4773
3489,4912
3766,4954
4497,2816
389,3885
1626,4905
1664,3879
3121,34
1924,145
2227,4994
4603,62
401,4890
4590,2772
167,4919
4725,13
422,4720
1496,4830
2616,5074
1251,2826
3835,4940
1150,1832
3910,4992
3258,3912
1882,4773
2721,5000
4116,5000
3261,4793
2159,4773
4539,4777
1798,4954
3927,2840
1546,4770
1082,2809
1873,1832
4079,2765
4526,4938
1452,4993
619,4735
3358,66
577,2843
3480,4613
3596,4947
1339,4775
4096,3913
2685,4249
4027,4771
223,124
2456,2782
3103,4775
299,1726
928,52
774,4747
1901,4997
190,4733
2204,65
3829,145
4129,4779
4013,1834
1707,115
1194,66
3579,2848
4127,3878
4559,1846
2918,40
4106,5063
2742,218
3065,4697
4403,4773
763,2855
2281,4907
157,4962
817,4697
1622,1729
3261,2831
4417,4799
2995,2856
709,2820
1774,4816
2208,4890
4414,21
2476,2765
3902,4937
2251,4956
2327,1847
1656,4772
1719,116
2105,2829
4092,4994
4059,4817
313,4910
5083,4939
954,5064
4343,4782
4386,4920
1704,4891
998,4986
5010,5000
2394,4972
1327,2789
781,1729
3519,4683
4320,2779
2038,4695
1169,51
2276,2671
3936,4920
1080,4890
1647,5002
1830,4672
1079,4692
3553,2835
4117,38
1055,4862
3494,2833
3308,5065
1491,2795
1055,1862
1328,1733
2117,6
1161,4789
907,1896
2830,2855
2991,4970
2191,1857
673,5064
556,1725
2678,4956
2871,2822
786,2782
2953,4903
2483,1727
2187,1861
1070,1842
164,4849
2307,4692
1034,4889
1605,4692
3623,4997
867,4892
3482,2854
152,21
3799,5074
3069,70
1996,65
1376,52
4863,2821
3441,1816
267,2785
1286,4760
1462,38
3401,4946
4203,4882
779,4793
987,66
2639,3885
1220,124
3761,2812
1658,4762
4252,4733
4188,2794
554,4970
4025,4979
3068,4995
2202,2857
4383,2779
2372,5018
4326,116
2893,4754
3297,2858
1546,4855
848,4818
1368,4894
1485,2829
1813,4736
1302,2765
2486,4251
4469,4673
2877,4905
402,4987
1434,4674
575,4886
1166,4954
928,4906
2336,4266
1694,62
3630,4931
2610,40
2295,70
3378,1726
866,1838
2335,65
1209,80
4632,2845
2186,4971
1115,2779
317,4264
3918,2768
704,2798
4709,3886
3130,1832
1965,4764
4976,1728
2202,4267
307,2767
1040,4910
3546,2790
2431,4971
1445,4969
790,4887
2608,4613
4491,4830
1381,4816
1240,4742
3769,5016
591,2784
4713,2858
1135,4956
4322,4749
236,4907
3062,4673
2257,4688
5021,70
1018,4952
3831,4990
5015,4677
2186,2824
347,4953
277,4770
4149,2813
948,1726
830,4886
2154,4888
3103,56
1546,4886
4098,1838
82,1748
1663,4907
2444,2671
4977,4915
1195,1726
2998,4684
4099,4759
2886,5073
3599,2784
536,2789
4103,3885
972,4856
4659,4920
1984,4690
4981,2814
483,4934
2313,3615
619,4792
2635,4783
1153,4670
4140,4918
382,4987
289,2840
1524,4780
1062,1725
4185,4914
1529,4946
579,5002
3412,52
4107,124
5038,2840
5068,4780
2417,2783
620,4792
2245,1839
2069,4831
257,4969
919,4769
1554,4904
1147,4738
3186,2773
2111,2848
4461,4779
3418,2866
3906,4998
1120,4885
415,4829
591,1848
4176,1832
3564,4793
3875,2824
1768,62
2909,4695
243,3
725,113
2931,2826
540,4952
4208,2865
2863,2843
3782,1833
1480,4952
4618,4944
3015,1734
4852,2817
548,2843
5067,2845
4959,2843
269,124
2063,2827
2062,4750
2561,5063
982,4267
4435,45
2322,4683
4314,1816
3436,4769
1274,4692
4844,2816
3473,2781
632,2779
1285,2855
3332,4913
2349,1733
2911,4762
1762,4906
4471,54
842,4824
2711,4675
3258,69
1457,4759
518,5
4637,2779
4392,1728
4423,5016
525,4763
3276,4773
1477,5070
3335,2846
509,2796
4539,4817
163,4861
3223,13
2301,2810
1698,4753
2514,2829
1317,4746
1198,1861
1202,34
329,4962
1927,4876
2868,1844
3432,4789
4546,4929
1367,4750
1059,4265
1515,5019
273,2796
759,6
2318,1730
2344,4901
3900,70
4230,4783
2999,115
344,115
3011,4921
3486,2773
518,2845
3666,4962
1224,4929
4017,2848
3401,9
2409,55
2384,4993
1083,11
3181,4680
2725,4993
4796,4890
254,1817
3533,4906
801,4961
102,4634
3964,3878
1317,2846
691,60
1295,4832
4446,4886
3118,2843
2421,1833
4086,4905
4236,56
2682,4720
2295,4877
2886,4911
3219,4862
819,4850
3707,4801
1121,4918
2218,4784
1221,1841
1334,218
2612,4862
1065,41
3823,4938
687,4801
2542,1818
43,2785
3539,2764
2164,2824
1228,4861
4161,4989
2272,4739
4272,4952
19,4788
999,40
1193,3877
639,1
2736,5004
4578,4613
2777,4747
3730,66
1143,2827
2933,2812
2804,4769
3597,4762
264,1855
2684,4769
744,4775
833,2855
3446,2826
4288,4759
2728,2767
432,2860
441,4990
4550,4774
3876,2824
4323,320
4014,4877
3781,4697
3717,1748
3792,283
3136,2789
4581,4987
2115,4688
4078,4963
705,4938
2452,132
4157,2824
2780,80
2024,4971
1500,55
2561,2798
2204,2658
4355,4786
4643,3615
3298,5069
86,5001
2717,4986
2548,4913
106,1788
3311,4251
4943,4952
3795,4860
4165,80
1410,4914
2165,4738
112,4994
3214,4909
909,80
833,4946
1055,4251
3308,4818
529,4890
1550,131
531,5066
2268,4972
1362,4961
3336,2767
789,5075
4478,2860
2737,4754
2769,124
5078,2765
2120,4897
3375,116
4010,4752
4623,62
1210,4860
1759,2796
2064,54
2426,1861
3064,4781
4302,53
997,4886
3127,4635
393,4728
2228,1850
4395,4778
1532,68
637,2846
4438,4876
20,1844
211,4686
3443,4687
785,4963
346,4964
2697,4786
1235,5066
2459,4777
1760,2824
625,113
3127,4921
1709,1857
1101,4696
3868,4779
3938,1855
1327,4897
3564,3877
303,4882
233,4900
1147,69
309,4748
1205,1735
3826,1748
4423,2818
2689,4953
1159,3884
3350,4748
3407,5077
3140,2820
3551,2768
2344,4671
1194,4921
3873,4978
2926,2829
1605,2779
3694,2798
1631,4992
1456,50
2570,4734
1427,2857
1445,16
4258,5065
666,2839
2151,4998
3268,49
2727,5075
18,4934
3778,2764
3216,4783
3509,1733
4623,4772
2156,3883
1863,4904
377,4860
4162,145
714,4613
1391,4941
2146,2867
1984,4762
1477,1808
1890,2847
1681,4958
3945,124
1123,1896
993,3877
4299,4768
1224,4670
2100,5066
1557,4862
566,4829
4047,2867
2703,1838
1456,4940
4532,4890
2516,4986
1495,4688
910,4912
4838,2790
2623,3881
2142,3881
2354,1742
5011,1732
2363,4902
1163,4861
3073,4965
353,4872
4550,4738
743,4720
79,2866
4515,4957
2634,4634
966,4911
4666,12
3865,1833
3588,318
617,1735
4085,52
2747,52
1645,4674
2921,4993
4865,4855
1764,115
4005,2833
3794,4763
198,4896
2582,4741
1166,2799
1610,2785
140,1725
1864,2832
4705,4961
4339,4831
2602,5064
1018,1838
3639,4689
576,4692
150,4689
2885,5069
3947,1731
998,4862
2381,48
344,4685
2466,2796
5022,4990
1088,4777
3750,4815
1496,4831
842,41
227,4920
1225,4877
5058,7
2985,4692
925,84
3187,145
1046,1808
4420,4685
4147,2831
4568,2808
3842,2851
1799,2826
315,40
2807,4679
3984,4754
3055,1740
784,113
2276,4253
2919,13
588,4728
1624,4824
1680,4762
4130,4697
2454,1734
3519,84
3076,4738
744,4849
4520,4880
884,49
2492,2829
1623,1842
1908,4955
3133,2790
2959,1851
2597,1726
2168,4978
2592,4730
1346,4799
1683,5063
542,4937
2815,4687
425,1847
4039,1732
1161,2813
3299,4914
2018,4768
4069,2773
2248,60
2269,1742
4812,2864
974,4931
3534,1844
1660,4762
3344,4920
1528,115
2142,4954
1249,2808
152,8
3482,4954
1324,5069
4618,2864
1166,2809
2005,4828
868,4689
3720,2773
3013,4947
2680,2764
620,2826
2146,5019
1875,4884
4185,4746
577,4917
10,4677
3463,46
3735,4671
3429,2800
4600,50
1968,2782
2454,2764
639,2853
3177,4732
2872,2851
3261,4953
532,2767
3525,1788
5052,4762
3407,4815
3966,1848
3119,5018
3560,4729
3930,4911
415,1862
569,4931
3141,4926
1100,1742
2340,70
2199,285
1907,4772
1264,4962
2215,2840
2016,2822
3829,1833
2842,4683
2578,2844
1679,4777
2044,4858
1782,1
5003,12
1098,4995
2173,4784
861,2843
2075,1850
2306,4892
892,285
3324,4682
188,4988
2428,4872
2104,4782
1744,2831
435,4749
4715,4760
1858,4687
1179,4872
1621,5073
899,4816
1552,4792
1443,1742
71,41
4980,4857
400,2858
3868,4765
2049,2765
2109,4831
2263,285
1132,2822
3753,2839
3623,4996
1804,16
3046,4903
2756,4681
3249,7
755,48
2969,4972
1122,4746
646,4962
3933,4248
1114,4935
357,5020
2561,4971
4413,2853
3631,5004
1195,5063
4377,4816
2590,4917
4711,2809
3633,4888
2982,4770
421,1748
1866,1844
2029,1832
2987,4789
1399,4780
3492,2773
24,4961
4396,131
1233,15
2769,68
2459,1850
1172,4759
144,4613
3439,67
1481,2840
1249,4672
3523,4251
1365,4686
2008,4883
3782,2794
1135,2816
3482,4764
3425,2865
726,1840
754,5063
681,4759
3018,1851
1527,4800
1700,4995
4481,4747
4625,1732
454,5070
4341,5070
1136,2865
2326,4953
3524,4732
2460,2846
26,4801
3522,1832
601,4760
4486,1857
3098,4860
1988,1851
677,4883
2694,4692
1597,2829
4128,4964
2277,4764
2921,2860
2739,1845
3428,2858
5061,1860
2558,4858
1052,1732
5057,4921
1139,2790
3120,4746
188,4790
3997,320
4364,2803
4645,1748
2927,4998
1875,2838
2041,4789
2315,1842
1305,4995
2223,2831
2576,5063
2012,4817
3332,5075
2675,4848
3082,2867
3096,4962
671,4994
2473,2867
309,4882
4658,4971
854,3
2005,2816
3622,2812
1779,4730
4118,4890
2654,4727
3719,2788
2676,2858
3085,4956
4310,4775
4701,4920
3623,4682
1475,4966
4627,2849
3773,4954
2756,1728
847,145
4745,4685
897,4920
3342,4734
4109,2799
465,4939
354,1847
311,3924
2017,4883
1983,2776
2536,2790
3988,2820
3383,4978
4559,113
4117,5018
2235,4917
2998,3505
3580,4937
4721,4952
122,4670
2877,2776
214,2849
3667,117
3695,4251
137,4891
745,4686
4608,2773
1060,4915
912,4905
693,4918
2494,1833
1504,2867
183,4777
4343,4739
1318,1730
1459,2787
1749,12
4045,4884
4070,2799
955,4635
1063,1818
4356,8
4845,5070
4114,4901
2777,4792
2910,4732
1666,1731
3355,4932
592,4890
1468,4955
1530,4912
2802,40
2497,4736
4149,4909
668,2835
3338,2824
953,4913
1739,1726
3662,69
1045,2817
624,1827
1688,80
89,6
831,4912
4008,3882
2657,46
3388,4692
4562,4926
2925,63
1104,6
961,4952
2498,4678
1019,4820
1722,4955
2059,63
1097,41
778,2767
82,2864
2186,4718
1415,2847
3326,2846
1265,4781
3890,2856
1481,4728
2255,4748
657,115
2077,4690
3146,4907
1683,4829
2109,116
4451,4776
3232,4944
3790,2784
2700,4766
2133,4971
187,2847
317,4751
1172,4955
4030,4685
2928,4940
2068,4685
3796,4727
2488,4937
4086,4953
4008,1847
437,4955
1822,4820
4973,4964
3736,4250
4338,4880
2912,4778
380,2829
3162,4749
3378,4734
4219,4892
453,131
4275,2866
1974,4857
3018,4772
1678,133
509,2813
1119,4818
834,40
3373,4921
2058,4876
4165,4909
2574,4774
1873,21
4258,1849
1123,2854
77,1748
3322,2829
4874,4771
888,11
1456,4912
2626,1843
4432,4968
4204,70
678,4917
4286,4918
4270,4763
774,4674
1363,2765
2202,2768
3241,4888
181,1735
2150,1808
4213,4888
3095,5063
2646,117
3437,1730
1419,4872
1261,4762
1122,1748
103,4900
72,4734
2240,1734
4081,131
842,4635
1153,2854
2850,131
3520,4901
5052,218
2676,145
4425,4793
2734,2845
4096,4727
2241,2786
3845,4926
1433,1788
4643,1731
1699,67
2163,4253
4975,1844
4231,4730
222,2812
2051,1737
4319,4888
682,2785
4160,3881
2434,4952
3910,5018
1453,4789
1593,2825
2976,4769
3602,1837
173,4908
345,4901
1853,5001
1173,4737
2564,4687
4468,4990
2515,49
1214,4886
1101,2843
3381,4799
1061,1818
4497,4857
1438,4997
3471,4669
1429,4883
446,1734
718,4828
1415,4896
2295,4817
816,4265
1021,5002
135,62
3888,1748
992,55
608,2812
3563,1808
3578,2840
2287,5019
3996,4991
892,2814
3300,1733
4844,4986
2385,4800
831,4773
406,4730
172,4915
607,49
3167,5004
3508,38
437,2789
1008,38
826,53
193,4675
926,4929
1262,4613
3835,4690
279,1847
4278,2821
1920,2823
4807,4882
294,4926
4150,4882
2961,4972
656,4878
4435,2858
2908,2790
379,218
1273,4816
4581,1731
2061,4781
4145,1833
316,3883
2108,80
1770,70
1853,4906
1926,4995
1216,4742
3267,4754
3641,4891
864,4907
4107,4791
4148,1851
4320,4887
3532,4803
4164,4677
2262,4762
73,1847
2447,4668
3928,2809
2289,4824
649,16
159,21
647,4776
2356,1838
165,318
4269,4963
1511,65
3413,4737
3707,2866
786,2808
3176,4684
1915,4819
2385,4769
645,4909
3482,1835
364,2814
2258,9
4504,4673
2130,1896
1339,5001
2345,4697
3440,2823
2908,115
2900,4763
290,38
3898,4635
2021,1727
1498,4769
4154,4737
3408,4681
1859,320
3187,4902
3264,4787
2400,4941
4626,4912
4454,4761
640,1808
1220,4761
4019,1846
3148,4747
2925,4862
524,4939
326,2671
1517,4778
1085,4731
950,4916
2266,3886
2880,4832
513,1817
3326,4803
1345,2768
385,2832
802,4820
3081,4797
3908,4695
3905,2824
941,1725
3706,2865
4384,4739
4478,4818
3051,4921
4000,34
2154,4931
5022,1735
4476,1733
4428,4693
2086,4978
4712,4919
4405,2817
2005,5020
3561,4963
3580,2851
2937,2855
1682,4954
3282,4828
554,2849
2709,4688
566,4669
1922,2840
4470,2813
86,64
3527,2818
1702,4754
2390,4919
2684,2865
2119,4897
1778,4930
5060,4749
4433,54
2291,1827
2801,5069
3274,124
1504,4695
422,2790
5011,4989
1285,6
2464,4755
3012,4997
4609,1838
2477,283
2932,4989
2669,113
172,2795
4625,68
2358,4916
2885,319
762,1844
3288,4818
2570,4913
4643,4992
4200,116
2484,5066
4376,4920
1640,2813
489,4670
542,133
2234,4906
1762,4739
1785,4929
2490,4932
3313,55
1292,4905
2979,4783
3224,4978
144,2787
2374,3882
4582,4896
1994,2831
916,1735
4583,3877
4247,4987
3966,1849
214,2794
2087,5064
3136,1846
4005,2800
546,4690
4426,5066
639,4755
170,70
4431,4266
4598,4883
4087,1742
1369,2816
461,4690
1736,5074
2170,4747
1098,4992
4171,4882
2209,4736
1553,2864
3870,2776
514,4849
3778,4730
4559,2789
883,2814
2418,4887
1315,4250
2128,4901
1391,5073
645,4848
5010,2809
5062,4747
3493,2865
4189,4266
4027,4787
3000,4964
3177,2864
2452,4668
4160,4613
4081,1740
1131,1845
2247,124
3380,4676
495,2768
478,4818
3127,4882
2758,4613
3197,2800
1949,49
2143,2795
1781,4783
3411,1845
4571,4736
3096,4692
2890,2826
4522,2855
1688,4734
4026,1856
1083,2831
4666,2787
1990,2847
5043,2789
3684,4986
1243,4938
3424,4966
4490,283
704,1834
3811,4978
2459,5
265,1816
2297,4797
3261,5000
3847,4993
3193,2866
758,12
1192,4779
2966,4879
2317,48
2963,3886
2760,2825
4300,5
3575,4873
2828,4964
3500,1725
213,4775
1529,1827
4341,2823
4611,133
1115,320
912,133
2407,4929
2010,4768
201,1832
4289,2671
615,1733
4595,1827
2723,2835
1642,4890
277,4720
1557,4786
2545,1841
2246,4688
3205,4963
1485,2827
421,3912
4071,4789
856,1725
4580,4904
4254,4739
991,4819
5060,4690
5027,4993
4513,4635
2359,40
2462,3924
2474,1740
2072,2862
3778,4684
4981,4741
3112,1862
2018,2808
3547,4855
4120,4957
1578,4753
4257,1836
3353,4914
2318,56
1802,4876
675,21
4237,4785
1478,4920
2473,49
1467,2789
3155,4887
4587,12
664,4735
1871,1836
1070,4913
4134,4971
1793,4877
4238,1849
1486,2776
3248,4727
238,4673
2735,4861
3710,4753
4150,4907
2208,5065
2212,4993
2379,2854
4173,4768
2881,4249
704,4718
2374,1729
3862,4730
4806,2783
1783,8
2537,2824
3302,63
1868,4773
1481,4797
4975,4789
800,4882
327,4720
468,2825
4594,4678
475,4997
3580,4634
2352,4824
4439,4685
1065,51
3450,15
122,4879
4450,2856
756,4769
4239,2847
3054,1837
3579,4940
2022,2772
3581,2658
2074,11
879,4915
4106,4669
552,4944
549,2818
4101,1731
990,1850
1718,4887
3965,40
1408,4718
418,4779
4341,4797
1249,4689
390,1726
2274,4673
4868,13
1111,1844
3057,67
3496,4689
3053,4830
1724,5063
656,4856
1020,4729
1782,2783
2128,2855
2207,3879
2184,4994
2504,66
1104,9
2133,9
1449,4747
4225,3879
1400,4801
2515,4791
3918,3886
4623,4905
4048,4786
764,4979
4005,2856
4120,4681
1299,2803
1253,4972
1437,4831
171,4828
635,3884
1247,47
954,1730
962,4266
1548,50
2890,5019
4308,4882
352,4733
434,1844
161,84
4510,4966
1190,133
970,40
1165,4972
1384,4964
2536,4793
3949,56
4844,320
2579,1818
3297,2779
3976,2816
3280,1851
3659,2849
409,5070
3684,4803
1881,2799
4065,4679
2743,4763
5044,15
3432,2832
2267,2851
1901,320
1767,4969
456,4762
4933,4265
2537,4936
5072,5000
768,4786
552,4958
4524,4964
3862,2823
3038,1727
4029,66
3067,4773
933,2813
2519,4953
2434,3879
1658,4251
718,4720
2730,2795
1587,4253
991,4676
2205,4937
943,2846
3372,2862
2404,3886
449,4676
1739,4669
2143,1818
4254,124
934,53
3996,4884
3868,4673
451,4968
3801,5077
2493,4900
3512,4265
121,4880
3775,4264
3994,4251
2177,4876
3974,5063
3894,1816
1881,4762
2385,2840
1666,4963
4705,4937
3498,4737
2474,2839
2267,2786
2145,4800
1803,4723
1061,3912
2971,4832
4511,4742
10,4747
2364,3882
31,4883
2416,4680
1797,4786
2665,1827
3084,5074
3339,4759
1627,4996
813,3880
3701,5004
3596,4694
4213,4824
4326,2789
3116,2773
1203,8
4319,3878
1565,2843
134,2845
2319,1849
3717,2790
1176,38
4949,1847
1221,4743
4141,2864
3190,2845
407,1850
3389,1838
143,80
2756,2813
4229,4831
3356,3505
1890,4947
1694,4770
2648,2787
766,4906
4711,3914
934,4751
1697,4993
5043,4971
1180,4947
77,4896
2388,4250
629,2799
922,2843
818,4963
3393,1817
350,1844
1944,1742
2265,2816
2208,4613
635,4676
3025,1740
2679,65
3039,56
159,4672
1882,12
4227,2789
3193,4887
3674,4696
1389,12
991,4968
166,5063
3983,4728
465,5063
4334,4953
94,34
3876,46
4090,4872
1214,4266
1173,6
3739,4800
3172,4679
427,68
2700,4749
1452,4986
3262,1748
4394,6
3506,4824
2422,1737
430,4961
5022,2858
3004,4987
4486,4685
1691,4997
4646,1740
3832,64
2429,4765
1534,4800
514,4969
2967,3505
3763,4743
644,4913
2368,5074
994,4266
4521,42
676,13
3425,1733
3678,3914
147,1849
4225,4873
3047,2800
3210,4764
372,1808
4475,4896
4825,4797
3206,41
2901,4815
978,1848
4601,133
1317,4780
3554,4692
2653,12
2205,4909
1542,56
3068,4634
864,3
1107,65
5013,4684
4392,5018
3211,4775
2125,4908
119,1861
2251,63
3101,63
3219,5073
1107,46
1719,4930
4594,4957
4176,4992
1801,4926
3003,4971
3358,4773
2095,4965
4092,1843
2588,5
2402,16
3950,2795
1365,117
2949,4944
103,3878
1437,4789
3052,4900
323,4668
177,4908
3515,2783
1286,4688
2314,4264
946,4748
1806,2789
2364,2839
4621,2831
2322,4910
4152,58
890,1833
4129,4946
150,4775
1529,4654
1233,55
4390,4986
3581,1839
394,4790
3849,2855
4188,5
3117,2849
1768,4963
1767,4739
496,4773
1307,4891
247,115
4046,113
3524,2853
2252,13
2552,2811
2057,9
3960,4762
4556,4773
1809,21
4550,1847
4721,1817
1169,2864
5067,4697
3148,4265
1736,2810
2980,4765
1633,4917
549,4900
767,4733
3984,4676
3006,4910
2226,4913
2180,80
3992,4782
3649,4755
222,4856
4142,145
332,3924
2007,2821
2287,4889
1061,2855
248,2831
636,3912
1622,4686
335,2849
3695,4966
1223,5066
1959,4860
527,4723
3355,4803
123,2838
610,4954
1974,1845
2296,4990
3639,4691
488,3
1939,4720
674,4894
3988,1735
2139,3882
286,3505
1557,132
2077,4792
5046,4267
2061,4830
2615,5069
2452,3885
968,4750
2896,4720
3840,4687
1020,80
4128,4761
2404,4783
1336,1851
1863,4888
1627,2867
1721,4249
3803,3885
2038,48
1922,4736
348,2767
2149,1844
4398,2849
4114,124
843,4692
1767,4785
4973,5066
2667,4940
1243,2844
1899,3885
1309,4613
242,2817
1601,1816
3987,1833
2542,2847
2932,4696
1872,3913
1746,5016
2606,4889
3111,1851
2021,5004
4389,7
3114,2841
106,12
3953,4916
1122,4904
4591,63
2363,113
506,4964
4282,4817
3732,69
1002,66
2310,4819
4662,4857
375,5002
3279,4916
395,4680
322,4776
4895,4913
5061,4697
5081,4877
1806,4832
120,4791
212,4901
2260,2853
1480,4251
4627,1857
4311,1848
1154,4654
829,3886
3539,5077
298,1846
617,1856
93,4935
2276,4681
4322,319
3644,4887
2686,4937
2720,2765
4381,3882
2890,4978
1184,70
1830,1817
825,4736
3597,4978
3366,56
2571,4824
3277,2857
813,4937
3546,4880
4597,1816
4518,4979
1099,4935
3957,4729
787,2847
927,4774
2361,4772
2627,4673
5015,1896
486,1727
2518,2671
4899,4683
1804,2789
2114,3882
3370,2839
514,2853
1386,1846
4059,4675
2251,1843
3659,4787
4061,3878
1476,4746
1085,124
2638,4755
1580,5018
1559,2838
2145,4955
718,4760
3269,4910
222,4907
2943,2838
3308,2800
4083,4909
1102,4264
18,4682
3311,113
5037,4939
4421,4746
387,4739
3253,4672
3654,3615
1741,4986
4859,2829
1764,4730
1659,4778
2291,4729
3432,69
726,4768
2143,2794
1407,4673
3834,4687
1998,4956
1164,34
678,4978
2683,1847
3753,2837
88,1851
445,4682
3671,55
4875,1846
322,4909
4483,4828
3494,1848
2296,4907
204,4988
3380,5019
3497,1740
4352,2839
4840,132
488,4792
2375,4800
3101,3912
5040,5065
3051,319
2680,4965
888,4996
1148,5000
1153,1733
1294,4673
3384,4760
2579,4876
4703,4855
563,4963
855,4961
412,4941
920,2808
1440,4816
5039,4954
5028,1856
3544,4969
1457,4968
1309,5063
3292,4862
4639,1842
3427,4673
2584,4901
403,1851
1765,4728
35,2824
44,4766
2505,49
3253,4784
3697,4940
2377,4742
352,66
4197,3880
3814,4910
2943,1788
2850,285
1522,4749
630,4888
2935,4746
777,4930
3163,4783
871,4935
1602,2849
1668,4749
2549,1737
731,4682
118,1734
3480,1835
2467,218
3472,4685
3665,2811
209,4964
1496,4938
3478,4916
3719,4750
2541,4781
2121,2671
1697,4955
2503,7
2685,3883
3857,2658
3176,41
486,4791
1046,4765
3299,4944
4056,2849
3789,41
3009,4831
3218,4695
2367,4747
964,1834
2630,4786
3728,133
3109,4831
4203,63
3576,4965
1262,2776
610,4993
4615,2776
4826,4831
803,1727
4628,1856
4713,132
800,4772
3359,2818
3337,2835
877,4938
4192,5064
139,2827
2077,4861
543,2825
2703,4884
2455,2795
1093,4965
2958,4819
561,4733
1828,4773
428,4780
2871,4674
3817,4266
256,2865
232,1726
949,2783
3743,4987
3182,4803
325,65
1566,2796
4456,1827
1943,5075
4802,5020
257,4684
3100,4894
4550,2795
2022,2773
959,5018
4648,4735
3327,2833
1595,4720
1468,3924
1786,4944
2160,2835
3417,4963
2706,3915
2906,4783
904,3886
2937,145
180,4696
3190,4955
1378,4968
3686,3615
4195,2772
1108,4267
1180,4936
3939,318
4095,4635
632,4686
1983,55
1087,66
216,4972
1619,2816
1853,4772
981,115
2031,283
2280,4792
3011,4940
4203,4676
165,70
1577,4770
1151,4755
2084,4847
4756,64
1619,4728
2450,2768
790,4900
2276,4748
2627,4988
2184,4882
5046,2856
3045,4687
2443,4728
377,4872
4094,1734
2469,4991
834,4990
3470,2829
748,4760
3570,4752
2314,46
4086,4818
3387,2795
4308,4883
531,1847
2670,3881
3199,4992
796,4696
2190,4939
2532,2826
3657,13
3667,4873
2662,3913
3535,4951
1317,4266
3101,283
2374,4978
458,4880
1632,115
2381,4911
3007,4687
4606,2774
1678,4774
4611,4680
3922,4937
534,2795
2071,2779
4429,4873
2377,3878
644,4958
298,4872
192,4800
4452,1737
2732,1838
158,4931
3284,4862
1981,4896
775,4613
4313,5070
4582,2829
4495,4265
3360,2820
4044,4939
1923,4762
3119,2853
1691,2812
4165,1725
2415,4972
3538,4887
864,4800
4001,4675
2024,4674
3151,1730
3931,4884
3921,4747
2672,4904
1705,4860
2414,4987
769,4723
1773,1725
846,4675
866,4783
2078,4952
4424,4730
71,1833
4313,1834
220,2865
3263,4946
3450,4919
1290,4784
4709,2854
2060,4856
1679,2812
1080,4761
3683,4818
2870,4265
2914,2787
3163,2794
5045,48
1797,4896
2687,1726
2588,4935
394,131
3689,2840
908,2787
633,4732
4700,4248
208,4689
815,4763
1650,4694
3325,4634
3970,2788
2285,4888
2045,2823
2133,4969
2424,4963
4552,4872
4436,2822
3104,63
2608,52
2979,4966
1318,4847
2727,4904
2461,48
3652,2848
57,4861
2177,2773
1307,4993
2523,1729
4367,4770
1555,4742
1235,2864
5046,4891
1451,3881
2679,3880
4499,4676
3018,4947
1427,4965
1138,4986
1321,4989
2303,2764
760,3883
2907,4681
3211,5066
3095,2821
1222,7
2568,4952
4517,11
2956,4903
4404,3924
177,1835
4199,2823
673,2864
3255,4936
1505,2789
2169,283
4051,4249
2052,4790
1552,4723
2360,1728
3824,4248
4259,4824
2707,4799
4143,2818
3050,7
2633,53
1639,4742
1950,4919
3487,4815
1208,69
3896,4730
615,4755
276,2823
3685,4955
452,4789
1491,1856
3745,4971
1405,1818
1797,2824
216,62
1416,1837
905,4769
4395,1896
3685,4780
1997,4858
913,4958
32,2764
931,2856
837,2867
1492,4681
2499,4765
1123,48
3309,1727
1889,4734
1796,4916
2450,4961
20,2843
1207,2788
883,5074
2676,2764
1251,4876
59,4750
4510,4931
3072,4889
944,4739
4386,4264
3552,4780
1981,2795
3729,2786
3730,1725
803,4946
3635,4940
4642,4908
3944,4862
4844,4784
3698,285
2437,4673
3750,4913
1203,4971
2406,4901
4456,2767
963,4760
1806,1841
4246,4727
26,84
3257,2808
2169,4876
3790,4774
631,4770
2687,4817
3669,4971
4721,58
4179,4896
2797,1844
1630,114
4124,4889
1288,1827
5061,2820
1775,4887
3962,4832
2035,4730
2295,11
1507,4734
1893,4915
2137,2779
2433,6
3510,4872
371,2784
1880,1856
2380,3913
1637,4264
3109,2858
1325,4674
2689,4909
1112,1861
4286,2824
5023,1841
3558,4930
2196,1862
4219,4862
3561,3884
3493,4872
532,4697
2087,4800
2529,4748
4471,4970
459,4991
4420,4772
1497,2790
686,4909
4028,4776
647,1726
4160,2832
3481,4801
3433,4741
1915,4265
3955,3883
2922,4988
2172,4920
3680,4738
4060,48
671,1843
2113,4849
1557,3912
1617,1855
3732,4906
2098,4870
4040,60
2111,116
199,4759
3906,2865
1415,4995
3017,2811
2959,2808
2752,84
1429,1846
1024,4953
2027,2821
3568,4777
2288,4253
1022,4264
2600,2772
2703,1835
292,4250
2464,6
3343,4679
1036,4683
1974,2854
1710,1844
4809,2803
1215,64
2951,285
3830,4896
3395,2821
1656,3881
849,4828
3066,4992
1313,4720
2592,2867
835,4990
3906,5069
3431,2814
197,4847
1290,4855
4127,4820
1015,3885
3682,1727
4028,4696
2379,1831
2113,3
1604,2857
2949,4912
2307,4749
439,4968
3473,4692
498,4730
4531,4847
882,285
2929,4857
695,5069
1619,4769
1950,5069
1615,12
1958,1737
1281,4855
838,4966
1654,4250
1786,4681
1561,3884
1138,2855
4543,4954
3395,4670
537,4908
1789,4674
576,2794
1311,4697
222,2782
3265,2795
4869,4919
3626,34
1243,218
2585,1726
2111,4936
2976,4815
4740,2824
1955,4832
245,4737
3980,1735
620,5075
1330,80
616,62
3233,4743
548,21
3478,1788
3312,4941
4299,4691
3141,2788
2778,84
4657,4860
3817,2671
4001,4762
2144,4730
1904,132
405,4829
1613,4902
4279,4820
3521,2824
3241,4682
2025,318
1199,2795
2339,4786
3837,4249
4350,1817
246,4249
891,4820
4288,2810
1489,2823
235,5000
2113,1818
3283,5073
3564,4850
3090,4797
4794,4734
905,4734
4705,4265
3535,4686
2148,1844
2459,9
3580,4882
4721,3881
2958,4677
2595,4877
1204,4675
3271,4751
4563,58
3509,4731
4540,2857
2700,1734
1427,4686
1743,4906
3446,4755
1785,4935
3689,4969
3059,4751
2248,285
3386,3915
3811,2790
2096,4921
4021,2865
1025,4779
2145,2785
4099,4654
4018,4909
588,4916
2347,5000
1182,4820
2792,4737
3415,2845
90,4773
3180,1732
3285,2794
1586,2845
588,4747
2731,4654
822,4754
4041,4965
3214,5001
1978,45
2340,65
2256,38
232,4718
43,1860
3137,4697
1780,4803
3765,2837
3286,4785
528,2812
1088,48
1667,4905
4115,4684
1987,70
2092,2781
1902,1847
3488,4929
5031,2851
1680,4747
2792,2786
4336,4900
2539,4770
3806,55
1639,4729
1086,4683
4057,4935
3070,11
2630,2818
4512,4906
293,124
3465,2803
4487,3880
1446,4944
4130,113
2489,4765
664,4723
3325,4850
2629,4267
3738,4886
4814,4679
4658,4742
3232,5066
3084,4779
1597,2808
2912,1833
4204,4906
426,4669
3069,4858
706,4676
3993,4988
1898,3881
777,1837
965,5065
1516,1838
2568,4780
708,2779
2277,4856
1541,4815
1760,1737
4067,2855
1448,2843
3430,4879
282,2860
3161,5020
2008,4681
707,4783
515,34
1276,4932
3285,58
598,4920
791,145
3023,2787
4923,6
1802,4697
1524,4907
3325,4918
2697,5020
2617,4916
865,42
1546,2781
3173,4951
3444,4689
1394,4958
1338,2831
3656,4718
781,3884
210,2765
178,4891
3154,4634
2467,3615
129,4678
1944,2765
5005,5064
89,47
4006,4730
2344,1850
3923,4882
2636,2849
1353,15
4716,4730
1645,4996
4617,1896
625,62
2807,84
1579,4951
2074,3912
472,4792
1213,4856
901,4988
2512,4856
4401,4688
1871,1838
3075,2862
3827,4789
3093,4911
3118,1834
4052,2838
1275,53
951,4892
341,2849
3600,4830
2802,2843
3987,4952
1641,1840
384,1808
165,1839
1345,2835
4473,3924
2246,1818
3012,1856
477,4870
4273,4677
4843,4775
2570,4770
4626,4759
1555,2856
3121,124
1637,1862
4053,4936
2536,116
228,16
1893,4793
3763,4654
3787,4718
1906,1833
3916,4797
4008,4774
1341,132
2611,2785
1131,4911
3500,2774
1678,61
3199,4962
2597,113
2120,4891
1451,4817
1380,4691
1872,1732
4493,4718
794,4992
476,1847
2256,1896
4134,4831
1340,1846
3330,4929
369,63
509,2774
470,4676
1512,51
109,4829
3989,4685
2388,4731
3287,2866
3668,5018
2436,4914
2972,5020
3718,2784
2390,5074
3498,4987
3250,6
1298,4937
2639,1725
821,4678
2118,1836
5012,68
1328,4679
836,3883
2099,5074
2438,2825
157,4264
4840,2817
1472,1843
2089,3880
407,8
1246,4770
2074,4937
2566,3882
179,1839
728,2765
264,4786
2351,4946
3131,5000
1938,5000
3175,4878
521,4955
2240,4832
2366,5018
3784,1857
4632,4944
1372,4681
4520,4778
2931,4773
4506,2783
3916,50
3021,4668
4589,50
1341,4749
4110,4788
3532,4693
3812,4765
4982,4889
3873,2851
2232,4904
515,4908
1702,38
2526,4995
1192,1835
3626,4953
3934,4886
1566,2783
2250,4788
139,2790
2369,4831
2588,1733
4114,4896
1146,2671
672,4917
485,4912
2673,4988
703,132
2166,1851
1672,3883
572,4265
3029,4734
2921,4253
4667,4817
4154,4996
697,2837
1465,4739
4426,3880
1648,2854
1589,4751
984,1725
4794,4820
1108,2808
1213,1726
2189,4857
2600,4768
547,4993
4000,4780
3900,66
2584,2776
4180,4732
4550,2839
2459,4990
2411,2798
4825,4929
2409,4248
1779,4971
640,4918
1583,2843
2556,318
1464,145
2635,2783
4960,4748
1579,4800
4608,70
1484,2866
2291,2809
1751,1838
232,145
3159,4251
4424,2843
2601,1734
1797,66
359,4910
4319,2825
173,2810
2651,4912
3129,4736
3839,2774
4158,1727
2725,4847
2526,2820
3147,114
4949,4749
172,1846
5003,4819
2741,4911
4698,2779
3486,2831
1113,4766
1633,4685
1543,4934
4101,4743
4597,4733
736,4690
3692,4997
3848,62
1878,4964
367,4902
3453,4877
2127,115
1829,4929
3183,12
2216,5070
398,4828
1714,4684
4809,3912
4540,1737
2902,1840
2440,116
4430,4731
1326,38
2919,68
1375,4941
1313,2823
866,4815
4274,2814
2208,4776
3374,8
2435,1851
3149,4907
1423,4762
1164,2856
2433,11
3065,2838
1712,2853
1139,4905
4481,2764
2868,3
915,3913
5029,4696
608,12
4495,4906
3570,5075
1125,2837
4898,67
213,5002
1707,4878
2469,4993
2119,8
281,3882
2181,1737
3699,4690
4314,4248
1194,8
2574,68
3068,2837
2991,4861
4082,4723
610,66
3830,4737
3802,2822
1083,4764
1981,4848
163,4910
2912,2774
4542,4940
1762,1862
2423,4688
795,4251
2276,2803
3283,285
888,3879
4641,13
4087,4727
3020,5075
4101,2799
4314,2833
821,11
858,145
4053,12
4404,4783
2977,4992
1145,3881
3713,3883
4810,2851
3361,1730
1562,4693
5046,2779
2488,16
5044,4916
2566,1827
1978,4741
789,2858
3715,284
4837,285
3652,11
444,4965
2393,4989
3947,3505
4160,4654
641,2832
178,3886
3586,4788
27,2790
2884,4720
4369,4693
2659,319
3936,4816
3476,5001
917,5
1967,2781
868,2841
3876,1730
287,4734
4802,3877
233,2822
2109,4773
621,1
1781,15
314,2779
3331,4749
3528,4860
4579,4670
3873,4741
4452,4762
2747,1841
1167,3912
1987,5065
3825,4748
4062,4990
2049,70
22,4681
2047,2818
3081,4903
3998,4955
4628,45
501,52
1387,2827
3561,4692
773,4880
2668,3885
2132,2846
527,4764
1597,4908
4413,4994
4340,2790
453,4858
2383,4723
671,4897
3932,68
1569,4251
2722,4951
1098,4888
1018,4734
1924,4792
3490,66
843,4696
4450,2798
1992,2788
2226,5069
3306,2814
442,2773
1000,4738
886,1846
4035,3914
527,2816
642,4788
4655,4832
1738,2671
2059,4730
3449,116
818,4786
923,4958
3668,5074
334,8
2144,4828
2693,4771
4315,61
2265,3915
2467,131
2515,4883
998,2781
1241,5074
2449,4926
4517,4781
1560,4954
1519,4961
3055,4892
3153,4734
2622,4892
510,4266
3323,4849
1887,4889
3785,3884
980,4987
838,2866
4638,4879
1532,2845
3403,3615
1436,5065
3452,2838
2738,2864
985,4736
5015,4654
3619,2835
823,4993
4042,5001
5082,4786
4082,4759
3897,2800
30,4768
1651,4902
1295,1731
4433,4896
3922,145
1545,1788
520,2813
3791,4850
3335,1834
214,4934
714,1727
2721,4995
2114,3913
1819,1848
2176,5075
239,4779
1209,1844
2591,2816
988,3877
3408,2822
2038,2787
3556,4668
2312,4951
1694,4750
741,4966
2850,4894
4061,4970
3756,4998
3840,113
2193,4917
3492,54
2106,2833
451,218
2565,34
3533,4748
1998,4944
1230,4787
2753,4781
261,4856
75,1847
1177,1851
2636,4971
4619,2798
5049,3
1159,5000
536,5066
913,2833
2350,4668
3222,1849
3261,2826
1746,4676
1793,1860
1948,4872
5014,68
1807,2790
2002,50
1646,4750
2121,4870
783,4890
3450,4686
3902,47
2250,113
2758,3878
1037,4728
3599,1827
4074,70
3747,116
3379,46
1678,38
162,4855
2777,320
3539,4770
937,4990
450,3884
3616,1855
3443,13
3641,4916
450,66
879,1839
4923,4771
1620,2765
3171,4696
348,3877
3643,1728
4658,4931
1667,320
3468,4743
2260,4884
2975,2862
553,2864
3488,4930
1993,3884
811,2855
2194,4940
2593,218
566,4908
589,4900
1168,8
4145,4990
4054,4752
1193,1847
920,4761
632,4771
4974,4250
155,4267
5013,4720
3405,4681
658,4926
3599,2853
903,8
2735,4731
5043,5074
706,2822
4385,4886
3271,4847
4875,1832
4591,5077
4713,2851
1436,4909
3920,4909
2656,2779
873,1851
4999,3886
2597,3915
3940,133
5007,4693
263,4857
2394,5064
2413,4914
3575,2848
3800,4951
3710,4676
2236,4762
2560,4919
2903,4953
4096,4769
2116,4733
1858,285
2071,115
1625,62
1331,4862
129,2860
2165,1848
2769,4938
1043,2855
4620,4909
1499,4916
4238,4870
2941,3883
2941,4737
1513,4720
4651,4692
680,2855
850,319
4563,4747
1416,4762
1028,1728
1315,2767
2627,3885
1968,3913
1317,4753
149,1847
1487,4956
1330,1840
2679,4739
2646,4680
4112,4986
688,4921
3715,1841
747,4684
2908,4998
2229,4685
3332,4766
399,4780
1181,5
2536,1731
1894,4777
4023,5073
26,4954
4798,1838
563,2832
834,4680
4512,4921
3241,4918
216,4879
3941,4761
2528,2827
3157,4799
1707,1848
2321,1808
1916,4908
2173,2671
795,2774
2557,4828
1653,4890
816,63
2678,4685
3974,2790
2477,4762
2170,4956
462,3885
4273,131
1596,4686
17,4684
2459,133
2680,2796
272,4718
3989,1735
4009,3879
3272,4697
1550,1860
967,4955
3508,319
4303,4675
1763,2795
3062,4964
2922,4789
3678,4938
2204,4884
2229,4876
2438,1818
1942,4736
4373,2808
165,4937
4100,124
3613,285
321,2764
1639,1729
1186,5074
3749,2827
1094,4267
2673,4929
2662,2837
2899,1733
3709,4769
4220,5070
2988,1847
4413,68
4368,4920
2303,4737
1202,45
1262,2847
1665,1849
217,115
2901,4759
4164,2779
3828,4733
2756,1740
841,4785
3742,4862
3413,4678
5024,4873
2083,58
4167,4692
3751,4995
2639,1837
3390,4917
567,3883
383,4720
246,5065
1791,5069
3990,4936
4650,4801
5030,4781
2173,4941
1577,1734
2173,16
1191,2818
39,4771
4304,16
2095,4909
370,2764
1934,1860
2726,4668
3859,68
2531,1748
2714,5001
1010,4816
5048,1731
167,4965
4933,4634
4472,4739
3365,4955
4552,4892
404,2821
4614,4784
2429,4613
4502,4862
5055,2794
2191,4954
250,2773
753,4872
2158,3914
2733,4994
1947,4692
3861,2779
751,4251
378,1856
3144,2795
4088,4771
1544,4979
770,4963
3757,2813
1563,2846
111,4265
1753,4886
4159,1729
835,4728
3592,4953
461,1836
4535,4613
5072,2820
107,3912
3141,4753
3829,2781
1936,4695
2651,4720
31,4824
3189,4938
3134,4947
2753,4683
2652,2866
2723,4930
4487,1728
2707,4787
4391,4929
1010,2840
3820,2823
3354,4768
4269,4762
181,4989
2657,2767
821,2782
3772,2786
3383,4911
3807,4697
4397,2837
400,4849
2384,4998
3861,1844
4811,2827
2919,4250
4150,4763
4559,67
3487,3886
211,4250
164,2798
1705,5020
2522,2856
3809,8
1619,4857
2692,2774
1019,2824
3475,2858
3555,58
4827,2774
4589,4992
2522,4946
4427,5063
4085,4729
2049,4674
3004,4849
1749,4763
2071,4764
743,2779
3863,4916
618,4696
1671,2789
4484,4857
2132,70
3306,1857
751,4265
4711,4913
455,4790
358,218
4745,12
4141,1
4462,4970
4482,4988
3216,1732
1413,2822
3572,4674
2269,4947
137,67
1409,4634
619,67
3715,4671
750,1
3418,4773
3491,4860
3017,4913
2617,4961
851,1896
1906,320
1605,4964
1465,1808
4113,4742
4403,4956
335,4729
2714,58
2140,4951
1505,2811
2414,5016
2031,2812
511,4731
3510,1732
5079,4992
3669,1733
4186,4689
2942,2814
2481,4685
4278,4668
3429,284
717,1748
2510,8
4412,4824
3484,4862
112,4682
4041,4847
2326,5016
2412,1818
1952,2840
120,4752
1954,4683
2135,4905
2889,4791
1938,4954
3939,4831
3007,1837
3182,47
1670,4857
3317,4831
1501,2851
2276,4770
2288,13
1157,131
1405,5020
4355,4793
3434,62
269,4920
59,4883
2148,5070
740,4816
4462,4634
1159,48
3731,45
3686,2833
4975,1840
1793,2776
3986,4685
3562,2795
82,4972
1561,5074
1642,7
1509,12
768,2764
4976,1857
1623,4675
239,2831
3301,3880
4657,4677
619,49
773,4688
1512,4908
777,4879
3456,4947
333,2821
1870,5004
2568,4936
2107,4676
873,1726
1823,4889
4806,4891
1184,4830
837,1847
952,53
649,4819
25,11
784,2794
2179,4918
1948,4752
498,4964
1204,4939
1606,4672
4170,4921
1577,4733
689,4788
3523,3913
4469,2783
1457,1827
1135,4797
3923,5069
3935,4817
3118,2799
3186,53
4294,54
3957,114
1290,4803
2578,4896
2024,2787
3954,5069
1255,2799
4446,5077
2683,21
3704,4828
2929,4732
1597,4681
2463,1733
2834,113
2791,4889
2481,2847
1696,4785
2115,4818
2236,4995
880,21
3037,2784
1021,4697
2211,4634
513,4894
1483,4972
2144,5020
926,12
4322,1725
4922,4829
2674,4251
787,2820
4011,4668
4927,4858
1943,3924
467,1816
4072,2826
2219,4801
4142,4911
4382,4816
4621,4914
2964,8
4207,4944
2691,4878
3675,2816
736,4736
4070,4775
3927,4906
404,4824
1381,4934
1113,2853
388,2811
1812,4939
1296,4929
3740,4738
3144,115
3823,285
3693,6
2290,2864
3551,2818
2733,4969
3527,2824
1752,2857
975,2774
3943,1838
873,4763
5006,48
3735,4965
2732,4877
1599,4787
2087,4870
1919,1861
3293,3915
1902,2779
2256,1728
2470,34
3282,4872
4001,2784
2517,13
2292,4955
2995,5075
2560,4762
1093,1841
2488,4773
3782,113
3113,4787
3720,4891
2557,4901
2545,4818
3836,4914
3826,1731
3370,49
421,4907
2103,284
4811,2853
5042,1733
556,2860
2278,4913
3969,4672
541,4944
4116,4784
4276,1850
358,4882
1266,4963
4339,4947
2382,4979
3012,2833
1162,4723
3509,4873
2944,4747
3774,4785
3282,4681
2364,2848
736,4766
2361,4872
1676,4892
4356,2817
2025,4908
403,4885
1457,3880
2097,2822
2120,4930
2167,284
718,2820
107,4770
3709,4746
1150,2827
4126,4860
1681,4931
206,4815
3041,41
247,4908
3222,4906
4555,4793
2703,145
3242,2847
3451,4695
2869,2811
2610,2767
1801,4733
2695,4784
799,55
4131,4912
3993,2818
4514,4677
1402,4880
2383,2768
3036,4965
1898,319
2638,5073
4622,2833
1932,1839
3138,4668
4344,4829
3964,4720
1820,4944
3318,1740
2184,4939
1490,2833
673,4882
1504,1862
359,2826
3187,1837
0,65
510,1740
4355,4739
3315,4870
2195,4253
2993,1788
3550,4885
1041,320
1981,4788
2121,2851
3609,1734
3555,4749
1104,5000
2608,4989
3364,4697
1799,1855
4366,2784
3429,2811
2807,4914
4745,2823
3005,4934
4094,4972
3858,2796
1398,113
3799,4777
4158,4939
1043,2840
3837,4684
2516,285
2662,4884
1297,2860
528,2671
2668,4938
1912,1835
1796,4670
1333,1849
355,1836
3395,4940
898,4764
4659,4947
2128,4746
2068,319
466,4913
2158,4731
3540,2855
3596,4991
2253,5074
2568,4882
1194,4788
3462,2774
4066,47
2006,4799
23,4920
852,4891
3805,4890
3546,2671
884,12
3443,4668
1388,1728
1349,70
462,4780
3626,4789
3430,1817
1988,2841
103,4746
1466,2835
1400,4777
1100,53
2297,4816
2059,4935
1736,1857
857,4773
2486,4689
1373,4831
1572,49
2123,4905
4840,4671
1396,4829
4238,4730
989,1731
2780,4685
2734,2798
4421,1788
3261,4996
2877,2767
3390,4728
761,284
4394,4265
1599,4971
2736,4746
1201,4970
974,2820
544,4782
4208,4829
1961,5065
4194,4992
5017,2784
328,4904
3589,15
1337,4941
568,2839
4188,2784
3906,3885
3618,4749
740,4735
5044,4815
738,4879
936,15
1325,1847
457,2798
3635,4742
2551,1788
2093,4729
984,283
1427,1841
4335,2784
1516,4690
1656,2829
4710,4888
972,2782
1358,4878
2709,2823
1812,68
3778,1732
4825,4681
3236,4672
4646,2800
3420,4946
4611,4879
1921,4739
2514,2851
1455,4954
2303,4754
298,2782
880,1861
841,4917
491,4905
2669,1733
3252,4672
4556,1733
1309,4759
1186,4771
483,4668
3340,2812
270,4674
1255,61
703,320
4949,4889
155,2810
2871,62
4243,2867
812,4686
4569,4850
1370,4829
4513,1851
3661,1839
897,2779
3932,1737
1378,4791
1779,2840
2680,4760
2409,3615
2476,4957
2589,2788
467,4993
1779,4926
1928,4685
3605,4769
619,2783
3827,4900
3753,4681
2579,4782
2176,4849
2069,2820
2183,318
3854,2831
1640,2781
1176,4855
4412,2829
3270,4753
1757,2768
2351,4780
796,4677
3645,4828
2899,2856
666,283
1741,4781
2618,4987
2308,4932
882,4731
3660,4248
4384,4785
1992,4915
934,1730
4060,1856
3660,1840
1318,4689
2986,4803
3133,6
2257,4997
2269,7
1920,4917
3456,4986
88,4870
4499,5018
911,4896
1123,4907
1360,4759
1399,4654
1569,4915
1804,4900
1949,4759
4185,4916
4309,3884
1779,4673
1216,67
1535,2812
4398,4682
1413,4682
4942,16
1204,4962
4527,2814
3697,3883
1198,70
1054,284
1434,1861
1980,3924
2749,4930
4097,1833
3641,4770
2972,4877
3003,124
4167,4695
2217,1831
324,4777
2375,2810
1336,2812
4230,4934
870,4670
4435,3884
3435,1838
72,4679
4618,4954
933,4897
1183,52
3491,1860
4324,2824
4117,4886
327,5069
3910,4896
2082,65
572,4680
608,319
1161,2835
538,1740
1995,42
2333,4958
1386,4688
2579,5018
1391,4897
2986,4789
3120,5019
3811,60
2192,21
3696,4730
5017,47
2498,2658
3425,1725
4807,2838
499,4832
219,1788
4384,4926
4169,4723
1783,1848
819,5000
2402,2832
4725,4686
4344,5064
4065,4788
1353,4998
3469,54
2623,5001
2568,1833
1209,4781
236,1733
3976,4680
300,1834
1272,4694
1081,67
3697,3877
4344,2845
649,1857
2585,4964
4467,4752
4302,4819
3597,4676
255,4723
2925,58
3226,63
4078,4955
2553,4910
2278,2808
4134,4920
3401,51
3966,4748
4716,4847
2502,1842
3738,4986
3174,2794
1247,3505
2245,1742
1489,4693
1032,70
4479,4693
1372,4697
2030,1788
4306,4800
463,1848
4127,2798
3917,4879
696,4995
1360,4693
806,4791
2308,4920
1544,2844
1493,2860
4417,66
1162,69
2159,4728
1020,2781
787,4688
1433,4952
2108,4253
1666,3915
265,3913
703,5018
4355,1726
380,4832
3143,145
3172,285
4258,4848
2815,5074
291,2848
2488,4635
1544,4672
3874,4970
616,2867
1324,1835
3302,4718
2868,13
2011,1847
1114,15
1878,4791
1092,4968
3548,4989
4494,4761
466,4635
1265,4801
1717,1725
698,4965
3907,4905
3433,4734
4719,1735
4058,4743
421,4918
944,4696
3402,4886
1679,2767
4514,4878
2659,1733
556,117
3150,4892
4375,2867
3037,4743
2255,4761
3552,46
3647,1839
3701,2781
2426,4770
4843,58
1266,4988
4653,4904
1042,1855
1017,1832
839,2781
3008,4803
2387,4862
29,2768
4039,2772
682,1832
981,4879
3248,1808
802,4668
1489,2794
4160,3886
4053,4988
2037,4887
1421,2779
1401,4743
3625,2865
231,4939
1024,124
3585,4675
4087,319
3106,2866
2242,2783
476,55
4298,4941
4428,4876
2050,4929
309,4931
4178,4912
4744,114
2350,5077
2122,1857
3649,1834
2169,2774
3833,5001
4450,4775
3977,4877
891,1857
3550,2810
2309,5002
1713,4774
4305,11
959,4751
2483,4248
32,4966
4530,6
2999,2671
607,4692
1337,2658
100,1845
422,4250
2115,4676
2389,4696
870,4677
3984,1831
1315,4824
4317,4902
4288,2816
3022,4883
2894,4676
3416,4954
4716,4819
1075,4613
2213,115
1538,4832
2328,13
3803,318
3570,4690
3545,34
456,4987
3103,4991
2770,4929
4496,4746
613,2827
3319,2774
1435,1817
3351,4904
3260,4855
2536,63
700,4789
1923,3912
3126,4775
1643,2837
1276,4909
3599,115
2043,3615
1621,145
569,4905
4823,4990
4714,4830
2447,34
1172,67
4199,5018
904,4897
2682,2781
1243,4793
2162,56
2516,4770
3705,4972
1778,4858
3187,4849
1016,131
506,2821
1746,4883
879,4870
630,4902
4646,2779
2943,4778
4203,2832
1175,2835
1173,4879
3906,4902
2378,4894
3597,4792
4268,4768
5022,4771
4415,4819
4511,4880
1456,4930
3020,6
1081,1740
1199,5002
2441,2813
2619,5073
3042,2838
2731,2811
4450,4793
2659,2844
4354,4908
2749,4889
4145,4944
4379,4956
5033,6
207,4913
1606,4787
3413,1844
892,4720
3462,4764
1610,70
4557,2789
2583,1748
2134,3913
3011,4873
4758,4998
1154,4696
3904,4931
896,4936
4149,45
2570,4872
1766,4996
721,4776
4304,2854
3492,3878
3529,4994
1261,4729
1895,3878
2815,4773
3124,65
2302,4680
195,2783
22,5064
2339,1725
3336,113
4405,4780
2551,4909
3232,34
43,2835
1382,1742
3290,2764
2522,4921
1373,5020
4826,114
2371,2816
1258,2832
2939,4953
5067,5020
1368,4250
2623,1850
136,4991
2392,4729
4193,4677
2928,5019
2248,4755
3869,4738
3676,1742
893,2840
1088,4830
544,2851
3214,4994
335,4876
1618,4697
396,4736
3184,9
3861,65
3446,5073
3395,4929
730,41
3009,4900
4459,4672
3163,4679
688,4736
25,2849
446,4752
473,1748
1377,2794
3173,4737
1097,4900
4541,2851
1407,2784
392,58
4622,4989
4558,4936
1295,3884
4166,4681
3987,4850
1515,5064
1008,2814
3996,4905
2972,1833
3115,2845
3550,2774
1088,4971
4470,4969
3145,4676
2643,1856
903,2774
3223,4696
3150,4776
3672,2794
3485,2843
343,4978
808,4782
4196,4679
4037,4799
4397,4930
4717,4941
1461,320
4726,54
1653,54
1936,2658
2077,1835
4392,4873
91,3914
688,64
3934,319
1974,1896
2196,2803
4393,2783
2117,1728
1616,46
4403,4778
795,4905
691,2785
921,4930
4204,4919
2114,2768
971,4958
2328,4998
3741,1834
4128,5069
4809,4732
278,4654
2246,4793
3619,4635
4238,4747
2226,4749
3809,4696
2459,2843
176,4906
4480,4250
1931,1833
3100,4918
2438,4931
2592,4913
4350,3615
4333,4669
1423,5001
1474,283
3965,2810
1523,4990
3440,145
2913,1827
482,2835
396,283
3345,3914
144,5020
2699,1856
850,218
970,5077
1584,4251
2622,4828
3477,1841
185,1827
4295,4776
934,16
4105,1836
2770,1835
4639,3883
4984,4755
855,4755
445,61
2316,1851
1604,5075
3367,4772
726,4772
3697,1731
1877,1733
1597,3886
2727,2774
967,1725
4465,283
3407,58
278,4830
5040,4990
1226,2822
3448,4752
3569,2837
1755,3882
1765,2843
590,2825
1962,4886
867,4249
2706,2764
3077,4743
3853,4763
627,4921
2042,4676
389,4897
3774,4690
3442,4267
3372,4776
971,4778
2743,2821
3874,4691
4626,4674
710,70
2508,38
2325,2782
2986,2808
1394,4957
399,5000
686,47
1876,5064
1943,1851
3460,1748
2259,4939
3130,4729
3153,4776
4399,13
87,4778
3246,4766
3482,4727
2234,4759
1010,4888
241,4267
1075,4910
2640,60
4368,4955
1164,2833
3301,2811
2875,2812
1414,4879
367,4684
2367,4902
2119,1742
3176,45
1020,1855
2049,4954
2218,2867
1620,4267
1885,54
2238,5073
4058,6
4031,4970
3850,4777
983,2809
3448,4766
138,5
1422,2803
1215,2798
2561,5070
927,4849
188,117
1653,5001
1640,2782
1138,4720
2516,2856
4117,1740
300,4937
1042,4970
2012,4920
2598,4772
3398,1737
3895,5
1887,3913
3772,1840
2268,2826
3171,65
1644,4998
1341,1835
1760,4678
478,2865
2945,4819
823,2816
3058,4988
3204,4730
2544,3924
716,4765
2470,4763
1534,4799
3257,2774
3394,1725
4299,4753
836,4937
1482,4849
402,2799
846,4955
2677,42
4446,4819
1307,319
3721,4760
2295,45
5050,15
1363,4978
1094,4669
4311,2838
1081,4934
1638,4803
1463,2837
5052,1856
1296,2809
3101,68
3509,4748
1755,4738
3258,5004
2387,1726
2964,4887
3742,4879
1142,4877
179,1840
1664,2862
3046,4970
4183,4989
915,1742
1278,4886
577,2799
1779,4879
3941,4634
3971,285
3140,4770
2427,2818
2955,2794
1317,4991
2357,4879
4283,4251
1928,3884
1720,38
1212,4906
4408,16
1687,2824
1107,4954
1897,5020
4270,5074
2012,60
4592,1729
3302,34
4851,4940
1915,3883
4394,4727
4213,4817
2454,2812
4494,66
4504,2858
4644,4828
4326,1831
4114,5004
1267,1840
1771,2856
97,48
713,5001
3172,4750
1942,4752
1961,3914
1166,4750
3666,4776
4842,61
3358,114
1172,4785
4623,80
770,4880
266,1832
264,1848
1664,2671
548,40
1701,4748
2753,1840
1907,4613
1691,2800
3838,4912
779,4876
1720,5002
3365,4765
3657,1817
2219,2865
4092,2814
4315,117
4298,7
89,2789
1704,54
564,4679
4515,4873
4119,4897
2747,4901
1154,2808
3071,2846
2326,4991
1150,4961
4611,4249
2881,1816
2066,4751
1928,3915
33,2843
1673,4777
565,3912
3940,218
4118,68
81,4931
3624,4957
3191,64
2265,4847
1965,115
1317,4961
1579,4690
2625,3915
1231,4954
3503,4763
3298,1788
3327,3913
2275,2839
1616,4829
3763,3886
1496,3
2312,4690
2448,15
1936,4761
2279,3915
3490,61
415,4253
4050,2787
2470,4743
3513,132
4580,4968
1610,2864
4633,2803
3756,2796
2601,4784
3230,2783
3188,2789
552,4913
1547,4914
4425,2867
3520,65
1288,1849
633,3882
1052,2866
1044,4729
4719,4891
2451,2854
1719,4773
578,63
2433,4688
4580,4686
2261,3881
3606,4935
1249,1788
1284,2837
438,2849
3926,4671
2968,4938
752,2823
3894,4963
4351,2795
3781,1734
1689,4876
5024,4742
3305,4912
4256,4848
4462,1
1949,4877
1406,2821
3470,4654
867,4957
3659,4897
361,145
1489,283
306,4266
3973,5
4549,1861
2552,4817
577,4944
240,1725
2460,5001
2492,8
2540,4677
168,1896
4401,4941
2541,319
2940,5016
272,1734
845,2829
628,4994
4647,2840
3868,3
2101,1731
1434,3915
1868,4683
1492,69
1107,4692
3808,4251
1387,4849
4168,2786
528,4938
4504,4955
1212,4739
2896,4791
2993,4697
2973,4909
2256,1748
2197,4819
4208,38
3665,133
1866,40
919,4816
2592,4693
3108,4819
4473,4784
4950,4916
2292,4951
1706,4249
1446,4926
2124,4677
1486,4800
3325,4824
1095,3505
4967,4991
4100,4957
1509,1737
179,4969
1782,4248
1070,4978
4810,4915
3825,4737
2281,4919
4276,2845
2339,4937
3390,4688
36,4728
5055,4803
661,4935
1241,2774
1622,4768
2257,4753
4835,1742
1825,4994
1240,2824
2763,4830
267,4773
3131,1817
702,4790
4758,3886
2436,1817
4839,63
3491,283
584,2671
1451,4749
3603,5074
1071,4886
3956,2841
3126,4951
1985,1847
5023,2857
4757,4988
3703,4872
2559,4815
3927,2818
1892,4688
1008,4764
4812,114
4101,2671
3397,4730
3488,5066
2261,2821
5080,4770
3080,4815
1451,2864
4330,319
3104,4250
1306,4916
1708,2798
1294,2846
4244,131
1937,4801
2084,4685
2541,4818
1378,4908
1906,2825
4502,2822
274,4872
2113,4992
5035,1817
4495,5018
1274,2837
3264,4634
1356,4782
2262,1841
4162,4958
2172,2857
2636,70
4531,4674
1693,34
2544,1818
1910,4769
698,4870
1909,4882
1720,2772
1939,2866
3390,58
1962,69
672,4788
3546,1728
4392,4779
1962,4915
2105,3884
3899,1808
22,5065
4590,4695
2659,2779
2469,2845
1786,4693
1286,4679
2146,4979
3989,4929
1763,4776
2348,1733
456,4680
4899,5073
4347,2812
3147,4915
3201,4929
4959,4906
3652,4892
2622,4672
4140,2765
3896,4955
2963,1851
4330,4953
573,2774
4853,4938
3427,4870
3246,4739
3534,3913
709,34
2638,1832
2047,4264
2356,4856
4575,4915
2679,2774
1228,4250
2019,4916
1994,1843
1421,1861
3517,4873
3176,4800
2160,1846
4574,145
1571,4937
4351,4888
353,4883
2957,4776
1282,2785
3590,2658
3722,4992
4311,1862
2801,4944
3555,5073
2129,2811
4470,2816
429,5075
3910,2767
4162,4944
2111,4774
3216,4944
3121,4676
2241,4972
3937,4919
854,4817
939,1731
2287,4906
4385,2782
3451,54
1362,1
219,2845
2946,4797
200,4248
4578,4979
4341,4885
2381,4995
1718,2860
4463,1845
2577,3915
4351,4815
246,4784
3458,4970
588,4912
4107,4728
3168,41
389,1788
3278,34
1493,4686
3889,1843
2020,4786
3474,4861
1149,4919
4389,4986
1577,4894
2706,4777
639,4761
1711,2803
1245,2831
708,1726
4598,4885
264,2809
3029,4692
1037,4951
244,4972
3068,4971
1314,4831
2859,2818
4002,1748
3444,4862
314,4958
904,4668
3659,2808
3916,5066
409,4789
4515,4753
4342,124
3624,1839
1947,2848
3672,4819
440,4904
1196,4961
4137,3886
2541,1731
1380,4968
2305,13
994,2837
4240,4681
4402,4856
1353,4777
3233,47
2972,53
2425,320
1774,5000
800,4668
4204,2773
1793,4917
1147,116
3501,4963
420,5074
2304,114
196,1838
79,4735
390,4675
1114,3881
316,2671
1522,1862
832,132
2649,66
881,5069
3407,4996
4064,131
3766,4926
575,4779
1990,3913
360,1731
1602,115
357,4997
2325,4738
718,5069
1323,4765
3536,2849
4833,47
3868,2824
1775,2856
4205,4968
4053,80
4252,45
2532,2786
3875,58
1036,1788
1703,4861
516,4266
747,49
3098,1729
3418,4858
1587,2855
637,4799
3004,2838
693,4861
4087,4777
2070,4905
4087,2848
4581,4731
4283,1832
304,4978
4221,2832
690,4737
4960,4887
2714,2799
2193,4997
3668,2841
4959,68
339,4952
3418,2856
3749,58
3616,4778
450,4675
4601,5001
4385,4788
852,4250
869,4932
3348,4729
1356,4800
1521,4743
3796,4885
540,61
2214,4906
730,2845
5076,4766
2119,50
1203,2853
4411,1840
186,4991
3092,3882
3997,55
4204,3505
2885,285
2236,4677
1561,1726
4631,2768
1792,4911
110,318
2975,5001
590,68
4443,4687
1335,4733
1342,3913
3848,5077
4618,4921
1035,1827
1179,4778
462,5065
2725,4855
4226,4686
701,2788
308,2779
3117,3884
863,4936
39,5004
1317,6
5046,4250
4700,3913
3934,4904
428,4920
663,1856
929,2812
754,4799
2154,2784
3511,3878
1592,2816
189,4858
4740,2782
702,2829
4020,2800
4235,42
4645,1855
4859,3924
2228,116
2592,5069
705,4676
1442,4790
309,2821
1747,2787
4233,2865
2357,4848
4050,4777
2555,1833
2886,1839
1803,4876
2195,2814
1034,4265
3792,2764
3041,2800
876,4953
4096,114
3036,2851
1371,2790
2389,8
3864,2786
2184,2812
500,4677
1577,4773
2188,4669
2453,145
2889,4760
1636,4926
4520,2809
2909,2854
2255,4886
3774,4994
290,1844
1594,4860
3248,4635
3813,2799
3597,4914
4638,4938
1251,4998
2687,2841
3441,2811
1468,1862
4441,2844
1060,4779
1652,4877
4435,2825
1046,4994
3990,1837
2435,4919
4426,4920
2076,2767
4595,4963
3887,4265
3798,4267
4370,53
4074,4803
4439,4697
3818,5
3716,5063
1647,4951
1189,4971
750,4249
3655,4743
789,4904
1319,2855
3159,4692
1697,4783
1826,4877
4627,4994
4521,48
2242,4909
1921,4732
4644,4908
4257,2826
2627,7
3280,1728
2947,4689
2492,2798
2143,4735
1038,285
3100,5016
4614,5073
3758,4759
2963,9
4534,2840
1074,4857
2516,4952
2153,4962
670,4681
2139,4787
3022,4635
3696,4954
2212,1848
4666,3879
829,2841
894,62
4081,4955
2632,4880
3938,4900
1928,1850
934,47
4650,5020
1459,1788
1391,2809
1094,4799
3468,2790
2534,4831
1771,1
2550,7
2830,117
2275,4932
3922,1729
832,4759
4546,2823
3973,4969
2173,4956
2588,63
1325,66
1699,2831
4357,4944
2880,4749
3289,4857
1390,4910
3150,4995
1933,1726
1483,4818
2309,2785
4172,8
4568,4691
757,2810
3979,132
3110,4743
2080,4751
2364,61
4454,124
2199,124
1753,51
4197,2865
3031,41
2068,2781
2729,2813
3704,3
3497,11
614,4856
3543,4634
1186,4994
3743,52
1630,2853
2511,47
362,4994
679,4832
2419,4956
4041,4897
3280,1726
351,4723
3611,5004
3677,1857
4854,3879
2537,1841
236,4785
316,4743
928,4956
4100,4682
4499,4905
819,4873
4078,4856
1050,40
2188,4690
843,1818
4974,4940
383,4736
3209,1817
3378,4906
1724,56
2132,4954
4874,69
1610,4958
2029,4972
1234,2808
4071,4920
3943,4679
3288,4847
4103,4248
3377,4884
4164,5018
3646,3505
3660,3883
2109,46
664,3883
1770,1731
3511,1849
3558,4900
4393,2816
3281,2824
2352,5002
3647,1833
3665,2823
92,2857
813,1733
2746,4739
915,4687
623,4742
1264,2843
2876,4687
89,2817
234,1850
1990,4911
5052,4856
1962,4734
1251,2841
3249,2835
3103,4265
2513,4906
1550,4900
3007,4718
1752,4763
4633,319
2512,4995
599,4681
601,4890
3793,4994
214,4777
4240,2817
1319,4944
3244,4926
1030,68
3024,70
4923,4858
2466,5020
3635,2790
3722,2864
1912,4966
2464,13
203,4956
4810,4815
4510,3615
5044,2803
2194,4978
3470,1748
2142,3879
544,1788
4315,4763
3234,1835
3412,2827
1603,2814
3475,47
497,4803
1677,5074
4436,4870
81,5004
2604,2851
233,4908
4374,4995
2422,62
2109,4882
3933,4873
3225,1861
4045,2820
3454,4916
2261,4994
4241,4670
741,4785
3627,4777
2438,52
2266,4904
2263,65
2702,1827
427,2767
610,80
4283,4954
2971,58
493,2776
1017,1848
1489,4800
4515,3915
1720,4729
3383,4675
1425,4771
3116,4926
2036,4677
2467,5063
736,4739
22,1835
3351,5019
1063,4939
2917,4894
4190,2764
918,2839
2627,2860
4589,4739
1868,4730
2272,2862
2323,5018
1269,4670
1949,4780
4478,4997
907,4978
2229,4850
808,4996
2121,2810
3662,11
737,5016
1966,4753
3059,4936
268,1851
3552,1748
459,2786
1354,4684
2087,2841
2093,1862
1780,5002
2850,1731
257,4265
2485,2832
3392,1732
1203,1827
650,4992
2459,4799
3107,4797
3862,5002
1388,4963
980,4880
2063,4730
2408,1857
4417,5018
468,1857
151,5064
3548,4931
176,4673
4568,2862
4345,13
2295,2798
606,2847
1638,4635
3077,34
2293,4781
4283,1725
3643,4669
1198,2844
2163,50
4865,4728
4655,1847
3597,4986
2264,5
690,1851
1200,4956
360,52
2570,4761
2738,4861
3918,2817
1292,4914
4116,4787
2526,133
1673,2776
158,2776
2200,4894
3807,3879
4306,1816
2707,4250
1985,2767
1023,4955
4154,318
3580,4718
1617,1836
2388,4847
2393,4995
3865,4675
3581,1851
1549,1729
1657,4688
1502,4879
4712,4941
4714,4689
2043,5077
3968,2765
4396,38
3422,4733
3493,4755
3380,2845
3164,1730
231,4862
4614,2838
1433,4789
3152,3886
287,1845
2205,5018
1365,4786
376,2783
1428,283
4316,2867
1258,4991
2929,4915
4005,1727
4271,45
841,4847
1638,4907
735,4720
2579,2789
732,117
4649,4989
843,1844
2629,2773
123,4677
4129,1725
3888,4723
110,4770
2903,1842
2185,4903
3594,63
4509,4870
2275,4879
101,4906
4811,4779
3069,4978
5043,218
1805,1839
3617,3886
3246,5069
2517,2864
3463,145
4865,4682
2780,4730
1034,4734
3970,1843
1612,4902
1357,2811
852,41
1513,1855
2229,38
103,1725
3265,62
1075,2773
3812,4679
1290,1835
688,319
4228,3877
735,4915
1514,2829
4717,4751
976,4872
321,2788
3299,4861
4500,2789
1432,4993
2339,2800
3141,4791
1794,1848
3162,4684
3891,2765
2739,4917
1365,4819
4959,2812
447,1731
4368,4816
104,4781
938,2846
2987,3912
3711,2803
3274,6
419,4917
355,2824
3376,1748
1520,5074
4002,1860
228,1725
2098,1856
1038,1788
4570,2798
3712,5077
4199,3885
4157,4672
1320,4681
303,2790
4479,13
1675,4884
916,4681
4726,6
1345,4679
264,4763
4516,4769
3362,2833
3632,5004
3133,4955
4303,4955
3999,2822
309,4858
4029,2845
194,3615
691,4997
1869,4892
4182,1831
4508,4729
1937,2862
2629,5064
1638,132
4035,1849
4243,4937
2001,2825
1875,2832
2668,58
3874,4862
3969,4818
3773,2849
323,4765
280,1740
1264,4921
3765,3915
690,1
187,4855
2440,4654
2100,2809
1901,4781
2576,2820
1635,4971
588,4613
1033,4752
4140,1860
3398,4790
2644,1733
719,2835
247,4877
4301,4938
641,2851
4443,2671
1991,4941
4866,4958
2319,4769
254,2812
1707,4250
729,5069
130,4889
4131,4817
78,4759
2739,3915
4262,4786
3517,4253
1063,4815
536,2866
389,2866
367,4799
3343,4938
632,4900
1995,5018
4245,4965
3189,4613
857,4788
3435,1845
3650,2840
3225,2773
1858,4987
1901,1834
720,4781
3077,8
677,1896
2937,4919
2720,4891
3092,4876
296,2829
4299,2800
3327,4988
1616,2781
239,5002
5076,4989
4300,50
4960,2821
2185,2833
2532,2818
857,4694
294,1733
2020,4800
4503,4932
2413,4896
3692,4879
266,318
4437,4954
159,1831
2223,2839
2648,4828
4371,4753
2581,4733
4214,4754
5046,2790
2717,4654
4632,3884
5023,4788
1753,4872
3472,3885
3966,4947
4235,45
667,2781
2913,4952
287,4989
3632,2789
549,2827
2541,2798
539,4911
1705,1833
4534,4691
1722,4735
1064,4819
1055,1837
4598,68
3533,4732
4246,4797
2360,4919
1123,2866
2199,4763
1803,4879
418,4770
947,1726
996,4939
3073,4916
1625,2845
4389,4735
1363,6
3137,4954
3345,285
1631,2789
303,2837
4949,4904
846,4731
2691,1727
1408,1835
1214,69
751,1737
4215,2796
4089,3913
4846,4671
1059,4918
1683,4966
2093,2776
3308,2823
1305,2796
551,4761
1633,70
1480,2812
1680,4889
101,4801
553,56
1995,4889
798,5063
4756,4815
451,4654
512,4930
3949,1846
4483,4687
4106,4965
2921,2822
488,4762
1496,1842
4290,4988
4543,4872
2651,4921
4859,1843
4162,1
2169,64
1988,55
817,1740
2878,4883
2700,4727
738,4910
4313,4918
4484,62
4711,41
1235,2856
1393,4743
2023,4856
3803,4787
4796,3881
4080,4892
4261,2798
4609,4754
1305,1728
2942,4944
1922,4930
3100,2816
148,2853
1629,1733
3324,4613
975,4941
2735,2840
953,1860
2300,4848
888,1841
5060,5
1767,4676
1025,2822
940,4817
4333,4915
2722,4751
1032,4729
4096,65
2309,4900
689,2857
1699,4685
2594,4754
919,2827
317,4916
3539,49
265,5065
4215,2786
451,4862
2614,4912
801,4751
966,4953
4875,1862
1612,5000
520,46
1500,4754
3489,1827
1435,4786
1307,4729
4030,1832
924,5064
3529,4682
2739,1817
1890,4249
1950,4728
4505,48
4076,283
1868,4800
3304,2839
3413,2817
1023,4784
2073,4908
4247,1844
443,4906
325,47
1458,5020
1351,4817
2698,55
4623,51
4622,2658
1119,4789
4618,4668
733,4731
4642,4743
3811,47
829,4988
1377,4831
2024,4760
2141,61
1887,4784
3177,3913
4630,1732
741,4955
3667,1856
794,4880
2906,4749
2223,4965
1403,2844
4319,4673
4121,4720
992,4911
1613,67
775,4742
537,1862
3250,2835
4893,4696
4844,4988
361,6
4002,4987
2006,4693
616,4729
3663,4877
3014,5074
2879,4741
221,4671
3233,4911
3919,2812
3581,4737
4704,4939
4563,1730
4317,4930
2561,5001
1336,4737
4487,2838
1584,4792
2542,4695
2069,4941
3170,2820
313,69
1915,50
286,4681
3800,4964
420,4986
1612,114
3435,4769
4171,2862
3038,5
3589,4763
3458,4901
663,56
804,4253
1907,3913
1649,3879
5067,4930
4620,12
2011,4914
493,69
1321,2794
3762,3878
4542,2858
3705,3924
1503,1729
360,4728
679,2799
1800,4993
4514,2814
4004,4763
906,4911
3132,4911
1938,4774
1256,7
1672,2853
3746,4772
1359,4815
841,1735
4426,2783
596,4941
1029,132
4478,4986
2698,1726
3673,318
4308,3
409,4734
3361,58
895,4878
1579,2812
3475,46
1585,4991
2137,12
4383,4888
1171,4961
4435,2772
4069,4738
2305,4670
3057,4753
391,1748
76,4738
511,4939
4814,3882
3270,4914
4065,21
708,42
128,46
920,58
4545,2671
1304,4686
4065,1832
292,4694
2330,4689
1201,4944
448,2787
4223,4832
2586,1849
973,11
1534,4635
4029,4913
2680,2856
4306,4771
3173,3914
148,4995
1759,2855
4433,4905
203,1846
3300,4918
3304,4860
3119,5001
3652,2818
1893,4860
2870,3914
3910,5004
3818,4986
1583,4782
576,4989
2226,4727
2401,67
1220,2812
3015,4917
3423,5074
4984,5020
1450,4685
323,3924
3789,2843
3132,2658
4283,4776
2548,5
1454,9
2286,4994
3336,4955
4480,124
1588,4890
2700,3885
3568,4670
4027,4783
788,2847
1256,117
2214,4739
542,1788
556,4830
4157,131
1592,4971
393,4979
3058,4855
4666,21
1593,11
1191,2784
1640,4674
2343,4750
4595,1725
530,47
2030,2820
3309,2789
1550,3885
2557,4897
3508,60
3305,4882
4626,4904
1751,4955
2943,2773
207,4688
3289,4789
5049,4764
4865,4735
3125,4941
1784,2781
1526,1848
1026,4787
2895,4889
4049,2781
4495,67
2757,4888
3972,2768
2186,4751
2151,4958
2691,5075
4445,4792
4295,2772
313,4906
4070,1862
3344,1726
1553,320
1617,4894
2102,2864
3391,4762
2716,4968
1983,4972
3150,12
4059,2846
1964,16
1349,4251
2074,45
4863,2782
140,4905
2738,116
575,63
4893,4987
741,4880
3841,2798
4359,2803
1535,2774
4637,4994
4325,4672
3254,5020
3819,1843
2155,4685
4427,4679
3435,42
30,4961
3137,4963
3798,4909
3703,3505
3562,4685
2530,4734
1206,2831
696,218
3326,5000
4564,4991
3147,4832
2880,3877
4602,1860
2183,48
1603,2781
3444,5000
2842,2826
900,4971
4443,2848
1932,2658
176,4720
2373,4906
1152,4917
1484,2784
277,1846
164,4676
2561,145
785,117
2667,4855
3047,4755
1128,2845
1823,2776
1575,4682
3511,4961
2109,67
3042,2808
3681,1
463,218
1940,2864
2042,5070
1644,4878
3767,3505
3340,3884
2521,4857
811,1846
4487,2809
183,4686
3675,4938
1035,5019
3546,5002
3019,1845
4461,2782
1401,2837
665,2851
3391,1727
1072,7
1408,4988
3779,4879
4637,4978
3043,4886
1189,38
3062,5004
2300,3882
879,1834
2661,115
3521,1860
2683,3885
4576,4773
2642,4828
1387,117
1338,2823
3995,124
3682,3505
3337,1728
4985,1808
4216,3879
2595,320
941,46
3465,4738
364,4781
1362,4686
1279,48
3631,65
3858,2845
750,4820
3199,67
914,4747
4133,61
3484,4787
701,4785
4176,1862
2432,283
3706,117
3465,1
157,2844
4609,1840
2213,5074
1289,1833
3489,5000
3564,4830
4814,4681
1459,4993
2403,3505
638,4760
3847,4968
757,4693
2717,5000
1979,21
4618,7
2577,2844
2297,4677
240,1896
1444,4944
3859,47
2985,4765
3618,4886
1674,5070
2445,115
1815,1836
2148,4994
2535,2781
1028,52
390,4816
3725,320
1358,66
4300,4911
927,4765
3281,4969
718,5075
268,3885
725,1846
231,13
4542,4873
3291,4691
2428,42
1880,2820
2315,1855
2935,2851
2689,4776
4237,2855
389,65
2107,4770
3162,4780
3329,4728
1547,2658
1578,2796
3711,4762
3160,4911
2902,4818
4650,4887
505,4931
3451,2812
2540,2851
1473,4675
3894,2779
4452,1842
449,4720
4389,4684
3850,2811
5003,4987
3124,4776
157,2798
2905,4995
970,4772
1769,4884
1367,2844
1452,4730
2131,4880
2515,4785
2250,1837
2759,4903
2884,2800
3514,4994
914,2854
2732,4752
4352,318
4086,2849
2687,2837
2932,218
1694,2764
2686,4972
3509,4697
4359,1731
2863,66
4015,1837
947,4668
3889,4672
3375,4799
652,2803
2973,4769
757,2788
3732,5002
4442,4747
3529,4670
1077,4848
3281,4955
3386,114
1985,4738
4142,4971
2441,4891
2907,2849
425,4878
3147,4990
4700,5073
688,4735
2060,4992
2468,4849
605,5066
4981,4733
4101,4781
4644,113
82,2803
4404,2854
3661,4776
464,4718
3666,4789
4623,3877
1686,4896
3825,1732
2105,5002
237,4876
2628,4979
539,4910
1878,5069
1219,4970
3306,2867
3972,4763
4160,1735
1706,4911
4450,4749
1889,2854
5022,4862
165,4694
32,62
3239,2813
3557,318
3436,2837
1461,4847
3489,54
2110,1845
1370,1847
1647,131
27,3885
4404,4253
553,285
2703,4828
3088,58
2636,4907
2476,16
1061,2839
2533,1725
1063,1737
3062,4670
3019,16
3184,3883
4701,4817
3451,117
1960,2783
2415,4778
3974,2773
20,4896
2227,69
2277,4789
1606,5016
3554,3879
3460,6
3381,4992
3626,3882
4975,4803
2732,7
3112,4918
2733,1732
606,52
3753,5064
5034,2862
2402,4931
3077,2671
1887,84
3828,2671
266,4937
716,4750
2373,70
4551,3885
3860,4801
3457,2833
1783,1844
835,4735
4403,2808
3703,4800
3422,1726
281,47
143,4883
1507,4858
3017,115
810,4860
3045,4253
3897,4668
4115,4732
1358,2832
3077,4907
3533,2788
2690,2846
1421,1850
2372,145
3509,1832
2414,2840
2655,1740
4538,1896
3675,1841
2382,1850
525,4723
2184,113
665,66
3389,4730
1249,4820
516,4669
2643,4799
2258,5069
418,50
3367,4731
3143,2854
1346,84
839,4946
4576,4908
3461,4888
4611,1842
1650,38
1578,283
1714,4873
3404,2832
481,4743
1417,2789
4232,1733
903,1730
1117,4763
4181,2862
932,4764
4588,1742
1197,4248
4827,4889
0,13
2556,4931
563,4901
233,4688
4357,4847
4292,4735
2704,4913
2742,4889
3250,2764
324,5064
642,5000
4150,2671
282,2844
2758,2773
3028,4829
386,2784
3483,42
4252,1
4468,1862
4451,2822
2708,4872
909,5075
4144,2798
4709,4732
268,2812
2107,4828
3556,4737
2625,2816
689,2799
519,4937
3968,2837
901,12
3466,2803
2797,1851
2374,2814
849,4952
2759,2846
1597,66
2575,3879
647,4799
338,4754
3994,5075
3824,50
2679,2809
4158,4251
1139,2825
310,4855
3010,4265
761,4991
3235,4896
360,1857
2318,4775
2100,4894
2792,3914
4129,3505
4980,4747
2270,2838
3389,4748
4662,115
769,62
778,4905
375,4953
1405,4902
4577,4995
3961,4990
3285,4993
1931,4777
2609,4862
4237,4944
1571,4766
3125,4968
3701,4932
2424,2776
2007,1856
1046,4669
3354,4689
951,4940
1337,4783
232,133
811,4691
4985,48
4865,4995
229,4997
2212,5075
3281,4896
2651,1734
2561,68
590,5069
700,4771
4866,4803
2771,1827
2950,54
4809,115
976,1837
1007,2831
3706,4876
4051,4683
1507,4920
2261,1817
1488,4774
2907,2843
2893,56
1371,1742
2101,1728
369,2826
2518,4748
3806,4672
458,4750
371,4791
799,4992
1576,4911
4291,3886
3776,4961
972,5019
3216,4681
2403,4832
4153,2835
646,2816
2672,4860
3022,2796
3817,4766
4238,320
2828,49
4490,4931
648,2788
2371,5016
341,4730
2897,4861
743,1837
2364,4732
3909,4754
895,1818
1966,117
3352,4876
2193,114
4456,4803
3581,4754
3011,4780
4327,6
4262,4938
3805,42
1562,4892
790,4676
153,4737
1438,3877
1240,2827
3629,4992
3788,53
3766,1731
3451,4993
4064,1845
1888,47
339,3878
1901,2840
1017,4856
1016,4901
936,42
1153,4946
2231,5070
3944,4819
1961,2814
1558,284
1151,2848
4508,2803
1796,4679
1564,2847
4124,4855
3291,4870
809,1834
3306,2808
2283,4858
2331,2820
1907,4675
4798,4720
1091,38
3669,4870
988,3885
2469,4860
430,2786
2597,285
1180,4888
1624,4820
3179,4685
160,60
4663,3877
4959,5063
1009,41
734,2862
1461,4790
1692,4937
1007,4737
1338,1832
4405,4965
2300,5018
3675,63
2002,3915
4554,1730
900,4966
4618,145
491,1788
1329,66
3437,113
2281,48
5038,4801
2293,4779
2512,4788
2569,1817
2684,2808
2732,2773
2929,4850
3842,38
762,52
3830,2765
4142,5075
1518,2835
3126,4634
2956,4780
465,4788
4702,4790
2029,4720
1526,50
2636,4689
1923,4265
3081,4772
1995,1845
4407,1857
3221,2776
2675,62
1073,2789
3009,2776
4612,4969
3161,113
3443,4966
4177,4938
2020,4751
1642,4911
373,4831
2637,4766
3960,4673
768,4803
342,4970
3078,2799
3998,4856
1952,4886
4852,58
2689,2851
2313,4251
4111,4909
4185,4267
3199,4775
1238,2843
3930,2812
4001,2820
1946,4770
3791,3879
2956,3914
2330,2864
213,4952
3097,4791
760,9
3059,5065
1639,4672
3503,4888
3679,2820
3426,1832
4148,4991
2637,1849
3202,4926
2076,4791
1030,320
772,80
1899,1
3537,4803
3298,2860
4488,4786
4411,4900
2249,2865
4186,2767
601,4746
1657,2827
164,3878
1548,2798
1928,4694
2462,9
4452,4772
5023,4911
3630,1862
4564,2858
4434,285
2391,5077
1111,4782
573,13
1923,4870
2357,4901
271,1725
1621,2833
2272,5000
491,4748
2923,2864
1204,4857
2128,1834
331,2827
5012,4728
3599,34
4560,2851
3433,2787
1067,4886
293,4915
835,3913
1917,4770
2734,3881
4491,12
3932,38
1063,4969
1006,4907
2333,6
2141,2855
5061,4997
2461,2845
4466,1730
4513,4759
4530,4815
1758,4930
3338,1843
2314,2867
624,4769
3656,2814
3937,1737
1198,4782
3124,4997
3546,4781
1515,2809
4973,3914
938,2844
3221,4760
4283,4791
151,1843
1157,4773
2211,2838
1496,284
2237,4670
230,60
1821,4830
4460,2855
2092,319
1154,4886
1540,4697
4453,84
2489,4917
1445,2818
4629,2829
3279,218
3478,117
2664,4879
4719,5069
335,4781
3086,2858
4262,4742
4069,4678
1469,2782
1289,1832
3376,4776
1427,4743
83,2821
442,4994
2367,4749
1376,80
689,4694
1073,3884
3384,4930
3211,2767
2380,4790
4286,4678
4372,2768
2392,41
4332,4685
3430,124
650,1862
1886,5000
2325,4894
148,5063
2219,4737
4843,4782
4024,4790
495,2862
2669,4820
2579,4884
3366,4944
1082,4921
1304,1845
3594,4671
1503,3883
3865,4265
467,4820
428,1729
641,4789
1366,1837
968,2764
3088,4265
2758,2812
2243,1837
3699,4910
2579,4997
2454,115
4706,4938
3500,2783
4394,4654
3922,4957
271,4946
2874,2768
4100,116
100,2785
4421,2820
4867,4761
3300,4264
2999,2844
743,6
841,2774
173,4860
2708,4677
697,2818
1201,1818
3260,2841
708,318
274,5066
2392,2856
1681,3913
149,60
4657,2795
1175,3880
3561,4250
2586,4265
3578,4991
4142,4780
37,4729
947,1827
4898,2786
3022,1833
3786,60
822,4917
1600,4855
192,1728
3668,56
2123,40
2596,2866
4341,60
3644,4956
2116,4900
3410,4912
4449,4872
1299,2796
3538,4828
1980,2843
4012,3883
2665,4786
2280,4688
1664,4897
233,4731
1822,1856
1943,3882
1130,68
2934,4972
4506,4957
3051,4989
497,2783
4352,4784
2659,2790
2934,2822
3140,2773
1003,2671
4158,4761
1269,4818
828,2788
4291,2860
4646,4935
3635,2832
87,4694
4302,2822
1867,2849
408,4824
3051,5019
1357,61
923,4862
2509,1725
2198,6
2234,1735
387,2823
1706,2818
3332,2781
1616,3878
1597,61
4147,2800
4244,4991
2354,4654
3088,285
2346,2866
4473,4750
2183,5002
226,4847
3357,69
257,2840
788,4697
936,4940
1040,1737
3070,46
2420,4991
4361,4783
2882,5000
3408,4731
4655,4996
971,4248
2255,4883
2185,4979
1439,52
3411,2867
1853,3913
4246,3505
3627,9
3214,4781
1298,113
2571,4765
4108,4824
557,5020
459,4957
3960,4908
2140,4749
2144,3912
