2695,4916
4513,4963
1509,4682
1589,2838
3618,2837
3354,4892
4106,4850
1930,4824
3365,2810
1652,70
2187,4750
2889,2847
5045,2823
2384,45
4922,4883
4099,4750
1274,114
4565,51
3481,4669
3630,2833
2545,4936
3451,4916
651,1835
1722,116
3786,4849
3145,2839
729,4877
1443,4991
2894,4896
1110,4682
1905,2843
3032,3914
1782,117
3182,2827
2072,2835
4482,4998
1359,2658
3553,3885
817,61
4415,4613
884,4961
3063,4904
3192,1861
2370,2772
3530,4696
794,3877
1273,3886
4656,4820
2416,4884
4176,4878
180,4773
1460,46
2910,2829
3893,4686
3069,4935
709,4816
4192,4750
1583,2848
3373,4720
155,38
3672,4911
996,4697
616,4764
1288,70
4045,4681
441,3
2082,5016
1464,4800
4483,4654
3382,318
5037,4790
3632,4952
3504,4720
785,60
1114,4992
662,1836
280,2800
4428,4774
677,4750
1176,4824
3105,4966
4218,4779
2246,45
1458,2783
3927,1735
3242,4776
3741,4754
2603,2853
3432,4961
370,5016
3626,4914
3648,4870
3845,4820
3667,5004
2365,1848
105,2853
4568,70
3411,4634
5071,4675
4193,1733
4438,4873
2359,21
850,4678
3828,2844
1424,4916
768,4872
2085,4930
4556,4873
1504,4791
380,4972
2568,4911
1692,4966
137,1831
3536,69
2214,61
3736,4743
4444,4906
3611,4783
2792,3915
1453,218
496,40
4102,4832
5009,2816
2587,4816
1174,4772
1026,2816
1336,2862
4054,4818
276,1728
2389,2821
815,4947
4523,114
3803,2786
678,2821
2036,4909
2543,4909
4366,4729
2082,2782
3107,2772
591,2783
330,50
3153,4917
4148,284
1958,2829
1318,1850
4195,283
3439,2831
1257,4684
1579,4676
4303,4738
4461,68
2041,4856
2633,4912
1259,5018
1723,4965
4842,4764
3542,4766
1211,1728
3510,2851
3067,4730
4767,2789
231,2809
980,285
2363,4679
4234,5016
4154,2788
4360,145
2927,4752
722,1844
81,1838
4011,4979
2549,1816
4049,2853
199,4654
4823,4677
1047,4830
3543,50
4075,4849
1885,2803
217,50
1572,4900
2337,4782
2533,4903
3306,2822
2417,2786
4459,218
3844,1846
2549,4742
3969,4267
3013,4674
2333,4848
4980,4762
4254,65
1781,4815
4503,3615
3907,4749
4458,4953
678,67
784,4885
303,4903
2563,4892
4183,218
2196,4947
3980,4970
3226,4970
913,2862
3438,5073
23,11
932,4785
4630,1808
3002,1896
2922,5077
3987,4249
902,4791
4439,4910
2263,4972
598,4779
3426,5016
1288,2853
2067,4907
623,4753
1344,4694
1007,4918
57,4784
225,4748
4143,1844
26,2813
1803,9
1554,2789
2512,61
2048,4882
2323,4910
146,4720
2098,16
806,4820
2210,3884
3161,4911
1065,114
906,4861
3345,40
512,2773
716,4769
3274,2768
1182,3880
4657,1
1442,4746
323,5074
4019,2860
502,3882
3313,2779
977,4900
4977,4818
2430,4815
255,2824
71,2671
4056,3879
4290,4862
4607,80
644,4686
1276,1846
296,4820
4218,1733
976,2816
2353,4696
4648,4957
2354,4937
4463,4996
487,4267
490,4829
2024,1808
181,4781
2741,1816
3941,2787
2801,5
2084,4911
238,2840
2960,2848
1247,1837
2383,4904
300,3915
3331,2867
1551,4681
3698,4905
4196,117
2376,4815
185,4894
1629,4671
400,40
3607,4765
3893,2658
4210,4743
1564,4801
3520,5002
4745,2847
934,4886
417,1725
3513,2838
2443,4966
1643,2822
4976,4780
1760,4769
1995,4784
366,2864
324,4883
443,4934
2393,2796
4281,4955
3169,4947
3684,4748
1914,11
2063,4264
3521,4989
4925,2841
2289,2798
1221,2851
4421,4862
743,4789
2516,4908
148,2783
2894,4888
4802,4929
4282,2812
449,50
2378,1816
4016,4818
2171,61
1874,4951
4334,284
774,4743
4041,4654
3731,4860
2455,4799
818,4910
1705,4668
3227,4752
4262,2818
1234,4787
2433,4915
1035,4654
1117,67
2801,4901
892,4850
3358,2817
4086,4674
2287,4918
0,4847
4200,4876
2770,4751
4826,4800
4031,4989
3681,2768
596,4673
763,2867
2578,4753
1825,4913
4378,2846
2078,62
4098,69
2391,45
1383,4962
2019,15
3738,4654
333,2658
3531,4964
105,4692
32,4820
613,6
548,4946
1022,4995
4478,34
410,67
3996,15
4609,4872
4259,4956
1185,4873
3201,4902
1450,2839
4394,4669
1782,3882
3797,4876
4260,1856
1521,1832
1508,4732
2924,2862
1530,2784
1533,4692
3049,2837
4555,4828
94,4785
2147,4690
1371,132
4563,4738
1152,16
4464,2772
2700,2794
1154,4964
3673,2844
3524,320
3182,284
5022,4736
4359,4954
3801,4932
449,12
4131,4951
1147,4850
3472,4680
4527,2784
3970,4916
1019,4678
92,54
734,2827
1048,4792
1712,2837
28,64
2608,4788
1160,4849
1613,9
3202,2789
4374,319
2379,6
123,4692
5038,4723
3533,2862
1423,1748
1070,4909
4651,2781
1424,4634
4385,61
4368,1735
2437,4958
2757,4969
1322,132
1774,1862
5031,51
1905,53
2259,4739
2535,2783
2008,4770
4162,56
3684,4674
3800,1835
3150,5064
1600,4919
502,1827
3485,4764
628,4951
2881,5016
797,2813
3110,2824
4114,2809
1361,62
182,2821
4709,4692
4286,4266
2020,4780
972,4862
2583,1857
993,4797
858,80
192,4861
607,1727
2466,4944
3540,2764
1008,4778
1920,116
466,47
1394,2767
4724,34
1080,2789
461,4730
1390,1816
2960,4860
4551,4766
2374,4792
2745,2773
2081,1856
2792,2776
2718,2784
2387,1734
715,2789
333,1838
1079,4956
4524,2855
4481,2798
3939,2772
2219,4931
2643,4773
1738,2831
2311,4741
1951,5069
699,1835
71,2774
2165,2823
3108,1
2550,63
1949,4946
2742,2765
3789,5070
2907,5074
2344,2794
4400,2839
4303,4906
4039,4671
3205,64
1772,4752
618,2848
2353,4944
2567,61
831,2848
2633,5016
560,1735
160,4956
1322,3912
179,5074
1762,4797
2252,4929
4796,48
1987,4887
2759,4679
591,2826
3297,4680
736,4831
2542,4750
453,3
4215,51
1276,4946
3711,3880
1273,318
2212,4969
158,4815
517,4679
4629,2781
830,4732
4663,2784
3785,319
3273,1855
2402,2840
3596,4746
4091,4873
1761,3924
3936,4687
3763,38
2189,4718
3480,4731
3333,2840
462,13
3611,1862
2693,4691
1340,4264
424,4680
395,116
135,4785
687,4996
2283,4946
1306,70
5050,4902
525,4735
977,1732
787,2814
424,1732
3042,4688
3323,4801
2960,1840
3517,1832
4550,2845
2493,4904
385,3505
3142,131
2729,4971
4192,2826
1035,4728
3106,5016
2673,58
1236,4965
1018,4879
1793,4885
2540,4815
4925,4732
3511,4900
1419,11
4156,4799
2054,5020
4061,1844
2931,1841
799,3877
3553,1841
1526,4858
2766,6
880,65
3829,2824
4361,80
5082,2846
1964,1727
3434,84
3421,1732
610,4891
3349,13
3570,1856
562,4941
3092,5004
176,4970
704,46
3577,4743
2498,2765
1686,4929
2945,4896
1264,4952
787,3883
4594,4801
1282,4913
1599,3914
4366,61
3849,2823
2156,3924
155,2817
460,4896
3585,2829
4528,3912
806,2784
3116,4742
1813,4776
3378,1735
675,2847
4514,13
1409,2825
2075,4965
395,21
2620,58
2269,132
1717,4689
418,1732
5054,4993
3103,4818
622,1849
2613,4669
1532,4675
3180,2803
2360,4791
3191,4250
5050,1831
2522,4249
2063,3877
2551,2823
5025,4769
2534,4819
3512,5065
2540,4782
3629,4856
2322,4751
4091,4818
1100,69
2649,4909
2006,5065
3344,4987
4288,133
2425,2849
196,4789
3351,4781
688,13
3721,2841
3373,4736
4349,4743
1865,4815
2357,4892
312,2767
2876,4789
5022,4266
2057,4753
3442,2857
4406,2822
4950,1835
193,4766
4213,4782
1300,2838
487,2767
313,4978
90,61
3510,4730
3999,218
402,3879
4141,2854
1031,2768
4192,62
2754,4741
3638,4673
3190,63
915,53
3277,4918
712,5016
2483,4892
325,4613
740,38
678,4678
2916,4911
419,4961
2793,4886
4021,4674
3867,115
2632,3881
575,4908
4190,4906
4378,2788
773,64
986,4720
236,4668
2633,1849
2015,2858
4127,2856
4427,4671
2990,1817
1139,4913
3040,4819
3299,4884
3228,4931
3263,4858
2761,3883
1345,4755
2047,3885
2017,38
4825,2671
4092,58
760,2795
4470,284
5062,48
1521,4689
1361,4979
3639,4816
3572,56
2904,4860
1724,4803
2438,62
2585,5018
4282,4994
3849,50
2327,4780
1219,4858
1023,1729
2247,4686
3351,4880
3816,4781
4577,2810
4837,2790
2440,4747
1938,3886
497,4992
371,5019
3855,4917
3030,4883
1460,4906
3052,4799
828,116
3396,12
2945,4755
680,4913
259,4900
1992,2671
1496,4734
1203,4978
3416,2867
190,4993
3610,4820
396,4762
2462,4819
1976,4769
735,2816
1180,1817
1284,4971
91,4918
267,2822
5035,2823
4608,5019
2491,4992
3454,4815
2231,63
2026,4900
647,4783
2909,7
4046,4676
428,4250
3810,4264
4490,6
1820,3881
2172,4720
4159,3505
360,4746
1802,4987
3196,1850
3348,4686
4615,4994
4192,4668
2828,1832
1322,4926
435,4828
2985,2817
4641,4908
811,4773
422,4870
2460,2858
1275,4978
2868,4673
2080,4946
4281,4748
2880,3915
2567,4746
2693,4955
299,2809
2662,1742
1013,3886
3186,4781
2026,49
3389,3881
1868,4752
1237,49
2036,4818
517,4861
4636,1861
2511,5004
2431,6
4813,4686
3818,2800
1600,4941
1228,4742
4950,2799
2915,4264
419,4671
4983,65
3916,4861
744,5073
1533,4687
3940,4961
2059,1836
1954,7
327,4803
532,4919
1538,1734
4524,4769
5034,3883
1289,4820
367,4930
4330,4944
1824,2835
3606,4634
2412,5016
729,4986
3891,2658
290,4771
3111,1855
1341,4248
4702,1726
3453,2790
4807,53
3812,4892
2922,132
4523,4830
966,2817
3000,48
1823,4741
2619,4932
3570,5020
3604,115
2565,4736
917,2795
1618,4882
3890,4872
2484,2866
2368,4727
3030,2846
3965,1788
3165,5063
915,4753
2196,2795
189,5004
886,4882
450,1731
281,4788
4337,4951
1866,4695
4072,1862
428,4669
4037,54
2805,4760
1601,4831
2264,9
4070,4718
2001,4879
2256,4779
3410,34
508,80
2750,1833
2520,4635
2272,4971
2041,4763
2662,4994
2040,4930
2371,2822
2011,2782
3329,4832
2173,4688
736,2844
207,1841
4195,4911
4339,5065
2884,284
4703,1831
3517,1726
3659,4799
2123,1730
1653,1788
1225,5002
1201,2837
3508,1831
1703,4773
929,4915
1300,4902
3096,1847
1513,319
2016,2820
1107,4727
2943,62
454,4781
3754,3913
669,4913
3656,3
3026,2658
3683,1834
2586,4694
3726,4920
3571,1816
959,4696
614,2776
1388,4926
2337,4937
3104,3881
1510,4786
4257,4694
4570,4916
1398,2838
1395,1735
1688,4731
3523,3882
1123,3924
1449,2851
2890,4742
1596,2773
713,2768
2045,4760
817,2839
1527,4961
1218,2671
619,4889
2220,54
4156,4742
4427,4774
1967,1836
506,2773
1437,4862
633,4690
1503,80
1332,4779
2557,4769
1274,1896
3038,4266
4093,2796
4651,1844
587,4730
2444,1835
4192,3881
3570,1835
2443,4870
328,1838
2974,1857
3859,1833
3929,2788
727,1841
4171,319
4061,2837
2077,4736
2039,320
2269,4963
3598,5001
4757,1831
1073,4900
2647,4883
2204,4799
4104,67
2852,4902
3738,4801
1351,4762
2222,114
915,4955
4497,116
1143,4777
385,4680
2365,4972
719,2825
3818,218
328,4718
430,2812
3830,55
406,5069
4867,2829
2869,2774
3639,2827
4444,4988
2672,4872
766,4968
1994,4947
620,4824
3207,4900
4414,4689
2871,2837
255,4694
3226,2820
3726,285
4105,2829
417,5016
2275,1836
2698,5002
4014,1860
4109,4964
521,5077
1645,4634
1647,2847
4458,4780
4286,285
424,3913
2688,4939
5078,3881
1745,4857
1829,1729
4655,4947
4487,4797
4661,4754
4439,4946
3373,1
3586,2768
4208,4677
1052,62
3686,5064
4233,2772
829,115
3407,4995
1252,4817
2928,60
1701,2803
2011,3879
3986,4733
2669,4818
3373,2772
3012,318
676,3883
287,3914
653,54
1178,4879
1715,4786
3656,1857
3774,4692
2355,4903
293,2829
2564,4731
3776,2822
624,2811
3244,16
2924,2845
4297,4741
4111,2768
1389,4971
4229,4862
1582,4785
1513,283
992,5018
4389,80
594,4674
2944,3924
4447,1860
4205,4997
4279,4738
5030,4990
1602,5004
127,4994
2925,3924
4172,2825
138,2844
794,4953
1745,113
826,1839
3542,1837
346,4896
4217,4723
1852,2812
2195,1742
2297,4986
4219,2833
2943,4952
614,1837
2194,5065
1488,2867
2270,4679
147,4894
2148,4957
2024,4878
2619,55
1011,4831
1086,3913
1254,65
4660,4797
2063,2824
1653,133
3795,1827
2591,4962
955,2824
880,84
5012,4783
2372,4831
3815,4770
299,16
4178,4768
2391,48
1931,4734
1449,8
2579,4900
907,4675
4098,4916
3944,4766
1598,3914
3391,4952
4852,3912
4967,4849
4081,1847
558,5001
123,3877
173,5066
825,41
1664,4919
922,4909
4377,1834
3626,4956
3532,4783
3929,55
716,4763
401,4732
3493,38
3954,1848
510,4788
2409,2856
1168,2787
3087,4990
4330,4889
3385,1855
2103,1896
109,1735
4617,4862
4099,4883
183,2810
740,3
3735,4917
1201,2851
592,4888
876,2857
1754,4690
4500,1837
3199,4683
2077,4998
2923,4849
3284,12
1934,1726
4195,4695
4088,4731
2861,4848
5017,1856
2632,4253
757,2853
4239,5074
1217,2844
1630,4883
569,4790
298,284
4898,1851
4085,2867
2236,4978
2950,4932
3761,1843
1275,4955
775,4911
3546,2813
446,4994
1814,6
3839,4761
4023,4780
4346,5066
4139,56
4383,4803
3276,4886
2274,68
3703,4249
1545,4941
4314,46
3338,4766
91,4763
3739,2779
956,4765
1483,41
2418,145
3954,4753
1062,4788
3822,218
2912,4682
2966,4902
1568,4830
2640,1848
3816,1861
3360,4861
1532,3878
225,4692
3627,4720
480,4759
2479,4748
2193,4777
3216,1727
414,4675
3853,4793
1197,4911
2218,4787
2236,4790
4314,2818
1920,4971
4549,4687
2661,53
2969,2799
384,3881
4276,132
4541,4890
3567,49
4808,4729
911,2833
3080,131
2266,15
2155,3882
2085,2787
1807,4738
4439,2833
1219,2784
3561,4250
1758,2810
679,1
480,45
3925,4990
4015,4860
3531,3924
2699,4884
3476,2867
3751,4939
4606,4754
4365,2847
4614,4965
1619,4914
1647,45
1980,42
1022,116
2652,2826
1145,1851
4303,4253
752,2831
771,4989
1333,3878
88,1856
1197,1845
3074,5073
3542,66
1661,1842
107,4894
503,4954
4192,4991
2880,2825
2753,4894
338,2849
1187,2786
74,11
2246,4968
3172,4676
1615,3615
2252,4966
2698,4786
3089,283
1980,4998
4039,1847
607,4267
19,4690
3542,4738
2993,4935
824,284
3032,4774
3472,4964
1062,4992
4263,4935
4541,4908
3500,4900
2113,4764
520,4988
2447,68
2463,2787
4190,5016
659,2813
1898,4944
3171,1857
3543,4253
1220,4964
2132,4993
1574,2848
4434,1831
1234,4680
2389,1836
3055,2853
2579,3924
3983,4783
3108,4779
4311,2864
2161,4679
2341,4939
4519,2823
2665,4732
2480,4885
4631,4879
4257,64
698,4972
665,4253
2314,4939
151,2812
2354,4997
788,2772
4427,4892
2732,2796
1980,4790
3634,2781
3002,2814
4312,4877
2187,5070
4493,4936
1825,5002
3694,61
296,15
2909,4944
3037,4913
1231,4918
1031,4762
1919,4912
465,4830
1073,2814
2592,1835
4358,4877
2448,115
3821,4991
4076,4668
1794,4944
712,4920
3667,5020
576,117
5037,2658
2594,114
2045,51
2181,4908
3766,4613
2583,84
1906,1735
3493,4858
3089,55
4180,2866
170,4926
3737,4735
3446,2833
1447,2790
4300,4775
3455,15
4400,5020
4484,2829
3788,5073
3587,4860
3207,4962
252,4888
373,1748
2262,1849
3031,2768
3696,5066
2294,4856
961,2796
3658,4753
2505,1748
4490,5073
4834,1727
643,3880
3961,4877
337,3
2433,4934
4361,4676
1645,2816
1559,4755
2561,58
3268,4773
4497,2816
3766,4954
244,4801
389,3885
1664,3879
4473,1735
3121,34
1924,145
2227,4994
4603,62
4590,2772
3407,2768
167,4919
4725,13
422,4720
4839,53
2616,5074
2395,3884
1150,1832
3835,4940
3910,4992
3258,3912
2721,5000
2091,117
4553,4818
3261,4793
2159,4773
4539,4777
1798,4954
3927,2840
4214,4830
1082,2809
1873,1832
4526,4938
1452,4993
1884,4695
3358,66
1105,2846
577,2843
3480,4613
210,80
1339,4775
4096,3913
2685,4249
4027,4771
223,124
3693,4909
3103,4775
928,52
774,4747
4556,1850
1901,4997
190,4733
2204,65
3829,145
3030,2847
1707,115
4013,1834
1194,66
482,4903
4127,3878
4559,1846
4368,41
4106,5063
2742,218
3065,4697
4403,4773
2134,4905
2281,4907
157,4962
803,4634
3261,2831
1622,1729
4417,4799
709,2820
2757,4266
2208,4890
2080,4687
4414,21
2476,2765
3902,4937
2251,4956
3618,4961
1656,4772
1719,116
4092,4994
936,4787
954,5064
2432,1733
5083,4939
313,4910
4343,4782
4386,4920
5010,5000
1327,2789
3895,1831
2893,4832
2394,4972
781,1729
3519,4683
4320,2779
1169,51
4221,4681
2276,2671
1080,4890
4024,2767
1647,5002
1830,4672
1079,4692
929,3879
4117,38
1055,4862
3494,2833
3308,5065
4299,4685
1055,1862
1328,1733
2117,6
907,1896
3108,4718
2991,4970
2191,1857
885,3881
673,5064
556,1725
2678,4956
2871,2822
4210,3924
2953,4903
2483,1727
2360,4720
2307,4692
1070,1842
5012,11
1034,4889
1605,4692
3623,4997
1170,4882
3482,2854
152,21
1869,2827
3069,70
1996,65
1376,52
4863,2821
267,2785
1286,4760
1118,318
3401,4946
2076,5063
779,4793
4203,4882
987,66
2639,3885
1220,124
4289,4727
4252,4733
786,1848
4188,2794
554,4970
4025,4979
4397,1840
2202,2857
4383,2779
2372,5018
4326,116
276,1862
3297,2858
1546,4855
1971,4990
1368,4894
1485,2829
1813,4736
1302,2765
2486,4251
2542,5074
402,4987
3990,3886
1434,4674
575,4886
1166,4954
928,4906
2336,4266
3290,1808
1091,7
2610,40
2295,70
3378,1726
866,1838
5079,5075
1209,80
2186,4971
1115,2779
317,4264
3918,2768
414,4264
4859,2822
4709,3886
3130,1832
1965,4764
4976,1728
307,2767
1040,4910
3053,4735
3098,4940
2431,4971
1445,4969
790,4887
2608,4613
1381,4816
2540,13
1240,4742
3769,5016
591,2784
1135,4956
2016,2789
236,4907
3195,5064
3062,4673
2257,4688
5021,70
1018,4952
2186,2824
412,5073
1223,70
347,4953
277,4770
4149,2813
948,1726
2154,4888
3735,4672
3103,56
1546,4886
4098,1838
781,64
1663,4907
2444,2671
1184,2831
1195,1726
2998,4684
4099,4759
2886,5073
536,2789
3374,4856
4103,3885
972,4856
1984,4690
4981,2814
2055,4926
483,4934
2313,3615
4572,4634
2635,4783
1153,4670
4140,4918
4462,1835
289,2840
4587,2827
1062,1725
4185,4914
1529,4946
579,5002
3412,52
5068,4780
730,4732
2417,2783
620,4792
1481,2827
2245,1839
2069,4831
919,4769
1554,4904
2921,4920
1147,4738
2111,2848
3186,2773
3418,2866
1500,4965
415,4829
591,1848
1063,2796
3267,4887
4176,1832
3564,4793
3875,2824
1768,62
2909,4695
243,3
1290,4739
1743,145
540,4952
2863,2843
4208,2865
3782,1833
3680,1839
4618,4944
3015,1734
4852,2817
826,4937
548,2843
4959,2843
2063,2827
1294,4783
2062,4750
2561,5063
982,4267
4435,45
4314,1816
548,1788
3436,4769
1274,4692
905,4962
3473,2781
632,2779
1285,2855
4471,54
3495,4775
2934,2821
2911,4762
1762,4906
842,4824
2711,4675
3258,69
1457,4759
1321,4878
2993,4779
4423,5016
4392,1728
525,4763
3276,4773
1477,5070
509,2796
4450,4886
4539,4817
1723,3615
3223,13
2301,2810
2365,3505
2514,2829
1317,4746
1198,1861
1202,34
329,4962
1927,4876
424,4682
4546,4929
3623,4729
1367,4750
1059,4265
1515,5019
867,16
759,6
2318,1730
1874,4907
3900,70
4230,4783
2999,115
1825,4739
3011,4921
3486,2773
518,2845
3666,4962
1224,4929
2376,4907
3401,9
2384,4993
1083,11
3181,4680
1900,4765
4796,4890
5032,4987
254,1817
3533,4906
801,4961
102,4634
3964,3878
1706,113
1295,4832
4446,4886
3939,5000
3118,2843
4086,4905
2747,3505
4236,56
2682,4720
2295,4877
1399,2855
3219,4862
819,4850
3707,4801
1121,4918
220,4778
1221,1841
443,4883
2612,4862
1065,41
3823,4938
687,4801
43,2785
3539,2764
2431,4857
2164,2824
744,38
2272,4739
4161,4989
4272,4952
3397,4765
1193,3877
639,1
2736,5004
4578,4613
2777,4747
4479,4882
3730,66
1143,2827
3319,4968
3597,4762
264,1855
601,2784
2684,4769
744,4775
2218,58
3446,2826
2728,2767
432,2860
4195,2767
441,4990
4550,4774
3876,2824
4323,320
4014,4877
3781,4697
769,4680
3792,283
607,4728
4581,4987
4078,4963
705,4938
2452,132
2271,64
4157,2824
2780,80
1500,55
2561,2798
4045,4678
4643,3615
1064,4979
3298,5069
86,5001
3284,4947
2717,4986
2548,4913
106,1788
3311,4251
4943,4952
3795,4860
3097,2840
2598,2785
2165,4738
112,4994
909,80
711,1860
1055,4251
3308,4818
833,4946
529,4890
1550,131
3005,2831
2268,4972
3336,2767
789,5075
2737,4754
2374,132
1684,2841
2769,124
5078,2765
2120,4897
3375,116
4010,4752
4623,62
2288,4727
1759,2796
2426,1861
2024,4765
3064,4781
4302,53
997,4886
3127,4635
4049,2856
3174,5065
4395,4778
1532,68
637,2846
4438,4876
20,1844
211,4686
4147,15
785,4963
203,4917
2697,4786
1235,5066
2459,4777
1760,2824
625,113
1432,2835
4091,3924
1101,4696
3868,4779
3938,1855
1327,4897
1657,13
303,4882
233,4900
1147,69
1205,1735
4051,2827
3826,1748
870,5074
2689,4953
1159,3884
3350,4748
3407,5077
3140,2820
3551,2768
2521,2796
123,2822
3873,4978
2926,2829
3694,2798
3849,4824
1631,4992
1456,50
2570,4734
1427,2857
4258,5065
1502,67
666,2839
3268,49
2998,4741
2727,5075
18,4934
3778,2764
3509,1733
2156,3883
2722,4955
778,4739
1863,4904
377,4860
4162,145
3687,4750
714,4613
1391,4941
1984,4762
1477,1808
1890,2847
1698,4692
3945,124
4299,4768
1205,5001
1224,4670
2100,5066
1557,4862
566,4829
4047,2867
2041,4936
2703,1838
4532,4890
3091,4914
2516,4986
1495,4688
2430,4800
4838,2790
2623,3881
2142,3881
5011,1732
2363,4902
1549,4998
1907,1839
3073,4965
353,4872
4550,4738
743,4720
79,2866
2634,4634
4100,4789
966,4911
3865,1833
695,4818
3588,318
617,1735
222,4858
2747,52
1645,4674
2921,4993
1764,115
4005,2833
2959,4830
3794,4763
198,4896
1166,2799
4922,2855
140,1725
1864,2832
4705,4961
538,1816
4314,21
2602,5064
1018,1838
3639,4689
576,4692
150,4689
4008,4682
3947,1731
2381,48
2000,4992
344,4685
2466,2796
1088,4777
3005,4921
3750,4815
842,41
227,4920
1225,4877
1757,4668
5058,7
4043,69
925,84
3187,145
1046,1808
4420,4685
4147,2831
3842,2851
2961,4729
315,40
496,1742
2807,4679
3984,4754
3055,1740
784,113
2276,4253
1190,4831
588,4728
2927,1896
1680,4762
4130,4697
2454,1734
744,4849
1638,1836
751,1838
4520,4880
884,49
2492,2829
1623,1842
1908,4955
3133,2790
3818,4264
2597,1726
2592,4730
1346,4799
1683,5063
1692,1737
2815,4687
4601,12
425,1847
4039,1732
1161,2813
2018,4768
4069,2773
4162,4953
4812,2864
635,2856
974,4931
4476,4935
3534,1844
1660,4762
3344,4920
1528,115
1249,2808
152,8
3482,4954
873,66
1014,1740
4618,2864
1166,2809
2005,4828
868,4689
3720,2773
3013,4947
3304,4913
2302,2809
2146,5019
1875,4884
4185,4746
577,4917
3463,46
4207,4856
3735,4671
2176,4751
4600,50
1968,2782
2454,2764
3177,4732
2872,2851
2468,12
3261,4953
3525,1788
424,1840
5052,4762
3966,1848
3229,4784
3119,5018
3560,4729
3930,4911
569,4931
231,117
3141,4926
1100,1742
2340,70
4133,5063
1907,4772
1264,4962
2215,2840
3829,1833
3311,6
2842,4683
2578,2844
1679,4777
1698,4728
1782,1
1098,4995
2155,4787
2173,4784
861,2843
2075,1850
2306,4892
892,285
591,4771
4924,1788
2428,4872
2104,4782
1744,2831
435,4749
1858,4687
1585,4877
1179,4872
1621,5073
899,4816
1552,4792
390,4910
4980,4857
400,2858
4525,2808
3868,4765
2109,4831
2263,285
2665,4681
1132,2822
3753,2839
5046,4754
1804,16
3046,4903
2756,4681
3249,7
755,48
1304,4783
1122,4746
646,4962
2389,4966
1114,4935
357,5020
2561,4971
2580,5019
3631,5004
1195,5063
4377,4816
3265,1860
4711,2809
3633,4888
1687,4917
421,1748
1866,1844
2029,1832
2987,4789
1109,4998
24,4961
4396,131
599,4729
1233,15
2769,68
2459,1850
1172,4759
144,4613
3627,2825
1481,2840
1249,4672
1365,4686
3242,4880
767,4613
3782,2794
3482,4764
1135,2816
3425,2865
726,1840
681,4759
946,2854
1527,4800
1700,4995
4923,4872
4481,4747
454,5070
3293,6
4341,5070
1136,2865
2326,4953
2460,2846
4651,2782
26,4801
3522,1832
4486,1857
2713,1862
3098,4860
1988,1851
677,4883
2039,4896
1597,2829
4128,4964
2277,4764
4632,4991
2739,1845
3428,2858
1518,4778
2558,4858
1052,1732
5057,4921
3120,4746
4449,2810
188,4790
4364,2803
1232,1846
4645,1748
2927,4998
4018,4818
2041,4789
2315,1842
1305,4995
2223,2831
2576,5063
2012,4817
4933,1841
1910,5073
3082,2867
3096,4962
671,4994
2473,2867
3176,4613
4658,4971
854,3
2005,2816
3622,2812
4118,4890
4523,4765
3600,5020
3719,2788
2676,2858
3085,4956
4310,4775
3623,4682
1475,4966
4064,4990
4627,2849
3773,4954
847,145
4159,4998
897,4920
1469,4850
3342,4734
4109,2799
465,4939
354,1847
311,3924
2709,5066
582,2829
2536,2790
3988,2820
3383,4978
590,3914
4117,5018
2235,4917
2998,3505
3580,4937
4721,4952
122,4670
1965,4266
3667,117
4428,117
3695,4251
137,4891
745,4686
4608,2773
1060,4915
3618,2847
2494,1833
1504,2867
697,4684
183,4777
4343,4739
1318,1730
4045,4884
4428,5020
4070,2799
367,1818
955,4635
1063,1818
4356,8
4114,4901
2777,4792
1698,2827
2120,1896
1666,1731
3355,4932
592,4890
1468,4955
2802,40
1057,4768
2497,4736
4149,4909
668,2835
4329,45
953,4913
3662,69
1767,4684
1045,2817
624,1827
1688,80
3508,4801
831,4912
4008,3882
2657,46
3388,4692
3382,1834
2925,63
1104,6
2498,4678
1722,4955
3542,54
1117,4883
2059,63
1097,41
778,2767
82,2864
3419,4747
1415,2847
3326,2846
3890,2856
1481,4728
702,1842
2255,4748
657,115
2077,4690
3146,4907
2944,4910
3650,4894
4451,4776
3232,4944
2700,4766
2133,4971
187,2847
317,4751
2482,4916
4030,4685
3477,4947
2928,4940
2068,4685
3796,4727
2488,4937
4086,4953
3850,2858
437,4955
1822,4820
3736,4250
2661,51
4086,5064
2912,4778
380,2829
3162,4749
3378,4734
2044,4787
453,131
4275,2866
1974,4857
509,2813
1193,4692
1678,133
1119,4818
3373,4921
4165,4909
1609,4759
2574,4774
605,1
1873,21
4258,1849
1123,2854
77,1748
2543,4677
3322,2829
888,11
1456,4912
2626,1843
1580,4742
678,4917
4286,4918
4270,4763
344,2862
774,4674
1363,2765
2202,2768
2439,2781
1638,2767
2150,1808
4213,4888
3095,5063
2646,117
2365,4819
1419,4872
4426,4723
1261,4762
103,4900
72,4734
2240,1734
4081,131
2850,131
3520,4901
2213,2811
819,64
5052,218
2676,145
4425,4793
3359,2794
4096,4727
2241,2786
3845,4926
1433,1788
1699,67
1592,7
4231,4730
3874,4799
4975,1844
222,2812
2051,1737
4319,4888
2985,4735
4160,3881
2434,4952
4317,3877
1453,4789
1593,2825
2976,4769
173,4908
2454,45
345,4901
1853,5001
1173,4737
2564,4687
2515,49
1101,2843
793,4634
388,4972
1061,1818
3381,4799
1438,4997
3471,4669
446,1734
2677,4782
718,4828
1407,61
1415,4896
2295,4817
816,4265
1021,5002
747,2810
3888,1748
992,55
608,2812
3563,1808
1925,4905
3996,4991
892,2814
2366,4931
4844,4986
3300,1733
406,4730
2385,4800
941,4848
172,4915
3167,5004
607,49
3182,53
3658,4860
1008,38
826,53
193,4675
926,4929
1121,4727
3835,4690
4506,4892
279,1847
1920,2823
4807,4882
294,4926
3247,1896
2961,4972
656,4878
4435,2858
1787,4954
379,218
1273,4816
2061,4781
4145,1833
316,3883
2108,80
4581,1731
4484,4817
1926,4995
4151,3
3267,4754
1216,4742
864,4907
4107,4791
2682,2768
4320,4887
3532,4803
3850,4904
4164,4677
2262,4762
73,1847
3928,2809
1417,1808
2289,4824
649,16
159,21
647,4776
3612,4735
3124,1731
4269,4963
1511,65
3413,4737
786,2808
3621,4914
2385,4769
645,4909
3176,4684
2755,2847
3482,1835
364,2814
2258,9
4504,4673
2587,4770
1339,5001
2345,4697
2908,115
2900,4763
2720,4731
290,38
4079,4824
2021,1727
1498,4769
4154,4737
1859,320
3187,4902
5024,2835
3264,4787
4086,2803
4626,4912
4454,4761
640,1808
1220,4761
3148,4747
524,4939
3138,1733
751,2768
326,2671
1517,4778
1085,4731
282,1845
2266,3886
2880,4832
513,1817
3326,4803
385,2832
657,4769
802,4820
3081,4797
3905,2824
941,1725
2057,4786
1689,53
4384,4739
4478,4818
3051,4921
2480,4850
2154,4931
5022,1735
4476,1733
4428,4693
2086,4978
2528,4793
4405,2817
2005,5020
3255,4738
3580,2851
1682,4954
3296,4683
3282,4828
2709,4688
566,4669
4470,2813
1922,2840
2935,4775
3527,2818
86,64
1702,4754
2684,2865
2001,1737
1778,4930
3870,4695
5060,4749
4433,54
2291,1827
2801,5069
1504,4695
2261,2671
5011,4989
1285,6
3012,4997
2644,3924
4609,1838
5083,13
2932,4989
2477,283
2669,113
172,2795
2358,4916
608,4992
2885,319
3288,4818
2570,4913
4496,4962
4136,4735
4200,116
2484,5066
4376,4920
1138,4691
489,4670
542,133
1762,4739
1785,4929
2490,4932
3313,55
2080,4673
2979,4783
3224,4978
515,4800
144,2787
2374,3882
4582,4896
1994,2831
1564,2811
3922,4978
4247,4987
3966,1849
3574,4938
214,2794
3136,1846
4005,2800
546,4690
4426,5066
639,4755
170,70
597,1833
4087,1742
2484,60
1369,2816
1736,5074
4610,4249
2170,4747
4335,4883
2209,4736
1553,2864
1098,4992
4559,2789
514,4849
883,2814
1100,2837
2418,4887
1315,4250
1115,4962
1391,5073
4310,4760
4500,3
645,4848
5010,2809
5062,4747
3493,2865
4189,4266
4027,4787
2583,4739
3177,2864
4874,4731
4160,4613
4081,1740
1131,1845
2247,124
478,4818
678,16
2686,5016
3127,4882
302,4267
2758,4613
3197,2800
1066,4926
1781,4783
3411,1845
4571,4736
2890,2826
4522,2855
1688,4734
4026,1856
1083,2831
1990,2847
1790,4680
2281,5002
3684,4986
3424,4966
3811,4978
4490,283
3562,52
704,1834
2459,5
2279,1896
2297,4797
3261,5000
3847,4993
758,12
1192,4779
680,4832
2966,4879
2963,3886
3575,4873
4300,5
663,4675
2548,4970
2828,4964
3500,1725
1529,1827
4341,2823
2011,285
1115,320
4611,133
2407,4929
4628,4693
2010,4768
4289,2671
3818,4952
615,1733
4595,1827
2723,2835
277,4720
3925,12
1557,4786
2545,1841
2246,4688
158,4966
1485,2827
421,3912
4071,4789
2338,2844
4580,4904
3383,2844
5060,4690
4254,4739
4513,4635
1873,62
2359,40
2462,3924
2474,1740
2072,2862
4981,4741
2907,1726
3112,1862
2018,2808
2732,2817
4120,4957
1578,4753
4257,1836
3353,4914
1359,4799
1802,4876
675,21
4345,65
1478,4920
2473,49
3155,4887
3977,5075
4587,12
664,4735
1871,1836
1070,4913
1383,2796
1793,4877
4238,1849
1486,2776
3781,4755
238,4673
3710,4753
4150,4907
2208,5065
3453,1840
2379,2854
4399,1836
4173,4768
2881,4249
3235,4778
2374,1729
3862,4730
1783,8
2537,2824
571,2829
909,4902
3302,63
1481,4797
4975,4789
468,2825
800,4882
1774,1845
475,4997
4594,4678
3580,4634
2352,4824
4439,4685
1065,51
2336,4918
699,2843
4450,2856
756,4769
3579,4940
3054,1837
3716,4986
2022,2772
3581,2658
2074,11
1315,1850
4106,4669
552,4944
549,2818
4101,1731
2150,3879
1718,4887
3965,40
1408,4718
418,4779
4196,4878
1077,40
2274,4673
4868,13
1111,1844
4186,4734
3057,67
3496,4689
3053,4830
1724,5063
656,4856
1782,2783
3390,2860
2664,4962
2207,3879
2184,4994
2504,66
1104,9
2133,9
4108,4688
4225,3879
2515,4791
3018,1725
3918,3886
4623,4905
4048,4786
4005,2856
4120,4681
1691,4251
3575,4988
1253,4972
1437,4831
171,4828
635,3884
1247,47
962,4266
4706,4727
1548,50
4308,4882
3721,38
434,1844
352,4733
1190,133
2850,4743
970,40
1165,4972
1384,4964
943,5016
2536,4793
3949,56
2521,4831
2579,1818
3297,2779
3976,2816
3280,1851
3659,2849
301,4264
1746,1842
4065,4679
765,4729
3684,4803
868,116
3432,2832
2267,2851
1901,320
2743,4763
456,4762
4933,4265
2537,4936
5072,5000
3059,4248
552,4958
4524,4964
3862,2823
3038,1727
4029,66
3247,133
933,2813
2519,4953
535,4880
20,4697
3947,4734
1587,4253
991,4676
2205,4937
943,2846
2730,2795
3372,2862
2404,3886
449,4676
2143,1818
934,53
4440,1838
1631,4731
3996,4884
3868,4673
451,4968
3801,5077
2308,1856
3512,4265
121,4880
3994,4251
3974,5063
3894,1816
1235,4878
1778,1831
1881,4762
2385,2840
1666,4963
3498,4737
2239,1849
2474,2839
2267,2786
2145,4800
1803,4723
2971,4832
641,131
10,4747
4359,1839
2364,3882
31,4883
2416,4680
2665,1827
4711,4775
3084,5074
3339,4759
3668,1833
813,3880
3701,5004
3596,4694
4326,2789
4020,1808
1082,2671
1203,8
4319,3878
1565,2843
134,2845
2319,1849
3717,2790
1176,38
3197,64
4141,2864
1705,3505
3190,2845
407,1850
3389,1838
143,80
2756,2813
4087,4741
1890,4947
1694,4770
3345,4993
2648,2787
766,4906
2416,2867
934,4751
5043,4971
1180,4947
77,4896
695,51
2388,4250
629,2799
818,4963
3393,1817
4117,318
1944,1742
775,4894
2265,2816
635,4676
3039,56
5048,4791
2679,65
3025,1740
3538,3915
159,4672
4227,2789
3193,4887
3674,4696
1389,12
4146,4739
166,5063
3983,4728
4334,4953
94,34
1176,4782
4090,4872
1214,4266
1173,6
226,3877
3464,4750
3172,4679
427,68
2700,4749
1452,4986
3262,1748
3506,4824
4281,5063
430,4961
3272,8
5022,2858
3004,4987
4486,4685
1691,4997
4646,1740
4448,4693
1534,4800
514,4969
2967,3505
2515,48
2120,1846
644,4913
2368,5074
994,4266
2902,4755
676,13
3425,1733
147,1849
3047,2800
4225,4873
4826,3505
3210,4764
372,1808
4475,4896
3206,41
3437,4952
3382,4685
978,1848
4601,133
1317,4780
3554,4692
2653,12
1542,56
1828,4920
864,3
1107,65
5013,4684
3891,2856
3211,4775
945,1896
119,1861
2125,4908
2251,63
3101,63
3219,5073
1719,4930
4012,4952
4176,4992
2877,4770
3003,4971
1801,4926
2095,4965
4092,1843
1315,4773
2588,5
2402,16
3950,2795
1655,4668
103,3878
896,1816
1437,4789
3052,4900
323,4668
3515,2783
1286,4688
1052,4920
946,4748
1806,2789
2341,4748
4621,2831
2364,2839
2322,4910
4152,58
1897,4848
3345,4931
150,4775
1529,4654
1233,55
3581,1839
394,4790
488,2820
3849,2855
3765,4793
4188,5
1768,4963
496,4773
1767,4739
247,115
850,4770
2252,13
1051,1839
2552,2811
4046,113
3960,4762
2124,4760
4556,4773
1809,21
4550,1847
4721,1817
1169,2864
5067,4697
3577,41
2519,4249
2980,4765
1633,4917
549,4900
767,4733
3006,4910
1482,1862
2226,4913
2180,80
3649,4755
4608,4797
222,4856
4142,145
332,3924
2007,2821
4375,4989
2669,15
248,2831
636,3912
1622,4686
335,2849
3695,4966
1454,2798
1959,4860
527,4723
3355,4803
1974,1845
72,2820
1344,4668
2296,4990
3639,4691
488,3
1939,4720
674,4894
286,3505
1557,132
2136,2829
298,4769
2077,4792
2061,4830
2615,5069
3849,4697
2452,3885
968,4750
2896,4720
3840,4687
1020,80
5027,4887
1336,1851
2777,4678
1627,2867
1351,4786
1863,4888
1721,4249
2962,4816
348,2767
2149,1844
2038,48
1718,40
4398,2849
1767,4785
843,4692
4973,5066
2667,4940
1243,2844
1309,4613
242,2817
741,1727
2542,2847
1644,46
3987,1833
2932,4696
1049,4946
3111,1851
3196,4759
2021,5004
4389,7
1872,3913
106,12
3953,4916
2124,69
1122,4904
4591,63
2363,113
1614,4672
4282,4817
3732,69
1002,66
2310,4819
1092,4903
375,5002
395,4680
322,4776
307,4762
4895,4913
5081,4877
1978,1732
120,4791
1806,4832
2260,2853
3720,4870
1480,4251
4627,1857
1154,4654
829,3886
298,1846
2434,4730
3539,5077
617,1856
2276,4681
1318,38
4322,319
2686,4937
2520,4720
2720,2765
4381,3882
2890,4978
1184,70
825,4736
4354,2774
3597,4978
3045,4891
2571,4824
813,4937
3546,4880
1386,4860
4597,1816
4518,4979
430,4892
3957,4729
787,2847
927,4774
2229,2816
2627,4673
486,1727
2518,2671
4899,4683
2114,3882
884,3914
2594,34
3370,2839
514,2853
1386,1846
4059,4675
2251,1843
3659,4787
3690,8
1085,124
4445,4691
2638,4755
1580,5018
1559,2838
718,4760
1755,2800
222,4907
153,4896
2943,2838
3308,2800
4083,4909
1102,4264
3311,113
5037,4939
4467,1833
1679,4824
387,4739
3253,4672
3654,3615
1741,4986
4859,2829
1764,4730
4223,2786
1864,4988
3432,69
726,4768
2143,2794
1407,4673
3834,4687
2683,1847
3182,113
678,4978
1655,4848
3753,2837
88,1851
445,4682
4713,9
4875,1846
322,4909
4483,4828
2072,4855
2296,4907
204,4988
3497,1740
4352,2839
4840,132
3735,4830
488,4792
2375,4800
5040,5065
805,4780
2680,4965
1962,1849
888,4996
1148,5000
1153,1733
1294,4673
3588,4908
920,2808
1242,4772
4703,4855
1534,4670
855,4961
563,4963
1440,4816
5039,4954
5028,1856
3544,4969
1457,4968
1309,5063
3593,4847
3427,4673
2584,4901
403,1851
1006,4909
1765,4728
4127,4877
44,4766
2505,49
3253,4784
3697,4940
352,66
1054,13
4197,3880
3814,4910
2943,1788
2731,4778
630,4888
2935,4746
3200,4921
777,4930
2923,4873
871,4935
1602,2849
1668,4749
107,4634
731,4682
118,1734
2582,65
3480,1835
2467,218
3665,2811
1496,4938
3478,4916
3719,4750
2684,145
2541,4781
1697,4955
4366,4888
2503,7
2685,3883
3857,2658
3176,41
1161,3505
1046,4765
4056,2849
3789,41
666,4972
3009,4831
3218,4695
964,1834
4756,4940
3728,133
3109,4831
4203,63
3481,5016
3576,4965
4615,2776
610,4993
3140,4784
4826,4831
803,1727
4628,1856
3359,2818
1505,2845
3337,2835
877,4938
4192,5064
3191,1733
2077,4861
975,4770
543,2825
2703,4884
441,2789
1093,4965
2958,4819
561,4733
1828,4773
428,4780
2871,4674
746,1848
271,4907
232,1726
949,2783
3743,4987
3182,4803
325,65
1943,5075
2515,9
3816,4728
4802,5020
257,4684
3100,4894
5044,4929
2022,2773
959,5018
4648,4735
3327,2833
1595,4720
1468,3924
4066,69
3417,4963
2160,2835
4609,4671
2906,4783
904,3886
2937,145
3190,4955
4560,4771
664,4784
3686,3615
4195,2772
1108,4267
1180,4936
3939,318
632,4686
3292,4993
1983,55
1087,66
216,4972
3570,3882
1947,4992
981,115
2031,283
2280,4792
98,4723
4203,4676
165,70
1577,4770
1151,4755
2084,4847
4756,64
1034,4920
4297,1725
790,4900
2627,4988
2276,4748
5046,2856
3045,4687
2443,4728
3071,4938
4094,1734
2469,4991
2033,1856
834,4990
3470,2829
748,4760
3570,4752
3070,1727
308,4742
3387,2795
4308,4883
531,1847
1000,2789
3199,4992
796,4696
3101,283
963,4911
3657,13
642,2854
3667,4873
3535,4951
2662,3913
1317,4266
2374,4978
458,4880
1632,115
2381,4911
3236,4763
1678,4774
4611,4680
249,4750
3922,4937
534,2795
4429,4873
2377,3878
3219,1835
298,4872
192,4800
559,4696
4452,1737
1451,3912
158,4931
3284,4862
1981,4896
775,4613
4313,5070
4582,2829
2605,1843
3360,2820
4044,4939
3119,2853
415,4671
4165,1725
3410,3914
2415,4972
3538,4887
864,4800
4001,4675
3931,4884
3473,4956
3332,1832
3921,4747
2672,4904
1705,4860
2414,4987
769,4723
1773,1725
461,4937
2078,4952
4424,4730
71,1833
1528,62
297,64
220,2865
3263,4946
3450,4919
1290,4784
4709,2854
4452,13
374,4772
1679,2812
2870,4265
1080,4761
4895,2839
5045,48
1797,4896
3163,2794
2687,1726
2588,4935
3689,2840
3325,4634
3680,4727
3736,3924
633,4732
4700,4248
208,4689
815,4763
3970,2788
2045,2823
4867,1857
2133,4969
2424,4963
463,4861
4552,4872
4436,2822
3104,63
2979,4966
826,2867
2694,4944
2727,4904
3652,2848
2461,48
57,4861
2177,2773
2523,1729
1917,4946
1555,4742
3201,4887
1235,2864
5046,4891
1451,3881
4499,4676
4163,2827
3018,4947
1427,4965
1138,4986
2303,2764
5008,5077
2907,4681
323,4878
3211,5066
3095,2821
2568,4952
1417,4815
4517,11
2956,4903
177,1835
673,2864
1984,50
1977,4940
3255,4936
1505,2789
2169,283
4051,4249
2052,4790
1552,4723
3824,4248
2459,4828
4259,4824
2527,70
4143,2818
3050,7
1069,4772
1639,4742
1208,69
3487,4815
3896,4730
615,4755
276,2823
1760,4266
3685,4955
1491,1856
1329,45
3745,4971
1405,1818
1797,2824
1327,4749
1416,1837
905,4769
1037,1817
3685,4780
1997,4858
913,4958
32,2764
837,2867
3200,4773
2756,4739
2499,4765
1123,48
3309,1727
1889,4734
1796,4916
20,2843
3351,4889
2771,4850
883,5074
1251,4876
2676,2764
59,4750
2494,4771
3072,4889
4386,4264
1777,4897
1981,2795
3729,2786
3390,4764
803,4946
3944,4862
3635,4940
4642,4908
3698,285
4844,4784
2437,4673
2883,4753
3678,4882
1203,4971
2406,4901
4456,2767
963,4760
197,4938
4246,4727
26,84
3257,2808
631,4770
790,1742
2061,5019
2687,4817
3669,4971
4721,58
4179,4896
2797,1844
4124,4889
1934,4918
1288,1827
5061,2820
1775,4887
2295,11
3299,5002
3948,1831
1507,4734
1893,4915
2137,2779
2433,6
3510,4872
371,2784
2732,4675
1637,4264
4577,1816
3109,2858
1325,4674
2689,4909
4286,2824
344,4900
5023,1841
3558,4930
4219,4862
2230,6
3561,3884
3493,4872
2087,4800
4471,4970
3595,2853
1083,1839
459,4991
4420,4772
1497,2790
686,4909
4028,4776
4160,2832
3584,4905
2730,2816
3433,4741
1915,4265
2922,4988
3680,4738
2172,4920
512,5077
4060,48
671,1843
2113,4849
1617,1855
1662,4267
3732,4906
2098,4870
4040,60
2940,12
2634,9
3906,2865
1415,4995
3017,2811
2959,2808
2027,2821
1024,4953
3296,4654
2180,2671
3568,4777
2288,4253
1022,4264
2600,2772
292,4250
4521,2800
2464,6
3343,4679
1036,4683
562,4831
1710,1844
4809,2803
2951,285
3830,4896
819,4894
1656,3881
1016,1842
849,4828
3066,4992
2592,2867
3720,5002
835,4990
3906,5069
3431,2814
197,4847
4127,4820
3682,1727
3293,4997
519,3881
4028,4696
2379,1831
2113,3
1604,2857
2307,4749
439,4968
3380,4992
498,4730
808,318
4531,4847
882,285
400,2799
695,5069
1619,4769
1950,5069
1615,12
1958,1737
838,4966
4522,4749
1654,4250
1561,3884
4543,4954
3395,4670
3489,4773
537,4908
1789,4674
1029,320
1311,4697
222,2782
4869,4919
2036,4686
3626,34
1243,218
2791,4672
2585,1726
4447,114
4740,2824
1955,4832
245,4737
2111,4936
3980,1735
620,5075
937,4766
3233,4743
548,21
3478,1788
4161,62
4299,4691
3141,2788
3246,4735
2778,84
4657,4860
2144,4730
1904,132
2953,4776
405,4829
2575,4266
1613,4902
4279,4820
3241,4682
1199,2795
2339,4786
1708,4862
3837,4249
4350,1817
2296,4266
246,4249
891,4820
4288,2810
1489,2823
3868,4746
2304,5070
3283,5073
3564,4850
3090,4797
4794,4734
905,4734
2156,4894
3535,4686
1196,2844
2459,9
3580,4882
4721,3881
1204,4675
754,1730
2595,4877
3271,4751
3509,4731
4255,1808
2700,1734
4540,2857
433,2847
3446,4755
1743,4906
1785,4935
3689,4969
3059,4751
3386,3915
2902,4989
1627,4958
2096,4921
4021,2865
1025,4779
2145,2785
4099,4654
4018,4909
617,2831
3197,4734
1182,4820
2792,4737
3415,2845
90,4773
1586,2845
3966,1855
3285,2794
2731,4654
822,4754
735,4916
4041,4965
1978,45
2340,65
2987,16
2256,38
232,4718
43,1860
3765,2837
2060,64
3286,4785
189,4683
528,2812
1667,4905
4115,4684
3151,5074
1987,70
2092,2781
3488,4929
5031,2851
1680,4747
1108,2774
4336,4900
2539,4770
4104,4800
3806,55
1639,4729
4057,4935
3070,11
4575,1846
2630,2818
1237,3915
293,124
3465,2803
4487,3880
4130,113
796,69
2489,4765
664,4723
3325,4850
1657,56
3738,4886
4814,4679
4658,4742
2516,1862
3084,4779
1597,2808
4204,4906
2495,4830
426,4669
706,4676
4385,2772
3993,4988
1898,3881
777,1837
965,5065
1516,1838
2033,1844
2277,4856
2246,4788
1541,4815
1760,1737
4067,2855
1448,2843
3430,4879
1458,2785
2233,42
2008,4681
707,4783
515,34
1276,4932
3285,58
791,145
1319,5004
3484,2839
4923,6
1802,4697
1524,4907
3325,4918
2697,5020
2012,4685
865,42
1546,2781
3173,4951
1394,4958
178,2817
2318,284
781,3884
210,2765
3656,4718
3154,4634
3509,62
2467,3615
129,4678
1944,2765
5005,5064
4006,4730
3518,2790
3923,4882
1168,5
2636,2849
1353,15
4716,4730
1645,4996
4617,1896
2597,5075
726,4787
1579,4951
2074,3912
472,4792
1213,4856
1035,4690
2512,4856
4401,4688
1871,1838
1573,4739
3827,4789
3093,4911
3118,1834
4052,2838
951,4892
3600,4830
4286,4681
2802,2843
4981,67
3987,4952
1641,1840
165,1839
1345,2835
3998,2853
4473,3924
221,4752
3012,1856
477,4870
4843,4775
1917,4828
2570,4770
4626,4759
1555,2856
1637,1862
960,114
4053,4936
2536,116
228,16
3763,4654
379,132
3787,4718
2995,4685
1906,1833
2261,4753
1341,132
2611,2785
1131,4911
3500,2774
3199,4962
2120,4891
2597,113
4268,4687
1451,4817
1271,4970
1380,4691
4493,4718
794,4992
2256,1896
4134,4831
1340,1846
5032,4831
3905,4751
509,2774
470,4676
1512,51
4161,4870
109,4829
3989,4685
2388,4731
3287,2866
3668,5018
2436,4914
18,7
3717,4847
2390,5074
3498,4987
3250,6
2639,1725
821,4678
305,2829
2118,1836
5012,68
1328,4679
836,3883
2578,5069
2438,2825
3958,4694
4840,2817
1472,1843
2089,3880
1246,4770
2566,3882
3330,1
2074,4937
1942,50
728,2765
264,4786
2351,4946
3131,5000
4316,1861
3175,4878
521,4955
2240,4832
2366,5018
2060,4954
2571,60
1372,4681
4520,4778
2931,4773
4506,2783
3916,50
3021,4668
4086,1734
4110,4788
3585,319
3532,4693
3812,4765
3264,5019
2232,4904
515,4908
4982,4889
1702,38
2526,4995
1192,1835
2905,4679
376,4249
1566,2783
2250,4788
139,2790
2369,4831
2588,1733
4719,4763
1146,2671
1721,4926
485,4912
2673,4988
703,132
2166,1851
572,4265
954,4828
3029,4734
4667,4817
4154,4996
697,2837
1566,4966
4426,3880
701,4988
1648,2854
984,1725
1573,4677
1589,4751
1108,2808
1213,1726
2189,4857
547,4993
4000,4780
1874,4903
3458,45
2584,2776
4180,4732
4550,2839
2411,2798
387,4733
4825,4929
2409,4248
1779,4971
1583,2843
2556,318
161,1818
2635,2783
3448,1732
4960,4748
1579,4800
4608,70
1484,2866
1751,1838
91,4766
232,145
4424,2843
2757,4919
2601,1734
1797,66
359,4910
4297,34
173,2810
2651,4912
3839,2774
2725,4847
3485,2787
3339,2671
2526,2820
3147,114
4949,4749
172,1846
5003,4819
1973,4250
3486,2831
2265,4996
1113,4766
1633,4685
1543,4934
4101,4743
736,4690
2508,4773
1878,4964
1065,1808
367,4902
3692,4997
3453,4877
2127,115
1829,4929
398,4828
3096,8
337,2857
1714,4684
4809,3912
4540,1737
2902,1840
2440,116
1326,38
4439,67
2919,68
275,4908
1313,2823
866,4815
1487,1733
4274,2814
2208,4776
3241,5004
3149,4907
1423,4762
1164,2856
2433,11
2159,5069
3065,2838
1139,4905
4481,2764
2868,3
915,3913
4495,4906
1149,4790
293,52
3570,5075
4898,67
213,5002
1707,4878
1464,2785
2469,4993
2119,8
281,3882
4314,4248
1194,8
4171,4747
200,2860
2574,68
3068,2837
1511,3877
2991,4861
610,66
3830,4737
3802,2822
1083,4764
163,4910
1414,4755
2912,2774
4542,4940
1762,1862
4110,4752
2276,2803
795,4251
888,3879
4641,13
3614,4989
3020,5075
3814,2818
4101,2799
4314,2833
858,145
143,51
4053,12
4404,4783
2977,4992
4632,4682
3713,3883
4810,2851
3572,4695
1562,4693
5046,2779
2488,16
5044,4916
2566,1827
3715,284
1774,1731
4837,285
3652,11
392,4772
444,4965
2393,4989
4160,4654
1179,4946
178,3886
641,2832
3586,4788
27,2790
2802,218
2659,319
5028,4876
3936,4816
3476,5001
1070,53
1967,2781
868,2841
3876,1730
287,4734
4802,3877
233,2822
4142,4829
621,1
314,2779
3331,4749
3528,4860
3208,4906
1650,80
3873,4741
4452,4762
1167,3912
2405,4917
3825,4748
1987,5065
2049,70
22,4681
2047,2818
3228,2790
3081,4903
4628,45
501,52
2802,2851
1387,2827
773,4880
2668,3885
4277,4759
2132,2846
1597,4908
2876,4673
4340,2790
4413,4994
453,4858
2383,4723
3932,68
482,1832
1569,4251
2722,4951
1018,4734
3058,5001
3490,66
843,4696
4450,2798
1587,4693
153,4938
2226,5069
3306,2814
442,2773
1000,4738
886,1846
4655,4832
2472,4266
642,4788
1738,2671
2059,4730
1147,4817
3449,116
923,4958
4638,2788
3668,5074
334,8
2693,4771
3232,4801
4315,61
2265,3915
2515,4883
998,2781
4923,5074
86,4815
2449,4926
1560,4954
1519,4961
3055,4892
3153,4734
2622,4892
3323,4849
1911,4736
1887,4889
3785,3884
980,4987
2150,1843
838,2866
755,4934
1532,2845
3403,3615
1436,5065
3452,2838
2738,2864
5015,4654
267,4673
823,4993
2762,2812
4042,5001
5082,4786
4082,4759
3897,2800
3741,4830
1295,1731
4433,4896
796,1833
1545,1788
1928,40
520,2813
3791,4850
3335,1834
214,4934
714,1727
2721,4995
3061,54
1819,1848
239,2848
239,4779
1209,1844
2591,2816
988,3877
2038,2787
4575,2856
3485,4978
2312,4951
1694,4750
741,4966
2850,4894
3756,4998
3840,113
3270,116
760,3
3492,54
2106,2833
451,218
2565,34
1998,4944
731,4878
1230,4787
2753,4781
75,1847
856,4931
1177,1851
2636,4971
4619,2798
5049,3
4487,4951
913,2833
2350,4668
3222,1849
2173,4872
1746,4676
1793,1860
1948,4872
148,4253
5014,68
2315,4693
2002,50
1646,4750
2121,4870
3764,4780
3450,4686
3902,47
2250,113
4427,1733
1037,4728
3599,1827
4074,70
484,4849
3379,46
1678,38
162,4855
3539,4770
937,4990
3241,49
4844,4747
3616,1855
3443,13
3641,4916
450,66
4923,4771
1167,4913
1392,4689
3171,4696
348,3877
3643,1728
4658,4931
1667,320
3468,4743
1652,1844
2975,2862
553,2864
1993,3884
4438,4926
811,2855
2194,4940
2593,218
2084,2799
1168,8
4145,4990
589,4900
4054,4752
4245,318
920,4761
632,4771
155,4267
3798,2844
1121,4800
3405,4681
658,4926
3599,2853
903,8
2735,4731
5043,5074
1184,5077
3271,4847
4875,1832
4713,2851
2301,55
2059,5077
1436,4909
3920,4909
2656,2779
4999,3886
822,2776
2597,3915
3940,133
5007,4693
263,4857
2121,4912
3575,2848
3800,4951
2962,3615
3710,4676
2236,4762
2560,4919
1331,4862
3753,4986
1285,1737
2116,4733
1858,285
2071,115
1625,62
2165,1848
3226,4762
2769,4938
4620,4909
1499,4916
3298,1834
4238,4870
2941,4737
2941,3883
1513,4720
3332,4728
850,319
4563,4747
1416,4762
2275,4856
1315,2767
1458,4908
2627,3885
1968,3913
1317,4753
149,1847
2679,4739
527,6
955,4817
2646,4680
4112,4986
688,4921
3715,1841
1140,2833
2229,4685
747,4684
3332,4766
399,4780
1181,5
3364,1737
259,4771
26,4954
4798,1838
563,2832
834,4680
4512,4921
3241,4918
917,61
1688,4687
3941,4761
2528,2827
3157,4799
1707,1848
2321,1808
2173,2671
1681,2831
156,4613
2557,4828
1653,4890
816,63
2678,4685
3974,2790
2477,4762
3588,4749
2227,4930
4273,131
1596,4686
17,4684
2459,133
2680,2796
3989,1735
531,1835
4009,3879
3272,4697
4837,4785
3508,319
4303,4675
1763,2795
2627,4671
2922,4789
2204,4884
3062,4964
482,4761
2229,4876
2438,1818
4373,2808
165,4937
2597,2853
1971,4947
4156,1726
3613,285
321,2764
1186,5074
3749,2827
1094,4267
2673,4929
2662,2837
2899,1733
3709,4769
3031,3884
4413,68
4368,4920
3722,4937
2303,4737
1202,45
4837,2821
1665,1849
217,115
2901,4759
4164,2779
3828,4733
3444,4934
841,4785
3413,4678
5024,4873
540,4902
2575,4876
4167,4692
3751,4995
2639,1837
3390,4917
3264,2776
383,4720
246,5065
3990,4936
5030,4781
2173,4941
198,4972
333,9
1577,1734
2173,16
1191,2818
39,4771
2095,4909
812,4961
370,2764
2726,4668
3859,68
4139,4931
2714,5001
2531,1748
1010,4816
4472,4739
3091,2796
4933,4634
3787,4750
3365,4955
4552,4892
404,2821
2429,4613
1705,4940
4502,4862
5055,2794
3928,4734
2191,4954
2346,4862
2158,3914
2733,4994
1947,4692
3861,2779
751,4251
378,1856
1206,4720
4088,4771
1544,4979
770,4963
2662,4909
111,4265
1907,42
1753,4886
4159,1729
3592,4953
461,1836
4535,4613
2163,4774
5072,2820
3141,4753
1294,2866
3829,2781
1936,4695
2651,4720
3189,4938
4430,4718
3134,4947
5049,3882
2652,2866
2723,4930
4487,1728
2707,4787
3852,2829
1010,2840
3354,4768
4269,4762
181,4989
1034,4953
2657,2767
821,2782
3772,2786
2249,4952
4102,4751
4397,2837
400,4849
2384,4998
3861,1844
4811,2827
3313,4906
4150,4763
211,4250
4559,67
1307,3884
164,2798
1705,5020
2522,2856
3809,8
2948,4940
2692,2774
1019,2824
3555,58
502,4832
3181,2816
4589,4992
2522,4946
4427,5063
4085,4729
2049,4674
2292,4739
1749,4763
743,2779
2250,38
3863,4916
618,4696
4821,3914
4484,4857
3306,1857
2132,70
751,4265
4711,4913
3550,114
358,218
4745,12
1765,1727
4462,4970
4482,4988
3216,1732
2269,4947
1409,4634
1317,2764
137,67
972,4889
619,67
3715,4671
750,1
3418,4773
3491,4860
1854,1861
4325,4670
851,1896
1906,320
1605,4964
2477,4930
4403,4956
1465,1808
335,4729
2714,58
1505,2811
2414,5016
608,4748
2031,2812
3510,1732
4480,11
5079,4992
3669,1733
4186,4689
2942,2814
1203,4778
3484,1831
3429,284
2510,8
717,1748
4412,4824
112,4682
4837,1808
4041,4847
2326,5016
120,4752
1954,4683
889,4793
2807,9
2135,4905
2889,4791
1938,4954
3939,4831
1670,4857
3745,4969
3317,4831
1501,2851
1710,4803
2276,4770
2288,13
1157,131
1405,5020
3434,62
3929,2820
3044,4783
59,4883
2148,5070
740,4816
4462,4634
1159,48
3709,4996
3686,2833
4975,1840
1793,2776
3986,4685
2878,1728
3701,5019
1561,5074
1642,7
1509,12
768,2764
1623,4675
170,124
239,2831
175,2843
4657,4677
619,49
773,4688
777,4879
3456,4947
4650,4947
333,2821
1870,5004
2568,4936
873,1726
4310,4966
4806,4891
1823,4889
4140,60
837,1847
649,4819
642,2781
25,11
784,2794
2179,4918
2443,1896
498,4964
1606,4672
228,4912
4170,4921
3367,4755
689,4788
3523,3913
4469,2783
1457,1827
1135,4797
966,4918
3935,4817
3118,2799
4294,54
3957,114
1878,4800
1290,4803
2578,4896
3954,5069
735,8
1255,2799
4446,5077
3704,4828
2929,4732
1597,4681
4600,5018
3481,2860
2834,113
2791,4889
2481,2847
1696,4785
2236,4995
3037,2784
2405,2784
2230,4732
1021,4697
2211,4634
513,4894
1483,4972
2144,5020
4322,1725
759,4266
3052,4903
2674,4251
787,2820
4011,4668
4927,4858
467,1816
1800,4830
4072,2826
2219,4801
4142,4911
4621,4914
623,51
5079,2854
4207,4944
2691,4878
3675,2816
736,4736
4070,4775
3927,4906
3144,4929
1113,2853
1193,67
388,2811
1812,4939
1296,4929
3693,6
2290,2864
824,4952
3942,4674
3823,285
3551,2818
2733,4969
3527,2824
1644,2831
975,2774
3943,1838
873,4763
3735,4965
1358,4947
1599,4787
2732,4877
1919,1861
416,1831
3293,3915
1902,2779
2256,1728
2470,34
3082,4768
1424,1837
2517,13
2292,4955
2995,5075
2560,4762
3225,4248
2488,4773
3782,113
3113,4787
3720,4891
2557,4901
92,4965
3826,1731
2656,15
421,4907
3370,49
2103,284
4811,2853
5042,1733
4232,4861
3969,4672
544,4738
541,4944
4116,4784
358,4882
1266,4963
2022,1896
4339,4947
3012,2833
1162,4723
3463,68
3509,4873
2944,4747
3774,4785
3282,4681
3147,15
736,4766
94,4914
1676,4892
4356,2817
2025,4908
1457,3880
2097,2822
4757,4992
1223,4730
2167,284
718,2820
107,4770
3709,4746
1150,2827
479,4877
206,4815
1681,4931
4549,4768
247,4908
3222,4906
4555,4793
3242,2847
2021,5001
3451,4695
2610,2767
1087,2833
1801,4733
2695,4784
799,55
3993,2818
1402,4880
4224,4771
4514,4677
1134,4776
3036,4965
1898,319
4622,2833
1932,1839
1221,42
3138,4668
4344,4829
3964,4720
1820,4944
4008,2795
1490,2833
4631,4905
673,4882
1504,1862
359,2826
2405,4904
0,65
510,1740
4355,4739
1254,61
2993,1788
3550,4885
1304,4774
1981,4788
2121,2851
3609,1734
3555,4749
1104,5000
1696,4684
2608,4989
1799,1855
4366,2784
3429,2811
4599,1837
2807,4914
4745,2823
3005,4934
991,2825
3330,5064
1398,113
3799,4777
4158,4939
1043,2840
2516,285
2662,4884
3236,4803
1297,2860
528,2671
2668,4938
3957,4760
1333,1849
3853,4684
355,1836
3395,4940
898,4764
4659,4947
2128,4746
1884,2839
2158,4731
3866,5064
3540,2855
3596,4991
2253,5074
3092,6
1194,4788
3462,2774
496,4691
2006,4799
23,4920
852,4891
3805,4890
4472,3880
3443,4668
884,12
1388,1728
3488,4786
462,4780
3626,4789
3430,1817
2619,4971
103,4746
1466,2835
1400,4777
1100,53
3645,2844
2059,4935
857,4773
4807,1862
2486,4689
1373,4831
1572,49
2123,4905
4840,4671
1063,1726
4846,4751
989,1731
2780,4685
2734,2798
3261,4996
3980,2844
2877,2767
3390,4728
761,284
4394,4265
1599,4971
2249,1748
974,2820
544,4782
4612,4785
4208,4829
1961,5065
3706,5064
5017,2784
4194,4992
1337,4941
2740,1862
568,2839
4188,2784
3906,3885
3618,4749
460,4791
5044,4815
738,4879
2605,320
1325,1847
457,2798
3635,4742
2551,1788
2093,4729
2602,1734
4335,2784
4217,1735
1516,4690
1656,2829
972,2782
4925,2851
1358,4878
2709,2823
1812,68
421,4797
4646,2800
1455,4954
3048,4921
3420,4946
4611,4879
1921,4739
2514,2851
1380,70
2949,2800
298,2782
880,1861
841,4917
491,4905
2669,1733
4556,1733
3351,131
1309,4759
1186,4771
483,4668
2493,1839
270,4674
1255,61
703,320
4949,4889
2871,62
810,4926
4243,2867
812,4686
475,47
1370,4829
4391,4909
3661,1839
897,2779
3932,1737
1378,4791
1779,2840
1052,4654
2409,3615
2476,4957
467,4993
1779,4926
2985,4986
3944,2658
3605,4769
619,2783
3827,4900
3753,4681
2176,4849
365,3505
2069,2820
2183,318
1640,2781
1176,4855
2644,4677
3270,4753
1757,2768
1712,1841
796,4677
1533,4892
3645,4828
666,283
4616,4770
2899,2856
2618,4987
2308,4932
882,4731
3660,4248
4384,4785
4187,4849
934,1730
3660,1840
1518,5001
1318,4689
2986,4803
3133,6
2257,4997
1309,4679
2269,7
3456,4986
4465,4672
4499,5018
911,4896
1123,4907
4710,1817
1399,4654
1569,4915
1804,4900
1949,4759
1216,67
2140,4940
1779,4673
3446,2848
1535,2812
4398,4682
1413,4682
4942,16
3232,1843
4527,2814
805,2835
1198,70
1054,284
1434,1861
1980,3924
3052,318
4097,1833
3641,4770
2972,4877
4167,4695
2533,5064
2217,1831
324,4777
2375,2810
4230,4934
1555,4248
800,4678
4435,3884
3435,1838
72,4679
92,4909
4618,4954
1183,52
3491,1860
4324,2824
4597,4951
327,5069
3910,4896
2082,65
608,319
1161,2835
700,2809
538,1740
1995,42
2164,1730
2579,5018
1386,4688
3490,42
2986,4789
3120,5019
3811,60
2192,21
3696,4730
1108,4680
3291,4904
3425,1725
119,4870
4807,2838
499,4832
4384,4926
4169,4723
1783,1848
4725,4686
4065,4788
18,3885
5038,4938
4344,5064
1353,4998
3469,54
2623,5001
2568,1833
236,1733
1639,4668
1543,2795
300,1834
1272,4694
1081,67
3697,3877
649,1857
5056,4911
2585,4964
4467,4752
4302,4819
255,4723
1929,4694
3226,63
613,4953
4078,4955
2553,4910
2278,2808
4134,4920
5056,1857
3966,4748
4716,4847
2502,1842
4218,320
3174,2794
1247,3505
1489,4693
1032,70
727,4870
4479,4693
1372,4697
4306,4800
2048,47
3416,5020
4127,2798
3917,4879
696,4995
1360,4693
806,4791
4386,1730
1544,2844
1493,2860
5007,2811
1162,69
2159,4728
1020,2781
787,4688
2108,4253
4153,3878
4309,4765
1666,3915
703,5018
4355,1726
380,4832
3143,145
4258,4848
1224,4759
2815,5074
291,2848
2488,4635
2053,4248
3874,4970
1324,1835
3333,4892
3302,4718
2868,13
1114,15
927,3878
1878,4791
3548,4989
3803,2799
4494,4761
466,4635
1717,1725
198,4926
698,4965
3907,4905
3433,4734
591,4996
4058,4743
421,4918
944,4696
887,4696
3402,4886
4514,4878
2659,1733
556,117
4375,2867
4103,4911
2255,4761
3552,46
334,4978
3647,1839
3701,2781
2426,4770
4231,2814
1266,4988
4653,4904
1042,1855
4412,2855
3008,4803
2386,4779
2387,4862
29,2768
4039,2772
682,1832
3248,1808
802,4668
825,3615
4160,3886
3304,4747
4053,4988
2037,4887
1401,4743
4440,3885
3625,2865
231,4939
1024,124
3585,4675
1972,4824
2242,2783
3106,2866
4298,4941
4428,4876
2603,4931
2050,4929
3392,3505
4178,4912
4744,114
2350,5077
2122,1857
3023,5
2169,2774
3833,5001
4450,4775
3977,4877
4560,4720
2705,1734
2309,5002
1713,4774
4305,11
959,4751
2483,4248
4340,4988
4530,6
2999,2671
1337,2658
463,2803
100,1845
422,4250
1257,4889
2389,4696
870,4677
3984,1831
1315,4824
4317,4902
3219,48
4160,5070
2894,4676
3416,4954
4716,4819
1075,4613
2213,115
2328,13
2684,2798
3803,318
3545,34
456,4987
3737,1846
2608,4946
2770,4929
4496,4746
613,2827
3319,2774
3260,4855
1483,4860
3351,4904
2536,63
700,4789
1923,3912
1132,4253
866,2671
3599,115
2043,3615
1276,4909
1621,145
569,4905
3577,4779
4714,4830
1172,67
4238,4958
4199,5018
904,4897
2243,4778
1243,4793
2162,56
2516,4770
4610,1729
1778,4858
3187,4849
1016,131
506,2821
879,4870
630,4902
4349,4964
1279,4906
2943,4778
4203,2832
1175,2835
3906,4902
2378,4894
1560,2823
3597,4792
5022,4771
4268,4768
385,4763
4511,4880
3020,6
1081,1740
1199,5002
3375,1788
844,114
2619,5073
3042,2838
2659,2844
4450,4793
3758,4910
4354,4908
2749,4889
4145,4944
4379,4956
5033,6
3290,4847
1606,4787
1829,4677
892,4720
3462,4764
4557,2789
2583,1748
3001,1728
2134,3913
4758,4998
1154,4696
1474,1861
3904,4931
4149,45
241,4850
2570,4872
1766,4996
721,4776
4304,2854
243,4870
3529,4994
1261,4729
2815,4773
3632,4989
3124,65
1981,4769
195,2783
22,5064
2339,1725
3336,113
2551,4909
3569,4654
43,2835
3290,2764
2522,4921
4826,114
3155,4671
1373,5020
3575,5073
2371,2816
1258,2832
5067,5020
2154,4940
2623,1850
1368,4250
2392,4729
136,4991
4193,4677
345,5019
472,4877
3869,4738
3676,1742
893,2840
1088,4830
544,2851
1307,4988
335,4876
3444,4728
3184,9
3861,65
396,4736
3446,5073
4289,4750
730,41
3009,4900
4459,4672
426,4248
688,4736
446,4752
473,1748
1097,4900
3156,2789
3173,4737
388,63
4541,2851
1407,2784
3120,4914
392,58
4558,4936
1295,3884
4166,4681
3987,4850
1515,5064
2469,2764
3996,4905
2972,1833
3115,2845
3550,2774
998,2765
3145,4676
136,4817
2643,1856
903,2774
3223,4696
3672,2794
3181,320
4575,4929
343,4978
808,4782
4196,4679
4037,4799
4397,4930
4717,4941
1461,320
1595,2776
4095,4947
1936,2658
2077,1835
4392,4873
91,3914
4344,4685
1974,1896
3934,319
2196,2803
2117,1728
2347,4847
4403,4778
691,2785
921,4930
4204,4919
1275,2781
2114,2768
1713,3880
971,4958
2328,4998
3741,1834
4128,5069
3072,4935
4809,4732
3619,4635
2319,1740
4238,4747
2226,4749
3809,4696
176,4906
4480,4250
537,2853
1616,2845
3100,4918
2438,4931
2592,4913
4350,3615
4333,4669
5082,2800
1474,283
3965,2810
1523,4990
3440,145
2704,2789
396,283
1258,3914
3345,3914
144,5020
2699,1856
5058,4896
850,218
823,4693
2622,4828
3477,1841
185,1827
4295,4776
2770,1835
4105,1836
1053,70
1291,1735
4984,4755
855,4755
445,61
2316,1851
1604,5075
3367,4772
726,4772
1490,1737
4351,116
1597,3886
2727,2774
967,1725
4465,283
3407,58
4151,4912
5040,4990
3448,4752
1396,4830
3569,2837
1755,3882
1765,2843
590,2825
2649,67
867,4249
2706,2764
3724,4678
3853,4763
627,4921
2042,4676
389,4897
3774,4690
3825,2798
596,58
971,4778
2743,2821
3874,4691
710,70
1239,4936
2508,38
2325,2782
2986,2808
4716,1860
399,5000
686,47
1876,5064
1943,1851
3460,1748
192,4887
1312,4860
3153,4776
4399,13
87,4778
3246,4766
2234,4759
1010,4888
919,4776
3862,2799
1075,4910
2640,60
4368,4955
1164,2833
3301,2811
1414,4879
1624,4905
367,4684
2119,1742
3112,4760
1020,1855
2049,4954
2218,2867
3691,4995
1620,4267
1885,54
4122,132
4058,6
4031,4970
3850,4777
983,2809
138,5
2173,2782
3898,4797
1215,2798
2561,5070
927,4849
188,117
1640,2782
1138,4720
247,2854
1057,3915
4117,1740
300,4937
1042,4970
2012,4920
2598,4772
3398,1737
1645,34
1887,3913
3772,1840
2268,2826
2077,4970
1496,4751
1341,1835
1760,4678
478,2865
2945,4819
3204,4730
2400,3882
4501,4880
2544,3924
716,4765
2470,4763
1534,4799
3257,2774
3394,1725
4299,4753
4320,4820
402,2799
4206,2822
846,4955
2677,42
4446,4819
1307,319
3721,4760
1767,2781
5050,15
1094,4669
4311,2838
1960,4917
3874,2849
1638,4803
1463,2837
5052,1856
1296,2809
3509,4748
1755,4738
4473,9
2387,1726
1063,4803
2964,4887
3742,4879
1142,4877
179,1840
1664,2862
3971,4692
915,1742
1278,4886
577,2799
3320,4952
3941,4634
3971,285
3140,4770
269,117
2955,2794
1317,4991
1889,4694
4283,4251
2357,4879
2434,4831
1720,38
3584,4979
1212,4906
1107,4954
4270,5074
1897,5020
2012,60
4592,1729
3302,34
2925,4946
1915,3883
4851,4940
4394,4727
92,4684
4494,66
4504,2858
1911,4889
4644,4828
4326,1831
4114,5004
1771,2856
1895,1848
713,5001
3172,4750
1942,4752
2669,2844
1166,4750
2933,49
3666,4776
4842,61
1172,4785
4623,80
735,2849
1564,5074
266,1832
264,1848
1664,2671
548,40
2753,1840
1907,4613
1691,2800
3694,1729
3838,4912
779,4876
3657,1817
1273,3882
903,1827
2219,2865
4092,2814
4315,117
4298,7
1704,54
4351,5073
564,4679
4515,4873
2747,4901
1154,2808
2309,4791
4136,69
2326,4991
1150,4961
2881,1816
2942,4736
2066,4751
1928,3915
33,2843
2011,1734
565,3912
3940,218
4118,68
81,4931
3191,64
4136,4668
1965,115
1317,4961
3926,2785
2625,3915
1579,4690
1231,4954
3503,4763
3327,3913
1511,4891
1616,4829
3763,3886
4449,4850
1496,3
2312,4690
2448,15
1936,4761
4152,4683
3816,4696
415,4253
4050,2787
3513,132
4580,4968
2470,4743
3722,1734
1274,4931
3756,2796
2601,4784
3230,2783
3188,2789
552,4913
1547,4914
4425,2867
3807,4779
5068,4815
1052,2866
1044,4729
4719,4891
2451,2854
4767,2857
1719,4773
578,63
4580,4686
1363,4878
2261,3881
3606,4935
1249,1788
2506,4992
438,2849
3926,4671
2968,4938
752,2823
3894,4963
2905,2768
3471,1726
1689,4876
5024,4742
3305,4912
3603,4729
4462,1
1949,4877
3659,4897
3125,4971
3470,4654
867,4957
361,145
1489,283
306,4266
1248,2810
4549,1861
3567,2772
577,4944
240,1725
2460,5001
2492,8
2540,4677
168,1896
2729,115
4510,4935
2940,5016
272,1734
845,2829
628,4994
4647,2840
2101,1731
2960,4897
2047,4920
1868,4683
1492,69
1107,4692
3808,4251
1387,4849
528,4938
4533,1896
1820,4264
1212,4739
2896,4791
2993,4697
2973,4909
2256,1748
86,2782
3665,133
1487,4886
1866,40
2592,4693
4615,47
3108,4819
4473,4784
4950,4916
2292,4951
1706,4249
1446,4926
3239,63
3325,4824
2557,3
1486,4800
4967,4991
4100,4957
1509,1737
3479,4720
1782,4248
1070,4978
4810,4915
3825,4737
3109,4755
4276,2845
3390,4688
36,4728
3255,12
5055,4803
1526,4831
1241,2774
2257,4753
4835,1742
1757,2790
1825,4994
1240,2824
2763,4830
267,4773
3131,1817
3435,4765
4758,3886
4839,63
3999,2784
3491,283
584,2671
1451,4749
1071,4886
613,4266
3956,2841
3126,4951
5023,2857
4757,4988
2429,4778
3804,9
2559,4815
1892,4688
3927,2818
1008,4764
4812,114
3397,4730
1470,4752
2261,2821
5080,4770
2941,4953
3080,4815
4330,319
4069,4265
1306,4916
1708,2798
3677,4947
1294,2846
4244,131
1937,4801
2485,5002
2541,4818
1378,4908
1906,2825
4502,2822
274,4872
5035,1817
83,4789
1274,2837
3279,4909
3264,4634
1356,4782
2262,1841
4162,4958
2172,2857
3769,4730
4531,4674
3439,4743
2544,1818
1910,4769
698,4870
1027,2798
1720,2772
1281,1816
3390,58
1962,69
672,4788
3546,1728
3191,4861
1962,4915
2105,3884
3899,1808
2738,4860
4590,4695
2659,2779
2469,2845
1786,4693
1286,4679
2146,4979
4028,4905
1763,4776
2348,1733
4899,5073
3323,1788
2627,2843
3147,4915
3201,4929
4959,4906
3652,4892
2622,4672
844,4730
3896,4955
2963,1851
4330,4953
1088,38
4853,4938
3427,4870
3246,4739
709,34
2744,3914
2047,4264
3798,1848
2356,4856
3318,4780
1228,4250
3517,4873
2019,4916
1994,1843
1421,1861
3176,4800
1282,2785
4146,4720
4574,145
333,4679
1571,4937
353,4883
2957,4776
3590,2658
429,5075
1779,4791
400,2867
2801,4944
3555,5073
2129,2811
4470,2816
3910,2767
1332,45
3121,4676
3894,4953
3216,4944
2111,4774
2241,4972
3937,4919
854,4817
2287,4906
3569,1730
3451,54
3189,4819
1362,1
219,2845
3743,4861
200,4248
4578,4979
4341,4885
2381,4995
918,5004
4463,1845
2577,3915
4351,4815
246,4784
1052,66
588,4912
2703,1732
3168,41
389,1788
3278,34
1493,4686
3889,1843
850,4848
3474,4861
1149,4919
1577,4894
2706,4777
624,4782
3779,4250
1711,2803
1245,2831
708,1726
4598,4885
264,2809
3508,4727
244,4972
3029,4692
3068,4971
4301,4953
2859,2818
4002,1748
3444,4862
1055,4727
904,4668
3659,2808
409,4789
4342,124
488,4250
3624,1839
1947,2848
3672,4819
138,318
1196,4961
4137,3886
1932,4955
2541,1731
1380,4968
4240,4681
4402,4856
736,13
3991,4855
1353,4777
3233,47
2972,53
159,2809
1774,5000
800,4668
4204,2773
1793,4917
1147,116
3501,4963
3375,4926
196,1838
79,4735
1114,3881
3627,4736
4865,4677
316,2671
1522,1862
832,132
3407,4996
4375,4251
881,5069
4064,131
2634,2856
575,4779
1990,3913
1602,115
5031,4687
360,1731
2325,4738
718,5069
1870,2822
1323,4765
4833,47
3868,2824
4340,9
4205,4968
4053,80
4252,45
2532,2786
3875,58
1703,4861
3372,4777
747,49
3098,1729
3418,4858
5031,4781
637,4799
3004,2838
693,4861
4564,1728
2002,4944
2070,4905
4087,2848
4581,4731
3956,4750
4221,2832
690,4737
304,4978
4960,4887
2714,2799
2193,4997
455,5004
1373,63
339,4952
3418,2856
3749,58
3616,4778
450,4675
4601,5001
3402,4735
2098,4749
869,4932
3348,4729
1521,4743
3796,4885
540,61
1889,2800
3368,1728
730,2845
5076,4766
2119,50
1203,2853
4411,1840
186,4991
3092,3882
2506,4957
4322,4741
2885,285
2236,4677
1561,1726
4631,2768
2460,4688
110,318
4208,4734
4443,4687
1335,4733
1342,3913
3848,5077
2975,5001
1035,1827
1179,4778
2015,34
462,5065
4226,4686
701,2788
2066,4682
3117,3884
863,4936
4067,13
39,5004
1317,6
5046,4250
4700,3913
2326,69
1653,4778
663,1856
929,2812
754,4799
2154,2784
2510,4777
1592,2816
189,4858
4740,2782
1525,1848
4020,2800
4235,42
4645,1855
4859,3924
2228,116
261,5016
1705,1834
1442,4790
1747,2787
4233,2865
2357,4848
4050,4777
3801,2773
2555,1833
1803,4876
1034,4265
3792,2764
1476,5001
4616,4886
3041,2800
876,4953
4096,114
3036,2851
1371,2790
2389,8
843,117
4933,2838
500,4677
1577,4773
2188,4669
2453,145
2889,4760
1636,4926
3946,4671
2909,2854
4974,2768
3774,4994
1594,4860
675,4670
3248,4635
3813,2799
3597,4914
4638,4938
2687,2841
4493,4905
3441,2811
1468,1862
4441,2844
1060,4779
2022,115
1046,4994
3990,1837
2435,4919
2393,2822
4426,4920
4595,4963
3887,4265
4767,4862
4079,1733
4370,53
4074,4803
4439,4697
3818,5
3716,5063
1647,4951
4584,1729
1307,1842
3655,4743
789,4904
1319,2855
1697,4783
3966,4956
4627,4994
4521,48
2242,4909
4644,4908
1758,4901
525,4755
4257,2826
2627,7
3280,1728
2947,4689
2492,2798
1747,4747
4416,4695
3100,5016
4614,5073
3758,4759
2963,9
4534,2840
1074,4857
2516,4952
2153,4962
1798,4789
3411,4856
3022,4635
3696,4954
2212,1848
894,62
3827,4727
829,2841
4081,4955
2632,4880
934,47
4650,5020
4881,114
2018,4848
1459,1788
1391,2809
1094,4799
2534,4831
1160,1855
1771,1
2550,7
3300,1727
2275,4932
3922,1729
832,4759
4546,2823
3973,4969
2588,63
446,4890
1325,66
1699,2831
4357,4944
3529,4683
4050,4937
1390,4910
1933,1726
2309,2785
1483,4818
4172,8
2990,4683
4568,4691
1236,2841
3979,132
3110,4743
2080,4751
2364,61
2199,124
386,53
1753,51
4197,2865
3031,41
2068,2781
3135,1837
3497,11
703,4919
3543,4634
614,4856
3743,52
1630,2853
3539,2772
2511,47
362,4994
2419,4956
4041,4897
153,4978
351,4723
1401,3878
3611,5004
3677,1857
4854,3879
236,4785
316,4743
1953,4734
928,4956
4100,4682
819,4873
2513,2847
3626,4856
2188,4690
843,1818
4974,4940
3059,5002
383,4736
3209,1817
3378,4906
1724,56
2132,4954
2029,4972
429,4877
1234,2808
2052,5073
3943,4679
4071,4920
3288,4847
4103,4248
3377,4884
1313,4937
616,4743
3660,3883
2109,46
664,3883
1770,1731
3511,1849
3558,4900
2296,4968
1971,4723
2352,5002
3647,1833
3665,2823
2746,4739
813,1733
2009,58
915,4687
1264,2843
2876,4687
89,2817
3133,1742
1990,4911
5052,4856
641,4856
1962,4734
1251,2841
3249,2835
4633,319
2893,1742
1328,5065
3007,4718
1550,4900
1752,4763
2512,4995
599,4681
2635,4832
4240,2817
214,4777
3043,3913
1319,4944
3244,4926
3024,70
4923,4858
2466,5020
309,4929
1999,4862
3722,2864
2464,13
1912,4966
203,4956
4810,4815
4510,3615
715,2776
3470,1748
2142,3879
544,1788
1335,4886
967,4824
3234,1835
3412,2827
1603,2814
497,4803
1363,5004
1677,5074
4436,4870
3003,2774
2604,2851
233,4908
4374,4995
2422,62
2109,4882
3454,4916
3869,52
741,4785
1016,4677
2859,1731
2261,4994
4241,4670
3627,4777
2438,52
2266,4904
2702,1827
3724,1834
427,2767
610,80
4283,4954
2971,58
493,2776
599,3880
4515,3915
1519,1
1720,4729
3383,4675
3999,45
3116,4926
2452,3877
2036,4677
2467,5063
22,1835
3351,5019
1063,4939
2917,4894
4190,2764
688,4613
2627,2860
4589,4739
2272,2862
3137,4720
2323,5018
2004,4679
1949,4780
4478,4997
907,4978
2229,4850
808,4996
1854,4987
3059,4936
737,5016
1966,4753
920,4882
268,1851
3552,1748
1354,4684
2258,113
2087,2841
2093,1862
4378,4677
2850,1731
257,4265
2485,2832
4475,4773
1203,1827
650,4992
2459,4799
3107,4797
3862,5002
2063,4730
2535,5001
5051,4727
3096,4692
2408,1857
4417,5018
151,5064
5082,5020
3548,4931
176,4673
4568,2862
4345,13
2295,2798
3343,114
1133,84
3077,34
2293,4781
3643,4669
1198,2844
2163,50
4865,4728
3061,2849
4841,5000
3597,4986
2264,5
690,1851
360,52
2570,4761
1292,4914
3918,2817
3950,4890
4116,4787
2526,133
1061,5020
158,2776
1637,4872
2200,4894
3807,3879
4306,1816
2707,4250
1023,4955
1802,4782
3580,4718
1617,1836
1572,4735
2393,4995
3865,4675
2388,4847
3581,1851
1030,4914
1227,2833
1502,4879
4712,4941
4714,4689
2043,5077
3968,2765
2596,4251
3493,4755
3422,4733
3164,1730
5081,64
231,4862
4614,2838
1303,4955
3152,3886
287,1845
2205,5018
1365,4786
4707,1742
1428,283
4316,2867
1258,4991
4271,45
3408,4266
841,4847
1638,4907
3375,5077
735,4720
2579,2789
732,117
4648,4936
843,1844
2629,2773
4129,1725
1580,4695
3888,4723
392,1818
2903,1842
2185,4903
3594,63
4509,4870
2275,4879
3069,4978
756,2774
4811,4779
1805,1839
3617,3886
1268,4971
2517,2864
3463,145
4865,4682
4523,3878
1522,4896
1034,4734
3970,1843
1612,4902
1357,2811
3195,4267
1513,1855
2229,38
103,1725
3265,62
3812,4679
3728,2826
4519,4847
688,319
4228,3877
735,4915
1514,2829
4717,4751
976,4872
4390,4760
3299,4861
4091,4968
1432,4993
2339,2800
1794,1848
3891,2765
126,1848
4601,4764
2739,4917
1365,4819
4959,2812
447,1731
938,2846
104,4781
376,4946
2987,3912
3711,2803
3274,6
419,4917
530,5064
534,3882
1520,5074
4002,1860
228,1725
2098,1856
1038,1788
4570,2798
233,4969
4157,4672
1320,4681
1784,4771
3464,2824
1675,4884
916,4681
303,2790
4726,6
1345,4679
264,4763
3811,4987
3362,2833
3133,4955
2501,4990
4303,4955
3999,2822
309,4858
3802,4897
194,3615
691,4997
1869,4892
4508,4729
1937,2862
235,70
1366,4692
1638,132
4035,1849
4243,4937
2001,2825
4252,2813
2668,58
3874,4862
3773,2849
4008,4797
280,1740
1264,4921
3765,3915
2358,4778
690,1
187,4855
2440,4654
2100,2809
1901,4781
4212,4958
588,4613
1033,4752
3280,320
4140,1860
3398,4790
719,2835
393,4792
247,4877
641,2851
639,1860
4443,2671
1991,4941
4866,4958
2319,4769
729,5069
2254,2810
130,4889
4131,4817
78,4759
4161,319
2133,1844
4262,4786
3517,4253
1063,4815
536,2866
389,2866
367,4799
2961,2783
1995,5018
3277,4775
4245,4965
3189,4613
857,4788
3435,1845
3225,2773
1722,1837
720,4781
3807,1727
3077,8
677,1896
2937,4919
4299,2800
3271,4718
2720,4891
3092,4876
3327,4988
1616,2781
257,4772
1938,49
5076,4989
4300,50
4960,2821
2185,2833
2532,2818
3944,4762
294,1733
2413,4896
4503,4932
4104,2862
3692,4879
3575,4997
4437,4954
159,1831
2223,2839
2648,4828
4371,4753
1678,6
4214,4754
1750,4998
4632,3884
5023,4788
1753,4872
2133,3879
3472,3885
3966,4947
667,2781
2913,4952
287,4989
3632,2789
2952,4801
2541,2798
539,4911
1054,4904
1705,1833
1722,4735
1619,1839
1064,4819
4598,68
3533,4732
1708,4670
4246,4797
2360,4919
1123,2866
3232,4766
1803,4879
418,4770
996,4939
3073,4916
1625,2845
3992,4989
2967,2847
1363,6
3137,4954
3345,285
1631,2789
303,2837
1330,2823
2691,1727
28,2799
846,4731
1214,69
751,1737
4215,2796
4089,3913
3922,1740
1683,4966
2093,2776
3308,2823
1305,2796
3323,4906
2384,4635
1633,70
1480,2812
522,4727
1680,4889
553,56
3349,4935
798,5063
4756,4815
1064,4911
512,4930
3949,1846
4483,4687
4106,4965
2921,2822
488,4762
4290,4988
4543,4872
2384,1896
3589,4775
4859,1843
4162,1
1988,55
817,1740
2878,4883
2700,4727
4399,4773
1065,38
4313,4918
4484,62
4711,41
1235,2856
1393,4743
4796,3881
2512,4919
4080,4892
4261,2798
4188,4994
4609,4754
3422,4778
2942,4944
1922,4930
3100,2816
148,2853
1629,1733
1794,2768
975,4941
2735,2840
953,1860
5060,5
2378,4934
1767,4676
3638,4754
1025,2822
940,4817
4333,4915
600,4747
1032,4729
1874,4896
4096,65
689,2857
1699,4685
2594,4754
919,2827
3539,49
429,4890
265,5065
451,4862
2614,4912
801,4751
2590,4830
856,2795
4875,1862
1612,5000
520,46
1500,4754
1150,46
1435,4786
1307,4729
4030,1832
3529,4682
1329,2773
2739,1817
1950,4728
773,4936
4505,48
4076,283
1868,4800
3304,2839
3413,2817
352,4849
282,2847
4247,1844
443,4906
325,47
1458,5020
1351,4817
4623,51
1232,2867
1119,4789
4618,4668
1926,4654
4606,283
4642,4743
829,4988
3811,47
1377,4831
2024,4760
1887,4784
3177,3913
4845,16
4630,1732
741,4955
3667,1856
2509,1844
2223,4965
2906,4749
1403,2844
5037,2838
4121,4720
992,4911
1613,67
1960,4883
3250,2835
4893,4696
5051,2789
4844,4988
361,6
4002,4987
2006,4693
4480,4736
467,4265
3014,5074
2879,4741
221,4671
3579,4781
3919,2812
3581,4737
4704,4939
4563,1730
2624,1733
2561,5001
1336,4737
1584,4792
3721,2822
2542,4695
3170,2820
313,69
1688,4955
1915,50
286,4681
3800,4964
3329,1861
1612,114
3435,4769
3038,5
3589,4763
1494,4971
3458,4901
663,56
804,4253
1649,3879
1517,1817
5067,4930
2011,4914
2,84
493,69
3762,3878
4542,2858
3705,3924
4923,4861
360,4728
5042,2851
679,2799
1800,4993
4004,4763
906,4911
3132,4911
4874,2772
1256,7
1028,4888
1672,2853
3746,4772
1359,4815
841,1735
596,4941
297,4685
1029,132
1772,3924
2698,1726
3673,318
409,4734
3361,58
895,4878
1089,4676
4380,4995
3475,46
1585,4991
2137,12
4383,4888
4871,4776
4069,4738
2305,4670
3057,4753
2602,3615
76,4738
511,4939
4065,21
391,1748
3364,2790
708,42
128,46
618,4742
920,58
4545,2671
1304,4686
292,4694
2330,4689
3062,4742
1201,4944
448,2787
4223,4832
1771,2790
973,11
4029,4913
3445,4884
2680,2856
3173,3914
1020,2846
148,4995
1759,2855
4433,4905
3385,4877
3300,4918
3119,5001
3818,4986
737,4797
1893,4860
3652,2818
1661,4762
3910,5004
1583,4782
576,4989
3574,116
2401,67
1220,2812
3015,4917
3423,5074
4984,5020
3918,7
323,3924
4474,4735
3132,2658
4283,4776
2548,5
1454,9
3336,4955
4480,124
2685,4903
4290,1833
2700,3885
3568,4670
4027,4783
788,2847
1256,117
2214,4739
597,3915
3660,4880
4157,131
1592,4971
393,4979
3058,4855
1297,1832
4666,21
2372,9
1640,4674
2343,4750
4595,1725
530,47
2030,2820
1550,3885
2557,4897
4583,62
4018,4265
3305,4882
1751,4955
3289,4789
2943,2773
207,4688
2311,4951
3125,4941
4865,4735
2462,4876
1784,2781
1526,1848
1026,4787
3500,4685
4049,2781
4495,67
2757,4888
3972,2768
2186,4751
4172,4964
2691,5075
4445,4792
313,4906
3311,5069
4070,1862
456,3883
1553,320
1617,4894
2102,2864
3391,4762
2716,4968
3396,4908
259,4265
4059,2846
1964,16
1349,4251
4863,2782
2459,1833
140,4905
2738,116
575,63
3310,2832
741,4880
3841,2798
4359,2803
1535,2774
4325,4672
3987,4855
3237,4765
3819,1843
2155,4685
4427,4679
3435,42
30,4961
3137,4963
990,4654
3868,2794
3562,4685
2530,4734
4564,4991
696,218
3326,5000
3805,3883
3147,4832
2880,3877
2183,48
1289,1855
3444,5000
2842,2826
1562,2854
900,4971
4443,2848
176,4720
2453,218
2373,4906
1152,4917
1484,2784
277,1846
4895,4815
2561,145
1347,4735
2667,4855
3047,4755
1128,2845
1823,2776
3511,4961
770,2799
2109,67
3681,1
463,218
1940,2864
504,2813
1644,4878
1586,1730
3767,3505
3340,3884
2521,4857
4487,2809
3675,4938
568,2829
542,2864
1035,5019
3546,5002
3019,1845
4461,2782
1401,2837
3774,4775
3391,1727
1072,7
3779,4879
932,5001
4637,4978
3043,4886
1189,38
2300,3882
279,4727
879,1834
3521,1860
2683,3885
367,1896
2642,4828
1387,117
1676,4765
1338,2823
3995,124
3682,3505
2724,5063
4985,1808
989,2803
2595,320
941,46
3465,4738
364,4781
1362,4686
1279,48
649,4861
703,2840
750,4820
3199,67
914,4747
3484,4787
554,4770
701,4785
4176,1862
2432,283
3706,117
157,2844
531,4689
2213,5074
1289,1833
1083,2823
3489,5000
3564,4830
4814,4681
102,4730
2403,3505
638,4760
3847,4968
2333,2824
1979,21
4618,7
2577,2844
2297,4677
384,1816
3903,4689
1444,4944
3859,47
2985,4765
1674,5070
1422,1839
2445,115
1815,1836
2148,4994
1028,52
501,4685
3725,320
390,4816
1358,66
4300,4911
927,4765
2465,1740
268,3885
317,1833
725,1846
4542,4873
159,1840
3969,4817
2428,42
1880,2820
2315,1855
2935,2851
2689,4776
4237,2855
389,65
3192,2784
3162,4780
1961,4847
1547,2658
1578,2796
3160,4911
2902,4818
3626,4993
4650,4887
505,4931
3451,2812
1234,4727
1473,4675
3894,2779
449,4720
4389,4684
2196,4253
3850,2811
5003,4987
3124,4776
4512,4926
4375,1842
970,4772
1769,4884
1367,2844
1452,4730
2131,4880
2250,1837
2881,1841
550,64
2884,2800
3514,4994
914,2854
2732,4752
2456,4267
2687,2837
4086,2849
1694,2764
2686,4972
4443,4673
3509,4697
4359,1731
4015,1837
947,4668
92,5066
1212,4887
3375,4799
652,2803
2973,4769
757,2788
3732,5002
3529,4670
3343,2823
3281,4955
1107,4926
3386,114
4142,4971
4256,4886
2441,4891
2907,2849
425,4878
4700,5073
688,4735
2060,4992
2102,4753
605,5066
1182,40
4981,4733
4101,4781
4644,113
82,2803
2688,3882
3661,4776
464,4718
3666,4789
4623,3877
2550,1856
5035,4784
2105,5002
237,4876
539,4910
3753,2767
1878,5069
1219,4970
3306,2867
3972,4763
4160,1735
1706,4911
4302,4954
1889,2854
5022,4862
165,4694
2510,4681
3401,2810
3557,318
3436,2837
1461,4847
930,4969
2110,1845
1370,1847
1647,131
27,3885
4404,4253
2703,4828
3003,1860
3088,58
2636,4907
2476,16
147,4907
3062,4670
4038,4979
3019,16
3184,3883
4701,4817
2116,4905
3451,117
3393,4676
2415,4778
3974,2773
20,4896
2227,69
1606,5016
3728,3885
3554,3879
593,4681
3460,6
3381,4992
4975,4803
3112,4918
2733,1732
606,52
3753,5064
3670,4818
2402,4931
3077,2671
1063,2858
1887,84
3828,2671
1389,4801
716,4750
2373,70
4551,3885
3860,4801
1591,4674
1783,1844
4403,2808
4268,1727
3703,4800
3422,1726
281,47
143,4883
3017,115
3045,4253
288,55
3897,4668
688,4939
4115,4732
1358,2832
3077,4907
3533,2788
4406,1818
3558,4735
2372,145
3509,1832
2414,2840
2655,1740
4538,1896
2382,1850
4039,2864
2184,113
3967,131
665,66
3389,4730
4206,285
516,4669
2643,4799
2258,5069
418,50
3367,4731
3143,2854
803,4862
4576,4908
3461,4888
687,1862
4611,1842
1650,38
1714,4873
481,4743
10,4896
1417,2789
4232,1733
1660,115
1117,4763
903,1730
4090,4878
932,4764
4588,1742
4827,4889
4369,4894
0,13
2556,4931
563,4901
233,4688
348,4672
4292,4735
2704,4913
2742,4889
324,5064
1252,4687
2453,4951
4150,2671
282,2844
2758,2773
3028,4829
386,2784
3483,42
157,4674
4451,2822
430,5070
2708,4872
909,5075
3172,4799
4709,4732
268,2812
2107,4828
3556,4737
2625,2816
519,4937
2492,2814
901,12
3466,2803
2356,2795
2797,1851
2374,2814
2759,2846
1939,2764
647,4799
1678,5077
338,4754
1597,66
3994,5075
3824,50
2679,2809
3616,2784
1139,2825
310,4855
3010,4265
761,4991
2651,4850
1722,4995
2318,4775
2792,3914
4129,3505
4980,4747
2270,2838
4662,115
335,1842
641,1831
769,62
778,4905
375,4953
1405,4902
4577,4995
1249,4951
3285,4993
1931,4777
2609,4862
3125,4968
4476,2658
2090,1816
3701,4932
2424,2776
2007,1856
1046,4669
3354,4689
1337,4783
2763,2767
232,133
3256,2783
4985,48
4865,4995
229,4997
2212,5075
1641,4681
2561,68
590,5069
4588,2789
700,4771
4866,4803
3509,4912
2950,54
4809,115
976,1837
3706,4876
4051,4683
4070,4782
1507,4920
2261,1817
1488,4774
2907,2843
3717,2768
3369,1748
2101,1728
369,2826
2518,4748
3806,4672
3888,2837
371,4791
799,4992
4291,3886
3776,4961
328,4674
972,5019
3216,4681
2403,4832
646,2816
3360,2855
2672,4860
3022,2796
2828,49
897,4860
3657,4754
4490,4931
648,2788
2371,5016
341,4730
1322,4912
743,1837
2364,4732
3909,4754
895,1818
1966,117
3022,4887
2193,114
4456,4803
3011,4780
1930,1860
4327,6
4262,4938
3805,42
2986,5074
1012,4956
153,4737
1438,3877
1240,2827
3629,4992
3766,1731
2815,285
3451,4993
4064,1845
339,3878
1901,2840
104,2785
519,2765
1016,4901
936,42
1153,4946
3944,4819
1961,2814
242,5064
1558,284
1459,2772
4508,2803
1796,4679
1564,2847
4124,4855
3291,4870
809,1834
2118,4793
2331,2820
327,2783
1922,4921
4798,4720
3669,4870
988,3885
1091,38
2469,4860
898,4900
2597,285
1624,4820
3179,4685
160,60
2424,4819
4663,3877
4959,5063
1009,41
734,2862
1461,4790
4326,4885
1007,4737
3624,4733
4405,4965
2300,5018
3675,63
2002,3915
4554,1730
1475,4790
1490,2840
491,1788
1329,66
3437,113
2281,48
5038,4801
2512,4788
1076,4913
2569,1817
2684,2808
2929,4850
1878,84
3842,38
762,52
3830,2765
1518,2835
4527,4675
2956,4780
1951,4783
465,4788
4702,4790
2029,4720
1923,4265
4942,4847
2008,1837
2636,4689
3081,4772
4407,1857
3221,2776
2675,62
1073,2789
844,1839
4612,4969
3161,113
3443,4966
642,4734
4107,4828
1642,4911
373,4831
2637,4766
3960,4673
768,4803
2622,4679
3078,2799
301,11
1952,4886
4852,58
2313,4251
4111,4909
4185,4267
3199,4775
3059,1831
2119,4888
3930,2812
4001,2820
1946,4770
3791,3879
2330,2864
3167,4917
213,4952
3097,4791
843,4778
3059,5065
3503,4888
296,4801
3679,2820
3426,1832
2992,2824
2637,1849
3202,4926
2076,4791
1030,320
1899,1
3444,5001
4488,4786
3537,4803
4411,4900
2249,2865
3769,5001
601,4746
1657,2827
164,3878
1548,2798
2533,11
1928,4694
2462,9
5023,4911
2685,4747
3630,1862
4564,2858
1111,4782
1285,1839
2391,5077
2357,4901
4414,2789
271,1725
3410,4831
1621,2833
2272,5000
491,4748
2923,2864
1204,4857
331,2827
4028,4939
5012,4728
3599,34
1226,4941
4560,2851
917,4963
293,4915
835,3913
1917,4770
2734,3881
3812,4673
4491,12
1063,4969
1006,4907
2333,6
2294,4887
5061,4997
2461,2845
4513,4759
425,4770
4530,4815
3338,1843
2314,2867
662,2803
624,4769
3656,2814
3937,1737
3124,4997
4136,2790
3546,4781
1515,2809
4973,3914
4389,5064
2004,13
4283,4791
151,1843
1157,4773
2211,2838
391,12
230,60
2237,4670
1821,4830
4460,2855
4453,84
1057,1843
1540,4697
2712,4919
2489,4917
1445,2818
4629,2829
3478,117
2664,4879
1247,284
335,4781
4758,4919
3086,2858
4262,4742
4069,4678
1469,2782
1427,4743
322,2827
916,4683
83,2821
442,4994
2367,4749
1376,80
689,4694
3384,4930
921,1827
2380,4790
4372,2768
2392,41
976,4683
3911,4885
4332,4685
3430,124
650,1862
1886,5000
2325,4894
148,5063
2424,4929
4024,4790
635,4962
495,2862
2669,4820
563,4971
1082,4921
1304,1845
2745,4970
3594,4671
3865,4265
467,4820
428,1729
641,4789
2363,4782
968,2764
3088,4265
1366,1837
3956,2783
2243,1837
3699,4910
4706,4938
557,2822
2454,115
3500,2783
3922,4957
271,4946
1128,4731
3170,133
100,2785
4100,116
4421,2820
4867,4761
2999,2844
2001,4768
743,6
95,4751
173,4860
2708,4677
697,2818
1201,1818
3260,2841
274,5066
2155,2820
1681,3913
149,60
2666,1862
1175,3880
4657,2795
2586,4265
3578,4991
4472,4910
37,4729
4898,2786
1513,4901
3022,1833
3786,60
822,4917
1600,4855
1443,3
2123,40
3443,1735
4341,60
2596,2866
2116,4900
3014,4885
3410,4912
4449,4872
1299,2796
3538,4828
4012,3883
1162,4896
4706,2862
2280,4688
1664,4897
233,4731
1822,1856
1943,3882
1130,68
2934,4972
335,3882
497,2783
3016,5064
4352,4784
2659,2790
2934,2822
3140,2773
1003,2671
2463,320
901,4776
828,2788
4291,2860
4646,4935
3635,2832
87,4694
2488,1817
1867,2849
408,4824
2509,1725
4161,124
923,4862
2198,6
2234,1735
387,2823
3996,4729
1706,2818
3332,2781
3719,117
1597,61
4147,2800
4244,4991
1624,69
3088,285
2346,2866
4473,4750
2183,5002
2081,4747
3357,69
257,2840
2069,4693
936,4940
3070,46
1053,5065
4361,4783
2882,5000
4716,2835
3408,4731
4655,4996
971,4248
2255,4883
1439,52
661,84
3411,2867
196,2767
4246,3505
3627,9
1298,113
2571,4765
1148,4917
4108,4824
459,4957
3960,4908
2140,4749
3417,53
