3025,4786
738,4797
334,5002
997,4613
1341,62
3261,4884
2178,4971
1374,4855
2061,70
4704,1734
3287,4783
555,1848
3950,3881
2630,5073
4575,3878
3908,4903
1443,2841
2606,4735
3497,2811
3149,2788
4188,5020
1333,4989
2248,4926
4450,4909
1956,1827
1390,1847
2555,2787
753,132
2542,285
4313,2794
2899,114
33,4771
2928,4741
1944,4775
530,2818
2713,4754
4950,4908
764,284
3896,4741
1588,4769
869,4884
4335,4797
670,4831
1854,2821
2106,4938
3245,2858
1149,4797
1535,4932
4509,41
3836,4886
3794,2865
1618,3505
3619,4968
4948,40
2689,4938
2385,2839
3301,4894
5049,61
3690,4799
447,61
674,1727
4756,4831
4452,132
3046,2783
4120,4815
656,4892
4037,2862
2753,2866
3399,115
4507,4676
2861,4264
4411,63
3568,2803
3420,4684
1071,2789
1990,4250
1927,55
4273,50
1543,4910
4292,1788
1177,3883
2022,1831
3610,1857
240,5065
205,4953
757,4956
2131,4858
3761,65
3916,4824
1791,4780
245,4771
4834,4739
1054,48
3229,4686
4358,4780
3906,2853
5003,4697
3803,4739
4508,4979
480,4993
4959,4957
1757,4861
574,4790
2231,46
452,55
2687,4792
687,4904
1587,3885
4091,2824
2998,4929
549,4919
4554,8
686,2826
4570,4929
435,6
1634,4734
3227,4774
3891,2853
3162,1833
3150,2764
2771,4249
2429,66
1106,4774
3514,2794
1498,4819
537,9
1424,4818
4466,4737
89,4765
255,4861
3288,4850
3985,5066
3415,4267
925,1827
3467,4888
4466,3615
3044,4693
5007,4634
1073,2671
556,2773
3864,4787
2996,4855
2601,4987
3369,4993
1795,4739
4228,2853
1206,1851
743,283
1641,4680
3178,4934
2960,2786
2068,61
3021,113
2099,4674
2989,2855
2051,1843
522,2772
593,12
3536,4979
1176,4693
4358,4879
3848,68
755,1788
174,4613
4358,2849
630,1850
4229,2862
1076,1834
2775,4250
4103,49
2770,1727
4664,2795
1047,4830
1214,4847
851,2790
585,116
3020,13
4185,4965
427,4930
4114,4750
1481,4951
659,4847
3959,5070
380,4962
695,4768
4977,1817
3984,4687
4942,67
3235,5073
1242,2790
2029,5066
1697,2814
2418,2848
2897,2821
470,4951
782,2846
111,4788
1421,2820
3778,1835
3842,2784
3149,4775
4562,2866
346,4749
4522,2774
2923,1836
3264,2824
3794,2837
959,2858
1001,38
2225,4691
2898,1846
3064,284
3595,4770
3836,4265
1031,4729
1287,4755
2973,4855
569,283
5012,2825
357,4731
3188,4911
3000,4736
4657,2832
112,2866
3799,4882
83,4989
1760,4755
1231,1726
3504,3
3366,4746
324,4909
1269,4746
1045,2794
4387,2822
4648,4752
526,4904
2698,41
912,4748
1207,4889
1549,1740
2380,4897
473,4689
1932,4685
1666,3880
2444,3879
2481,4737
1897,3914
3683,4904
35,4828
4981,4773
1424,46
3898,2803
4104,132
588,21
1488,11
1719,4741
3398,1832
2001,2812
1002,4900
1378,4904
3503,4885
1694,4886
946,2823
4666,2658
248,4728
2325,42
1744,4916
877,3882
330,4777
3651,2821
463,2764
3621,5001
2012,2833
1150,4896
4320,1845
4704,4858
3988,4771
347,53
361,4680
3214,1735
4286,4779
4355,3615
1324,5074
2664,4264
3700,3878
171,4750
774,2779
3304,1851
3441,4891
1271,3885
2034,4788
4421,62
4262,3912
3089,4732
417,1740
3785,4847
3849,47
3340,1740
789,1730
3973,5069
1588,42
36,4857
2621,4781
4074,4855
668,4940
3272,4741
4423,4919
1107,1726
3271,2787
557,2849
2321,4776
521,283
3657,2849
4586,145
83,80
3930,4896
3979,5000
2512,4962
965,1848
3797,67
3530,4911
1315,4873
1201,2838
667,2788
3849,5073
4620,2846
4445,4696
1957,1729
4576,3912
876,2774
3782,4944
1214,4920
1027,56
2576,4742
1058,4947
4507,46
4228,4677
3687,4870
2342,3914
1101,4879
1522,4849
883,4677
2521,45
1380,4759
853,2794
3900,2785
4605,4739
1438,4734
1758,4723
3398,1818
2338,4955
2003,2814
897,4831
4621,4748
4429,2764
149,4986
3621,4906
729,1727
3672,49
3606,4251
3999,1742
4234,38
3901,4735
1095,4952
900,46
3227,4752
3962,4735
3375,4935
4182,4669
347,3
1478,4965
3191,4958
1046,4729
1572,9
887,319
2879,2854
461,55
2355,80
913,2826
3815,1851
3408,1896
4345,1831
3195,80
3920,4918
1744,4672
4707,4732
4451,4765
1555,64
2322,3912
4177,2832
3862,60
4305,80
4499,1896
3786,2824
1060,4892
2981,4773
3097,4932
2676,4789
3481,4773
245,1832
2525,34
4567,4879
532,1896
1133,4691
515,2768
3500,2794
4175,4654
328,2822
1137,2865
502,1856
1544,13
2189,2829
425,4769
1970,2841
3024,132
2726,4938
1090,1857
686,38
2741,41
143,4907
5050,133
2541,2823
1158,4738
2024,4818
4705,2826
2117,4801
3646,4850
4171,4876
1057,1857
841,4877
399,4918
4196,4892
3755,1732
2928,2789
1111,1834
4942,62
2630,2795
4149,4989
1319,4677
3084,4733
3378,4894
2686,4998
4666,4946
2647,2867
3457,4888
85,4793
2938,283
3697,1734
4085,4986
342,4790
472,4786
490,1740
4013,1808
775,4953
3470,4731
1551,4668
1895,4786
1240,3886
1498,4747
1379,2768
4288,5064
2544,4877
1063,3912
4171,1740
1550,4694
1919,320
2618,1742
4383,4733
4125,51
4030,4803
1089,3885
2396,4956
269,4986
3295,1839
4722,1831
3674,5000
4401,4920
294,4930
1173,69
2665,70
1871,4858
1483,4749
428,1730
2303,3878
1882,4890
2206,4692
812,3884
357,4882
1558,4718
2168,4684
1297,2832
4195,49
206,4738
3421,4870
2706,4759
3335,2862
1789,7
583,3884
264,2795
2873,115
4048,2781
2034,1732
3340,319
3080,4765
4419,1862
2250,4730
3707,2825
1059,2811
1605,4904
1916,4677
4314,4878
1994,4932
670,4832
3719,4737
819,4944
1376,2866
1768,4692
5003,4989
2993,4248
1352,2856
4404,4915
4520,4998
1431,3878
4805,2839
4119,4888
4307,2772
4088,4938
553,4684
1525,4878
3674,4728
477,4732
1707,1841
1335,16
4421,4997
4240,5066
3468,4961
1315,4759
2249,4918
20,4892
2242,4738
2045,4654
3990,4896
2616,4778
3949,1857
3002,4917
2805,4687
328,5069
2681,4689
2527,4775
1273,4901
205,2789
1453,2821
2969,1735
3066,1861
3448,2808
1759,21
2086,1850
3206,1839
2349,4992
2610,4862
3131,4801
195,4675
3502,2846
4928,4729
2663,4679
317,2816
1870,1837
150,4964
460,4914
206,4748
1458,4934
1793,4777
4042,320
4320,2658
5057,4801
4653,12
4019,80
1790,1737
4138,4781
2168,1861
4973,133
85,1896
213,2851
4521,4937
3729,4917
3921,56
501,2783
1694,4831
1048,2798
2921,4900
2670,12
3130,4743
5040,46
164,1727
435,1729
1103,2800
2110,1851
767,4668
2910,2816
1296,2814
4169,4264
1104,3
4609,2788
2431,4877
3393,4777
3619,4989
2625,4679
3676,4986
1777,2798
3531,2796
1092,4737
3738,4978
4317,4987
321,4693
998,4691
2029,4885
4086,4792
4231,4858
4091,4789
2943,1833
1391,319
1545,55
4170,4687
4002,2816
540,2799
2732,114
3598,2767
5014,4264
1484,4266
1976,1835
1459,1
4570,1862
1241,2844
3942,132
1552,2800
4095,3880
3835,4755
2996,1726
796,1896
3390,1788
2257,4952
4391,1733
4387,4691
2309,1845
3391,1731
1043,4801
2679,3885
1428,4785
604,4787
4869,2814
1465,2864
2674,1817
4042,4778
3045,2790
1403,4686
3844,4997
476,41
98,2827
2482,4635
1441,115
2068,2857
956,2860
4332,1
3555,3884
4261,11
2422,4815
1071,2826
4866,4897
906,1728
4162,4965
2030,9
832,4988
1059,4952
2578,4919
4259,4770
4328,1849
3938,4755
4980,4918
3996,4253
3723,4735
879,4766
700,4681
1885,21
4039,4754
2167,4994
1235,4888
883,1817
4462,4768
2092,48
434,4990
3928,4917
1639,4969
3749,4873
3585,4920
3860,4876
118,4790
946,4879
3629,5018
4293,45
2287,4831
3292,40
1224,62
3341,4765
2885,4988
4607,4885
4757,4850
4508,6
126,4998
3020,5077
3835,4769
3797,1856
3354,1818
1354,1840
997,4743
1221,4749
2661,56
448,4684
4943,4732
1922,4768
2414,4673
797,56
2464,132
3150,1896
119,4882
4605,4987
1812,4909
373,4760
3144,2671
3532,4897
2178,5020
3691,4773
1786,4989
2166,4912
4029,1846
4823,320
1390,4736
5043,1856
4303,3886
935,4968
1994,124
2807,4743
1983,4746
1110,4788
1634,4735
1210,4931
4666,124
2680,4697
1812,3914
1075,4748
1130,5019
72,114
1402,4964
1224,4987
995,2810
2509,2773
1253,1832
880,3879
1155,4677
217,2864
782,3882
2743,80
2602,1860
333,2810
2963,4878
1685,4931
4544,4266
4623,4996
3405,4972
3037,4914
348,4688
3713,4720
3406,50
4113,3924
4188,4931
130,1857
3963,45
804,4918
3978,4993
1518,5070
3102,4818
3491,2862
2257,4932
2516,4762
3949,2785
852,4634
1251,1730
2722,4957
3430,2849
1143,4855
876,2803
1158,4789
1235,4856
709,2772
2226,5075
588,145
634,4676
4606,4670
740,2808
299,4731
5042,2782
3039,4778
4002,4774
4700,4779
2420,116
3224,4773
1504,2765
2422,1808
4440,15
3263,4763
1356,2783
5054,2858
3336,1842
3321,40
1050,6
356,4958
351,1857
4095,124
350,1836
2143,4989
809,4737
1863,1818
2989,4921
3752,4939
2619,15
3033,4998
3988,4766
3738,4905
462,4856
1315,4830
615,3878
4473,58
3009,69
568,4749
3958,2845
229,54
233,3877
4437,4684
702,4953
2196,2789
4460,4904
4167,4788
3193,5016
925,1844
307,2865
1633,113
3112,4979
1706,4769
4522,4736
108,4682
1821,4901
2958,1832
3727,4954
1132,1731
1830,46
4300,117
1186,4915
1420,4987
3297,4720
2519,4790
2294,1818
2447,2794
3480,2799
1785,4748
2112,4901
4284,1729
1613,5065
1286,49
4867,4785
893,4986
1264,4978
3082,4937
309,4910
3024,4934
1264,2795
3334,2855
384,4917
3748,5075
2915,1729
1235,3886
1028,4986
2959,50
2938,4743
4591,51
170,4253
3233,4733
4441,5064
2777,4892
3806,1836
3279,2818
2997,284
4608,2860
628,60
3223,4672
4596,2854
4624,2831
2326,3912
4143,2857
2143,4963
4589,319
185,4675
4292,4894
357,3912
4152,2794
3752,4921
4142,4855
481,4674
2142,2866
3397,4904
236,1851
4427,4776
489,4776
820,2849
3963,4787
3724,2803
600,1818
422,4995
4403,4770
3142,2840
1700,4931
3830,4682
1291,12
2051,4613
3614,2860
2057,4910
3491,2796
2478,3877
1590,4908
3993,4888
3793,4800
3343,2782
2166,2796
3785,54
469,4990
4018,4912
1067,4890
4138,3886
2164,4905
1040,1845
689,1731
1506,4748
3167,56
1108,4776
1668,2790
2936,5063
4608,4953
3224,145
3327,4613
427,4739
3677,4879
2687,4860
477,2822
2562,4989
204,3924
4533,4954
858,4692
379,4731
3525,1808
3655,53
2108,4938
2640,4265
4055,4968
1180,4968
25,4736
3098,5066
3739,4936
1813,4689
3303,2781
2109,4688
3390,2829
2054,4773
2151,2862
3009,4696
4625,4680
1254,2824
1457,2794
675,5002
1336,4944
3525,50
397,4954
2540,2776
3036,1
3789,2813
3310,2784
5010,4680
1025,4992
3666,4894
3169,4768
1000,4901
806,4996
4052,5004
3809,1846
3568,1808
4388,41
1770,4753
3460,1842
615,4909
1755,4684
3029,2781
2179,2783
761,283
572,4781
2298,2765
3991,2829
599,2765
2049,1835
3174,69
664,2866
1510,285
1238,4965
2118,2773
2769,53
4008,4787
3946,117
3658,2773
3058,4946
813,318
1821,2851
663,1851
4757,1831
1502,4946
898,2671
2891,2866
2654,6
703,4939
1903,4249
231,4763
315,50
270,4953
4577,3886
2598,2837
4009,60
3605,4938
247,2799
1858,1817
2279,3615
2374,4687
4467,4926
4865,63
2304,4791
933,4675
4379,4993
501,2810
4222,4885
387,4749
1920,4686
364,1836
4413,2795
3628,1860
3305,5073
1583,4882
1193,1855
1465,1730
3993,2837
1719,4889
4247,4830
57,2827
3154,4931
1745,3913
1591,2795
3087,4830
4366,4743
1771,4963
4603,4691
2728,4904
2231,4847
4385,60
3136,4831
3617,4829
590,4969
3393,4733
3387,60
2264,4830
4808,2862
3531,4996
3080,4930
399,2658
3150,4958
2328,2833
3425,4855
790,2811
2389,1730
2300,2767
3874,1827
3684,4675
2590,132
4326,2810
2129,2843
2215,4951
401,4849
2315,1840
3206,1842
1493,2831
170,4676
83,4902
336,2814
4626,283
568,4250
3024,4993
2107,4775
135,2800
3182,4782
3793,5070
1485,2816
2621,2843
297,1831
4521,5069
3427,4824
1122,4947
2115,4951
3528,4918
850,4718
2262,4815
1854,1846
1495,4777
1464,4953
1479,4990
3563,65
950,4797
345,2658
1750,4970
756,4676
4813,2837
1474,4689
154,4687
2203,1742
490,4753
4484,4947
1190,4934
648,4938
3559,5074
2130,2781
1450,46
4646,4793
216,4887
2540,4939
2000,4761
987,5064
776,49
3671,5069
1284,4673
3234,4954
1367,2841
2182,4723
1605,4681
1935,4919
2274,3880
660,2783
1184,13
3745,4900
521,4944
4438,4765
543,4766
748,4764
3998,5019
2291,4892
4059,4763
4569,4248
4350,4265
4170,4781
2060,4908
1440,4856
1447,2841
3719,4932
2435,3912
680,4968
3870,4991
3006,4688
1676,4958
772,4248
83,2784
397,1726
790,131
4922,4879
5044,12
2123,4747
1062,2845
3539,4678
3427,2784
2886,6
1739,40
2584,1840
811,4265
1693,4937
3547,4912
174,4684
2986,2772
4945,4249
2942,1849
4823,4781
3331,2776
3187,2824
104,4749
471,1727
4581,48
4538,4634
1397,2849
1473,4690
4236,4914
3512,4941
2243,4998
168,2823
4826,3914
103,4694
2529,2827
2575,58
3156,4251
510,4251
366,4683
686,285
4429,2785
4709,133
3531,2846
834,4690
1095,4909
3992,4848
1371,4755
2384,2839
3796,4896
4501,4830
3708,4687
2,4931
3064,4940
2650,2858
501,4876
5010,4766
398,1896
2220,8
2622,2854
3968,1846
4139,4906
1909,5077
1984,4250
3943,4783
1518,1732
2675,218
4973,4676
786,283
3621,2829
3512,4634
0,50
3160,1850
539,113
2397,4803
1496,1846
311,4731
620,124
3702,2816
660,13
1313,4994
3863,4926
4290,70
2753,131
1951,1831
4656,4964
3004,4970
4151,61
699,4940
2919,5075
4363,2849
923,4689
502,5000
2649,2817
3598,218
1797,4695
1359,5073
155,2816
2293,4916
4384,4917
2127,116
4373,4860
4309,60
474,4905
2948,4848
1986,4800
4852,124
3480,4682
2033,4932
4063,1734
967,2773
2751,5064
1821,4786
154,4771
3692,6
3014,4693
3149,4912
4376,4654
1229,4764
1190,4962
841,4779
3599,4969
259,4743
1059,4955
636,4690
1329,41
4802,3913
2612,3
1815,2827
2126,4761
1937,1856
516,4815
2249,5073
2320,4879
2564,4248
3990,1857
2227,1834
2479,133
1769,4742
3441,46
3261,283
722,5069
166,2823
4165,3877
5038,2803
1517,4697
4268,4870
584,2794
370,4253
3826,2845
2621,45
3772,4763
3743,1844
3108,1727
2451,2785
2322,4267
2569,4775
4558,4683
3173,2825
4325,4932
4,4732
3707,1729
350,4858
1882,4801
4384,4820
2124,320
666,4763
2023,3885
2904,2768
540,1846
379,4819
3698,2862
3544,47
371,4778
1317,4830
4340,4695
3242,2865
2231,40
398,13
3091,4901
3221,4830
2243,5077
3596,4926
110,4878
2504,3878
455,4957
753,5
3776,4250
4262,2794
4181,4962
1859,4872
140,1855
3679,4728
3340,48
2924,4944
594,40
3977,4248
3717,1896
4367,1841
1438,2817
5012,3884
3528,4749
2267,1844
280,3879
816,4964
2335,4654
2948,1839
400,2813
2727,4850
2234,4872
2129,4920
4339,1731
1704,4752
488,4858
491,2765
1425,1832
4612,1788
4647,1839
1830,61
1471,4681
2562,2856
371,5018
1988,4687
3682,4907
2211,1834
1552,2781
3644,4694
4617,4906
2919,318
2642,3878
769,3878
3760,5077
989,4686
966,2779
4437,4876
1473,4989
2902,4671
2883,4763
3182,4855
1931,2765
2917,4887
3590,5001
204,52
4321,4684
1138,4962
626,4911
3286,4753
3606,2853
1753,4986
3802,1896
3865,4635
3123,67
3817,4850
1409,4765
698,4781
4064,285
4630,320
3242,2851
4497,4742
1532,4849
4261,4939
3019,5000
1411,2826
695,4770
645,4911
2448,1850
299,4888
3279,4901
358,4783
1945,5065
4436,1808
3147,1841
4202,4779
4163,11
2375,4690
177,4735
1360,4987
1979,3505
3193,4910
2601,2864
2420,4264
4193,2809
3619,4759
4924,55
922,4675
2749,11
2356,4902
2748,2823
1323,4793
79,4785
3787,4688
2959,2860
2616,5074
3483,4921
2172,9
1362,4932
4639,4762
1071,4892
2691,63
2481,4918
2673,4784
3507,4934
4461,2840
2101,1856
818,4824
3387,5075
3319,4931
73,4912
3517,2839
3765,4671
1155,2812
1870,2671
1017,4936
4295,4797
3042,2833
195,4920
473,2794
1764,4681
4545,4921
95,4932
1996,1735
4228,1839
337,3883
4647,4903
2978,4887
395,4695
1209,4685
2972,47
3704,4739
2416,4896
2875,4785
3742,4926
4068,65
1571,4910
2191,4695
1427,4829
413,2814
92,4989
4708,3505
3819,4764
3923,69
1062,1827
4531,4857
1215,2765
4078,2767
1779,5069
430,4889
832,45
2326,2800
4139,4739
3619,2795
4563,5016
4066,320
3311,2813
1403,4907
1096,4828
1611,4885
916,1733
1010,62
2282,4886
3825,47
3249,2866
3631,4972
1447,4686
1798,2866
325,1733
3717,2865
3734,4849
3363,2827
2009,2809
1394,4912
3829,1834
374,1832
1767,4778
3141,4800
1417,4786
3753,2789
2685,4932
1575,2774
4311,4792
906,4988
2257,2788
3039,1788
3987,1842
1013,5064
3545,4876
4719,4939
670,4746
3022,2767
4318,4944
1079,4986
2738,1788
3624,1831
1923,4828
1673,2865
2236,4953
419,5019
746,3913
816,2796
2130,5066
2301,218
4478,4250
2976,2810
4570,124
2911,56
3102,1733
2445,4915
4046,4931
3490,1861
3078,2862
1356,3912
217,2845
1565,4764
403,4828
3380,5016
2297,3877
2898,1816
787,4930
2361,4672
745,11
430,21
1287,4849
974,2818
3314,4884
3225,4759
4614,4819
787,2856
696,5075
1232,4938
4544,4916
3993,50
2708,66
3589,2865
3046,4266
1381,2765
502,4947
1127,2867
1133,4689
3058,4947
2910,4848
4450,4995
1006,4910
3335,4892
3075,1808
3783,1844
2508,47
4407,4677
4252,68
2725,4671
1716,2809
289,4855
563,4668
2990,5
3056,5066
2543,4771
3497,3913
3408,284
2545,54
1086,1727
1049,1844
2710,4266
4322,3505
230,51
3830,52
3378,4749
4701,4903
3476,5077
1884,4778
3239,4251
3478,4913
1012,65
2598,4991
1061,2798
2691,1862
478,4830
3455,4803
2650,4848
3709,132
1038,4905
777,2835
536,2857
4262,2866
4217,4817
1318,2824
3307,4997
2744,2854
3108,4978
834,4862
3473,3883
157,5077
908,4915
1884,5064
3435,1850
4579,4723
2063,1735
4638,4944
477,4761
3109,4771
484,5002
1391,3924
4895,4686
1042,5
536,4688
3999,4613
830,4886
2684,4936
3895,4692
405,4931
3740,4910
1620,4751
2178,2843
1229,2858
1824,5020
3855,4972
1112,4766
530,1856
1186,4966
3574,2779
2233,4824
885,60
3025,2814
3060,4830
2621,4896
2032,1
1380,4695
1287,4997
2210,4856
3755,4754
4310,1856
4101,3881
4802,4912
3141,4772
3784,4931
2697,4635
1434,4692
408,2832
153,13
1574,1730
3103,4856
1108,4264
834,2818
560,4686
3607,4877
3415,2808
2703,4773
2762,5001
4382,65
3891,4935
3577,4901
746,2867
3491,5000
4515,4882
4275,2658
2882,131
2670,4737
4069,2812
2219,5074
2880,4872
59,4995
414,1848
3055,1850
4410,4897
2609,124
1069,2798
1540,4968
92,4951
4211,2833
4744,2848
1987,5000
1512,4766
3126,4676
406,4777
737,1862
4293,2843
2601,3879
4368,1862
4863,1808
3170,4916
4139,4829
771,4828
2366,4848
2585,1729
687,3913
2100,2853
1461,3914
872,4934
3595,5066
2874,2785
594,4770
1977,2808
3028,4916
3589,4690
3766,132
3171,4735
3431,4732
2733,4777
4949,5073
2312,4763
645,4791
4024,4266
466,2785
3700,4720
2274,1818
3179,4729
376,4979
655,4749
315,4886
3423,4775
2559,4882
2419,2845
3244,4992
2031,2787
4600,4763
2713,4741
2623,4880
2626,4862
4726,2843
1289,4732
327,5
2421,3914
4055,47
4269,2856
412,4832
2514,1842
3598,3924
3857,1808
4000,4776
3529,115
3629,4723
2071,4914
1655,4920
2953,4941
2702,4997
4061,5064
3428,2799
4292,1860
582,4737
1008,4887
5005,4818
867,4902
1865,4978
3114,4896
2691,4251
2287,4954
1783,4755
1395,4690
97,4697
802,9
2045,4670
120,4955
3160,1851
2630,4906
3522,1726
3404,4697
4452,145
3417,58
2270,2795
2515,2820
1447,4912
4308,4902
1107,4963
3941,2843
1238,4897
1403,4962
1440,4855
3675,2849
4846,48
988,4912
3929,4696
4641,4784
778,1837
1509,4824
405,5064
762,4738
1391,4905
4350,132
2524,2796
1949,4848
1380,4683
1151,2795
921,2832
3329,4696
1772,2785
787,1734
3200,115
2427,4779
3449,84
2777,4916
3213,41
3341,116
1426,5077
4924,4972
2964,5070
309,5016
3440,1841
1019,218
1442,4917
1279,4718
1697,145
4837,4888
472,4847
1190,4963
2344,4883
1659,4689
4307,4748
3087,4754
306,1842
2149,2844
3430,1839
2662,133
1418,2825
636,4691
1500,4856
3752,67
1781,4761
3408,2789
4031,1843
2899,5018
543,3886
2561,2798
1806,4775
4327,2866
1280,4944
3950,47
2413,4829
2029,62
2766,2772
2550,5077
4170,4735
1712,1862
4561,2822
1126,40
3429,4689
4098,11
3288,4613
1772,4613
1995,4763
2012,4891
4699,1855
2347,1849
3484,2860
1043,2795
883,4990
19,4693
4974,3615
1555,4755
1151,2824
1511,4961
3424,4857
5052,4951
654,4786
3743,5073
1058,42
4245,42
3378,4723
405,4683
2631,4988
3119,115
4353,4800
1216,8
2019,4994
5071,3885
1641,4878
1943,2800
1158,4936
4410,218
452,50
3974,1729
787,113
2100,4971
2068,4903
4175,4870
334,58
589,4882
3467,4782
2312,4870
3688,1851
2194,53
3715,2808
1316,4988
4622,2864
3653,4870
1191,2811
89,2808
3415,4957
3639,4797
1198,5063
3382,1841
1144,4774
3205,1816
1939,4738
1488,320
1061,4736
2988,2800
2200,2785
2231,4769
4545,4734
3903,124
2574,4988
2970,1838
2901,60
3220,2858
5084,4251
1032,124
879,41
4189,4921
3080,4891
259,132
677,4797
1331,40
4767,4683
1587,4787
2990,2867
594,2840
3695,2816
838,4992
646,21
225,47
78,2855
847,4777
22,4870
668,4762
2313,4728
2061,4671
1196,1833
2082,4858
1281,4994
2708,4890
125,4786
4708,2790
3818,4996
3551,2823
1465,38
1526,2853
2907,4688
255,1836
3331,4936
2738,2800
2254,2837
361,2847
1615,4818
4232,4870
4625,5073
3169,2772
4488,1848
2531,45
3133,2772
3550,2786
1919,1839
2296,4249
3662,4634
1947,318
4619,2671
5054,4914
1872,4248
317,69
1893,2818
3865,1833
2065,4970
1202,2840
150,2865
716,4888
3127,2799
3839,4770
3169,2855
4854,1896
4346,2765
5005,3882
3920,4941
4245,5016
3350,4766
2288,4902
2560,320
1361,4860
3387,117
4928,1817
2576,4958
2155,2786
3931,4248
1547,1827
262,4800
2205,2816
1315,4670
3242,4856
4592,4955
2571,1844
2802,4915
1997,4978
4573,2765
396,2781
835,61
5071,2788
2112,5000
1828,4832
3738,4728
1206,4788
1975,4723
4869,5066
3311,131
3917,2810
3702,2798
3149,2854
2903,4910
1329,1836
3537,5018
1001,1843
4451,5073
624,2866
1047,4728
1932,4680
2623,4682
562,4675
2957,5069
3780,41
2440,2765
4181,54
2362,1729
4834,4885
1800,2827
1940,2795
2759,2814
501,2788
406,4903
2241,4681
3114,2843
4218,45
1582,2786
4615,4957
2579,4266
2073,4830
3549,2803
798,2851
4512,4889
3132,4777
1719,4919
4596,2848
3672,2788
4227,4917
2106,4991
4007,80
4125,4781
3935,2841
1290,4858
1163,2860
222,2840
1382,114
125,4882
4053,4693
4194,4755
4893,4776
4486,4968
3422,1845
4663,4776
2882,2826
3148,4792
502,4772
346,3882
605,3886
1484,4253
1096,1840
1701,2781
3065,5065
1495,2788
4366,2847
1578,4970
3904,4729
522,80
3944,4790
743,2788
3741,1729
3526,4697
3285,1861
746,4954
3441,4730
3021,2772
3487,1845
43,1842
537,2851
1982,3879
4838,4686
1485,3615
4365,4760
4494,4883
3591,4891
401,3924
2307,4904
2271,4731
3853,4689
4767,4941
2916,4972
3360,4266
1614,117
3738,2858
4090,45
617,4952
1035,2866
2137,4956
3151,5073
3038,4972
972,2818
3465,4763
181,5018
3797,4697
2572,4941
387,4737
206,2843
2968,1817
106,4824
3213,113
2440,8
4852,4743
1249,4775
3693,4894
1065,2808
4066,133
428,3913
2989,5002
1580,1737
2996,2811
2958,4918
3099,4696
582,2849
444,1737
4898,4961
487,1849
461,4870
210,4797
274,1734
2423,2831
2753,3879
1783,4792
4852,2862
1356,3913
3433,4684
3755,6
1700,4979
2161,4990
4655,3615
1721,1735
1081,2810
2182,4791
802,67
973,4754
2744,4939
3992,4267
413,4762
1079,4743
1425,4848
2965,4755
915,4735
3403,49
1251,4931
2601,15
1134,2867
3472,4894
3502,1735
3259,4723
4050,5018
1821,2849
2358,4818
3799,4768
4453,4672
1682,4929
4867,4783
2694,2857
3370,4901
3652,4873
991,1735
3691,4830
3586,4958
2601,1833
2459,4723
1644,4792
3000,1732
3034,4926
1177,2798
2696,2781
679,3882
4561,2809
4158,2853
2339,4828
4117,2764
3338,4253
1259,50
3225,4897
2926,1841
1637,63
3068,4817
3739,4952
4244,1729
2968,4890
2651,1862
3088,4731
785,1848
4512,4901
1759,1816
2232,4682
2952,2671
4469,4883
713,4697
1289,1836
1585,5000
882,4877
1596,49
487,1839
1880,4904
187,4929
426,3879
1165,4761
2656,1839
4650,4819
3968,1836
3338,4856
4596,4668
2710,2823
2405,4929
2756,4799
2942,2841
4948,113
1397,1831
2465,4961
1699,1861
4651,2671
512,1726
1526,1817
2176,4860
3618,4883
2876,4766
2485,55
1624,2820
2045,2774
3821,124
3095,4832
4304,4783
1564,4896
4595,2839
1641,4613
2471,4797
238,4770
1636,1729
612,4801
3727,1740
3899,4832
3008,21
912,4938
2453,2838
1585,2781
4851,1818
1682,69
118,1840
2512,4929
2612,4746
2758,4919
979,4940
1656,2838
4484,4671
4821,4781
3620,4266
2242,4979
4384,5018
4302,4941
4176,4759
4150,51
221,4897
5022,4849
4193,3912
1898,4763
2938,4779
2461,4953
3201,4672
1100,4886
4372,4987
4413,2811
74,4613
3140,4998
3901,4736
4353,4900
3869,4876
3020,4735
910,2784
3771,2818
2130,4926
4237,4917
4258,2800
4619,2820
606,2799
3158,2776
626,4770
2640,4778
288,4751
2274,4885
683,4931
958,4861
1346,3885
1687,4731
1365,49
4574,2829
4287,4970
1529,4752
3343,2818
3161,50
2548,1729
1507,4885
2436,4720
2063,284
3981,4902
1063,2867
256,4998
4242,4937
1610,4855
2081,4266
1353,4248
1231,2789
1267,2772
2404,62
470,4832
1241,285
2621,4913
3303,4917
3638,4728
2306,8
3185,4797
636,4873
1650,4251
309,4964
2907,318
4189,3886
4667,4828
209,4913
592,12
1358,2827
730,4687
1772,65
3986,4251
4552,4820
4406,5001
1869,4679
1103,2813
1519,4914
1466,4266
1659,4674
1393,2843
4359,5064
2871,7
3761,1841
4098,2855
1114,4760
846,2833
3043,12
3243,4670
2946,4680
487,4934
2253,4815
964,80
4060,4820
152,5016
3043,1843
148,1833
1167,4777
5056,5064
790,4771
826,4952
4927,2812
499,4956
1148,4267
4442,4855
152,2779
311,2786
3467,4929
5078,4733
153,4687
3592,2865
2361,21
4470,1834
1699,34
1483,4778
659,2835
1287,4955
2467,1847
258,5000
3446,47
2630,5077
4632,4729
922,11
3134,2788
1359,5075
2138,80
3378,4734
2406,2810
595,4734
2328,1748
2044,4787
2018,113
4639,4675
3766,4671
1005,4888
1394,1860
3948,4787
3204,3886
3418,4680
4586,4248
1710,1818
2352,2837
4362,84
866,1733
4135,3913
252,2840
2693,42
1458,4697
2311,45
2336,145
2712,1816
908,3505
4702,3877
3916,4970
4841,5
2192,4883
1959,4680
1169,5019
4636,4691
1501,4688
698,4952
561,133
3448,4691
2950,5063
1090,4850
2523,56
4502,12
2915,116
2285,4987
2396,4738
2624,4848
1430,4882
1901,114
1244,2785
1035,4856
2476,5065
208,4685
411,4797
4207,4817
1576,4729
494,124
1949,284
3333,4676
1220,38
3372,2765
3005,4884
1099,9
2640,1832
2441,4777
1071,2785
1367,4969
632,2808
4853,4682
3800,1816
1229,4936
90,4849
14,4963
2729,2790
1975,3879
2762,3881
3746,4955
282,2841
562,5069
2397,60
2424,3912
3130,5077
3776,4857
3172,4772
1175,4904
4162,2782
3338,4979
3486,1730
772,4731
538,4677
4519,1726
631,4768
4433,2811
4463,2833
163,4760
2346,4872
5022,4684
4796,2846
824,124
2907,4850
4513,2832
446,4674
4156,5001
25,7
3160,2820
1023,4251
3067,80
4576,5073
3805,4953
3183,4654
2443,4786
5078,2847
4115,4862
78,60
1784,4978
4246,1841
3273,4963
991,2810
3015,4857
609,1732
481,2831
4537,4955
4085,3884
477,4783
1200,4824
2315,2803
4240,4903
2615,4830
2115,2818
2354,4995
780,4737
1649,4998
442,1850
2519,2774
4431,4789
3861,1725
3768,4783
3951,4956
690,2768
3984,1728
4161,4670
4837,2787
4337,114
3144,5070
2548,4791
5022,4251
3989,4251
4508,1827
1176,4697
1420,1727
2244,2860
4470,2787
4610,16
107,4784
4468,4940
3392,1839
1654,1837
2989,4739
245,2838
3251,4816
1273,2822
1795,4264
1747,4780
1350,1816
236,4766
2905,2824
4097,4820
923,4957
2400,124
1219,2671
2924,4770
989,2824
4980,2808
3492,5
239,4734
3837,4991
1881,4903
1114,4831
3764,1735
3676,2767
3150,4693
4466,2773
2101,2855
1759,1862
4079,4824
2739,2867
1255,2785
4235,2818
2380,4761
473,4249
1518,3885
2728,3924
3958,2832
167,4819
2749,4832
4156,52
3404,2865
2793,2788
212,4997
4376,4906
2635,1837
4017,4677
358,2820
3449,4253
2908,145
3478,1837
3596,64
2710,4915
1251,4902
4626,4818
3011,3505
3578,1862
2610,2846
1125,131
1042,4778
4039,131
1966,2865
576,1856
2583,4926
2984,4248
2342,4765
4624,2768
1468,4669
482,1855
3510,2865
3568,2658
437,1731
2805,131
5034,4891
4450,4972
2284,4689
2363,2782
537,4680
2138,6
225,4962
3797,46
3442,4886
2363,1
1757,4829
510,4957
2467,63
4722,4883
168,2866
4740,4952
2335,4953
3023,3886
2606,2818
440,4884
2521,3882
1010,4938
2578,2765
884,4951
4218,1729
2347,2824
3249,1834
1223,4251
4464,4734
2968,2853
1932,1843
3706,2814
4649,4997
2480,4915
376,4746
431,4730
857,4951
1852,4754
4839,4693
3373,4674
3158,4920
4304,2847
4665,4792
779,4668
1938,5063
471,1844
2320,4955
1184,69
4360,4818
3188,2835
3747,4848
444,1818
2016,8
2589,2854
1296,4747
3775,2788
2119,2779
3746,4894
1496,4782
2316,4882
3699,4953
3820,2813
946,1726
1294,1832
4255,4989
119,4944
4205,4877
2243,4739
619,4830
2482,4687
4226,4786
3443,4890
2162,4890
1712,4790
5043,4738
1126,4994
4111,4904
3309,4850
4704,4265
1658,16
4201,115
3205,4994
1389,4885
2906,21
4543,4797
4016,2800
211,2855
830,4788
4710,60
3085,2833
3688,4979
2343,4901
2418,4966
90,4968
2408,1831
689,54
3361,5066
4441,4936
2297,4963
3898,4684
356,4989
4157,4679
4622,2847
5054,4911
3704,2844
4471,4668
2223,1731
4102,1729
2183,4941
3608,4953
122,4776
3259,4903
2716,52
1238,1735
5058,2787
3995,4613
838,2843
2710,2826
669,1818
2551,4741
407,4965
2999,4753
219,2837
341,4987
2019,2784
994,63
347,4941
2701,4764
2297,4654
3419,4990
3500,1725
4107,4720
5071,2811
4367,4729
2279,5004
1225,4904
4590,4824
3981,2843
2116,1849
924,2798
2903,2785
1667,2768
2423,5004
3664,4787
861,1861
836,4958
3521,4931
5042,4761
2574,4857
1480,2827
3526,4970
928,4908
4341,1726
2387,2789
3059,1848
270,4815
1259,53
1446,2843
820,49
3184,2765
1075,4907
168,2862
1869,4770
1316,4902
4504,4668
1255,1
1221,113
1494,2821
1932,4947
3206,131
3850,47
2203,2826
139,4635
216,4876
1210,4870
2587,4764
2316,2837
1071,4748
3425,117
1061,4935
4371,1838
4434,4634
4435,4879
4114,1725
238,4673
335,2824
3558,4884
3225,1844
3249,5016
355,4944
2642,8
1646,4916
4020,113
1631,4938
2640,4940
2231,4889
3151,2811
3304,4910
2436,4860
1570,4777
4603,4786
2254,1735
4371,4635
1777,4884
1159,2846
3499,5018
5006,1729
3891,4749
530,1726
1428,113
3599,1850
3018,4926
4608,1845
416,5018
4124,4791
2697,5000
2512,4264
3129,2822
1971,2658
1951,2776
492,2782
3222,4957
640,3912
3605,4953
4059,2785
1054,2773
1747,2781
3974,4267
2932,4737
4005,4250
37,1851
850,2856
3123,3882
1091,132
451,2789
1992,1827
3904,53
4455,4736
851,2835
367,4695
2756,5000
4381,4669
1430,145
924,4829
186,60
4137,5020
1781,4739
2322,4775
4483,4776
621,2812
4352,133
4077,2847
3328,4861
2283,4998
236,4891
1480,1
3676,4887
2746,1827
2026,4780
2322,4681
438,4860
1880,4693
4826,2671
1828,4778
3512,4862
1703,4634
3708,2800
2948,2824
4559,3924
1078,80
2990,4774
2229,3
3471,4779
2224,4251
4283,80
1170,4777
4342,1725
1329,1818
2527,2782
868,116
2657,4958
4262,68
2084,7
2328,1735
3901,4958
2540,4249
3869,3883
1038,283
4413,4769
3460,2829
3502,4634
573,2820
3923,4799
844,2658
471,4773
2364,4817
4484,2854
2519,3914
1134,69
2940,2813
3470,4921
1580,4753
191,1730
3475,13
2530,4654
1455,4688
2146,1831
2217,1837
5068,4994
4213,4885
2072,4785
725,1
263,2820
3043,1842
1060,4684
672,4741
2336,4613
4374,4956
1082,2829
3672,5077
4315,284
3214,4790
340,80
2405,4964
4533,2831
647,4885
2591,4957
152,4872
423,2849
4096,4730
3903,4723
103,4998
4014,4690
2075,2811
1296,4676
2147,4917
4107,4669
2161,1816
869,2671
4437,2768
2220,2813
302,4788
3240,4763
3473,2765
909,4938
2913,4993
2212,4916
4538,4966
3477,4946
1520,2768
1882,4858
1672,1
3681,4784
1990,4938
92,1737
1868,4696
2429,4747
306,4720
627,2818
2128,4815
3282,318
1035,2796
429,4832
1888,4731
3141,2847
3662,2809
3424,2829
155,3884
1242,4264
257,40
323,5020
430,4768
4948,4677
924,218
3838,4921
4335,16
484,3883
1220,4992
188,4901
2486,131
1064,4695
805,2827
1191,4684
1467,4921
3280,65
705,4936
793,2798
3063,2784
1115,4680
3143,2844
230,3881
3575,11
1676,12
1688,4901
1948,3881
1504,1816
753,5077
2139,2855
301,1788
1407,1748
943,2803
18,1844
3049,1740
4138,4937
2067,4882
3721,66
649,4963
4022,4762
615,5063
2201,1849
4432,4789
2957,40
1015,1740
3230,4755
350,4857
976,4920
1781,1831
1248,1725
3137,52
3057,4906
1357,4996
2638,2866
5051,115
4151,3913
3341,4731
391,2803
853,4880
4045,5000
3691,4761
1522,4820
4328,4815
348,4883
2904,4915
540,4735
2191,1816
4532,4886
2560,4634
3611,4917
211,4688
3082,4787
2623,4918
295,4741
81,4729
557,4680
4497,4634
1166,4995
5058,2843
1692,2841
1030,3886
3196,2776
4536,285
3280,63
414,3
4023,2856
879,1727
764,4918
4515,4926
4001,113
1709,4829
2982,1836
828,4858
2551,4818
2575,5018
1170,4938
1858,7
1265,4680
582,4978
2706,4887
417,1851
3251,4996
2395,115
3806,4904
1004,1817
3307,2816
4388,2768
1716,4768
3661,4997
379,4996
1551,1831
5008,15
702,1726
4592,4911
2879,2809
3774,4913
468,4681
3429,4673
1212,5063
1471,2854
505,4786
898,3615
4057,2808
2677,2838
2112,1848
3922,2820
3182,4858
4509,3886
4127,21
4402,1726
2340,4958
1877,1848
2621,4966
1556,1837
2641,5074
656,48
910,1733
1312,3924
2475,2856
3045,2822
1333,4956
3450,1856
3737,4819
3906,4906
405,3
2876,4884
969,2782
2228,38
609,5065
2430,62
2488,2765
3476,4654
4047,4955
4391,2816
4619,4747
1268,4729
1424,1834
1470,5065
2649,4723
2899,4954
2147,1835
4666,4265
2283,4896
554,47
3167,4972
3495,4901
965,4788
3678,2812
3291,318
3401,68
4416,4265
3209,4926
1794,133
3445,3883
2010,2796
2365,4741
4381,2865
4281,4752
3773,4850
3958,5016
4021,64
3004,4682
3174,4778
4259,2837
1400,4857
4013,1862
3893,4830
3512,4696
3129,5070
1109,2783
4257,2812
2234,1834
4262,4940
3320,4747
4293,124
1384,4909
3046,5000
4293,4773
3545,4849
3183,4994
74,42
3470,4784
1351,5004
2921,9
4332,1727
4495,4691
5058,5
4053,1831
820,4251
714,4770
1938,131
2276,4872
2437,4774
704,4819
1496,4688
2445,4816
4015,1729
2176,5073
1253,46
126,4913
1272,2851
374,4910
2987,4824
370,4872
3233,4736
3182,4727
4510,4696
1093,4674
2342,133
2545,15
3128,1896
3042,4914
3477,2785
1712,4872
2802,113
4846,4909
123,1808
4664,4889
1036,4728
2408,4723
775,4690
4710,3
802,4249
621,3882
3084,4694
3757,1836
1648,4688
3512,4872
1132,4801
4758,4909
4554,4849
2283,1827
4012,2854
1301,133
2622,62
1001,4818
3811,4935
3411,2817
1501,4741
3973,1827
91,4695
4621,4727
4051,2857
88,50
4500,1731
2578,4760
267,4733
1929,2781
567,2831
1458,2847
2067,1728
905,4953
862,13
2399,3883
3577,4818
3295,115
1980,1847
3962,284
3031,4738
484,4855
3705,4763
3080,5000
3706,4906
2692,4696
495,4784
2583,1848
4295,2658
2741,4889
1992,4963
2283,4689
4712,2764
4378,4797
3520,4781
1651,69
2572,4856
4096,2865
2541,60
3569,2773
602,66
2195,66
874,4897
1021,5070
2496,4890
4137,1748
3456,4793
995,2858
3968,50
878,2840
1655,4931
4569,1851
220,4897
2083,4772
4619,1843
3871,2858
665,60
730,4793
1414,2867
2476,53
790,4888
77,4729
4580,48
2959,4668
2592,11
108,4996
2036,4892
3828,1832
1980,2829
1796,1726
149,2867
2669,4683
2905,4938
3421,4860
1706,4862
567,5002
825,4754
1284,4751
1948,4892
1083,2796
1743,1834
4474,4937
2441,4759
3330,2816
4844,2847
4583,4979
3304,1725
924,4879
896,4734
2213,4764
515,4913
1566,4824
2964,2779
1463,2809
725,1837
3911,4675
4457,2862
1628,4990
1646,4613
136,4887
2563,4266
2949,4696
4409,2855
3142,4729
3270,4674
4219,4964
2077,4877
4532,4776
3365,5019
1125,55
4123,2787
1986,2833
2977,21
2746,2840
3711,4765
4184,4818
3472,4670
4073,3
2296,3877
1739,4739
2963,4750
1984,2796
2374,4675
622,4897
1579,2849
4488,4936
2678,4914
2018,2809
3891,5069
834,2831
1991,4951
366,1896
3663,4780
3097,4747
2002,4729
3956,1827
2472,4727
3567,4870
2027,2810
1268,1831
4021,5
4656,4751
296,285
1465,4674
2493,45
1371,2818
4530,2790
469,4683
4224,2839
3164,4613
2780,4817
2540,4832
1316,4613
1022,4820
915,4785
3553,2798
4629,285
629,4873
2422,4903
1110,3912
2599,4886
900,319
2255,2768
3151,2810
1166,54
1018,2810
3954,4856
1225,4936
3060,1727
3810,4766
907,4681
3152,4674
970,4248
1610,1851
1766,4792
1542,2840
2747,2795
1189,64
3771,4905
4371,4747
3449,4670
3976,2786
2513,4970
1273,4728
3966,4905
1108,2827
2259,12
4842,2811
4576,4682
4140,4913
1320,4978
1515,47
3758,4736
615,2781
1714,4779
212,2862
3490,5073
4071,4778
3041,66
500,4954
2696,2765
1432,4870
1883,114
3232,4760
2021,5074
90,2851
1481,124
2338,1728
3156,60
3773,4952
3658,4677
4390,1831
3971,4803
685,2809
3105,13
2614,4908
4500,4671
713,4681
683,1827
627,2811
1459,1816
1315,114
2981,218
2530,4748
3659,4251
10,4919
1080,4747
2634,4771
1364,2865
3929,2858
3598,4828
2117,2864
4586,4816
4334,4909
2797,4752
2913,3878
1718,2817
3841,4862
898,1818
4422,4686
1235,3615
3354,4884
2640,5066
2129,2825
3774,34
2303,15
1452,4902
4367,3882
2971,4915
4644,4816
1668,4931
2947,4829
2907,131
362,2844
1473,4916
3601,5073
4025,4861
3334,132
1113,4670
2707,5075
1933,2840
1907,4752
1013,1729
1982,4759
4486,4736
4123,4678
1487,4993
565,2658
1528,4686
3247,4956
4441,5019
388,4889
3436,5073
1152,2821
2555,2795
859,4963
3448,4969
950,4739
2183,4992
2975,3881
594,2799
3963,1836
310,4765
4274,4978
920,4801
4130,4248
179,55
890,4870
4406,4670
1457,70
5005,1730
2381,4718
3592,3915
4482,117
3297,1841
1699,2824
3301,1817
649,2768
4146,38
936,4688
2758,2864
1706,124
2689,2783
672,2849
1382,4979
2274,51
1666,4883
4863,2856
3170,4946
1596,4688
2692,4850
1618,2779
3232,4946
2698,4748
3903,1851
1891,9
4076,1737
4804,4989
2475,5002
1591,2846
2094,4688
2327,285
566,4677
197,4952
2089,4266
2177,4815
996,48
2663,4720
1498,2794
2309,1857
4389,4919
4595,5000
2620,4946
1180,1842
2163,4786
1066,3877
2393,132
2581,1729
3049,4789
637,2825
657,1725
2143,4855
3300,2808
4135,3915
507,2783
3718,2767
1475,4932
354,2800
1284,2857
2990,1808
2771,2822
1023,3881
3076,1861
3649,4790
2698,5069
3005,4831
2720,4689
120,4750
3548,4962
2614,4872
1061,4763
3834,4743
76,2845
3401,56
879,4773
3651,4935
4854,4892
870,3913
1036,4884
1040,5002
4151,4988
3482,2845
3968,1816
1304,4730
2542,4685
1085,4693
2738,4828
4585,4849
2339,4900
3719,4887
4525,3914
1288,2831
2911,2781
3854,4735
3596,45
1262,1843
4045,4773
39,114
3978,5016
2710,4996
1761,2867
3837,4760
919,4993
2238,4772
518,5004
4628,2866
3692,1731
2465,4735
4133,4926
4016,4266
3241,117
4629,2812
136,2784
2105,1843
868,5070
1401,3885
1884,4687
873,4779
3781,1817
1924,4696
1946,4679
1585,4251
4514,2788
3732,4730
3323,1850
1628,4676
339,4764
3303,320
2741,4820
2363,84
5060,1839
3943,5016
2705,1729
3378,4944
3567,5065
4398,131
1100,4906
1677,116
2748,4761
3633,4753
3938,1850
4405,2799
296,4749
3478,55
3132,4727
486,4991
1011,68
1191,4818
3550,2833
950,5001
1466,1860
724,2867
3623,4988
4133,4733
2496,2818
1400,3882
1923,4901
3193,2826
3292,132
2374,2855
858,320
3242,1843
977,4862
819,4770
2514,1734
1200,1845
1621,2789
3032,55
3085,4830
2726,3505
234,1827
137,4903
717,12
2272,1728
4099,4675
236,3885
3151,2851
604,4861
2906,285
2986,4877
349,4907
4226,4780
935,42
3001,4783
396,4759
4925,2831
1676,4803
3669,2835
149,4750
3231,4998
3236,4668
2474,16
1499,4857
1908,4897
1637,3885
3207,2867
501,2847
3109,2810
4339,3
4366,4992
2993,4695
199,124
2257,2829
2314,4788
602,1834
336,4890
3425,4993
1701,4694
4480,4936
2505,4730
1177,4669
4811,7
2752,5018
2073,4817
684,4635
2598,3880
3474,5070
2977,4718
1424,4791
1101,4679
2484,2857
2244,54
238,4910
1880,4929
4059,5000
140,1833
1202,2839
4522,2768
2132,4832
546,4877
2129,131
1938,5075
2166,8
4080,1850
4392,4775
1811,1834
697,4776
2391,7
4081,2671
1464,1833
2006,4953
158,4718
3371,2816
2927,38
4973,4775
549,218
3420,4654
4967,124
5017,4904
3858,62
4300,5020
3282,4683
1520,2795
129,4952
3746,4989
187,4820
103,53
2514,4994
3255,4764
3561,4961
1577,4904
1665,5018
3035,4729
2491,4900
1479,3615
129,5065
1643,4718
365,4765
2275,4829
4427,1842
2316,4732
313,2774
2170,4743
1491,2785
1537,4990
4229,4900
2667,49
2674,2787
785,4787
475,4856
3726,4915
4130,4692
4365,4677
719,3915
1672,4946
3340,2782
516,4735
2401,4992
3164,3877
928,4832
1936,2768
1892,4879
1946,4989
1336,2768
95,5073
705,4901
1221,4890
102,4694
276,5
4330,1728
1486,4683
3873,4770
2900,4634
2238,4993
1942,1817
1515,4738
3026,133
4191,4997
2982,5077
2896,4929
3265,4690
2089,4829
2221,4786
3972,2776
725,4817
317,4676
544,4766
2561,4894
2336,4797
2106,4815
2358,4692
2802,4896
2271,4934
3043,4995
2558,1827
4391,1851
4973,4761
3625,5077
3807,3886
4368,4669
2769,62
195,4735
522,46
2155,53
19,4736
4842,4858
299,2841
3093,3879
2471,1833
2653,4998
836,4970
1297,4690
782,4266
2911,3881
3606,283
2025,4265
2425,4940
79,2813
4716,318
699,4694
2258,4970
2744,3924
478,4673
4845,4887
3113,2779
4169,4993
4066,4681
3669,4738
4498,1732
1953,2784
2978,4901
892,4761
1147,131
4187,64
3457,1845
4864,4916
2205,4787
1900,3885
3348,4830
3170,5066
752,4897
4194,4768
5052,2671
1268,4988
4840,4669
743,2865
2920,5020
2656,41
4588,2832
819,13
3458,4849
1745,4883
2727,4736
967,5077
2585,4683
583,2799
3925,4736
2209,1847
2030,4940
657,4739
2657,5063
1564,4909
750,2857
1391,2853
3195,4892
1040,4848
3973,4682
710,4902
1672,4737
1383,283
5044,53
1065,4917
2692,4687
1653,1737
821,68
2667,5018
2100,2812
1601,38
2353,4249
3171,4679
4627,116
2400,4759
1175,4946
2087,4937
4291,4761
1936,2846
4724,4994
1482,4691
729,4953
30,5064
3905,4654
110,4955
933,4686
3776,4946
210,48
102,4880
601,132
1907,1818
2948,145
2055,2855
1364,3915
2076,116
1749,2847
1642,4790
5045,5069
226,4900
4186,2776
3319,1733
4120,4733
773,3615
2390,4770
1427,4861
2210,1855
4948,4962
3836,4970
3963,4690
3783,4781
2446,4720
4557,4760
2358,2671
3745,51
2200,13
856,5069
2963,4941
412,4909
1923,4989
363,4815
1653,5004
1251,4251
2327,4819
3592,2840
2500,4904
1721,4690
1582,3879
929,2831
2758,5019
243,2849
1937,133
3335,4878
2896,4683
2173,3912
334,4691
3939,1847
1093,4742
4115,2855
3045,2764
1650,4964
3957,4990
3556,2765
1601,4937
4394,2849
3701,1733
1605,4993
79,4997
3958,4788
3613,4765
4874,4746
871,1857
4412,2781
1883,117
5010,2779
3135,218
3545,4972
1611,4832
2319,4776
3707,4965
400,4979
87,1817
3895,4883
4648,4909
3871,2825
2049,4951
1749,2849
2270,4680
5023,4987
4206,4896
3566,4675
3689,4774
256,2786
4822,2816
1722,1842
3920,38
2142,1850
3440,3882
280,5063
2477,4749
3842,4873
3257,5074
1195,2844
3867,4915
4927,4817
2232,4793
3616,2832
3619,4691
5050,3882
575,4803
757,2796
4854,4674
3002,4782
1342,5077
477,5001
1108,4831
4629,4264
229,4697
2654,4938
3767,64
1031,2794
2188,80
2001,4730
915,4877
878,4995
2987,4754
2319,48
4169,2841
3435,2832
4606,4634
1451,3915
5026,1833
2340,4997
3647,2853
1487,4992
1979,2835
4581,4755
2138,2824
3787,4986
1646,4250
3378,114
4614,4972
3851,4690
4047,4979
152,1846
3988,113
1469,4752
3492,1856
2707,8
4271,1861
3699,84
2102,1730
3842,4678
3006,1728
4945,4896
1596,5020
1953,113
2547,2779
290,4695
3463,4964
344,2851
71,4772
4017,4930
960,4671
1589,4912
1600,4828
2449,42
4438,2821
690,4890
1876,320
3594,4856
2209,4879
4628,9
219,4267
1234,4882
1019,2825
2500,4861
2805,2772
2466,4669
2049,4675
4034,4860
4449,4748
4018,4962
4543,4915
2531,4820
3296,4901
4656,4889
509,4911
3249,4964
2919,5070
2223,4728
2303,4676
2383,116
3707,4786
22,12
1232,4791
514,2794
999,2832
2721,4934
1532,4987
4839,5065
2262,52
27,1729
3466,4990
4138,1841
2274,1832
3367,4877
3984,2785
2861,4829
4150,2854
4615,60
3665,2768
3085,1727
4278,4671
339,4990
216,4937
1677,65
3765,2671
4467,4764
3463,4954
992,4249
1473,4816
3775,1840
152,4730
919,2818
23,3913
3821,2822
1151,4790
1942,4989
4594,4905
1008,4921
2587,4680
683,4883
2155,4907
4945,4668
3474,1860
1797,1838
3816,1833
3341,4870
258,4727
1930,1851
1605,1
2745,4904
2988,2844
3004,4742
163,4910
1000,132
1968,4785
292,4746
3651,2799
167,4878
2381,4929
3050,4775
4236,3879
2656,4856
490,4908
3300,4891
3020,5075
571,4784
3818,4879
858,2783
2752,4720
3327,4729
3474,4776
1374,4731
2094,11
57,2800
2432,4635
1232,4773
3205,3877
2986,4779
3041,4694
2385,5002
1513,2837
1913,4996
3182,4697
2498,4884
1910,16
3943,1849
504,4847
812,2853
5030,4926
4107,2785
640,4677
4874,4801
414,3877
2050,2776
4716,5020
1444,52
4157,5
2186,4956
1093,2857
257,56
3982,3882
4099,4995
3019,2824
1769,5064
2881,4635
2174,55
1823,4783
535,4264
2186,4911
155,4935
1166,4993
4863,4908
1630,4848
2418,2857
3238,4888
1049,2831
3063,1
362,4669
3534,4905
2661,5064
2520,3881
2422,4674
2171,4763
3528,2839
3203,4800
3554,4788
1248,2822
3065,4672
2462,3505
4974,2810
1610,2811
2585,52
3632,4941
4262,4944
1542,3881
3710,4783
3541,4832
794,4791
896,46
1716,4770
2258,2821
1284,15
327,2866
4011,4669
3650,4961
340,4736
741,52
158,2794
3655,4671
2454,4797
4417,4679
1196,4816
3978,1847
2872,2827
3697,3505
3438,4904
1721,5002
3460,4682
4471,2864
1162,1732
4441,49
1697,4816
584,320
1368,2789
670,2781
3582,4683
3001,4782
2015,4857
2160,4692
553,4914
1102,4937
4922,1837
3496,4877
1235,3878
3233,3884
2131,16
3701,4736
933,4775
181,4994
2586,4732
2390,133
240,4828
3862,2867
3109,2809
1277,4941
2457,2772
1041,4857
3386,4778
1269,3879
4807,61
2987,2835
2188,4730
1871,4938
4530,58
2369,15
3015,3882
1866,2784
991,2773
4520,4676
2023,116
4796,1860
3219,60
1540,2822
4560,5002
526,62
1609,4963
1259,4963
943,4988
4845,2833
3223,4910
2155,1816
4256,5000
1229,320
1662,4678
832,4732
2273,1845
2122,4939
1298,4780
188,48
4213,4635
3764,4830
1694,3877
4502,4769
1246,4249
3445,5004
1583,4785
2352,4752
4012,1844
743,4911
3201,4940
2903,4906
2337,4695
1470,3924
853,4929
2699,3615
4451,2858
1268,4779
763,1840
468,3882
3795,1731
838,1848
4104,60
2404,4920
500,4978
5068,4759
3340,284
4637,2864
4999,4777
4002,1735
2861,4770
4565,5020
3220,4692
2536,4896
3449,6
1613,4901
3388,4776
2654,4668
1048,4771
2573,284
3340,2783
1083,3883
130,4921
681,4799
1870,2787
4056,4897
4806,4753
4190,4763
2718,2860
4288,2811
4177,4742
25,145
678,4934
1820,4951
2353,3924
3181,4731
2076,4904
4192,4799
985,1834
2242,4775
2504,4769
378,4832
3783,2790
330,2829
3780,4878
2106,2786
1597,1740
2204,4993
4224,4991
1223,4939
3960,4971
4665,60
4172,1896
183,4723
4515,15
425,4911
3773,2835
2590,2787
3624,3915
3116,4902
1282,4266
1463,4739
492,4831
3286,4935
87,2767
2101,16
4256,4964
2229,3877
2043,4990
1600,1860
4430,41
141,4727
4179,4956
1245,2866
1261,1837
3409,5075
509,4680
3042,4947
3893,4988
945,2785
338,4817
1819,13
1632,4817
3301,56
3034,4904
2983,4735
954,2833
1746,5000
4629,1836
3466,4918
787,4855
2938,4755
1654,67
3329,4917
3989,4761
3159,63
2193,4903
1712,2846
326,5002
3441,318
222,4683
3057,53
2778,4670
2482,4265
1115,4613
4083,4685
591,132
700,2823
3671,4903
2588,4856
4274,4909
2062,3914
3788,4673
1999,34
429,4953
3740,4265
3226,4937
4361,2812
861,4747
716,4920
3802,4901
4032,1855
4925,1816
1301,6
2409,4677
3202,4696
3239,4861
4827,2812
3455,4670
1504,4917
3464,2658
607,4946
3421,285
446,1839
235,66
4840,21
4337,4820
3825,67
2245,283
2437,4727
4205,4971
2478,4886
4144,2783
1228,4768
3210,4720
1540,49
4973,4891
3767,4916
538,2853
1001,4894
3015,4880
2285,2772
1404,1862
3444,2779
594,4682
5053,145
3750,5065
2544,1732
645,38
1143,2781
4825,1734
412,2787
4622,4955
424,4691
1110,4743
2384,1748
4812,4784
840,4880
1429,2866
3812,4926
2872,1737
2948,4682
2345,4635
208,4937
2311,4748
1107,1831
1592,4880
2042,2774
4027,4915
175,4266
1039,8
2498,1849
3124,4690
252,1850
3402,4803
1624,2794
3648,4759
5058,2800
3263,2822
4303,4909
1250,4732
200,5004
2804,4920
1162,4902
1666,2785
2419,1816
3745,50
902,2841
74,2779
111,2866
770,4687
1966,4873
3395,4730
312,4789
4611,2843
2675,117
4809,4634
1047,2865
4438,1846
4089,4965
1518,4889
624,2658
1252,4782
4056,4815
4621,4987
4604,4751
2150,4962
389,4885
3871,34
1040,4847
1263,4979
250,4781
1372,2835
4384,4911
4297,4751
2533,4742
3807,4900
4023,2774
4334,4850
323,4884
2621,2837
4321,4751
1415,1849
3926,4915
4572,3886
2015,1730
1155,80
4258,4847
3591,5000
4316,4742
1100,4995
3215,1836
1664,64
1619,4892
1927,4885
1488,4996
841,1845
1609,4680
3069,3924
870,4831
944,4957
427,4995
726,4947
408,1838
4479,84
3377,4762
1494,2858
4412,115
544,4988
4523,16
2643,1896
1459,4969
3253,2799
343,4906
987,5070
4105,4776
1249,4912
1266,2798
3771,2822
665,4903
250,1832
3235,4735
1059,4914
3328,4848
826,11
3481,4968
2191,2831
3128,4904
316,4900
1700,4755
2537,4738
2963,4954
2446,4850
3876,132
1522,4986
4984,2841
3917,1734
4014,2764
4717,4679
4593,54
3162,2855
2604,61
1738,4951
1885,4996
1533,4911
4498,3
3327,4676
3908,132
118,4687
2542,2811
3969,8
2218,2773
3712,4862
4006,4997
3970,4849
190,4941
3714,2768
1907,4754
2621,2855
2930,4876
4324,4755
4167,2808
1750,4879
3409,84
4151,2825
315,4909
1458,4816
3270,2787
2028,4786
4310,1734
418,4792
1930,4995
3534,2856
1417,4908
78,4732
445,4764
3341,2786
2914,1833
1717,1851
4942,4979
3264,4654
3487,1742
3060,3615
1320,4736
1174,4752
3025,2833
2453,2776
3022,4918
4515,1816
2025,4763
2331,5077
1699,2826
2535,4952
3078,4992
2302,4669
1044,4926
2417,4952
466,1734
2234,4990
2190,320
3744,4747
1287,4785
4492,4253
2242,4847
2027,4920
2499,4753
2422,2773
3024,2764
646,1833
1231,4952
2556,1841
2626,4873
4413,4989
4621,4878
4643,4906
1826,4670
1290,2764
4567,4937
671,4940
2486,4904
3357,4900
3087,4901
4108,4918
3929,11
3800,2855
2541,5070
3251,1735
3547,50
3800,4784
2308,5070
4274,4785
1528,4847
4422,2846
4009,4939
1054,3615
3801,65
5024,68
2483,4887
2378,4861
1378,5019
4517,2781
2487,4754
143,4890
200,4634
834,2800
2617,2814
2791,2810
5040,68
2363,3884
3042,5002
1049,4890
596,4915
1037,3913
4722,4936
1188,4820
1232,46
2354,4779
10,318
5067,1860
3963,4897
5076,4694
347,4731
4825,4946
745,283
3662,4786
2511,3914
4115,4965
2039,2798
1275,113
3572,5020
1780,4937
2475,4687
3775,62
1289,4979
3289,4693
1346,4964
2167,5019
2437,4892
2076,4966
1976,4958
4391,4693
4186,65
4073,4783
4715,4994
4719,1845
1568,4723
2421,4738
762,2787
3952,4892
1216,1862
1952,2790
4167,4958
1866,4763
4651,4961
28,4769
4376,4929
2727,4939
3995,4991
654,2786
2730,2844
1309,4892
130,1862
3512,4765
872,4888
2979,4886
2514,4877
3545,1861
1308,1847
1236,1748
4854,4783
5057,2829
2096,1726
682,4690
2286,2843
521,4688
4565,4773
3720,4817
3993,4693
1020,4953
4450,4932
3025,2767
2994,42
1932,4769
846,4880
464,4675
3134,4860
1445,4729
1177,4736
2353,3
2709,2864
2904,4918
2687,4768
1449,1831
1340,2866
3086,284
4547,66
3318,4674
1906,2841
2100,21
4453,4966
455,4955
675,65
3029,4738
3791,4267
4459,1857
187,1835
3392,4735
274,2866
1453,1896
290,4728
2622,4883
5021,4751
3088,4679
2697,1856
1812,4857
455,320
4840,1730
4827,56
2770,4785
1937,1844
4796,2799
3576,66
4616,4635
4200,2864
3929,4765
361,1838
4354,1833
3191,42
28,4791
2193,4862
929,5070
1147,1740
4198,2814
1810,1862
457,4862
4382,4816
5015,1857
2150,4955
1976,4682
1399,1732
1781,4921
182,4770
3194,5070
1277,50
3509,1728
2286,2853
2373,3878
806,4818
800,1856
4347,2796
1018,4735
3531,4768
3335,1860
5054,4682
3841,51
3383,2854
4134,2864
2252,8
287,4937
3200,84
2060,45
4556,4768
4282,2784
654,3879
4846,4902
3110,4889
899,1842
3708,2816
2690,4962
2539,4792
4642,2808
181,4914
221,4965
2165,4909
2056,4783
1624,4990
2905,3883
1104,69
3492,4777
2805,320
4588,4686
3944,4266
4120,2671
4851,15
422,4921
2348,4900
2015,1848
2421,4676
4662,4765
4808,5064
4241,4762
4364,3914
4639,318
2644,2843
848,1836
1584,4817
2909,2833
1344,4736
2168,2843
2040,5
1614,4998
533,2851
4034,4768
3377,2837
3585,1896
1179,4862
2288,2772
1160,5020
4491,5016
785,16
2295,4941
2499,4731
981,4787
4090,2837
4103,2862
2988,2817
2494,1818
4112,69
4590,2782
3816,4738
976,5000
2053,1817
1616,4789
235,4686
3713,1735
839,4828
2606,4674
1178,4947
380,2764
872,2799
1274,4856
3166,4929
3911,2837
4204,2849
3652,4882
3887,4963
416,5075
4488,4266
212,2823
603,1834
4061,4856
1312,4831
2140,2835
3118,4790
5067,48
3220,45
4246,2841
3074,1725
4591,56
4092,4831
5007,4994
785,1734
282,4919
2318,4889
3132,4919
3159,40
1299,4964
1633,4932
3340,2776
4122,3912
2432,3915
3862,4993
2575,4901
3132,4774
4604,2790
3929,3882
732,4818
4262,2824
2019,4739
2628,4690
1369,4889
300,4678
1313,4849
5013,4830
3358,2847
1485,4680
1783,4769
1493,80
896,2782
3224,2849
1266,1726
1035,4793
550,4891
1266,2856
3387,41
4632,4968
1716,2860
3026,131
2256,2857
3928,3505
1516,1850
5076,4958
713,2825
4221,4961
3363,3913
238,64
3902,4979
4845,1833
1635,4250
1040,1836
3633,2831
4745,2823
743,2787
380,145
1058,5001
1571,1857
4608,1837
1466,4668
1982,3880
271,4929
4664,133
2366,4799
792,4994
3346,2844
3472,4788
743,4956
389,4929
4353,4736
1918,2864
2372,4897
4536,4768
1079,4690
1428,4720
2895,4790
201,4992
2491,4916
184,4786
4165,4944
2484,56
4609,4816
4193,4914
3106,55
180,4679
1005,4828
3713,69
1441,60
3277,62
3082,1728
3570,8
1465,2786
1969,4944
4259,4613
2168,40
1659,4783
4471,4747
2408,1835
1193,1846
1771,4829
974,2811
2632,4947
3132,4788
1347,2825
801,4828
4545,2855
857,4916
4178,3912
3798,4778
571,4265
4652,8
1660,4773
367,4780
3565,4994
3236,1733
1247,4878
3709,4970
3739,2790
927,2810
1666,42
2432,2833
3089,5077
5060,4250
3107,2790
2386,1748
3493,1833
2492,54
2257,65
4193,4849
2165,2814
783,4971
2698,2767
1438,49
2893,116
1424,2835
3858,2782
3130,4902
3473,70
4073,4993
4103,4634
4228,3880
3731,5063
2094,5016
4588,4979
359,4677
3222,4935
1669,4672
1578,2784
3041,4765
4823,4742
1128,4741
421,4797
4384,4993
3600,2858
3722,4932
654,4894
4575,4996
3479,4971
3322,2784
2965,2818
3044,5073
3573,1731
1530,5000
4999,69
3491,4915
2118,4909
2492,2862
631,2849
1940,4850
1306,2822
1305,4682
1658,4952
547,66
2899,4873
3764,4941
870,4797
1538,5001
4197,70
475,47
292,1733
1648,4735
3503,2847
4356,4784
4244,1725
818,1831
755,4738
1431,4885
4633,3886
1236,4937
249,2786
2611,4736
926,4978
2463,4736
2063,4816
926,4248
2716,6
3150,4918
1937,1788
2538,2832
406,4753
1190,60
3309,4900
1049,38
3124,2846
4049,4792
3816,4957
4169,113
1086,4900
400,12
1859,2840
201,2779
4409,4670
1066,4817
4044,218
1216,4691
2928,3880
1447,5019
3180,4774
3614,1832
2340,16
4022,4691
1935,4733
2343,5
4010,4788
3835,2789
2404,53
1653,4780
4050,2814
2407,40
1875,4267
1181,2866
1613,5016
4421,2827
152,2833
4306,2840
1253,113
623,2846
1404,2767
1651,34
841,49
334,4800
521,3877
3795,4884
3652,4747
4293,4902
2131,2810
3405,4763
2048,4753
622,4769
4085,2858
579,1862
3512,2785
591,4915
3251,2814
479,2849
4724,4784
3653,1726
760,1843
791,4694
2347,4777
2560,2867
2884,5070
3384,4953
1243,4266
3946,2779
1675,2837
36,4693
1104,5075
3000,2795
3093,1836
142,2818
3185,1851
506,1842
3555,15
210,4909
1329,3912
3863,4784
4864,2773
461,2786
3714,2844
1681,1831
3316,4739
3706,4733
2288,4963
1997,4772
3917,1733
935,4754
2546,4762
3863,1725
927,1837
4022,4786
1366,4733
4343,65
3905,4989
3423,4990
3996,4780
2305,4894
2070,5077
4006,5
2380,4995
4320,2844
4031,2790
1499,1
2071,4862
43,4267
821,53
2579,5018
1975,4790
1033,3881
4605,65
2100,284
1359,5064
306,2803
59,4677
1509,4897
408,3915
2869,4909
2300,4742
875,4816
3888,4939
2197,4687
1399,4668
223,2799
808,1844
3270,34
2338,4886
462,21
236,4816
3874,4952
1989,4829
2819,4672
2396,2812
2123,2844
3764,4897
4002,4970
4404,4873
4299,4987
1026,4911
1375,4735
2520,84
3195,4733
665,4912
488,1848
1969,4680
902,4679
2210,4946
4045,4686
272,4668
2948,4941
2546,4669
1035,4801
3751,2768
560,4911
662,1835
4581,2817
3900,4684
3926,2784
1316,4747
1716,48
1942,4675
1285,4873
2109,5074
3123,4732
4169,1857
1398,4694
2185,2824
2515,2811
2129,84
180,4970
3058,4880
1997,4903
2377,2814
271,4872
1507,4870
666,4752
784,1816
2711,7
1221,4739
3857,3877
3046,2820
3297,4803
1853,4978
1746,4911
2623,4654
2736,4994
334,4781
542,4683
2188,4978
3429,2837
4659,2816
2659,4890
1654,2783
2681,4918
1934,4907
2050,16
3562,3505
773,70
4394,4909
2576,40
3428,4654
3442,7
5035,1850
3344,4693
2705,4908
199,42
2236,3884
850,52
2178,4772
2712,4970
2868,13
661,4692
641,1827
1053,5074
1995,2814
2146,1845
2599,5063
3834,2827
814,1856
1965,4733
1150,4754
920,2837
3394,68
183,1837
1634,4935
1955,67
381,5000
241,4775
2222,4690
2027,4905
2666,4876
641,145
1573,4920
2290,1735
610,64
4708,4887
3570,4787
2039,2831
1766,4858
2149,4253
3299,46
3163,4957
815,3505
2730,4903
3634,4751
3602,2671
2021,4786
4639,4783
2471,1808
1333,4901
3961,4790
988,4787
1522,4673
4129,4917
4534,4763
43,2658
3207,4679
3748,1851
3134,4861
4143,4934
2926,47
1345,4937
3359,4951
3563,4792
2777,4872
2599,4759
2497,117
4269,4972
3938,1862
3773,4747
4269,4861
3594,2849
1144,4780
2358,2827
3144,4742
246,3615
2336,2786
3344,4818
1590,4670
3938,4797
3209,4993
3534,4958
1772,320
3315,2823
1491,4932
3734,2767
1281,145
2314,4978
818,3505
4466,113
1025,5075
138,4987
2005,1862
3010,4954
3276,2772
246,4695
3805,1833
4475,114
129,3885
394,4688
1604,4685
3605,4682
2369,4969
2077,4770
1760,4766
4595,4939
4098,1808
4260,1831
4259,2774
2459,4248
4647,4731
946,4635
1785,2796
515,2846
506,2821
2769,4995
3148,1726
4569,2773
2481,4750
1241,4918
2145,65
4027,4669
4560,1740
1141,2809
4076,34
3630,4892
1389,4908
4556,4769
2910,3886
1447,4737
2399,4723
1528,4731
1433,4773
4415,4819
4226,2827
416,1848
2748,131
1981,4947
376,145
2586,34
473,2785
2902,38
3450,4998
1456,5073
3992,4786
4126,1833
5036,3884
1604,4878
4417,4996
3234,4906
2511,4801
3455,4791
4442,4996
958,2846
2471,2824
3416,1845
3157,4728
1906,2794
3193,4919
2948,4992
2669,11
2347,4849
3002,2840
4296,4801
2769,1725
2200,38
1363,3505
3019,4732
4396,4741
1968,4800
449,2823
1244,1850
779,4754
553,115
4708,4253
2011,2776
2741,2774
4637,42
3116,4914
1285,4832
3286,4939
339,2827
4042,4969
308,80
4037,1731
4588,4872
3777,4249
4229,4752
2284,4686
1550,16
1177,4850
3957,2844
1210,4762
5040,4766
3557,4850
4839,5004
1220,4912
2136,283
4321,2798
173,4764
1183,4781
653,4754
4151,4847
3041,1788
178,4978
394,4919
5007,1732
1684,4998
2400,2788
2906,12
2154,1833
129,4735
2453,4691
3783,4265
464,3877
2226,4940
2243,3884
2354,4847
1245,4937
1775,4916
4135,4877
2331,1849
4341,4675
1269,4900
214,1896
3646,4921
4104,4772
697,3882
4222,3881
3286,1841
482,4926
2622,2838
3916,132
2373,1850
1594,1732
4542,70
2652,4901
247,4755
4208,4689
453,4683
1576,1740
2444,1837
4303,1
2732,50
4846,1839
2908,4686
3539,4919
2226,117
2092,5020
544,1896
1773,1845
3435,4742
3291,4672
1422,4677
2698,113
3776,4793
275,2810
2350,50
2192,60
1693,4971
1802,4690
3754,2840
3690,116
1601,41
4651,4696
224,131
1930,2787
4598,4884
4447,1896
4385,4697
2731,8
4329,2837
3673,69
1314,4830
2667,1788
1910,2832
1189,4792
4140,4824
2662,2814
1979,4816
4567,67
3947,4763
849,4780
3758,1742
1037,4265
3787,4914
3691,3505
3498,2827
914,4748
1194,4676
4056,4913
3361,5069
3983,4766
3863,2813
3290,4803
2079,4783
3843,4926
2203,2867
538,2658
4330,2840
3871,2838
452,4729
2250,4897
1124,2787
1230,4739
843,4917
3562,4803
756,4878
3586,2855
3671,51
1174,131
1892,42
3738,4885
4072,1837
2685,318
2927,2851
1311,46
734,4777
708,113
2577,2847
1315,2847
647,4926
374,4861
4396,2800
2043,63
3158,2849
2321,2798
3701,1837
4628,1837
4221,4978
2926,4903
4024,218
2536,9
4339,1827
2077,4760
4044,4733
1426,4820
3797,4883
1583,2764
658,4736
3790,4978
1323,131
2742,4686
3752,1833
1367,218
3334,2811
2578,2824
2683,4735
3171,1841
3099,60
4446,1831
3301,40
2028,4936
2296,3881
2085,4784
5056,2862
3975,1842
1202,4250
3050,4248
1331,4879
4244,4828
1492,2844
2807,2764
3857,1837
184,2838
2473,2789
4610,4880
4666,4955
4205,4781
1812,4803
2044,1834
1381,1740
343,4886
2343,4775
4481,2820
1993,124
1532,1896
1396,4797
5026,4908
3277,4777
1552,45
515,4613
2271,4993
221,4732
813,4888
1310,4718
4303,116
4062,4916
4511,4777
3402,4944
3359,58
1599,2833
1002,4786
217,4890
3304,4883
842,4686
1641,4734
4181,4613
3717,58
20,4998
2926,4934
2274,5004
4311,4998
2172,4876
1286,4749
1477,4771
2327,132
2381,3884
4616,4771
4600,2856
2690,4765
713,4878
1581,4856
1413,4870
3147,1727
938,4774
2736,4872
3868,41
119,4994
2478,4902
2131,2862
214,4978
4454,34
2943,117
4001,4971
4309,4856
3436,4936
3602,12
1549,3885
1482,4849
1436,2846
2999,2838
3013,1837
1893,5016
169,4727
1462,1732
3495,1733
3062,2856
3139,115
572,1742
1030,2860
951,2811
195,4986
298,131
4513,318
4215,4935
2041,1732
427,4997
410,4861
1940,4737
3749,45
4210,4964
3410,4250
3102,3912
310,4743
1878,4776
4131,4829
3832,1857
974,2772
1540,4800
107,4906
1602,4774
2022,4683
803,1728
3864,2832
188,4732
3791,2773
441,2841
2392,4964
2209,4978
1436,116
1997,4818
1564,4718
1431,4763
2153,2803
388,4801
4846,4776
1965,1
4117,4885
491,2795
4174,4830
1051,2837
1102,4676
2978,21
1653,2786
1684,3883
1567,4634
750,283
2259,4760
3937,4680
4330,55
4502,4860
1565,2820
4451,4913
4232,4613
130,2776
3784,4762
1207,2829
1331,2824
2402,4932
4261,2847
332,2785
1700,4723
122,4890
3090,2799
1278,4675
4614,4673
3244,4953
4051,4635
1293,16
3560,4681
1569,4947
2503,1840
4168,4882
4181,1835
2815,4958
1358,4971
1883,2811
1399,4671
602,1856
268,4792
3545,4931
4557,63
2408,4687
3663,4748
378,5077
1306,2843
4258,124
1892,4979
1545,2818
329,2782
5009,1849
2431,4916
2376,2779
4287,4768
852,2798
2495,4764
5045,4910
1677,2796
3972,4265
103,4908
3598,4786
1266,1735
1452,4850
1248,1862
2520,2840
3235,4860
913,3
4277,4784
1721,2862
2338,1827
1227,4847
1060,4824
370,62
2069,2855
3223,4966
1738,1727
921,4779
1678,4613
1753,4676
1874,47
155,4792
942,4894
2176,4685
1274,9
492,4754
3635,4930
4285,2839
1933,5065
3004,12
1470,2855
2649,2825
2399,2822
4745,1845
2423,4989
1133,4785
901,15
1890,4972
4924,2829
905,1848
3177,4952
851,2772
4325,4668
3806,4749
177,1839
1034,1727
808,1827
3725,1740
4113,1862
698,2811
569,2790
1514,4885
3365,4751
3787,3924
4244,4742
3047,285
4318,3878
1106,4778
2192,4873
1008,1833
3612,4919
2540,4775
1031,2823
2123,4963
2228,1728
4410,3912
2291,4770
1455,4818
1419,4878
1295,4686
479,1855
3685,4776
910,3615
4202,4689
4663,4860
4165,3885
4077,3877
1854,2812
3175,2821
2491,4670
3706,2855
2917,5020
796,4792
1200,48
430,4970
3815,4687
22,1816
2478,62
3443,2832
2226,47
2286,2841
169,4771
2193,318
4399,4799
1805,2822
2937,2829
619,4858
4317,4759
4476,1838
2361,2772
1588,1896
532,4900
4844,4803
1180,5016
3007,4860
2971,4992
704,4987
4564,4731
3292,4689
2562,5020
3093,4768
2463,2795
3450,1851
4275,2822
1084,4919
293,4819
3417,4941
969,145
555,1742
1258,4890
3072,4778
4191,4734
3477,4786
4272,2866
772,4743
2984,2776
887,1861
2502,3913
1716,4888
3039,132
4459,3615
863,48
2902,132
870,34
1034,4987
3104,4970
3894,4989
4527,4946
261,4737
726,4862
1260,5064
4100,4957
1410,4861
531,4754
2909,2845
3065,4677
5061,4849
2277,4685
4489,61
247,4750
430,4250
2084,5004
1622,1725
2522,2826
3008,4771
3575,4909
4593,113
538,4876
1059,4783
1915,2810
1995,4913
3242,4849
4523,3912
2911,4676
4171,284
311,4695
3040,2866
573,4886
1057,4997
666,2846
4649,4830
594,2835
3875,16
757,145
3317,4978
3972,64
3415,4766
2451,38
2117,4944
1547,8
3994,4886
3800,2821
3893,1896
2545,4962
952,4654
1319,2814
3782,4962
3875,4902
4255,4884
2533,4828
928,4872
2688,4829
1273,2824
459,70
1880,52
2233,5002
2064,1808
954,4737
839,283
4846,4900
995,4673
4922,4265
824,4792
2517,11
4967,4892
584,3878
1419,4684
1683,3924
1759,1855
1367,4793
917,1848
253,4861
4089,4849
2640,4682
2187,5
4230,4988
2469,5073
843,4872
2054,4673
3745,5018
465,61
2935,4962
963,2824
355,4799
1806,4891
1979,4264
456,4891
4446,2866
4037,4957
2766,1846
2602,1855
1113,2794
1475,4674
4383,4765
281,4785
2411,4990
3034,4759
835,4992
1644,2765
3280,4771
3408,4830
3262,4887
880,4860
1661,4684
4806,2811
3994,2767
3820,4847
1509,4742
3274,4902
3004,1833
2942,5000
4437,1833
2895,4669
2198,4669
2183,4753
1091,4752
2757,4668
2152,4987
3523,1860
1411,1848
2346,2782
2160,4677
4197,4688
2321,3914
2898,4888
2989,4847
3058,113
861,2818
1661,45
1104,4686
328,4731
3870,4697
3117,1845
2973,4251
3834,47
4942,1788
3567,4728
3334,4801
804,3505
2079,80
24,4697
2504,62
4049,66
1130,4693
1380,4986
4949,1733
3862,3881
3149,4862
1884,4941
3672,1857
3453,1732
2436,2817
578,132
3298,2833
2489,4759
3939,2821
3487,4765
4332,2849
4331,4907
2627,4249
1754,4916
2314,4996
1420,4781
1906,4964
1690,5001
2895,4988
3484,4673
2152,4668
596,2833
817,4689
188,2822
1892,3914
4662,3877
886,1732
2145,2789
1179,2788
2053,4769
2243,4856
2342,2824
4412,4912
4854,4763
4393,4994
4569,69
2264,1840
433,3915
1693,4970
1433,4966
1124,5073
2283,2848
5083,4848
1852,1896
697,64
2721,2790
3619,51
2466,4930
5014,4683
633,40
1954,46
2678,5002
3284,4817
2681,4988
3757,3915
2556,3877
4587,2855
447,1728
1936,4720
2417,4817
4270,1840
4097,4761
3538,1839
4503,2813
415,4688
4726,2853
2427,48
3446,4947
4483,51
2087,2818
554,4772
1033,4673
379,1848
3774,2851
1513,4264
567,11
4425,5000
381,2774
3290,40
2449,3884
717,5075
4094,4691
3009,4800
3342,2856
2208,4674
381,133
2423,2820
4269,2796
3745,4887
3916,2809
4124,1730
1510,2809
1456,2816
3261,2841
1079,2790
787,4938
4950,4799
3674,5004
2900,5019
1491,4830
2921,4736
1158,1831
3587,2851
2551,4912
3983,2808
262,4775
2009,115
389,50
2050,3924
2660,4689
2643,4965
3850,2831
3768,5070
4230,3882
3774,11
1863,4970
1090,2786
3709,1742
3052,4746
382,133
761,124
2930,2829
4289,4856
228,2857
3750,4989
669,4969
4409,4876
450,4769
3553,2853
3022,4748
3709,4780
592,4917
141,2845
424,5063
4012,16
1016,2796
1957,2817
2100,2671
3054,4694
3322,2798
4529,4797
2613,2817
3687,1851
2008,4890
588,51
3221,4894
3388,4687
702,63
4092,2779
3055,5074
2278,13
2579,42
4129,4830
1677,5002
4404,4919
4632,4264
3231,3912
1596,4971
4840,2839
4262,2858
4864,4870
3997,55
950,50
1648,4800
280,2658
1202,2857
25,2767
1764,4939
3842,4915
3198,2773
2413,4752
1085,4779
254,4939
1422,1851
2244,1850
4025,4884
2489,53
4296,4987
907,4684
3925,2808
234,4968
3304,4771
3532,2772
1993,1838
2702,2867
1472,4729
1736,4886
3367,4249
1761,4850
332,50
4545,47
4535,4995
979,67
1974,3882
828,4876
3355,54
3426,4774
2051,2860
2559,4743
479,50
475,4793
3363,4862
4086,5
167,2835
1920,4774
4700,2817
166,56
4650,4891
1578,4858
2258,1855
919,1740
2296,12
3098,2829
4210,4882
897,4736
841,1850
775,4771
1469,1842
5047,4752
2718,2798
3890,2767
273,2794
3863,52
2528,4902
2613,3882
1475,4860
2390,4673
4033,4799
3241,1850
4481,2837
2328,4819
71,4931
3854,4938
1992,2818
947,51
3288,4883
1716,4693
4805,4996
3400,4769
2191,4993
460,1848
1068,3877
3595,4759
2533,84
247,1728
2661,4736
2111,4697
3002,45
1595,2658
4425,4742
1605,2813
834,4987
2102,2776
4214,5069
433,2857
5022,4910
1787,4793
1483,1833
252,41
3626,3884
1103,284
529,4918
4543,2839
2169,65
1035,84
1866,1728
976,4946
4449,1748
2922,4770
4244,2768
4391,1737
2081,4917
4472,1843
2478,4913
1933,3884
3021,2787
1139,4752
443,47
3427,2795
2882,4682
848,4790
1718,4936
4664,2764
3034,4970
3044,21
3532,4919
883,2817
1770,285
1783,4903
2895,4762
951,4818
2690,1737
3306,2855
304,4894
2324,1855
4591,4789
1882,2848
1012,62
4708,4785
354,2824
4394,4921
4756,2867
4441,4879
819,1728
1041,4784
3241,4998
1224,4858
1690,4911
3851,4775
930,4989
5068,1844
1610,62
2915,4694
107,2821
3522,4690
2128,4996
4426,2829
4501,2811
462,4760
4159,1841
4230,1827
1453,124
3208,4914
2109,4878
4054,4668
2912,1896
3414,4831
336,4850
240,1841
3575,51
1080,4766
1252,284
2022,1734
3024,4777
2338,84
2352,5020
25,4250
498,4784
1937,4248
27,4849
153,4775
907,4635
3528,1831
1238,5070
4703,4791
4069,4929
1250,4750
623,4720
704,4672
2511,2808
563,4944
3001,4901
2483,4730
2096,285
3262,4776
1096,116
2938,4997
4437,4991
2792,4829
3294,3615
3220,4936
953,117
1499,4963
2218,4683
1307,4917
2339,1856
2668,2784
542,4681
2756,2811
2331,2854
289,4773
1982,4746
1648,21
3042,4886
837,2810
622,2798
1760,3881
2023,4732
1132,4694
2238,2765
2470,5
3388,4850
4079,66
2181,5073
2334,2786
583,1735
1951,4890
1738,4786
3467,1856
393,4944
3891,2848
3438,41
3387,131
1117,16
77,4779
1399,4946
2613,4788
3803,2785
3529,4891
5058,3880
879,4768
1875,4741
2299,4939
454,13
3094,4774
1582,53
526,4750
567,4696
1282,3879
2950,4681
5030,2845
4985,50
2010,4672
4045,4815
249,4947
861,2794
2376,4671
3470,6
1930,4718
2283,3886
1772,4733
640,41
1933,4969
4545,1856
2842,1843
597,4690
4433,1860
28,4819
4794,4902
2239,11
1229,4929
532,4790
3485,4680
4325,4939
1300,2840
3162,4855
3806,4674
388,2800
1825,2853
1013,1855
3244,4926
3674,2833
146,4754
3064,1730
3870,4819
2273,4800
1109,4935
4245,50
3677,4911
3939,1861
477,2854
4628,4858
194,4829
4602,65
1330,56
3600,4958
1790,4939
995,4690
978,1842
2929,4887
4545,3879
4924,4986
630,1729
2948,4734
1133,320
3148,3924
3508,4780
600,4966
4049,4939
1378,4746
4223,145
2713,4634
590,4748
2972,4961
4038,4920
2069,38
520,2822
4023,2854
3193,1846
4488,2810
3768,1748
226,7
1774,42
4505,4747
1086,4736
166,4253
2193,124
521,4884
1696,4788
5031,2811
4514,4894
4332,4729
4298,4793
1974,4878
2752,3505
1156,4855
2586,4996
4540,5019
4080,4856
1054,4775
805,40
971,1840
2936,4934
1435,4876
268,70
1255,4889
3793,4963
2911,4820
349,1849
4205,52
893,2820
272,4920
1277,2843
967,1833
1496,4680
189,3879
2235,1742
2996,4888
1173,4764
4229,4780
74,4883
3796,1788
4258,4771
119,4858
224,2820
3585,11
3154,4673
3223,2809
3319,4932
3925,4889
793,4766
1651,1840
3787,4872
3286,2803
1602,5069
292,4886
1203,1827
3249,1841
678,1861
2718,2854
3554,4819
383,4772
916,4789
3208,1856
540,4969
3385,2809
1883,4742
2326,3879
1510,13
726,1788
2777,1731
694,2826
522,4799
2664,2787
1905,5075
1180,11
4318,4654
505,2803
1270,4784
2086,2816
2757,4889
2081,3877
2404,4727
667,4785
2193,1827
1285,1856
2649,3886
3853,1896
3223,4251
4619,3884
3784,4676
609,4738
4147,4818
3530,3915
1775,2839
4663,4720
3594,1860
1139,115
1132,4987
3580,4718
2042,4753
973,5064
1678,4963
3363,2820
229,4765
3061,50
526,1834
3162,4730
121,2867
3237,4877
3841,2799
1799,3877
3711,2765
417,3913
4184,4971
496,4696
4166,4687
5011,4885
3391,1
2189,4780
4614,4904
4584,1847
1300,4728
4002,1842
3794,2776
3063,4887
3613,1856
4586,5074
530,145
2261,4932
3934,4849
104,4957
3916,4900
358,4694
638,4894
1177,4995
2546,4961
5009,4264
3029,4884
1629,4882
1790,4673
3984,41
4068,4754
4286,2857
4980,4962
2719,16
2020,5070
3666,1841
769,4911
1550,4673
1128,2844
3730,318
2636,2671
3783,4693
3657,4987
4347,4955
2389,4956
4541,2784
3379,133
5034,5074
1933,1734
3176,4253
772,4886
765,2658
3930,4996
3354,1831
4437,4934
3167,2782
2532,2813
1778,4749
4430,4970
1521,4902
986,4251
2029,1838
2323,1850
3033,2840
4959,2671
442,2818
2555,4266
1097,4939
161,4775
182,4668
4813,1748
2759,1725
972,4956
302,3880
2989,4832
1474,4816
2718,4940
500,4940
3017,5070
3427,4919
840,2816
715,4764
4704,13
2193,2817
3492,1851
4310,4755
2149,4750
3132,4800
2889,4882
2928,4856
1463,2867
1603,4770
4699,4769
3384,2813
3257,4831
167,3878
2718,2818
358,4672
2934,2789
17,4916
1820,2856
5003,2848
4114,1843
2884,5077
4277,4903
1939,4788
4494,2820
579,2839
526,2866
333,4954
3565,4880
1251,53
3239,4857
2182,116
4744,4883
1640,3912
3866,2794
3965,4686
3894,4682
279,2776
2869,2840
301,2816
4116,4951
4020,1845
2971,1848
670,66
3899,2822
4081,4803
814,5018
1918,4746
3213,3880
1122,2671
1618,4776
3561,1843
146,4683
2457,4688
4497,4905
773,2864
3386,4730
1143,2856
4118,2862
1891,5000
1409,2856
781,3879
2743,3886
3208,1725
1215,4728
3726,4880
1094,2845
4942,5
774,4829
866,4882
4566,4635
2206,4994
338,4686
75,67
565,2858
1692,4769
845,4776
562,1833
3796,2856
4645,4951
2367,4896
1609,5075
444,5016
3291,2848
71,2773
3369,4763
3037,4669
1407,4733
3777,2839
4039,4781
1110,4965
1679,5066
1954,4736
3494,4953
1636,5016
3027,1856
217,4847
2732,4759
2392,53
987,2812
926,56
854,2851
3643,4695
3973,4997
1001,4673
983,4817
1060,4774
3904,4654
1191,4966
1027,4801
4399,1845
2252,4934
3091,2786
1274,4683
4496,4820
28,4858
1346,2808
2599,4253
1389,4671
5056,4738
984,4768
3083,4877
1178,4885
4869,42
2705,4746
4358,1727
3083,2787
994,1834
4013,4774
2250,4751
3500,4932
1186,54
2716,4929
4642,4963
4401,2811
2117,4887
4530,3915
1977,5065
2777,4790
2666,2818
2891,4912
504,1725
553,4878
3577,5074
2620,2781
1865,1730
1390,1831
3767,3881
1691,2788
3176,4764
945,80
10,2787
4662,4670
2613,4654
1414,1732
299,5066
4335,4781
600,4797
670,4847
1889,4889
4101,5073
1689,4997
2473,2773
2697,4860
1448,1748
3792,4992
2084,4885
2179,2823
3108,52
3844,2858
5023,4966
1689,1835
1549,4951
2958,4997
1073,3914
3421,4777
511,3877
2474,2860
3037,4768
2713,4941
147,4761
2548,4902
2406,5073
1951,2816
4030,4856
4199,55
99,1742
4975,1816
4552,1730
1711,4696
3112,4917
3842,3883
3792,4669
1380,2862
4208,4860
2517,4771
3863,1839
2361,4820
4013,2814
3719,3915
719,4741
2584,53
315,4675
1409,318
4387,4782
4881,1734
1778,4771
4449,4695
254,4692
828,4265
4365,4774
885,4958
2890,1839
2560,4998
4605,4972
235,320
1996,4971
2732,4919
3153,2800
3334,2789
781,3915
4604,4735
2690,1734
2516,4953
1096,5069
3493,4779
1123,2848
570,1850
553,2818
3151,4995
752,4253
719,3
1986,2814
3010,53
3055,4992
1776,4692
4622,9
1953,2848
4162,4966
1033,4718
3498,145
3314,2818
3793,2855
596,4760
3640,2864
2320,4860
432,5020
1803,4635
1058,1849
3619,4966
3222,38
1529,2826
5027,1839
826,2779
4719,1827
4278,2865
1562,1846
1147,4966
4328,1748
2069,2853
3004,4749
4573,2798
4218,4781
938,4873
2457,4892
1349,4900
3347,4818
4533,4693
1161,2818
2341,4753
773,1740
2000,4926
1023,4784
1786,4764
3443,2820
314,4674
1269,4776
4216,4912
799,2774
631,4917
2978,2774
3590,5019
3083,2831
3278,4969
947,4919
4056,2773
3572,4686
3407,4751
1586,4695
3794,13
1245,1725
1688,1842
904,4759
2684,2839
2895,2784
2087,4894
3586,4876
1479,1788
3520,67
3384,4267
3017,4998
2693,1725
4410,4729
2531,2810
2238,38
2332,63
1913,4831
2294,4731
387,4801
3471,2785
682,15
2468,4953
4579,4774
3754,2813
4381,4634
1603,1848
228,4253
401,5
1680,63
3108,40
2706,46
4422,2782
2515,4696
4495,4774
4183,2671
3302,2774
32,4681
551,4797
4050,2846
2302,2776
3920,7
1041,3880
1795,1849
690,2774
3679,4882
3434,3879
626,2776
2514,1742
4709,4749
2342,4894
3851,2848
3706,4879
1668,2823
3548,1860
2729,2798
4325,4938
4608,4986
993,4727
4898,4764
760,4966
612,4755
1777,4788
3054,4251
2001,4697
2329,4693
2424,4693
3402,4265
3628,5077
3979,4936
1908,1748
3359,4944
886,4848
2337,4776
430,4789
4535,4762
4578,2809
3887,4777
2289,4791
2585,2851
2209,318
3981,4789
295,4738
418,4824
1206,2851
3326,4972
3735,2803
2957,4738
1424,4799
3093,4992
3006,2825
2914,4916
4457,4970
4386,2829
4827,4676
4811,4750
1539,4669
3422,4915
2538,4855
4270,3881
2268,4774
650,284
5058,4634
3794,2839
3020,2818
187,4993
4260,4741
4369,4970
3543,2856
3291,1843
4189,34
4397,4733
463,1896
2327,4769
4428,48
3590,2865
4109,2847
1935,4752
1434,2835
2358,2779
1057,5019
600,2789
4336,2845
870,4917
1475,1842
3210,2862
3285,2768
4222,5
4837,1730
967,1832
1736,4911
2735,2796
4189,4818
4133,4906
958,131
3371,1856
747,1818
2114,4685
1557,4613
1017,284
4480,124
1120,2817
2905,2832
613,5002
1255,4687
4112,4901
4640,52
134,4934
751,1827
1199,319
1433,2764
2804,4669
3008,4966
1949,5069
1907,1846
4977,4781
2724,4737
3457,4926
1685,4728
1284,4732
200,4888
1048,1788
2260,4674
5027,4266
4225,4783
4826,1733
4278,1734
1149,2820
4168,4752
3675,218
4546,6
2396,4990
3598,4766
4377,4690
1368,284
2255,4734
669,1727
3972,2768
98,4887
3815,68
4030,4784
3235,1862
1430,2856
4086,4892
2018,2843
198,1742
59,4768
2148,4733
4530,4941
2758,3881
4609,4920
1490,2764
4070,1862
4377,2789
2468,4783
577,283
3799,4759
3740,52
3248,52
3665,4250
2210,4824
1761,4939
4590,4791
3096,1844
2235,4800
2880,4251
2638,1727
3107,4940
3528,4887
4182,2860
4464,5000
2464,5069
263,5063
4101,4729
3945,4766
3888,1817
4531,2784
2921,4952
336,4248
211,2849
104,4815
2104,4777
4312,51
1479,4910
2289,4691
1891,3884
1284,5075
1422,318
2146,4831
3927,4747
3579,4729
3917,4752
1613,4785
4410,4766
4434,2854
3997,2658
1779,2816
1632,1833
4584,4954
166,4997
2554,2796
4383,4860
2775,4761
3567,4952
871,4751
2347,3883
696,4849
1967,1827
1695,1732
2509,4965
3164,4783
3624,5000
1094,4887
3235,2845
2412,4669
493,2858
1516,1846
2680,4958
4361,5069
3785,4763
3894,4729
675,1836
3391,1838
2731,2844
5051,5075
3481,4775
2291,2853
4149,2832
1961,132
835,2768
2610,2824
2287,4731
2859,5073
2451,5020
2936,5074
2590,4931
4554,2765
2101,1847
4665,4886
1419,4748
111,1841
4657,47
1134,4956
2889,4992
2555,4890
1724,4932
1470,218
3429,2858
3389,5075
4466,2831
3260,2826
3038,1896
2288,284
1056,4913
206,4684
3097,4738
3105,2781
879,4613
4636,132
1511,4751
2180,51
3221,4987
4517,4684
1337,3879
4127,4790
2030,2848
1545,132
3950,5077
249,2772
1131,4728
4437,3884
1074,2814
3664,1840
2484,3884
248,2866
593,4828
1979,21
1868,1818
758,4780
1744,4668
316,47
1085,4759
3469,4670
4164,4962
1789,4751
2611,4692
827,1827
4041,2809
4616,4792
4252,2814
4722,34
274,4760
554,4944
653,2789
4706,4941
2112,69
3799,2848
1325,1843
4212,4904
3195,2824
3479,4993
3286,4970
1632,2849
2293,2671
1572,4764
3709,1725
3004,2832
4358,2795
529,2785
792,4249
1943,1844
235,1728
4497,4793
4605,4920
2052,2658
4448,4739
3887,4848
362,4956
4335,1818
3564,4910
3990,2829
5030,2790
2172,4797
4202,2823
1458,4792
2032,4995
602,4828
3005,4770
2312,5063
625,48
2052,84
2737,2800
2551,4685
2060,4732
4400,3884
1174,2787
462,4738
4615,5065
2164,2796
4663,2855
1449,4737
2931,2822
744,1836
2890,4799
1877,4801
3713,4986
2150,4266
3470,4679
2578,4964
591,2794
2520,4772
4534,4883
3177,1788
4181,4753
1396,4911
1435,4777
296,34
693,2817
855,2838
490,2854
4145,4830
2263,8
5071,124
1574,2772
248,4995
1322,283
828,64
4354,4783
3894,1729
1810,2848
3306,4965
134,2857
3144,2786
3791,4771
4512,1848
2391,1737
2669,2855
86,7
2504,285
494,4992
1681,5004
3938,2786
1312,4766
4599,2811
4530,4850
2188,4938
448,4765
380,4824
2168,1748
3501,4737
2940,50
3133,115
2497,4749
2457,2790
74,2866
1462,4915
4036,2764
3134,4778
804,2776
2363,4872
1289,4728
26,4870
4843,2829
5015,4894
4191,4774
3466,2865
2160,4991
2868,53
3728,4739
1139,1860
4042,4249
1571,4885
4169,4266
4441,4780
1014,5065
2978,4931
3471,115
2570,4988
2240,4727
568,1748
2130,4919
1859,2796
3487,3879
2905,4926
460,1850
3904,4750
4429,4687
4219,4682
98,4972
2499,4774
1221,4731
2806,4770
2206,2831
3841,4855
2300,2768
4042,5066
2409,4789
1349,4913
1900,4935
463,61
1502,4778
988,4916
3976,124
5058,68
2961,4783
2056,2851
4423,58
3573,2843
3451,4917
969,1845
4456,4907
1464,1733
1719,2839
3582,4790
5068,4677
3527,4697
1772,2789
3273,1835
1765,2671
2455,1818
3814,5069
4604,283
2001,4749
3141,4764
1028,2847
3735,1851
1669,1725
1762,113
1717,4691
1403,2817
1977,4939
2318,4906
824,4753
1230,5074
4552,1845
755,4676
1279,218
2190,3878
5043,4965
4531,2776
2539,1818
3235,4914
2939,2853
4837,4892
2385,1742
4271,1840
3371,2800
2698,4264
3202,2781
3549,2866
2078,4931
304,4734
4571,4850
206,2809
739,84
675,4673
4305,2814
1653,4936
1602,4791
1096,2813
4535,320
973,4733
1438,2832
441,4692
3788,4752
1773,2781
4435,84
4063,4991
3715,1742
4551,4919
4181,2862
1587,1855
715,4964
2954,4746
797,3881
3011,4673
297,3881
1579,4695
2745,4896
2400,5002
728,1
1749,4774
2651,2658
447,131
2076,4249
2007,4728
3325,2768
1189,5002
2539,4900
3097,4926
2287,4674
3281,4935
1176,4678
1338,2781
887,1725
1736,4916
315,4688
1920,4966
3031,4675
3529,4779
670,2795
598,4968
4309,80
1767,2844
4007,2857
1271,4932
2371,4748
5037,66
3266,1737
900,3877
381,4672
1495,1730
3173,2798
75,4727
3275,285
1531,3915
1829,2784
3751,4988
4027,4738
2929,4891
3119,2864
654,5064
942,1841
3160,5000
706,1843
772,4764
4545,4952
2350,4926
4644,4264
4651,2821
2871,5065
4483,2790
2005,4683
263,3915
4331,4946
3383,4920
4038,2800
57,1788
4058,2860
3741,117
4458,4857
3708,1748
4262,4952
2875,4734
4620,4669
4657,4877
2324,4751
1822,4909
1147,4253
2883,4728
184,1896
898,1862
1579,4677
4517,4966
1156,4754
2921,21
4408,1861
130,4737
142,1851
4295,2803
3541,4937
2954,4879
4297,4734
886,3912
3252,1860
3686,2789
4408,1844
2536,68
2907,2843
2647,4991
2273,13
1650,4901
4383,1839
3832,4954
1917,11
2047,1846
3267,4668
2105,1844
4933,4891
945,2765
1051,1833
2373,4738
2535,4791
1993,1748
2355,2810
3399,4902
4130,4683
2295,4776
1822,3883
2410,4911
2141,4749
2109,4686
3361,4907
2560,4737
156,4772
3362,1788
965,2865
1494,113
2909,3615
3260,3881
172,2808
2729,1847
2422,4676
4840,1735
1195,4921
4541,4751
725,45
4652,3880
1617,2671
4219,4855
1140,54
326,40
1366,5069
4948,67
2402,40
768,3505
3323,5063
3768,4792
668,5070
1402,4682
3917,4958
2750,1849
4407,4934
2284,4790
4029,4912
2806,4760
3484,4894
1286,4680
4039,5018
4664,4678
3198,2658
609,1838
4337,4737
1785,4750
4503,4751
3962,2865
1340,4993
2079,2772
1017,2837
995,4964
143,15
1459,2772
2961,4741
609,4688
1254,5066
2628,4900
4399,4671
2464,2796
1901,4966
4566,1832
3788,1726
3398,54
2378,4890
4324,4770
1654,4774
4246,2816
4825,4759
2946,7
2756,4906
2478,4671
1970,3884
517,16
333,1817
914,4772
1168,34
3693,4912
4715,4790
619,320
1328,4790
210,4668
3440,4847
3469,1834
4412,4857
263,131
1721,61
4457,4955
3654,4681
2704,2858
1178,1856
122,4765
908,4876
2514,2811
3794,4753
277,1827
603,2855
2723,41
662,4264
3436,4669
2207,2846
3271,3880
4415,1856
1033,1862
2092,8
925,4891
2203,55
3485,3505
4449,4931
2303,2856
3002,4878
1160,4993
4592,1725
1276,5064
4546,2794
2551,4905
657,4760
3215,1725
1317,4250
185,2817
4325,4892
4144,4819
3680,4759
4476,4248
4126,2817
2637,4877
1263,4951
2920,1729
1413,4941
2276,4912
730,1832
708,4792
4298,4890
4745,1856
3697,4905
407,4266
2318,4979
3044,47
838,4746
3465,4759
1335,2857
5008,4789
495,5000
2115,4870
957,4771
991,4727
2061,4873
1613,4831
1068,1788
2135,4856
551,3924
5058,4957
3848,2808
3518,4730
3508,4738
2315,4892
4081,4961
3122,49
2587,2864
3089,1848
419,4253
4525,4723
3089,4941
1790,4679
729,1833
4226,4935
305,4947
2585,5073
4059,4876
1202,4817
2685,4747
120,4910
3022,65
961,5000
1026,4738
948,4786
1113,40
201,4824
1121,2849
1012,4784
380,63
4603,4769
1648,4997
2216,1740
370,69
3681,113
4116,1726
3846,2839
3350,1896
3871,52
485,4738
1571,46
3180,1731
3581,48
571,4832
1006,4907
3746,4998
3832,114
4309,4832
1258,3879
3626,4877
504,4784
3990,1735
4482,3884
1823,4953
3896,4972
633,5000
3447,2788
3795,4991
4662,1817
96,65
1747,4691
3485,4958
3006,4963
2983,2796
1969,4939
4331,4860
206,4685
3089,2783
3387,4971
4484,4963
1615,4905
2902,70
2964,5000
2066,2824
4100,3615
1453,2785
4040,2776
4515,4963
1781,4790
3407,4963
3834,4695
1446,4939
93,4896
627,4718
4381,4801
4375,2822
604,4889
4118,2784
2089,4775
3728,4678
242,4781
2115,4771
198,61
578,4265
1001,2849
251,5004
3910,4921
1064,3912
1324,4932
4097,3879
3040,318
5081,1725
1250,4934
1096,45
2536,2849
5011,2832
3028,4788
1972,4734
808,63
943,4732
470,4818
1852,4878
1339,3915
3976,2812
3427,2800
4140,2845
2233,2658
169,4856
1065,1843
2447,16
2495,2790
1715,51
842,2820
3891,2781
74,4903
716,4858
989,4906
24,5018
1090,4929
3867,1840
2300,2818
4022,4964
1667,4892
3414,285
1870,5065
2613,114
708,318
4362,4969
3801,319
4115,4816
1459,4848
4029,4788
419,2827
4713,4988
2214,4830
236,4728
440,4921
5033,80
4808,5000
3868,2767
3243,116
2591,4674
3674,1840
4337,4251
3661,1834
1528,42
1781,4792
3636,4762
3450,4891
1271,4817
2241,4941
1993,5000
3364,4996
3069,4884
3507,1848
5036,4786
4414,4799
3445,2864
2111,4692
3561,4741
3647,84
3049,4883
3682,4996
4706,4730
3802,15
213,4815
4838,4870
2129,4989
771,4682
3415,4733
2976,4882
975,4778
640,114
1792,5073
3695,2781
2863,50
2231,4993
4060,64
3762,2857
1790,115
365,4682
2950,4752
497,4932
3389,6
1718,3924
4388,4691
3709,3881
2015,4782
1885,1834
4158,4968
1750,4996
1423,2781
790,1832
373,4741
4719,4754
2398,1726
3543,2764
3335,2845
2732,4931
1098,5
3216,4720
276,4921
345,63
3767,3883
2127,21
2135,4669
4394,4914
1301,3881
4000,4902
1288,4680
4419,4934
3584,4774
953,2839
255,4680
4124,4267
2879,4882
3033,4953
4109,2789
2490,34
1191,4737
2103,4668
626,4824
1957,1836
2163,4890
2255,4736
3377,4990
2580,5074
917,4888
