1723,55
334,5002
997,4613
3261,4884
2178,4971
470,4751
2061,70
4704,1734
555,1848
2630,5073
1077,4978
4575,3878
3908,4903
1443,2841
3497,2811
2439,4742
3149,2788
1333,4989
2248,4926
4450,4909
1635,5001
2555,2787
753,132
2899,114
33,4771
621,4940
2713,4754
4950,4908
764,284
3896,4741
103,4682
2106,4938
3836,4886
1618,3505
3619,4968
461,5074
4948,40
2689,4938
2385,2839
3690,4799
4616,2798
3301,4894
4756,4831
3046,2783
656,4892
2921,42
4037,2862
4507,4676
4411,63
3568,2803
4552,4912
3420,4684
4273,50
1177,3883
2131,4858
2369,4913
3761,65
3916,4824
1791,4780
4358,4780
947,3882
5003,4697
3906,2853
3803,4739
480,4993
3289,2781
1757,4861
574,4790
452,55
687,4904
3386,4753
4091,2824
549,4919
4570,4929
1634,4734
1487,2858
3891,2853
3150,2764
2771,4249
1106,4774
4405,2789
537,9
4466,4737
89,4765
255,4861
4977,2855
3985,5066
925,1827
4466,3615
3044,4693
1244,7
3467,4888
5007,4634
556,2773
2601,4987
128,2837
3369,4993
1206,1851
3178,4934
2960,2786
4439,5001
2099,4674
2051,1843
522,2772
593,12
3244,4266
1176,4693
3848,68
755,1788
4358,2849
4140,2789
1076,1834
2775,4250
2770,1727
4664,2795
1363,1726
1214,4847
851,2790
4185,4965
427,4930
3182,2855
1481,4951
659,4847
380,4962
4977,1817
4047,3913
3235,5073
2029,5066
2418,2848
2897,2821
3469,1847
470,4951
782,2846
111,4788
1421,2820
4260,4912
3149,4775
4522,2774
959,2858
3064,284
2510,318
3595,4770
3836,4265
2973,4855
5012,2825
4551,2789
3000,4736
83,4989
3504,3
3366,4746
3845,4775
324,4909
1269,4746
4387,2822
526,4904
4243,4862
912,4748
2698,41
1549,1740
1666,3880
2365,4937
1897,3914
3683,4904
35,4828
1424,46
35,5
1719,4741
3398,1832
2001,2812
1378,4904
3722,114
248,4728
330,4777
3651,2821
3621,5001
1117,113
1150,4896
4704,4858
347,53
361,4680
1093,1740
4286,4779
3700,3878
3304,1851
1271,3885
801,4884
4262,3912
417,1740
3849,47
3973,5069
935,2782
36,4857
2621,4781
4423,4919
1107,1726
1664,4956
3271,2787
557,2849
2321,4776
521,283
3226,4737
3930,4896
965,1848
3797,67
3530,4911
1243,4746
1315,4873
1201,2838
3849,5073
4445,4696
1912,4886
4576,3912
3782,4944
1214,4920
4507,46
4479,4905
4228,4677
1522,4849
883,4677
1380,4759
1758,3505
4605,4739
2338,4955
2003,2814
897,4831
3550,2779
4621,4748
149,4986
729,1727
3672,49
3509,4769
3999,1742
3901,4735
1095,4952
900,46
1446,4958
3227,4752
3962,4735
4182,4669
2879,2854
2309,2820
887,319
913,2826
3815,1851
3920,4918
2392,4910
1744,4672
4451,4765
1555,64
3862,60
3413,4972
2322,3912
4177,2832
2676,4789
245,1832
5017,218
4567,4879
515,2768
4175,4654
502,1856
2892,1844
1544,13
2189,2829
3024,132
686,38
3600,4892
2741,41
5050,133
2541,2823
4171,4876
4233,2841
4196,4892
3755,1732
4942,62
2630,2795
2926,1842
4149,4989
2686,4998
3697,1734
4085,4986
4616,5069
2938,283
342,4790
490,1740
1895,4786
3529,2812
3470,4731
4288,5064
1063,3912
1919,320
2328,4970
2544,4877
1550,4694
4171,1740
4125,51
3269,3883
1089,3885
4030,4803
269,4986
3295,1839
809,5002
3674,5000
4401,4920
294,4930
1173,69
1698,4940
1871,4858
1483,4749
2303,3878
357,4882
3835,4964
4195,49
3421,4870
3335,2862
1789,7
2203,5074
264,2795
3340,319
3080,4765
4419,1862
3658,5065
1916,4677
1994,4932
3719,4737
819,4944
3409,4832
1376,2866
1768,4692
1352,2856
4520,4998
3228,2823
4805,2839
1431,3878
4088,4938
3468,4961
3017,4776
2249,4918
20,4892
2045,4654
2616,4778
794,1839
3949,1857
2805,4687
328,5069
2681,4689
1298,2787
1273,4901
205,2789
1453,2821
2969,1735
484,4877
3066,1861
1759,21
3206,1839
2610,4862
5012,5004
195,4675
3502,2846
2663,4679
1870,1837
1145,4684
317,2816
150,4964
206,4748
1793,4777
3994,4938
4320,2658
4653,12
2168,1861
4521,4937
3026,4784
3729,4917
3921,56
1048,2798
2670,12
3332,1827
3130,4743
5040,46
164,1727
1103,2800
3632,4685
2110,1851
4169,4264
4609,2788
2431,4877
3208,4872
3393,4777
2625,4679
1777,2798
1092,4737
3286,52
321,4693
4086,4792
4231,4858
1391,319
2372,2832
4002,2816
540,2799
3598,2767
5014,4264
1912,2786
1484,4266
1976,1835
4570,1862
4095,3880
3962,4992
3835,4755
796,1896
3390,1788
4391,1733
4241,4887
1043,4801
1428,4785
4869,2814
1465,2864
848,4778
2674,1817
4042,4778
3045,2790
3844,4997
4200,1729
1441,115
2068,2857
956,2860
4332,1
1803,4926
4261,11
1071,2826
906,1728
2030,9
2109,4761
832,4988
4259,4770
3996,4253
3723,4735
1583,2851
879,4766
4039,4754
2092,48
3928,4917
4160,4887
1639,4969
3749,4873
3585,4920
946,4879
2746,4861
3629,5018
4293,45
2287,4831
3292,40
3585,4777
4607,4885
4757,4850
126,4998
3354,1818
373,4855
1221,4749
2661,56
4943,4732
1922,4768
4539,4746
2414,4673
2464,132
3150,1896
373,4760
882,1834
3532,4897
3691,4773
2166,4912
4823,320
3159,15
5043,1856
1994,124
1110,4788
1634,4735
4432,4963
1210,4931
4666,124
1075,4748
72,114
1197,1832
1224,4987
1253,1832
217,2864
782,3882
3390,3
333,2810
2963,4878
1685,4931
4544,4266
4030,115
4623,4996
3037,4914
348,4688
3713,4720
3678,5000
4113,3924
3963,45
3978,4993
1518,5070
249,1845
3491,2862
2516,4762
1251,1730
2722,4957
2304,4654
3430,2849
1158,4789
588,145
634,4676
1508,2838
4606,4670
2226,5075
740,2808
5042,2782
2246,3913
2420,116
3224,4773
1504,2765
4440,15
4224,1808
3336,1842
3321,40
4095,124
2143,4989
391,1856
1863,1818
2989,4921
2619,15
615,3878
3482,131
3988,4766
3738,4905
462,4856
4473,58
547,4914
233,3877
4437,4684
702,4953
4460,4904
2895,4884
3193,5016
3112,4979
1706,4769
108,4682
401,4891
1821,4901
3727,4954
1830,46
1420,4987
2162,50
3082,4937
1264,2795
3334,2855
384,4917
4311,4779
2915,1729
1235,3886
1028,4986
2959,50
1355,2837
4591,51
170,4253
3233,4733
2777,4892
4260,4267
3279,2818
2997,284
628,60
2326,3912
4177,4748
4596,2854
4589,319
4152,2794
3397,4904
3274,2818
3752,4921
4292,4894
481,4674
4427,4776
2176,2808
820,2849
3963,4787
3724,2803
3142,2840
2315,5070
3830,4682
1291,12
2051,4613
3491,2796
723,4787
2478,3877
1590,4908
3793,4800
2166,2796
340,4766
469,4990
1067,4890
689,1731
3167,56
157,45
2164,4905
4138,3886
4608,4953
427,4739
1048,84
2687,4860
477,2822
2562,4989
3655,53
626,2860
858,4692
379,4731
3525,1808
2640,4265
3918,1817
2108,4938
4055,4968
1180,4968
3098,5066
4545,4916
2109,4688
3390,2829
4625,4680
1254,2824
724,4792
1457,2794
3525,50
397,4954
2540,2776
3682,2851
3789,2813
3036,1
3310,2784
3169,4768
2979,4730
806,4996
4052,5004
4388,41
1770,4753
4534,2811
3460,1842
3029,2781
2179,2783
761,283
3783,4689
572,4781
2298,2765
2049,1835
3174,69
1445,2764
1238,4965
2769,53
3946,117
3658,2773
3898,4997
3058,4946
813,318
663,1851
2891,2866
2507,4857
4757,1831
1502,4946
703,4939
1903,4249
1499,4783
315,50
247,2799
1858,1817
2374,4687
1693,2864
4865,63
933,4675
4222,4885
364,1836
984,4250
4413,2795
1583,4882
1193,1855
1465,1730
2010,4979
1719,4889
1591,2795
1771,4963
4603,4691
3588,4848
4385,60
3136,4831
3617,4829
3393,4733
3940,62
2264,4830
3080,4930
399,2658
3425,4855
4298,1734
2389,1730
2300,2767
3874,1827
3684,4675
157,4856
2215,4951
2315,1840
1493,2831
170,4676
4822,12
4626,283
3024,4993
2107,4775
3182,4782
3836,1740
3793,5070
1485,2816
297,1831
3427,4824
1267,3615
1854,1846
1464,4953
1479,4990
3563,65
541,1817
1750,4970
4813,2837
1474,4689
154,4687
1579,4913
2203,1742
4484,4947
1190,4934
3559,5074
2550,4910
2130,2781
1450,46
216,4887
776,49
2727,4683
2000,4761
3671,5069
1284,4673
2182,4723
3384,4946
2274,3880
660,2783
1184,13
3745,4900
3511,116
521,4944
543,4766
748,4764
2291,4892
4368,1861
4569,4248
4170,4781
1447,2841
3719,4932
677,4729
3870,4991
83,2784
397,1726
4922,4879
3433,58
790,131
2123,4747
3539,4678
1739,40
1957,113
3427,2784
811,4265
174,4684
3187,2824
4064,5019
471,1727
4581,48
4538,4634
1397,2849
3747,4939
1473,4690
3512,4941
168,2823
2529,2827
365,2837
2575,58
3156,4251
686,285
4429,2785
384,4635
4709,133
1371,4755
3796,4896
3708,4687
4636,2772
5010,4766
398,1896
2622,2854
3968,1846
4141,4727
1909,5077
1518,1732
3512,4634
0,50
4166,2814
3621,2829
2397,4803
1496,1846
311,4731
2285,3881
3702,2816
660,13
4290,70
2753,131
289,4684
4656,4964
2919,5075
923,4689
3598,218
2742,4797
1797,4695
155,2816
2293,4916
4384,4917
995,4780
2127,116
4309,60
474,4905
2033,4932
1190,4883
2751,5064
154,4771
3692,6
3149,4912
3496,4682
1229,4764
1190,4962
841,4779
4802,3913
1484,4941
1815,2827
2126,4761
1937,1856
516,4815
1650,4861
2249,5073
2564,4248
2227,1834
1769,4742
1877,4691
166,2823
4165,3877
5038,2803
4268,4870
3214,4908
370,4253
3826,2845
3772,4763
3108,1727
215,4786
4558,4683
4325,4932
4,4732
350,4858
2238,4768
1882,4801
2124,320
2904,2768
3698,2862
1961,4777
540,1846
371,4778
1317,4830
4340,4695
1738,132
3091,4901
3221,4830
3596,4926
3776,4250
565,2844
3679,4728
2924,4944
594,40
3717,1896
4719,1740
5012,3884
3528,4749
2267,1844
280,3879
3695,4951
2335,4654
2948,1839
400,2813
2129,4920
2625,11
1704,4752
488,4858
491,2765
4612,1788
3532,320
2562,2856
1988,4687
2211,1834
3644,4694
399,63
4617,4906
2919,318
2642,3878
769,3878
1039,2867
2902,4671
3182,4855
1931,2765
204,52
5037,2658
4321,4684
1138,4962
3286,4753
3606,2853
2192,2844
3802,1896
3123,67
698,4781
3242,2851
4327,4916
4497,4742
1532,4849
1411,2826
645,4911
1994,4765
3279,4901
358,4783
4436,1808
177,4735
2802,4688
1360,4987
1979,3505
3193,4910
2601,2864
402,1835
3619,4759
4924,55
2356,4902
2748,2823
3166,3878
2616,5074
3483,4921
2172,9
4639,4762
371,4889
2673,4784
4461,2840
2101,1856
818,4824
929,4753
3319,4931
73,4912
3517,2839
1155,2812
3362,4952
1017,4936
4295,4797
3042,2833
473,2794
3537,4677
195,4920
95,4932
1996,1735
337,3883
4280,4953
395,4695
2972,47
2416,4896
3742,4926
2749,4739
4068,65
1571,4910
1427,4829
92,4989
311,4765
1062,1827
4531,4857
430,4889
3619,2795
4506,2844
4066,320
1096,4828
1010,62
2282,4886
2090,3913
3825,47
3249,2866
3631,4972
1447,4686
2155,49
3363,2827
2009,2809
1394,4912
374,1832
662,4989
1767,4778
1575,2774
906,4988
3987,1842
859,4916
1013,5064
3022,2767
3624,1831
2301,218
3577,4873
746,3913
816,2796
2130,5066
2976,2810
3353,5075
3102,1733
3078,2862
1356,3912
1565,4764
1929,4832
2297,3877
2361,4672
430,21
974,2818
4028,4934
3225,4759
4614,4819
787,2856
696,5075
1516,1857
3993,50
2708,66
1381,2765
502,4947
3975,4958
3058,4947
2910,4848
1006,4910
3335,4892
1399,4781
2508,47
4407,4677
1716,2809
2543,4771
4507,4908
3497,3913
3408,284
2545,54
1049,1844
1119,4894
2710,4266
4322,3505
230,51
4701,4903
1675,1733
3476,5077
1884,4778
1012,65
2598,4991
677,4248
1061,2798
3455,4803
3709,132
777,2835
4115,4916
3307,4997
2744,2854
3108,4978
3473,3883
2254,1831
157,5077
908,4915
1884,5064
2063,1735
1526,4764
477,4761
3109,4771
4895,4686
536,4688
3490,4737
830,4886
3740,4910
1620,4751
1824,5020
1625,4919
1112,4766
3855,4972
1186,4966
3574,2779
1355,4681
3025,2814
2621,4896
1380,4695
1287,4997
93,1827
4310,1856
4802,4912
3784,4931
408,2832
3922,4730
1574,1730
1108,4264
834,2818
560,4686
2024,4689
3607,4877
3415,2808
2762,5001
3577,4901
4550,2849
3891,4935
3491,5000
4275,2658
2670,4737
3246,2810
4515,4882
4069,2812
414,1848
3055,1850
2478,2824
59,4995
2609,124
1540,4968
4211,2833
3504,4695
1512,4766
4293,2843
4368,1862
4139,4829
4279,21
771,4828
2585,1729
3595,5066
2874,2785
4313,4952
3766,132
3431,4732
4024,4266
315,4886
2421,2867
3700,4720
3423,4775
2419,2845
4726,2843
3263,4723
4600,4763
2623,4880
4055,47
2514,1842
602,4778
3598,3924
412,4832
2071,4914
2953,4941
253,7
2702,4997
4292,1860
1008,4887
3114,4896
5078,3914
1783,4755
1395,4690
97,4697
802,9
812,4954
120,4955
2630,4906
3404,4697
4452,145
4048,4669
3417,58
1447,4912
1107,4963
3941,2843
941,4266
1440,4855
4846,48
4641,4784
778,1837
2654,66
3929,4696
1509,4824
1949,4848
1380,4683
4474,4690
1151,2795
921,2832
1772,2785
787,1734
4527,116
3449,84
3213,41
3341,116
4924,4972
4104,4613
2964,5070
309,5016
3440,1841
1019,218
2666,4817
1442,4917
1697,145
472,4847
1190,4963
987,2865
4307,4748
3087,4754
306,1842
3430,1839
1567,2816
2662,133
1418,2825
3752,67
3408,2789
4573,9
2899,5018
4031,1843
1806,4775
4327,2866
702,1855
2413,4829
2029,62
2550,5077
4170,4735
3366,4882
4561,2822
4098,11
3288,4613
1995,4763
2507,1838
2012,4891
2347,1849
3484,2860
1043,2795
3922,64
1555,4755
1511,4961
3424,4857
5052,4951
803,4926
4245,42
405,4683
4353,4800
1216,8
471,4830
1641,4878
4410,218
452,50
3974,1729
4336,4887
2068,4903
4175,4870
334,58
3467,4782
1269,4934
3688,1851
2194,53
3715,2808
1191,2811
567,1725
3415,4957
3639,4797
2200,2785
3903,124
317,2790
2901,60
5084,4251
879,41
4189,4921
3791,4979
3080,4891
4767,4683
3695,2816
78,2855
1043,4718
646,21
847,4777
22,4870
2061,4671
4350,4935
2082,4858
1281,4994
2708,4890
3818,4996
3429,4901
1465,38
1526,2853
3331,4936
2738,2800
2762,4847
361,2847
4232,4870
4625,5073
3169,2772
5061,2825
4488,1848
3550,2786
1919,1839
4619,2671
4510,1860
5054,4914
317,69
1202,2840
716,4888
4136,40
3839,4770
3169,2855
4346,2765
3920,4941
3264,4897
2288,4902
2560,320
3387,117
3931,4248
1190,124
2155,2786
2576,4958
262,4800
3242,4856
4582,84
2571,1844
2802,4915
396,2781
5071,2788
2684,4998
3738,4728
4869,5066
3311,131
3917,2810
338,4944
3537,5018
4451,5073
1047,4728
2623,4682
912,70
562,4675
2957,5069
3780,41
2362,1729
2567,4935
2759,2814
406,4903
2241,4681
3114,2843
2444,2827
1582,2786
4615,4957
4512,4889
1719,4919
2880,3884
4596,2848
3672,2788
4227,4917
4007,80
3798,4743
3935,2841
1382,114
4194,4755
4486,4968
4597,4251
4663,4776
3148,4792
346,3882
1484,4253
751,4718
1578,4970
3904,4729
522,80
3944,4790
2107,4908
746,4954
3021,2772
1982,3879
4365,4760
2321,4926
2307,4904
2271,4731
4767,4941
2916,4972
4299,52
1614,117
3738,2858
4090,45
617,4952
1243,4668
3038,4972
972,2818
3465,4763
3797,4697
4846,4921
387,4737
2968,1817
3213,113
4852,4743
1414,4891
3693,4894
4066,133
2989,5002
2996,2811
1316,4998
444,1737
4898,4961
487,1849
461,4870
4079,4861
2423,2831
2753,3879
1356,3913
1700,4979
2949,2865
4655,3615
1081,2810
2182,4791
1425,4848
426,2813
1079,4743
2965,4755
915,4735
1251,4931
4562,4780
3259,4723
4050,5018
2694,2857
3652,4873
4745,4961
3691,4830
3586,4958
1644,4792
3000,1732
446,4746
1177,2798
4561,2809
4158,2853
3225,4897
2898,2847
2696,2781
4117,2764
1259,50
2926,1841
358,1833
3739,4952
4244,1729
2651,1862
4512,4901
1871,4912
4469,4883
1585,5000
1880,4904
187,4929
3554,1788
1596,49
882,4877
426,3879
2656,1839
954,54
4650,4819
3968,1836
3338,4856
2710,2823
1772,4765
2405,4929
2942,2841
1397,1831
4651,2671
239,1733
1699,1861
1526,1817
3618,4883
2876,4766
4465,2825
1624,2820
3821,124
3095,4832
1564,4896
2527,4803
4595,2839
238,4770
3727,1740
3008,21
2691,4931
4851,1818
118,1840
2612,4746
979,4940
2122,4727
4484,4671
3620,4266
2242,4979
4384,5018
2672,4777
4302,4941
5022,4849
1898,4763
2938,4779
2277,4955
3201,4672
1100,4886
4372,4987
3140,4998
3730,2788
3901,4736
2130,4926
4237,4917
4258,2800
3088,80
4619,2820
626,4770
2274,4885
958,4861
749,283
1687,4731
1365,49
4574,2829
1529,4752
1032,34
3343,2818
1507,4885
2063,284
1063,2867
4397,4817
1610,4855
1231,2789
1267,2772
2404,62
3068,5
1241,285
3638,4728
636,4873
1650,4251
3713,15
2907,318
4667,4828
209,4913
1358,2827
3197,145
1772,65
3986,4251
4552,4820
1103,2813
1119,4994
1659,4674
4359,5064
3761,1841
4098,2855
1276,4799
846,2833
3043,12
3243,4670
2946,4680
2518,1818
2253,4815
964,80
152,5016
148,1833
1819,1726
1167,4777
790,4771
826,4952
499,4956
2026,4753
1148,4267
152,2779
3467,4929
5078,4733
3903,1849
153,4687
4470,1834
1699,34
1483,4778
2975,1842
1287,4955
2467,1847
3446,47
2630,5077
2660,4803
3134,2788
3378,4734
2044,4787
1005,4888
897,4730
1394,1860
3948,4787
3204,3886
4586,4248
5033,4990
866,1733
252,2840
1458,4697
2311,45
1380,4921
908,3505
4702,3877
2192,4883
1169,5019
3655,285
1959,4680
4636,4691
698,4952
3448,4691
3068,1841
2950,5063
1090,4850
2523,56
4502,12
1151,4634
2396,4738
2624,4848
1901,114
1035,4856
3452,4250
2476,5065
411,4797
1576,4729
1949,284
122,285
1099,9
4853,4682
3746,4955
282,2841
4643,4773
2762,3881
562,5069
2424,3912
3130,5077
3159,3882
3172,4772
4162,2782
3486,1730
772,4731
4454,4921
538,4677
4519,1726
4463,2833
163,4760
1291,4894
2907,4850
446,4674
25,7
3067,80
1428,2857
3183,4654
4115,4862
78,60
1784,4978
511,4850
3273,4963
3015,4857
481,2831
4085,3884
2440,4944
477,4783
2315,2803
4240,4903
2115,2818
3637,15
2354,4995
442,1850
3951,4956
690,2768
10,4782
4337,114
3144,5070
2548,4791
3989,4251
1418,115
4508,1827
1176,4697
2244,2860
107,4784
2673,2867
3392,1839
2989,4739
245,2838
3251,4816
1233,65
1795,4264
1747,4780
1350,1816
236,4766
3402,2784
2905,2824
923,4957
2400,124
1219,2671
3142,50
989,2824
4980,2808
3492,5
239,4734
3840,4877
1881,4903
1114,4831
3150,4693
4466,2773
3802,4819
1759,1862
4079,4824
2739,2867
4235,2818
246,69
2728,3924
167,4819
4156,52
212,4997
4502,4672
4017,4677
2908,145
3478,1837
3596,64
1960,4788
2710,4915
1251,4902
4626,4818
2610,2846
2723,4772
3011,3505
1966,2865
2984,4248
4624,2768
4053,4885
2342,4765
1468,4669
3510,2865
3568,2658
652,4979
437,1731
5034,4891
2284,4689
2363,2782
4070,4908
2138,6
225,4962
3442,4886
1757,4829
1067,2789
510,4957
168,2866
4740,4952
2335,4953
1153,4832
2578,2765
2347,2824
1223,4251
2968,2853
3144,4797
2480,4915
857,4951
4839,4693
4304,2847
3243,1855
779,4668
471,1844
2320,4955
3747,4848
4279,3878
2016,8
2589,2854
2119,2779
2316,4882
2529,41
3820,2813
119,4944
2243,4739
3443,4890
4214,4654
1712,4790
4111,4904
3309,4850
4704,4265
399,1843
3205,4994
1389,4885
4543,4797
4016,2800
345,69
211,2855
830,4788
3085,2833
90,4968
3455,45
2408,1831
3361,5066
4441,4936
3898,4684
466,4695
4157,4679
4622,2847
5054,4911
4471,4668
3707,1849
3608,4953
122,4776
3259,4903
1238,1735
913,50
2551,4741
2999,4753
341,4987
994,63
677,1742
2701,4764
3419,4990
3500,1725
5071,2811
2188,5069
2279,5004
4590,4824
3981,2843
1667,2768
2621,2822
5042,4761
1480,2827
3526,4970
2387,2789
737,2854
1259,53
1446,2843
3184,2765
1075,4907
3480,1834
168,2862
4504,4668
1255,1
1221,113
2050,4799
3206,131
3850,47
139,4635
1210,4870
1576,47
2316,2837
1071,4748
4371,1838
4434,4634
4306,4689
4435,4879
4114,1725
238,4673
3558,4884
1625,4635
3225,1844
335,2824
1646,4916
4020,113
3054,5000
2640,4940
3151,2811
3304,4910
2436,4860
3256,1842
4603,4786
2254,1735
4371,4635
1777,4884
2338,4791
1159,2846
3499,5018
3891,4749
1428,113
3776,4736
4608,1845
4124,4791
2512,4264
3129,2822
2055,4920
1971,2658
1951,2776
492,2782
3222,4957
3171,1848
3605,4953
4059,2785
1054,2773
3974,4267
1345,4872
37,1851
3123,3882
1091,132
451,2789
1159,4803
3904,53
851,2835
2756,5000
924,4829
3022,132
2322,4775
4077,2847
3328,4861
2283,4998
2069,4896
236,4891
3676,4887
2322,4681
4826,2671
281,4880
3708,2800
2948,2824
2229,3
4283,80
901,4755
2990,4774
1170,4777
4342,1725
2527,2782
4709,4674
2328,1735
3869,3883
1038,283
3460,2829
942,4692
573,2820
844,2658
471,4773
4484,2854
2617,132
3470,4921
1580,4753
191,1730
3475,13
3165,2767
1455,4688
2530,4654
2146,1831
2072,4785
4465,318
1060,4684
672,4741
4374,4956
4315,284
3846,3886
2405,4964
647,4885
152,4872
2075,2811
1645,4748
423,2849
3903,4723
2147,4917
4107,4669
1406,284
2161,1816
3240,4763
2212,4916
3477,4946
24,1834
2913,4993
909,4938
3681,4784
92,1737
2493,3882
1868,4696
2429,4747
306,4720
3141,2847
1676,4781
3424,2829
323,5020
430,4768
924,218
3388,51
1220,4992
188,4901
2486,131
1191,4684
1057,48
1467,4921
793,2798
3063,2784
3143,2844
98,2773
1688,4901
2139,2855
301,1788
1407,1748
1147,4991
3049,1740
2067,4882
4022,4762
2201,1849
4594,4764
1015,1740
350,4857
976,4920
1248,1725
901,4855
3057,4906
5051,115
4151,3913
4045,5000
1786,2800
3691,4761
540,4735
2191,1816
2560,4634
1967,2658
3082,4787
2623,4918
557,4680
1166,4995
4336,4760
5058,2843
1030,3886
3196,2776
4536,285
3639,4799
3280,63
414,3
4023,2856
4001,113
4056,2840
1709,4829
417,1851
1004,1817
3661,4997
3086,4679
3251,4996
3307,2816
4388,2768
3774,4913
1077,4799
379,4996
1551,1831
4592,4911
3429,4673
2554,1862
505,4786
4057,2808
2112,1848
3182,4858
2383,2866
4509,3886
4402,1726
2621,4966
1556,1837
3269,4938
2475,2856
3045,2822
1333,4956
3737,4819
1902,4903
3906,4906
2876,4884
969,2782
2488,2765
541,1837
2430,62
4047,4955
1268,4729
1424,1834
1376,2831
4391,2816
1470,5065
2649,4723
2899,4954
2294,2832
4666,4265
554,47
3167,4972
3678,2812
0,2832
2283,4896
3495,4901
3401,68
3445,3883
2334,4891
3958,5016
3004,4682
3174,4778
4013,1862
1111,3886
3129,5070
2234,1834
3320,4747
4293,124
4551,2784
3046,5000
4293,4773
74,42
1351,5004
4210,4750
2921,9
4053,1831
820,4251
714,4770
4247,4964
1938,131
2437,4774
704,4819
1496,4688
4796,4739
2176,5073
126,4913
1272,2851
2987,4824
816,1849
3233,4736
4510,4696
2342,133
2545,15
3230,12
3477,2785
2802,113
1036,4728
4710,3
1560,4919
1648,4688
3512,4872
1132,4801
4758,4909
1277,2785
1301,133
2622,62
1001,4818
1501,4741
452,4766
3973,1827
91,4695
4500,1731
2578,4760
1427,4687
1929,2781
1458,2847
905,4953
3577,4818
887,1788
1980,1847
3295,115
3962,284
3080,5000
4292,1731
3706,4906
495,4784
2583,1848
2283,4689
703,115
3520,4781
1651,69
4096,2865
602,66
4795,2798
4137,1748
3456,4793
995,2858
1655,4931
3738,318
2083,4772
3871,2858
730,4793
2476,53
1268,1856
2959,4668
108,4996
3828,1832
1980,2829
2240,4739
149,2867
2905,4938
1706,4862
825,4754
3391,5075
1284,4751
1743,1834
4583,4979
924,4879
4607,4952
2213,4764
1566,4824
2964,2779
725,1837
4145,1862
1628,4990
2563,4266
3142,4729
3270,4674
291,80
4123,2787
2977,21
3711,4765
4184,4818
668,4733
4073,3
2963,4750
1984,2796
2374,4675
2638,4876
622,4897
1579,2849
1991,4951
3956,1827
3487,2833
3567,4870
4021,5
2493,45
469,4683
1483,5077
4656,4751
1465,4674
4224,2839
3164,4613
3451,1818
2540,4832
1022,4820
3553,2798
4629,285
3148,6
2422,4903
2599,4886
2255,2768
3151,2810
2806,4697
1018,2810
1225,4936
3810,4766
970,4248
2577,117
1766,4792
3771,4905
4371,4747
3976,2786
486,1834
2259,12
4576,4682
1320,4978
3758,4736
4079,2800
212,2862
3490,5073
3041,66
500,4954
1390,4831
1432,4870
1883,114
3232,4760
2338,1728
445,4748
3156,60
3658,4677
3971,4803
2614,4908
3974,5066
713,4681
627,2811
1459,1816
1080,4747
945,4654
3929,2858
3598,4828
4334,4909
2797,4752
3131,69
1718,2817
3841,4862
898,1818
1235,3615
3366,4932
3354,4884
2129,2825
4367,3882
4644,4816
3919,4861
2907,131
362,2844
1473,4916
3334,132
2323,50
2707,5075
1933,2840
1982,4759
565,2658
1178,4671
388,4889
3436,5073
950,4739
2183,4992
4335,4789
3963,1836
310,4765
4274,4978
920,4801
3779,4738
1457,70
3592,3915
672,2849
1382,4979
4514,4944
2274,51
3170,4946
2698,4748
3903,1851
2277,1857
4076,1737
2475,5002
1591,2846
2094,4688
3343,1845
2327,285
197,4952
2177,4815
996,48
3490,4994
1498,2794
4389,4919
1180,1842
1066,3877
788,4998
2143,4855
3300,2808
507,2783
1475,4932
2408,4793
2990,1808
2771,2822
3076,1861
3548,4962
2538,4763
2614,4872
1061,4763
3834,4743
3651,4935
1110,60
879,4773
3401,56
870,3913
1040,5002
1515,4776
4151,4988
1304,4730
2542,4685
4585,4849
2550,2812
2339,4900
3719,4887
1288,2831
2911,2781
2182,4989
3596,45
4045,4773
2710,4996
1761,2867
1986,4876
3837,4760
919,4993
2238,4772
4628,2866
2080,4855
2465,4735
4629,2812
136,2784
868,5070
4130,4801
1401,3885
1884,4687
873,4779
3781,1817
1267,2851
1585,4251
4514,2788
3732,4730
2741,4820
1058,4774
339,4764
1628,4676
5060,1839
3567,5065
2873,4789
1677,116
3938,1850
4405,2799
1011,68
503,4791
486,4991
950,5001
1466,1860
724,2867
200,283
4133,4733
2496,2818
1923,4901
3193,2826
4290,132
2374,2855
858,320
3242,1843
977,4862
2904,1838
819,4770
2514,1734
1621,2789
3032,55
4845,4736
137,4903
717,12
2272,1728
4099,4675
3705,2821
3151,2851
935,42
396,4759
1676,4803
3688,2788
3669,2835
149,4750
1908,4897
1637,3885
3448,4900
3207,2867
501,2847
4366,4992
336,4890
824,12
2993,4695
199,124
602,1834
4480,4936
3777,4670
1177,4669
4811,7
2073,4817
684,4635
701,4755
2752,5018
3474,5070
2977,4718
1424,4791
1623,52
2484,2857
2244,54
140,1833
1202,2839
3264,4789
4522,2768
2129,131
1938,5075
4080,1850
1194,4886
2391,7
4081,2671
1464,1833
2006,4953
975,1827
2927,38
4973,4775
549,218
3420,4654
404,2867
4967,124
5017,4904
4300,5020
3282,4683
2106,4780
1520,2795
3746,4989
103,53
3561,4961
3386,2817
129,4952
3255,4764
1577,4904
3035,4729
4353,4784
2491,4900
129,5065
2275,4829
1537,4990
556,1844
475,4856
4130,4692
1672,4946
2401,4992
1118,1837
1892,4879
95,5073
705,4901
276,5
363,2765
1486,4683
3873,4770
3265,4690
2089,4829
1962,1844
317,4676
2561,4894
2358,4692
2271,4934
342,2840
2558,1827
4391,1851
3807,3886
4368,4669
684,1855
522,46
2155,53
19,4736
4842,4858
889,2787
2471,1833
2653,4998
836,4970
2425,4940
2498,4941
79,2813
4716,318
2744,3924
478,4673
3830,1730
4845,4887
4169,4993
4066,4681
4498,1732
85,9
1953,2784
2978,4901
1147,131
3457,1845
1181,5074
4864,4916
3348,4830
752,4897
1268,4988
37,4768
743,2865
2656,41
819,13
3458,4849
1247,4765
2727,4736
967,5077
2585,4683
2209,1847
3850,3882
1745,4883
2030,4940
657,4739
750,2857
2650,4910
1040,4848
1672,4737
1383,283
2692,4687
4552,53
1653,1737
2667,5018
1601,38
2353,4249
1757,4750
2400,4759
2087,4937
4291,4761
4724,4994
4551,4774
1482,4691
30,5064
933,4686
210,48
2166,4989
2948,145
2076,116
1642,4790
226,4900
5010,4791
3319,1733
4120,4733
773,3615
4557,4760
1410,4777
1427,4861
4948,4962
3963,4690
3745,51
2075,2833
2963,4941
412,4909
1923,4989
1251,4251
3474,2839
2327,4819
1721,4690
929,2831
243,2849
1820,2789
2173,3912
334,4691
1093,4742
3045,2764
1592,4688
3939,1847
3957,4990
3556,2765
3701,1733
3765,4848
79,4997
3958,4788
871,1857
1883,117
293,2811
3707,4965
400,4979
3895,4883
4648,4909
4350,4815
3871,2825
2049,4951
1749,2849
5023,4987
3755,4920
3566,4675
256,2786
4822,2816
1722,1842
1387,2865
3440,3882
280,5063
2477,4749
3867,4915
4173,4688
2232,4793
3616,2832
3619,4691
5050,3882
1407,4907
1342,5077
1108,4831
229,4697
2654,4938
1119,4696
3767,64
1031,2794
915,4877
2987,4754
4415,4926
2319,48
3435,2832
1451,3915
5026,1833
1534,4917
2340,4997
4581,4755
2138,2824
1646,4250
3592,4903
4614,4972
3851,4690
152,1846
3988,113
432,2866
1469,4752
3492,1856
2707,8
3699,84
2531,7
2102,1730
3842,4678
3006,1728
4945,4896
1193,4873
290,4695
960,4671
1589,4912
1600,4828
4508,4784
2449,42
4438,2821
1876,320
4628,9
1314,1849
1019,2825
2805,2772
4034,4860
4449,4748
3647,2788
4543,4915
2531,4820
3296,4901
4656,4889
2065,132
2919,5070
2303,4676
2383,116
3707,4786
4501,4919
1232,4791
514,2794
2721,4934
1532,4987
533,4819
27,1729
4138,1841
2274,1832
3984,2785
1260,1732
3665,2768
3085,1727
216,4937
4467,4764
3334,4743
3463,4954
992,4249
3775,1840
3821,2822
4225,4680
1151,4790
1942,4989
4594,4905
2587,4680
970,4691
3474,1860
3816,1833
258,4727
1930,1851
1973,5066
2745,4904
2988,2844
3004,4742
163,4910
5011,1896
292,4746
167,4878
1968,4785
2381,4929
3646,4265
2656,4856
490,4908
858,2783
3327,4729
2577,4912
1374,4731
57,2800
2986,4779
1913,4996
3050,2823
1513,2837
1910,16
504,4847
5030,4926
224,70
4107,2785
640,4677
4874,4801
1444,52
4261,4932
257,56
1166,4993
3238,4888
3063,1
4143,4250
2422,4674
3528,2839
3203,4800
3554,4788
2958,6
1248,2822
2462,3505
3632,4941
4262,4944
1984,4929
1542,3881
3541,4832
896,46
2258,2821
1434,2838
327,2866
3650,4961
340,4736
741,52
1505,5075
4417,4679
1196,4816
3978,1847
3438,4904
3989,4248
1721,5002
3460,4682
4471,2864
4441,49
3799,4746
1162,1732
584,320
1368,2789
3582,4683
875,4891
2015,4857
1102,4937
3496,4877
3701,4736
4232,1847
2131,16
2586,4732
240,4828
3862,2867
33,1832
1277,4941
2457,2772
4807,61
2987,2835
3852,5064
4530,58
3015,3882
1866,2784
991,2773
564,4654
4520,4676
4796,1860
526,62
1609,4963
1994,4728
4845,2833
3223,4910
4256,5000
832,4732
4095,2813
188,48
4213,4635
4502,4769
3445,5004
3155,4778
1583,4785
2352,4752
743,4911
2337,4695
2616,4934
468,3882
3795,1731
838,1848
2404,4920
493,1833
4637,2864
4999,4777
4002,1735
2861,4770
4546,4882
3220,4692
2536,4896
2654,4668
130,4921
2595,2810
2718,2860
4177,4742
25,145
678,4934
2628,4689
2353,3924
3181,4731
2076,4904
2242,4775
481,4789
378,4832
3783,2790
2106,2786
4224,4991
3926,70
1223,4939
4665,60
4172,1896
183,4723
1814,1837
425,4911
2590,2787
3624,3915
1282,4266
2341,4782
3286,4935
87,2767
2229,3877
1600,1860
1074,3883
141,4727
1245,2866
3409,5075
3042,4947
2726,3878
945,2785
1632,4817
3034,4904
954,2833
880,4953
1746,5000
4629,1836
787,4855
2938,4755
3982,1788
326,5002
222,4683
2482,4265
4083,4685
644,131
700,2823
3671,4903
2588,4856
3788,4673
3525,4965
3740,4265
4361,2812
716,4920
3802,4901
1493,1727
4032,1855
4925,1816
2409,4677
3202,4696
3388,4979
3464,2658
607,4946
3421,285
235,66
2581,4862
2437,4727
4205,4971
2478,4886
3210,4720
94,4905
1540,49
4973,4891
3767,4916
538,2853
413,2831
1404,1862
3444,2779
3750,5065
2544,1732
360,4683
4622,4955
424,4691
1110,4743
2384,1748
4280,4747
840,4880
3812,4926
2872,1737
2948,4682
3997,4689
2345,4635
208,4937
1107,1831
2042,2774
4719,5077
175,4266
3124,4690
252,1850
1624,2794
926,4877
5058,2800
1250,4732
200,5004
1162,4902
1952,2764
2419,1816
3745,50
902,2841
111,2866
3623,49
770,4687
1966,4873
3395,4730
312,4789
1805,4789
1047,2865
1518,4889
624,2658
4056,4815
882,4730
4604,4751
2150,4962
1263,4979
250,4781
785,4718
4384,4911
2533,4742
4023,2774
323,4884
3757,4773
4321,4751
3926,4915
2015,1730
4258,4847
631,4731
4316,4742
1100,4995
1664,64
1927,4885
3851,2782
1488,4996
841,1845
1609,4680
427,4995
3472,21
4479,84
1494,2858
4412,115
544,4988
1204,4880
1459,4969
250,1832
3235,4735
3328,4848
4174,4777
3128,4904
1700,4755
2446,4850
3876,132
2680,4995
4717,4679
3162,2855
2604,61
1533,4911
516,4998
3327,4676
3908,132
3969,8
3712,4862
4652,1737
4006,4997
190,4941
3714,2768
2621,2855
4823,2832
4167,2808
3409,84
315,4909
3270,2787
730,2768
1930,4995
3534,2856
1417,4908
78,4732
1720,5000
2914,1833
3487,1742
3060,3615
1174,4752
125,2827
3025,2833
2453,2776
3022,4918
2331,5077
1547,1727
2535,4952
3078,4992
2302,4669
3744,4747
3719,2821
2190,320
1287,4785
2242,4847
2027,4920
2902,4939
4492,4253
2422,2773
1231,4952
4413,4989
4465,2857
2626,4873
671,4940
3087,4901
3929,11
1428,4792
2541,5070
3251,1735
3800,4784
1528,4847
2516,4860
4009,4939
3801,65
5024,68
2378,4861
3748,1844
4517,2781
2487,4754
143,4890
834,2800
3426,4670
2363,3884
3042,5002
4722,4936
1232,46
3682,38
5067,1860
5076,4694
4825,4946
2511,3914
2352,1729
2039,2798
1275,113
3289,4693
2437,4892
1471,4963
1289,4979
1346,4964
2421,4738
762,2787
4925,1856
1866,4763
2727,4939
654,2786
2730,2844
4407,50
130,1862
2979,4886
3545,1861
5057,2829
3446,2764
1308,1847
682,4690
2286,2843
521,4688
1570,4685
3993,4693
1020,4953
846,4880
464,4675
4143,3914
3134,4860
2709,2864
1340,2866
4547,66
1247,4264
2100,21
675,65
3791,4267
187,1835
72,4786
274,2866
290,4728
5021,4751
4840,1730
710,4253
4827,56
4616,4635
4200,2864
3929,4765
1207,133
361,1838
3191,42
28,4791
1147,1740
1517,4677
4198,2814
1810,1862
4382,4816
2150,4955
4423,4939
1976,4682
1781,4921
182,4770
1277,50
3705,2827
1018,4735
5054,4682
3383,2854
4134,2864
560,1861
287,4937
2060,45
654,3879
4846,4902
2955,4736
3110,4889
3708,2816
2165,4909
2056,4783
4509,4998
1104,69
3492,4777
2805,320
4588,4686
3344,8
3944,4266
4120,2671
2421,4676
4808,5064
4526,4751
2015,1848
422,4921
4364,3914
1584,4817
3468,4896
1614,4998
3377,2837
3585,1896
1160,5020
1701,2774
785,16
2295,4941
2499,4731
981,4787
2047,4860
4090,2837
2494,1818
4112,69
3816,4738
807,2799
2988,2817
976,5000
2053,1817
1616,4789
1805,285
235,4686
2606,4674
1178,4947
380,2764
2209,11
1274,4856
4204,2849
3652,4882
416,5075
3500,4870
4488,4266
2140,2835
3220,45
4092,4831
5008,4784
4591,56
4246,2841
5007,4994
282,4919
2736,2846
2318,4889
3159,40
1633,4932
2432,3915
3752,4753
3929,3882
732,4818
2628,4690
300,4678
1885,4747
5013,4830
1783,4769
3224,2849
1266,2856
109,1847
2256,2857
3928,3505
713,2825
238,64
4703,4738
4845,1833
1635,4250
4745,2823
380,145
1208,4816
4608,1837
1466,4668
1982,3880
4664,133
2468,4817
2366,4799
792,4994
3472,4788
4536,4768
3215,2864
2372,4897
1428,4720
201,4992
184,4786
4320,4774
180,4679
1005,4828
1441,60
1465,2786
301,2773
4259,4613
2168,40
4471,4747
2408,1835
166,4896
974,2811
2632,4947
3132,4788
571,4265
449,3924
1660,4773
3565,4994
3236,1733
1247,4878
4984,3877
3739,2790
2432,2833
3089,5077
5060,4250
4865,4679
2386,1748
2257,65
4193,4849
2698,2767
4080,4718
2893,116
3858,2782
3130,4902
4103,4634
4186,2824
359,4677
1578,2784
1128,4741
3722,4932
2483,4957
3479,4971
3322,2784
2965,2818
3044,5073
263,56
1530,5000
4999,69
1940,4850
1306,2822
1909,4824
1305,4682
1658,4952
547,66
3764,4941
1585,4914
870,4797
1538,5001
4197,70
1648,4735
2428,5002
475,47
3503,2847
4356,4784
818,1831
3871,4748
4244,1725
4633,3886
1236,4937
2611,4736
4315,4735
249,2786
926,4978
2063,4816
2716,6
557,4894
2538,2832
406,4753
1049,38
3124,2846
963,48
4044,218
1216,4691
1447,5019
3614,1832
4555,67
2340,16
1935,4733
4050,2814
2407,40
3217,5075
1613,5016
4421,2827
152,2833
1253,113
3569,1844
1404,2767
1651,34
334,4800
521,3877
1547,4964
4293,4902
3405,4763
2048,4753
4085,2858
996,4831
3251,2814
3653,1726
760,1843
2560,2867
4569,2867
2347,4777
3384,4953
1243,4266
3946,2779
4270,2773
1675,2837
1104,5075
3093,1836
3185,1851
4363,4966
506,1842
4864,2773
3714,2844
3316,4739
1390,4894
3863,4784
461,2786
2288,4963
3863,1725
4606,8
935,4754
2546,4762
927,1837
4022,4786
2870,4678
3423,4990
2305,4894
2070,5077
4320,2844
573,4946
43,4267
4605,65
2100,284
306,2803
30,3615
1359,5064
59,4677
408,3915
2197,4687
937,4820
1399,4668
223,2799
808,1844
462,21
2660,42
2819,4672
2396,2812
2123,2844
3764,4897
3761,1844
4002,4970
4404,4873
2520,84
3195,4733
2475,4688
665,4912
1969,4680
902,4679
2948,4941
723,4739
662,1835
4581,2817
3900,4684
3926,2784
4396,4674
2185,2824
180,4970
1997,4903
666,4752
469,1836
784,1816
2711,7
3857,3877
3297,4803
4013,4749
1746,4911
334,4781
542,4683
1654,2783
3452,4819
2050,16
773,70
4394,4909
2576,40
2699,4762
3344,4693
2705,4908
199,42
2178,4772
24,4765
1995,2814
814,1856
241,4775
2222,4690
2404,4689
2666,4876
610,64
3570,4787
2039,2831
852,5
3163,4957
3634,4751
2021,4786
4639,4783
2435,1788
988,4787
4534,4763
3207,4679
3134,4861
843,4669
4143,4934
2926,47
2777,4872
2599,4759
3151,5018
2497,117
4269,4972
3938,1862
3773,4747
314,40
4269,4861
3594,2849
3144,4742
246,3615
3933,5018
1590,4670
3938,4797
3209,4993
1772,320
2453,2811
3315,2823
1491,4932
1281,145
4466,113
3571,1733
2314,4978
1025,5075
2005,1862
3010,4954
4570,4635
3805,1833
4475,114
3605,4682
2077,4770
1789,4685
1760,4766
4098,1808
4259,2774
4647,4731
2742,4752
2769,4995
3148,1726
2481,4750
2145,65
244,2779
4027,4669
4076,34
1389,4908
1447,4737
2372,1896
1528,4731
4226,2827
2748,131
2586,34
1542,2810
3992,4786
1604,4878
2511,4801
4442,4996
4594,4939
3157,4728
1906,2794
3193,4919
3002,2840
1920,1729
2347,4849
4296,4801
2200,38
1363,3505
4446,4951
1968,4800
553,115
4708,4253
2741,2774
3846,2849
3116,4914
1285,4832
339,2827
4037,1731
1237,2767
3777,4249
2284,4686
1210,4762
4839,5004
1197,2840
3957,2844
1550,16
3557,4850
4321,2798
3142,4768
173,4764
1183,4781
653,4754
1684,4998
1914,113
178,4978
394,4919
5007,1732
2906,12
3955,11
129,4735
3783,4265
2154,1833
2243,3884
818,4770
2354,4847
1245,4937
1775,4916
2331,1849
4090,2774
4135,4877
1269,4900
3286,1841
482,4926
1885,4746
2622,2838
3916,132
1594,1732
4542,70
3187,4264
247,4755
2652,4901
4208,4689
2444,1837
244,4830
4846,1839
2908,4686
2226,117
3291,4672
3693,1836
1422,4677
3776,4793
275,2810
2350,50
4812,6
2192,60
1693,4971
1802,4690
3754,2840
1129,4990
4651,4696
1930,2787
4385,4697
3673,69
3737,4787
2667,1788
1189,4792
2662,2814
3947,4763
2368,4799
849,4780
3758,1742
1037,4265
3787,4914
2597,4957
3691,3505
3498,2827
914,4748
1194,4676
749,2787
4056,4913
3361,5069
3863,2813
2203,2867
2575,4906
2079,4783
3871,2838
1892,42
3738,4885
3496,4760
2685,318
2577,2847
4396,2800
2043,63
4821,5074
2321,2798
4221,4978
2926,4903
2536,9
1622,4936
4339,1827
1426,4820
3790,4978
3752,1833
1227,4992
3334,2811
2578,2824
4446,1831
3301,40
2589,124
2085,4784
5056,2862
3975,1842
1331,4879
4256,2854
4244,4828
3050,4248
2807,2764
184,2838
4982,2783
4610,4880
4205,4781
2044,1834
343,4886
1663,16
2343,4775
4481,2820
1993,124
1396,4797
1021,3883
5026,4908
3277,4777
1552,45
2271,4993
2253,4790
515,4613
221,4732
813,4888
4511,4777
2652,4873
1599,2833
3304,4883
3717,58
1286,4749
1824,4900
2327,132
4616,4771
2690,4765
1581,4856
1828,1896
1413,4870
3147,1727
938,4774
3868,41
3506,4750
119,4994
214,4978
2943,117
4309,4856
2960,4966
3602,12
1893,5016
1462,1732
572,1742
599,4858
3062,2856
1030,2860
298,131
4215,4935
165,4777
427,4997
410,4861
3749,45
3832,1857
1774,4916
974,2772
1540,4800
107,4906
803,1728
4443,2841
3864,2832
188,4732
2392,4964
2209,4978
1614,4940
1436,116
1431,4763
388,4801
4846,4776
3151,4685
4117,4885
4174,4830
2978,21
3937,4680
825,1838
4330,55
4502,4860
130,2776
1207,2829
2624,5000
4451,4913
1331,2824
4261,2847
332,2785
2437,2821
1700,4723
122,4890
1278,4675
4614,4673
2301,1856
1293,16
2503,1840
2815,4958
1399,4671
1226,1840
268,4792
3545,4931
4557,63
378,5077
4419,34
1306,2843
4258,124
1892,4979
1545,2818
4945,4790
5009,1849
2431,4916
4287,4768
2495,4764
4393,4776
1452,4850
2520,2840
1721,2862
1060,4824
4841,1855
370,62
2069,2855
1738,1727
921,4779
3969,4761
1874,47
3635,4930
3004,12
2399,2822
1246,4929
2423,4989
1133,4785
901,15
1890,4972
19,4906
905,1848
851,2772
1034,1727
4113,1862
1414,4938
3365,4751
3047,285
2192,4873
3612,4919
3815,4888
1031,2823
2123,4963
2291,4770
1419,4878
867,4957
1295,4686
479,1855
3685,4776
910,3615
1985,4697
4165,3885
2491,4670
3706,2855
2917,5020
4408,4926
3815,4687
3443,2832
2286,2841
169,4771
1114,4264
619,4858
4317,4759
1588,1896
4564,4731
1218,4817
3007,4860
4844,4803
704,4987
3450,1851
3543,2794
1084,4919
293,4819
969,145
3072,4778
2478,4654
1258,4890
4272,2866
772,4743
3039,132
4833,4955
2902,132
870,34
3104,4970
3894,4989
4023,4635
726,4862
1410,4861
2909,2845
5061,4849
773,5004
4489,61
247,4750
430,4250
2522,2826
3239,285
3575,4909
4593,113
1059,4783
2911,4676
1591,61
4171,284
311,4695
3040,2866
666,2846
2618,4912
3317,4978
3972,64
3415,4766
2117,4944
724,4952
1547,8
2545,4962
952,4654
3782,4962
4716,4990
2533,4828
928,4872
2688,4829
459,70
1023,2817
839,283
4846,4900
995,4673
4922,4265
820,4797
824,4792
4967,4892
1419,4684
1759,1855
2894,285
1367,4793
4089,4849
2187,5
3745,5018
141,4995
963,2824
355,4799
1806,4891
1979,4264
2104,2816
2766,1846
2602,1855
1475,4674
4383,4765
3772,4689
281,4785
3034,4759
3280,4771
3262,4887
823,4994
880,4860
1661,4684
4806,2811
3820,4847
292,4777
3004,1833
4437,1833
2895,4669
2183,4753
4274,4850
1091,4752
2757,4668
3523,1860
1411,1848
2059,1831
2346,2782
2160,4677
3058,113
861,2818
4503,2799
328,4731
3870,4697
3117,1845
4942,1788
4006,4690
3567,4728
804,3505
4049,66
3862,3881
1127,4741
4949,1733
1884,4941
2436,2817
3298,2833
3178,4735
3487,4765
4332,2849
1754,4916
2314,4996
977,4668
4331,4907
1906,4964
1690,5001
3484,4673
4210,60
2152,4668
596,2833
1892,3914
2145,2789
162,4739
2243,4856
2342,2824
4854,4763
4569,69
457,2786
2264,1840
1693,4970
1124,5073
4393,4994
688,318
2283,2848
5083,4848
697,64
2721,2790
2350,1742
5014,4683
1954,46
2678,5002
447,1728
3183,1850
3757,3915
1936,4720
3538,1839
3446,4947
2550,4776
4483,51
2087,2818
554,4772
1033,4673
2709,1851
379,1848
1513,4264
4425,5000
381,2774
3088,4755
3342,2856
2423,2820
4269,2796
3745,4887
1950,4994
3916,2809
1510,2809
3261,2841
4950,4799
1170,84
2900,5019
2921,4736
2551,4912
262,4775
17,4832
2009,115
2050,3924
3768,5070
382,133
2261,4747
1090,2786
3052,4746
761,124
2930,2829
3916,2862
3750,4989
669,4969
4409,4876
450,4769
3733,41
3553,2853
3022,4748
592,4917
141,2845
2601,2768
424,5063
4012,16
1957,2817
3054,4694
2193,4997
3322,2798
4529,4797
2613,2817
3687,1851
3107,4855
2008,4890
3221,4894
2579,42
4404,4919
5078,4750
3997,55
950,50
1648,4800
25,2767
3353,4264
3842,4915
3198,2773
1085,4779
1422,1851
3058,2832
4025,4884
3304,4771
3532,2772
1993,1838
847,2837
3367,4249
1761,4850
4545,47
4535,4995
4229,4692
332,50
1974,3882
3355,54
3426,4774
4077,1837
2559,4743
479,50
4086,5
1920,4774
1112,2776
166,56
1578,4858
2296,12
897,4736
2534,58
841,1850
775,4771
3890,2767
273,2794
3922,4613
3863,52
2528,4902
2613,3882
1475,4860
3205,1850
2390,4673
3241,1850
71,4931
3288,4883
4200,4803
1992,2818
947,51
1716,4693
3400,4769
3622,2848
2191,4993
1068,3877
3595,4759
2533,84
3012,1827
2661,4736
3002,45
4425,4742
834,4987
2381,4953
1787,4793
4543,2839
1866,1728
976,4946
3966,5069
2922,4770
4244,2768
2081,4917
2478,4913
869,4772
443,47
3427,2795
1718,4936
3044,21
1047,1740
3532,4919
883,2817
1783,4903
2895,4762
87,1733
3306,2855
304,4894
1882,2848
354,2824
794,2781
1012,62
4591,4789
1041,4784
1224,4858
5083,1846
1690,4911
3851,4775
930,4989
1610,62
352,1857
2915,4694
3522,4690
2128,4996
4501,2811
2637,1732
107,2821
4230,1827
1453,124
3208,4914
1720,1857
4054,4668
2912,1896
3414,4831
240,1841
2065,4901
3575,51
2022,1734
3024,4777
153,4775
4552,3924
498,4784
1937,4248
27,4849
4703,4791
1435,1855
4069,4929
1250,4750
623,4720
563,4944
4141,4880
1096,116
2938,4997
3294,3615
953,117
4013,4747
542,4681
2331,2854
289,4773
3042,4886
3830,2855
622,2798
1760,3881
2023,4732
3388,4850
2364,4861
2181,5073
2334,2786
393,4944
3387,131
3457,4940
5058,3880
879,4768
454,13
526,4750
2392,4929
3094,4774
1282,3879
2950,4681
5030,2845
1883,4952
4985,50
4045,4815
861,2794
1930,4718
839,2783
2283,3886
1933,4969
4433,1860
2239,11
592,4831
4325,4939
3806,4674
388,2800
1825,2853
2842,2788
3674,2833
146,4754
3870,4819
3677,4911
3455,2784
4245,50
1109,4935
4628,4858
3600,4958
3708,4887
1330,56
978,1842
2929,4887
630,1729
4642,2789
2948,4734
1378,4746
4023,2854
4488,2810
153,285
166,4253
2193,124
5031,2811
4514,4894
3183,4885
4332,4729
4298,4793
1974,4878
2752,3505
3501,4253
2586,4996
1054,4775
1435,4876
3793,4963
3614,4947
2911,4820
4205,52
1277,2843
189,3879
2454,54
1173,4764
4229,4780
3796,1788
4258,4771
4110,4992
119,4858
3154,4673
3925,4889
793,4766
2797,2787
1651,1840
3787,4872
292,4886
1203,1827
3202,4910
3249,1841
383,4772
3385,2809
1883,4742
957,45
1905,5075
1180,11
505,2803
2086,2816
4397,4720
2757,4889
2404,4727
667,4785
3853,1896
3366,4918
1285,1856
3223,4251
609,4738
4147,4818
2257,4883
3530,3915
1775,2839
3594,1860
1132,4987
829,1845
2042,4753
1678,4963
229,4765
526,1834
4468,4953
3237,4877
3841,2799
1799,3877
417,3913
4001,4765
4184,4971
4166,4687
3391,1
2189,4780
1634,4774
4614,4904
1300,4728
4002,1842
3794,2776
3138,5000
3613,1856
4586,5074
3934,4849
3916,4900
1704,15
5009,4264
1629,4882
4068,4754
4980,4962
4871,4749
3666,1841
769,4911
1550,4673
1128,2844
597,4902
3730,318
2636,2671
3657,4987
2389,4956
3184,4936
4541,2784
3379,133
765,2658
3930,4996
437,4971
3167,2782
1778,4749
4959,2671
442,2818
3842,2829
2555,4266
182,4668
2759,1725
2989,4832
2130,4769
1474,4816
500,4940
3017,5070
3427,4919
1635,5066
840,2816
715,4764
2193,2817
4310,4755
4503,47
3132,4800
1603,4770
4699,4769
3384,2813
1012,4249
167,3878
358,4672
17,4916
5003,2848
1643,4878
4277,4903
1939,4788
4494,2820
579,2839
650,4742
526,2866
3565,4880
1251,53
2182,116
1137,4693
4744,4883
1640,3912
3866,2794
3899,2822
1917,4790
4081,4803
1918,4746
3561,1843
146,4683
272,4882
3386,4730
1891,5000
781,3879
3208,1725
2034,1737
1094,2845
4942,5
2206,4994
338,4686
2001,2773
565,2858
1692,4769
562,1833
4645,4951
999,4884
71,2773
3369,4763
3037,4669
3777,2839
4542,4681
1110,4965
1679,5066
1954,4736
3494,4953
2590,3914
3027,1856
2732,4759
2392,53
926,56
4076,5064
854,2851
3643,4695
3973,4997
1060,4774
2891,4677
983,4817
3904,4654
1001,4673
4399,1845
3713,4613
4496,4820
28,4858
1389,4671
984,4768
1578,4918
2599,4253
3083,4877
4869,42
2705,4746
379,4915
4013,4774
1186,54
2716,4929
4642,4963
2597,2849
4401,2811
2117,4887
1977,5065
2891,4912
3832,4766
3577,5074
2620,2781
3767,3881
1691,2788
4303,3913
3176,4764
1414,1732
600,4797
2473,2773
1660,4693
2084,4885
2179,2823
3108,52
5023,4966
3280,4829
2474,2860
2713,4941
4199,55
99,1742
4112,113
3112,4917
3842,3883
1380,2862
2517,4771
3225,4730
3863,1839
2361,4820
4013,2814
3719,3915
4602,4781
719,4741
2584,53
315,4675
4387,4782
3486,58
254,4692
885,4958
2560,4998
235,320
4538,4785
1996,4971
2732,4919
3334,2789
781,3915
2922,4677
3493,4779
570,1850
719,3
3010,53
398,2809
752,4253
3151,4995
1776,4692
4162,4966
2053,4938
3498,145
3314,2818
3793,2855
596,4760
1534,1731
2320,4860
1058,1849
1529,2826
5027,1839
3516,4817
4719,1827
4328,1748
2069,2853
4573,2798
1331,1857
938,4873
2457,4892
1349,4900
3347,4818
3056,4671
1161,2818
2341,4753
773,1740
4216,4912
1176,4677
1786,4764
314,4674
631,4917
2978,2774
2338,4677
3278,4969
3572,4686
3407,4751
1586,4695
3633,1843
1245,1725
904,4759
2895,2784
1479,1788
2001,80
3520,67
3017,4998
3384,4267
2531,2810
3939,320
2294,4731
387,4801
3471,2785
682,15
1053,12
2468,4953
4579,4774
228,4253
401,5
4040,1836
3108,40
2515,4696
3302,2774
551,4797
716,4988
2302,2776
1795,1849
4709,4749
2342,4894
1572,2841
1668,2823
3548,1860
4325,4938
612,4755
2549,4251
993,4727
760,4966
3402,4265
3979,4936
3532,3879
886,4848
2337,4776
4578,2809
2289,4791
4514,133
2585,2851
2209,318
1206,2851
3735,2803
2284,1730
2957,4738
3006,2825
2914,4916
4457,4970
2017,51
4827,4676
4811,4750
1539,4669
4270,3881
2077,1860
2268,4774
650,284
3794,2839
187,4993
1693,1833
3543,2856
3291,1843
463,1896
4428,48
3821,4691
2327,4769
4109,2847
1935,4752
1434,2835
3686,2823
600,2789
870,4917
1475,1842
3210,2862
4703,1844
4837,1730
4189,4818
4133,4906
958,131
4191,113
1557,4613
1120,2817
2905,2832
4112,4901
4497,4732
4640,52
1433,2764
2804,4669
3008,4966
4426,21
1949,5069
1907,1846
4977,4781
3457,4926
391,4776
1284,4732
1048,1788
2260,4674
5027,4266
849,2827
4225,4783
4826,1733
1149,2820
2396,4990
2700,1742
3598,4766
4377,4690
1368,284
2255,4734
1028,80
98,4887
3972,2768
3815,68
1430,2856
4212,2862
198,1742
59,4768
2148,4733
4609,4920
3538,131
4070,1862
577,283
3248,52
2210,4824
4198,12
4590,4791
3096,1844
2235,4800
2880,4251
3148,2817
2638,1727
3107,4940
3528,4887
4182,2860
2623,5
263,5063
4101,4729
3945,4766
4531,2784
3404,2794
336,4248
2104,4777
2289,4691
1891,3884
1892,4774
2146,4831
3927,4747
3579,4729
3917,4752
1719,4878
4410,4766
1779,2816
2554,2796
2775,4761
4046,4991
3567,4952
2509,4965
3164,4783
1094,4887
3074,4876
2412,4669
4361,5069
3894,4729
675,1836
1092,2831
2731,2844
3481,4775
2291,2853
2859,5073
2677,4730
2590,4931
4554,2765
4665,4886
1419,4748
1202,4884
111,1841
1134,4956
2555,4890
1470,218
1561,4830
4466,2831
3260,2826
3038,1896
1056,4913
1343,2765
3097,4738
879,4613
4636,132
1511,4751
1498,4634
2030,2848
1545,132
1131,4728
4437,3884
309,4857
3664,1840
248,2866
1868,1818
758,4780
2685,1856
1744,4668
316,47
3469,4670
4164,4962
3515,4727
4252,2814
653,2789
4706,4941
3799,2848
4210,4668
1325,1843
3195,2824
3479,4993
1572,4764
1322,4678
529,2785
792,4249
1943,1844
235,1728
1444,4738
4448,4739
2052,2658
4335,1818
3990,2829
2008,4892
2172,4797
5030,2790
2032,4995
602,4828
414,2847
3005,4770
2737,2800
2060,4732
4305,80
4353,4897
2052,84
4400,3884
4615,5065
2890,4799
1802,2846
2164,2796
2931,2822
744,1836
3713,4986
1526,4731
2150,4266
3470,4679
2578,4964
591,2794
4223,4954
2520,4772
4534,4883
1396,4911
1435,4777
316,4883
855,2838
490,2854
4145,4830
1574,2772
4453,1839
4354,4783
3894,1729
3144,2786
3791,4771
4453,4729
86,7
2504,285
1681,5004
4530,4850
4309,4741
1312,4766
4599,2811
494,4992
448,4765
943,4848
380,4824
3133,115
2497,4749
2457,2790
1457,2849
74,2866
1462,4915
4036,2764
804,2776
3891,4896
2363,4872
1289,4728
5015,4894
4191,4774
1190,4989
3466,2865
3728,4739
1139,1860
4441,4780
2333,4748
1014,5065
2978,4931
2570,4988
2240,4727
88,116
2130,4919
1859,2796
3487,3879
2905,4926
5015,4860
4429,4687
98,4972
2499,4774
1221,4731
347,2774
2206,2831
3841,4855
2409,4789
1900,4935
2945,4785
463,61
1502,4778
988,4916
2961,4783
3838,70
2056,2851
3573,2843
969,1845
4456,4907
2958,2820
1464,1733
1719,2839
3527,4697
3273,1835
1472,80
2455,1818
4604,283
3141,4764
1762,113
2007,4921
1717,4691
1403,2817
2318,4906
1230,5074
1568,4909
4552,1845
1279,218
5043,4965
4531,2776
4126,4683
2539,1818
2939,2853
4837,4892
3371,2800
3074,5074
304,4734
206,2809
675,4673
1602,4791
2715,5073
1096,2813
973,4733
441,4692
1773,2781
3393,285
4063,4991
4551,4919
4181,2862
2954,4746
4511,4750
297,3881
1749,4774
447,131
3325,2768
1784,84
1189,5002
3097,4926
1176,4678
887,1725
313,4972
1920,4966
3529,4779
598,4968
4309,80
728,4738
1271,4932
3266,1737
900,3877
3275,285
3330,1834
75,4727
3173,2798
1531,3915
1829,2784
3855,2820
4027,4738
3119,2864
654,5064
4545,4952
247,133
706,1843
2350,4926
4644,4264
4483,2790
2747,34
3383,4920
4038,2800
4458,4857
2875,4734
1674,4919
4657,4877
2324,4751
2883,4728
898,1862
4853,4768
1579,4677
1156,4754
2921,21
4408,1861
2371,2856
4295,2803
142,1851
4297,4734
886,3912
3535,4912
4408,1844
2536,68
2907,2843
1650,4901
3126,46
2047,1846
3267,4668
4933,4891
2535,4791
2089,1817
2355,2810
4130,4683
2295,4776
2410,4911
1205,4926
1822,3883
2141,4749
2560,4737
156,4772
641,4876
3260,3881
2729,1847
2422,4676
4840,1735
1249,4961
4219,4855
1140,54
1366,5069
2402,40
4413,4907
3917,4958
2750,1849
4029,4912
1286,4680
1715,4678
2806,4760
3484,4894
4664,4678
3198,2658
546,4820
4337,4737
1785,4750
4503,4751
1340,4993
3496,284
2079,2772
995,4964
143,15
1459,2772
2162,4249
1254,5066
4399,4671
2464,2796
4566,1832
3341,61
3398,54
2378,4890
4324,4770
3788,1726
365,4917
4825,4759
2946,7
2756,4906
517,16
384,2776
914,4772
3693,4912
1328,4790
3440,4847
4652,4988
3469,1834
4412,4857
1721,61
3654,4681
4808,5069
1178,1856
122,4765
2514,2811
3794,4753
2408,318
603,2855
2723,41
662,4264
3436,4669
777,4754
3271,3880
4415,1856
2092,8
3485,3505
3849,2798
2303,2856
1160,4993
2551,4905
657,4760
2001,2851
3215,1725
4325,4892
4144,4819
4476,4248
4567,4990
2637,4877
730,1832
708,4792
4745,1856
1934,4970
407,4266
2318,4979
3044,47
838,4746
2460,40
5008,4789
2115,4870
551,3924
3518,4730
2675,2854
2315,4892
4081,4961
2587,2864
4525,4723
4812,2858
305,4947
4059,4876
1202,4817
2685,4747
812,4997
120,4910
961,5000
948,4786
201,4824
4284,5018
1012,4784
380,63
4603,4769
1648,4997
2476,3886
2216,1740
370,69
4116,1726
3350,1896
1203,4909
1571,46
571,4832
4309,4832
1258,3879
2553,283
3990,1735
1823,4953
3896,4972
633,5000
506,4879
1747,4691
3485,4958
3006,4963
2983,2796
4948,2812
3387,4971
4484,4963
2964,5000
4100,3615
2989,4992
1453,2785
4515,4963
3834,4695
1446,4939
303,2784
93,4896
604,4889
3728,4678
242,4781
3348,3884
198,61
251,5004
3910,4921
1324,4932
3909,5018
3040,318
5081,1725
2536,2849
808,63
3673,1831
1852,4878
3427,2800
169,4856
2447,16
377,4784
1715,51
3891,2781
74,4903
716,4858
2235,4847
989,4906
3867,1840
4022,4964
1667,4892
3294,4880
3414,285
1870,5065
2613,114
708,318
1623,4964
4115,4816
4029,4788
2214,4830
3243,116
1883,3883
3674,1840
3661,1834
1528,42
1781,4792
553,4685
3450,4891
2241,4941
1993,5000
3364,4996
2604,2789
3507,1848
5036,4786
3445,2864
3647,84
4076,5066
2111,4692
3049,4883
3802,15
213,4815
1521,2845
2129,4989
3415,4733
2976,4882
640,114
3109,4921
3695,2781
2863,50
3762,2857
1790,115
2569,4741
365,4682
3389,6
1718,3924
4388,4691
984,4689
3709,3881
2015,4782
1885,1834
4158,4968
764,40
1750,4996
1423,2781
2398,1726
3335,2845
462,2783
345,63
3767,3883
2127,21
2135,4669
512,4786
4394,4914
4000,4902
4419,4934
2490,34
3384,4958
1191,4737
626,4824
2255,4736
2580,5074
781,1834
3025,4786
738,4797
1341,62
1374,4855
4758,9
3287,4783
3950,3881
2606,4735
4188,5020
4025,283
1956,1827
1390,1847
2542,285
4313,2794
2004,55
2928,4741
1944,4775
530,2818
1588,4769
1133,2843
869,4884
4335,4797
670,4831
1854,2821
3138,5070
3245,2858
1149,4797
1535,4932
4509,41
2518,1808
3794,2865
5049,61
447,61
674,1727
2116,4783
4452,132
4120,4815
2753,2866
3399,115
4207,1734
2861,4264
1071,2789
1990,4250
1927,55
1760,4855
1543,4910
4292,1788
2022,1831
3610,1857
228,51
240,5065
205,4953
757,4956
245,4771
4291,2824
4834,4739
1054,48
3229,4686
4508,4979
5067,4903
4959,4957
2231,46
2687,4792
1587,3885
4480,4964
2998,4929
4554,8
686,2826
435,6
753,7
3227,4774
3162,1833
2429,66
3514,2794
1939,4737
1498,4819
1424,4818
3288,4850
3415,4267
1767,4267
1073,2671
3864,4787
2996,4855
1795,4739
2988,2843
4228,2853
743,283
1641,4680
2068,61
3592,2857
3021,113
2989,2855
3536,4979
4358,4879
2239,4861
174,4613
630,1850
4229,2862
4103,49
2089,1816
1047,4830
585,116
3020,13
4114,4750
1805,38
3959,5070
695,4768
3984,4687
4942,67
1762,133
1242,2790
1697,2814
3778,1835
3842,2784
895,4249
4562,2866
346,4749
3794,2837
1001,38
1585,5070
2923,1836
3264,2824
2225,4691
2898,1846
3987,58
1031,4729
1287,4755
569,283
357,4731
4189,4878
3188,4911
4657,2832
112,2866
3799,4882
3968,4736
1760,4755
1231,1726
1045,2794
4648,4752
563,4830
1207,4889
2380,4897
473,4689
1932,4685
4509,4734
2444,3879
2481,4737
4981,4773
3898,2803
2426,2867
4104,132
588,21
1488,11
1002,4900
4245,2785
3503,4885
1694,4886
946,2823
4666,2658
1147,4679
2325,42
1744,4916
877,3882
463,2764
2747,65
2012,2833
4320,1845
3988,4771
3214,1735
914,4935
4355,3615
1324,5074
2664,4264
171,4750
1790,4773
774,2779
3441,4891
2034,4788
4421,62
1489,4774
3089,4732
3785,4847
3340,1740
789,1730
3177,1846
1588,42
4074,4855
668,4940
3272,4741
981,4910
3657,2849
4586,145
83,80
3979,5000
1658,4861
2512,4962
667,2788
4620,2846
1957,1729
4083,84
876,2774
1027,56
2576,4742
1058,4947
3338,11
3687,4870
2342,3914
1101,4879
2521,45
1646,2817
853,2794
3900,2785
1438,4734
1758,4723
3904,5000
3398,1818
4429,2764
3621,4906
3606,4251
2917,2860
4234,38
3375,4935
347,3
1478,4965
4370,4906
3191,4958
1046,4729
1572,9
461,55
1374,4250
2355,80
3408,1896
4345,1831
3195,80
3078,4930
4707,4732
4499,1896
3786,2824
1060,4892
4846,1840
3097,4932
2981,4773
3481,4773
2525,34
4620,1835
532,1896
1133,4691
3500,2794
328,2822
2387,65
1137,2865
425,4769
1970,2841
2726,4938
197,4888
1090,1857
143,4907
1158,4738
2024,4818
1559,1729
4705,2826
2117,4801
3646,4850
1057,1857
645,61
841,4877
399,4918
2928,2789
1111,1834
1637,50
1319,4677
3084,4733
3378,4894
4666,4946
4259,4760
2647,2867
3457,4888
85,4793
472,4786
3326,320
4013,1808
775,4953
1551,4668
1240,3886
1327,4828
1498,4747
1379,2768
2618,1742
4383,4733
2334,4751
2396,4956
4722,1831
2665,70
428,1730
2922,4938
1882,4890
2206,4692
812,3884
1558,4718
803,4882
2168,4684
1297,2832
206,4738
2706,4759
1119,4861
583,3884
2873,115
4048,2781
2034,1732
4643,2856
2250,4730
3707,2825
1059,2811
1605,4904
2008,4894
4314,4878
670,4832
5003,4989
2993,4248
4257,4723
4404,4915
4119,4888
4307,2772
553,4684
4033,4769
1525,4878
3674,4728
477,4732
1707,1841
1956,3881
4421,4997
1335,16
4240,5066
1315,4759
434,4954
2242,4738
3990,4896
3002,4917
2527,4775
1608,4800
3448,2808
2086,1850
2349,4992
3131,4801
775,1728
4928,4729
460,4914
1458,4934
4042,320
3024,4877
5057,4801
4019,80
1790,1737
4138,4781
3477,4759
4973,133
85,1896
213,2851
3584,4774
2882,4886
1694,4831
501,2783
2921,4900
435,1729
4,62
767,4668
2910,2816
1296,2814
1104,3
2079,4750
3619,4989
3676,4986
3531,2796
2029,4885
3256,4266
3738,4978
4317,4987
998,4691
2943,1833
2894,4755
4091,4789
1545,55
4170,4687
2732,114
752,4820
1459,1
1241,2844
3942,132
1552,2800
3366,4989
2996,1726
2257,4952
4387,4691
2309,1845
1378,34
3391,1731
2679,3885
604,4787
1403,4686
4182,2811
476,41
98,2827
2482,4635
3555,3884
3085,4931
2422,4815
4866,4897
4162,4965
4328,1849
3893,2841
1059,4952
2578,4919
3938,4755
4980,4918
2557,4872
700,4681
1885,21
2167,4994
1235,4888
4495,4957
883,1817
4462,4768
434,4990
3860,4876
2423,4773
118,4790
1224,62
3341,4765
2885,4988
2156,4732
4508,6
3020,5077
3835,4769
3797,1856
4399,4788
1354,1840
997,4743
448,4684
797,56
1038,2818
119,4882
4605,4987
1812,4909
3144,2671
1998,4688
2178,5020
1786,4989
4029,1846
1390,4736
2919,124
4303,3886
935,4968
2807,4743
1983,4746
2710,4689
2680,4697
1812,3914
1130,5019
1402,4964
2497,2781
995,2810
2509,2773
880,3879
1155,4677
4039,4736
2743,80
2602,1860
3405,4972
3406,50
3007,4613
4188,4931
130,1857
804,4918
3102,4818
2513,4910
2257,4932
3949,2785
852,4634
1143,4855
4580,4891
876,2803
1235,4856
709,2772
299,4731
3018,4829
3039,4778
4002,4774
4700,4779
2422,1808
3245,4251
3263,4763
1356,2783
5054,2858
1050,6
3715,2788
356,4958
351,1857
350,1836
809,4737
3696,5065
3752,4939
3033,4998
1315,4830
3009,69
1517,4892
568,4749
3958,2845
229,54
2196,2789
3524,4799
4167,4788
925,1844
307,2865
1633,113
1461,4966
4522,4736
2958,1832
1132,1731
4300,117
483,2808
1186,4915
3297,4720
2519,4790
2294,1818
1479,4742
2447,2794
3480,2799
1785,4748
4284,1729
4554,2772
2112,4901
1613,5065
1286,49
4867,4785
3740,4761
893,4986
1264,4978
309,4910
3024,4934
450,2781
3748,5075
2938,4743
4441,5064
3806,1836
1171,2845
4608,2860
3223,4672
4624,2831
4143,2857
2010,48
2143,4963
185,4675
4142,4855
2142,2866
3350,21
357,3912
236,1851
489,4776
600,1818
3653,4749
422,4995
4403,4770
1700,4931
3614,2860
2546,4685
2057,4910
3993,4888
3343,2782
3785,54
713,4970
4018,4912
1040,1845
1506,4748
1108,4776
1282,4934
1668,2790
2936,5063
3224,145
3327,4613
3305,42
3677,4879
204,3924
4533,4954
25,4736
4288,1834
3739,4936
1813,4689
3303,2781
2054,4773
2530,4733
2151,2862
3009,4696
675,5002
1336,4944
2389,2858
5010,4680
1025,4992
3666,4894
1000,4901
2446,2794
3809,1846
3568,1808
615,4909
1755,4684
434,4870
3991,2829
599,2765
664,2866
1510,285
5083,4934
2118,2773
4008,4787
1821,2851
898,2671
4272,4749
2654,6
231,4763
270,4953
4577,3886
3078,2783
2598,2837
4009,60
3605,4938
2279,3615
2977,4903
4467,4926
2304,4791
4379,4993
501,2810
4271,4759
387,4749
1920,4686
3628,1860
3305,5073
2355,3885
3993,2837
4247,4830
57,2827
3154,4931
3079,4736
1745,3913
3087,4830
4366,4743
2728,4904
3115,4788
2231,4847
590,4969
3387,60
4808,2862
3463,131
3531,4996
3150,4958
2328,2833
790,2811
1099,2825
2590,132
4326,2810
2129,2843
401,4849
1273,4747
3206,1842
83,4902
336,2814
568,4250
785,2787
135,2800
2621,2843
4521,5069
1122,4947
919,4913
2115,4951
3528,4918
850,4718
2262,4815
4063,2853
1495,4777
950,4797
345,2658
756,4676
4255,5002
490,4753
648,4938
4646,4793
2540,4939
2319,4818
987,5064
3234,4954
1367,2841
1605,4681
3049,4992
1935,4919
4438,4765
3998,5019
4059,4763
3051,4991
4350,4265
2060,4908
1440,4856
2435,3912
4592,4961
680,4968
3006,4688
1676,4958
772,4248
2546,1844
5044,12
1062,2845
2886,6
1693,4937
1774,2841
2584,1840
3547,4912
2986,2772
4945,4249
141,4755
2942,1849
4823,4781
3331,2776
104,4749
1283,2814
4236,4914
2243,4998
4826,3914
103,4694
1354,2825
510,4251
366,4683
3531,2846
834,4690
480,3886
1095,4909
3992,4848
2384,2839
4501,4830
2307,4799
2,4931
3064,4940
2650,2858
501,4876
1169,4932
2220,8
4139,4906
1984,4250
3943,4783
1640,4908
2675,218
4973,4676
786,283
3160,1850
2182,84
539,113
620,124
1313,4994
3863,4926
4015,2839
1951,1831
3004,4970
4151,61
699,4940
738,4906
4363,2849
502,5000
2649,2817
1359,5073
209,4764
4373,4860
2948,4848
1986,4800
4852,124
3531,3924
3480,4682
4063,1734
967,2773
1821,4786
2957,4762
3014,4693
4376,4654
3599,4969
259,4743
4827,4732
1059,4955
636,4690
1329,41
2612,3
955,5075
2320,4879
3990,1857
2479,133
3441,46
2298,1836
3261,283
722,5069
1517,4697
584,2794
4975,1834
2621,45
3743,1844
2451,2785
2322,4267
1418,67
2569,4775
3173,2825
3707,1729
666,4763
459,4779
4384,4820
2023,3885
379,4819
3544,47
430,4668
3242,2865
2231,40
398,13
2243,5077
806,2658
110,4878
2504,3878
455,4957
753,5
1151,4904
4262,2794
4181,4962
1859,4872
140,1855
2489,283
3340,48
3977,4248
4367,1841
1438,2817
2370,4754
816,4964
2727,4850
2234,4872
4339,1731
4023,51
1425,1832
4647,1839
1830,61
1471,4681
1587,4784
371,5018
3682,4907
1552,2781
3760,5077
411,1835
989,4686
966,2779
1473,4989
2917,4887
4717,4788
2883,4763
4437,4876
3590,5001
626,4911
1164,4741
1753,4986
3865,4635
3817,4850
1409,4765
3979,4940
4630,320
4064,285
4261,4939
3019,5000
4984,4720
695,4770
2448,1850
299,4888
1945,5065
2879,4902
3147,1841
4202,4779
4163,11
2375,4690
1361,4972
2420,4264
4193,2809
922,4675
2749,11
3083,4856
1323,4793
79,4785
3787,4688
2959,2860
2769,4971
1362,4932
1071,4892
2691,63
2481,4918
1313,2776
3507,4934
3387,5075
3765,4671
1870,2671
4560,2796
1764,4681
4545,4921
4228,1839
4647,4903
1756,4886
2978,4887
1209,4685
3704,4739
2875,4785
3469,4916
2191,4695
413,2814
4708,3505
3819,4764
3966,4829
3923,69
1215,2765
4078,2767
1779,5069
4967,4681
832,45
2326,2800
4139,4739
4563,5016
3289,4955
3311,2813
1403,4907
1611,4885
916,1733
3083,2764
1798,2866
325,1733
3717,2865
3734,4849
164,5004
3829,1834
3141,4800
1417,4786
3753,2789
1480,2843
2685,4932
4311,4792
2257,2788
3039,1788
2446,114
3545,4876
4719,4939
670,4746
1923,4828
2031,4775
1079,4986
4318,4944
2738,1788
1673,2865
4556,4957
2236,4953
419,5019
4478,4250
4570,124
596,4828
2911,56
2445,4915
4046,4931
3490,1861
1374,4248
217,2845
403,4828
3380,5016
2898,1816
3482,4264
787,4930
745,11
1287,4849
3314,4884
2639,4248
1232,4938
4544,4916
3589,2865
3046,4266
706,4970
1127,2867
1133,4689
4450,4995
3075,1808
3322,4749
3783,1844
4252,68
563,4668
3056,5066
2131,70
289,4855
2725,4671
2990,5
1086,1727
2743,4955
3830,52
3378,4749
3239,4251
3478,4913
3283,4728
2691,1862
478,4830
2650,4848
1038,4905
1221,4961
536,2857
4262,2866
4217,4817
1318,2824
426,4752
834,4862
3435,1850
4579,4723
4638,4944
2617,2851
484,5002
1391,3924
1042,5
3999,4613
4295,2855
2684,4936
3895,4692
405,4931
1229,2858
4279,7
2178,2843
530,1856
2233,4824
885,60
3254,47
3060,4830
2032,1
2210,4856
3755,4754
2637,4799
4101,3881
3141,4772
2697,4635
1434,4692
2238,2857
153,13
3103,4856
2703,4773
4382,65
2564,4905
746,2867
2882,131
2219,5074
2880,4872
1435,4668
4410,4897
1069,2798
92,4951
4744,2848
4367,2785
1987,5000
3126,4676
406,4777
737,1862
1620,1843
2601,3879
4863,1808
3170,4916
1461,3914
1396,5065
2366,4848
687,3913
2100,2853
872,4934
911,2818
594,4770
1977,2808
3028,4916
3589,4690
2217,1788
3171,4735
4949,5073
2312,4763
645,4791
1528,4683
2733,4777
466,2785
2274,1818
3179,4729
375,2823
376,4979
655,4749
2559,4882
3244,4992
1927,4876
2031,2787
2713,4741
2626,4862
1289,4732
3624,4777
327,5
2421,3914
4269,2856
3629,4723
3759,4676
3857,1808
4000,4776
3529,115
1655,4920
1204,4889
4061,5064
3428,2799
582,4737
5005,4818
1825,4988
867,4902
1865,4978
2691,4251
2287,4954
3636,4634
2045,4670
3160,1851
3522,1726
2515,2820
4922,4668
2270,2795
4308,4902
1238,4897
1403,4962
1932,2838
3675,2849
988,4912
405,5064
762,4738
259,1862
1391,4905
4350,132
2524,2796
3329,4696
4071,1728
3200,115
2427,4779
2777,4916
1426,5077
2214,6
1279,4718
4837,4888
2344,4883
1659,4689
727,2796
2149,2844
636,4691
1500,4856
1781,4761
3794,2860
543,3886
2561,2798
1280,4944
3950,47
3709,4888
2766,2772
1712,1862
1126,40
3429,4689
3541,4931
1772,4613
4699,1855
883,4990
19,4693
2665,5069
4974,3615
1151,2824
654,4786
1058,42
4232,5001
3743,5073
3378,4723
2631,4988
3119,115
5041,1837
2019,4994
5071,3885
1943,2800
1158,4936
1329,4682
787,113
2100,4971
589,4882
2312,4870
1494,4768
1316,4988
4622,2864
3653,4870
1144,4774
2333,1844
89,2808
1198,5063
3382,1841
3205,1816
4241,3615
1939,4738
1488,320
1061,4736
2231,4769
3536,4793
2988,2800
4545,4734
2574,4988
2970,1838
2438,60
3220,2858
1032,124
259,132
677,4797
3854,2813
1331,40
1587,4787
2990,2867
594,2840
663,55
838,4992
225,47
668,4762
2313,4728
3625,4613
1196,1833
125,4786
4708,2790
3551,2823
3522,4991
2907,4688
255,1836
2254,2837
1615,4818
3260,4939
2531,45
3133,2772
2296,4249
3662,4634
4006,4792
1947,318
1872,4248
1893,2818
3865,1833
2190,11
2065,4970
150,2865
3127,2799
4854,1896
407,4934
5005,3882
4245,5016
3350,4766
1361,4860
1286,4797
4928,1817
1547,1827
2205,2816
1315,4670
19,1851
4592,4955
1997,4978
4573,2765
835,61
737,4679
2112,5000
1828,4832
1206,4788
1975,4723
2033,4774
3702,2798
3149,2854
2903,4910
1329,1836
4320,4900
1001,1843
624,2866
1932,4680
2440,2765
444,4766
4181,54
4834,4885
1800,2827
1940,2795
1107,4824
501,2788
4218,45
2579,4266
2073,4830
1262,48
3549,2803
798,2851
3132,4777
2106,4991
2942,80
4125,4781
1290,4858
1163,2860
222,2840
521,1851
125,4882
4053,4693
4893,4776
3422,1845
489,4782
2882,2826
502,4772
605,3886
1096,1840
440,4832
1701,2781
3065,5065
1495,2788
4366,2847
1296,4746
743,2788
3741,1729
3526,4697
3285,1861
4813,4734
3441,4730
43,1842
537,2851
1485,3615
1240,1846
3487,1845
4838,4686
4494,4883
3591,4891
1279,4979
401,3924
3853,4689
3360,4266
1035,2866
642,69
2137,4956
3151,5073
181,5018
2572,4941
2907,4909
206,2843
106,4824
2440,8
1249,4775
562,1855
1065,2808
428,3913
1580,1737
2958,4918
2441,1742
3099,4696
582,2849
210,4797
274,1734
3337,80
1783,4792
4852,2862
3433,4684
3755,6
2346,1860
2161,4990
1721,1735
802,67
973,4754
4135,1841
2744,4939
3992,4267
413,4762
3403,49
3012,2824
2601,15
3472,4894
1134,2867
3502,1735
482,4747
1821,2849
2358,4818
3799,4768
4453,4672
925,56
1682,4929
4867,4783
3370,4901
991,1735
1197,4857
2601,1833
2459,4723
3034,4926
2339,4828
621,4978
679,3882
3338,4253
1637,63
3068,4817
1958,4860
2968,4890
3088,4731
785,1848
1759,1816
3252,2822
2232,4682
2952,2671
713,4697
1289,1836
2519,133
487,1839
1165,4761
4596,4668
512,1726
138,2781
2756,4799
4948,113
2465,4961
2176,4860
1482,4994
2485,55
2045,2774
4304,4783
1641,4613
5021,4249
2471,4797
1636,1729
612,4801
3899,4832
4716,2799
912,4938
2453,2838
1585,2781
1682,69
3989,55
2512,4929
2758,4919
1656,2838
4821,4781
3647,4880
4176,4759
4150,51
221,4897
4193,3912
1059,2812
2461,4953
4413,2811
74,4613
4353,4900
1104,2774
3869,4876
3020,4735
910,2784
3771,2818
4486,1843
606,2799
3158,2776
2640,4778
288,4751
3036,4849
683,4931
1346,3885
4287,4970
3161,50
2522,4253
2548,1729
2436,4720
3981,4902
256,4998
507,68
4242,4937
2081,4266
1353,4248
470,4832
1063,4873
2621,4913
3303,4917
2306,8
3185,4797
3496,4896
309,4964
4189,3886
592,12
730,4687
1209,4778
4406,5001
1869,4679
1519,4914
1466,4266
4000,4777
1393,2843
2871,7
1114,4760
487,4934
3055,4958
4060,4820
3043,1843
5056,5064
4927,2812
20,4909
4442,4855
311,2786
3592,2865
2361,21
3743,2794
659,2835
258,5000
4632,4729
922,11
3763,4790
1359,5075
2138,80
2406,2810
3766,4671
1689,1731
595,4734
2328,1748
2018,113
4639,4675
3798,5004
3418,4680
1710,1818
2352,2837
4362,84
2662,4613
4135,3913
2693,42
2336,145
2712,1816
2058,4718
3916,4970
4841,5
1501,4688
561,133
1858,4902
2915,116
2285,4987
1430,4882
1244,2785
2268,3886
208,4685
4207,4817
494,124
3333,4676
1371,4993
1220,38
3372,2765
3005,4884
2640,1832
3037,1834
2441,4777
1071,2785
1367,4969
3800,1816
1631,4248
632,2808
1229,4936
90,4849
14,4963
4302,3913
2729,2790
1975,3879
2397,60
3776,4857
1930,2768
1175,4904
3338,4979
631,4768
4433,2811
1583,2671
2346,4872
5022,4684
4796,2846
824,124
4368,4894
4513,2832
4156,5001
3160,2820
4576,5073
4000,4934
1023,4251
3805,4953
2443,4786
5078,2847
3162,1845
4246,1841
991,2810
609,1732
4537,4955
3002,2829
1200,4824
2615,4830
780,4737
1649,4998
424,55
2519,2774
4431,4789
3861,1725
3768,4783
783,2847
3984,1728
4161,4670
4837,2787
5022,4251
1990,4902
1420,1727
4470,2787
4610,16
4468,4940
780,65
1654,1837
1273,2822
4097,4820
2924,4770
2557,5063
3837,4991
3764,1735
3676,2767
2101,2855
4560,80
1255,2785
2380,4761
3958,2832
2749,4832
1801,4905
473,4249
1518,3885
3404,2865
2793,2788
2985,4793
4376,4906
2635,1837
358,2820
3449,4253
4637,4855
3578,1862
1125,131
1042,4778
4039,131
1048,4883
576,1856
2583,4926
482,1855
2805,131
2511,8
4450,4972
537,4680
3797,46
2363,1
4821,2784
2467,63
4722,4883
3023,3886
2606,2818
3244,4681
440,4884
2521,3882
1010,4938
884,4951
2517,2773
4218,1729
3249,1834
4464,4734
1932,1843
435,4911
3706,2814
4649,4997
376,4746
431,4730
1670,4819
1852,4754
3373,4674
3158,4920
4665,4792
1187,4885
1938,5063
1184,69
4360,4818
3188,2835
400,4692
444,1818
1296,4747
3775,2788
3746,4894
3401,4919
1496,4782
3699,4953
946,1726
1294,1832
415,1857
4255,4989
4205,4877
619,4830
4226,4786
4136,4908
2482,4687
2162,4890
5043,4738
1126,4994
2956,4894
1658,16
4201,115
2906,21
4710,60
1974,4688
3688,4979
2343,4901
2418,4966
689,54
1979,1855
2297,4963
356,4989
3704,2844
2223,1731
209,1725
2183,4941
4102,1729
2716,52
5058,2787
1189,4250
3995,4613
838,2843
2710,2826
669,1818
4663,4793
407,4965
219,2837
2019,2784
347,4941
4225,2835
2297,4654
4107,4720
4367,4729
1225,4904
4645,2860
2116,1849
924,2798
2903,2785
2423,5004
392,4891
3664,4787
861,1861
836,4958
3521,4931
855,2783
2574,4857
928,4908
4341,1726
3059,1848
802,4941
270,4815
820,49
1869,4770
1316,4902
1229,4803
1494,2821
1932,4947
2203,2826
216,4876
2541,4671
2587,4764
3425,117
1061,4935
3249,5016
2386,4934
355,4944
2642,8
1631,4938
2231,4889
2934,4887
1570,4777
5006,1729
530,1726
3599,1850
2301,4934
3018,4926
416,5018
2697,5000
640,3912
4231,64
1747,2781
2932,4737
4005,4250
850,2856
1349,62
1992,1827
4455,4736
367,4695
4381,4669
3050,4880
1430,145
186,60
4137,5020
1781,4739
862,2795
4483,4776
621,2812
4352,133
1480,1
3536,285
2746,1827
2026,4780
438,4860
1880,4693
1656,9
1828,4778
3512,4862
1703,4634
4559,3924
92,4727
1078,80
3471,4779
2224,4251
1329,1818
2020,2773
868,116
2657,4958
4262,68
2084,7
2624,52
3901,4958
2540,4249
4413,4769
3502,4634
1237,4267
3923,4799
2364,4817
2519,3914
1134,69
1180,4957
2940,2813
2217,1837
5068,4994
4213,4885
127,4755
725,1
263,2820
3043,1842
2336,4613
3141,53
1082,2829
3672,5077
3214,4790
340,80
3625,4877
4533,2831
2591,4957
4096,4730
1296,4676
573,62
103,4998
4014,4690
869,2671
4437,2768
3162,2858
2220,2813
302,4788
3473,2765
4538,4966
3928,4681
1520,2768
1882,4858
1672,1
1990,4938
2780,4937
627,2818
2128,4815
3282,318
1035,2796
1283,113
429,4832
1888,4731
3662,2809
155,3884
2651,4685
1242,4264
257,40
4948,4677
3838,4921
3707,2857
4335,16
484,3883
1064,4695
805,2827
1026,2827
3280,65
705,4936
1115,4680
230,3881
2299,4789
3575,11
1676,12
1948,3881
1504,1816
4015,4939
753,5077
943,2803
18,1844
4138,4937
2185,4674
3721,66
649,4963
615,5063
4432,4789
4119,4751
2957,40
3230,4755
1781,1831
3137,52
118,4692
1357,4996
2638,2866
3341,4731
391,2803
4588,4799
853,4880
1522,4820
4328,4815
348,4883
2734,4764
2904,4915
4532,4886
3611,4917
211,4688
44,2848
295,4741
81,4729
4497,4634
1692,2841
3633,4754
879,1727
764,4918
4515,4926
828,4858
1472,4894
2982,1836
2551,4818
2575,5018
1858,7
1143,51
1265,4680
582,4978
1170,4938
2706,4887
4347,4793
2395,115
3806,4904
1716,4768
468,4681
308,2790
5008,15
702,1726
2879,2809
1212,5063
4100,1725
1471,2854
898,3615
2677,2838
3922,2820
2567,1841
4127,21
2340,4958
1877,1848
2641,5074
3334,2857
656,48
910,1733
1312,3924
3450,1856
1541,4909
405,3
2228,38
609,5065
3476,4654
2501,4734
4619,4747
2147,1835
965,4788
3209,4926
4364,1726
3291,318
4416,4265
1794,133
2365,4741
2280,4751
2010,2796
4381,2865
4281,4752
3773,4850
2807,16
4021,64
4259,2837
1400,4857
3893,4830
1417,2827
3512,4696
1109,2783
4257,2812
4262,4940
3624,4248
1384,4909
3545,4849
3183,4994
3470,4784
4003,1835
4332,1727
4495,4691
5058,5
2276,4872
4209,2845
2445,4816
4015,1729
1253,46
374,4910
3731,4887
370,4872
3182,4727
1093,4674
3128,1896
1941,4783
3042,4914
1712,4872
4846,4909
775,4690
2524,53
123,1808
4664,4889
2408,4723
802,4249
3707,4936
621,3882
3084,4694
3757,1836
4554,4849
1124,51
2283,1827
4012,2854
3811,4935
3411,2817
177,4718
4621,4727
4051,2857
88,50
267,4733
271,4774
567,2831
2067,1728
862,13
2399,3883
401,4873
3031,4738
484,4855
3705,4763
2692,4696
1450,4759
4295,2658
2741,4889
1992,4963
4712,2764
4521,5077
4378,4797
2572,4856
3569,2773
2195,66
150,4914
2541,60
874,4897
1021,5070
2496,4890
3916,5069
3968,50
878,2840
4569,1851
220,4897
2470,218
4619,1843
665,60
1414,2867
790,4888
1266,2764
77,4729
4580,48
2592,11
2036,4892
1555,1856
1796,1726
2669,4683
3421,4860
567,5002
787,4935
1948,4892
1083,2796
4474,4937
2441,4759
3622,4771
3330,2816
4844,2847
3304,1725
896,4734
4194,4997
515,4913
1463,2809
3911,4675
4457,2862
352,2837
1646,4613
136,4887
2949,4696
4409,2855
2863,4998
4219,4964
2077,4877
4532,4776
3365,5019
1984,1731
1125,55
1986,2833
2746,2840
3472,4670
4413,52
2296,3877
1739,4739
4488,4936
2678,4914
2282,52
2018,2809
3891,5069
834,2831
366,1896
460,2773
3663,4780
3097,4747
2002,4729
2472,4727
970,4906
2027,2810
1268,1831
296,285
4530,2790
322,2821
1371,2818
2780,4817
1316,4613
915,4785
2661,4755
629,4873
1110,3912
900,319
1166,54
3270,4754
3954,4856
3060,1727
907,4681
3152,4674
924,1748
1610,1851
1542,2840
2747,2795
1189,64
1460,1817
3449,4670
2513,4970
1273,4728
3966,4905
2427,4883
1108,2827
4842,2811
4140,4913
4071,4778
2507,4728
1515,47
615,2781
1714,4779
2696,2765
1602,5000
2021,5074
90,2851
1481,124
3773,4952
4343,3884
4390,1831
685,2809
3105,13
4500,4671
4012,4743
683,1827
1315,114
2981,218
3659,4251
2912,1861
2530,4748
10,4919
2634,4771
1364,2865
4230,5074
2117,2864
4586,4816
2913,3878
4422,4686
5036,5070
2640,5066
3774,34
1452,4902
2971,4915
3028,4800
2303,15
1668,4931
2947,4829
3601,5073
3550,45
4025,4861
1113,4670
1907,4752
1013,1729
170,45
4486,4736
4123,4678
1487,4993
3247,4956
4310,4932
1528,4686
4441,5019
1152,2821
2555,2795
4064,3877
859,4963
3448,4969
2975,3881
594,2799
833,133
4130,4248
179,55
890,4870
4406,4670
3668,4749
5005,1730
2381,4718
4482,117
3297,1841
3402,4857
1699,2824
3301,1817
649,2768
4146,38
1481,4734
936,4688
2758,2864
1706,124
2689,2783
3417,2813
1666,4883
4863,2856
1596,4688
2692,4850
1555,113
1618,2779
3232,4946
1891,9
4804,4989
4130,4956
566,4677
2089,4266
2663,4720
2309,1857
3032,4683
4595,5000
2620,4946
2163,4786
2393,132
1434,4791
2581,1729
3049,4789
637,2825
657,1725
2318,4909
4135,3915
3718,2767
354,2800
3649,4790
2919,1856
1284,2857
1023,3881
2698,5069
3005,4831
4409,6
2720,4689
120,4750
76,2845
4854,4892
865,4737
1036,4884
3482,2845
3968,1816
1085,4693
925,1835
2738,4828
4525,3914
3854,4735
1262,1843
4620,1817
39,114
3978,5016
518,5004
3692,1731
532,1837
4133,4926
4016,4266
3241,117
2105,1843
2100,5063
1924,4696
1946,4679
3323,1850
2363,84
4480,4986
3303,320
3943,5016
2705,1729
3378,4944
481,3878
4398,131
1100,4906
2748,4761
3633,4753
5058,4753
296,4749
3478,55
3132,4727
1191,4818
2231,4770
3550,2833
3623,4988
1400,3882
3292,132
647,1726
1200,1845
3085,4830
2726,3505
234,1827
817,4883
236,3885
604,4861
2906,285
2986,4877
976,4919
349,4907
4226,4780
3001,4783
4925,2831
1658,4690
3231,4998
3236,4668
2474,16
1499,4857
3662,6
3109,2810
4339,3
2314,4788
1701,4694
3312,4782
2257,2829
3425,4993
2505,4730
2598,3880
1741,4902
1101,4679
238,4910
1880,4929
4059,5000
156,4818
2132,4832
546,4877
2166,8
4392,4775
2267,2783
1811,1834
697,4776
158,4718
3371,2816
4241,4951
3858,62
187,4820
2514,4994
1665,5018
2538,4909
1479,3615
1643,4718
365,4765
2170,4743
1557,2865
4427,1842
2316,4732
313,2774
1491,2785
2033,4997
4229,4900
2667,49
2674,2787
785,4787
2375,2816
3726,4915
4365,4677
719,3915
3340,2782
384,2783
516,4735
3164,3877
928,4832
1936,2768
3704,4743
1946,4989
1336,2768
1221,4890
102,4694
1744,4793
4330,1728
2900,4634
2238,4993
1942,1817
326,1729
1515,4738
3026,133
4191,4997
2982,5077
4080,1832
2896,4929
2221,4786
3972,2776
544,4766
2171,4994
725,4817
2336,4797
2106,4815
2802,4896
467,1842
3043,4995
4973,4761
3625,5077
2769,62
3845,4755
195,4735
299,2841
3093,3879
1297,4690
388,2781
782,4266
2911,3881
3606,283
2025,4265
2757,4787
699,4694
2258,4970
3113,2779
3669,4738
864,62
892,4761
4187,64
2205,4787
1900,3885
2975,4878
3170,5066
4194,4768
5052,2671
4840,4669
2435,4678
2920,5020
4588,2832
583,2799
3925,4736
1951,4762
2657,5063
1564,4909
1391,2853
3195,4892
2078,4769
3973,4682
710,4902
5044,53
1065,4917
1550,4891
821,68
2100,2812
3171,4679
4627,116
2630,16
1175,4946
1936,2846
3905,4654
3776,4946
1309,64
729,4953
110,4955
102,4880
601,132
4077,4718
1907,1818
2055,2855
1364,3915
1749,2847
2442,1728
5045,5069
4186,2776
2390,4770
2446,4720
790,2829
2210,1855
3836,4970
3783,4781
2358,2671
668,5000
2200,13
856,5069
363,4815
1653,5004
4398,5000
3592,2840
2500,4904
1582,3879
2758,5019
532,2798
1937,133
3335,4878
2896,4683
4115,2855
624,318
1650,4964
1601,4937
4394,2849
1605,4993
2881,2774
3613,4765
4874,4746
4412,2781
5010,2779
1646,2855
3135,218
3545,4972
1611,4832
2319,4776
684,318
87,1817
2270,4680
4206,4896
3689,4774
4895,4779
3920,38
2142,1850
3842,4873
3257,5074
4306,1733
1195,2844
4927,4817
575,4803
757,2796
2310,3877
4854,4674
3002,4782
477,5001
4629,4264
3529,4791
2188,80
2001,4730
878,4995
4169,2841
1824,2785
4606,4634
3647,2853
1487,4992
1979,2835
2420,4768
3787,4986
3378,114
4047,4979
4271,1861
2975,3880
1596,5020
1953,113
2547,2779
4017,4930
550,4675
344,2851
3463,4964
71,4772
2209,4879
4726,4819
3594,4856
690,4890
219,4267
1234,4882
2605,4894
2500,4861
2466,4669
2049,4675
4018,4962
1329,2851
509,4911
3249,4964
2223,4728
22,12
4381,4940
999,2832
4839,5065
2262,52
3466,4990
3700,4674
3367,4877
2861,4829
4150,2854
4615,60
4150,4682
4278,4671
339,4990
1677,65
3765,2671
3890,4972
1473,4816
152,4730
919,2818
23,3913
2873,4891
1008,4921
683,4883
2155,4907
4945,4668
1244,2812
1797,1838
3341,4870
1605,1
1000,132
990,5019
3651,2799
3050,4775
4236,3879
3020,5075
4194,4938
571,4784
3818,4879
3300,4891
2752,4720
3350,1835
3474,4776
2094,11
2432,4635
3041,4694
3817,2785
1232,4773
3205,3877
2385,5002
3182,4697
4384,4952
2498,4884
3943,1849
812,2853
414,3877
917,4742
2050,2776
4716,5020
4157,5
2186,4956
4532,4880
1093,2857
3982,3882
4099,4995
3019,2824
3283,4679
1769,5064
2881,4635
2174,55
535,4264
1165,2832
1823,4783
2186,4911
155,4935
4863,4908
3416,2808
1630,4848
2418,2857
1049,2831
3534,4905
1535,2837
362,4669
2661,5064
2520,3881
2171,4763
1077,318
3065,4672
4974,2810
1610,2811
2585,52
3149,4671
3710,4783
794,4791
1716,4770
1284,15
1900,4876
4011,4669
158,2794
3655,4671
2454,4797
538,4784
2872,2827
3697,3505
1697,4816
670,2781
1222,4894
3001,4782
2160,4692
553,4914
4922,1837
5011,3880
1235,3878
3233,3884
933,4775
181,4994
2906,60
2390,133
3109,2809
1041,4857
3386,4778
2724,4917
1269,3879
2188,4730
1871,4938
2369,15
2751,1726
2023,116
3219,60
1540,2822
4560,5002
207,4693
1259,4963
943,4988
2155,1816
1229,320
1169,2788
1662,4678
2273,1845
2122,4939
1298,4780
5021,3880
3764,4830
1694,3877
1246,4249
4012,1844
1632,2816
3201,4940
2903,4906
2699,3615
4451,2858
1290,38
1470,3924
853,4929
1268,4779
763,1840
194,2841
4104,60
500,4978
5068,4759
3340,284
448,4829
4565,5020
3449,6
1613,4901
3388,4776
1570,64
1048,4771
2573,284
3340,2783
1083,3883
1519,4870
681,4799
1870,2787
4056,4897
4806,4753
3782,4731
4190,4763
4288,2811
1820,4951
4192,4799
3764,2821
985,1834
2504,4769
330,2829
3780,4878
4834,320
1597,1740
2204,4993
3960,4971
4515,15
4854,2786
3773,2835
3116,4902
1463,4739
492,4831
1005,2866
2101,16
4256,4964
2043,4990
4430,41
1400,1896
4179,4956
1261,1837
509,4680
3893,4988
2156,2860
338,4817
1819,13
3301,56
2983,4735
772,4831
3466,4918
1654,67
3329,4917
3989,4761
4130,2867
3159,63
2193,4903
1712,2846
3441,318
4081,1729
3057,53
2778,4670
1115,4613
591,132
5056,4253
4274,4909
2062,3914
1999,34
429,4953
322,4907
3226,4937
861,4747
1301,6
3455,4670
1794,4686
3239,4861
4827,2812
1504,4917
446,1839
4582,4934
4840,21
4337,4820
3825,67
2245,283
1048,4978
4144,2783
1228,4768
1001,4894
3015,4880
297,1855
2285,2772
594,4682
5053,145
645,38
4147,218
1143,2781
4825,1734
412,2787
4812,4784
294,2811
1429,2866
2311,4748
1592,4880
4027,4915
2982,4884
1039,8
2498,1849
3402,4803
3648,4759
1271,51
3263,2822
4303,4909
2804,4920
1666,2785
553,2814
74,2779
4611,2843
2675,117
4809,4634
907,4683
4438,1846
4089,4965
1252,4782
4621,4987
4812,3615
389,4885
3871,34
1040,4847
1372,2835
817,1839
4297,4751
3807,4900
4334,4850
2621,2837
2058,1817
1415,1849
4572,3886
1155,80
3591,5000
3049,1831
3215,1836
1619,4892
3069,3924
944,4957
524,4697
870,4831
726,4947
408,1838
3377,4762
3793,13
4523,16
2643,1896
3253,2799
987,5070
1318,4998
343,4906
4105,4776
1249,4912
1266,2798
3524,4718
3771,2822
665,4903
1059,4914
826,11
5022,133
3481,4968
2191,2831
316,4900
2537,4738
943,4916
2963,4954
1522,4986
3917,1734
4014,2764
2916,4685
4984,2841
4593,54
1738,4951
1885,4996
2432,4737
4498,3
118,4687
2542,2811
2218,2773
1663,4693
3970,4849
1907,4754
2930,4876
4324,4755
1706,2826
1750,4879
4151,2825
1458,4816
2028,4786
140,4683
4310,1734
418,4792
445,4764
3341,2786
5080,124
4942,4979
3264,4654
1717,1851
1320,4736
216,131
4515,1816
2025,4763
1699,2826
1044,4926
1972,42
2417,4952
466,1734
2234,4990
2499,4753
502,4832
3024,2764
646,1833
2556,1841
4621,4878
4602,4672
4643,4906
1826,4670
1290,2764
4567,4937
3851,4884
2486,4904
3357,4900
4108,4918
3800,2855
2332,285
3547,50
2308,5070
4274,4785
4422,2846
1222,4930
1054,3615
2483,4887
1378,5019
200,4634
1298,2817
2617,2814
2791,2810
5040,68
1049,4890
2157,50
596,4915
1037,3913
1188,4820
2354,4779
3803,3
10,318
3963,4897
347,4731
745,283
3300,15
3662,4786
4115,4965
3572,5020
1780,4937
1464,2786
2475,4687
3775,62
2167,5019
2076,4966
4315,4694
1976,4958
4391,4693
4186,65
4073,4783
697,4754
4715,4994
4719,1845
1568,4723
3952,4892
1976,2809
1216,1862
4167,4958
4651,4961
28,4769
2170,1732
1952,2790
4376,4929
3995,4991
2514,4877
5009,5000
3512,4765
872,4888
1309,4892
2096,1726
569,4888
1236,1748
4854,4783
4565,4773
3720,4817
4229,4797
4450,4932
3025,2767
2994,42
1932,4769
773,4688
1445,4729
1177,4736
2353,3
2904,4918
2136,4885
2687,4768
1449,1831
3086,284
3318,4674
3625,46
1906,2841
4453,4966
455,4955
3029,4738
3347,4248
4459,1857
3392,4735
1453,1896
2622,4883
1778,11
3088,4679
2697,1856
1812,4857
455,320
4121,4760
2770,4785
1937,1844
4796,2799
3576,66
3610,47
4354,1833
2193,4862
929,5070
457,4862
3231,4962
5015,1857
1399,1732
3194,5070
806,4818
1296,1733
3509,1728
2286,2853
2373,3878
800,1856
2893,47
4347,2796
3531,4768
3335,1860
3841,51
1209,1833
2252,8
3200,84
4556,4768
4282,2784
679,2785
899,1842
2690,4962
2539,4792
4642,2808
1079,4972
181,4914
221,4965
1624,4990
2905,3883
305,4829
4851,15
2348,4900
4662,4765
4241,4762
481,2845
4639,318
2644,2843
848,1836
2909,2833
74,4776
1344,4736
2168,2843
2040,5
533,2851
3124,64
4034,4768
1179,4862
2288,2772
4491,5016
4721,4964
4103,2862
4590,2782
3713,1735
839,4828
2289,2843
872,2799
3166,4929
3911,2837
3887,4963
767,4878
212,2823
603,1834
4061,4856
1312,4831
541,16
3118,4790
5067,48
3074,1725
785,1734
2385,4870
3132,4919
1299,4964
3340,2776
4122,3912
2529,4947
3862,4993
2575,4901
3132,4774
4604,2790
837,4734
4262,2824
2019,4739
1369,4889
1313,4849
4117,4735
3358,2847
1485,4680
1493,80
550,4891
2255,4819
896,2782
1266,1726
1035,4793
3387,41
651,4935
4632,4968
1716,2860
3026,131
1516,1850
3232,4909
5076,4958
4221,4961
3363,3913
3902,4979
1645,63
1040,1836
3633,2831
743,2787
1058,5001
2589,3913
1571,1857
271,4929
3346,2844
1918,2864
2189,2835
743,4956
389,4929
4353,4736
1079,4690
731,4800
2895,4790
2491,4916
4165,4944
2484,56
1320,54
4609,4816
4193,4914
3106,55
3713,69
2299,11
3277,62
3082,1728
3570,8
1969,4944
653,4886
1659,4783
1193,1846
1771,4829
1347,2825
2954,3886
801,4828
4545,2855
857,4916
4178,3912
4447,4739
3798,4778
4652,8
367,4780
3709,4970
5038,4824
927,2810
1666,42
3107,2790
3493,1833
3726,1849
2492,54
2165,2814
783,4971
1438,49
3232,2833
1424,2835
3473,70
4073,4993
4228,3880
257,4727
3731,5063
2094,5016
4588,4979
3222,4935
3757,4786
1669,4672
3041,4765
4823,4742
421,4797
2150,4691
4384,4993
3600,2858
654,4894
4575,4996
3203,11
3573,1731
3491,4915
2492,2862
631,2849
3890,2783
2118,4909
2899,4873
292,1733
755,4738
607,4781
1431,4885
2463,4736
926,4248
3150,4918
4083,1788
1937,1788
1190,60
3309,4900
4049,4792
2926,4929
3816,4957
4169,113
1086,4900
400,12
686,4971
1859,2840
201,2779
4409,4670
1066,4817
2178,2837
2928,3880
3180,4774
4022,4691
2343,5
3169,4870
4010,4788
3835,2789
2404,53
1653,4780
1132,9
1875,4267
1181,2866
4306,2840
623,2846
2952,4830
841,49
3795,4884
3652,4747
2131,2810
981,4253
622,4769
579,1862
3512,2785
591,4915
1149,4752
479,2849
4724,4784
791,4694
2884,5070
374,4777
36,4693
3000,2795
142,2818
3555,15
4082,4685
210,4909
1329,3912
1681,1831
1997,4772
3027,1850
3706,4733
3917,1733
1366,4733
4343,65
2412,4778
3905,4989
3996,4780
4006,5
2380,4995
1654,2851
4031,2790
1499,1
2071,4862
821,53
2828,5019
2579,5018
1975,4790
1033,3881
1509,4897
3918,4904
2869,4909
2300,4742
875,4816
3888,4939
3669,2779
3270,34
2338,4886
236,4816
3874,4952
1165,2794
1989,4829
4299,4987
1026,4911
1375,4735
3098,117
488,1848
2210,4946
4045,4686
272,4668
2210,45
2546,4669
1035,4801
3751,2768
560,4911
341,4909
1316,4747
1716,48
1942,4675
1285,4873
2292,4748
2109,5074
3123,4732
4169,1857
1398,4694
1088,1837
2515,2811
2129,84
3058,4880
271,4872
1533,1837
1507,4870
2377,2814
1221,4739
3046,2820
3531,4743
1853,4978
2623,4654
2736,4994
2188,4978
1216,48
3429,2837
4659,2816
2659,4890
2681,4918
2075,4989
1934,4907
3562,3505
3428,4654
3442,7
3276,3615
5035,1850
2236,3884
850,52
2712,4970
3629,2774
2868,13
661,4692
641,1827
1053,5074
732,48
2146,1845
2599,5063
3834,2827
1965,4733
2431,1844
1150,4754
920,2837
3394,68
183,1837
4133,4680
1634,4935
1955,67
381,5000
2027,4905
740,4817
641,145
1573,4920
2290,1735
4708,4887
4542,4978
1766,4858
2149,4253
3299,46
815,3505
1367,4964
2730,4903
3602,2671
2471,1808
1333,4901
3574,2827
3961,4790
1522,4673
4129,4917
43,2658
3409,4884
3748,1851
1345,4937
3359,4951
3563,4792
1614,4763
1144,4780
2358,2827
2336,2786
3344,4818
3536,4799
3534,4958
3734,2767
818,3505
138,4987
2087,4861
3276,2772
246,4695
129,3885
394,4688
3620,1841
1604,4685
2369,4969
4595,4939
4260,1831
4359,4693
2459,4248
946,4635
1785,2796
515,2846
5039,2827
506,2821
4569,2773
1241,4918
4560,1740
543,4892
1141,2809
3630,4892
4556,4769
1981,4947
73,4879
2399,4723
2910,3886
416,1848
376,145
4065,2833
1433,4773
4415,4819
473,2785
2902,38
181,4913
3450,4998
1456,5073
4126,1833
5036,3884
2328,4762
4417,4996
3234,4906
3455,4791
958,2846
1171,4970
2471,2824
3416,1845
2948,4992
2669,11
385,2810
2769,1725
3019,4732
4396,4741
449,2823
3181,4777
779,4754
1244,1850
2011,2776
4637,42
3599,65
3286,4939
4042,4969
308,80
4588,4872
618,4264
4229,4752
1177,4850
5040,4766
2136,283
1102,4953
1220,4912
4151,4847
3041,1788
2400,2788
2394,4743
2453,4691
464,3877
2226,4940
4341,4675
289,1843
214,1896
3646,4921
4104,4772
697,3882
1271,4849
4222,3881
2373,1850
453,4683
1576,1740
1770,4902
4303,1
2732,50
3539,4919
544,1896
1947,4732
2092,5020
1773,1845
3435,4742
2698,113
2588,4264
3690,116
1601,41
224,131
4598,4884
3893,4986
4447,1896
2731,8
4329,2837
1314,4830
4272,8
1910,2832
4140,4824
1979,4816
4567,67
1279,55
3983,4766
3290,4803
3843,4926
538,2658
1197,145
4330,2840
452,4729
1124,2787
843,4917
397,4264
1230,4739
2250,4897
3562,4803
756,4878
1473,4766
3586,2855
3671,51
1174,131
4072,1837
2180,5074
2927,2851
1311,46
708,113
734,4777
1706,1848
1315,2847
647,4926
374,4861
3158,2849
4483,4689
3701,1837
4628,1837
4024,218
2077,4760
4158,51
4044,4733
3797,4883
1583,2764
658,4736
2333,2782
1323,131
2742,4686
1367,218
2683,4735
2031,51
3171,1841
3099,60
2028,4936
2296,3881
3027,9
1202,4250
1492,2844
3857,1837
2473,2789
1973,2867
4666,4955
1812,4803
1381,1740
1532,1896
1195,4877
1310,4718
4303,116
4062,4916
3402,4944
4326,319
3359,58
1002,4786
217,4890
2926,4934
3004,4847
842,4686
1641,4734
20,4998
2274,5004
1691,4913
4181,4613
4311,4998
2172,4876
1477,4771
1118,4987
2381,3884
4600,2856
713,4878
2736,4872
3381,3912
2478,4902
2131,2862
4454,34
4001,4971
2208,2781
3436,4936
1549,3885
1482,4849
1436,2846
1936,318
2999,2838
3013,1837
169,4727
3495,1733
1058,4748
3139,115
951,2811
195,4986
4513,318
3134,4775
2041,1732
1940,4737
4210,4964
3102,3912
537,2764
3410,4250
310,4743
1878,4776
4131,4829
1438,4818
1602,4774
2022,4683
3791,2773
441,2841
1197,6
1997,4818
1564,4718
2153,2803
1965,1
2274,61
491,2795
1051,2837
1102,4676
1653,2786
2063,3615
1684,3883
1567,4634
750,283
2259,4760
4102,4940
1565,2820
4232,4613
3784,4762
2402,4932
3340,4264
3090,2799
3244,4953
4051,4635
3560,4681
3129,2843
1569,4947
4168,4882
4181,1835
1358,4971
930,2835
1883,2811
602,1856
2408,4687
3663,4748
3155,4937
329,2782
2376,2779
852,2798
5045,4910
426,4735
1677,2796
3972,4265
103,4908
3598,4786
4558,4775
1266,1735
1248,1862
913,3
2338,1827
1806,4687
3235,4860
4277,4784
1227,4847
3223,4966
4561,2829
1678,4613
1753,4676
155,4792
942,4894
3514,4861
2176,4685
1274,9
492,4754
4285,2839
3513,283
1933,5065
1470,2855
2649,2825
4745,1845
2352,4680
4924,2829
3177,4952
4325,4668
3806,4749
759,4754
177,1839
808,1827
3725,1740
698,2811
1143,3615
569,2790
1514,4885
3787,3924
4244,4742
799,1728
4318,3878
1106,4778
1008,1833
2540,4775
2422,47
2228,1728
4410,3912
1455,4818
4202,4689
1663,4996
4663,4860
4077,3877
1854,2812
3175,2821
397,2803
796,4792
1200,48
430,4970
22,1816
1376,4762
2478,62
2226,47
2193,318
4399,4799
581,2835
1805,2822
2937,2829
4476,1838
2361,2772
4845,115
532,4900
1180,5016
2971,4992
2463,2795
2937,4778
3292,4689
2562,5020
3093,4768
4275,2822
805,4941
3417,4941
555,1742
4191,4734
3477,4786
2056,4771
2984,2776
887,1861
2502,3913
1716,4888
2029,5070
4459,3615
863,48
1034,4987
4527,4946
4982,1725
261,4737
1260,5064
4100,4957
531,4754
662,4251
3065,4677
2277,4685
2084,5004
1622,1725
4017,4685
3008,4771
538,4876
1915,2810
1995,4913
4231,2799
3242,4849
4523,3912
573,4886
1057,4997
4899,4690
4649,4830
594,2835
3875,16
757,145
1524,5069
2451,38
3994,4886
3800,2821
3893,1896
3490,65
1319,2814
3875,4902
4255,4884
1273,2824
1499,4861
1880,52
2233,5002
2064,1808
954,4737
2085,4986
2517,11
584,3878
1683,3924
917,1848
1222,4686
253,4861
2640,4682
843,4872
465,61
2766,2841
4230,4988
2469,5073
2054,4673
2935,4962
4287,13
456,4891
4446,2866
4037,4957
1113,2794
1714,4896
2411,4990
835,4992
1644,2765
3408,4830
3798,6
3994,2767
1509,4742
3274,4902
2942,5000
1686,4741
2198,4669
2152,4987
4197,4688
2321,3914
2134,1851
2898,4888
2989,4847
1661,45
1104,4686
2430,45
2973,4251
3834,47
3334,4801
2079,80
845,4741
24,4697
2504,62
1130,4693
1380,4986
561,4889
3149,4862
3672,1857
3453,1732
578,132
4467,4683
2489,4759
3939,2821
2627,4249
1420,4781
1892,2833
2895,4988
817,4689
188,2822
4662,3877
3999,113
886,1732
1179,2788
2053,4769
4412,4912
4552,11
433,3915
1433,4966
1852,1896
3619,51
2637,4755
2466,4930
633,40
3284,4817
2417,4817
772,4683
2681,4988
2556,3877
4587,2855
4097,4761
1901,4941
4270,1840
4503,2813
415,4688
4726,2853
4839,4882
2427,48
3774,2851
567,11
3290,40
321,1737
2449,3884
717,5075
4094,4691
3009,4800
2991,4688
2208,4674
381,133
4124,1730
1456,2816
2246,1836
1079,2790
787,4938
3674,5004
1491,4830
3303,1728
1158,1831
3587,2851
3983,2808
4230,3882
269,4815
389,50
2660,4689
2643,4965
3774,11
336,40
3850,2831
1863,4970
3709,1742
4289,4856
1236,4857
228,2857
3709,4780
1016,2796
2100,2671
3213,11
588,51
3388,4687
702,63
2278,13
2399,2658
4092,2779
3055,5074
4129,4830
1677,5002
1039,4940
4632,4264
3231,3912
1596,4971
4840,2839
897,4944
4262,2858
4864,4870
280,2658
1202,2857
2125,4672
1764,4939
2413,4752
254,4939
2244,1850
4195,2847
2489,53
4296,4987
907,4684
3925,2808
4510,1734
234,4968
2702,2867
1472,4729
1736,4886
2775,1844
979,67
828,4876
2051,2860
475,4793
789,4759
3363,4862
167,2835
4700,2817
4650,4891
4144,3924
2258,1855
919,1740
3098,2829
4210,4882
2159,1841
1469,1842
5047,4752
2718,2798
4033,4799
3479,4697
4481,2837
2328,4819
3854,4938
4805,4996
4536,4880
460,1848
247,1728
2111,4697
1595,2658
4079,3877
1605,2813
2102,2776
433,2857
5022,4910
4326,4747
4214,5069
1483,1833
252,41
3626,3884
305,1726
1103,284
529,4918
2169,65
1035,84
199,4907
4449,1748
4391,1737
4472,1843
1933,3884
4536,4829
3021,2787
1139,4752
2882,4682
848,4790
1075,4249
4664,2764
3034,4970
1770,285
951,4818
2815,60
2690,1737
2324,1855
4708,4785
4394,4921
2385,1727
4756,2867
4441,4879
819,1728
3241,4998
2619,4886
5068,1844
4426,2829
462,4760
4159,1841
3521,4860
2109,4878
336,4850
1080,4766
1252,284
856,69
2338,84
2352,5020
25,4250
1238,5070
2740,4732
907,4635
3528,1831
704,4672
2511,2808
2990,2847
3001,4901
2483,4730
2096,285
3262,4776
988,4872
4437,4991
2792,4829
3220,4936
1499,4963
4342,4788
2218,4683
1307,4917
2339,1856
2668,2784
190,4962
2756,2811
1982,4746
1648,21
837,2810
2452,4764
1132,4694
2238,2765
2470,5
4079,66
4581,4882
583,1735
1951,4890
1738,4786
3467,1856
4945,4886
3891,2848
3438,41
1117,16
1399,4946
4645,4990
77,4779
2613,4788
3803,2785
3529,4891
404,21
1875,4741
2299,4939
1582,53
567,4696
1491,4905
2010,4672
249,4947
2376,4671
3470,6
4413,5004
1772,4733
640,41
4545,1856
4794,4902
961,4862
2842,1843
597,4690
28,4819
1229,4929
3351,4997
532,4790
3485,4680
1300,2840
3162,4855
4008,1836
1013,1855
3244,4926
3064,1730
2273,4800
3699,2772
3939,1861
477,2854
194,4829
4602,65
854,48
1790,4939
995,4690
4545,3879
4924,4986
914,4788
1133,320
3148,3924
3508,4780
600,4966
2066,5070
4049,4939
4223,145
2713,4634
590,4748
3262,3883
2972,4961
4038,4920
2069,38
520,2822
3654,49
3193,1846
3768,1748
226,7
4505,4747
2364,5073
1774,42
521,4884
1696,4788
1086,4736
23,4694
1156,4855
4540,5019
4080,4856
805,40
3898,4978
971,1840
2936,4934
268,70
1255,4889
2024,2835
349,1849
893,2820
272,4920
967,1833
1472,4769
1496,4680
2235,1742
2996,4888
74,4883
1082,2812
224,2820
3585,11
3223,2809
3319,4932
1188,4964
3286,2803
1602,5069
678,1861
2718,2854
4291,56
3554,4819
916,4789
3208,1856
540,4969
2530,4830
2326,3879
1510,13
726,1788
694,2826
3921,3886
2777,1731
522,4799
2664,2787
4318,4654
1291,8
1270,4784
2081,3877
2193,1827
2649,3886
2145,2794
4619,3884
3784,4676
4663,4720
1139,115
352,2831
3580,4718
973,5064
3363,2820
3061,50
380,4773
3162,4730
121,2867
3711,2765
496,4696
1637,3
5011,4885
4584,1847
3063,4887
530,145
560,4668
2261,4932
104,4957
358,4694
638,4894
578,133
1177,4995
2546,4961
3029,4884
1790,4673
3309,2776
3984,41
4286,2857
2719,16
2020,5070
3095,2814
3783,4693
4347,4955
5034,5074
1933,1734
1268,3882
3176,4253
772,4886
3354,1831
4437,4934
3022,285
2532,2813
4430,4970
1521,4902
986,4251
4259,54
2029,1838
2323,1850
3033,2840
1097,4939
1633,5001
161,4775
4813,1748
972,4956
302,3880
1437,4902
2718,4940
4704,13
3492,1851
2149,4750
2335,4916
2889,4882
2928,4856
1463,2867
3257,4831
2164,1845
2718,2818
2934,2789
1820,2856
4114,1843
1589,4934
2884,5077
333,4954
3239,4857
3965,4686
4600,4918
3894,4682
279,2776
2869,2840
301,2816
3314,4877
4116,4951
4020,1845
2971,1848
670,66
4128,4684
814,5018
3213,3880
1122,2671
1618,4776
1186,2800
2457,4688
4497,4905
773,2864
1143,2856
3534,4824
4118,2862
1409,2856
2743,3886
1215,4728
2118,4753
3726,4880
774,4829
866,4882
4566,4635
3170,1845
75,67
845,4776
3796,2856
1609,5075
2686,3879
2367,4896
444,5016
3291,2848
1407,4733
3373,3885
4039,4781
1636,5016
217,4847
987,2812
3655,1845
1191,4966
1027,4801
2252,4934
3091,2786
335,3880
1274,4683
1346,2808
5056,4738
1178,4885
134,2856
4358,1727
3083,2787
994,1834
2250,4751
4519,4755
3500,4932
4530,3915
2777,4790
2666,2818
2233,4688
504,1725
553,4878
1865,1730
1390,1831
224,16
945,80
10,2787
4662,4670
2613,4654
2536,4878
299,5066
4335,4781
670,4847
1889,4889
3647,1729
4101,5073
1689,4997
2697,4860
1448,1748
1152,3505
3792,4992
3844,2858
1689,1835
1549,4951
3518,53
2958,4997
1073,3914
3421,4777
511,3877
1797,4920
3037,4768
147,4761
2548,4902
2406,5073
4337,4891
1951,2816
4030,4856
4975,1816
1711,4696
3078,3880
4552,1730
3792,4669
4208,4860
1409,318
825,2827
4881,1734
1778,4771
4449,4695
828,4265
4663,4905
4365,4774
2890,1839
4605,4972
3153,2800
738,4250
4604,4735
2690,1734
2516,4953
1096,5069
2327,2847
1123,2848
553,2818
1986,2814
3055,4992
737,5074
4622,9
1953,2848
1033,4718
3640,2864
3521,1742
432,5020
1803,4635
3619,4966
3222,38
1419,4882
826,2779
4278,2865
1562,1846
1147,4966
3960,4920
3004,4749
4218,4781
4533,4693
2000,4926
2486,4908
1023,4784
3443,2820
1269,4776
799,2774
3014,2658
3590,5019
3083,2831
947,4919
4056,2773
169,4800
3794,13
1688,1842
2684,2839
2087,4894
3160,4888
3586,4876
2693,1725
4410,4729
2238,38
3765,2809
2332,63
1913,4831
3754,2813
4381,4634
1993,5063
1603,1848
1680,63
2706,46
4422,2782
745,4848
4495,4774
4183,2671
32,4681
4050,2846
1002,2812
3920,7
1041,3880
690,2774
3679,4882
157,4915
3434,3879
626,2776
2514,1742
3851,2848
3074,4728
3706,4879
2729,2798
4608,4986
4898,4764
1300,2841
1777,4788
3054,4251
2001,4697
2329,4693
39,4918
2424,4693
3628,5077
1908,1748
3359,4944
872,4681
430,4789
4535,4762
3887,4777
418,4824
3904,2851
3981,4789
295,4738
3326,4972
3093,4992
86,4790
1424,4799
4386,2829
3422,4915
2538,4855
1110,64
5058,4634
3020,2818
4260,4741
4369,4970
2277,2855
4189,34
4397,4733
3590,2865
2358,2779
3731,4250
1057,5019
4336,2845
3285,2768
4222,5
3311,132
967,1832
1736,4911
2735,2796
3371,1856
1512,4894
747,1818
2114,4685
1017,284
4480,124
510,4955
613,5002
1255,4687
134,4934
751,1827
257,13
1199,319
2724,4737
1685,4728
200,4888
951,4896
4278,1734
4168,4752
3675,218
4546,6
570,4768
669,1727
4030,4784
3235,1862
4086,4892
1357,4735
2018,2843
4530,4941
2758,3881
1490,2764
811,63
2468,4783
4377,2789
3799,4759
3740,52
102,2776
3665,4250
1761,4939
4464,5000
2464,5069
71,4677
3888,1817
2921,4952
211,2849
104,4815
1515,5069
4312,51
1479,4910
1284,5075
1422,318
1402,4892
1613,4785
4434,2854
3997,2658
1632,1833
3996,1862
4584,4954
166,4997
4383,4860
2347,3883
4625,60
871,4751
696,4849
1967,1827
1695,1732
3790,2822
3624,5000
3235,2845
493,2858
1516,1846
3095,2809
2680,4958
3785,4763
3391,1838
5051,5075
2907,49
4149,2832
1961,132
835,2768
2610,2824
3255,4731
2287,4731
2451,5020
2936,5074
2101,1847
629,2845
4657,47
2889,4992
1724,4932
3429,2858
838,4743
3389,5075
2288,284
206,4684
3105,2781
1276,4766
2180,51
3221,4987
4517,4684
1337,3879
2475,4730
4127,4790
3950,5077
249,2772
1074,2814
2830,60
2484,3884
593,4828
1979,21
1085,4759
1652,3878
1789,4751
2611,4692
827,1827
4041,2809
647,4936
4616,4792
4722,34
274,4760
554,4944
2381,1734
2112,69
4212,4904
3286,4970
1632,2849
4459,3882
2293,2671
3709,1725
3004,2832
4358,2795
861,4938
4497,4793
4605,4920
3887,4848
362,4956
3230,5004
3564,4910
4202,2823
1458,4792
2312,5063
4119,12
625,48
2551,4685
462,4738
4663,2855
4190,4728
1174,2787
1449,4737
1877,4801
3177,1788
2210,1849
4181,4753
296,34
693,2817
2263,8
4198,4768
5071,124
248,4995
1322,283
828,64
4852,4946
1810,2848
3306,4965
134,2857
4512,1848
414,4861
2391,1737
2669,2855
3938,2786
2188,4938
3096,4971
2168,1748
3501,4737
2940,50
3134,4778
3871,4952
26,4870
4843,2829
2160,4991
2868,53
3590,124
4042,4249
1571,4885
4169,4266
3471,115
3208,4870
568,1748
460,1850
3904,4750
4219,4682
3983,69
2806,4770
2300,2768
4042,5066
1349,4913
2175,2829
3976,124
5058,68
4423,58
3451,4917
3161,4979
3582,4790
5068,4677
1772,2789
1765,2671
1798,4888
3814,5069
2001,4749
1028,2847
3735,1851
793,4790
1669,1725
1977,4939
824,4753
755,4676
827,4947
2190,3878
3235,4914
2385,1742
4271,1840
4562,4919
2698,4264
3202,2781
3549,2866
2078,4931
3382,4763
4571,4850
739,84
4305,2814
1653,4936
900,1808
4535,320
1438,2832
3788,4752
4435,84
3168,4994
3715,1742
1587,1855
715,4964
797,3881
5045,4956
3011,4673
1579,4695
2745,4896
2400,5002
845,4926
728,1
2651,2658
2076,4249
2007,4728
1471,2826
2539,4900
2287,4674
3281,4935
1338,2781
4040,4735
1736,4916
315,4688
3031,4675
670,2795
468,4883
1767,2844
4007,2857
2371,4748
5037,66
2233,4723
381,4672
1495,1730
3751,4988
2929,4891
3024,2829
942,1841
3160,5000
772,4764
4651,2821
1815,124
2871,5065
2005,4683
263,3915
4331,4946
756,2798
57,1788
4058,2860
3741,117
3708,1748
3821,3879
4262,4952
4620,4669
1822,4909
1147,4253
4316,2789
184,1896
4517,4966
130,4737
2954,4879
3360,4870
3541,4937
3252,1860
3686,2789
2647,4991
848,2857
2273,13
4383,1839
3832,4954
1917,11
568,4921
2105,1844
945,2765
1051,1833
2373,4738
2473,2816
1993,1748
3399,4902
2109,4686
3361,4907
3275,4912
3362,1788
965,2865
1494,113
2909,3615
4717,4965
172,2808
1195,4921
4541,4751
725,45
1501,2864
4652,3880
1617,2671
326,40
4948,67
1198,2832
768,3505
3323,5063
3768,4792
668,5070
2675,131
1402,4682
4407,4934
2284,4790
4039,5018
3293,4831
609,1838
3962,2865
1017,2837
2961,4741
272,4937
609,4688
2628,4900
1901,4966
1654,4774
4510,62
4246,2816
2478,4671
1970,3884
333,1817
2703,63
1168,34
4715,4790
619,320
210,4668
443,1730
263,131
4457,4955
2704,2858
908,4876
4120,4634
277,1827
2207,2846
1033,1862
925,4891
2890,4936
2203,55
4449,4931
3002,4878
4592,1725
1107,1742
1276,5064
4546,2794
1317,4250
185,2817
2233,2773
3680,4759
4126,2817
1263,4951
2920,1729
3183,1728
1413,4941
2276,4912
4298,4890
3697,4905
1988,4934
3465,4759
1335,2857
495,5000
991,4727
810,4788
957,4771
2061,4873
1068,1788
2135,4856
3388,4774
1613,4831
5058,4957
3848,2808
3508,4738
2639,53
3122,49
3089,1848
419,4253
3089,4941
2994,4747
729,1833
1790,4679
4226,4935
2585,5073
803,4790
3022,65
1026,4738
1113,40
1121,2849
3139,2816
3681,113
3846,2839
3871,52
485,4738
4502,4789
3180,1731
3581,48
1006,4907
3746,4998
4387,2851
3832,114
3626,4877
504,4784
4482,3884
3375,1839
3447,2788
3795,4991
4662,1817
96,65
344,3879
1969,4939
4331,4860
206,4685
3089,2783
3851,4750
1615,4905
2902,70
2066,2824
4040,2776
1068,2843
1781,4790
3407,4963
627,4718
4381,4801
2925,2844
4375,2822
4118,2784
2089,4775
1001,2849
902,4861
2115,4771
578,4265
1064,3912
4097,3879
4024,4790
1250,4934
1096,45
5011,2832
3028,4788
3168,2808
1972,4734
943,4732
470,4818
1339,3915
3317,4901
3976,2812
4140,2845
2233,2658
1065,1843
312,51
2495,2790
842,2820
24,5018
1090,4929
4211,1848
2300,2818
4362,4969
3801,319
1459,4848
702,34
419,2827
4713,4988
236,4728
440,4921
2207,12
5033,80
4808,5000
3868,2767
2591,4674
246,4934
4337,4251
3636,4762
1271,4817
3069,4884
2762,4972
4414,4799
3561,4741
3682,4996
4706,4730
2140,4799
4838,4870
771,4682
975,4778
1792,5073
2969,1728
2231,4993
4060,64
2950,4752
497,4932
3977,3881
790,1832
373,4741
4719,4754
3543,2764
3116,4759
2732,4931
1098,5
3216,4720
276,4921
1188,1850
1301,3881
1288,4680
953,2839
255,4680
2932,4921
4124,4267
2879,4882
3033,4953
4109,2789
3773,4801
2103,4668
1957,1836
2163,4890
3377,4990
2942,2865
917,4888
