3025,4786
1723,55
738,4797
334,5002
997,4613
1341,62
3261,4884
470,4751
2061,70
4704,1734
4758,9
3287,4783
555,1848
3950,3881
1077,4978
4575,3878
3908,4903
1443,2841
2606,4735
2439,4742
3149,2788
1333,4989
2248,4926
1635,5001
4025,283
1956,1827
1390,1847
2555,2787
753,132
2542,285
621,4940
2004,55
2928,4741
2899,114
1944,4775
530,2818
2713,4754
4950,4908
764,284
1133,2843
869,4884
4335,4797
670,4831
103,4682
2106,4938
3138,5070
3245,2858
1149,4797
1535,4932
2518,1808
3794,2865
3836,4886
1618,3505
461,5074
4948,40
2689,4938
2385,2839
3301,4894
4616,2798
5049,61
447,61
2116,4783
4452,132
4756,4831
3046,2783
4120,4815
2921,42
4037,2862
4207,1734
2753,2866
4507,4676
2861,4264
4411,63
4552,4912
3420,4684
1071,2789
1760,4855
1990,4250
4273,50
1543,4910
4292,1788
1177,3883
2022,1831
228,51
240,5065
205,4953
757,4956
2369,4913
3761,65
3916,4824
4291,2824
1791,4780
4834,4739
1054,48
3229,4686
947,3882
5003,4697
3906,2853
3803,4739
3289,2781
5067,4903
4959,4957
1757,4861
574,4790
2231,46
452,55
2687,4792
3386,4753
4480,4964
4091,2824
2998,4929
549,4919
462,4738
4554,8
686,2826
4570,4929
753,7
1487,2858
3227,4774
3891,2853
3162,1833
3150,2764
2771,4249
2429,66
4405,2789
1939,4737
1498,4819
537,9
1424,4818
4466,4737
89,4765
3288,4850
4977,2855
3985,5066
925,1827
3467,4888
1767,4267
1244,7
4466,3615
5007,4634
1073,2671
556,2773
3864,4787
2996,4855
128,2837
3369,4993
2988,2843
4228,2853
1206,1851
743,283
1641,4680
3178,4934
4439,5001
3592,2857
3021,113
2099,4674
2989,2855
2051,1843
522,2772
3244,4266
3536,4979
1176,4693
3848,68
2239,4861
755,1788
174,4613
630,1850
4140,2789
1076,1834
4229,2862
2775,4250
2770,1727
2089,1816
1363,1726
1047,4830
1214,4847
851,2790
585,116
3020,13
4185,4965
3182,2855
1481,4951
1805,38
659,4847
3959,5070
380,4962
695,4768
3984,4687
4047,3913
1762,133
3235,5073
1242,2790
2029,5066
1697,2814
2418,2848
3469,1847
470,4951
782,2846
111,4788
3778,1835
4260,4912
3149,4775
895,4249
4562,2866
346,4749
4522,2774
1585,5070
2923,1836
3264,2824
3794,2837
959,2858
2225,4691
2510,318
3987,58
3595,4770
3836,4265
1031,4729
1287,4755
4551,2789
2973,4855
569,283
4189,4878
3188,4911
3000,4736
4657,2832
112,2866
3968,4736
83,4989
1760,4755
3845,4775
1231,1726
3504,3
324,4909
1269,4746
1045,2794
4387,2822
4243,4862
563,4830
912,4748
1207,4889
2698,41
1549,1740
2380,4897
473,4689
4509,4734
2365,4937
2444,3879
2481,4737
1897,3914
3683,4904
35,4828
4981,4773
2426,2867
35,5
4104,132
588,21
1488,11
1719,4741
3398,1832
2001,2812
4245,2785
3503,4885
3722,114
1694,4886
1147,4679
946,2823
248,4728
2325,42
1744,4916
877,3882
330,4777
3651,2821
1117,113
2747,65
2012,2833
1150,4896
4320,1845
4704,4858
3988,4771
347,53
1093,1740
914,4935
4286,4779
4355,3615
1324,5074
2664,4264
3700,3878
1790,4773
774,2779
3304,1851
3441,4891
2034,4788
801,4884
1489,4774
4262,3912
3089,4732
417,1740
3785,4847
3849,47
3340,1740
3177,1846
1588,42
935,2782
36,4857
2621,4781
4074,4855
668,4940
4423,4919
1664,4956
981,4910
3271,2787
557,2849
2321,4776
3657,2849
3226,4737
4586,145
83,80
3930,4896
1658,4861
2512,4962
965,1848
3797,67
1243,4746
1315,4873
1201,2838
667,2788
3849,5073
4620,2846
1912,4886
4576,3912
4083,84
876,2774
3782,4944
1214,4920
1027,56
2576,4742
3338,11
4479,4905
4228,4677
3687,4870
2342,3914
1101,4879
1522,4849
883,4677
1758,3505
1646,2817
853,2794
3900,2785
4605,4739
1438,4734
3904,5000
3398,1818
2338,4955
2003,2814
3550,2779
4621,4748
4429,2764
149,4986
3621,4906
729,1727
3509,4769
2917,2860
3999,1742
4234,38
3901,4735
1095,4952
1446,4958
3227,4752
3962,4735
3375,4935
4182,4669
347,3
4370,4906
2309,2820
1374,4250
3191,4958
887,319
1046,4729
1572,9
2355,80
913,2826
3815,1851
3408,1896
4345,1831
2392,4910
3078,4930
1744,4672
4707,4732
4451,4765
1555,64
2322,3912
3413,4972
4177,2832
4499,1896
3786,2824
4846,1840
3097,4932
2981,4773
2676,4789
3481,4773
5017,218
4567,4879
4620,1835
532,1896
1133,4691
515,2768
3500,2794
2387,65
4175,4654
1137,2865
2892,1844
1544,13
2189,2829
425,4769
1970,2841
3024,132
197,4888
3600,4892
1090,1857
2741,41
143,4907
5050,133
2541,2823
1158,4738
1559,1729
4705,2826
2117,4801
3646,4850
4233,2841
645,61
841,4877
399,4918
4196,4892
3755,1732
2928,2789
4942,62
2926,1842
1637,50
4149,4989
1319,4677
3084,4733
3378,4894
2686,4998
4259,4760
2647,2867
3457,4888
85,4793
4616,5069
3326,320
2938,283
342,4790
3697,1734
490,1740
3529,2812
4013,1808
1327,4828
3470,4731
775,4953
1551,4668
1498,4747
1379,2768
4288,5064
2544,4877
2328,4970
1063,3912
1550,4694
4171,1740
2618,1742
2334,4751
3269,3883
4030,4803
1089,3885
2396,4956
269,4986
809,5002
3674,5000
4722,1831
4401,4920
294,4930
1698,4940
2665,70
1871,4858
1483,4749
2303,3878
2922,4938
1882,4890
2206,4692
812,3884
803,4882
3835,4964
2168,4684
1297,2832
4195,49
206,4738
3421,4870
3335,2862
1119,4861
583,3884
2203,5074
264,2795
2873,115
4048,2781
4643,2856
3340,319
3080,4765
2250,4730
3707,2825
1059,2811
3658,5065
1916,4677
2008,4894
4314,4878
1994,4932
670,4832
3719,4737
3409,4832
1376,2866
1768,4692
5003,4989
4257,4723
1352,2856
4404,4915
3228,2823
4805,2839
1431,3878
4033,4769
4119,4888
4307,2772
1525,4878
3674,4728
4088,4938
477,4732
1956,3881
4421,4997
1335,16
4240,5066
3017,4776
2249,4918
434,4954
20,4892
2242,4738
2045,4654
3990,4896
794,1839
3949,1857
3002,4917
2805,4687
1298,2787
328,5069
1273,4901
1608,4800
205,2789
1453,2821
484,4877
3066,1861
3448,2808
1759,21
2086,1850
3206,1839
2349,4992
5012,5004
775,1728
195,4675
3502,2846
4928,4729
2663,4679
1145,4684
317,2816
150,4964
460,4914
206,4748
1458,4934
3994,4938
3024,4877
4320,2658
5057,4801
4653,12
4019,80
1790,1737
3477,4759
2168,1861
4973,133
85,1896
213,2851
3026,4784
3729,4917
2882,4886
1694,4831
3921,56
3332,1827
501,2783
3130,4743
5040,46
1048,2798
2921,4900
3632,4685
4,62
164,1727
2110,1851
767,4668
2910,2816
1296,2814
2079,4750
4169,4264
4609,2788
3208,4872
3393,4777
3619,4989
2625,4679
3676,4986
1777,2798
3256,4266
3531,2796
3738,4978
4317,4987
3286,52
321,4693
998,4691
4086,4792
4231,4858
4091,4789
2894,4755
2372,2832
1545,55
4002,2816
540,2799
4170,4687
3598,2767
1912,2786
752,4820
1484,4266
1976,1835
1459,1
4570,1862
1241,2844
3942,132
3366,4989
3962,4992
3835,4755
2996,1726
796,1896
3390,1788
2257,4952
4387,4691
4241,4887
1378,34
3391,1731
1043,4801
2679,3885
1428,4785
604,4787
4869,2814
848,4778
2674,1817
4042,4778
4200,1729
4182,2811
3045,2790
476,41
98,2827
2482,4635
1441,115
2068,2857
956,2860
1803,4926
3085,4931
4261,11
2422,4815
1071,2826
4866,4897
2109,4761
906,1728
4162,4965
832,4988
1059,4952
3893,2841
2578,4919
4259,4770
3938,4755
2557,4872
3996,4253
1583,2851
879,4766
700,4681
1885,21
4039,4754
2167,4994
4495,4957
883,1817
4462,4768
2092,48
434,4990
4160,4887
1639,4969
3749,4873
3585,4920
2423,4773
118,4790
2746,4861
3629,5018
4293,45
2287,4831
1224,62
3585,4777
3341,4765
2156,4732
4607,4885
4508,6
4757,4850
126,4998
3020,5077
3835,4769
4399,4788
1354,1840
373,4855
997,4743
1221,4749
2661,56
448,4684
4943,4732
4539,4746
2414,4673
2464,132
1038,2818
3150,1896
119,4882
882,1834
4605,4987
1812,4909
3532,4897
1998,4688
2178,5020
3691,4773
1786,4989
2166,4912
4029,1846
3159,15
2919,124
5043,1856
4303,3886
935,4968
1994,124
2807,4743
1110,4788
4432,4963
2710,4689
1210,4931
4666,124
2680,4697
1812,3914
1075,4748
1130,5019
1197,1832
2497,2781
1224,4987
995,2810
2509,2773
1253,1832
880,3879
217,2864
4039,4736
2743,80
2602,1860
3390,3
333,2810
2963,4878
1685,4931
4030,115
4623,4996
3405,4972
3037,4914
348,4688
3007,4613
3678,5000
4113,3924
4188,4931
130,1857
3963,45
804,4918
3978,4993
249,1845
2513,4910
3491,2862
2257,4932
2516,4762
3949,2785
852,4634
1251,1730
2304,4654
3430,2849
4580,4891
876,2803
1158,4789
1235,4856
709,2772
2226,5075
1508,2838
588,145
4606,4670
740,2808
3018,4829
3039,4778
2246,3913
4002,4774
4700,4779
2420,116
3224,4773
1504,2765
3245,4251
3263,4763
1356,2783
4224,1808
5054,2858
3336,1842
3321,40
3715,2788
356,4958
351,1857
4095,124
350,1836
391,1856
1863,1818
3696,5065
2989,4921
3752,4939
2619,15
3482,131
3988,4766
3033,4998
3738,4905
462,4856
1315,4830
547,4914
1517,4892
568,4749
3958,2845
229,54
233,3877
3524,4799
4437,4684
702,4953
4167,4788
2895,4884
3193,5016
925,1844
307,2865
3112,4979
1706,4769
1461,4966
4522,4736
401,4891
1821,4901
2958,1832
3727,4954
483,2808
1132,1731
1830,46
1186,4915
1479,4742
3297,4720
2519,4790
2447,2794
3480,2799
1785,4748
2112,4901
4554,2772
2162,50
1613,5065
1286,49
3740,4761
893,4986
3082,4937
1264,4978
309,4910
450,2781
1264,2795
3334,2855
3748,5075
4311,4779
2915,1729
1235,3886
1028,4986
1355,2837
2938,4743
4591,51
170,4253
3233,4733
4441,5064
4260,4267
3279,2818
1171,2845
2997,284
4608,2860
628,60
3223,4672
4596,2854
4177,4748
4624,2831
2010,48
2143,4963
4589,319
185,4675
4292,4894
3350,21
3274,2818
357,3912
3752,4921
4152,2794
4142,4855
481,4674
236,1851
489,4776
2176,2808
820,2849
3653,4749
3963,4787
3724,2803
422,4995
4403,4770
2315,5070
1700,4931
3830,4682
1291,12
2051,4613
2546,4685
2057,4910
723,4787
2478,3877
1590,4908
3993,4888
3793,4800
3343,2782
340,4766
713,4970
469,4990
4018,4912
1067,4890
2164,4905
157,45
4138,3886
1040,1845
689,1731
1506,4748
1282,4934
1668,2790
2936,5063
4608,4953
3224,145
3305,42
3677,4879
1048,84
2687,4860
477,2822
2562,4989
204,3924
4533,4954
626,2860
858,4692
379,4731
3525,1808
2108,4938
3918,1817
4055,4968
1180,4968
4288,1834
3739,4936
1813,4689
3303,2781
4545,4916
2109,4688
3390,2829
2530,4733
2151,2862
3009,4696
4625,4680
724,4792
1457,2794
675,5002
3525,50
397,4954
3682,2851
2389,2858
3789,2813
3036,1
3310,2784
5010,4680
2979,4730
1025,4992
3666,4894
806,4996
2446,2794
3809,1846
4052,5004
3568,1808
4388,41
4534,2811
3460,1842
615,4909
3029,2781
2179,2783
434,4870
3783,4689
572,4781
2298,2765
3991,2829
599,2765
2049,1835
664,2866
1445,2764
5083,4934
1238,4965
2118,2773
2769,53
3898,4997
4008,4787
3946,117
3058,4946
813,318
1821,2851
663,1851
2507,4857
4272,4749
4757,1831
1502,4946
2654,6
703,4939
1499,4783
315,50
231,4763
3078,2783
270,4953
2598,2837
4009,60
3605,4938
247,2799
1858,1817
2977,4903
1693,2864
4467,4926
4865,63
2304,4791
933,4675
4379,4993
4271,4759
4222,4885
387,4749
1920,4686
984,4250
4413,2795
3628,1860
1583,4882
2355,3885
1193,1855
3993,2837
2010,4979
1719,4889
4247,4830
57,2827
3079,4736
1745,3913
1591,2795
3087,4830
4366,4743
1771,4963
3588,4848
3115,4788
2231,4847
4385,60
3136,4831
3617,4829
590,4969
3387,60
3940,62
3463,131
2264,4830
3531,4996
3080,4930
399,2658
3150,4958
2328,2833
4298,1734
1099,2825
2389,1730
2300,2767
3874,1827
157,4856
2590,132
4326,2810
2129,2843
2215,4951
2315,1840
1273,4747
3206,1842
1493,2831
83,4902
4822,12
336,2814
4626,283
3024,4993
2107,4775
785,2787
135,2800
3836,1740
3793,5070
1485,2816
2621,2843
297,1831
1267,3615
4521,5069
919,4913
2115,4951
3528,4918
4063,2853
850,4718
1854,1846
1495,4777
1464,4953
1479,4990
950,4797
345,2658
541,1817
1750,4970
4813,2837
4255,5002
1474,4689
1579,4913
2203,1742
490,4753
4484,4947
1190,4934
648,4938
2550,4910
2130,2781
1450,46
4646,4793
2319,4818
216,4887
2000,4761
2727,4683
987,5064
3671,5069
1284,4673
3234,4954
1367,2841
3049,4992
3384,4946
1935,4919
2274,3880
660,2783
1184,13
3511,116
521,4944
4438,4765
543,4766
748,4764
3998,5019
4368,1861
3051,4991
4569,4248
4350,4265
4170,4781
2060,4908
1440,4856
1447,2841
4592,4961
677,4729
680,4968
3870,4991
3006,4688
1676,4958
83,2784
397,1726
2546,1844
3433,58
790,131
5044,12
2123,4747
1062,2845
3539,4678
3427,2784
1957,113
1774,2841
2584,1840
811,4265
2886,6
3547,4912
174,4684
2986,2772
141,4755
2942,1849
4823,4781
3331,2776
4064,5019
471,1727
4581,48
4538,4634
3747,4939
1283,2814
1473,4690
4236,4914
3512,4941
2243,4998
168,2823
4826,3914
365,2837
1354,2825
2575,58
510,4251
3156,4251
384,4635
366,4683
686,285
4709,133
3531,2846
480,3886
1095,4909
3992,4848
1371,4755
2384,2839
3796,4896
2307,4799
4636,2772
2,4931
3064,4940
2650,2858
5010,4766
398,1896
1169,4932
2220,8
2622,2854
4139,4906
4141,4727
1909,5077
1984,4250
1640,4908
1518,1732
2675,218
4973,4676
786,283
3621,2829
3512,4634
4166,2814
2182,84
539,113
2397,4803
2285,3881
1496,1846
620,124
3702,2816
660,13
1313,4994
4290,70
4015,2839
289,4684
1951,1831
4656,4964
3004,4970
4151,61
738,4906
2919,5075
4363,2849
923,4689
502,5000
2742,4797
2649,2817
1797,4695
155,2816
2293,4916
995,4780
209,4764
2127,116
4373,4860
4309,60
474,4905
2948,4848
1986,4800
3531,3924
3480,4682
1190,4883
4063,1734
967,2773
2751,5064
2957,4762
3496,4682
3014,4693
154,4771
3692,6
4376,4654
1229,4764
1190,4962
841,4779
3599,4969
4827,4732
1059,4955
636,4690
1329,41
1484,4941
1815,2827
2126,4761
1937,1856
955,5075
1650,4861
2249,5073
2320,4879
2564,4248
3990,1857
2227,1834
2479,133
2298,1836
1877,4691
3261,283
722,5069
166,2823
4165,3877
5038,2803
1517,4697
4975,1834
3214,4908
370,4253
3826,2845
2621,45
3772,4763
3743,1844
2451,2785
1418,67
215,4786
2569,4775
4558,4683
3173,2825
4325,4932
4,4732
3707,1729
2238,4768
459,4779
1882,4801
4384,4820
2124,320
2023,3885
2904,2768
1961,4777
540,1846
379,4819
371,4778
1317,4830
430,4668
1738,132
3242,2865
2231,40
398,13
3091,4901
3221,4830
806,2658
3596,4926
110,4878
2504,3878
455,4957
1151,4904
565,2844
4262,2794
4181,4962
1859,4872
2489,283
3679,4728
3340,48
2924,4944
594,40
3977,4248
4367,1841
4719,1740
5012,3884
3528,4749
3695,4951
2267,1844
2370,4754
816,4964
2335,4654
2948,1839
400,2813
2727,4850
2234,4872
2625,11
1704,4752
488,4858
491,2765
4023,51
1425,1832
4647,1839
1830,61
3532,320
1587,4784
2562,2856
371,5018
1988,4687
3682,4907
399,63
2211,1834
1552,2781
4617,4906
2919,318
2642,3878
411,1835
989,4686
1039,2867
4717,4788
966,2779
2902,4671
2883,4763
4437,4876
3182,4855
1473,4989
1931,2765
3590,5001
5037,2658
4321,4684
1138,4962
3286,4753
2192,2844
1164,4741
1753,4986
3802,1896
3865,4635
3123,67
3817,4850
698,4781
3979,4940
4630,320
4064,285
4327,4916
4497,4742
1532,4849
4261,4939
1411,2826
4984,4720
695,4770
2448,1850
299,4888
1994,4765
3279,4901
358,4783
4436,1808
2879,4902
3147,1841
4202,4779
4163,11
2802,4688
1360,4987
1979,3505
3193,4910
1361,4972
2420,4264
402,1835
4193,2809
3619,4759
4924,55
922,4675
2356,4902
3083,4856
1323,4793
3166,3878
79,4785
3787,4688
2616,5074
2769,4971
3483,4921
1362,4932
2172,9
1071,4892
2691,63
371,4889
2673,4784
1313,2776
3507,4934
4461,2840
2101,1856
929,4753
3387,5075
3319,4931
73,4912
3517,2839
3765,4671
3362,4952
1017,4936
4295,4797
3042,2833
4560,2796
195,4920
3537,4677
1764,4681
4545,4921
95,4932
1996,1735
4228,1839
1756,4886
4280,4953
2978,4887
395,4695
1209,4685
2972,47
3704,4739
2416,4896
2749,4739
3469,4916
4068,65
1571,4910
2191,4695
1427,4829
413,2814
311,4765
4708,3505
3966,4829
3923,69
1062,1827
4531,4857
1215,2765
4078,2767
4967,4681
430,4889
832,45
4506,2844
2326,2800
4139,4739
4066,320
3289,4955
3311,2813
1403,4907
1096,4828
1611,4885
1010,62
3083,2764
2090,3913
3825,47
3249,2866
3631,4972
2155,49
1798,2866
325,1733
3717,2865
3363,2827
2009,2809
1394,4912
164,5004
3829,1834
662,4989
1767,4778
3141,4800
1417,4786
1480,2843
2685,4932
1575,2774
4311,4792
906,4988
2257,2788
859,4916
2446,114
1013,5064
3545,4876
4719,4939
670,4746
3022,2767
2031,4775
1079,4986
4318,4944
4556,4957
2738,1788
3624,1831
2236,4953
3577,4873
746,3913
419,5019
816,2796
2130,5066
4478,4250
3353,5075
596,4828
2911,56
3102,1733
2445,4915
4046,4931
1374,4248
3078,2862
1356,3912
217,2845
1929,4832
403,4828
3380,5016
2297,3877
3482,4264
787,4930
2361,4672
745,11
430,21
1287,4849
4028,4934
3225,4759
4614,4819
787,2856
1516,1857
2639,4248
1232,4938
4544,4916
3993,50
2708,66
3589,2865
1381,2765
706,4970
1127,2867
3975,4958
1133,4689
3058,4947
2910,4848
4450,4995
1006,4910
3322,4749
1399,4781
3783,1844
2508,47
4407,4677
4252,68
2725,4671
2131,70
289,4855
1716,2809
563,4668
2990,5
4507,4908
3497,3913
3408,284
2545,54
2743,4955
1119,4894
2710,4266
4322,3505
230,51
3830,52
3378,4749
1675,1733
3476,5077
1884,4778
3239,4251
1012,65
677,4248
3283,4728
1061,2798
2691,1862
478,4830
1221,4961
3455,4803
2650,4848
4115,4916
3709,132
536,2857
4262,2866
4217,4817
3307,4997
426,4752
2744,2854
834,4862
2254,1831
157,5077
908,4915
3108,4978
1884,5064
3435,1850
4579,4723
1526,4764
477,4761
2617,2851
3109,4771
484,5002
1391,3924
4895,4686
1042,5
4295,2855
3490,4737
830,4886
2684,4936
3895,4692
405,4931
3740,4910
1620,4751
2178,2843
4279,7
1625,4919
3855,4972
1112,4766
530,1856
1186,4966
2233,4824
1355,4681
3254,47
3025,2814
3060,4830
2621,4896
2032,1
1380,4695
93,1827
2210,4856
2637,4799
4310,1856
4101,3881
4802,4912
3141,4772
3784,4931
2697,4635
2238,2857
3922,4730
153,13
1574,1730
3103,4856
1108,4264
2024,4689
834,2818
3607,4877
3415,2808
2703,4773
2762,5001
2564,4905
3891,4935
4550,2849
746,2867
3491,5000
4515,4882
3246,2810
2882,131
4275,2658
4069,2812
2219,5074
1435,4668
2478,2824
59,4995
414,1848
4410,4897
2609,124
1069,2798
1540,4968
92,4951
3504,4695
4367,2785
1987,5000
1512,4766
3126,4676
406,4777
1620,1843
4293,2843
2601,3879
4368,1862
4863,1808
3170,4916
4279,21
1396,5065
771,4828
2366,4848
2585,1729
687,3913
2100,2853
3595,5066
911,2818
594,4770
4313,4952
1977,2808
3028,4916
2217,1788
3766,132
3171,4735
3431,4732
2733,4777
1528,4683
4949,5073
2312,4763
375,2823
466,2785
2421,2867
3700,4720
4024,4266
376,4979
655,4749
2274,1818
3423,4775
2559,4882
2419,2845
1927,4876
3263,4723
2031,2787
4600,4763
2713,4741
2623,4880
2626,4862
3624,4777
327,5
2421,3914
4055,47
4269,2856
602,4778
3759,4676
3598,3924
3857,1808
412,4832
4000,4776
3529,115
2071,4914
253,7
1204,4889
2702,4997
4061,5064
3428,2799
4292,1860
582,4737
1008,4887
1825,4988
867,4902
1865,4978
5078,3914
2691,4251
3636,4634
1783,4755
1395,4690
97,4697
2045,4670
812,4954
120,4955
3160,1851
4048,4669
4922,4668
2630,4906
3522,1726
3417,58
2270,2795
3404,4697
1447,4912
4308,4902
1107,4963
1238,4897
941,4266
1932,2838
1440,4855
3675,2849
4846,48
988,4912
3929,4696
2654,66
4641,4784
1509,4824
405,5064
259,1862
1391,4905
4350,132
2524,2796
1949,4848
4474,4690
1151,2795
921,2832
4071,1728
1772,2785
4527,116
3200,115
2427,4779
3449,84
2777,4916
3213,41
3341,116
4104,4613
2964,5070
309,5016
3440,1841
2666,4817
2214,6
1442,4917
1279,4718
1697,145
4837,4888
472,4847
2344,4883
987,2865
4307,4748
3087,4754
306,1842
727,2796
2149,2844
1567,2816
2662,133
1418,2825
636,4691
1500,4856
3752,67
3794,2860
4573,9
2899,5018
543,3886
4031,1843
2561,2798
1806,4775
1280,4944
702,1855
2413,4829
3709,4888
2029,62
2766,2772
2550,5077
1712,1862
3366,4882
4561,2822
1126,40
4098,11
3288,4613
3541,4931
1772,4613
2507,1838
2012,4891
4699,1855
2347,1849
3484,2860
883,4990
3922,64
2665,5069
4974,3615
1555,4755
1151,2824
1511,4961
3424,4857
654,4786
803,4926
3743,5073
4232,5001
4245,42
3378,4723
405,4683
2631,4988
5041,1837
4353,4800
471,4830
2019,4994
1641,4878
5071,3885
1943,2800
4410,218
1329,4682
452,50
787,113
4336,4887
2100,4971
2068,4903
4175,4870
334,58
589,4882
1269,4934
3688,1851
2194,53
1494,4768
3715,2808
1316,4988
4622,2864
3653,4870
2333,1844
567,1725
89,2808
3415,4957
3639,4797
4241,3615
1198,5063
3382,1841
1939,4738
1488,320
1061,4736
2988,2800
3536,4793
2200,2785
4545,4734
317,2790
2574,4988
2438,60
2901,60
3220,2858
5084,4251
1032,124
879,41
3791,4979
3080,4891
259,132
3854,2813
1331,40
4767,4683
1587,4787
2990,2867
3695,2816
663,55
1043,4718
838,4992
646,21
225,47
847,4777
22,4870
3625,4613
668,4762
4350,4935
1196,1833
2082,4858
1281,4994
2708,4890
125,4786
3429,4901
4708,2790
3522,4991
1465,38
1526,2853
2762,4847
2907,4688
255,1836
3331,4936
2254,2837
361,2847
4232,4870
4625,5073
5061,2825
4488,1848
3260,4939
2531,45
3133,2772
3550,2786
1919,1839
2296,4249
4006,4792
1947,318
4510,1860
5054,4914
1872,4248
317,69
1893,2818
2190,11
2065,4970
1202,2840
150,2865
4136,40
3127,2799
3839,4770
3169,2855
407,4934
4346,2765
5005,3882
4245,5016
3350,4766
3264,4897
2288,4902
2560,320
1286,4797
3387,117
4928,1817
1190,124
2155,2786
2576,4958
19,1851
1547,1827
262,4800
2205,2816
4582,84
4592,4955
2571,1844
2802,4915
1997,4978
737,4679
4573,2765
396,2781
2112,5000
2684,4998
1828,4832
3738,4728
1206,4788
2033,4774
4869,5066
3311,131
3702,2798
3149,2854
338,4944
2903,4910
4320,4900
3537,5018
1001,1843
4451,5073
624,2866
1047,4728
1932,4680
912,70
562,4675
444,4766
2957,5069
3780,41
4181,54
4834,4885
1800,2827
2567,4935
1107,4824
2759,2814
501,2788
406,4903
2241,4681
2444,2827
4218,45
1582,2786
4615,4957
2579,4266
1262,48
3549,2803
798,2851
4512,4889
3132,4777
2880,3884
4596,2848
3672,2788
4227,4917
3798,4743
2942,80
4125,4781
3935,2841
1290,4858
1163,2860
521,1851
489,4782
125,4882
1382,114
4597,4251
4053,4693
4194,4755
4893,4776
4663,4776
2882,2826
3148,4792
502,4772
346,3882
605,3886
751,4718
440,4832
1701,2781
3065,5065
1495,2788
1296,4746
1578,4970
3904,4729
522,80
2107,4908
743,2788
3741,1729
3526,4697
746,4954
4813,4734
1240,1846
3441,4730
3487,1845
3021,2772
43,1842
537,2851
4838,4686
1982,3879
4494,4883
1279,4979
2321,4926
401,3924
2307,4904
2271,4731
3853,4689
4767,4941
4299,52
3360,4266
1614,117
3738,2858
642,69
4090,45
1243,4668
2137,4956
3151,5073
3038,4972
972,2818
3465,4763
181,5018
4846,4921
387,4737
2907,4909
206,2843
2968,1817
106,4824
3213,113
2440,8
1414,4891
562,1855
3693,4894
1065,2808
4066,133
428,3913
2989,5002
1580,1737
2441,1742
1316,4998
3099,4696
582,2849
444,1737
4898,4961
487,1849
3337,80
4079,4861
210,4797
2423,2831
2753,3879
1783,4792
4852,2862
1356,3913
3433,4684
2346,1860
2949,2865
2161,4990
4655,3615
1721,1735
1081,2810
2182,4791
802,67
4135,1841
426,2813
2744,4939
3992,4267
1079,4743
413,4762
2965,4755
915,4735
4562,4780
3012,2824
2601,15
3472,4894
1134,2867
482,4747
3259,4723
4050,5018
1821,2849
2358,4818
3799,4768
925,56
1682,4929
4867,4783
2694,2857
3370,4901
4745,4961
3691,4830
1197,4857
3586,4958
2601,1833
2459,4723
1644,4792
446,4746
621,4978
1177,2798
2696,2781
679,3882
2898,2847
4561,2809
4117,2764
3338,4253
3034,4926
4158,2853
1259,50
358,1833
1637,63
3739,4952
1958,4860
4244,1729
2968,4890
2651,1862
3088,4731
785,1848
3252,2822
1871,4912
2232,4682
2952,2671
4469,4883
713,4697
1585,5000
2519,133
1596,49
3554,1788
487,1839
882,4877
1880,4904
1165,4761
426,3879
954,54
4650,4819
3968,1836
3338,4856
4596,4668
1772,4765
2405,4929
138,2781
239,1733
2756,4799
2942,2841
4948,113
1482,4994
1699,1861
1397,1831
1526,1817
2465,4961
3618,4883
4465,2825
2485,55
1624,2820
2045,2774
3821,124
3095,4832
4304,4783
2527,4803
5021,4249
4595,2839
2471,4797
238,4770
1636,1729
612,4801
3727,1740
4716,2799
2691,4931
912,4938
2453,2838
1585,2781
4851,1818
3989,55
118,1840
2512,4929
2612,4746
2758,4919
2122,4727
1656,2838
4484,4671
3620,4266
2242,4979
2672,4777
3647,4880
4302,4941
4176,4759
4150,51
221,4897
5022,4849
1059,2812
1898,4763
2277,4955
2461,4953
3201,4672
1100,4886
4372,4987
4413,2811
74,4613
3730,2788
3901,4736
1104,2774
3869,4876
3020,4735
910,2784
2130,4926
4237,4917
4486,1843
3088,80
3036,4849
4619,2820
606,2799
3158,2776
626,4770
2640,4778
2274,4885
683,4931
749,283
1346,3885
1687,4731
1365,49
4574,2829
4287,4970
1032,34
3343,2818
2522,4253
2548,1729
1507,4885
2436,4720
4397,4817
2063,284
3981,4902
507,68
4242,4937
1610,4855
2081,4266
1353,4248
1231,2789
1267,2772
1063,4873
3068,5
1241,285
2621,4913
3303,4917
3638,4728
2306,8
3496,4896
636,4873
3713,15
309,4964
2907,318
4189,3886
4667,4828
209,4913
592,12
1209,4778
3197,145
1772,65
3986,4251
4552,4820
4406,5001
1869,4679
1119,4994
1519,4914
4000,4777
1659,4674
1393,2843
4359,5064
2871,7
3761,1841
1114,4760
1276,4799
846,2833
3043,12
3243,4670
3055,4958
2518,1818
2253,4815
964,80
4060,4820
152,5016
3043,1843
1819,1726
1167,4777
5056,5064
20,4909
790,4771
826,4952
2026,4753
1148,4267
4442,4855
152,2779
311,2786
3467,4929
3903,1849
153,4687
3592,2865
4470,1834
3743,2794
1699,34
659,2835
2975,1842
1287,4955
2467,1847
258,5000
3446,47
4632,4729
2660,4803
3763,4790
3134,2788
1359,5075
1689,1731
2138,80
3378,4734
595,4734
2328,1748
2406,2810
2044,4787
2018,113
897,4730
3798,5004
1394,1860
3948,4787
3204,3886
3418,4680
1710,1818
5033,4990
2352,2837
866,1733
2662,4613
4135,3913
252,2840
2693,42
1458,4697
2336,145
2058,4718
1380,4921
908,3505
4702,3877
3916,4970
4841,5
3655,285
1959,4680
2192,4883
4636,4691
1501,4688
698,4952
1858,4902
3068,1841
2950,5063
1090,4850
2523,56
2915,116
1151,4634
2285,4987
2396,4738
2624,4848
1430,4882
2268,3886
1901,114
3452,4250
2476,5065
208,4685
411,4797
4207,4817
1576,4729
494,124
1371,4993
1220,38
3372,2765
122,285
1099,9
3037,1834
2441,4777
3005,4884
1071,2785
1367,4969
632,2808
1631,4248
4853,4682
1229,4936
90,4849
4302,3913
2729,2790
1975,3879
2762,3881
4643,4773
3746,4955
562,5069
2397,60
2424,3912
3159,3882
1930,2768
3172,4772
1175,4904
4162,2782
3338,4979
3486,1730
4454,4921
538,4677
4519,1726
631,4768
1583,2671
4463,2833
2346,4872
5022,4684
4796,2846
1291,4894
4368,4894
2907,4850
4513,2832
446,4674
4156,5001
25,7
3160,2820
4000,4934
1023,4251
1428,2857
3805,4953
3183,4654
2443,4786
4115,4862
78,60
3162,1845
511,4850
4246,1841
3273,4963
991,2810
3015,4857
609,1732
481,2831
3002,2829
2440,4944
477,4783
1200,4824
2315,2803
4240,4903
2615,4830
3637,15
2354,4995
780,4737
424,55
442,1850
2519,2774
4431,4789
783,2847
3861,1725
3951,4956
10,4782
3984,1728
4161,4670
4837,2787
4337,114
3144,5070
2548,4791
1990,4902
1418,115
1716,4768
4508,1827
1176,4697
1420,1727
2244,2860
4470,2787
4610,16
2673,2867
780,65
3392,1839
1654,1837
2989,4739
245,2838
1273,2822
1233,65
1795,4264
1747,4780
1350,1816
3402,2784
2905,2824
4097,4820
923,4957
2400,124
3142,50
2557,5063
989,2824
4980,2808
3492,5
3837,4991
3840,4877
1881,4903
1114,4831
3764,1735
3676,2767
3150,4693
3802,4819
1759,1862
4560,80
4079,4824
2739,2867
1255,2785
2380,4761
1801,4905
246,69
473,4249
2728,3924
1518,3885
167,4819
3958,2832
4156,52
3404,2865
4502,4672
2985,4793
4376,4906
2635,1837
4017,4677
358,2820
2908,145
3478,1837
1960,4788
2710,4915
4637,4855
1251,4902
4626,4818
3011,3505
2723,4772
3578,1862
1125,131
1042,4778
1048,4883
576,1856
1966,2865
4053,4885
2342,4765
2583,4926
1468,4669
2984,4248
482,1855
3510,2865
652,4979
437,1731
2511,8
4450,4972
5034,4891
2284,4689
4070,4908
537,4680
2138,6
225,4962
3797,46
3442,4886
4821,2784
1067,2789
510,4957
2467,63
4722,4883
168,2866
4740,4952
1153,4832
3023,3886
3244,4681
440,4884
2521,3882
1010,4938
2578,2765
2517,2773
4218,1729
2347,2824
3249,1834
1223,4251
4464,4734
435,4911
3706,2814
3144,4797
4649,4997
2480,4915
376,4746
857,4951
1670,4819
1852,4754
4839,4693
3373,4674
3158,4920
3243,1855
779,4668
1187,4885
1938,5063
471,1844
2320,4955
1184,69
4360,4818
400,4692
444,1818
4279,3878
2016,8
2589,2854
1296,4747
3775,2788
2119,2779
3401,4919
1496,4782
3699,4953
2529,41
3820,2813
946,1726
415,1857
4255,4989
119,4944
4205,4877
2243,4739
4136,4908
2482,4687
619,4830
4214,4654
2162,4890
1712,4790
5043,4738
4111,4904
2956,4894
3309,4850
399,1843
1658,16
4201,115
3205,4994
1389,4885
2906,21
4543,4797
345,69
211,2855
830,4788
1974,4688
3085,2833
3688,4979
3455,45
2343,4901
2418,4966
2408,1831
3361,5066
1979,1855
4441,4936
2297,4963
466,4695
356,4989
4157,4679
4622,2847
5054,4911
3704,2844
209,1725
4102,1729
3707,1849
2183,4941
3608,4953
122,4776
3259,4903
2716,52
1189,4250
3995,4613
838,2843
2710,2826
4663,4793
913,50
2551,4741
407,4965
2999,4753
219,2837
341,4987
2019,2784
677,1742
2701,4764
4225,2835
2297,4654
3419,4990
3500,1725
4107,4720
4367,4729
2188,5069
2279,5004
4645,2860
4590,4824
3981,2843
2116,1849
924,2798
2903,2785
392,4891
3664,4787
861,1861
836,4958
2621,2822
855,2783
5042,4761
2574,4857
1480,2827
3526,4970
928,4908
4341,1726
802,4941
737,2854
270,4815
1259,53
1446,2843
820,49
3480,1834
3184,2765
168,2862
1869,4770
1229,4803
2050,4799
4504,4668
1255,1
1494,2821
1932,4947
3206,131
3850,47
2203,2826
139,4635
2541,4671
2587,4764
1576,47
2316,2837
1071,4748
3425,117
1061,4935
4306,4689
4371,1838
4435,4879
4114,1725
1625,4635
2386,4934
335,2824
3225,1844
238,4673
355,4944
2642,8
1646,4916
3054,5000
1631,4938
2640,4940
3151,2811
3304,4910
2934,4887
3256,1842
1570,4777
4603,4786
2254,1735
4371,4635
2338,4791
1159,2846
3499,5018
5006,1729
3891,4749
530,1726
2301,4934
3776,4736
4608,1845
3018,4926
416,5018
4124,4791
2697,5000
2055,4920
2512,4264
1971,2658
1951,2776
492,2782
3171,1848
3605,4953
4059,2785
4231,64
1054,2773
1747,2781
2932,4737
1345,4872
4005,4250
37,1851
3123,3882
1091,132
1349,62
1159,4803
1992,1827
3904,53
4455,4736
851,2835
367,4695
2756,5000
3022,132
3050,4880
1430,145
186,60
4137,5020
862,2795
2322,4775
4483,4776
621,2812
4352,133
4077,2847
3328,4861
2069,4896
236,4891
3676,4887
3536,285
2746,1827
2026,4780
2322,4681
438,4860
1656,9
1828,4778
281,4880
3512,4862
1703,4634
3708,2800
2948,2824
92,4727
1078,80
901,4755
2990,4774
3471,4779
2229,3
2224,4251
1170,4777
4342,1725
2020,2773
868,116
4709,4674
2657,4958
4262,68
2328,1735
2624,52
3901,4958
2540,4249
3869,3883
1038,283
4413,4769
1237,4267
942,4692
573,2820
3923,4799
844,2658
471,4773
2364,4817
2617,132
2519,3914
1180,4957
2940,2813
3470,4921
1580,4753
191,1730
3165,2767
1455,4688
2530,4654
2146,1831
2217,1837
5068,4994
127,4755
725,1
4465,318
263,2820
3043,1842
1060,4684
672,4741
3141,53
4374,4956
1082,2829
3672,5077
3846,3886
3214,4790
3625,4877
1645,4748
2405,4964
4533,2831
647,4885
2591,4957
423,2849
573,62
3903,4723
103,4998
4014,4690
152,4872
4096,4730
2147,4917
1406,284
2161,1816
869,2671
3162,2858
2220,2813
302,4788
3240,4763
3473,2765
909,4938
24,1834
2913,4993
2212,4916
3928,4681
1520,2768
1882,4858
1672,1
3681,4784
2493,3882
2780,4937
1868,4696
2429,4747
306,4720
627,2818
2128,4815
1283,113
3282,318
429,4832
1888,4731
1676,4781
3662,2809
3424,2829
2651,4685
1242,4264
257,40
323,5020
430,4768
4948,4677
3707,2857
4335,16
3388,51
1220,4992
484,3883
188,4901
2486,131
1064,4695
1057,48
1467,4921
1026,2827
3280,65
705,4936
793,2798
3063,2784
1115,4680
2299,4789
3575,11
98,2773
1676,12
1688,4901
1948,3881
4015,4939
753,5077
2139,2855
301,1788
1147,4991
943,2803
18,1844
3049,1740
2067,4882
2185,4674
3721,66
649,4963
4022,4762
615,5063
4594,4764
4119,4751
2957,40
1015,1740
3230,4755
350,4857
901,4855
976,4920
1781,1831
118,4692
3057,4906
1357,4996
2638,2866
5051,115
4151,3913
3341,4731
4588,4799
853,4880
1786,2800
3691,4761
1522,4820
4328,4815
2734,4764
2904,4915
540,4735
2191,1816
4532,4886
1967,2658
44,2848
3611,4917
3082,4787
2623,4918
295,4741
81,4729
557,4680
4497,4634
4336,4760
5058,2843
1030,3886
3633,4754
3196,2776
3639,4799
3280,63
414,3
4023,2856
879,1727
764,4918
4515,4926
4056,2840
1709,4829
1472,4894
2982,1836
2551,4818
2575,5018
1170,4938
1143,51
1265,4680
582,4978
4347,4793
3086,4679
3251,4996
2395,115
417,1851
3806,4904
3307,2816
1004,1817
1077,4799
379,4996
308,2790
5008,15
1551,1831
702,1726
4592,4911
2879,2809
2554,1862
4100,1725
1471,2854
505,4786
898,3615
4057,2808
2677,2838
2112,1848
2383,2866
2567,1841
4509,3886
4127,21
4402,1726
2340,4958
1877,1848
2621,4966
3334,2857
656,48
3269,4938
910,1733
1312,3924
2475,2856
3045,2822
1333,4956
1902,4903
1541,4909
3906,4906
405,3
2876,4884
969,2782
541,1837
2228,38
2430,62
609,5065
2501,4734
4047,4955
4391,2816
4619,4747
1376,2831
1268,4729
1470,5065
2649,4723
2294,2832
4666,4265
2147,1835
2283,4896
554,47
3167,4972
0,2832
3495,4901
4364,1726
3291,318
965,4788
4416,4265
3401,68
1794,133
2010,2796
2280,4751
2334,4891
4381,2865
4281,4752
2807,16
3958,5016
4021,64
3004,4682
3174,4778
4259,2837
1400,4857
1111,3886
1417,2827
3512,4696
3129,5070
1109,2783
2234,1834
4257,2812
3320,4747
3624,4248
4551,2784
1384,4909
3046,5000
4293,4773
3545,4849
3183,4994
74,42
4210,4750
4003,1835
2921,9
4332,1727
4495,4691
5058,5
4053,1831
820,4251
4247,4964
1938,131
2437,4774
4209,2845
704,4819
4796,4739
2445,4816
2176,5073
4015,1729
126,4913
1253,46
1272,2851
816,1849
3731,4887
370,4872
3233,4736
3182,4727
4510,4696
1093,4674
2342,133
3230,12
1941,4783
3042,4914
3477,2785
1712,4872
2802,113
4846,4909
2524,53
123,1808
4664,4889
1036,4728
2408,4723
1560,4919
3707,4936
621,3882
3084,4694
3757,1836
1648,4688
3512,4872
1132,4801
1124,51
2283,1827
4012,2854
1277,2785
1301,133
2622,62
1001,4818
3811,4935
177,4718
452,4766
3973,1827
91,4695
4621,4727
4051,2857
88,50
4500,1731
1427,4687
271,4774
1929,2781
567,2831
1458,2847
2067,1728
905,4953
862,13
401,4873
887,1788
3295,115
1980,1847
3962,284
3031,4738
484,4855
3705,4763
4292,1731
3706,4906
1450,4759
495,4784
2583,1848
4295,2658
2741,4889
1992,4963
703,115
4521,5077
4378,4797
3520,4781
1651,69
2572,4856
4096,2865
2541,60
150,4914
3569,2773
874,4897
1021,5070
4795,2798
4137,1748
3916,5069
3456,4793
995,2858
3968,50
878,2840
3738,318
4569,1851
2470,218
2083,4772
4619,1843
3871,2858
665,60
730,4793
1414,2867
1266,2764
77,4729
1268,1856
2959,4668
4580,48
2592,11
108,4996
3828,1832
1555,1856
2240,4739
1796,1726
149,2867
2669,4683
2905,4938
3421,4860
1706,4862
3391,5075
787,4935
1284,4751
1948,4892
1083,2796
1743,1834
4474,4937
3622,4771
3330,2816
4844,2847
4583,4979
4607,4952
3304,1725
4194,4997
2213,4764
515,4913
1566,4824
2964,2779
1463,2809
3911,4675
4145,1862
352,2837
1628,4990
1646,4613
136,4887
2563,4266
2949,4696
2863,4998
3142,4729
4219,4964
2077,4877
4532,4776
291,80
1984,1731
1125,55
4123,2787
1986,2833
2977,21
2746,2840
3711,4765
668,4733
4413,52
4073,3
2296,3877
1739,4739
2963,4750
1984,2796
2638,4876
622,4897
1579,2849
4488,4936
2282,52
2018,2809
3891,5069
834,2831
1991,4951
460,2773
3663,4780
3097,4747
2002,4729
970,4906
3487,2833
3567,4870
2027,2810
1268,1831
4021,5
4656,4751
1483,5077
1465,4674
296,285
322,2821
1371,2818
2493,45
4224,2839
3451,1818
2780,4817
2540,4832
1316,4613
1022,4820
3553,2798
3148,6
2661,4755
629,4873
2422,4903
1110,3912
2599,4886
900,319
2255,2768
2806,4697
3270,4754
1018,2810
3954,4856
1225,4936
3060,1727
3810,4766
907,4681
2577,117
924,1748
1610,1851
1766,4792
1542,2840
2747,2795
3771,4905
4371,4747
1460,1817
3449,4670
2513,4970
1273,4728
486,1834
2427,4883
1108,2827
2259,12
4842,2811
4576,4682
4140,4913
2507,4728
1515,47
1320,4978
615,2781
4079,2800
212,2862
3490,5073
1714,4779
3041,66
1390,4831
1602,5000
1432,4870
1883,114
2021,5074
90,2851
3232,4760
1481,124
445,4748
3156,60
4343,3884
3658,4677
4390,1831
3971,4803
685,2809
4012,4743
3974,5066
3105,13
713,4681
683,1827
627,2811
1459,1816
1315,114
2912,1861
2530,4748
2981,218
10,4919
945,4654
2634,4771
3929,2858
3598,4828
4230,5074
2117,2864
4586,4816
4334,4909
2913,3878
3131,69
1718,2817
3841,4862
898,1818
3366,4932
5036,5070
3354,4884
2640,5066
2129,2825
3774,34
2303,15
1452,4902
3028,4800
4367,3882
3919,4861
1668,4931
2947,4829
2907,131
3550,45
362,2844
1473,4916
4025,4861
2323,50
1113,4670
2707,5075
1933,2840
1907,4752
170,45
1982,4759
4486,4736
4123,4678
1487,4993
1178,4671
4310,4932
1528,4686
4441,5019
4064,3877
388,4889
3436,5073
1152,2821
859,4963
3448,4969
950,4739
2975,3881
4335,4789
3963,1836
833,133
310,4765
4274,4978
4130,4248
179,55
890,4870
3668,4749
3779,4738
1457,70
5005,1730
2381,4718
3592,3915
4482,117
3402,4857
1699,2824
3301,1817
649,2768
1481,4734
936,4688
2758,2864
1706,124
672,2849
4514,4944
3417,2813
2274,51
1666,4883
4863,2856
3170,4946
1596,4688
1555,113
1618,2779
3232,4946
2698,4748
1891,9
2277,1857
4076,1737
2475,5002
1591,2846
4130,4956
3343,1845
2327,285
566,4677
197,4952
2089,4266
2177,4815
2663,4720
3490,4994
1498,2794
3032,4683
4389,4919
4595,5000
2620,4946
1180,1842
2163,4786
1434,4791
2581,1729
3049,4789
637,2825
2318,4909
788,4998
2143,4855
3300,2808
4135,3915
507,2783
3718,2767
2408,4793
354,2800
2919,1856
2990,1808
1284,2857
2771,2822
1023,3881
3076,1861
2698,5069
4409,6
2720,4689
120,4750
2538,4763
2614,4872
1061,4763
3834,4743
1110,60
3401,56
879,4773
76,2845
865,4737
870,3913
1036,4884
1515,4776
4151,4988
3482,2845
3968,1816
1304,4730
2542,4685
925,1835
2738,4828
2550,2812
2339,4900
3719,4887
4525,3914
1288,2831
3854,4735
2182,4989
3596,45
4620,1817
4045,4773
39,114
3978,5016
2710,4996
1986,4876
3837,4760
919,4993
2238,4772
518,5004
2080,4855
2465,4735
532,1837
4133,4926
4016,4266
3241,117
4629,2812
136,2784
4130,4801
1401,3885
2100,5063
1884,4687
873,4779
1267,2851
1924,4696
1946,4679
1585,4251
4514,2788
3732,4730
3323,1850
1058,4774
339,4764
4480,4986
3303,320
1628,4676
5060,1839
3943,5016
2705,1729
481,3878
4398,131
2873,4789
1677,116
1100,4906
2748,4761
5058,4753
3938,1850
4405,2799
296,4749
3478,55
3132,4727
486,4991
503,4791
2231,4770
3550,2833
950,5001
1466,1860
3623,4988
200,283
4290,132
4133,4733
2496,2818
1400,3882
1923,4901
2374,2855
858,320
3242,1843
2904,1838
647,1726
819,4770
1200,1845
2514,1734
1621,2789
3085,4830
2726,3505
4845,4736
137,4903
717,12
817,4883
2272,1728
236,3885
3705,2821
3151,2851
604,4861
2906,285
976,4919
349,4907
4226,4780
935,42
3001,4783
396,4759
3688,2788
1658,4690
3669,2835
3231,4998
149,4750
3236,4668
2474,16
1908,4897
3448,4900
3662,6
3207,2867
501,2847
3109,2810
4339,3
4366,4992
824,12
2993,4695
3312,4782
2257,2829
199,124
3777,4670
3425,4993
2314,4788
602,1834
2505,4730
1177,4669
4811,7
2752,5018
2073,4817
701,4755
3474,5070
2977,4718
1623,52
1741,4902
1101,4679
2484,2857
2244,54
238,4910
1880,4929
140,1833
156,4818
3264,4789
4522,2768
2132,4832
546,4877
2129,131
1938,5075
2166,8
2267,2783
1811,1834
1194,4886
697,4776
2391,7
4081,2671
1464,1833
158,4718
975,1827
2927,38
4973,4775
549,218
404,2867
4241,4951
4967,124
5017,4904
3858,62
4300,5020
2106,4780
1520,2795
129,4952
3746,4989
187,4820
3386,2817
103,53
3255,4764
2514,4994
4353,4784
2538,4909
1577,4904
2491,4900
1479,3615
129,5065
1643,4718
365,4765
1557,2865
4427,1842
2316,4732
2275,4829
313,2774
2033,4997
4229,4900
556,1844
2375,2816
2667,49
2674,2787
475,4856
3726,4915
4130,4692
4365,4677
719,3915
1672,4946
384,2783
516,4735
1118,1837
3164,3877
928,4832
3704,4743
1892,4879
1946,4989
1336,2768
95,5073
705,4901
1221,4890
1744,4793
4330,1728
363,2765
1486,4683
3873,4770
2900,4634
2238,4993
326,1729
4080,1832
1515,4738
3026,133
4191,4997
2896,4929
3265,4690
2221,4786
1962,1844
3972,2776
725,4817
2171,4994
317,4676
2561,4894
2336,4797
2106,4815
2358,4692
467,1842
342,2840
3043,4995
2558,1827
4391,1851
4973,4761
3625,5077
3807,3886
3845,4755
195,4735
684,1855
522,46
2155,53
19,4736
889,2787
299,2841
3093,3879
2471,1833
388,2781
2653,4998
836,4970
782,4266
2911,3881
3606,283
2757,4787
2498,4941
79,2813
4716,318
699,4694
2258,4970
2744,3924
3830,1730
4845,4887
4169,4993
3113,2779
4066,4681
85,9
864,62
1953,2784
2978,4901
892,4761
1147,131
4187,64
1181,5074
4864,4916
2205,4787
2975,4878
3348,4830
3170,5066
752,4897
4194,4768
5052,2671
37,4768
2435,4678
743,2865
2920,5020
2656,41
4588,2832
819,13
1247,4765
1745,4883
2727,4736
967,5077
3850,3882
2585,4683
583,2799
1951,4762
2030,4940
657,4739
2657,5063
1564,4909
1391,2853
2078,4769
2650,4910
1040,4848
3973,4682
710,4902
1672,4737
1383,283
5044,53
4552,53
1550,4891
1653,1737
821,68
2667,5018
2100,2812
1601,38
1757,4750
3171,4679
2630,16
2400,4759
1175,4946
2087,4937
4291,4761
1936,2846
4551,4774
1482,4691
729,4953
1309,64
30,5064
110,4955
3905,4654
933,4686
2166,4989
102,4880
4077,4718
1907,1818
2948,145
2055,2855
1364,3915
2076,116
2442,1728
1642,4790
5045,5069
5010,4791
4186,2776
3319,1733
4120,4733
773,3615
1410,4777
790,2829
1427,4861
2210,1855
4948,4962
3836,4970
2390,4770
3963,4690
3783,4781
668,5000
2075,2833
2200,13
856,5069
2963,4941
412,4909
1923,4989
363,4815
4398,5000
3474,2839
2327,4819
3592,2840
2500,4904
1721,4690
1582,3879
929,2831
532,2798
1820,2789
1937,133
3335,4878
2896,4683
2173,3912
334,4691
624,318
3939,1847
1592,4688
1093,4742
1650,4964
3957,4990
3556,2765
1601,4937
3765,4848
4394,2849
79,4997
3958,4788
2881,2774
3613,4765
4874,4746
871,1857
4412,2781
1646,2855
3135,218
3545,4972
1611,4832
684,318
293,2811
3707,4965
400,4979
87,1817
3895,4883
4350,4815
3871,2825
2049,4951
1749,2849
2270,4680
4206,4896
3755,4920
3566,4675
256,2786
4822,2816
4895,4779
3920,38
1387,2865
2142,1850
3440,3882
280,5063
2477,4749
3842,4873
4306,1733
1195,2844
4173,4688
4927,4817
2232,4793
3616,2832
3619,4691
575,4803
2310,3877
1407,4907
4854,4674
3002,4782
1342,5077
477,5001
1108,4831
3529,4791
229,4697
1119,4696
3767,64
1031,2794
2188,80
2001,4730
915,4877
4415,4926
878,4995
2319,48
1824,2785
3435,2832
4606,4634
1451,3915
1534,4917
2340,4997
3647,2853
1487,4992
2420,4768
4581,4755
2138,2824
3787,4986
3592,4903
3378,114
4614,4972
2531,7
3851,4690
4047,4979
432,2866
1469,4752
3492,1856
2707,8
152,1846
2102,1730
2975,3880
3842,4678
3006,1728
1596,5020
1193,4873
1953,113
2547,2779
550,4675
290,4695
344,2851
3463,4964
71,4772
960,4671
1589,4912
4508,4784
2449,42
4438,2821
690,4890
4726,4819
3594,4856
1876,320
219,4267
1314,1849
2605,4894
1019,2825
2500,4861
2805,2772
2466,4669
2049,4675
4034,4860
3647,2788
4543,4915
2531,4820
1329,2851
3296,4901
509,4911
2065,132
3249,4964
2919,5070
2223,4728
2303,4676
2383,116
4501,4919
1232,4791
514,2794
4381,4940
999,2832
2721,4934
533,4819
4839,5065
2262,52
27,1729
4138,1841
3700,4674
2274,1832
3367,4877
1260,1732
2861,4829
4150,2854
3665,2768
4150,4682
4278,4671
3085,1727
339,4990
216,4937
1677,65
3334,4743
3890,4972
3463,4954
992,4249
1473,4816
3775,1840
152,4730
919,2818
4225,4680
2873,4891
1151,4790
1942,4989
4594,4905
1008,4921
683,4883
2155,4907
1244,2812
970,4691
3474,1860
1797,1838
3816,1833
3341,4870
258,4727
1973,5066
1605,1
2745,4904
2988,2844
3004,4742
5011,1896
990,5019
292,4746
3651,2799
167,4878
1968,4785
3050,4775
3646,4265
2656,4856
4236,3879
490,4908
3300,4891
4194,4938
571,4784
3818,4879
858,2783
3350,1835
3474,4776
2577,4912
1374,4731
2094,11
57,2800
2432,4635
1232,4773
3817,2785
3205,3877
2986,4779
3050,2823
1513,2837
2385,5002
4384,4952
2498,4884
1910,16
3943,1849
504,4847
224,70
812,2853
4107,2785
640,4677
4874,4801
917,4742
2050,2776
4716,5020
4157,5
4532,4880
1093,2857
4261,4932
257,56
3982,3882
4099,4995
3283,4679
1769,5064
2881,4635
2174,55
1823,4783
1165,2832
2186,4911
155,4935
1166,4993
3416,2808
1630,4848
2418,2857
3238,4888
1049,2831
362,4669
1535,2837
4143,4250
2661,5064
2520,3881
2422,4674
3528,2839
3203,4800
2958,6
1077,318
1248,2822
3065,4672
2462,3505
4974,2810
1610,2811
3149,4671
3632,4941
1984,4929
1542,3881
3710,4783
3541,4832
794,4791
896,46
1716,4770
1434,2838
1900,4876
327,2866
4011,4669
3650,4961
340,4736
1505,5075
158,2794
3655,4671
4417,4679
1196,4816
538,4784
2872,2827
3978,1847
3697,3505
3989,4248
1721,5002
3460,4682
4471,2864
1162,1732
3799,4746
1697,4816
584,320
1368,2789
1222,4894
3001,4782
875,4891
2015,4857
2160,4692
553,4914
1102,4937
5011,3880
3496,4877
4232,1847
1235,3878
2131,16
3233,3884
933,4775
2906,60
2390,133
2586,4732
240,4828
3109,2809
33,1832
1277,4941
2457,2772
1041,4857
2724,4917
1269,3879
4807,61
3852,5064
2188,4730
1871,4938
4530,58
3015,3882
1866,2784
2751,1726
564,4654
4520,4676
2023,116
4796,1860
3219,60
1540,2822
526,62
207,4693
1259,4963
943,4988
1994,4728
4845,2833
3223,4910
2155,1816
4256,5000
1169,2788
1662,4678
2273,1845
4095,2813
2122,4939
5021,3880
188,48
4213,4635
3764,4830
1694,3877
3155,4778
4502,4769
1246,4249
1583,4785
1632,2816
2352,4752
743,4911
3201,4940
2903,4906
2616,4934
1470,3924
1290,38
853,4929
2699,3615
1268,4779
468,3882
3795,1731
194,2841
4104,60
838,1848
493,1833
500,4978
5068,4759
448,4829
4637,2864
4999,4777
4002,1735
4546,4882
4565,5020
3220,4692
2536,4896
3449,6
1613,4901
1570,64
1519,4870
1048,4771
2573,284
2654,4668
3340,2783
681,4799
3782,4731
1870,2787
2595,2810
4056,4897
4190,4763
2718,2860
4288,2811
4177,4742
25,145
1820,4951
2628,4689
2353,3924
3181,4731
2076,4904
3764,2821
985,1834
481,4789
2504,4769
378,4832
3783,2790
330,2829
2106,2786
4834,320
1597,1740
2204,4993
3926,70
1223,4939
3960,4971
4665,60
4172,1896
4854,2786
1814,1837
425,4911
3773,2835
2590,2787
3624,3915
3116,4902
2341,4782
1463,4739
1005,2866
3286,4935
2101,16
87,2767
4256,4964
2229,3877
2043,4990
1074,3883
1400,1896
141,4727
4179,4956
1245,2866
2726,3878
1261,1837
3409,5075
509,4680
2156,2860
945,2785
338,4817
1819,13
1632,4817
3301,56
3034,4904
880,4953
1746,5000
772,4831
3466,4918
4629,1836
787,4855
1654,67
3982,1788
3329,4917
4130,2867
3159,63
2193,4903
1712,2846
326,5002
4081,1729
222,4683
3057,53
2778,4670
644,131
2482,4265
1115,4613
700,2823
5056,4253
3671,4903
2588,4856
4274,4909
2062,3914
3525,4965
1999,34
322,4907
3740,4265
3226,4937
4361,2812
861,4747
716,4920
1493,1727
4032,1855
4925,1816
1301,6
2409,4677
1794,4686
3239,4861
4827,2812
3388,4979
1504,4917
3464,2658
607,4946
4582,4934
3421,285
4840,21
4337,4820
2581,4862
3825,67
2437,4727
4205,4971
2478,4886
1048,4978
4144,2783
1228,4768
94,4905
1540,49
4973,4891
3767,4916
1001,4894
297,1855
2285,2772
413,2831
1404,1862
3444,2779
594,4682
5053,145
3750,5065
360,4683
4147,218
1143,2781
4825,1734
412,2787
4622,4955
424,4691
1110,4743
294,2811
4280,4747
840,4880
1429,2866
3812,4926
2872,1737
3997,4689
2345,4635
208,4937
2311,4748
1107,1831
4719,5077
1592,4880
175,4266
2982,4884
1039,8
2498,1849
3124,4690
252,1850
3402,4803
926,4877
1271,51
5058,2800
3263,2822
4303,4909
1250,4732
200,5004
2804,4920
1952,2764
2419,1816
3745,50
902,2841
553,2814
74,2779
3623,49
770,4687
1966,4873
3395,4730
1805,4789
4611,2843
2675,117
907,4683
1047,2865
4438,1846
4089,4965
1518,4889
624,2658
1252,4782
882,4730
4812,3615
4604,4751
2150,4962
389,4885
3871,34
1040,4847
1263,4979
785,4718
817,1839
4384,4911
4297,4751
2533,4742
3807,4900
4023,2774
4334,4850
3757,4773
2058,1817
4321,4751
1415,1849
3926,4915
4572,3886
2015,1730
1155,80
631,4731
4316,4742
1100,4995
3049,1831
3215,1836
1664,64
1619,4892
3851,2782
1488,4996
841,1845
1609,4680
3069,3924
524,4697
870,4831
726,4947
408,1838
3472,21
4479,84
3793,13
1494,2858
4412,115
1204,4880
4523,16
2643,1896
1459,4969
3253,2799
343,4906
1318,4998
4105,4776
1249,4912
3524,4718
3771,2822
665,4903
250,1832
3235,4735
1059,4914
5022,133
4174,4777
3481,4968
2191,2831
3128,4904
316,4900
1700,4755
943,4916
2963,4954
2446,4850
1522,4986
2916,4685
4984,2841
2680,4995
4717,4679
4593,54
3917,1734
3162,2855
2604,61
1738,4951
2432,4737
4498,3
516,4998
3327,4676
3908,132
118,4687
2542,2811
3969,8
1663,4693
4652,1737
4006,4997
3970,4849
190,4941
3714,2768
1907,4754
4823,2832
2930,4876
1706,2826
4167,2808
1750,4879
3409,84
4151,2825
315,4909
1458,4816
140,4683
4310,1734
730,2768
418,4792
1930,4995
3534,2856
1417,4908
445,4764
1720,5000
2914,1833
5080,124
4942,4979
3264,4654
3487,1742
1717,1851
3060,3615
125,2827
216,131
3025,2833
2453,2776
3022,4918
4515,1816
2025,4763
1547,1727
1699,2826
2535,4952
3078,4992
2302,4669
1972,42
2417,4952
3719,2821
466,1734
2190,320
2234,4990
1287,4785
2902,4939
4492,4253
2242,4847
502,4832
2422,2773
3024,2764
646,1833
1231,4952
4465,2857
2626,4873
2556,1841
4602,4672
4643,4906
1826,4670
1290,2764
671,4940
3851,4884
2486,4904
3357,4900
3087,4901
4108,4918
1428,4792
2332,285
2541,5070
3547,50
3251,1735
3800,4784
2308,5070
4274,4785
2516,4860
1222,4930
4009,4939
1054,3615
3801,65
5024,68
2483,4887
3748,1844
1378,5019
4517,2781
1298,2817
2487,4754
143,4890
2617,2814
2791,2810
5040,68
3426,4670
2363,3884
3042,5002
2157,50
596,4915
1037,3913
4722,4936
1188,4820
3803,3
3682,38
10,318
5067,1860
3963,4897
5076,4694
347,4731
4825,4946
3300,15
3662,4786
4115,4965
2352,1729
2039,2798
1275,113
3572,5020
1464,2786
1471,4963
2475,4687
1289,4979
3775,62
1346,4964
4315,4694
3289,4693
2167,5019
1976,4958
4391,4693
4186,65
697,4754
4715,4994
4719,1845
1568,4723
2421,4738
4925,1856
1976,2809
1216,1862
1952,2790
4167,4958
1866,4763
2170,1732
4651,4961
4376,4929
2727,4939
3995,4991
654,2786
4407,50
5009,5000
130,1862
3512,4765
872,4888
2979,4886
1309,4892
3446,2764
569,4888
1308,1847
1236,1748
4854,4783
3545,1861
682,4690
2286,2843
1570,4685
4565,4773
3993,4693
1020,4953
4229,4797
4450,4932
3025,2767
2994,42
846,4880
773,4688
4143,3914
3134,4860
1445,4729
1177,4736
2353,3
2709,2864
2136,4885
2687,4768
1449,1831
1340,2866
3086,284
1247,4264
3625,46
1906,2841
2100,21
4453,4966
455,4955
675,65
3347,4248
3791,4267
4459,1857
72,4786
3392,4735
274,2866
1453,1896
290,4728
5021,4751
1778,11
3088,4679
2697,1856
1812,4857
710,4253
4827,56
4121,4760
2770,4785
1937,1844
4796,2799
4616,4635
4200,2864
3610,47
1207,133
361,1838
4354,1833
3191,42
28,4791
2193,4862
1517,4677
929,5070
4198,2814
1810,1862
4382,4816
3231,4962
5015,1857
4423,4939
1976,4682
1399,1732
1781,4921
3705,2827
1296,1733
182,4770
3509,1728
2286,2853
3194,5070
2373,3878
2893,47
4347,2796
1018,4735
3531,4768
3335,1860
5054,4682
3383,2854
1209,1833
2252,8
560,1861
679,2785
287,4937
3200,84
2060,45
4556,4768
654,3879
2955,4736
3110,4889
899,1842
3708,2816
1079,4972
2690,4962
2539,4792
181,4914
221,4965
2165,4909
4509,4998
1624,4990
1104,69
3492,4777
2805,320
305,4829
3344,8
3944,4266
4120,2671
4851,15
422,4921
2348,4900
4526,4751
2015,1848
2421,4676
4662,4765
481,2845
4639,318
4364,3914
2644,2843
848,1836
74,4776
1344,4736
3468,4896
2168,2843
2040,5
3124,64
1614,4998
4034,4768
3377,2837
3585,1896
1179,4862
2288,2772
1701,2774
785,16
2295,4941
2499,4731
4721,4964
2047,4860
4090,2837
4103,2862
2988,2817
807,2799
2494,1818
4590,2782
4112,69
976,5000
2053,1817
1805,285
235,4686
3713,1735
2209,11
2289,2843
2606,4674
872,2799
1178,4947
1274,4856
3166,4929
3911,2837
4204,2849
3652,4882
767,4878
3500,4870
4488,4266
212,2823
603,1834
4061,4856
541,16
3118,4790
2140,2835
5067,48
4246,2841
5008,4784
2385,4870
4591,56
3220,45
3074,1725
5007,4994
2736,2846
2318,4889
3132,4919
3159,40
1299,4964
1633,4932
3340,2776
2529,4947
3752,4753
3862,4993
2575,4901
3132,4774
837,4734
3929,3882
732,4818
4262,2824
2019,4739
2628,4690
1369,4889
1885,4747
5013,4830
4117,4735
3358,2847
1485,4680
1783,4769
1493,80
2255,4819
896,2782
1266,1726
3224,2849
1035,4793
651,4935
109,1847
4632,4968
1716,2860
3026,131
2256,2857
3928,3505
3232,4909
5076,4958
713,2825
4221,4961
3363,3913
4703,4738
4845,1833
1635,4250
1645,63
1040,1836
3633,2831
4745,2823
743,2787
2589,3913
1208,4816
2468,4817
1571,1857
4608,1837
1466,4668
271,4929
1982,3880
2366,4799
792,4994
3346,2844
2189,2835
743,4956
389,4929
3472,4788
4353,4736
3215,2864
2372,4897
1428,4720
731,4800
2895,4790
201,4992
2491,4916
4165,4944
1320,54
4609,4816
4193,4914
4320,4774
180,4679
1005,4828
3106,55
2299,11
1441,60
3277,62
3082,1728
3570,8
301,2773
4259,4613
653,4886
2168,40
1659,4783
4471,4747
1193,1846
166,4896
1771,4829
974,2811
2632,4947
2954,3886
3132,4788
801,4828
4545,2855
857,4916
4447,4739
3798,4778
449,3924
4652,8
1660,4773
367,4780
3565,4994
3236,1733
4984,3877
5038,4824
3739,2790
927,2810
1666,42
2432,2833
3089,5077
3107,2790
4865,4679
2386,1748
3726,1849
2492,54
2257,65
4193,4849
3232,2833
2165,2814
783,4971
4080,4718
2893,116
1424,2835
3858,2782
3130,4902
3473,70
4073,4993
257,4727
3731,5063
2094,5016
4588,4979
4186,2824
359,4677
3757,4786
1669,4672
1578,2784
3041,4765
4823,4742
1128,4741
2150,4691
4384,4993
3600,2858
2483,4957
654,4894
3479,4971
3322,2784
263,56
3203,11
2965,2818
3573,1731
1530,5000
4999,69
3491,4915
2118,4909
2492,2862
3890,2783
1940,4850
1909,4824
1585,4914
1305,4682
1658,4952
2899,4873
547,66
870,4797
1538,5001
4197,70
2428,5002
475,47
292,1733
3503,2847
4356,4784
3871,4748
4244,1725
607,4781
1431,4885
4633,3886
1236,4937
557,4894
4315,4735
249,2786
926,4978
2463,4736
2063,4816
926,4248
4083,1788
1937,1788
2538,2832
406,4753
1190,60
3309,4900
1049,38
2926,4929
3816,4957
4169,113
963,48
1086,4900
686,4971
1859,2840
201,2779
4409,4670
4044,218
2178,2837
2928,3880
1216,4691
4555,67
3180,4774
2340,16
1447,5019
4022,4691
1935,4733
3169,4870
4010,4788
3835,2789
2404,53
4050,2814
1132,9
1875,4267
3217,5075
1181,2866
1613,5016
4421,2827
152,2833
4306,2840
3569,1844
2952,4830
1404,2767
1651,34
841,49
334,4800
3795,4884
3652,4747
1547,4964
4293,4902
981,4253
3405,4763
2048,4753
622,4769
579,1862
3512,2785
996,4831
1149,4752
3251,2814
479,2849
4724,4784
3653,1726
760,1843
791,4694
4569,2867
2347,4777
3384,4953
374,4777
1243,4266
4270,2773
1675,2837
36,4693
1104,5075
3000,2795
3093,1836
142,2818
4363,4966
506,1842
4082,4685
210,4909
3863,4784
1329,3912
4864,2773
1390,4894
461,2786
3714,2844
3027,1850
3706,4733
1681,1831
4606,8
935,4754
3917,1733
2546,4762
2288,4963
927,1837
1366,4733
2870,4678
2412,4778
3905,4989
3423,4990
3996,4780
2305,4894
2070,5077
4006,5
1654,2851
4031,2790
1499,1
573,4946
43,4267
2828,5019
2071,4862
2579,5018
1975,4790
1033,3881
4605,65
2100,284
30,3615
1359,5064
59,4677
408,3915
3918,4904
2869,4909
2300,4742
875,4816
937,4820
3669,2779
1399,4668
223,2799
808,1844
3270,34
2338,4886
236,4816
1165,2794
1989,4829
2660,42
2819,4672
2396,2812
2123,2844
3761,1844
4002,4970
4404,4873
4299,4987
1026,4911
2520,84
2475,4688
3098,117
665,4912
488,1848
1969,4680
902,4679
2210,4946
4045,4686
2210,45
2546,4669
1035,4801
723,4739
3751,2768
662,1835
4581,2817
3900,4684
341,4909
1316,4747
1716,48
1942,4675
4396,4674
2292,4748
2109,5074
3123,4732
4169,1857
2185,2824
1088,1837
2515,2811
2129,84
180,4970
3058,4880
1997,4903
2377,2814
1533,1837
1507,4870
469,1836
784,1816
2711,7
1221,4739
3531,4743
3857,3877
1853,4978
4013,4749
1746,4911
2623,4654
2736,4994
334,4781
542,4683
1216,48
3429,2837
4659,2816
2659,4890
3452,4819
2075,4989
1934,4907
2050,16
3562,3505
773,70
4394,4909
3428,4654
2699,4762
3276,3615
5035,1850
3344,4693
2705,4908
199,42
2236,3884
850,52
3629,2774
2868,13
661,4692
641,1827
24,4765
1995,2814
732,48
2146,1845
2599,5063
3834,2827
814,1856
2431,1844
1150,4754
920,2837
3394,68
4133,4680
1634,4935
1955,67
381,5000
241,4775
2404,4689
740,4817
2666,4876
641,145
1573,4920
610,64
2290,1735
3570,4787
852,5
4542,4978
1766,4858
2149,4253
3299,46
3163,4957
1367,4964
2730,4903
3634,4751
3602,2671
2021,4786
2435,1788
2471,1808
3574,2827
3961,4790
988,4787
1522,4673
4129,4917
4534,4763
3207,4679
3409,4884
843,4669
3748,1851
4143,4934
2926,47
1345,4937
3359,4951
2777,4872
3151,5018
2497,117
4269,4972
3938,1862
1614,4763
314,40
4269,4861
3594,2849
1144,4780
2358,2827
3144,4742
3933,5018
2336,2786
1590,4670
3938,4797
3209,4993
3536,4799
2453,2811
3534,4958
3315,2823
1491,4932
3734,2767
1281,145
3571,1733
2314,4978
818,3505
1025,5075
2005,1862
2087,4861
3276,2772
4570,4635
246,4695
3805,1833
4475,114
129,3885
3620,1841
1604,4685
3605,4682
1789,4685
2369,4969
1760,4766
4595,4939
4098,1808
4359,4693
4259,2774
2459,4248
946,4635
2742,4752
1785,2796
5039,2827
506,2821
2769,4995
3148,1726
4569,2773
2481,4750
1241,4918
244,2779
4027,4669
543,4892
1141,2809
4076,34
3630,4892
1389,4908
4556,4769
2372,1896
73,4879
2399,4723
1528,4731
1433,4773
2910,3886
4065,2833
4415,4819
4226,2827
416,1848
2748,131
473,2785
181,4913
1542,2810
3450,4998
1456,5073
3992,4786
4126,1833
2328,4762
4417,4996
1604,4878
3234,4906
2511,4801
3455,4791
1171,4970
4594,4939
2471,2824
3157,4728
3416,1845
1920,1729
1906,2794
3193,4919
2347,4849
2948,4992
385,2810
2769,1725
4296,4801
2200,38
4446,4951
3019,4732
4396,4741
1968,4800
3181,4777
779,4754
1244,1850
553,115
4708,4253
2011,2776
3846,2849
3599,65
3116,4914
1285,4832
3286,4939
339,2827
4042,4969
308,80
618,4264
1237,2767
3777,4249
1197,2840
4229,4752
2284,4686
1550,16
1102,4953
3957,2844
1177,4850
3142,4768
1210,4762
1220,4912
5040,4766
3557,4850
173,4764
1183,4781
653,4754
4151,4847
1914,113
178,4978
2394,4743
394,4919
3041,1788
5007,1732
3955,11
2154,1833
129,4735
2453,4691
3783,4265
464,3877
2226,4940
818,4770
2354,4847
1245,4937
1775,4916
4090,2774
4135,4877
1269,4900
289,1843
214,1896
3646,4921
4104,4772
1271,4849
4222,3881
3286,1841
1885,4746
2622,2838
3916,132
2373,1850
1594,1732
3187,4264
247,4755
2652,4901
4208,4689
453,4683
1770,4902
244,4830
4303,1
2732,50
4846,1839
2908,4686
3539,4919
2226,117
2092,5020
1947,4732
1773,1845
3435,4742
3693,1836
1422,4677
3776,4793
275,2810
4812,6
2588,4264
2192,60
1693,4971
1802,4690
1129,4990
3690,116
1601,41
4651,4696
224,131
1930,2787
3893,4986
4447,1896
4385,4697
2731,8
4329,2837
3737,4787
4272,8
2667,1788
1910,2832
1189,4792
4140,4824
2662,2814
1979,4816
1279,55
2368,4799
849,4780
3758,1742
1037,4265
2597,4957
3691,3505
3498,2827
914,4748
749,2787
4056,4913
3361,5069
3983,4766
3863,2813
3290,4803
2079,4783
2575,4906
3843,4926
1197,145
4330,2840
3871,2838
452,4729
397,4264
2250,4897
1230,4739
1124,2787
1473,4766
3562,4803
3586,2855
3671,51
1174,131
3496,4760
1892,42
2685,318
2180,5074
2927,2851
1311,46
708,113
2577,2847
1706,1848
1315,2847
647,4926
374,4861
4396,2800
4483,4689
4821,5074
2321,2798
3701,1837
4628,1837
4221,4978
2926,4903
4024,218
1622,4936
4339,1827
4158,51
4044,4733
1426,4820
3797,4883
1583,2764
2333,2782
3790,4978
1323,131
2742,4686
1227,4992
1367,218
3334,2811
2031,51
2578,2824
3171,1841
3099,60
4446,1831
2028,4936
2589,124
3027,9
2085,4784
5056,2862
3975,1842
1202,4250
4256,2854
3050,4248
4244,4828
1492,2844
2807,2764
3857,1837
4982,2783
1973,2867
4610,4880
4666,4955
4205,4781
1812,4803
2044,1834
1381,1740
1663,16
2343,4775
4481,2820
1021,3883
1993,124
5026,4908
3277,4777
1552,45
1195,4877
2253,4790
515,4613
221,4732
813,4888
1310,4718
4303,116
4062,4916
2652,4873
4326,319
3359,58
1599,2833
1002,4786
217,4890
3004,4847
1691,4913
842,4686
4181,4613
3304,4883
1824,4900
1641,4734
3717,58
4311,4998
20,4998
2172,4876
1118,4987
2327,132
2381,3884
4616,4771
4600,2856
2690,4765
713,4878
1828,1896
1413,4870
3147,1727
3506,4750
938,4774
3381,3912
119,4994
2478,4902
2131,2862
214,4978
4454,34
2943,117
2208,2781
3436,4936
2960,4966
3602,12
1549,3885
1482,4849
1936,318
2999,2838
3013,1837
1893,5016
169,4727
1462,1732
1058,4748
599,4858
3062,2856
3139,115
1030,2860
951,2811
195,4986
3134,4775
298,131
165,4777
2041,1732
427,4997
410,4861
1940,4737
3749,45
537,2764
3410,4250
4210,4964
310,4743
1878,4776
1774,4916
974,2772
1438,4818
1540,4800
107,4906
1602,4774
2022,4683
4443,2841
3864,2832
188,4732
3791,2773
2392,4964
1197,6
1614,4940
1436,116
1997,4818
1564,4718
1431,4763
2153,2803
388,4801
2274,61
3151,4685
4117,4885
491,2795
4174,4830
1051,2837
1102,4676
2978,21
2063,3615
1684,3883
1567,4634
750,283
825,1838
4330,55
4102,4940
1565,2820
2624,5000
4451,4913
4502,4860
4232,4613
3340,4264
1331,2824
130,2776
3784,4762
4261,2847
2437,2821
1700,4723
122,4890
3090,2799
1278,4675
3244,4953
4051,4635
2301,1856
1293,16
3129,2843
1569,4947
2503,1840
4168,4882
4181,1835
2815,4958
930,2835
1883,2811
1226,1840
602,1856
268,4792
3545,4931
4557,63
2408,4687
4419,34
3155,4937
1306,2843
4258,124
1892,4979
4945,4790
329,2782
5009,1849
2431,4916
2376,2779
4287,4768
852,2798
426,4735
1677,2796
3972,4265
103,4908
4393,4776
4558,4775
1266,1735
1452,4850
1248,1862
2520,2840
1806,4687
3235,4860
4277,4784
4841,1855
913,3
4561,2829
1721,2862
370,62
2069,2855
1227,4847
1738,1727
3969,4761
1678,4613
1753,4676
1874,47
155,4792
3514,4861
2176,4685
1274,9
492,4754
3635,4930
3513,283
1933,5065
3004,12
1470,2855
2649,2825
1246,4929
2352,4680
2423,4989
1133,4785
901,15
4924,2829
19,4906
905,1848
3177,4952
851,2772
759,4754
177,1839
4325,4668
1034,1727
808,1827
3725,1740
1143,3615
1414,4938
569,2790
1514,4885
3365,4751
3787,3924
3047,285
799,1728
4318,3878
1106,4778
2192,4873
1008,1833
3815,4888
2422,47
1031,2823
2228,1728
2123,4963
4410,3912
2291,4770
1455,4818
867,4957
1295,4686
479,1855
3685,4776
1985,4697
1663,4996
4663,4860
4165,3885
4077,3877
1854,2812
2491,4670
397,2803
3706,2855
796,4792
4408,4926
1200,48
430,4970
1376,4762
3815,4687
2478,62
3443,2832
2226,47
2286,2841
2193,318
581,2835
1805,2822
1114,4264
619,4858
2937,2829
4317,4759
4476,1838
4845,115
1588,1896
532,4900
1218,4817
4844,4803
2937,4778
3007,4860
1180,5016
2971,4992
3292,4689
2562,5020
3543,2794
704,4987
3093,4768
1084,4919
805,4941
293,4819
3417,4941
969,145
555,1742
2478,4654
1258,4890
4191,4734
4272,2866
2056,4771
2984,2776
887,1861
772,4743
2502,3913
2029,5070
4459,3615
4833,4955
863,48
2902,132
870,34
1034,4987
3104,4970
4982,1725
4023,4635
261,4737
726,4862
1260,5064
4100,4957
1410,4861
2909,2845
662,4251
3065,4677
773,5004
2277,4685
4489,61
247,4750
430,4250
2084,5004
4017,4685
3008,4771
3239,285
3575,4909
4593,113
538,4876
1059,4783
1915,2810
4231,2799
3242,4849
4523,3912
1591,61
4171,284
311,4695
3040,2866
573,4886
4899,4690
4649,4830
594,2835
3875,16
2618,4912
3317,4978
3972,64
1524,5069
3415,4766
2451,38
724,4952
1547,8
3994,4886
3800,2821
3490,65
2545,4962
952,4654
1319,2814
4716,4990
3875,4902
4255,4884
2533,4828
928,4872
2688,4829
1023,2817
1499,4861
1880,52
2233,5002
2064,1808
839,283
4846,4900
995,4673
820,4797
824,4792
2085,4986
2517,11
4967,4892
584,3878
1419,4684
1683,3924
2894,285
1222,4686
1367,4793
253,4861
4089,4849
141,4995
2640,4682
4230,4988
2766,2841
2469,5073
2187,5
843,4872
2054,4673
963,2824
355,4799
1806,4891
4287,13
456,4891
2104,2816
4446,2866
4037,4957
2766,1846
2602,1855
1714,4896
1475,4674
3772,4689
281,4785
2411,4990
3034,4759
835,4992
1644,2765
3280,4771
823,4994
880,4860
1661,4684
3798,6
4806,2811
3994,2767
292,4777
1509,4742
3274,4902
3004,1833
1686,4741
4437,1833
2895,4669
2198,4669
4274,4850
1091,4752
2757,4668
2152,4987
3523,1860
2059,1831
2346,2782
2160,4677
4197,4688
2134,1851
2898,4888
2989,4847
3058,113
4503,2799
1661,45
328,4731
3870,4697
3117,1845
2430,45
2973,4251
3834,47
4006,4690
3567,4728
3334,4801
804,3505
845,4741
24,4697
2504,62
4049,66
1127,4741
1130,4693
561,4889
4949,1733
3149,4862
1884,4941
3672,1857
3453,1732
2436,2817
4467,4683
2489,4759
3178,4735
3939,2821
3487,4765
4332,2849
4331,4907
977,4668
2627,4249
1754,4916
1892,2833
1906,4964
1690,5001
2895,4988
4210,60
2152,4668
596,2833
817,4689
188,2822
1892,3914
3999,113
886,1732
162,4739
1179,2788
2053,4769
2243,4856
2342,2824
457,2786
688,318
4552,11
2264,1840
433,3915
1693,4970
1433,4966
4854,4763
2283,2848
5083,4848
1124,5073
1852,1896
697,64
2350,1742
2637,4755
2466,4930
5014,4683
633,40
1954,46
2678,5002
3183,1850
772,4683
2681,4988
3757,3915
2556,3877
1936,4720
3284,4817
1901,4941
4270,1840
4587,2855
3538,1839
4503,2813
415,4688
4839,4882
2427,48
2550,4776
4483,51
2087,2818
554,4772
2709,1851
379,1848
3774,2851
1513,4264
567,11
4425,5000
321,1737
2449,3884
717,5075
4094,4691
3088,4755
2991,4688
3342,2856
2208,4674
381,133
2423,2820
4269,2796
1950,4994
3916,2809
4124,1730
1510,2809
2246,1836
1079,2790
787,4938
3261,2841
1170,84
2900,5019
3674,5004
2921,4736
3303,1728
1158,1831
3587,2851
2551,4912
3983,2808
17,4832
269,4815
336,40
2009,115
389,50
2050,3924
3850,2831
2660,4689
2643,4965
3768,5070
1863,4970
2261,4747
1090,2786
3052,4746
3709,1742
761,124
1236,4857
3916,2862
3750,4989
228,2857
669,4969
4409,4876
3733,41
2601,2768
3553,2853
3022,4748
3709,4780
424,5063
4012,16
592,4917
1016,2796
1957,2817
3213,11
2193,4997
3322,2798
3107,4855
4529,4797
2613,2817
2008,4890
588,51
3221,4894
3388,4687
702,63
2399,2658
4092,2779
3055,5074
2579,42
4129,4830
1039,4940
4632,4264
3231,3912
1596,4971
897,4944
4262,2858
5078,4750
4864,4870
3997,55
950,50
1648,4800
280,2658
3353,4264
2125,4672
1764,4939
3842,4915
3198,2773
2413,4752
1085,4779
254,4939
3058,2832
4195,2847
4025,4884
2489,53
4296,4987
907,4684
4510,1734
234,4968
3304,4771
3532,2772
2702,2867
1472,4729
847,2837
4388,2768
3367,4249
2775,1844
332,50
4229,4692
1761,4850
4545,47
979,67
1974,3882
828,4876
3355,54
2051,2860
4077,1837
2559,4743
479,50
789,4759
3363,4862
4086,5
167,2835
1112,2776
4700,2817
166,56
4144,3924
2258,1855
1578,4858
919,1740
2534,58
2296,12
3098,2829
2159,1841
841,1850
775,4771
1469,1842
5047,4752
2718,2798
3890,2767
3922,4613
3863,52
2528,4902
3205,1850
2613,3882
2390,4673
3479,4697
3241,1850
4481,2837
4200,4803
2328,4819
71,4931
1992,2818
947,51
3854,4938
1716,4693
4536,4880
3622,2848
2191,4993
460,1848
1068,3877
3595,4759
247,1728
3012,1827
2661,4736
2111,4697
3002,45
4079,3877
4425,4742
1605,2813
2102,2776
4214,5069
433,2857
4326,4747
2381,4953
1787,4793
305,1726
1483,1833
252,41
1103,284
529,4918
4543,2839
2169,65
199,4907
1866,1728
3966,5069
4449,1748
2922,4770
4244,2768
869,4772
4391,1737
4536,4829
2081,4917
4472,1843
3021,2787
1139,4752
443,47
3427,2795
2882,4682
1075,4249
1718,4936
4664,2764
1047,1740
3034,4970
3532,4919
883,2817
1770,285
1783,4903
2815,60
87,1733
2690,1737
3306,2855
304,4894
794,2781
4591,4789
2324,1855
1012,62
1882,2848
2385,1727
4708,4785
4756,2867
4441,4879
819,1728
1041,4784
5083,1846
2619,4886
352,1857
1690,4911
3851,4775
5068,1844
930,4989
2915,4694
107,2821
3522,4690
2128,4996
2637,1732
4426,2829
462,4760
4230,1827
1453,124
3521,4860
1720,1857
2109,4878
4054,4668
2912,1896
3414,4831
336,4850
2065,4901
3575,51
1080,4766
2022,1734
3024,4777
856,69
2338,84
4552,3924
2352,5020
498,4784
1937,4248
2740,4732
25,4250
907,4635
3528,1831
27,4849
1435,1855
4069,4929
1250,4750
623,4720
704,4672
2990,2847
3001,4901
2483,4730
2096,285
4141,4880
988,4872
1096,116
2938,4997
4437,4991
2792,4829
3294,3615
3220,4936
4013,4747
4342,4788
2218,4683
1307,4917
2339,1856
542,4681
190,4962
2756,2811
2331,2854
289,4773
2452,4764
3830,2855
1982,4746
1648,21
622,2798
1760,3881
2023,4732
1132,4694
2238,2765
2470,5
2364,4861
2181,5073
2334,2786
4581,4882
583,1735
1951,4890
1738,4786
393,4944
4945,4886
3891,2848
3438,41
1117,16
77,4779
4645,4990
2613,4788
3803,2785
3457,4940
404,21
5058,3880
879,4768
1875,4741
2299,4939
454,13
3094,4774
2392,4929
1582,53
1282,3879
2950,4681
1491,4905
1883,4952
4985,50
2010,4672
4045,4815
249,4947
861,2794
2376,4671
4413,5004
839,2783
2283,3886
1772,4733
640,41
1933,4969
4545,1856
961,4862
2842,1843
597,4690
4433,1860
28,4819
3351,4997
532,4790
592,4831
4008,1836
4325,4939
3485,4680
1300,2840
3806,4674
388,2800
1013,1855
2842,2788
3674,2833
3244,4926
146,4754
3064,1730
3870,4819
1109,4935
3455,2784
3699,2772
4245,50
3939,1861
477,2854
4628,4858
194,4829
1330,56
3708,4887
854,48
1790,4939
995,4690
978,1842
2929,4887
4545,3879
4642,2789
914,4788
2948,4734
1133,320
3148,3924
3508,4780
2066,5070
4049,4939
1378,4746
3262,3883
4223,145
2713,4634
2972,4961
4038,4920
2069,38
3654,49
4023,2854
3193,1846
3768,1748
226,7
153,285
1774,42
2364,5073
166,4253
2193,124
521,4884
1696,4788
23,4694
3183,4885
4332,4729
5031,2811
4298,4793
1974,4878
1156,4855
3501,4253
2586,4996
4540,5019
4080,4856
1054,4775
3898,4978
971,1840
2936,4934
1435,4876
268,70
2024,2835
3614,4947
2911,4820
349,1849
4205,52
893,2820
272,4920
1277,2843
1472,4769
1496,4680
2235,1742
2454,54
2996,4888
1173,4764
4229,4780
1082,2812
3796,1788
4110,4992
119,4858
224,2820
3585,11
3154,4673
3223,2809
3925,4889
2797,2787
1651,1840
3787,4872
1188,4964
3286,2803
1602,5069
292,4886
3202,4910
3249,1841
678,1861
4291,56
3554,4819
383,4772
916,4789
2530,4830
3208,1856
3385,2809
2326,3879
957,45
1510,13
726,1788
2777,1731
3921,3886
522,4799
2664,2787
1905,5075
1180,11
1291,8
505,2803
1270,4784
4397,4720
2757,4889
2081,3877
2404,4727
667,4785
2193,1827
1285,1856
3366,4918
2145,2794
3223,4251
4619,3884
3784,4676
609,4738
2257,4883
3530,3915
1775,2839
352,2831
4663,4720
3594,1860
829,1845
3580,4718
2042,4753
973,5064
1678,4963
3363,2820
229,4765
380,4773
4468,4953
3162,4730
121,2867
3237,4877
3841,2799
1799,3877
3711,2765
4001,4765
4184,4971
4166,4687
1637,3
5011,4885
3391,1
1634,4774
4614,4904
4584,1847
1300,4728
4002,1842
3138,5000
3063,4887
3613,1856
560,4668
4586,5074
2261,4932
3934,4849
104,4957
358,4694
578,133
1177,4995
1704,15
2546,4961
5009,4264
3029,4884
1629,4882
3309,2776
3984,41
4068,4754
4286,2857
4871,4749
2719,16
3666,1841
769,4911
1550,4673
597,4902
3730,318
3095,2814
3783,4693
2636,2671
4347,4955
3657,4987
3184,4936
4541,2784
3379,133
5034,5074
1268,3882
3176,4253
772,4886
765,2658
437,4971
3354,1831
3167,2782
3022,285
2532,2813
1778,4749
4430,4970
1521,4902
4259,54
2029,1838
2323,1850
3033,2840
4959,2671
3842,2829
2555,4266
1633,5001
161,4775
182,4668
4813,1748
2759,1725
972,4956
2130,4769
1437,4902
1474,4816
2718,4940
500,4940
3017,5070
1635,5066
840,2816
715,4764
4704,13
2193,2817
3492,1851
4503,47
3132,4800
2335,4916
2889,4882
2928,4856
1463,2867
1603,4770
4699,4769
1012,4249
2164,1845
167,3878
2718,2818
358,4672
2934,2789
17,4916
1820,2856
1643,4878
1589,4934
2884,5077
4277,4903
1939,4788
4494,2820
650,4742
526,2866
333,4954
3565,4880
1251,53
3239,4857
1137,4693
4744,4883
1640,3912
3866,2794
4600,4918
3894,4682
279,2776
2869,2840
3314,4877
4116,4951
4020,1845
2971,1848
4128,4684
1917,4790
4081,4803
814,5018
1918,4746
3213,3880
1122,2671
3561,1843
272,4882
1186,2800
2457,4688
4497,4905
773,2864
3386,4730
3534,4824
4118,2862
1891,5000
1409,2856
781,3879
2743,3886
2034,1737
2118,4753
3726,4880
1094,2845
4942,5
774,4829
866,4882
3170,1845
2206,4994
75,67
2001,2773
565,2858
1692,4769
845,4776
562,1833
3796,2856
2686,3879
2367,4896
444,5016
999,4884
3291,2848
71,2773
3369,4763
3373,3885
3037,4669
4542,4681
4039,4781
1110,4965
1679,5066
1954,4736
2590,3914
1636,5016
3027,1856
217,4847
2732,4759
2392,53
4076,5064
854,2851
3643,4695
3655,1845
3973,4997
1001,4673
2891,4677
983,4817
3904,4654
1191,4966
1027,4801
2252,4934
3713,4613
335,3880
1274,4683
4496,4820
28,4858
1346,2808
1578,4918
2599,4253
1389,4671
5056,4738
3083,4877
4869,42
134,2856
4358,1727
379,4915
3083,2787
994,1834
4013,4774
4519,4755
3500,4932
1186,54
2716,4929
2597,2849
4401,2811
2117,4887
4530,3915
1977,5065
2777,4790
3832,4766
2233,4688
504,1725
553,4878
3577,5074
2620,2781
1865,1730
3767,3881
224,16
4303,3913
3176,4764
945,80
10,2787
3647,1729
4662,4670
2536,4878
299,5066
1414,1732
4335,4781
600,4797
670,4847
4101,5073
1689,4997
2697,4860
1660,4693
1152,3505
3792,4992
2084,4885
2179,2823
3108,52
3844,2858
1689,1835
3518,53
2958,4997
1073,3914
3421,4777
3280,4829
2474,2860
1797,4920
3037,4768
2713,4941
147,4761
2548,4902
4337,4891
1951,2816
4030,4856
4199,55
4112,113
4975,1816
3078,3880
4552,1730
3112,4917
3842,3883
3792,4669
1380,2862
3225,4730
4208,4860
3863,1839
2361,4820
4013,2814
4602,4781
719,4741
2584,53
315,4675
3486,58
825,2827
4881,1734
1778,4771
4449,4695
254,4692
4663,4905
4365,4774
885,4958
2890,1839
2560,4998
4605,4972
4538,4785
1996,4971
2732,4919
3334,2789
738,4250
2922,4677
4604,4735
2690,1734
2327,2847
2516,4953
3493,4779
1123,2848
570,1850
398,2809
553,2818
752,4253
3151,4995
719,3
1986,2814
737,5074
1776,4692
4622,9
1953,2848
2053,4938
1033,4718
3498,145
3314,2818
1534,1731
3793,2855
3521,1742
2320,4860
432,5020
1803,4635
1058,1849
3619,4966
1419,4882
1529,2826
3516,4817
826,2779
4719,1827
4278,2865
1562,1846
4328,1748
3960,4920
2069,2853
3004,4749
4218,4781
1331,1857
938,4873
2457,4892
1349,4900
4533,4693
3056,4671
1161,2818
2486,4908
2341,4753
773,1740
1176,4677
1023,4784
1786,4764
3443,2820
314,4674
1269,4776
3014,2658
631,4917
3590,5019
3083,2831
2338,4677
3278,4969
947,4919
3572,4686
3407,4751
169,4800
3633,1843
3794,13
1245,1725
1688,1842
904,4759
2684,2839
2895,2784
3160,4888
3586,4876
2001,80
3520,67
3017,4998
2693,1725
3384,4267
4410,4729
3765,2809
2332,63
1913,4831
3939,320
2294,4731
387,4801
3471,2785
1053,12
2468,4953
4579,4774
3754,2813
1993,5063
1603,1848
228,4253
1680,63
4040,1836
3108,40
2706,46
2515,4696
745,4848
4495,4774
4183,2671
3302,2774
32,4681
716,4988
1002,2812
2302,2776
3920,7
1041,3880
1795,1849
690,2774
157,4915
3434,3879
626,2776
2514,1742
4709,4749
1572,2841
3074,4728
3706,4879
1668,2823
3548,1860
1300,2841
2729,2798
4325,4938
2549,4251
993,4727
760,4966
4608,4986
1777,4788
3054,4251
2001,4697
39,4918
2424,4693
3402,4265
3628,5077
3532,3879
1908,1748
886,4848
872,4681
2337,4776
430,4789
4535,4762
4578,2809
3887,4777
4514,133
3904,2851
2585,2851
3981,4789
2209,318
295,4738
1206,2851
2284,1730
3326,4972
2957,4738
1424,4799
86,4790
3006,2825
2914,4916
4386,2829
2017,51
4827,4676
4811,4750
1539,4669
3422,4915
2077,1860
1110,64
2268,4774
5058,4634
650,284
3020,2818
3794,2839
4260,4741
1693,1833
2277,2855
3543,2856
3291,1843
4189,34
4397,4733
463,1896
3821,4691
2327,4769
3590,2865
4109,2847
1935,4752
3686,2823
3731,4250
1057,5019
600,2789
4336,2845
870,4917
1475,1842
3285,2768
4703,1844
3311,132
4837,1730
967,1832
1736,4911
2735,2796
4189,4818
4133,4906
4191,113
1512,4894
747,1818
2114,4685
1557,4613
1017,284
510,4955
1120,2817
2905,2832
613,5002
1255,4687
4497,4732
4640,52
134,4934
257,13
1199,319
1433,2764
2804,4669
4426,21
1949,5069
1907,1846
4977,4781
391,4776
2724,4737
1685,4728
1284,4732
1048,1788
2260,4674
849,2827
4225,4783
4826,1733
951,4896
4278,1734
1149,2820
4168,4752
3675,218
2700,1742
3598,4766
4377,4690
570,4768
1368,284
669,1727
1028,80
98,4887
3972,2768
3815,68
4030,4784
3235,1862
1357,4735
2018,2843
4212,2862
198,1742
59,4768
2148,4733
4530,4941
2758,3881
3538,131
4070,1862
811,63
2468,4783
4377,2789
577,283
3799,4759
102,2776
3248,52
3665,4250
4198,12
1761,4939
4590,4791
3096,1844
2235,4800
3148,2817
2638,1727
3107,4940
3528,4887
2623,5
4464,5000
263,5063
4101,4729
71,4677
3945,4766
3888,1817
3404,2794
2921,4952
336,4248
211,2849
1515,5069
2104,4777
4312,51
1479,4910
2289,4691
1892,4774
1284,5075
2146,4831
3927,4747
3579,4729
1402,4892
1613,4785
1719,4878
4410,4766
4434,2854
3997,2658
1779,2816
3996,1862
4584,4954
166,4997
2554,2796
4383,4860
4046,4991
3567,4952
4625,60
871,4751
696,4849
1967,1827
2509,4965
3790,2822
3164,4783
3624,5000
3074,4876
3235,2845
2412,4669
493,2858
3095,2809
2680,4958
4361,5069
3785,4763
3894,4729
1092,2831
3391,1838
2731,2844
3481,4775
2291,2853
2907,49
4149,2832
1961,132
835,2768
3255,4731
2287,4731
2677,4730
2451,5020
2936,5074
2590,4931
4554,2765
629,2845
4665,4886
1202,4884
111,1841
4657,47
1134,4956
2889,4992
2555,4890
1561,4830
838,4743
1724,4932
3389,5075
4466,2831
3260,2826
3038,1896
2288,284
206,4684
1343,2765
3097,4738
879,4613
4636,132
1276,4766
2180,51
1498,4634
3221,4987
4517,4684
2475,4730
4127,4790
2030,2848
1545,132
3950,5077
249,2772
1131,4728
309,4857
2830,60
3664,1840
2484,3884
248,2866
593,4828
1979,21
1868,1818
2685,1856
1744,4668
316,47
1652,3878
3469,4670
1789,4751
647,4936
2611,4692
827,1827
3515,4727
4616,4792
4252,2814
4722,34
274,4760
653,2789
2381,1734
4706,4941
2112,69
4210,4668
1325,1843
4212,4904
3195,2824
3479,4993
3286,4970
4459,3882
2293,2671
3709,1725
3004,2832
1322,4678
861,4938
529,2785
792,4249
1943,1844
4497,4793
4605,4920
1444,4738
4448,4739
2052,2658
3887,4848
4335,1818
3230,5004
3564,4910
2008,4892
2172,4797
5030,2790
4202,2823
1458,4792
2032,4995
414,2847
3005,4770
4119,12
625,48
2052,84
2737,2800
4353,4897
4190,4728
2551,4685
1174,2787
4400,3884
2060,4732
1802,2846
2164,2796
1449,4737
2931,2822
4615,5065
1526,4731
744,1836
1877,4801
2150,4266
3470,4679
2578,4964
4223,4954
2520,4772
4534,4883
2210,1849
4181,4753
1396,4911
316,4883
296,34
693,2817
855,2838
490,2854
4145,4830
4198,4768
5071,124
248,4995
4453,1839
1322,283
4354,4783
4852,4946
3894,1729
1810,2848
3306,4965
134,2857
3144,2786
414,4861
2391,1737
4453,4729
2669,2855
86,7
4309,4741
2504,285
494,4992
1681,5004
1312,4766
3096,4971
4599,2811
943,4848
3938,2786
380,4824
2168,1748
3501,4737
2940,50
3133,115
2497,4749
1457,2849
74,2866
1462,4915
4036,2764
3871,4952
3891,4896
2363,4872
1289,4728
26,4870
4843,2829
5015,4894
1190,4989
3466,2865
2160,4991
3590,124
3728,4739
1139,1860
4042,4249
1571,4885
4169,4266
2333,4748
1014,5065
2978,4931
3208,4870
2570,4988
88,116
568,1748
2130,4919
1859,2796
3487,3879
5015,4860
460,1850
3904,4750
4429,4687
98,4972
2499,4774
3983,69
347,2774
2806,4770
2206,2831
3841,4855
2300,2768
4042,5066
2409,4789
2945,4785
2175,2829
463,61
1502,4778
988,4916
3976,124
5058,68
3838,70
2056,2851
4423,58
3573,2843
2958,2820
969,1845
3161,4979
1464,1733
1719,2839
3582,4790
5068,4677
3527,4697
1772,2789
1472,80
1798,4888
2455,1818
3814,5069
4604,283
2001,4749
3141,4764
1028,2847
793,4790
1669,1725
2007,4921
1717,4691
1403,2817
1977,4939
2318,4906
824,4753
1568,4909
827,4947
4552,1845
2190,3878
4126,4683
1279,218
2539,1818
3235,4914
5043,4965
2939,2853
4837,4892
2385,1742
4562,4919
2698,4264
3202,2781
3549,2866
3074,5074
3382,4763
304,4734
4571,4850
206,2809
739,84
675,4673
4305,2814
900,1808
2715,5073
1096,2813
4535,320
973,4733
1438,2832
441,4692
3393,285
3788,4752
3168,4994
4063,4991
3715,1742
4551,4919
1587,1855
4181,2862
715,4964
4511,4750
5045,4956
3011,4673
297,3881
1579,4695
2745,4896
845,4926
728,1
1749,4774
2651,2658
447,131
2076,4249
1471,2826
1784,84
1189,5002
2539,4900
3097,4926
2287,4674
3281,4935
1176,4678
313,4972
4040,4735
1736,4916
1920,4966
315,4688
3529,4779
3031,4675
728,4738
468,4883
598,4968
1767,2844
4007,2857
1271,4932
2371,4748
3266,1737
900,3877
2233,4723
381,4672
3330,1834
1495,1730
75,4727
3173,2798
1531,3915
3855,2820
3751,4988
4027,4738
3024,2829
3119,2864
654,5064
942,1841
247,133
706,1843
3160,5000
772,4764
2350,4926
1815,124
4644,4264
2871,5065
2005,4683
263,3915
2747,34
3383,4920
756,2798
57,1788
4038,2800
4058,2860
3741,117
4458,4857
3821,3879
4262,4952
1674,4919
4657,4877
4620,4669
2324,4751
1822,4909
4316,2789
2883,4728
184,1896
4853,4768
1579,4677
4517,4966
1156,4754
2921,21
130,4737
2371,2856
3360,4870
4295,2803
3541,4937
142,1851
4297,4734
3252,1860
3535,4912
3686,2789
4408,1844
2536,68
2907,2843
848,2857
2273,13
4383,1839
3832,4954
3126,46
568,4921
2047,1846
3267,4668
2105,1844
4933,4891
945,2765
1051,1833
2089,1817
2473,2816
1993,1748
2355,2810
3399,4902
4130,4683
2295,4776
1205,4926
1822,3883
2141,4749
2109,4686
3275,4912
2560,4737
3362,1788
641,4876
965,2865
1494,113
3260,3881
4717,4965
172,2808
2729,1847
2422,4676
1195,4921
4541,4751
1249,4961
1501,2864
4652,3880
1617,2671
4219,4855
1198,2832
1140,54
326,40
1366,5069
4413,4907
768,3505
3323,5063
3768,4792
2675,131
1402,4682
3917,4958
2750,1849
4407,4934
2284,4790
4029,4912
2806,4760
1715,4678
3484,4894
4664,4678
3293,4831
609,1838
546,4820
4337,4737
1785,4750
4503,4751
3962,2865
3496,284
2079,2772
1017,2837
995,4964
143,15
2162,4249
272,4937
609,4688
1254,5066
2628,4900
4399,4671
2464,2796
1901,4966
3341,61
4510,62
3398,54
2378,4890
4324,4770
365,4917
4246,2816
4825,4759
2946,7
2756,4906
2478,4671
1970,3884
384,2776
2703,63
914,4772
1168,34
3693,4912
4715,4790
619,320
1328,4790
443,1730
4652,4988
3469,1834
4412,4857
263,131
1721,61
4457,4955
4808,5069
2704,2858
1178,1856
122,4765
2514,2811
4120,4634
277,1827
2408,318
603,2855
2723,41
662,4264
777,4754
2207,2846
3271,3880
4415,1856
1033,1862
2092,8
2890,4936
2203,55
4449,4931
3849,2798
2303,2856
3002,4878
1160,4993
1107,1742
1276,5064
4546,2794
2551,4905
2001,2851
3215,1725
1317,4250
2233,2773
4325,4892
4144,4819
3680,4759
4567,4990
4126,2817
2637,4877
1263,4951
3183,1728
1413,4941
2276,4912
730,1832
708,4792
4298,4890
1934,4970
1988,4934
407,4266
2318,4979
3044,47
2460,40
3465,4759
1335,2857
5008,4789
810,4788
2115,4870
957,4771
495,5000
2061,4873
1613,4831
1068,1788
3388,4774
551,3924
5058,4957
3848,2808
2675,2854
2639,53
2315,4892
4081,4961
3122,49
2587,2864
3089,1848
419,4253
4812,2858
2994,4747
729,1833
1790,4679
4226,4935
305,4947
803,4790
4059,4876
1202,4817
812,4997
120,4910
3022,65
961,5000
1026,4738
4284,5018
948,4786
1113,40
1012,4784
380,63
4603,4769
2476,3886
2216,1740
3139,2816
370,69
3681,113
4116,1726
3846,2839
1203,4909
3871,52
4502,4789
1571,46
3180,1731
3581,48
571,4832
1006,4907
4387,2851
3832,114
4309,4832
3626,4877
504,4784
2553,283
3990,1735
1823,4953
3896,4972
3375,1839
506,4879
3447,2788
3795,4991
4662,1817
1747,4691
344,3879
3485,4958
3006,4963
1969,4939
4331,4860
206,4685
4948,2812
3387,4971
3851,4750
1615,4905
4484,4963
2902,70
2964,5000
2066,2824
2989,4992
1453,2785
4515,4963
1068,2843
1781,4790
3407,4963
3834,4695
303,2784
93,4896
627,4718
2925,2844
4375,2822
604,4889
4118,2784
2089,4775
3728,4678
3348,3884
2115,4771
902,4861
198,61
578,4265
251,5004
3910,4921
1064,3912
3909,5018
4024,4790
3040,318
5081,1725
1250,4934
1096,45
2536,2849
5011,2832
3168,2808
1972,4734
3673,1831
943,4732
470,4818
3317,4901
1852,4878
3976,2812
3427,2800
4140,2845
2233,2658
169,4856
377,4784
312,51
2495,2790
1715,51
842,2820
3891,2781
74,4903
2235,4847
989,4906
24,5018
4211,1848
2300,2818
3867,1840
4022,4964
3294,4880
3414,285
1870,5065
2613,114
4362,4969
1623,4964
3801,319
4115,4816
4029,4788
702,34
419,2827
4713,4988
2214,4830
2207,12
236,4728
5033,80
4808,5000
3868,2767
1883,3883
246,4934
3674,1840
4337,4251
3661,1834
1528,42
553,4685
3636,4762
3450,4891
1271,4817
2241,4941
1993,5000
2762,4972
2604,2789
3507,1848
5036,4786
4414,4799
3445,2864
2111,4692
4076,5066
3561,4741
3049,4883
3682,4996
3802,15
2140,4799
4838,4870
1521,2845
2129,4989
771,4682
3415,4733
2976,4882
975,4778
3109,4921
2969,1728
3695,2781
2863,50
2231,4993
4060,64
2569,4741
3762,2857
365,4682
2950,4752
3389,6
1718,3924
984,4689
3709,3881
2015,4782
1885,1834
3977,3881
764,40
1750,4996
1423,2781
790,1832
373,4741
4719,4754
2398,1726
3116,4759
2732,4931
1098,5
3216,4720
462,2783
345,63
3767,3883
2127,21
512,4786
4394,4914
1188,1850
1301,3881
4000,4902
1288,4680
4419,4934
953,2839
2932,4921
4124,4267
2879,4882
3033,4953
3773,4801
3384,4958
1191,4737
2103,4668
626,4824
1957,1836
2163,4890
2255,4736
2942,2865
781,1834
917,4888
