1723,55
738,4797
997,4613
1341,62
3261,4884
470,4751
2178,4971
1374,4855
4704,1734
4758,9
555,1848
3950,3881
2630,5073
1077,4978
3908,4903
1443,2841
2606,4735
3497,2811
2439,4742
4188,5020
1333,4989
2248,4926
4450,4909
1635,5001
4025,283
1390,1847
753,132
2542,285
4313,2794
621,4940
2004,55
2899,114
33,4771
1944,4775
530,2818
4950,4908
764,284
3896,4741
1588,4769
1133,2843
4335,4797
670,4831
103,4682
1854,2821
3138,5070
1149,4797
1535,4932
4509,41
2518,1808
3836,4886
1618,3505
3619,4968
461,5074
2385,2839
2689,4938
3690,4799
4616,2798
5049,61
447,61
674,1727
2116,4783
4756,4831
3046,2783
4120,4815
656,4892
2921,42
2753,2866
4207,1734
3399,115
4507,4676
4411,63
3568,2803
4552,4912
1071,2789
1990,4250
1760,4855
1927,55
4273,50
4292,1788
1177,3883
2022,1831
228,51
3610,1857
205,4953
757,4956
2131,4858
2369,4913
3916,4824
4291,2824
1791,4780
245,4771
1054,48
3229,4686
4358,4780
947,3882
3906,2853
3803,4739
4508,4979
480,4993
3289,2781
5067,4903
574,4790
2231,46
452,55
2687,4792
687,4904
3386,4753
4480,4964
1587,3885
549,4919
4554,8
686,2826
4570,4929
753,7
435,6
1634,4734
1487,2858
3162,1833
3150,2764
2771,4249
2429,66
4405,2789
1106,4774
3514,2794
1939,4737
1424,4818
4466,4737
89,4765
255,4861
3288,4850
4977,2855
3415,4267
925,1827
4466,3615
1767,4267
1244,7
3044,4693
5007,4634
556,2773
3864,4787
2996,4855
128,2837
2601,4987
2988,2843
1795,4739
1206,1851
743,283
1641,4680
3178,4934
2960,2786
4439,5001
3592,2857
2068,61
2989,2855
2051,1843
522,2772
593,12
3244,4266
3536,4979
4358,4879
3848,68
2239,4861
755,1788
4358,2849
630,1850
4140,2789
4229,2862
2775,4250
4103,49
2770,1727
2089,1816
4664,2795
1363,1726
851,2790
585,116
3020,13
4185,4965
427,4930
4114,4750
3182,2855
1805,38
659,4847
380,4962
695,4768
4977,1817
3984,4687
4047,3913
4942,67
1762,133
2029,5066
1697,2814
2418,2848
2897,2821
3469,1847
782,2846
111,4788
1421,2820
3778,1835
4260,4912
3842,2784
895,4249
346,4749
4522,2774
1585,5070
3264,2824
3794,2837
959,2858
1001,38
2225,4691
2898,1846
2510,318
3064,284
3987,58
3836,4265
1287,4755
4551,2789
2973,4855
569,283
5012,2825
357,4731
4189,4878
4657,2832
112,2866
3799,4882
3968,4736
83,4989
1231,1726
3845,4775
3504,3
3366,4746
1269,4746
1045,2794
4387,2822
4648,4752
526,4904
4243,4862
563,4830
2698,41
1549,1740
2380,4897
473,4689
4509,4734
2365,4937
1932,4685
1666,3880
2481,4737
3683,4904
35,4828
4981,4773
1424,46
2426,2867
3898,2803
35,5
588,21
1488,11
3398,1832
2001,2812
1002,4900
4245,2785
1378,4904
3722,114
1694,4886
1147,4679
946,2823
4666,2658
1744,4916
877,3882
330,4777
3651,2821
463,2764
1117,113
3621,5001
2747,65
4320,1845
4704,4858
3988,4771
347,53
1093,1740
361,4680
3214,1735
914,4935
1324,5074
2664,4264
3700,3878
1790,4773
171,4750
3304,1851
3441,4891
1271,3885
2034,4788
801,4884
4421,62
1489,4774
417,1740
3785,4847
3849,47
3340,1740
3177,1846
789,1730
3973,5069
935,2782
2621,4781
4074,4855
668,4940
3272,4741
4423,4919
1107,1726
1664,4956
981,4910
557,2849
2321,4776
521,283
3226,4737
4586,145
83,80
3979,5000
1658,4861
965,1848
3797,67
3530,4911
1243,4746
1201,2838
667,2788
3849,5073
4620,2846
4445,4696
1912,4886
1957,1729
4083,84
3782,4944
1214,4920
1027,56
2576,4742
3338,11
1058,4947
4507,46
4479,4905
2342,3914
1101,4879
1522,4849
883,4677
2521,45
1758,3505
1646,2817
3900,2785
1380,4759
1438,4734
1758,4723
3904,5000
2338,4955
2003,2814
897,4831
3550,2779
4429,2764
149,4986
3621,4906
729,1727
3672,49
3509,4769
2917,2860
3901,4735
1095,4952
3606,4251
900,46
1446,4958
3962,4735
3375,4935
4182,4669
347,3
1478,4965
4370,4906
2309,2820
1374,4250
1046,4729
1572,9
2879,2854
461,55
913,2826
3815,1851
3408,1896
4345,1831
3195,80
2392,4910
3920,4918
3078,4930
4451,4765
1555,64
3862,60
3413,4972
4177,2832
4499,1896
3786,2824
1060,4892
4846,1840
2981,4773
2676,4789
3481,4773
245,1832
5017,218
2525,34
4620,1835
1133,4691
515,2768
3500,2794
4175,4654
2387,65
328,2822
502,1856
2892,1844
2189,2829
425,4769
1970,2841
3024,132
2726,4938
197,4888
3600,4892
686,38
143,4907
5050,133
2541,2823
1158,4738
2024,4818
1559,1729
2117,4801
3646,4850
4171,4876
4233,2841
645,61
1057,1857
399,4918
3755,1732
2928,2789
1111,1834
4942,62
2630,2795
2926,1842
1637,50
3084,4733
3378,4894
2686,4998
4259,4760
85,4793
3457,4888
4666,4946
4616,5069
3326,320
3697,1734
342,4790
4085,4986
472,4786
490,1740
3529,2812
775,4953
1327,4828
1551,4668
1895,4786
1240,3886
1379,2768
4288,5064
1063,3912
2328,4970
4171,1740
1550,4694
1919,320
2618,1742
2334,4751
4383,4733
3269,3883
4030,4803
4125,51
269,4986
3295,1839
809,5002
4722,1831
4401,4920
294,4930
1698,4940
1173,69
2665,70
1483,4749
428,1730
2303,3878
2922,4938
2206,4692
812,3884
357,4882
1558,4718
803,4882
3835,4964
1297,2832
206,4738
3421,4870
2706,4759
3335,2862
1119,4861
1789,7
2203,5074
2873,115
4048,2781
2034,1732
4643,2856
3340,319
3080,4765
4419,1862
3707,2825
1059,2811
3658,5065
1605,4904
2008,4894
1994,4932
670,4832
3719,4737
819,4944
3409,4832
1768,4692
5003,4989
2993,4248
4257,4723
1352,2856
4520,4998
3228,2823
1431,3878
4119,4888
4033,4769
4307,2772
4088,4938
553,4684
3674,4728
477,4732
1707,1841
1956,3881
1335,16
4240,5066
3468,4961
1315,4759
3017,4776
434,4954
20,4892
2045,4654
3990,4896
2616,4778
794,1839
3002,4917
2805,4687
1298,2787
328,5069
2681,4689
2527,4775
1608,4800
205,2789
1453,2821
2969,1735
484,4877
1759,21
2086,1850
3206,1839
2349,4992
2610,4862
5012,5004
775,1728
3131,4801
3502,2846
2663,4679
1145,4684
1870,1837
150,4964
460,4914
206,4748
1458,4934
1793,4777
3994,4938
4042,320
3024,4877
4653,12
4019,80
1790,1737
3477,4759
2168,1861
4138,4781
85,1896
213,2851
4521,4937
3026,4784
3921,56
2882,4886
501,2783
1048,2798
3332,1827
2921,4900
2670,12
5040,46
164,1727
435,1729
3632,4685
4,62
1103,2800
2910,2816
1296,2814
2079,4750
4169,4264
1104,3
4609,2788
3208,4872
2431,4877
2625,4679
3676,4986
1777,2798
3256,4266
3531,2796
4317,4987
998,4691
3286,52
1092,4737
2029,4885
4086,4792
4231,4858
2943,1833
2894,4755
1391,319
2372,2832
1545,55
4170,4687
540,2799
2732,114
3598,2767
1912,2786
5014,4264
752,4820
1976,1835
4570,1862
1241,2844
3942,132
1552,2800
4095,3880
3366,4989
3962,4992
796,1896
3390,1788
2257,4952
4391,1733
4387,4691
2309,1845
4241,4887
1378,34
2679,3885
1428,4785
604,4787
4869,2814
1465,2864
848,4778
1403,4686
4042,4778
4200,1729
4182,2811
3045,2790
3844,4997
98,2827
2482,4635
2068,2857
956,2860
4332,1
3555,3884
1803,4926
3085,4931
1071,2826
4866,4897
2109,4761
906,1728
4162,4965
2030,9
2578,4919
3893,2841
4259,4770
4328,1849
3938,4755
4980,4918
2557,4872
3996,4253
1583,2851
3723,4735
1885,21
4039,4754
2167,4994
1235,4888
4495,4957
4462,4768
2092,48
434,4990
3928,4917
4160,4887
3749,4873
3585,4920
2423,4773
3860,4876
946,4879
2746,4861
4293,45
2287,4831
3292,40
1224,62
3585,4777
3341,4765
2885,4988
2156,4732
4757,4850
126,4998
3020,5077
3835,4769
3797,1856
3354,1818
4399,4788
373,4855
997,4743
2661,56
448,4684
4943,4732
1922,4768
4539,4746
797,56
2464,132
1038,2818
3150,1896
373,4760
882,1834
4605,4987
1812,4909
3144,2671
1998,4688
3691,4773
1786,4989
2166,4912
4029,1846
4823,320
3159,15
1390,4736
2919,124
935,4968
1994,124
2807,4743
1983,4746
1110,4788
1634,4735
4432,4963
2710,4689
4666,124
1812,3914
1075,4748
1130,5019
1197,1832
72,114
1402,4964
2497,2781
2509,2773
1253,1832
880,3879
1155,4677
217,2864
782,3882
4039,4736
2602,1860
3390,3
2963,4878
1685,4931
4544,4266
4030,115
3405,4972
3037,4914
348,4688
3713,4720
3007,4613
3406,50
3678,5000
130,1857
3963,45
804,4918
3978,4993
1518,5070
249,1845
3102,4818
2513,4910
2516,4762
3949,2785
852,4634
1251,1730
2722,4957
2304,4654
1143,4855
4580,4891
1158,4789
1235,4856
709,2772
2226,5075
1508,2838
588,145
740,2808
634,4676
299,4731
3018,4829
5042,2782
2246,3913
4002,4774
4700,4779
3224,4773
1504,2765
2422,1808
3245,4251
4440,15
1356,2783
4224,1808
5054,2858
3321,40
1050,6
3715,2788
351,1857
4095,124
350,1836
2143,4989
391,1856
809,4737
3696,5065
2989,4921
2619,15
615,3878
3482,131
3033,4998
3738,4905
462,4856
1315,4830
4473,58
547,4914
1517,4892
3009,69
3958,2845
229,54
2196,2789
3524,4799
4437,4684
702,4953
4460,4904
2895,4884
925,1844
307,2865
1633,113
3112,4979
1706,4769
1461,4966
108,4682
401,4891
2958,1832
3727,4954
1132,1731
483,2808
1830,46
4300,117
1420,4987
1479,4742
3297,4720
2519,4790
2294,1818
3480,2799
1785,4748
4284,1729
4554,2772
2162,50
1613,5065
1286,49
4867,4785
3740,4761
1264,4978
309,4910
3024,4934
450,2781
1264,2795
3334,2855
384,4917
4311,4779
1235,3886
1028,4986
2959,50
1355,2837
2938,4743
3233,4733
170,4253
4441,5064
4260,4267
2777,4892
3806,1836
1171,2845
2997,284
628,60
3223,4672
2326,3912
4177,4748
4624,2831
4143,2857
2010,48
4589,319
185,4675
4292,4894
3350,21
3274,2818
4152,2794
4142,4855
481,4674
2142,2866
3397,4904
236,1851
4427,4776
489,4776
2176,2808
3653,4749
3963,4787
3724,2803
600,1818
4403,4770
3142,2840
2315,5070
1700,4931
1291,12
2051,4613
3614,2860
2546,4685
3491,2796
723,4787
1590,4908
3993,4888
3793,4800
3343,2782
340,4766
2166,2796
3785,54
713,4970
1067,4890
4138,3886
1040,1845
157,45
689,1731
1506,4748
3167,56
1108,4776
1282,4934
2936,5063
4608,4953
3224,145
3327,4613
427,4739
3305,42
1048,84
477,2822
2562,4989
204,3924
4533,4954
626,2860
379,4731
3525,1808
3655,53
2640,4265
3918,1817
4055,4968
1180,4968
25,4736
4288,1834
3098,5066
1813,4689
3303,2781
4545,4916
3390,2829
2054,4773
2530,4733
3009,4696
4625,4680
1254,2824
724,4792
675,5002
1336,4944
3525,50
397,4954
2540,2776
3682,2851
2389,2858
3036,1
3310,2784
2979,4730
1025,4992
3666,4894
3169,4768
1000,4901
2446,2794
4052,5004
3568,1808
4388,41
1770,4753
4534,2811
615,4909
1755,4684
3029,2781
2179,2783
434,4870
761,283
3783,4689
2298,2765
599,2765
2049,1835
3174,69
664,2866
1510,285
1445,2764
5083,4934
2769,53
3898,4997
4008,4787
3946,117
3658,2773
1821,2851
813,318
663,1851
898,2671
2507,4857
4272,4749
1502,4946
2891,2866
703,4939
1903,4249
1499,4783
231,4763
270,4953
3078,2783
4577,3886
4009,60
3605,4938
247,2799
1858,1817
2977,4903
2279,3615
2374,4687
1693,2864
2304,4791
933,4675
4379,4993
501,2810
4271,4759
4222,4885
1920,4686
364,1836
984,4250
3628,1860
3305,5073
1583,4882
2355,3885
1193,1855
1465,1730
2010,4979
4247,4830
57,2827
3079,4736
3154,4931
1591,2795
3087,4830
4366,4743
1771,4963
4603,4691
3588,4848
2728,4904
3115,4788
3136,4831
3617,4829
590,4969
3393,4733
3387,60
3940,62
3463,131
4808,2862
3080,4930
399,2658
3150,4958
2328,2833
3425,4855
790,2811
4298,1734
1099,2825
2300,2767
3874,1827
157,4856
3684,4675
4326,2810
2129,2843
401,4849
2315,1840
1273,4747
1493,2831
170,4676
83,4902
4822,12
336,2814
568,4250
3024,4993
2107,4775
785,2787
3182,4782
3836,1740
1485,2816
2621,2843
297,1831
1267,3615
4521,5069
3427,4824
1122,4947
919,4913
3528,4918
4063,2853
850,4718
2262,4815
1464,4953
1479,4990
3563,65
950,4797
345,2658
541,1817
756,4676
4813,2837
4255,5002
1474,4689
154,4687
1579,4913
4484,4947
1190,4934
648,4938
3559,5074
2550,4910
4646,4793
1450,46
2319,4818
216,4887
2540,4939
2727,4683
776,49
3671,5069
1284,4673
3234,4954
1367,2841
2182,4723
3049,4992
1605,4681
3384,4946
660,2783
1184,13
3745,4900
3511,116
4438,4765
543,4766
748,4764
3998,5019
4368,1861
2291,4892
4059,4763
3051,4991
4170,4781
2060,4908
1440,4856
1447,2841
4592,4961
677,4729
3719,4932
2435,3912
3006,4688
1676,4958
772,4248
83,2784
397,1726
2546,1844
3433,58
4922,4879
2123,4747
1062,2845
3539,4678
2886,6
1957,113
1774,2841
811,4265
1739,40
1693,4937
3547,4912
174,4684
2986,2772
4945,4249
141,4755
4823,4781
3331,2776
3187,2824
4064,5019
104,4749
4581,48
4538,4634
1397,2849
3747,4939
1283,2814
3512,4941
2243,4998
168,2823
4826,3914
103,4694
2529,2827
365,2837
1354,2825
3156,4251
366,4683
686,285
384,4635
4429,2785
3531,2846
834,4690
480,3886
3992,4848
1371,4755
2384,2839
3796,4896
4501,4830
2307,4799
3708,4687
4636,2772
3064,4940
2650,2858
501,4876
398,1896
1169,4932
2622,2854
3968,1846
4139,4906
4141,4727
1984,4250
3943,4783
1640,4908
1518,1732
4973,4676
786,283
3512,4634
0,50
4166,2814
3160,1850
2182,84
2397,4803
2285,3881
1496,1846
620,124
311,4731
660,13
1313,4994
3863,4926
4290,70
2753,131
4015,2839
289,4684
3004,4970
4151,61
699,4940
738,4906
2919,5075
923,4689
3598,218
502,5000
2742,4797
2649,2817
1359,5073
155,2816
2293,4916
995,4780
4384,4917
209,4764
4309,60
474,4905
2948,4848
1986,4800
4852,124
3531,3924
2033,4932
1190,4883
4063,1734
967,2773
1821,4786
2957,4762
3496,4682
154,4771
3692,6
3149,4912
4376,4654
1190,4962
841,4779
3599,4969
259,4743
4827,4732
636,4690
1329,41
4802,3913
2612,3
1484,4941
2126,4761
1937,1856
516,4815
955,5075
1650,4861
2564,4248
3990,1857
2227,1834
2479,133
2298,1836
1769,4742
1877,4691
3441,46
722,5069
4165,3877
5038,2803
1517,4697
4268,4870
4975,1834
584,2794
3214,4908
3826,2845
3772,4763
3743,1844
3108,1727
2451,2785
1418,67
2322,4267
215,4786
3173,2825
4325,4932
4,4732
3707,1729
2238,4768
459,4779
2124,320
350,4858
666,4763
2023,3885
2904,2768
1961,4777
379,4819
3698,2862
3544,47
371,4778
1317,4830
430,4668
4340,4695
1738,132
2231,40
398,13
2243,5077
3221,4830
806,2658
3596,4926
2504,3878
455,4957
753,5
1151,4904
3776,4250
565,2844
4181,4962
1859,4872
140,1855
2489,283
2924,4944
594,40
3977,4248
3717,1896
4367,1841
4719,1740
1438,2817
3528,4749
3695,4951
2267,1844
2370,4754
280,3879
2948,1839
400,2813
2727,4850
2234,4872
2129,4920
4339,1731
2625,11
488,4858
491,2765
4023,51
4612,1788
4647,1839
1830,61
3532,320
1587,4784
1471,4681
1988,4687
2211,1834
3682,4907
399,63
1552,2781
3644,4694
2919,318
2642,3878
769,3878
411,1835
3760,5077
966,2779
1039,2867
4717,4788
4437,4876
3182,4855
1473,4989
2917,4887
1931,2765
3590,5001
204,52
5037,2658
1138,4962
626,4911
3286,4753
3606,2853
2192,2844
1164,4741
3865,4635
3123,67
3817,4850
1409,4765
698,4781
3979,4940
4064,285
3242,2851
4327,4916
1532,4849
4261,4939
3019,5000
1411,2826
4984,4720
645,4911
2448,1850
299,4888
1994,4765
358,4783
1945,5065
4436,1808
2879,4902
4202,4779
4163,11
2375,4690
177,4735
2802,4688
2601,2864
1979,3505
3193,4910
1361,4972
402,1835
4193,2809
4924,55
922,4675
2749,11
2356,4902
3083,4856
2748,2823
3166,3878
79,4785
3787,4688
2959,2860
2769,4971
3483,4921
2172,9
4639,4762
1071,4892
2691,63
371,4889
2481,4918
1313,2776
4461,2840
2101,1856
818,4824
929,4753
3387,5075
73,4912
3517,2839
3765,4671
1155,2812
1870,2671
3362,4952
4295,4797
3042,2833
4560,2796
473,2794
3537,4677
4545,4921
95,4932
1996,1735
4228,1839
337,3883
1756,4886
4647,4903
4280,4953
1209,4685
2972,47
3704,4739
2416,4896
2875,4785
2749,4739
3742,4926
3469,4916
1571,4910
1427,4829
413,2814
92,4989
311,4765
4708,3505
3819,4764
3966,4829
4531,4857
1215,2765
4078,2767
1779,5069
4967,4681
430,4889
4506,2844
2326,2800
4139,4739
3619,2795
4563,5016
3289,4955
1403,4907
1096,4828
1611,4885
916,1733
1010,62
3083,2764
2282,4886
2090,3913
3249,2866
3631,4972
1447,4686
2155,49
325,1733
3717,2865
3734,4849
2009,2809
1394,4912
164,5004
374,1832
662,4989
3141,4800
1417,4786
3753,2789
1480,2843
1575,2774
4311,4792
906,4988
2257,2788
3039,1788
3987,1842
859,4916
2446,114
4719,4939
670,4746
3022,2767
2031,4775
4318,4944
2738,1788
4556,4957
3624,1831
1923,4828
1673,2865
2301,218
3577,4873
419,5019
816,2796
2130,5066
4478,4250
2976,2810
3353,5075
4570,124
596,4828
2445,4915
4046,4931
3490,1861
1374,4248
3078,2862
1356,3912
1929,4832
1565,4764
403,4828
3380,5016
2898,1816
3482,4264
2361,4672
745,11
430,21
1287,4849
974,2818
4028,4934
3314,4884
4614,4819
787,2856
696,5075
1516,1857
2639,4248
4544,4916
2708,66
3589,2865
3046,4266
1381,2765
706,4970
502,4947
1133,4689
3975,4958
4569,69
4450,4995
2910,4848
1006,4910
3335,4892
3075,1808
3322,4749
1399,4781
4407,4677
4252,68
2725,4671
2131,70
1716,2809
563,4668
2990,5
3056,5066
2543,4771
4507,4908
3408,284
2545,54
1086,1727
1049,1844
2743,4955
1119,4894
4322,3505
230,51
3378,4749
4701,4903
1675,1733
1884,4778
3239,4251
3478,4913
1012,65
2598,4991
677,4248
3283,4728
478,4830
1221,4961
3455,4803
2650,4848
4115,4916
3709,132
1038,4905
777,2835
4262,2866
4217,4817
1318,2824
426,4752
2744,2854
3108,4978
2254,1831
3473,3883
908,4915
1884,5064
3435,1850
4579,4723
2063,1735
4638,4944
1526,4764
2617,2851
3109,4771
1391,3924
4895,4686
1042,5
536,4688
4295,2855
3490,4737
405,4931
3895,4692
3999,4613
3740,4910
1620,4751
1229,2858
4279,7
1625,4919
3855,4972
530,1856
1824,5020
1186,4966
3574,2779
2233,4824
1355,4681
3254,47
885,60
2621,4896
2032,1
1380,4695
1287,4997
93,1827
2210,4856
3755,4754
2637,4799
4802,4912
3141,4772
3784,4931
2697,4635
1434,4692
2238,2857
408,2832
3922,4730
3103,4856
1108,4264
2024,4689
834,2818
560,4686
2703,4773
3415,2808
2762,5001
4382,65
2564,4905
3577,4901
4550,2849
3491,5000
4275,2658
3246,2810
2882,131
2670,4737
4069,2812
2219,5074
1435,4668
2478,2824
414,1848
2880,4872
3055,1850
2609,124
1540,4968
1069,2798
92,4951
4211,2833
4744,2848
3504,4695
4367,2785
3126,4676
406,4777
737,1862
1620,1843
4293,2843
4368,1862
4863,1808
3170,4916
4139,4829
4279,21
1396,5065
2585,1729
1461,3914
687,3913
2100,2853
872,4934
3595,5066
911,2818
2874,2785
4313,4952
1977,2808
3028,4916
3589,4690
2217,1788
3431,4732
4949,5073
1528,4683
2312,4763
645,4791
375,2823
466,2785
2421,2867
4024,4266
2274,1818
3179,4729
655,4749
315,4886
3423,4775
2559,4882
2419,2845
1927,4876
3263,4723
2713,4741
2626,4862
2623,4880
3244,4992
4726,2843
1289,4732
3624,4777
2421,3914
4055,47
4269,2856
602,4778
3759,4676
412,4832
2514,1842
4000,4776
3529,115
3629,4723
2071,4914
1655,4920
2953,4941
253,7
1204,4889
3428,2799
4292,1860
582,4737
1008,4887
5005,4818
1825,4988
1865,4978
3114,4896
5078,3914
2691,4251
2287,4954
3636,4634
1395,4690
97,4697
802,9
812,4954
3160,1851
2630,4906
4048,4669
4922,4668
3522,1726
3404,4697
4452,145
2515,2820
1447,4912
4308,4902
1107,4963
3941,2843
1238,4897
1403,4962
941,4266
1932,2838
4846,48
988,4912
4641,4784
2654,66
778,1837
1509,4824
405,5064
762,4738
259,1862
4350,132
2524,2796
1949,4848
4474,4690
1380,4683
921,2832
3329,4696
4071,1728
1772,2785
787,1734
4527,116
2427,4779
2777,4916
3213,41
3341,116
1426,5077
4104,4613
4924,4972
309,5016
3440,1841
1019,218
2666,4817
2214,6
1697,145
4837,4888
472,4847
1190,4963
2344,4883
987,2865
1659,4689
3087,4754
306,1842
727,2796
1567,2816
3430,1839
1418,2825
636,4691
1500,4856
1781,4761
3752,67
3408,2789
3794,2860
4573,9
4031,1843
2561,2798
1806,4775
4327,2866
1280,4944
702,1855
3950,47
3709,4888
2029,62
2550,5077
4170,4735
1712,1862
3366,4882
1126,40
3429,4689
4098,11
3288,4613
3541,4931
1995,4763
2507,1838
4699,1855
2347,1849
3484,2860
1043,2795
883,4990
19,4693
3922,64
2665,5069
1151,2824
1511,4961
3424,4857
5052,4951
654,4786
803,4926
1058,42
4232,5001
3378,4723
405,4683
2631,4988
5041,1837
4353,4800
3119,115
1216,8
471,4830
5071,3885
1943,2800
1158,4936
4410,218
1329,4682
452,50
3974,1729
4336,4887
2100,4971
4175,4870
334,58
589,4882
3467,4782
1269,4934
2312,4870
2194,53
1494,4768
3715,2808
4622,2864
3653,4870
1191,2811
2333,1844
567,1725
3639,4797
1198,5063
3382,1841
4241,3615
1144,4774
3205,1816
1488,320
1061,4736
2231,4769
3536,4793
2200,2785
4545,4734
317,2790
2574,4988
3903,124
2970,1838
2438,60
5084,4251
1032,124
879,41
3791,4979
4189,4921
2890,4799
259,132
677,4797
3854,2813
4767,4683
1587,4787
2990,2867
594,2840
3695,2816
663,55
1043,4718
225,47
78,2855
847,4777
22,4870
3625,4613
668,4762
2313,4728
4350,4935
2061,4671
1281,4994
2708,4890
125,4786
3429,4901
4708,2790
3818,4996
3522,4991
3551,2823
1526,2853
2762,4847
255,1836
3331,4936
2738,2800
2254,2837
1615,4818
4232,4870
4625,5073
3169,2772
5061,2825
3260,4939
3133,2772
3550,2786
1919,1839
2296,4249
3662,4634
4006,4792
4510,1860
4619,2671
1872,4248
1893,2818
317,69
3865,1833
2190,11
1202,2840
150,2865
716,4888
4136,40
3127,2799
4854,1896
3169,2855
407,4934
4346,2765
3920,4941
4245,5016
3350,4766
3264,4897
2560,320
1286,4797
3387,117
1361,4860
1190,124
2576,4958
3931,4248
19,1851
1547,1827
262,4800
2205,2816
4582,84
1315,4670
3242,4856
2802,4915
1997,4978
4573,2765
737,4679
396,2781
835,61
5071,2788
2684,4998
1828,4832
1206,4788
1975,4723
2033,4774
4869,5066
3311,131
3917,2810
3149,2854
338,4944
2903,4910
1329,1836
4320,4900
4451,5073
1047,4728
624,2866
2623,4682
1932,4680
912,70
3780,41
444,4766
2957,5069
2440,2765
2362,1729
4834,4885
1800,2827
2567,4935
1940,2795
1107,4824
406,4903
2241,4681
2444,2827
3114,2843
4218,45
4615,4957
2579,4266
2073,4830
1262,48
798,2851
4512,4889
3132,4777
1719,4919
2880,3884
3672,2788
4227,4917
2106,4991
3798,4743
2942,80
4007,80
1290,4858
1163,2860
222,2840
521,1851
489,4782
1382,114
4053,4693
4597,4251
4194,4755
4893,4776
4486,4968
3422,1845
3148,4792
502,4772
346,3882
605,3886
1484,4253
751,4718
440,4832
1096,1840
3065,5065
1495,2788
4366,2847
1296,4746
3904,4729
522,80
3944,4790
2107,4908
3741,1729
3526,4697
3285,1861
4813,4734
1240,1846
3021,2772
43,1842
537,2851
1982,3879
1485,3615
4838,4686
4365,4760
4494,4883
1279,4979
3591,4891
2321,4926
2271,4731
3853,4689
4767,4941
4299,52
3360,4266
2916,4972
3738,2858
642,69
4090,45
1243,4668
617,4952
1035,2866
3151,5073
972,2818
3797,4697
3465,4763
181,5018
2572,4941
4846,4921
2907,4909
2968,1817
106,4824
3213,113
2440,8
4852,4743
1249,4775
1414,4891
562,1855
4066,133
428,3913
2989,5002
1580,1737
2996,2811
2958,4918
2441,1742
1316,4998
582,2849
4898,4961
487,1849
461,4870
3337,80
4079,4861
210,4797
274,1734
2753,3879
1356,3913
4852,2862
3433,4684
3755,6
2346,1860
1700,4979
2949,2865
1721,1735
1081,2810
2182,4791
802,67
973,4754
4135,1841
426,2813
3992,4267
413,4762
1425,4848
2965,4755
915,4735
3403,49
4562,4780
1251,4931
3012,2824
1134,2867
3472,4894
482,4747
3502,1735
4050,5018
2358,4818
3799,4768
925,56
4453,4672
4867,4783
2694,2857
3370,4901
3652,4873
4745,4961
991,1735
1197,4857
3586,4958
2459,4723
1644,4792
3000,1732
446,4746
621,4978
4561,2809
3034,4926
4158,2853
2898,2847
2339,4828
4117,2764
3338,4253
1259,50
3225,4897
358,1833
1637,63
2926,1841
3068,4817
1958,4860
4244,1729
2651,1862
3088,4731
785,1848
4512,4901
3252,2822
1759,1816
1871,4912
713,4697
2952,2671
1289,1836
1585,5000
2519,133
882,4877
3554,1788
1880,4904
187,4929
426,3879
1165,4761
2656,1839
954,54
3968,1836
3338,4856
4596,4668
2710,2823
1772,4765
4651,2671
138,2781
239,1733
2942,2841
4948,113
1397,1831
1482,4994
2465,4961
512,1726
1526,1817
2176,4860
3618,4883
4465,2825
2876,4766
2045,2774
3821,124
3095,4832
4304,4783
1564,4896
2527,4803
5021,4249
238,4770
1636,1729
612,4801
1641,4613
3727,1740
3899,4832
4716,2799
3008,21
2691,4931
2453,2838
1585,2781
1682,69
3989,55
118,1840
2612,4746
2758,4919
979,4940
2122,4727
1656,2838
4821,4781
3620,4266
2242,4979
4384,5018
2672,4777
3647,4880
4150,51
221,4897
5022,4849
4193,3912
1059,2812
1898,4763
2938,4779
2277,4955
1100,4886
4372,4987
4413,2811
74,4613
3140,4998
3730,2788
4353,4900
1104,2774
3020,4735
910,2784
3771,2818
2130,4926
4237,4917
4486,1843
4258,2800
3088,80
3036,4849
3158,2776
2640,4778
626,4770
288,4751
2274,4885
958,4861
749,283
1346,3885
1365,49
4574,2829
4287,4970
1529,4752
1032,34
3161,50
2522,4253
1507,4885
2436,4720
4397,4817
2063,284
3981,4902
507,68
1063,2867
256,4998
2081,4266
1353,4248
1231,2789
1267,2772
2404,62
470,4832
1063,4873
3068,5
3303,4917
3638,4728
2306,8
3185,4797
3496,4896
636,4873
1650,4251
3713,15
4189,3886
4667,4828
209,4913
592,12
1209,4778
3197,145
1358,2827
730,4687
3986,4251
4552,4820
1869,4679
1103,2813
1119,4994
1519,4914
4000,4777
1466,4266
4359,5064
2871,7
3761,1841
4098,2855
1114,4760
1276,4799
3043,12
3243,4670
2946,4680
3055,4958
2518,1818
487,4934
964,80
152,5016
148,1833
3043,1843
1819,1726
5056,5064
20,4909
790,4771
826,4952
4927,2812
499,4956
2026,4753
152,2779
311,2786
3467,4929
5078,4733
3903,1849
3592,2865
2361,21
4470,1834
3743,2794
1699,34
1483,4778
2975,1842
2467,1847
258,5000
3446,47
2630,5077
4632,4729
922,11
2660,4803
3763,4790
2138,80
4639,4675
1689,1731
3378,4734
2406,2810
2044,4787
2328,1748
2018,113
3766,4671
1005,4888
897,4730
3798,5004
3204,3886
3948,4787
4586,4248
1710,1818
5033,4990
2352,2837
4362,84
2662,4613
252,2840
2693,42
1458,4697
2311,45
2336,145
2058,4718
1380,4921
2712,1816
4702,3877
4841,5
2192,4883
3655,285
1169,5019
4636,4691
1501,4688
698,4952
561,133
1858,4902
3068,1841
3448,4691
1090,4850
2523,56
4502,12
1151,4634
2285,4987
2624,4848
1430,4882
2268,3886
1901,114
1244,2785
1035,4856
3452,4250
411,4797
4207,4817
1576,4729
494,124
1371,4993
1949,284
3333,4676
3372,2765
122,285
3005,4884
3037,1834
2640,1832
1071,2785
1367,4969
3800,1816
1631,4248
4853,4682
1229,4936
90,4849
14,4963
4302,3913
3746,4955
1975,3879
282,2841
4643,4773
562,5069
2397,60
2424,3912
3130,5077
3159,3882
3776,4857
1930,2768
4162,2782
3338,4979
3486,1730
772,4731
4454,4921
4519,1726
631,4768
4433,2811
1583,2671
4463,2833
163,4760
5022,4684
4796,2846
1291,4894
824,124
4368,4894
446,4674
4156,5001
25,7
3160,2820
4000,4934
3067,80
4576,5073
1428,2857
3805,4953
2443,4786
5078,2847
4115,4862
78,60
3162,1845
1784,4978
511,4850
991,2810
3015,4857
609,1732
481,2831
4537,4955
3002,2829
2440,4944
4085,3884
2315,2803
4240,4903
2615,4830
3637,15
780,4737
2115,2818
424,55
442,1850
1649,4998
4431,4789
783,2847
3861,1725
3768,4783
3951,4956
690,2768
10,4782
4161,4670
4837,2787
5022,4251
3144,5070
2548,4791
1990,4902
3989,4251
1418,115
1176,4697
2244,2860
4470,2787
4610,16
107,4784
2673,2867
780,65
4468,4940
2989,4739
245,2838
3251,4816
1273,2822
1233,65
1747,4780
1350,1816
236,4766
3402,2784
4097,4820
923,4957
2400,124
1219,2671
2924,4770
3142,50
2557,5063
4980,2808
3492,5
239,4734
3840,4877
1114,4831
3764,1735
3676,2767
3150,4693
4466,2773
2101,2855
3802,4819
4560,80
4079,4824
2739,2867
4235,2818
2380,4761
1801,4905
246,69
1518,3885
3958,2832
167,4819
2749,4832
4156,52
3404,2865
2793,2788
212,4997
4502,4672
2985,4793
2635,1837
358,2820
3449,4253
2908,145
3478,1837
3596,64
1960,4788
4637,4855
1251,4902
4626,4818
2610,2846
2723,4772
1125,131
1042,4778
4039,131
1048,4883
1966,2865
2583,4926
4053,4885
2984,4248
4624,2768
1468,4669
482,1855
3510,2865
3568,2658
652,4979
2805,131
2511,8
5034,4891
2284,4689
2363,2782
4070,4908
537,4680
225,4962
3797,46
3442,4886
2363,1
1757,4829
4821,2784
1067,2789
4722,4883
168,2866
4740,4952
2335,4953
1153,4832
3023,3886
3244,4681
2606,2818
1010,4938
2521,3882
884,4951
2517,2773
2347,2824
3249,1834
1223,4251
4464,4734
2968,2853
1932,1843
435,4911
3144,4797
4649,4997
376,4746
431,4730
857,4951
1670,4819
4839,4693
3373,4674
3158,4920
4304,2847
3243,1855
4665,4792
1187,4885
471,1844
2320,4955
1184,69
4360,4818
3188,2835
400,4692
3747,4848
4279,3878
2589,2854
1296,4747
3775,2788
2119,2779
3746,4894
3401,4919
2316,4882
3699,4953
2529,41
946,1726
1294,1832
415,1857
119,4944
4205,4877
2243,4739
4136,4908
619,4830
4226,4786
3443,4890
4214,4654
2162,4890
5043,4738
1126,4994
4111,4904
2956,4894
3309,4850
4704,4265
399,1843
4201,115
1389,4885
2906,21
4543,4797
4016,2800
345,69
830,4788
4710,60
1974,4688
3085,2833
90,4968
3455,45
2343,4901
2418,4966
689,54
3361,5066
1979,1855
4441,4936
3898,4684
466,4695
356,4989
4622,2847
5054,4911
3704,2844
4471,4668
209,1725
4102,1729
3707,1849
2223,1731
122,4776
3259,4903
2716,52
1189,4250
1238,1735
5058,2787
838,2843
2710,2826
669,1818
4663,4793
913,50
2999,4753
219,2837
341,4987
2019,2784
994,63
347,4941
677,1742
4225,2835
3419,4990
3500,1725
4107,4720
5071,2811
4367,4729
2188,5069
4645,2860
1225,4904
4590,4824
3981,2843
924,2798
2903,2785
1667,2768
2423,5004
392,4891
861,1861
836,4958
2621,2822
3521,4931
855,2783
1480,2827
3526,4970
928,4908
4341,1726
2387,2789
802,4941
3059,1848
737,2854
1446,2843
820,49
3480,1834
3184,2765
1075,4907
1869,4770
1316,4902
1229,4803
2050,4799
4504,4668
1255,1
1221,113
1932,4947
3850,47
2203,2826
139,4635
216,4876
2541,4671
1210,4870
1576,47
1071,4748
3425,117
1061,4935
4306,4689
4371,1838
4434,4634
3558,4884
4114,1725
1625,4635
2386,4934
335,2824
238,4673
3249,5016
2642,8
1646,4916
4020,113
3054,5000
1631,4938
2231,4889
3151,2811
3304,4910
2436,4860
2934,4887
3256,1842
2254,1735
4371,4635
1777,4884
2338,4791
3499,5018
5006,1729
3891,4749
530,1726
1428,113
3599,1850
2301,4934
3776,4736
416,5018
4124,4791
2697,5000
2055,4920
2512,4264
3129,2822
1951,2776
492,2782
3222,4957
640,3912
3171,1848
4059,2785
4231,64
1054,2773
3974,4267
2932,4737
1345,4872
4005,4250
850,2856
3123,3882
1091,132
451,2789
1349,62
1159,4803
4455,4736
851,2835
367,4695
2756,5000
4381,4669
3022,132
3050,4880
924,4829
186,60
4137,5020
1781,4739
862,2795
621,2812
4352,133
4077,2847
3328,4861
2283,4998
2069,4896
1480,1
3676,4887
3536,285
2026,4780
2322,4681
438,4860
1880,4693
1656,9
3512,4862
281,4880
4826,2671
1703,4634
2948,2824
4559,3924
92,4727
901,4755
2229,3
3471,4779
2224,4251
4283,80
1170,4777
4342,1725
2020,2773
1329,1818
2527,2782
4709,4674
2657,4958
4262,68
2084,7
2624,52
2540,4249
3869,3883
1038,283
4413,4769
3460,2829
3502,4634
1237,4267
942,4692
844,2658
471,4773
2364,4817
4484,2854
2617,132
2519,3914
1180,4957
1134,69
1580,4753
191,1730
3475,13
3165,2767
2530,4654
2146,1831
2217,1837
5068,4994
4213,4885
2072,4785
127,4755
4465,318
263,2820
3043,1842
672,4741
3141,53
2336,4613
4374,4956
3672,5077
4315,284
3846,3886
3214,4790
3625,4877
1645,4748
647,4885
2591,4957
152,4872
4096,4730
340,80
573,62
3903,4723
2075,2811
4014,4690
1296,4676
2147,4917
4107,4669
1406,284
869,2671
4437,2768
3162,2858
302,4788
3240,4763
3473,2765
909,4938
24,1834
2212,4916
4538,4966
3928,4681
3477,4946
1882,4858
1672,1
3681,4784
1990,4938
2493,3882
2780,4937
92,1737
2429,4747
306,4720
2128,4815
1283,113
3282,318
1035,2796
1888,4731
3141,2847
1676,4781
3662,2809
155,3884
2651,4685
257,40
323,5020
430,4768
4948,4677
924,218
3838,4921
3707,2857
3388,51
484,3883
188,4901
2486,131
1064,4695
805,2827
1191,4684
1057,48
1026,2827
705,4936
793,2798
3063,2784
1115,4680
3143,2844
230,3881
2299,4789
98,2773
1676,12
1948,3881
1504,1816
4015,4939
2139,2855
301,1788
1407,1748
1147,4991
943,2803
18,1844
4138,4937
2067,4882
2185,4674
649,4963
4022,4762
615,5063
2201,1849
4432,4789
4594,4764
4119,4751
3230,4755
350,4857
901,4855
976,4920
1781,1831
1248,1725
3137,52
118,4692
2638,2866
5051,115
4151,3913
3341,4731
391,2803
4588,4799
4045,5000
1786,2800
1522,4820
4328,4815
348,4883
2734,4764
540,4735
2191,1816
4532,4886
1967,2658
44,2848
3611,4917
2560,4634
211,4688
2623,4918
81,4729
557,4680
4497,4634
1166,4995
4336,4760
1692,2841
1030,3886
3633,4754
3196,2776
4536,285
3639,4799
414,3
4023,2856
764,4918
4515,4926
4001,113
4056,2840
1472,4894
828,4858
2551,4818
2575,5018
1170,4938
1143,51
1858,7
582,4978
2706,4887
4347,4793
3086,4679
417,1851
3806,4904
1004,1817
3307,2816
4388,2768
1716,4768
1077,4799
3661,4997
308,2790
1551,1831
702,1726
4592,4911
2879,2809
3774,4913
2554,1862
468,4681
3429,4673
1212,5063
4100,1725
898,3615
2677,2838
4057,2808
2112,1848
3922,2820
3182,4858
2383,2866
2567,1841
4402,1726
2340,4958
1877,1848
2621,4966
1556,1837
3334,2857
2641,5074
3269,4938
910,1733
1312,3924
3045,2822
3450,1856
1333,4956
3737,4819
1902,4903
1541,4909
2876,4884
969,2782
541,1837
2228,38
609,5065
2488,2765
3476,4654
2501,4734
4047,4955
1268,4729
1424,1834
1376,2831
1470,5065
2649,4723
2899,4954
2294,2832
2147,1835
554,47
3167,4972
965,4788
0,2832
3495,4901
4364,1726
3401,68
3678,2812
4416,4265
3209,4926
1794,133
3445,3883
2365,4741
2280,4751
2334,4891
4381,2865
4281,4752
2807,16
3773,4850
3004,4682
3174,4778
4259,2837
1400,4857
4013,1862
1111,3886
1417,2827
1109,2783
3893,4830
4257,2812
2234,1834
4262,4940
3320,4747
4293,124
3624,4248
4551,2784
4293,4773
3545,4849
3183,4994
74,42
3470,4784
1351,5004
4210,4750
4003,1835
4495,4691
5058,5
4053,1831
820,4251
714,4770
4247,4964
2276,4872
2437,4774
4209,2845
704,4819
1496,4688
4796,4739
4015,1729
1253,46
374,4910
126,4913
1272,2851
816,1849
3731,4887
2987,4824
3182,4727
4510,4696
1093,4674
2342,133
2545,15
3230,12
1941,4783
3128,1896
1712,4872
2802,113
4846,4909
2524,53
4664,4889
1036,4728
2408,4723
775,4690
4710,3
1560,4919
802,4249
3707,4936
3084,4694
3757,1836
3512,4872
1132,4801
1124,51
4758,4909
4554,4849
4012,2854
1277,2785
2622,62
1001,4818
3811,4935
3411,2817
177,4718
452,4766
1501,4741
91,4695
4051,2857
88,50
4500,1731
2578,4760
267,4733
1427,4687
271,4774
1458,2847
2067,1728
905,4953
862,13
2399,3883
401,4873
887,1788
3295,115
3577,4818
3962,284
484,4855
3705,4763
3080,5000
4292,1731
2692,4696
1450,4759
495,4784
2583,1848
2741,4889
1992,4963
2283,4689
4712,2764
703,115
4521,5077
1651,69
2572,4856
4096,2865
3569,2773
150,4914
602,66
2195,66
874,4897
1021,5070
2496,4890
4795,2798
3916,5069
3456,4793
995,2858
878,2840
1655,4931
3738,318
4569,1851
220,4897
2470,218
3871,2858
665,60
730,4793
1414,2867
2476,53
1266,2764
790,4888
1268,1856
4580,48
2592,11
108,4996
2036,4892
3828,1832
1555,1856
1980,2829
2240,4739
2669,4683
2905,4938
3421,4860
1706,4862
567,5002
825,4754
3391,5075
787,4935
1083,2796
1743,1834
4474,4937
3622,4771
4583,4979
4844,2847
2441,4759
4607,4952
3304,1725
924,4879
896,4734
4194,4997
1566,4824
2964,2779
1463,2809
725,1837
3911,4675
4145,1862
352,2837
136,4887
4457,2862
2563,4266
2949,4696
4409,2855
2863,4998
3142,4729
3270,4674
2077,4877
4532,4776
291,80
3365,5019
1984,1731
1986,2833
2977,21
2746,2840
3711,4765
4184,4818
668,4733
3472,4670
4413,52
1739,4739
2963,4750
1984,2796
2374,4675
2638,4876
1579,2849
4488,4936
2282,52
2678,4914
3891,5069
834,2831
1991,4951
366,1896
460,2773
3097,4747
2002,4729
970,4906
3956,1827
2472,4727
3487,2833
1268,1831
4530,2790
296,285
4021,5
2493,45
1483,5077
1465,4674
469,4683
322,2821
4224,2839
3164,4613
3451,1818
2780,4817
1316,4613
1022,4820
915,4785
3553,2798
3148,6
4629,285
2661,4755
1110,3912
2599,4886
900,319
2255,2768
3151,2810
1166,54
2806,4697
3270,4754
1225,4936
3060,1727
3810,4766
907,4681
3152,4674
2577,117
970,4248
924,1748
1542,2840
2747,2795
1189,64
3771,4905
4371,4747
1460,1817
3976,2786
2513,4970
1273,4728
486,1834
3966,4905
2427,4883
4842,2811
4576,4682
4140,4913
1320,4978
2507,4728
3758,4736
4071,4778
615,2781
4079,2800
1714,4779
3490,5073
3041,66
500,4954
1390,4831
2696,2765
1602,5000
1883,114
3232,4760
90,2851
1481,124
2338,1728
445,4748
3773,4952
4343,3884
3658,4677
3971,4803
685,2809
4012,4743
3974,5066
3105,13
627,2811
2614,4908
4500,4671
1459,1816
1315,114
2912,1861
2981,218
3659,4251
10,4919
1080,4747
945,4654
2634,4771
1364,2865
3598,4828
4230,5074
4586,4816
4334,4909
2797,4752
2913,3878
3131,69
3841,4862
898,1818
4422,4686
3366,4932
1235,3615
5036,5070
2129,2825
3774,34
1452,4902
4367,3882
3028,4800
2971,4915
4644,4816
3919,4861
1668,4931
2947,4829
362,2844
3550,45
1473,4916
3601,5073
3334,132
2323,50
1113,4670
1933,2840
1907,4752
1013,1729
170,45
1982,4759
565,2658
4123,4678
1487,4993
1178,4671
4310,4932
3247,4956
4441,5019
4064,3877
3436,5073
1152,2821
2555,2795
3448,4969
950,4739
2183,4992
2975,3881
594,2799
4335,4789
833,133
310,4765
4274,4978
920,4801
179,55
890,4870
4406,4670
3668,4749
3779,4738
2381,4718
3592,3915
4482,117
3297,1841
3402,4857
3301,1817
649,2768
4146,38
1481,4734
2758,2864
1706,124
2689,2783
672,2849
4514,4944
3417,2813
1382,4979
4863,2856
3170,4946
1596,4688
2692,4850
1555,113
3232,4946
2698,4748
3903,1851
1891,9
2277,1857
4804,4989
2475,5002
1591,2846
4130,4956
2094,4688
3343,1845
197,4952
2177,4815
2089,4266
996,48
2663,4720
3490,4994
2309,1857
3032,4683
4389,4919
2620,4946
1180,1842
2163,4786
1066,3877
2393,132
1434,4791
3049,4789
637,2825
657,1725
2318,4909
788,4998
3300,2808
507,2783
3718,2767
1475,4932
2408,4793
354,2800
2919,1856
3649,4790
2771,2822
1023,3881
3076,1861
2698,5069
3005,4831
4409,6
120,4750
3548,4962
2538,4763
1061,4763
3834,4743
1110,60
3401,56
76,2845
3651,4935
865,4737
4854,4892
870,3913
1040,5002
1515,4776
3482,2845
3968,1816
1304,4730
2542,4685
925,1835
1085,4693
4585,4849
2550,2812
4525,3914
3719,4887
1288,2831
2911,2781
3854,4735
2182,4989
1262,1843
4620,1817
4045,4773
3978,5016
2710,4996
1761,2867
1986,4876
919,4993
2238,4772
518,5004
4628,2866
2080,4855
3692,1731
532,1837
4016,4266
3241,117
4629,2812
136,2784
2105,1843
868,5070
4130,4801
3781,1817
2100,5063
1884,4687
873,4779
1267,2851
1946,4679
4514,2788
3732,4730
3323,1850
1058,4774
1628,4676
4480,4986
2741,4820
2363,84
5060,1839
3943,5016
2705,1729
3378,4944
481,3878
3567,5065
2873,4789
1100,4906
2748,4761
3633,4753
5058,4753
3938,1850
4405,2799
3478,55
3132,4727
1011,68
503,4791
2231,4770
1191,4818
950,5001
1466,1860
724,2867
3623,4988
200,283
4290,132
2496,2818
1400,3882
1923,4901
3193,2826
3292,132
858,320
3242,1843
977,4862
2904,1838
647,1726
2514,1734
1621,2789
3032,55
3085,4830
2726,3505
234,1827
4845,4736
717,12
817,4883
2272,1728
4099,4675
604,4861
3705,2821
2906,285
2986,4877
976,4919
4226,4780
935,42
3001,4783
396,4759
4925,2831
1676,4803
3688,2788
1658,4690
149,4750
3236,4668
2474,16
1499,4857
1908,4897
1637,3885
3448,4900
3662,6
501,2847
4339,3
4366,4992
824,12
199,124
3312,4782
2314,4788
602,1834
3777,4670
3425,4993
336,4890
1701,4694
2505,4730
4811,7
4480,4936
2073,4817
684,4635
701,4755
2598,3880
3474,5070
2977,4718
1424,4791
1623,52
1741,4902
2244,54
238,4910
1880,4929
4059,5000
140,1833
1202,2839
156,4818
3264,4789
546,4877
2129,131
1938,5075
2166,8
4080,1850
4392,4775
2267,2783
697,4776
1194,4886
4081,2671
1464,1833
2006,4953
158,4718
975,1827
3371,2816
4973,4775
549,218
3420,4654
404,2867
4241,4951
5017,4904
4300,5020
3282,4683
2106,4780
3746,4989
103,53
187,4820
3561,4961
3386,2817
2514,4994
3255,4764
1665,5018
4353,4784
2538,4909
1577,4904
3035,4729
129,5065
1643,4718
365,4765
2275,4829
1557,2865
2170,4743
2316,4732
313,2774
1491,2785
1537,4990
2033,4997
556,1844
2375,2816
2667,49
2674,2787
785,4787
4130,4692
4365,4677
719,3915
1672,4946
384,2783
3340,2782
2401,4992
1118,1837
3164,3877
928,4832
1936,2768
3704,4743
1336,2768
95,5073
705,4901
1221,4890
102,4694
1744,4793
276,5
363,2765
3873,4770
2900,4634
2238,4993
1942,1817
326,1729
4080,1832
3026,133
4191,4997
2982,5077
3265,4690
2089,4829
2221,4786
1962,1844
3972,2776
544,4766
2171,4994
2561,4894
2336,4797
2106,4815
2358,4692
467,1842
2802,4896
2271,4934
342,2840
4391,1851
4973,4761
3625,5077
3807,3886
4368,4669
2769,62
3845,4755
684,1855
2155,53
19,4736
4842,4858
889,2787
299,2841
3093,3879
388,2781
2653,4998
836,4970
1297,4690
2911,3881
3606,283
2025,4265
2425,4940
2757,4787
2498,4941
4716,318
2258,4970
2744,3924
478,4673
3830,1730
3113,2779
4169,4993
4066,4681
3669,4738
4498,1732
85,9
864,62
2978,4901
1147,131
4187,64
3457,1845
1181,5074
2205,4787
1900,3885
2975,4878
3348,4830
752,4897
4194,4768
5052,2671
1268,4988
4840,4669
37,4768
2435,4678
2656,41
4588,2832
819,13
3458,4849
1247,4765
967,5077
2585,4683
583,2799
3850,3882
3925,4736
2209,1847
1951,4762
2030,4940
657,4739
1564,4909
750,2857
1391,2853
3195,4892
2078,4769
2650,4910
710,4902
1672,4737
1383,283
5044,53
1065,4917
4552,53
2692,4687
1550,4891
2667,5018
2100,2812
1601,38
2353,4249
1757,4750
3171,4679
4627,116
2630,16
2087,4937
4291,4761
1936,2846
4551,4774
4724,4994
3905,4654
30,5064
1309,64
3776,4946
110,4955
933,4686
210,48
2166,4989
102,4880
601,132
4077,4718
2055,2855
1364,3915
2076,116
1749,2847
2442,1728
1642,4790
226,4900
5010,4791
4186,2776
773,3615
4120,4733
2390,4770
1410,4777
790,2829
2446,4720
4948,4962
3836,4970
3963,4690
3783,4781
4557,4760
2358,2671
668,5000
2075,2833
856,5069
3745,51
1923,4989
412,4909
363,4815
1653,5004
4398,5000
1251,4251
3474,2839
2500,4904
1721,4690
1582,3879
929,2831
2758,5019
243,2849
532,2798
1820,2789
3335,4878
2896,4683
334,4691
624,318
1093,4742
1592,4688
4115,2855
3045,2764
3957,4990
3556,2765
1601,4937
3765,4848
4394,2849
3701,1733
1605,4993
3958,4788
2881,2774
4874,4746
871,1857
4412,2781
1883,117
1646,2855
5010,2779
3545,4972
1611,4832
2319,4776
684,318
293,2811
400,4979
3895,4883
4350,4815
4648,4909
2049,4951
1749,2849
2270,4680
5023,4987
4206,4896
3755,4920
3689,4774
256,2786
4822,2816
1722,1842
4895,4779
1387,2865
2142,1850
2477,4749
280,5063
3842,4873
3257,5074
4306,1733
3867,4915
4173,4688
4927,4817
3616,2832
3619,4691
5050,3882
575,4803
757,2796
2310,3877
1407,4907
3002,4782
477,5001
1108,4831
4629,4264
3529,4791
229,4697
2654,4938
1119,4696
1031,2794
915,4877
2001,4730
878,4995
4415,4926
2987,4754
4169,2841
1824,2785
3435,2832
1451,3915
1534,4917
5026,1833
3647,2853
1487,4992
1979,2835
2420,4768
4581,4755
2138,2824
1646,4250
3592,4903
3378,114
2531,7
3851,4690
4047,4979
152,1846
432,2866
3988,113
3492,1856
2707,8
4271,1861
3699,84
3842,4678
2975,3880
3006,1728
4945,4896
1193,4873
1953,113
2547,2779
550,4675
3463,4964
71,4772
4017,4930
960,4671
1589,4912
1600,4828
4508,4784
4438,2821
690,4890
4726,4819
1876,320
2209,4879
4628,9
219,4267
1314,1849
1234,4882
2605,4894
2805,2772
2466,4669
2049,4675
4034,4860
4449,4748
4018,4962
3647,2788
2531,4820
1329,2851
3296,4901
4656,4889
2065,132
3249,4964
2223,4728
2303,4676
2383,116
3707,4786
4501,4919
22,12
514,2794
4381,4940
2721,4934
1532,4987
533,4819
4839,5065
2262,52
3466,4990
4138,1841
3700,4674
2274,1832
3984,2785
1260,1732
2861,4829
4150,2854
4615,60
4150,4682
3085,1727
339,4990
216,4937
1677,65
3765,2671
3334,4743
3890,4972
4467,4764
992,4249
3775,1840
152,4730
919,2818
23,3913
3821,2822
4225,4680
2873,4891
1942,4989
4594,4905
2587,4680
683,4883
2155,4907
4945,4668
1244,2812
970,4691
3816,1833
3341,4870
258,4727
1973,5066
1930,1851
1605,1
2988,2844
3004,4742
163,4910
1000,132
5011,1896
990,5019
167,4878
1968,4785
2381,4929
3050,4775
3646,4265
4236,3879
490,4908
3300,4891
4194,4938
3818,4879
858,2783
3020,5075
2752,4720
3327,4729
3350,1835
2577,4912
2094,11
57,2800
2432,4635
2986,4779
3817,2785
3205,3877
3041,4694
3050,2823
2385,5002
1913,4996
4384,4952
3182,4697
1910,16
504,4847
3943,1849
812,2853
224,70
5030,4926
640,4677
4874,4801
414,3877
917,4742
4716,5020
1444,52
4157,5
2186,4956
4532,4880
4261,4932
3982,3882
4099,4995
3019,2824
3283,4679
2881,4635
2174,55
535,4264
1165,2832
2186,4911
155,4935
1166,4993
3416,2808
4863,4908
3238,4888
2418,2857
1049,2831
3063,1
3534,4905
1535,2837
4143,4250
2661,5064
2520,3881
2171,4763
3528,2839
3203,4800
3554,4788
2958,6
1077,318
2462,3505
4974,2810
1610,2811
2585,52
3149,4671
3632,4941
4262,4944
1984,4929
3541,4832
794,4791
896,46
1716,4770
1434,2838
1900,4876
2258,2821
3650,4961
340,4736
1284,15
741,52
1505,5075
158,2794
3655,4671
2454,4797
1196,4816
3978,1847
538,4784
3697,3505
3989,4248
3438,4904
3460,4682
4471,2864
4441,49
3799,4746
1697,4816
584,320
1368,2789
670,2781
1222,4894
3582,4683
875,4891
2160,4692
553,4914
1102,4937
4922,1837
5011,3880
3496,4877
4232,1847
3233,3884
3701,4736
933,4775
181,4994
2906,60
2586,4732
240,4828
3862,2867
3109,2809
33,1832
1041,4857
2457,2772
3386,4778
2724,4917
4807,61
2987,2835
3852,5064
2188,4730
1871,4938
2369,15
3015,3882
1866,2784
2751,1726
991,2773
564,4654
4796,1860
3219,60
1540,2822
4560,5002
526,62
207,4693
1609,4963
943,4988
1994,4728
3223,4910
2155,1816
4256,5000
1169,2788
1229,320
832,4732
2273,1845
4095,2813
2122,4939
1298,4780
5021,3880
4213,4635
1694,3877
3155,4778
4502,4769
1246,4249
3445,5004
1632,2816
2352,4752
743,4911
2903,4906
4012,1844
2337,4695
2616,4934
853,4929
1290,38
2699,3615
4451,2858
1268,4779
763,1840
3795,1731
194,2841
838,1848
2404,4920
493,1833
500,4978
5068,4759
448,4829
3340,284
4999,4777
4002,1735
2861,4770
4546,4882
2536,4896
3449,6
1613,4901
3388,4776
1570,64
1519,4870
2573,284
2654,4668
3340,2783
1083,3883
130,4921
3782,4731
1870,2787
2595,2810
4056,4897
4806,4753
4288,2811
4177,4742
25,145
678,4934
1820,4951
2628,4689
3181,4731
2076,4904
4192,4799
3764,2821
2242,4775
481,4789
2504,4769
3783,2790
330,2829
3780,4878
2106,2786
4834,320
2204,4993
4224,4991
3926,70
3960,4971
4665,60
4172,1896
183,4723
4515,15
4854,2786
1814,1837
2590,2787
3624,3915
3116,4902
1282,4266
2341,4782
1463,4739
492,4831
1005,2866
87,2767
2229,3877
4256,4964
2043,4990
1600,1860
4430,41
1074,3883
1400,1896
1245,2866
1261,1837
3409,5075
2726,3878
509,4680
3042,4947
3893,4988
2156,2860
3301,56
1819,13
1632,4817
3034,4904
2983,4735
954,2833
880,4953
787,4855
772,4831
4629,1836
2938,4755
1654,67
3982,1788
3329,4917
3989,4761
4130,2867
2193,4903
1712,2846
3441,318
4081,1729
222,4683
2778,4670
644,131
2482,4265
1115,4613
4083,4685
591,132
5056,4253
3671,4903
2588,4856
2062,3914
3788,4673
3525,4965
1999,34
429,4953
322,4907
4361,2812
861,4747
716,4920
3802,4901
1493,1727
4925,1816
1301,6
2409,4677
3202,4696
1794,4686
4827,2812
3455,4670
3388,4979
1504,4917
3421,285
607,4946
4582,4934
446,1839
235,66
4337,4820
2581,4862
3825,67
2245,283
4205,4971
2478,4886
1048,4978
1228,4768
3210,4720
94,4905
4973,4891
3767,4916
538,2853
1001,4894
3015,4880
297,1855
413,2831
3444,2779
594,4682
5053,145
3750,5065
2544,1732
645,38
360,4683
4147,218
4825,1734
412,2787
424,4691
1110,4743
2384,1748
294,2811
4812,4784
4280,4747
3812,4926
2872,1737
3997,4689
2948,4682
208,4937
2311,4748
1107,1831
4719,5077
1592,4880
2042,2774
4027,4915
2982,4884
2498,1849
3124,4690
252,1850
3402,4803
1624,2794
926,4877
3648,4759
1271,51
4303,4909
1250,4732
200,5004
2804,4920
1162,4902
1666,2785
1952,2764
3745,50
902,2841
553,2814
111,2866
3623,49
1966,4873
3395,4730
312,4789
1805,4789
4611,2843
2675,117
4809,4634
907,4683
4089,4965
1518,4889
624,2658
1252,4782
882,4730
4056,4815
4621,4987
4812,3615
2150,4962
3871,34
1040,4847
1263,4979
250,4781
785,4718
1372,2835
817,1839
2533,4742
3807,4900
4023,2774
4334,4850
323,4884
3757,4773
2058,1817
2621,2837
3926,4915
4572,3886
2015,1730
1155,80
631,4731
4258,4847
3591,5000
1100,4995
3049,1831
1664,64
1619,4892
1927,4885
3851,2782
841,1845
1609,4680
3069,3924
524,4697
944,4957
427,4995
726,4947
408,1838
3472,21
3377,4762
3793,13
1494,2858
4412,115
1204,4880
2643,1896
544,4988
3253,2799
987,5070
1318,4998
4105,4776
1249,4912
1266,2798
3524,4718
665,4903
250,1832
3235,4735
1059,4914
3328,4848
826,11
5022,133
4174,4777
2191,2831
316,4900
1700,4755
943,4916
2537,4738
2446,4850
3876,132
1522,4986
2916,4685
3917,1734
2680,4995
4014,2764
4593,54
3162,2855
2604,61
1738,4951
1885,4996
1533,4911
2432,4737
516,4998
3908,132
118,4687
2542,2811
3969,8
2218,2773
3712,4862
1663,4693
4652,1737
190,4941
3714,2768
1907,4754
2621,2855
4823,2832
2930,4876
4324,4755
1706,2826
3409,84
4151,2825
315,4909
1458,4816
3270,2787
2028,4786
140,4683
730,2768
418,4792
3534,2856
1417,4908
78,4732
445,4764
1720,5000
3341,2786
5080,124
1717,1851
3264,4654
3487,1742
3060,3615
1320,4736
1174,4752
125,2827
216,131
2453,2776
3022,4918
2025,4763
2331,5077
1547,1727
1699,2826
3078,4992
2302,4669
1044,4926
1972,42
3744,4747
3719,2821
466,1734
2234,4990
1287,4785
2902,4939
2242,4847
2027,4920
2499,4753
502,4832
2422,2773
646,1833
1231,4952
4465,2857
2556,1841
4413,4989
4621,4878
4602,4672
1826,4670
1290,2764
4567,4937
671,4940
3851,4884
3357,4900
3087,4901
4108,4918
3929,11
3800,2855
1428,4792
2332,285
3251,1735
3800,4784
2308,5070
4274,4785
1528,4847
4422,2846
2516,4860
1222,4930
3801,65
5024,68
2483,4887
2378,4861
3748,1844
1378,5019
200,4634
1298,2817
2487,4754
143,4890
834,2800
2791,2810
5040,68
3426,4670
3042,5002
1049,4890
2157,50
1037,3913
4722,4936
1188,4820
1232,46
3803,3
2354,4779
3682,38
3963,4897
5076,4694
347,4731
745,283
4825,4946
3300,15
2511,3914
4115,4965
2352,1729
1275,113
3572,5020
1464,2786
1780,4937
1471,4963
3775,62
3289,4693
2167,5019
1346,4964
4315,4694
2437,4892
2076,4966
4391,4693
4186,65
4073,4783
697,4754
1568,4723
4719,1845
2421,4738
762,2787
4925,1856
3952,4892
1976,2809
4167,4958
4651,4961
28,4769
2170,1732
4376,4929
2727,4939
3995,4991
654,2786
2730,2844
4407,50
5009,5000
872,4888
1309,4892
2514,4877
2979,4886
3446,2764
569,4888
3545,1861
4854,4783
5057,2829
2096,1726
682,4690
2286,2843
1570,4685
521,4688
4565,4773
3720,4817
1020,4953
4229,4797
3025,2767
2994,42
1932,4769
846,4880
773,4688
464,4675
4143,3914
1177,4736
2353,3
2709,2864
2904,4918
2136,4885
1449,1831
1340,2866
3086,284
4547,66
1247,4264
3625,46
3318,4674
4453,4966
455,4955
675,65
3029,4738
3347,4248
3791,4267
72,4786
3392,4735
1453,1896
187,1835
290,4728
2622,4883
5021,4751
1778,11
2697,1856
1812,4857
455,320
710,4253
4840,1730
4121,4760
1937,1844
4796,2799
3576,66
4616,4635
4200,2864
3610,47
3929,4765
1207,133
3191,42
28,4791
2193,4862
1517,4677
929,5070
1147,1740
1810,1862
457,4862
4382,4816
3231,4962
2150,4955
4423,4939
1399,1732
1781,4921
3705,2827
1296,1733
182,4770
2286,2853
3194,5070
2373,3878
1277,50
806,4818
2893,47
800,1856
3531,4768
3335,1860
5054,4682
3841,51
3383,2854
1209,1833
4134,2864
560,1861
679,2785
3200,84
2060,45
4556,4768
4282,2784
654,3879
4846,4902
2955,4736
3708,2816
1079,4972
2690,4962
2539,4792
4642,2808
221,4965
2165,4909
2056,4783
4509,4998
1624,4990
2905,3883
3492,4777
4588,4686
2805,320
305,4829
3344,8
4120,2671
422,4921
2348,4900
4526,4751
2421,4676
4662,4765
4808,5064
4241,4762
481,2845
4364,3914
2644,2843
848,1836
1584,4817
74,4776
2909,2833
3468,4896
2168,2843
2040,5
3124,64
533,2851
3377,2837
3585,1896
1179,4862
2288,2772
1701,2774
1160,5020
4491,5016
2295,4941
2499,4731
4721,4964
981,4787
2047,4860
2494,1818
4112,69
807,2799
3816,4738
4590,2782
976,5000
2053,1817
1616,4789
1805,285
3713,1735
839,4828
2209,11
2289,2843
2606,4674
1178,4947
380,2764
3166,4929
3911,2837
4204,2849
3652,4882
767,4878
3887,4963
416,5075
3500,4870
603,1834
4061,4856
1312,4831
541,16
2140,2835
5067,48
3220,45
4246,2841
5008,4784
2385,4870
3074,1725
5007,4994
4092,4831
785,1734
2736,2846
282,4919
3159,40
1299,4964
1633,4932
3340,2776
4122,3912
2432,3915
2529,4947
3752,4753
2575,4901
3132,4774
4604,2790
837,4734
732,4818
2019,4739
2628,4690
1369,4889
300,4678
1885,4747
1313,4849
4117,4735
1485,4680
1783,4769
1493,80
2255,4819
3224,2849
1266,1726
1035,4793
550,4891
1266,2856
3387,41
651,4935
109,1847
1716,2860
3026,131
3928,3505
1516,1850
3232,4909
713,2825
4221,4961
3363,3913
238,64
4703,4738
3902,4979
1635,4250
1645,63
3633,2831
4745,2823
743,2787
380,145
1058,5001
2589,3913
1208,4816
2468,4817
1466,4668
1982,3880
271,4929
4664,133
792,4994
3346,2844
2189,2835
3472,4788
389,4929
4353,4736
1918,2864
3215,2864
4536,4768
1079,4690
1428,4720
731,4800
201,4992
2491,4916
184,4786
4165,4944
2484,56
1320,54
4193,4914
4320,4774
1005,4828
3106,55
3713,69
2299,11
1441,60
1465,2786
3082,1728
3570,8
1969,4944
301,2773
653,4886
2168,40
4471,4747
2408,1835
1193,1846
166,4896
1771,4829
2632,4947
2954,3886
3132,4788
1347,2825
857,4916
4545,2855
4447,4739
4178,3912
571,4265
449,3924
4652,8
367,4780
3565,4994
3236,1733
1247,4878
4984,3877
5038,4824
3709,4970
1666,42
2432,2833
3089,5077
5060,4250
3107,2790
4865,4679
3493,1833
3726,1849
2257,65
4193,4849
3232,2833
2165,2814
783,4971
2698,2767
1438,49
4080,4718
3858,2782
3130,4902
3473,70
4073,4993
4103,4634
257,4727
4228,3880
2094,5016
4588,4979
4186,2824
3757,4786
3222,4935
1578,2784
3041,4765
4823,4742
1128,4741
421,4797
2150,4691
3600,2858
3722,4932
2483,4957
654,4894
3322,2784
4575,4996
263,56
3203,11
2965,2818
3044,5073
4999,69
3491,4915
2492,2862
631,2849
3890,2783
1940,4850
1306,2822
1909,4824
1585,4914
1658,4952
547,66
2899,4873
3764,4941
1538,5001
1648,4735
4197,70
2428,5002
292,1733
3503,2847
4356,4784
3871,4748
818,1831
755,4738
607,4781
4633,3886
1236,4937
557,4894
4315,4735
2611,4736
926,4978
2463,4736
2063,4816
926,4248
2716,6
3150,4918
4083,1788
1190,60
406,4753
3309,4900
1049,38
3124,2846
2926,4929
4049,4792
4169,113
963,48
1086,4900
400,12
686,4971
201,2779
4409,4670
1066,4817
1447,5019
2178,2837
1216,4691
4555,67
3180,4774
3614,1832
4022,4691
1935,4733
3169,4870
2343,5
3835,2789
2404,53
1653,4780
4050,2814
1132,9
2407,40
3217,5075
1181,2866
4421,2827
152,2833
4306,2840
1253,113
623,2846
3569,1844
2952,4830
1651,34
334,4800
521,3877
3795,4884
3652,4747
1547,4964
2131,2810
981,4253
3405,4763
2048,4753
4085,2858
579,1862
3512,2785
591,4915
996,4831
1149,4752
4724,4784
3653,1726
760,1843
791,4694
4569,2867
2560,2867
2884,5070
3384,4953
374,4777
1243,4266
3946,2779
4270,2773
1104,5075
3000,2795
3093,1836
142,2818
4363,4966
3185,1851
3555,15
4082,4685
1329,3912
4864,2773
461,2786
3714,2844
1390,4894
1681,1831
3316,4739
3027,1850
2288,4963
1997,4772
4606,8
3917,1733
2546,4762
3863,1725
927,1837
4022,4786
1366,4733
2870,4678
4343,65
2412,4778
3996,4780
2305,4894
2070,5077
4006,5
1654,2851
2380,4995
2071,4862
1499,1
573,4946
4320,2844
2828,5019
821,53
1975,4790
1033,3881
4605,65
2100,284
30,3615
306,2803
59,4677
1509,4897
408,3915
3918,4904
2300,4742
875,4816
3888,4939
2197,4687
937,4820
3669,2779
223,2799
808,1844
2338,4886
462,21
236,4816
3874,4952
1165,2794
2660,42
2396,2812
2123,2844
3764,4897
3761,1844
4404,4873
4299,4987
1026,4911
1375,4735
2520,84
2475,4688
3195,4733
3098,117
1969,4680
902,4679
2210,4946
4045,4686
272,4668
2948,4941
2210,45
1035,4801
3751,2768
723,4739
560,4911
4581,2817
3900,4684
341,4909
3926,2784
1716,48
1942,4675
4396,4674
1285,4873
2292,4748
3123,4732
4169,1857
1398,4694
1088,1837
2129,84
180,4970
3058,4880
1997,4903
2377,2814
1533,1837
271,4872
666,4752
469,1836
2711,7
1221,4739
3531,4743
3857,3877
3046,2820
3297,4803
4013,4749
2623,4654
2736,4994
334,4781
542,4683
2188,4978
1216,48
4659,2816
2659,4890
1654,2783
2681,4918
3452,4819
2075,4989
3562,3505
773,70
4394,4909
2576,40
3428,4654
3442,7
2699,4762
3276,3615
2705,4908
199,42
2236,3884
850,52
2178,4772
2712,4970
3629,2774
661,4692
641,1827
24,4765
1053,5074
732,48
2599,5063
3834,2827
814,1856
1965,4733
2431,1844
183,1837
920,2837
3394,68
4133,4680
1955,67
381,5000
241,4775
2222,4690
2404,4689
740,4817
1573,4920
2027,4905
2290,1735
610,64
4708,4887
3570,4787
2039,2831
852,5
4542,4978
2149,4253
3299,46
815,3505
1367,4964
3634,4751
3602,2671
2021,4786
4639,4783
2435,1788
2471,1808
1333,4901
3574,2827
1522,4673
4129,4917
4534,4763
43,2658
3207,4679
3409,4884
843,4669
3134,4861
2926,47
1345,4937
3359,4951
3563,4792
2777,4872
2599,4759
3151,5018
4269,4972
3938,1862
3773,4747
1614,4763
314,40
3594,2849
2358,2827
3144,4742
3933,5018
2336,2786
246,3615
3344,4818
3938,4797
3209,4993
3536,4799
2453,2811
1772,320
1491,4932
3734,2767
1281,145
3571,1733
818,3505
4466,113
1025,5075
138,4987
2005,1862
2087,4861
3010,4954
4570,4635
246,4695
129,3885
4475,114
394,4688
3620,1841
3605,4682
1789,4685
2369,4969
2077,4770
4595,4939
4098,1808
4260,1831
4359,4693
4259,2774
4647,4731
946,4635
2742,4752
1785,2796
515,2846
5039,2827
3148,1726
4569,2773
2481,4750
1241,4918
244,2779
2145,65
543,4892
4076,34
3630,4892
1389,4908
4556,4769
4560,1740
2372,1896
73,4879
2910,3886
4415,4819
416,1848
4226,2827
4065,2833
2748,131
1447,4737
1981,4947
376,145
2586,34
473,2785
2902,38
181,4913
1542,2810
1456,5073
4126,1833
5036,3884
2328,4762
1604,4878
3234,4906
2511,4801
3455,4791
4442,4996
958,2846
1171,4970
4594,4939
3416,1845
1906,2794
1920,1729
3193,4919
2948,4992
2669,11
3002,2840
385,2810
4296,4801
2200,38
1363,3505
4446,4951
3019,4732
4396,4741
449,2823
3181,4777
1244,1850
553,115
4708,4253
2011,2776
2741,2774
3846,2849
4637,42
3599,65
1285,4832
339,2827
4042,4969
308,80
4037,1731
618,4264
4588,4872
1237,2767
2284,4686
1197,2840
1550,16
1177,4850
1210,4762
1102,4953
5040,4766
3557,4850
3142,4768
4839,5004
2136,283
4321,2798
1183,4781
653,4754
4151,4847
1914,113
3041,1788
2394,4743
394,4919
5007,1732
1684,4998
2400,2788
3955,11
2154,1833
3783,4265
2906,12
464,3877
2226,4940
2243,3884
818,4770
1775,4916
1245,4937
4090,2774
2331,1849
4341,4675
1269,4900
289,1843
3646,4921
4104,4772
697,3882
1271,4849
3286,1841
482,4926
1885,4746
3916,132
2373,1850
1594,1732
4542,70
3187,4264
2652,4901
4208,4689
453,4683
1576,1740
2444,1837
1770,4902
244,4830
2732,50
2908,4686
3539,4919
2226,117
544,1896
1947,4732
1773,1845
3435,4742
3291,4672
3693,1836
2698,113
3776,4793
275,2810
2350,50
4812,6
2588,4264
1693,4971
1802,4690
3754,2840
1129,4990
1601,41
224,131
1930,2787
4598,4884
3893,4986
4385,4697
2731,8
4329,2837
3673,69
3737,4787
4272,8
1314,4830
1189,4792
4140,4824
2662,2814
1979,4816
4567,67
1279,55
2368,4799
3758,1742
3947,4763
1037,4265
3787,4914
2597,4957
3498,2827
914,4748
1194,4676
749,2787
3361,5069
3863,2813
3290,4803
2203,2867
2575,4906
3843,4926
538,2658
1197,145
3871,2838
452,4729
397,4264
2250,4897
1124,2787
843,4917
1473,4766
3562,4803
756,4878
1174,131
3671,51
1892,42
3496,4760
3738,4885
4072,1837
2180,5074
1311,46
734,4777
708,113
2577,2847
1706,1848
647,4926
374,4861
4396,2800
2043,63
3158,2849
4483,4689
4821,5074
4628,1837
4221,4978
2926,4903
4024,218
2536,9
1622,4936
2077,4760
4158,51
1426,4820
3797,4883
1583,2764
658,4736
2333,2782
3790,4978
2742,4686
1227,4992
3752,1833
1367,218
2031,51
2578,2824
2683,4735
3099,60
4446,1831
3301,40
2028,4936
2296,3881
2589,124
3027,9
5056,2862
3975,1842
4256,2854
3050,4248
1492,2844
1331,4879
2807,2764
3857,1837
184,2838
2473,2789
4982,2783
1973,2867
4205,4781
1812,4803
2044,1834
1381,1740
343,4886
1663,16
4481,2820
1021,3883
1993,124
1532,1896
1396,4797
3277,4777
1552,45
1195,4877
2253,4790
2271,4993
221,4732
813,4888
4511,4777
4303,116
4062,4916
3402,4944
2652,4873
4326,319
1002,4786
217,4890
2926,4934
3004,4847
1691,4913
3304,4883
1641,4734
3717,58
1824,4900
20,4998
2274,5004
4311,4998
2172,4876
1286,4749
1477,4771
1118,4987
4616,4771
4600,2856
2690,4765
713,4878
1581,4856
1828,1896
3147,1727
3506,4750
938,4774
2736,4872
3381,3912
2131,2862
3868,41
214,4978
4454,34
2943,117
2208,2781
4001,4971
4309,4856
2960,4966
1549,3885
1482,4849
1436,2846
1936,318
3013,1837
1893,5016
169,4727
1462,1732
3495,1733
1058,4748
599,4858
572,1742
1030,2860
951,2811
195,4986
3134,4775
298,131
4513,318
4215,4935
165,4777
410,4861
1940,4737
3749,45
537,2764
4210,4964
3102,3912
310,4743
1878,4776
4131,4829
3832,1857
1774,4916
1438,4818
1540,4800
107,4906
2022,4683
803,1728
4443,2841
188,4732
3791,2773
441,2841
2392,4964
1197,6
1614,4940
2209,4978
1564,4718
1431,4763
2153,2803
388,4801
4846,4776
1965,1
2274,61
3151,4685
4174,4830
1051,2837
1102,4676
2978,21
1653,2786
2063,3615
1567,4634
750,283
2259,4760
3937,4680
825,1838
4102,4940
4502,4860
2624,5000
4232,4613
130,2776
3784,4762
3340,4264
1331,2824
1207,2829
2402,4932
4261,2847
332,2785
2437,2821
122,4890
1278,4675
4614,4673
3244,4953
4051,4635
2301,1856
3560,4681
3129,2843
2503,1840
4168,4882
4181,1835
2815,4958
1358,4971
930,2835
1399,4671
1226,1840
602,1856
3545,4931
4557,63
2408,4687
3663,4748
4419,34
3155,4937
378,5077
4258,124
1892,4979
1545,2818
4945,4790
2431,4916
2376,2779
4287,4768
852,2798
426,4735
2495,4764
5045,4910
3972,4265
103,4908
4393,4776
3598,4786
4558,4775
1248,1862
2520,2840
1806,4687
913,3
4277,4784
4841,1855
1721,2862
4561,2829
1227,4847
2069,2855
2338,1827
1060,4824
3223,4966
1738,1727
921,4779
3969,4761
1753,4676
942,4894
155,4792
3514,4861
1274,9
492,4754
3635,4930
3513,283
4285,2839
3004,12
1470,2855
2649,2825
1246,4929
2399,2822
4745,1845
2352,4680
1133,4785
901,15
1890,4972
19,4906
3177,4952
851,2772
4325,4668
759,4754
3806,4749
1034,1727
808,1827
3725,1740
4113,1862
1143,3615
698,2811
1414,4938
1514,4885
3787,3924
4244,4742
3047,285
799,1728
1106,4778
2192,4873
1008,1833
3612,4919
2540,4775
3815,4888
2422,47
2123,4963
4410,3912
2291,4770
1455,4818
867,4957
1419,4878
479,1855
3685,4776
910,3615
1985,4697
4202,4689
1663,4996
4077,3877
1854,2812
3175,2821
2491,4670
397,2803
3706,2855
2917,5020
4408,4926
1200,48
430,4970
1376,4762
22,1816
3443,2832
2226,47
2286,2841
169,4771
2193,318
4399,4799
581,2835
1114,4264
2937,2829
4317,4759
4476,1838
2361,2772
4845,115
1588,1896
1218,4817
4844,4803
2937,4778
1180,5016
2971,4992
704,4987
4564,4731
2562,5020
3543,2794
3093,4768
2463,2795
3450,1851
4275,2822
805,4941
293,4819
969,145
555,1742
2478,4654
3072,4778
4191,4734
3477,4786
4272,2866
2056,4771
887,1861
772,4743
2502,3913
1716,4888
2029,5070
3039,132
4833,4955
863,48
870,34
1034,4987
3104,4970
4982,1725
3894,4989
4527,4946
4023,4635
1260,5064
4100,4957
1410,4861
531,4754
2909,2845
662,4251
5061,4849
773,5004
2277,4685
247,4750
430,4250
2084,5004
1622,1725
2522,2826
4017,4685
3239,285
4593,113
538,4876
1059,4783
1915,2810
1995,4913
4231,2799
4523,3912
2911,4676
1591,61
311,4695
3040,2866
573,4886
1057,4997
4899,4690
666,2846
594,2835
3875,16
2618,4912
757,145
3972,64
1524,5069
3415,4766
2117,4944
724,4952
3994,4886
3800,2821
3490,65
3893,1896
2545,4962
952,4654
3782,4962
4716,4990
3875,4902
4255,4884
1273,2824
928,4872
2688,4829
459,70
1023,2817
1499,4861
2233,5002
2064,1808
954,4737
4846,4900
995,4673
4922,4265
820,4797
2085,4986
4967,4892
584,3878
1419,4684
1683,3924
2894,285
1222,4686
1759,1855
917,1848
4089,4849
2640,4682
141,4995
2187,5
2469,5073
2766,2841
843,4872
2054,4673
3745,5018
465,61
2935,4962
1806,4891
355,4799
4287,13
1979,4264
2104,2816
4446,2866
4037,4957
2602,1855
1714,4896
1475,4674
1113,2794
3772,4689
4383,4765
3034,4759
835,4992
1644,2765
3280,4771
3408,4830
3262,4887
823,4994
1661,4684
3798,6
4806,2811
3820,4847
292,4777
1509,4742
3274,4902
2942,5000
1686,4741
4437,1833
2895,4669
4274,4850
2183,4753
2757,4668
2152,4987
3523,1860
1411,1848
2059,1831
2160,4677
4197,4688
2134,1851
2321,3914
2989,4847
3058,113
861,2818
4503,2799
1661,45
1104,4686
3870,4697
3117,1845
2430,45
3834,47
4942,1788
4006,4690
3334,4801
804,3505
845,4741
2079,80
4049,66
2504,62
1130,4693
1127,4741
1380,4986
561,4889
3862,3881
1884,4941
3672,1857
3453,1732
2436,2817
4467,4683
578,132
3939,2821
3178,4735
3298,2833
2627,4249
4332,2849
1754,4916
977,4668
2314,4996
1420,4781
1892,2833
1906,4964
1690,5001
3484,4673
4210,60
596,2833
817,4689
188,2822
1892,3914
4662,3877
3999,113
2145,2789
162,4739
1179,2788
2053,4769
2342,2824
4412,4912
457,2786
688,318
4552,11
4854,4763
1693,4970
1433,4966
1124,5073
1852,1896
5083,4848
4393,4994
697,64
2721,2790
3619,51
2350,1742
2637,4755
633,40
1954,46
2678,5002
3284,4817
3183,1850
772,4683
2556,3877
4587,2855
447,1728
1936,4720
2417,4817
1901,4941
4097,4761
3538,1839
4503,2813
415,4688
4839,4882
4726,2853
3446,4947
2550,4776
2087,2818
554,4772
1033,4673
2709,1851
3774,2851
567,11
1513,4264
4425,5000
381,2774
3290,40
321,1737
717,5075
4094,4691
3088,4755
3009,4800
2991,4688
381,133
2423,2820
4269,2796
3745,4887
1950,4994
4124,1730
1510,2809
1456,2816
2246,1836
787,4938
3261,2841
4950,4799
1170,84
3674,5004
1491,4830
2921,4736
3303,1728
3587,2851
2551,4912
3983,2808
262,4775
17,4832
269,4815
336,40
2050,3924
2660,4689
2643,4965
4230,3882
3768,5070
3774,11
1863,4970
2261,4747
3709,1742
3052,4746
382,133
761,124
2930,2829
4289,4856
1236,4857
3916,2862
669,4969
4409,4876
450,4769
3733,41
2601,2768
3022,4748
3709,4780
592,4917
141,2845
4012,16
1016,2796
1957,2817
2100,2671
3213,11
3054,4694
2193,4997
3107,4855
4529,4797
2613,2817
3687,1851
3221,4894
3388,4687
702,63
2399,2658
3055,5074
2278,13
2579,42
4129,4830
1677,5002
1039,4940
4404,4919
3231,3912
1596,4971
4840,2839
897,4944
5078,4750
4864,4870
950,50
1648,4800
280,2658
1202,2857
25,2767
3353,4264
2125,4672
3198,2773
2413,4752
1085,4779
254,4939
3058,2832
4195,2847
1422,1851
2244,1850
4296,4987
907,4684
3925,2808
4510,1734
3304,4771
3532,2772
1993,1838
2702,2867
1472,4729
1736,4886
847,2837
4545,47
2775,1844
1761,4850
4229,4692
4535,4995
1974,3882
828,4876
3355,54
3426,4774
2051,2860
4077,1837
479,50
789,4759
475,4793
4086,5
167,2835
1920,4774
1112,2776
4700,2817
4650,4891
4144,3924
1578,4858
919,1740
2296,12
2534,58
3098,2829
4210,4882
897,4736
2159,1841
775,4771
5047,4752
2718,2798
3890,2767
273,2794
3922,4613
2528,4902
3205,1850
2613,3882
1475,4860
3479,4697
3241,1850
71,4931
4200,4803
2328,4819
3854,4938
947,51
4033,4799
3288,4883
1716,4693
4805,4996
3400,4769
4536,4880
3622,2848
1068,3877
3595,4759
2533,84
247,1728
3012,1827
2111,4697
3002,45
4079,3877
4425,4742
1595,2658
834,4987
2102,2776
433,2857
5022,4910
4326,4747
2381,4953
1483,1833
305,1726
252,41
3626,3884
529,4918
4543,2839
2169,65
1035,84
199,4907
1866,1728
976,4946
3966,5069
4244,2768
4391,1737
2081,4917
869,4772
4472,1843
4536,4829
2478,4913
1933,3884
1139,4752
3427,2795
2882,4682
848,4790
1075,4249
1718,4936
3034,4970
1047,1740
3044,21
1770,285
883,2817
1783,4903
2895,4762
951,4818
2815,60
87,1733
304,4894
794,2781
4591,4789
2324,1855
1882,2848
4708,4785
2385,1727
354,2824
4394,4921
4441,4879
819,1728
1041,4784
3241,4998
1224,4858
5083,1846
2619,4886
352,1857
3851,4775
930,4989
1610,62
3522,4690
2128,4996
4501,2811
2637,1732
4426,2829
462,4760
4159,1841
4230,1827
1453,124
3208,4914
3521,4860
1720,1857
2912,1896
3414,4831
336,4850
240,1841
2065,4901
1080,4766
1252,284
2022,1734
3024,4777
856,69
4552,3924
2352,5020
25,4250
1937,4248
2740,4732
27,4849
153,4775
3528,1831
1238,5070
4703,4791
1435,1855
1250,4750
623,4720
704,4672
2990,2847
2511,2808
563,4944
2483,4730
2096,285
3262,4776
4141,4880
988,4872
2938,4997
2792,4829
3294,3615
3220,4936
953,117
1499,4963
4013,4747
4342,4788
1307,4917
2339,1856
2668,2784
190,4962
2331,2854
289,4773
2452,4764
3830,2855
1982,4746
1648,21
3042,4886
1760,3881
2023,4732
837,2810
2238,2765
2470,5
3388,4850
4079,66
2364,4861
2334,2786
4581,4882
1951,4890
1738,4786
3467,1856
393,4944
4945,4886
3438,41
3387,131
1117,16
1399,4946
4645,4990
2613,4788
3803,2785
3529,4891
3457,4940
404,21
879,4768
2299,4939
454,13
1582,53
2392,4929
526,4750
567,4696
1282,3879
2950,4681
1491,4905
5030,2845
1883,4952
4045,4815
249,4947
861,2794
2376,4671
3470,6
4413,5004
1930,4718
839,2783
640,41
1933,4969
4545,1856
4794,4902
961,4862
597,4690
4433,1860
28,4819
2239,11
1229,4929
3351,4997
592,4831
4008,1836
3485,4680
1300,2840
3162,4855
3806,4674
388,2800
1825,2853
2842,2788
3244,4926
146,4754
3064,1730
3870,4819
2273,4800
1109,4935
3455,2784
3699,2772
3677,4911
477,2854
4628,4858
194,4829
4602,65
3600,4958
3708,4887
854,48
995,4690
978,1842
2929,4887
4545,3879
4642,2789
4924,4986
630,1729
914,4788
3148,3924
3508,4780
600,4966
2066,5070
1378,4746
3262,3883
4223,145
2713,4634
590,4748
4038,4920
2069,38
520,2822
3654,49
4023,2854
4488,2810
3768,1748
226,7
153,285
4505,4747
2364,5073
1086,4736
2193,124
521,4884
1696,4788
5031,2811
23,4694
3183,4885
4514,4894
4298,4793
1974,4878
2752,3505
3501,4253
4540,5019
4080,4856
1054,4775
805,40
3898,4978
2936,4934
1435,4876
268,70
1255,4889
2024,2835
3793,4963
3614,4947
4205,52
893,2820
272,4920
1277,2843
1472,4769
967,1833
189,3879
2235,1742
2454,54
2996,4888
4229,4780
74,4883
1082,2812
3796,1788
4258,4771
4110,4992
3585,11
3154,4673
3223,2809
3319,4932
3925,4889
793,4766
2797,2787
3787,4872
1188,4964
1602,5069
292,4886
1203,1827
3202,4910
678,1861
2718,2854
4291,56
383,4772
916,4789
2530,4830
3208,1856
3385,2809
540,4969
1883,4742
957,45
1510,13
726,1788
694,2826
3921,3886
522,4799
2664,2787
1180,11
4318,4654
1291,8
505,2803
2086,2816
4397,4720
2081,3877
2404,4727
667,4785
2193,1827
2649,3886
3853,1896
3366,4918
2145,2794
3223,4251
3784,4676
609,4738
4147,4818
2257,4883
4663,4720
1775,2839
352,2831
3594,1860
1139,115
1132,4987
829,1845
973,5064
1678,4963
3363,2820
229,4765
3061,50
380,4773
526,1834
4468,4953
121,2867
3841,2799
1799,3877
3711,2765
417,3913
4001,4765
496,4696
4166,4687
1637,3
3391,1
2189,4780
1634,4774
4584,1847
1300,4728
4002,1842
3138,5000
3794,2776
3063,4887
530,145
560,4668
4586,5074
3934,4849
3916,4900
104,4957
358,4694
638,4894
578,133
1704,15
2546,4961
3029,4884
1790,4673
1629,4882
3309,2776
4068,4754
4286,2857
4871,4749
2719,16
4980,4962
2020,5070
769,4911
1550,4673
1128,2844
597,4902
3095,2814
2636,2671
3657,4987
4347,4955
2389,4956
3184,4936
3379,133
5034,5074
1268,3882
1933,1734
765,2658
772,4886
3930,4996
437,4971
3354,1831
4437,4934
3022,285
1778,4749
4430,4970
1521,4902
986,4251
4259,54
2323,1850
3033,2840
4959,2671
442,2818
3842,2829
1097,4939
1633,5001
182,4668
4813,1748
2759,1725
972,4956
302,3880
2130,4769
2989,4832
1437,4902
500,4940
3017,5070
3427,4919
1635,5066
715,4764
4704,13
2193,2817
3492,1851
4310,4755
2149,4750
4503,47
2335,4916
2928,4856
1463,2867
1603,4770
4699,4769
1012,4249
3384,2813
3257,4831
2164,1845
358,4672
2934,2789
17,4916
1820,2856
5003,2848
4114,1843
1643,4878
1589,4934
1939,4788
4494,2820
579,2839
650,4742
333,4954
3565,4880
1251,53
3239,4857
1137,4693
2182,116
1640,3912
3866,2794
3965,4686
4600,4918
279,2776
2869,2840
301,2816
3314,4877
4020,1845
2971,1848
670,66
3899,2822
4128,4684
1917,4790
1918,4746
3213,3880
1122,2671
1618,4776
3561,1843
146,4683
272,4882
1186,2800
4497,4905
773,2864
1143,2856
3534,4824
1891,5000
1409,2856
781,3879
2743,3886
3208,1725
2034,1737
1215,4728
2118,4753
4942,5
774,4829
866,4882
4566,4635
3170,1845
2206,4994
338,4686
2001,2773
1692,4769
845,4776
562,1833
3796,2856
4645,4951
2686,3879
1609,5075
444,5016
999,4884
3291,2848
3369,4763
1407,4733
3373,3885
3037,4669
3777,2839
4542,4681
1679,5066
1954,4736
3494,4953
2590,3914
1636,5016
217,4847
2732,4759
2392,53
987,2812
926,56
4076,5064
3643,4695
3655,1845
3973,4997
1001,4673
2891,4677
1060,4774
3904,4654
1027,4801
4399,1845
2252,4934
3713,4613
3091,2786
335,3880
28,4858
1346,2808
1578,4918
1389,4671
5056,4738
984,4768
3083,4877
1178,4885
4869,42
134,2856
2705,4746
379,4915
3083,2787
994,1834
2250,4751
4519,4755
1186,54
2716,4929
4642,4963
2597,2849
2117,4887
4530,3915
1977,5065
2777,4790
2666,2818
2891,4912
3832,4766
2233,4688
553,4878
2620,2781
1865,1730
1390,1831
3767,3881
224,16
1691,2788
4303,3913
10,2787
3647,1729
4662,4670
2536,4878
1414,1732
4335,4781
600,4797
670,4847
2613,4654
1889,4889
1689,4997
2473,2773
2697,4860
1448,1748
1660,4693
1152,3505
2179,2823
3108,52
3844,2858
5023,4966
1689,1835
1549,4951
3518,53
1073,3914
3421,4777
511,3877
3280,4829
1797,4920
2713,4941
147,4761
2548,4902
2406,5073
4337,4891
4030,4856
4199,55
99,1742
4112,113
4975,1816
3078,3880
1711,4696
3842,3883
3792,4669
1380,2862
4208,4860
3225,4730
2517,4771
2361,4820
4013,2814
3719,3915
4602,4781
2584,53
315,4675
1409,318
4387,4782
3486,58
825,2827
1778,4771
4449,4695
828,4265
4663,4905
885,4958
2890,1839
2560,4998
4605,4972
235,320
4538,4785
2732,4919
3153,2800
3334,2789
738,4250
781,3915
2922,4677
2690,1734
2516,4953
2327,2847
1096,5069
570,1850
553,2818
3151,4995
398,2809
719,3
1986,2814
3010,53
3055,4992
737,5074
1776,4692
1953,2848
4162,4966
2053,4938
1033,4718
3314,2818
1534,1731
3793,2855
596,4760
3640,2864
3521,1742
1803,4635
1058,1849
3619,4966
3222,38
1419,4882
1529,2826
5027,1839
3516,4817
4278,2865
1562,1846
1147,4966
4328,1748
3960,4920
2069,2853
4573,2798
4218,4781
1331,1857
2457,4892
1349,4900
3347,4818
4533,4693
3056,4671
2486,4908
2341,4753
773,1740
1176,4677
3443,2820
1269,4776
314,4674
2000,4926
4216,4912
799,2774
3014,2658
631,4917
2978,2774
3083,2831
2338,4677
947,4919
4056,2773
3572,4686
3407,4751
1586,4695
169,4800
3633,1843
1688,1842
904,4759
2684,2839
2895,2784
2087,4894
3160,4888
1479,1788
2001,80
3384,4267
3017,4998
2693,1725
4410,4729
2531,2810
2238,38
3765,2809
1913,4831
3939,320
387,4801
3471,2785
682,15
1053,12
4579,4774
3754,2813
4381,4634
1993,5063
228,4253
401,5
1680,63
4040,1836
2706,46
4422,2782
2515,4696
745,4848
4183,2671
3302,2774
32,4681
716,4988
551,4797
1002,2812
4050,2846
1041,3880
1795,1849
690,2774
3679,4882
157,4915
626,2776
2514,1742
4709,4749
2342,4894
3851,2848
1572,2841
3074,4728
3548,1860
1300,2841
2729,2798
4325,4938
2549,4251
4608,4986
760,4966
4898,4764
612,4755
3054,4251
2001,4697
2329,4693
39,4918
3402,4265
3628,5077
3979,4936
3532,3879
1908,1748
3359,4944
872,4681
2337,4776
4535,4762
4578,2809
3887,4777
2289,4791
4514,133
3904,2851
2209,318
418,4824
295,4738
1206,2851
2284,1730
3326,4972
3735,2803
3093,4992
86,4790
3006,2825
2914,4916
4457,4970
4386,2829
2017,51
4811,4750
1539,4669
3422,4915
2538,4855
2077,1860
4270,3881
1110,64
650,284
3794,2839
3020,2818
187,4993
4260,4741
1693,1833
4369,4970
2277,2855
3291,1843
463,1896
4397,4733
3821,4691
4428,48
3590,2865
4109,2847
1935,4752
1434,2835
3686,2823
2358,2779
3731,4250
4336,2845
870,4917
1475,1842
3210,2862
3285,2768
4222,5
4703,1844
3311,132
1736,4911
2735,2796
4189,4818
4133,4906
958,131
4191,113
3371,1856
1512,4894
2114,4685
1017,284
4480,124
510,4955
1120,2817
2905,2832
4112,4901
1255,4687
4497,4732
134,4934
257,13
751,1827
1433,2764
2804,4669
3008,4966
4426,21
1907,1846
4977,4781
391,4776
2724,4737
1685,4728
3457,4926
200,4888
1048,1788
2260,4674
5027,4266
849,2827
4826,1733
951,4896
1149,2820
4168,4752
3675,218
4546,6
2700,1742
2396,4990
1368,284
4377,4690
570,4768
2255,4734
1028,80
3972,2768
3815,68
4030,4784
3235,1862
1430,2856
4086,4892
1357,4735
4212,2862
59,4768
2148,4733
4530,4941
2758,3881
3538,131
4609,4920
1490,2764
811,63
4377,2789
577,283
3799,4759
3740,52
102,2776
3248,52
4198,12
2210,4824
1761,4939
3096,1844
2235,4800
2880,4251
3148,2817
3107,4940
3528,4887
4182,2860
2623,5
4464,5000
2464,5069
4101,4729
71,4677
3945,4766
4531,2784
3404,2794
2921,4952
211,2849
104,4815
1515,5069
2104,4777
1479,4910
2289,4691
1891,3884
1892,4774
1284,5075
1422,318
3927,4747
3579,4729
1402,4892
3917,4752
1719,4878
4434,2854
3997,2658
1779,2816
1632,1833
3996,1862
166,4997
2554,2796
4383,4860
2775,4761
4046,4991
2347,3883
4625,60
696,4849
1967,1827
1695,1732
2509,4965
3790,2822
3164,4783
1094,4887
3074,4876
3235,2845
493,2858
1516,1846
3095,2809
4361,5069
3894,4729
3785,4763
675,1836
1092,2831
3391,1838
5051,5075
3481,4775
2291,2853
2907,49
1961,132
835,2768
3255,4731
2610,2824
2859,5073
2677,4730
2451,5020
2936,5074
4554,2765
2101,1847
629,2845
4665,4886
1202,4884
1419,4748
1134,4956
2889,4992
2555,4890
1561,4830
838,4743
1724,4932
1470,218
3429,2858
3260,2826
3038,1896
2288,284
1056,4913
206,4684
1343,2765
3105,2781
879,4613
4636,132
1276,4766
1511,4751
1498,4634
3221,4987
4517,4684
1337,3879
2475,4730
1545,132
3950,5077
249,2772
1131,4728
4437,3884
1074,2814
309,4857
2830,60
248,2866
593,4828
1979,21
1868,1818
758,4780
2685,1856
316,47
1085,4759
1652,3878
3469,4670
4164,4962
647,4936
2611,4692
827,1827
4041,2809
3515,4727
4722,34
274,4760
554,4944
653,2789
2381,1734
4706,4941
3799,2848
4210,4668
4212,4904
3195,2824
3479,4993
3286,4970
1632,2849
4459,3882
1572,4764
3709,1725
3004,2832
4358,2795
1322,4678
861,4938
792,4249
1943,1844
235,1728
4605,4920
1444,4738
2052,2658
3887,4848
362,4956
4335,1818
3230,5004
3990,2829
2008,4892
5030,2790
4202,2823
1458,4792
2032,4995
602,4828
414,2847
2312,5063
4119,12
2737,2800
2551,4685
2060,4732
4353,4897
4190,4728
4400,3884
462,4738
4615,5065
4305,80
1802,2846
4663,2855
1449,4737
2931,2822
744,1836
1526,4731
1877,4801
3713,4986
3470,4679
2578,4964
4223,4954
591,2794
4534,4883
3177,1788
2210,1849
1396,4911
1435,4777
316,4883
296,34
693,2817
490,2854
4145,4830
4198,4768
2263,8
1574,2772
248,4995
4453,1839
1322,283
828,64
4852,4946
3894,1729
3306,4965
134,2857
3144,2786
3791,4771
4512,1848
414,4861
4453,4729
2669,2855
2504,285
4309,4741
494,4992
1681,5004
3938,2786
4599,2811
3096,4971
4530,4850
943,4848
2188,4938
448,4765
3501,4737
2940,50
3133,115
2497,4749
2457,2790
1457,2849
1462,4915
4036,2764
3871,4952
3134,4778
804,2776
3891,4896
1289,4728
4843,2829
5015,4894
4191,4774
1190,4989
2160,4991
2868,53
3590,124
3728,4739
1139,1860
4441,4780
1571,4885
4169,4266
2333,4748
2978,4931
3208,4870
3471,115
2570,4988
2240,4727
88,116
1859,2796
3487,3879
2905,4926
5015,4860
460,1850
3904,4750
4219,4682
98,4972
2499,4774
1221,4731
3983,69
347,2774
3841,4855
2300,2768
4042,5066
2409,4789
1349,4913
1900,4935
2945,4785
2175,2829
1502,4778
988,4916
5058,68
3838,70
2961,4783
4423,58
3573,2843
3451,4917
2958,2820
969,1845
3161,4979
4456,4907
1719,2839
3527,4697
5068,4677
1772,2789
1472,80
3273,1835
1798,4888
4604,283
1765,2671
2001,4749
3141,4764
1028,2847
793,4790
3735,1851
1762,113
2007,4921
1403,2817
1977,4939
2318,4906
824,4753
1230,5074
1568,4909
827,4947
1279,218
5043,4965
4126,4683
755,4676
3235,4914
4531,2776
2939,2853
4837,4892
2385,1742
4271,1840
4562,4919
3371,2800
3202,2781
3549,2866
3074,5074
3382,4763
2078,4931
206,2809
675,4673
739,84
4305,2814
1653,4936
900,1808
1602,4791
2715,5073
973,4733
1438,2832
441,4692
3788,4752
3393,285
1773,2781
4435,84
3168,4994
4551,4919
4181,2862
1587,1855
715,4964
2954,4746
797,3881
4511,4750
5045,4956
1579,4695
2745,4896
2400,5002
845,4926
1749,4774
2651,2658
447,131
2076,4249
2007,4728
1471,2826
1784,84
3325,2768
3097,4926
2287,4674
3281,4935
1176,4678
1338,2781
887,1725
313,4972
4040,4735
315,4688
3031,4675
670,2795
3529,4779
728,4738
468,4883
598,4968
4309,80
4007,2857
2371,4748
5037,66
3266,1737
900,3877
2233,4723
1495,1730
3330,1834
3173,2798
3275,285
1531,3915
1829,2784
3855,2820
3751,4988
2929,4891
3024,2829
3119,2864
654,5064
4545,4952
247,133
3160,5000
772,4764
2350,4926
1815,124
4644,4264
4651,2821
4483,2790
2005,4683
263,3915
2747,34
4331,4946
756,2798
4038,2800
4058,2860
3741,117
4458,4857
3821,3879
3708,1748
2875,4734
1674,4919
4620,4669
2324,4751
1822,4909
1147,4253
4316,2789
2883,4728
898,1862
4853,4768
4517,4966
1156,4754
2921,21
4408,1861
130,4737
2371,2856
3360,4870
142,1851
2954,4879
4297,4734
886,3912
3252,1860
3535,4912
3686,2789
2536,68
2907,2843
2647,4991
848,2857
1650,4901
4383,1839
3832,4954
3126,46
568,4921
1917,11
3267,4668
4933,4891
945,2765
1051,1833
2373,4738
2089,1817
2535,4791
2473,2816
3399,4902
4130,4683
2295,4776
1205,4926
2410,4911
2141,4749
2109,4686
3361,4907
3275,4912
2560,4737
156,4772
641,4876
965,2865
1494,113
2909,3615
4717,4965
2729,1847
2422,4676
4840,1735
1195,4921
4541,4751
1249,4961
1501,2864
1617,2671
725,45
1198,2832
1140,54
326,40
1366,5069
4948,67
2402,40
4413,4907
3323,5063
3768,4792
2675,131
668,5070
2750,1849
4407,4934
2284,4790
4029,4912
3484,4894
1715,4678
1286,4680
4039,5018
4664,4678
3293,4831
3198,2658
546,4820
1785,4750
4503,4751
3962,2865
3496,284
1340,4993
1017,2837
995,4964
143,15
1459,2772
2961,4741
2162,4249
272,4937
2628,4900
4399,4671
2464,2796
1901,4966
3341,61
4566,1832
4510,62
2378,4890
4324,4770
3788,1726
1654,4774
365,4917
2946,7
2756,4906
2478,4671
1970,3884
517,16
333,1817
384,2776
2703,63
3693,4912
4715,4790
619,320
1328,4790
210,4668
3440,4847
443,1730
4652,4988
4412,4857
1721,61
3654,4681
4457,4955
4808,5069
2704,2858
122,4765
908,4876
2514,2811
4120,4634
3794,4753
2408,318
2723,41
662,4264
777,4754
3436,4669
2207,2846
4415,1856
1033,1862
2092,8
925,4891
2890,4936
3485,3505
4449,4931
3849,2798
3002,4878
1160,4993
4592,1725
1107,1742
4546,2794
2551,4905
657,4760
2001,2851
1317,4250
185,2817
2233,2773
4325,4892
4144,4819
4476,4248
4567,4990
4126,2817
1263,4951
2920,1729
3183,1728
2276,4912
730,1832
708,4792
4298,4890
4745,1856
1934,4970
1988,4934
3697,4905
2318,4979
3044,47
838,4746
2460,40
1335,2857
495,5000
810,4788
2115,4870
991,4727
2061,4873
1068,1788
2135,4856
3388,4774
551,3924
5058,4957
3848,2808
3518,4730
2675,2854
3508,4738
2639,53
4081,4961
2587,2864
3089,1848
419,4253
4525,4723
4812,2858
3089,4941
2994,4747
1790,4679
4226,4935
2585,5073
803,4790
4059,4876
1202,4817
2685,4747
812,4997
961,5000
1026,4738
4284,5018
948,4786
1113,40
201,4824
1121,2849
380,63
4603,4769
1648,4997
2476,3886
3139,2816
370,69
4116,1726
3846,2839
3350,1896
1203,4909
3871,52
485,4738
4502,4789
3581,48
571,4832
1006,4907
3746,4998
4387,2851
4309,4832
1258,3879
3626,4877
504,4784
2553,283
4482,3884
1823,4953
3896,4972
633,5000
3375,1839
506,4879
3795,4991
4662,1817
96,65
344,3879
3485,4958
3006,4963
2983,2796
4331,4860
206,4685
3089,2783
4948,2812
3851,4750
4484,4963
2902,70
2964,5000
2066,2824
4100,3615
2989,4992
4040,2776
4515,4963
1068,2843
3834,4695
3407,4963
1446,4939
303,2784
627,4718
4381,4801
2925,2844
604,4889
4118,2784
2089,4775
3728,4678
242,4781
3348,3884
1001,2849
902,4861
578,4265
251,5004
3910,4921
1064,3912
3909,5018
1324,4932
4097,3879
4024,4790
5081,1725
1096,45
2536,2849
5011,2832
3168,2808
3028,4788
808,63
3673,1831
943,4732
470,4818
3317,4901
1339,3915
3427,2800
4140,2845
2233,2658
169,4856
1065,1843
2447,16
377,4784
312,51
842,2820
3891,2781
74,4903
2235,4847
716,4858
24,5018
1090,4929
4211,1848
3867,1840
4022,4964
1667,4892
3294,4880
1870,5065
2613,114
708,318
4362,4969
1623,4964
3801,319
1459,4848
4029,4788
702,34
4713,4988
2214,4830
2207,12
236,4728
3868,2767
4808,5000
440,4921
1883,3883
3243,116
246,4934
2591,4674
3661,1834
1528,42
1781,4792
553,4685
3636,4762
1271,4817
2241,4941
1993,5000
3364,4996
3069,4884
2762,4972
2604,2789
5036,4786
3445,2864
3647,84
4076,5066
3561,4741
3049,4883
3682,4996
4706,4730
3802,15
2140,4799
213,4815
1521,2845
771,4682
3415,4733
2976,4882
975,4778
640,114
1792,5073
3109,4921
2969,1728
2863,50
4060,64
3762,2857
2569,4741
1790,115
2950,4752
497,4932
3389,6
1718,3924
4388,4691
984,4689
2015,4782
1885,1834
3977,3881
4158,4968
764,40
1423,2781
373,4741
4719,4754
2398,1726
3543,2764
3116,4759
3335,2845
1098,5
3216,4720
462,2783
276,4921
3767,3883
2127,21
2135,4669
512,4786
1188,1850
4000,4902
1288,4680
4419,4934
3584,4774
953,2839
2932,4921
255,4680
2879,4882
3033,4953
4109,2789
2490,34
3773,4801
3384,4958
626,4824
1957,1836
2163,4890
2255,4736
3377,4990
2942,2865
2580,5074
781,1834
