3025,4786
1723,55
738,4797
334,5002
997,4613
470,4751
2178,4971
1374,4855
2061,70
4704,1734
4758,9
3287,4783
3950,3881
2630,5073
1077,4978
4575,3878
3908,4903
3497,2811
2439,4742
3149,2788
4188,5020
1333,4989
4450,4909
1635,5001
4025,283
1956,1827
1390,1847
2555,2787
753,132
4313,2794
621,4940
2004,55
2928,4741
33,4771
1944,4775
2713,4754
4950,4908
3896,4741
1588,4769
1133,2843
869,4884
4335,4797
103,4682
2106,4938
1854,2821
3138,5070
3245,2858
1149,4797
4509,41
2518,1808
3794,2865
3836,4886
3619,4968
461,5074
4948,40
2689,4938
3301,4894
4616,2798
5049,61
3690,4799
674,1727
2116,4783
4452,132
4756,4831
4120,4815
656,4892
2921,42
4037,2862
4207,1734
3399,115
4507,4676
2861,4264
3568,2803
4552,4912
3420,4684
1071,2789
1760,4855
1927,55
4273,50
1543,4910
4292,1788
228,51
3610,1857
240,5065
205,4953
2131,4858
2369,4913
3761,65
3916,4824
4291,2824
245,4771
4834,4739
1054,48
4358,4780
947,3882
5003,4697
3906,2853
4508,4979
480,4993
3289,2781
5067,4903
4959,4957
1757,4861
574,4790
2231,46
687,4904
3386,4753
4480,4964
4091,2824
1587,3885
2998,4929
549,4919
4554,8
435,6
753,7
1634,4734
1487,2858
3227,4774
3891,2853
3162,1833
3150,2764
1106,4774
4405,2789
3514,2794
1939,4737
1498,4819
537,9
1424,4818
4466,4737
255,4861
4977,2855
3985,5066
3415,4267
925,1827
3467,4888
1767,4267
1244,7
3044,4693
5007,4634
1073,2671
3864,4787
2601,4987
128,2837
3369,4993
2988,2843
1795,4739
4228,2853
1206,1851
743,283
2960,2786
4439,5001
3592,2857
3021,113
2099,4674
2989,2855
2068,61
2051,1843
593,12
3244,4266
1176,4693
4358,4879
3848,68
2239,4861
174,4613
4358,2849
630,1850
4140,2789
1076,1834
2775,4250
4103,49
2089,1816
4664,2795
1363,1726
1047,4830
1214,4847
851,2790
585,116
427,4930
4114,4750
3182,2855
1481,4951
1805,38
659,4847
3959,5070
695,4768
4977,1817
4047,3913
4942,67
1762,133
3235,5073
1242,2790
2029,5066
1697,2814
2897,2821
3469,1847
470,4951
782,2846
1421,2820
4260,4912
3842,2784
3149,4775
895,4249
4562,2866
346,4749
4522,2774
1585,5070
2923,1836
3264,2824
1001,38
2898,1846
2510,318
3064,284
3987,58
3595,4770
3836,4265
1031,4729
1287,4755
4551,2789
5012,2825
357,4731
4189,4878
3188,4911
3000,4736
4657,2832
3799,4882
3968,4736
83,4989
1760,4755
3845,4775
1231,1726
3366,4746
324,4909
1269,4746
4648,4752
526,4904
4243,4862
563,4830
912,4748
1207,4889
2698,41
2380,4897
4509,4734
2365,4937
2444,3879
1932,4685
1666,3880
2481,4737
1897,3914
3683,4904
1424,46
2426,2867
3898,2803
35,5
4104,132
588,21
1719,4741
3398,1832
1002,4900
4245,2785
1378,4904
3503,4885
3722,114
1694,4886
1147,4679
4666,2658
248,4728
2325,42
1744,4916
330,4777
463,2764
1117,113
3621,5001
2747,65
2012,2833
1150,4896
4320,1845
4704,4858
1093,1740
361,4680
3214,1735
914,4935
4286,4779
4355,3615
1324,5074
3700,3878
1790,4773
171,4750
774,2779
3441,4891
1271,3885
801,4884
4421,62
1489,4774
4262,3912
3089,4732
417,1740
3785,4847
3177,1846
789,1730
3973,5069
1588,42
935,2782
36,4857
2621,4781
4074,4855
3272,4741
1107,1726
1664,4956
981,4910
3271,2787
557,2849
521,283
3657,2849
3226,4737
4586,145
3979,5000
3930,4896
1658,4861
2512,4962
965,1848
3530,4911
1243,4746
1315,4873
1201,2838
667,2788
4445,4696
1912,4886
1957,1729
4576,3912
4083,84
876,2774
3782,4944
1027,56
3338,11
1058,4947
4507,46
4479,4905
4228,4677
3687,4870
2342,3914
1522,4849
2521,45
1758,3505
1646,2817
853,2794
3900,2785
1380,4759
4605,4739
1758,4723
3904,5000
3398,1818
2338,4955
897,4831
3550,2779
4621,4748
4429,2764
149,4986
3672,49
3509,4769
2917,2860
3999,1742
4234,38
3901,4735
3606,4251
1446,4958
3227,4752
3962,4735
900,46
3375,4935
1478,4965
4370,4906
2309,2820
1374,4250
3191,4958
887,319
1046,4729
2879,2854
2355,80
913,2826
461,55
3408,1896
3195,80
2392,4910
3920,4918
3078,4930
1744,4672
4707,4732
4451,4765
2322,3912
3413,4972
4177,2832
3862,60
4499,1896
1060,4892
4846,1840
3097,4932
2981,4773
245,1832
5017,218
2525,34
4567,4879
4620,1835
532,1896
1133,4691
515,2768
328,2822
2387,65
1137,2865
502,1856
2892,1844
1544,13
2189,2829
425,4769
2726,4938
197,4888
3600,4892
1090,1857
2741,41
143,4907
5050,133
686,38
2024,4818
1559,1729
4705,2826
2117,4801
4171,4876
4233,2841
645,61
1057,1857
841,4877
399,4918
4196,4892
3755,1732
1111,1834
2630,2795
2926,1842
1637,50
4149,4989
1319,4677
3084,4733
2686,4998
4259,4760
2647,2867
3457,4888
4666,4946
4616,5069
3326,320
2938,283
342,4790
4085,4986
472,4786
3529,2812
4013,1808
1327,4828
3470,4731
775,4953
1895,4786
1498,4747
1240,3886
1379,2768
4288,5064
2544,4877
2328,4970
1919,320
1550,4694
4383,4733
2334,4751
3269,3883
4030,4803
1089,3885
4125,51
2396,4956
3295,1839
809,5002
3674,5000
4722,1831
4401,4920
1698,4940
1173,69
1871,4858
1483,4749
428,1730
2922,4938
1882,4890
2206,4692
357,4882
1558,4718
803,4882
3835,4964
2168,4684
1297,2832
4195,49
3421,4870
2706,4759
1119,4861
1789,7
583,3884
2203,5074
264,2795
2873,115
2034,1732
4643,2856
3340,319
4419,1862
2250,4730
3707,2825
3658,5065
1605,4904
1916,4677
2008,4894
4314,4878
1994,4932
670,4832
819,4944
3409,4832
1376,2866
1768,4692
2993,4248
4257,4723
4404,4915
4520,4998
3228,2823
4805,2839
1431,3878
4033,4769
4119,4888
553,4684
1525,4878
3674,4728
1707,1841
1956,3881
4421,4997
1335,16
3468,4961
1315,4759
3017,4776
2249,4918
434,4954
20,4892
2242,4738
3990,4896
2616,4778
794,1839
3949,1857
2805,4687
1298,2787
2681,4689
2527,4775
1273,4901
1608,4800
205,2789
2969,1735
484,4877
3066,1861
3448,2808
1759,21
2086,1850
2610,4862
5012,5004
775,1728
195,4675
3131,4801
3502,2846
4928,4729
1145,4684
317,2816
1870,1837
150,4964
460,4914
1793,4777
3994,4938
4042,320
3024,4877
4320,2658
5057,4801
4653,12
4019,80
4138,4781
3477,4759
4973,133
85,1896
4521,4937
3026,4784
3729,4917
2882,4886
1694,4831
3921,56
3332,1827
501,2783
3130,4743
5040,46
2670,12
435,1729
3632,4685
4,62
1103,2800
2110,1851
767,4668
2910,2816
2079,4750
4169,4264
1104,3
3208,4872
2431,4877
3393,4777
3619,4989
2625,4679
3676,4986
1092,4737
3256,4266
2029,4885
3738,4978
4317,4987
3286,52
321,4693
4086,4792
4091,4789
2894,4755
2943,1833
1391,319
2372,2832
1545,55
4002,2816
540,2799
2732,114
1912,2786
5014,4264
752,4820
1484,4266
1976,1835
1459,1
1241,2844
1552,2800
4095,3880
3366,4989
3962,4992
3835,4755
2996,1726
796,1896
2257,4952
4391,1733
2309,1845
4241,4887
1378,34
3391,1731
1043,4801
2679,3885
1428,4785
1465,2864
848,4778
2674,1817
4042,4778
4200,1729
4182,2811
1403,4686
3844,4997
476,41
98,2827
1441,115
2068,2857
4332,1
3555,3884
1803,4926
3085,4931
4261,11
2422,4815
1071,2826
4866,4897
2109,4761
2030,9
832,4988
1059,4952
3893,2841
2578,4919
4259,4770
4328,1849
4980,4918
2557,4872
1583,2851
879,4766
3723,4735
700,4681
1885,21
4039,4754
1235,4888
4495,4957
883,1817
4462,4768
3928,4917
4160,4887
1639,4969
3749,4873
2423,4773
3860,4876
118,4790
946,4879
2746,4861
3629,5018
4293,45
3292,40
1224,62
3585,4777
2885,4988
2156,4732
4607,4885
4508,6
4757,4850
3020,5077
3797,1856
3354,1818
4399,4788
1354,1840
373,4855
997,4743
1221,4749
2661,56
1922,4768
4539,4746
2414,4673
797,56
2464,132
1038,2818
119,4882
882,1834
4605,4987
373,4760
3144,2671
3532,4897
1998,4688
2178,5020
3691,4773
1786,4989
4823,320
3159,15
1390,4736
2919,124
5043,1856
4303,3886
935,4968
1994,124
1983,4746
1634,4735
4432,4963
2710,4689
1210,4931
4666,124
2680,4697
1812,3914
72,114
1197,1832
1402,4964
2497,2781
1224,4987
995,2810
2509,2773
1253,1832
1155,4677
782,3882
4039,4736
2743,80
2602,1860
3390,3
333,2810
2963,4878
4544,4266
4030,115
4623,4996
3037,4914
3713,4720
3007,4613
3406,50
3678,5000
4113,3924
4188,4931
130,1857
3963,45
1518,5070
249,1845
3102,4818
2513,4910
3491,2862
2257,4932
2516,4762
3949,2785
2722,4957
2304,4654
3430,2849
1143,4855
4580,4891
876,2803
1158,4789
1235,4856
2226,5075
1508,2838
634,4676
4606,4670
299,4731
3018,4829
5042,2782
3039,4778
2246,3913
4002,4774
2420,116
3224,4773
2422,1808
4440,15
3245,4251
3263,4763
1356,2783
4224,1808
3336,1842
3321,40
1050,6
3715,2788
356,4958
351,1857
2143,4989
391,1856
809,4737
1863,1818
3696,5065
2989,4921
3752,4939
615,3878
3482,131
3988,4766
3033,4998
3738,4905
4473,58
3009,69
547,4914
1517,4892
568,4749
3958,2845
2196,2789
233,3877
3524,4799
4437,4684
4460,4904
4167,4788
2895,4884
3193,5016
925,1844
1633,113
3112,4979
1461,4966
4522,4736
108,4682
401,4891
1821,4901
2958,1832
3727,4954
483,2808
4300,117
1186,4915
1420,4987
1479,4742
3297,4720
2294,1818
2447,2794
3480,2799
2112,4901
4554,2772
4284,1729
2162,50
1613,5065
4867,4785
3740,4761
893,4986
3082,4937
1264,4978
3024,4934
450,2781
1264,2795
384,4917
3748,5075
4311,4779
2915,1729
1235,3886
2959,50
1355,2837
2938,4743
4591,51
170,4253
4260,4267
2777,4892
3806,1836
3279,2818
1171,2845
2997,284
4608,2860
3223,4672
4596,2854
4177,4748
2326,3912
4143,2857
2010,48
2143,4963
4589,319
185,4675
4292,4894
3350,21
3274,2818
357,3912
3752,4921
2142,2866
3397,4904
236,1851
4427,4776
2176,2808
820,2849
3653,4749
3963,4787
600,1818
422,4995
4403,4770
3142,2840
2315,5070
3830,4682
1291,12
3614,2860
2546,4685
2057,4910
723,4787
2478,3877
3491,2796
1590,4908
3993,4888
2166,2796
3785,54
340,4766
713,4970
469,4990
4018,4912
1067,4890
2164,4905
157,45
4138,3886
1040,1845
3167,56
1108,4776
1282,4934
1668,2790
2936,5063
3327,4613
427,4739
3305,42
3677,4879
1048,84
2687,4860
477,2822
204,3924
3655,53
626,2860
858,4692
379,4731
2640,4265
2108,4938
3918,1817
4055,4968
25,4736
4288,1834
3098,5066
3739,4936
1813,4689
4545,4916
2109,4688
3390,2829
2054,4773
2530,4733
2151,2862
3009,4696
1254,2824
724,4792
1457,2794
1336,4944
3525,50
2540,2776
3682,2851
2389,2858
3789,2813
3036,1
5010,4680
2979,4730
1025,4992
3169,4768
1000,4901
806,4996
2446,2794
3809,1846
4052,5004
3568,1808
1770,4753
4534,2811
3460,1842
1755,4684
3029,2781
434,4870
761,283
3783,4689
572,4781
2298,2765
3991,2829
599,2765
3174,69
1510,285
1445,2764
5083,4934
1238,4965
2118,2773
2769,53
3898,4997
4008,4787
3658,2773
3058,4946
813,318
898,2671
2891,2866
2507,4857
4272,4749
4757,1831
1502,4946
2654,6
1903,4249
1499,4783
315,50
231,4763
3078,2783
4577,3886
2598,2837
4009,60
247,2799
2279,3615
2977,4903
2374,4687
1693,2864
4467,4926
4865,63
2304,4791
933,4675
501,2810
4271,4759
387,4749
1920,4686
364,1836
984,4250
4413,2795
3305,5073
1583,4882
2355,3885
1465,1730
3993,2837
2010,4979
1719,4889
4247,4830
3079,4736
1745,3913
3154,4931
1591,2795
3087,4830
4603,4691
3588,4848
2728,4904
3115,4788
2231,4847
4385,60
3136,4831
3393,4733
590,4969
3940,62
3463,131
2264,4830
4808,2862
3531,4996
3080,4930
3150,4958
3425,4855
790,2811
4298,1734
1099,2825
2389,1730
2300,2767
157,4856
3684,4675
2590,132
4326,2810
2215,4951
401,4849
2315,1840
1273,4747
3206,1842
170,4676
83,4902
4822,12
4626,283
568,4250
3024,4993
785,2787
135,2800
3182,4782
3836,1740
3793,5070
1485,2816
2621,2843
3427,4824
1267,3615
1122,4947
919,4913
2115,4951
3528,4918
4063,2853
2262,4815
1854,1846
1495,4777
1464,4953
3563,65
950,4797
541,1817
1750,4970
756,4676
4813,2837
4255,5002
154,4687
1579,4913
2203,1742
490,4753
4484,4947
648,4938
3559,5074
2550,4910
2130,2781
1450,46
2319,4818
2540,4939
2000,4761
2727,4683
987,5064
3671,5069
776,49
3234,4954
2182,4723
1605,4681
3049,4992
3384,4946
1935,4919
2274,3880
660,2783
3745,4900
3511,116
521,4944
4438,4765
543,4766
4368,1861
2291,4892
4059,4763
3051,4991
4569,4248
4350,4265
4170,4781
2060,4908
4592,4961
677,4729
3719,4932
680,4968
3870,4991
3006,4688
2435,3912
772,4248
83,2784
2546,1844
3433,58
790,131
4922,4879
5044,12
2123,4747
1062,2845
3427,2784
1957,113
1774,2841
2584,1840
811,4265
1739,40
1693,4937
3547,4912
4945,4249
141,4755
2942,1849
4823,4781
3187,2824
4064,5019
104,4749
471,1727
4581,48
4663,2855
1397,2849
3747,4939
1283,2814
1473,4690
4236,4914
3512,4941
2243,4998
103,4694
2529,2827
365,2837
1354,2825
2575,58
510,4251
3156,4251
384,4635
366,4683
4429,2785
4709,133
834,4690
480,3886
1095,4909
3992,4848
1371,4755
4501,4830
2307,4799
3708,4687
4636,2772
2,4931
3064,4940
501,4876
5010,4766
398,1896
1169,4932
2220,8
3968,1846
4139,4906
4141,4727
1909,5077
3943,4783
1640,4908
1518,1732
2675,218
4973,4676
3621,2829
0,50
4166,2814
3160,1850
2182,84
539,113
2397,4803
2285,3881
311,4731
620,124
3702,2816
660,13
3863,4926
2753,131
4015,2839
289,4684
1951,1831
4656,4964
3004,4970
699,4940
738,4906
2919,5075
4363,2849
3598,218
502,5000
2742,4797
1797,4695
1359,5073
155,2816
995,4780
4384,4917
209,4764
2127,116
4373,4860
4309,60
2948,4848
4852,124
3531,3924
3480,4682
2033,4932
1190,4883
4063,1734
2751,5064
1821,4786
2957,4762
3496,4682
3014,4693
154,4771
3149,4912
4376,4654
1229,4764
1190,4962
259,4743
4827,4732
1059,4955
636,4690
4802,3913
2612,3
1484,4941
1815,2827
2126,4761
516,4815
955,5075
1650,4861
2249,5073
2320,4879
2564,4248
3990,1857
1769,4742
2298,1836
3441,46
1877,4691
3261,283
722,5069
166,2823
4165,3877
4268,4870
4975,1834
584,2794
3214,4908
370,4253
3826,2845
2621,45
3743,1844
3108,1727
1418,67
2322,4267
215,4786
2569,4775
4558,4683
3173,2825
4325,4932
350,4858
666,4763
2238,4768
459,4779
1882,4801
4384,4820
2124,320
2023,3885
3698,2862
1961,4777
540,1846
3544,47
371,4778
430,4668
4340,4695
1738,132
3242,2865
2231,40
3091,4901
3221,4830
2243,5077
806,2658
110,4878
2504,3878
753,5
1151,4904
3776,4250
565,2844
4262,2794
4181,4962
140,1855
2489,283
3679,4728
3340,48
2924,4944
3977,4248
3717,1896
4719,1740
1438,2817
5012,3884
3528,4749
3695,4951
280,3879
2370,4754
816,4964
2335,4654
2948,1839
2727,4850
2129,4920
4339,1731
2625,11
1704,4752
488,4858
4023,51
1425,1832
4612,1788
4647,1839
3532,320
1587,4784
2562,2856
371,5018
1988,4687
3682,4907
399,63
1471,4681
3644,4694
4617,4906
2919,318
769,3878
411,1835
3760,5077
989,4686
1039,2867
4717,4788
966,2779
2902,4671
2883,4763
4437,4876
3182,4855
2917,4887
204,52
5037,2658
4321,4684
1138,4962
626,4911
3606,2853
2192,2844
1164,4741
1753,4986
3802,1896
3865,4635
3123,67
1409,4765
3979,4940
4630,320
4064,285
3242,2851
4327,4916
4497,4742
1532,4849
3019,5000
4984,4720
695,4770
645,4911
2448,1850
1994,4765
3279,4901
358,4783
1945,5065
2879,4902
3147,1841
4202,4779
2375,4690
177,4735
2802,4688
1360,4987
1979,3505
2601,2864
1361,4972
2420,4264
402,1835
4193,2809
3619,4759
4924,55
2749,11
3083,4856
2748,2823
1323,4793
3166,3878
79,4785
2959,2860
2616,5074
2769,4971
3483,4921
1362,4932
4639,4762
1071,4892
371,4889
2481,4918
2673,4784
1313,2776
3507,4934
4461,2840
818,4824
929,4753
3387,5075
3319,4931
73,4912
1155,2812
1870,2671
3362,4952
1017,4936
4295,4797
4560,2796
195,4920
3537,4677
473,2794
1764,4681
4545,4921
95,4932
337,3883
1756,4886
4647,4903
4280,4953
2978,4887
395,4695
1209,4685
2972,47
2875,4785
2749,4739
3742,4926
3469,4916
4068,65
1571,4910
2191,4695
413,2814
92,4989
311,4765
3819,4764
3966,4829
3923,69
1062,1827
4531,4857
1215,2765
1779,5069
4967,4681
832,45
4506,2844
2326,2800
3619,2795
4563,5016
4066,320
3289,4955
3311,2813
1403,4907
1096,4828
916,1733
2282,4886
3083,2764
2090,3913
3825,47
3249,2866
1447,4686
2155,49
1798,2866
325,1733
3734,4849
3363,2827
2009,2809
164,5004
3829,1834
374,1832
662,4989
1767,4778
3141,4800
3753,2789
1480,2843
2685,4932
1575,2774
4311,4792
3039,1788
3987,1842
859,4916
2446,114
1013,5064
3545,4876
4719,4939
3022,2767
2031,4775
1079,4986
4318,4944
4556,4957
1923,4828
1673,2865
2236,4953
3577,4873
746,3913
419,5019
816,2796
2301,218
2976,2810
3353,5075
4570,124
596,4828
2911,56
3102,1733
2445,4915
3490,1861
1374,4248
3078,2862
217,2845
1929,4832
1565,4764
403,4828
2297,3877
2898,1816
3482,4264
787,4930
2361,4672
745,11
974,2818
4028,4934
3314,4884
3225,4759
4614,4819
696,5075
1516,1857
2639,4248
1232,4938
4544,4916
3993,50
2708,66
3046,4266
706,4970
502,4947
1127,2867
3975,4958
1133,4689
3058,4947
2910,4848
3335,4892
3075,1808
3322,4749
1399,4781
3783,1844
2508,47
4407,4677
4252,68
2725,4671
2131,70
289,4855
3056,5066
2543,4771
4507,4908
3497,3913
3408,284
1086,1727
1049,1844
2743,4955
1119,4894
2710,4266
4322,3505
3830,52
3378,4749
4701,4903
1675,1733
3476,5077
1884,4778
3478,4913
2598,4991
677,4248
3283,4728
1061,2798
2691,1862
478,4830
1221,4961
3455,4803
1038,4905
4115,4916
777,2835
536,2857
4262,2866
1318,2824
3307,4997
426,4752
2744,2854
834,4862
2254,1831
157,5077
908,4915
3473,3883
3435,1850
2063,1735
4638,4944
1526,4764
477,4761
2617,2851
3109,4771
484,5002
1391,3924
536,4688
3999,4613
4295,2855
3490,4737
830,4886
2684,4936
3895,4692
3740,4910
2178,2843
4279,7
1229,2858
1625,4919
3855,4972
1112,4766
530,1856
1824,5020
3574,2779
885,60
1355,4681
3254,47
3025,2814
3060,4830
2621,4896
2032,1
1287,4997
93,1827
3755,4754
2637,4799
4310,1856
4101,3881
4802,4912
3141,4772
1434,4692
2238,2857
408,2832
3922,4730
153,13
1574,1730
3103,4856
1108,4264
2024,4689
560,4686
3607,4877
3415,2808
4382,65
2564,4905
3891,4935
4550,2849
3577,4901
746,2867
3491,5000
4515,4882
3246,2810
2882,131
2670,4737
4069,2812
2880,4872
1435,4668
2478,2824
59,4995
3055,1850
4410,4897
2609,124
1069,2798
4211,2833
4744,2848
3504,4695
4367,2785
1987,5000
1512,4766
3126,4676
737,1862
1620,1843
4293,2843
2601,3879
4863,1808
4139,4829
4279,21
1396,5065
771,4828
2366,4848
2585,1729
687,3913
1461,3914
872,4934
911,2818
594,4770
2874,2785
4313,4952
1977,2808
3589,4690
2217,1788
3766,132
3171,4735
3431,4732
2733,4777
1528,4683
4949,5073
645,4791
375,2823
466,2785
2421,2867
3700,4720
3179,4729
376,4979
655,4749
315,4886
3423,4775
3244,4992
1927,4876
3263,4723
2031,2787
4600,4763
2713,4741
2623,4880
4726,2843
1289,4732
3624,4777
327,5
2421,3914
602,4778
3759,4676
3598,3924
3857,1808
412,4832
4000,4776
2514,1842
3629,4723
1655,4920
2953,4941
253,7
1204,4889
2702,4997
4061,5064
3428,2799
4292,1860
5005,4818
1825,4988
867,4902
1865,4978
3114,4896
5078,3914
2287,4954
3636,4634
1783,4755
1395,4690
802,9
2045,4670
812,4954
120,4955
3160,1851
4048,4669
4922,4668
2630,4906
4452,145
3417,58
2270,2795
2515,2820
1447,4912
4308,4902
3941,2843
1403,4962
941,4266
1932,2838
1440,4855
3675,2849
4846,48
988,4912
3929,4696
2654,66
778,1837
1509,4824
762,4738
259,1862
1391,4905
4350,132
1380,4683
4474,4690
1151,2795
921,2832
3329,4696
4071,1728
787,1734
4527,116
3200,115
2427,4779
3449,84
3213,41
1426,5077
4924,4972
4104,4613
2964,5070
309,5016
1019,218
2666,4817
2214,6
1442,4917
1279,4718
1697,145
4837,4888
1190,4963
987,2865
4307,4748
1659,4689
3087,4754
727,2796
2149,2844
1567,2816
3430,1839
2662,133
1418,2825
636,4691
1781,4761
3408,2789
3794,2860
4573,9
2899,5018
543,3886
4031,1843
2561,2798
4327,2866
702,1855
2413,4829
3709,4888
3950,47
2029,62
2766,2772
4170,4735
1712,1862
3366,4882
4561,2822
3429,4689
4098,11
3541,4931
1772,4613
1995,4763
2507,1838
2012,4891
4699,1855
2347,1849
1043,2795
19,4693
3922,64
2665,5069
4974,3615
1555,4755
1151,2824
1511,4961
5052,4951
803,4926
3743,5073
4232,5001
1058,42
4245,42
3378,4723
405,4683
5041,1837
3119,115
1216,8
471,4830
2019,4994
1641,4878
5071,3885
1158,4936
4410,218
1329,4682
3974,1729
787,113
4336,4887
2100,4971
2068,4903
4175,4870
3467,4782
1269,4934
2312,4870
3688,1851
2194,53
1494,4768
1316,4988
4622,2864
1191,2811
2333,1844
567,1725
89,2808
3415,4957
3639,4797
4241,3615
1198,5063
1144,4774
1939,4738
1488,320
3205,1816
2988,2800
3536,4793
2231,4769
4545,4734
317,2790
3903,124
2970,1838
2438,60
2901,60
3220,2858
5084,4251
1032,124
3791,4979
3080,4891
4189,4921
677,4797
3854,2813
1331,40
4767,4683
1587,4787
594,2840
78,2855
663,55
1043,4718
838,4992
646,21
225,47
847,4777
3625,4613
2313,4728
2061,4671
4350,4935
1196,1833
2082,4858
1281,4994
125,4786
3429,4901
3818,4996
3551,2823
3522,4991
1465,38
1526,2853
2762,4847
2907,4688
255,1836
2738,2800
1615,4818
361,2847
4232,4870
3169,2772
5061,2825
4488,1848
3260,4939
2531,45
3133,2772
3550,2786
3662,4634
4006,4792
1947,318
4510,1860
4619,2671
5054,4914
1872,4248
317,69
3865,1833
2190,11
2065,4970
150,2865
716,4888
4136,40
4854,1896
3839,4770
3169,2855
407,4934
5005,3882
3920,4941
4245,5016
3264,4897
2288,4902
2560,320
1286,4797
1361,4860
4928,1817
1190,124
2155,2786
2576,4958
3931,4248
19,1851
1547,1827
1315,4670
4582,84
4592,4955
3242,4856
2571,1844
2802,4915
1997,4978
737,4679
835,61
5071,2788
2112,5000
2684,4998
1828,4832
3738,4728
1975,4723
2033,4774
4869,5066
3917,2810
3702,2798
3149,2854
338,4944
1329,1836
4320,4900
3537,5018
1001,1843
4451,5073
624,2866
2623,4682
912,70
562,4675
444,4766
2957,5069
2440,2765
4181,54
2362,1729
4834,4885
2567,4935
1940,2795
1107,4824
2759,2814
501,2788
406,4903
3114,2843
2444,2827
4218,45
1582,2786
4615,4957
2073,4830
1262,48
3549,2803
798,2851
1719,4919
2880,3884
4596,2848
3672,2788
2106,4991
3798,4743
2942,80
4125,4781
3935,2841
1290,4858
4007,80
222,2840
521,1851
489,4782
125,4882
1382,114
4597,4251
4053,4693
4486,4968
3422,1845
4663,4776
2882,2826
3148,4792
502,4772
1484,4253
751,4718
440,4832
1096,1840
1701,2781
3065,5065
4366,2847
1296,4746
1578,4970
3904,4729
3944,4790
2107,4908
743,2788
3741,1729
3285,1861
746,4954
4813,4734
1240,1846
3441,4730
3487,1845
3021,2772
43,1842
1485,3615
4838,4686
4365,4760
1279,4979
3591,4891
2321,4926
401,3924
2307,4904
2271,4731
3853,4689
2916,4972
4299,52
1614,117
3738,2858
642,69
617,4952
1243,4668
1035,2866
2137,4956
3151,5073
3038,4972
972,2818
3797,4697
2572,4941
4846,4921
387,4737
2907,4909
206,2843
2968,1817
106,4824
4852,4743
1249,4775
1414,4891
562,1855
3693,4894
1065,2808
4066,133
428,3913
2996,2811
2958,4918
2441,1742
1316,4998
3099,4696
582,2849
444,1737
4898,4961
461,4870
3337,80
4079,4861
274,1734
2423,2831
2753,3879
1783,4792
4852,2862
3755,6
2346,1860
1700,4979
2949,2865
2161,4990
4655,3615
1721,1735
1081,2810
973,4754
4135,1841
426,2813
2744,4939
3992,4267
1079,4743
1425,4848
2965,4755
3403,49
4562,4780
1251,4931
3012,2824
2601,15
3472,4894
482,4747
3259,4723
3502,1735
4050,5018
1821,2849
2358,4818
925,56
4453,4672
1682,4929
4867,4783
3652,4873
4745,4961
3691,4830
991,1735
1197,4857
3586,4958
2601,1833
2459,4723
3000,1732
446,4746
621,4978
1177,2798
2696,2781
679,3882
2898,2847
4561,2809
4117,2764
3338,4253
2339,4828
3225,4897
358,1833
2926,1841
3068,4817
3739,4952
1958,4860
4244,1729
2968,4890
3088,4731
4512,4901
3252,2822
1759,1816
1871,4912
2232,4682
2952,2671
4469,4883
1289,1836
1585,5000
2519,133
1596,49
3554,1788
487,1839
882,4877
187,4929
1165,4761
2656,1839
954,54
4650,4819
3968,1836
2710,2823
1772,4765
2405,4929
138,2781
239,1733
2756,4799
2942,2841
4948,113
1482,4994
1699,1861
4651,2671
1526,1817
2176,4860
4465,2825
2876,4766
2485,55
1624,2820
2045,2774
3821,124
1564,4896
2527,4803
5021,4249
4595,2839
2471,4797
238,4770
1636,1729
1641,4613
3899,4832
4716,2799
3008,21
2691,4931
912,4938
2453,2838
4851,1818
3989,55
1682,69
118,1840
2512,4929
2758,4919
979,4940
2122,4727
4484,4671
4821,4781
3620,4266
4384,5018
2672,4777
3647,4880
4302,4941
4176,4759
4150,51
5022,4849
4193,3912
1059,2812
2938,4779
2277,4955
2461,4953
3201,4672
1100,4886
4413,2811
3140,4998
3730,2788
3901,4736
4353,4900
1104,2774
3869,4876
3020,4735
3771,2818
2130,4926
4486,1843
4258,2800
3088,80
3036,4849
4619,2820
606,2799
3158,2776
626,4770
288,4751
683,4931
958,4861
749,283
1346,3885
1687,4731
1365,49
1529,4752
1032,34
3343,2818
3161,50
2522,4253
2548,1729
1507,4885
2436,4720
4397,4817
1063,2867
256,4998
507,68
4242,4937
1610,4855
2081,4266
1231,2789
2404,62
470,4832
1063,4873
3068,5
1241,285
2621,4913
3303,4917
3638,4728
3185,4797
3496,4896
1650,4251
3713,15
309,4964
2907,318
4189,3886
4667,4828
1209,4778
3197,145
1358,2827
730,4687
1772,65
3986,4251
4406,5001
1869,4679
1103,2813
1119,4994
1466,4266
4000,4777
1659,4674
1393,2843
4359,5064
2871,7
4098,2855
1276,4799
846,2833
3043,12
2946,4680
3055,4958
2518,1818
2253,4815
487,4934
964,80
4060,4820
148,1833
3043,1843
1819,1726
1167,4777
20,4909
790,4771
4927,2812
499,4956
2026,4753
1148,4267
4442,4855
152,2779
311,2786
5078,4733
3903,1849
153,4687
2361,21
4470,1834
3743,2794
1483,4778
659,2835
2975,1842
1287,4955
2467,1847
258,5000
2630,5077
922,11
2660,4803
3763,4790
3134,2788
1359,5075
1689,1731
2138,80
3378,4734
595,4734
2328,1748
4639,4675
3766,4671
1005,4888
897,4730
3798,5004
1394,1860
3948,4787
3418,4680
4586,4248
1710,1818
5033,4990
4362,84
866,1733
2662,4613
4135,3913
252,2840
2693,42
2311,45
2058,4718
1380,4921
908,3505
4702,3877
2712,1816
3916,4970
4841,5
3655,285
1959,4680
1169,5019
4636,4691
561,133
3448,4691
1858,4902
3068,1841
2950,5063
1090,4850
4502,12
2915,116
1151,4634
2285,4987
2396,4738
2624,4848
1244,2785
2268,3886
1035,4856
3452,4250
2476,5065
208,4685
411,4797
4207,4817
1949,284
1371,4993
3333,4676
1220,38
3372,2765
122,285
1099,9
3037,1834
2441,4777
2640,1832
1071,2785
632,2808
1631,4248
4853,4682
1229,4936
3800,1816
14,4963
4302,3913
2729,2790
1975,3879
2762,3881
4643,4773
282,2841
562,5069
3130,5077
3159,3882
3776,4857
1930,2768
3172,4772
1175,4904
4162,2782
3338,4979
772,4731
4454,4921
538,4677
4519,1726
4433,2811
1583,2671
163,4760
2346,4872
5022,4684
1291,4894
824,124
4368,4894
2907,4850
4513,2832
446,4674
4156,5001
3067,80
4000,4934
1023,4251
4576,5073
1428,2857
3805,4953
3183,4654
5078,2847
4115,4862
3162,1845
1784,4978
511,4850
4246,1841
3273,4963
991,2810
3015,4857
4537,4955
3002,2829
2440,4944
477,4783
1200,4824
2315,2803
4085,3884
2615,4830
3637,15
2354,4995
2115,2818
424,55
442,1850
1649,4998
2519,2774
4431,4789
783,2847
3768,4783
690,2768
10,4782
3984,1728
4161,4670
4337,114
3144,5070
5022,4251
1990,4902
3989,4251
1418,115
4508,1827
1176,4697
1420,1727
4470,2787
107,4784
2673,2867
780,65
4468,4940
3392,1839
1654,1837
2989,4739
3251,4816
1273,2822
1233,65
1795,4264
1747,4780
236,4766
3402,2784
2905,2824
923,4957
1219,2671
2924,4770
3142,50
2557,5063
989,2824
4980,2808
239,4734
3837,4991
3840,4877
1881,4903
1114,4831
3764,1735
4466,2773
2101,2855
3802,4819
1759,1862
4560,80
4079,4824
1255,2785
4235,2818
2380,4761
1801,4905
246,69
473,4249
2728,3924
1518,3885
167,4819
2749,4832
2793,2788
212,4997
4502,4672
2985,4793
4376,4906
2635,1837
4017,4677
3449,4253
2908,145
3596,64
1960,4788
2710,4915
4637,4855
1251,4902
3011,3505
2723,4772
3578,1862
2610,2846
1125,131
4039,131
1048,4883
576,1856
1966,2865
4053,4885
2342,4765
2583,4926
1468,4669
4624,2768
3568,2658
652,4979
437,1731
2805,131
2511,8
4450,4972
5034,4891
2363,2782
4070,4908
537,4680
2138,6
225,4962
2363,1
1757,4829
4821,2784
1067,2789
510,4957
2467,63
4722,4883
168,2866
2335,4953
1153,4832
2606,2818
3244,4681
440,4884
2521,3882
2578,2765
884,4951
2517,2773
4218,1729
2347,2824
3249,1834
2968,2853
1932,1843
435,4911
3706,2814
3144,4797
4649,4997
2480,4915
431,4730
857,4951
1670,4819
1852,4754
3373,4674
4304,2847
3243,1855
4665,4792
779,4668
1187,4885
1938,5063
471,1844
1184,69
3188,2835
400,4692
3747,4848
444,1818
4279,3878
2016,8
2589,2854
1296,4747
3746,4894
3401,4919
1496,4782
2316,4882
3699,4953
2529,41
3820,2813
1294,1832
415,1857
4255,4989
119,4944
4205,4877
4136,4908
2482,4687
4226,4786
3443,4890
4214,4654
2162,4890
1712,4790
1126,4994
4111,4904
2956,4894
4704,4265
399,1843
1658,16
4201,115
3205,4994
1389,4885
4016,2800
345,69
211,2855
830,4788
4710,60
1974,4688
90,4968
3688,4979
3455,45
2343,4901
689,54
2408,1831
3361,5066
1979,1855
2297,4963
3898,4684
466,4695
356,4989
4157,4679
4622,2847
4471,4668
209,1725
4102,1729
3707,1849
2183,4941
2223,1731
3608,4953
122,4776
1189,4250
1238,1735
5058,2787
3995,4613
838,2843
669,1818
4663,4793
913,50
2551,4741
407,4965
2999,4753
219,2837
994,63
347,4941
677,1742
2701,4764
4225,2835
2297,4654
3419,4990
4107,4720
5071,2811
2188,5069
2279,5004
4645,2860
1225,4904
4590,4824
2116,1849
924,2798
1667,2768
2423,5004
392,4891
3664,4787
861,1861
2621,2822
3521,4931
855,2783
5042,4761
2574,4857
1480,2827
928,4908
2387,2789
3059,1848
802,4941
737,2854
270,4815
1259,53
1446,2843
820,49
3480,1834
1075,4907
168,2862
1316,4902
1229,4803
2050,4799
4504,4668
1221,113
1494,2821
1932,4947
3206,131
3850,47
216,4876
2541,4671
2587,4764
1210,4870
1576,47
2316,2837
1071,4748
3425,117
4306,4689
4434,4634
4435,4879
4114,1725
1625,4635
2386,4934
335,2824
3225,1844
3558,4884
355,4944
2642,8
3249,5016
4020,113
3054,5000
2640,4940
2231,4889
3151,2811
2436,4860
2934,4887
3256,1842
1570,4777
4603,4786
2254,1735
1777,4884
2338,4791
1159,2846
3499,5018
5006,1729
1428,113
3599,1850
2301,4934
3776,4736
4608,1845
3018,4926
416,5018
4124,4791
2055,4920
3129,2822
1971,2658
1951,2776
3222,4957
640,3912
3171,1848
3605,4953
4059,2785
4231,64
1747,2781
3974,4267
2932,4737
1345,4872
37,1851
850,2856
3123,3882
451,2789
1349,62
1159,4803
1992,1827
3904,53
4455,4736
851,2835
4381,4669
924,4829
3022,132
3050,4880
1430,145
186,60
1781,4739
862,2795
2322,4775
4483,4776
621,2812
4077,2847
2283,4998
2069,4896
236,4891
1480,1
3676,4887
3536,285
2746,1827
2026,4780
1880,4693
1656,9
1828,4778
281,4880
3512,4862
4826,2671
3708,2800
2948,2824
4559,3924
92,4727
1078,80
901,4755
2990,4774
3471,4779
4283,80
1170,4777
2020,2773
1329,1818
2527,2782
868,116
4709,4674
2657,4958
2084,7
2328,1735
2624,52
3901,4958
2540,4249
3869,3883
3460,2829
3502,4634
1237,4267
942,4692
573,2820
3923,4799
844,2658
2364,4817
4484,2854
2617,132
1134,69
1180,4957
2940,2813
3470,4921
1580,4753
3475,13
3165,2767
1455,4688
2530,4654
2217,1837
4213,4885
2072,4785
127,4755
725,1
4465,318
263,2820
1060,4684
672,4741
3141,53
2336,4613
1082,2829
3672,5077
4315,284
3846,3886
340,80
3625,4877
1645,4748
2405,4964
4533,2831
647,4885
2591,4957
423,2849
573,62
3903,4723
103,4998
4014,4690
2075,2811
1296,4676
4107,4669
1406,284
2161,1816
4437,2768
3162,2858
2220,2813
302,4788
3240,4763
4538,4966
909,4938
24,1834
2913,4993
3477,4946
3928,4681
1520,2768
1882,4858
1990,4938
2493,3882
2780,4937
92,1737
1868,4696
2429,4747
627,2818
2128,4815
1283,113
1035,2796
429,4832
1888,4731
3141,2847
1676,4781
3424,2829
155,3884
2651,4685
1242,4264
257,40
323,5020
924,218
3838,4921
3707,2857
4335,16
3388,51
1220,4992
484,3883
188,4901
805,2827
1191,4684
1057,48
1467,4921
1026,2827
3280,65
705,4936
793,2798
3143,2844
230,3881
2299,4789
3575,11
98,2773
1676,12
1688,4901
1504,1816
4015,4939
753,5077
2139,2855
1407,1748
1147,4991
943,2803
3049,1740
4138,4937
2067,4882
2185,4674
3721,66
649,4963
2201,1849
4432,4789
4594,4764
4119,4751
2957,40
1015,1740
3230,4755
350,4857
901,4855
1248,1725
3137,52
118,4692
3057,4906
1357,4996
2638,2866
5051,115
391,2803
4588,4799
853,4880
4045,5000
1786,2800
3691,4761
1522,4820
348,4883
2734,4764
2904,4915
540,4735
4532,4886
1967,2658
44,2848
2560,4634
211,4688
3082,4787
2623,4918
295,4741
81,4729
1166,4995
4336,4760
5058,2843
1692,2841
1030,3886
3633,4754
4536,285
3639,4799
3280,63
414,3
879,1727
764,4918
4001,113
4056,2840
1709,4829
1472,4894
2982,1836
828,4858
2551,4818
1858,7
1143,51
1265,4680
582,4978
2706,4887
4347,4793
3086,4679
3251,4996
2395,115
417,1851
3806,4904
3307,2816
3661,4997
1077,4799
379,4996
308,2790
5008,15
1551,1831
702,1726
3774,4913
468,4681
2554,1862
3429,4673
1212,5063
4100,1725
1471,2854
505,4786
898,3615
4057,2808
3922,2820
3182,4858
2383,2866
2567,1841
4509,3886
4127,21
4402,1726
2340,4958
1556,1837
2641,5074
3334,2857
656,48
3269,4938
910,1733
2475,2856
3045,2822
3450,1856
3737,4819
1902,4903
1541,4909
3906,4906
405,3
2876,4884
2488,2765
541,1837
2228,38
2430,62
3476,4654
2501,4734
4047,4955
4391,2816
4619,4747
1376,2831
1424,1834
1470,5065
2899,4954
2294,2832
4666,4265
2147,1835
2283,4896
554,47
3678,2812
0,2832
3495,4901
4364,1726
3291,318
3209,4926
4416,4265
3445,3883
2010,2796
2280,4751
2365,4741
2334,4891
4381,2865
2807,16
3958,5016
4021,64
3773,4850
3004,4682
4259,2837
4013,1862
3893,4830
1111,3886
1417,2827
3512,4696
3129,5070
1109,2783
2234,1834
4262,4940
4293,124
3624,4248
4551,2784
1384,4909
3046,5000
4293,4773
3545,4849
3470,4784
1351,5004
4210,4750
4003,1835
2921,9
4332,1727
4495,4691
4053,1831
714,4770
4247,4964
1938,131
2276,4872
2437,4774
4209,2845
1496,4688
4796,4739
2445,4816
2176,5073
4015,1729
126,4913
374,4910
816,1849
3731,4887
370,4872
3233,4736
3182,4727
4510,4696
2987,4824
2545,15
3230,12
1941,4783
3128,1896
3042,4914
3477,2785
1712,4872
2802,113
775,4690
2524,53
123,1808
4664,4889
4710,3
1560,4919
802,4249
3707,4936
621,3882
3084,4694
1648,4688
3512,4872
1124,51
4758,4909
4554,4849
2283,1827
4012,2854
1277,2785
1301,133
2622,62
3411,2817
177,4718
452,4766
1501,4741
3973,1827
91,4695
4621,4727
4051,2857
2578,4760
267,4733
1427,4687
271,4774
1929,2781
567,2831
1458,2847
2067,1728
2399,3883
401,4873
887,1788
3295,115
1980,1847
3577,4818
3031,4738
484,4855
3080,5000
4292,1731
3706,4906
1450,4759
2692,4696
495,4784
4295,2658
2741,4889
2283,4689
4712,2764
703,115
4521,5077
4378,4797
3520,4781
1651,69
2572,4856
602,66
2541,60
150,4914
2195,66
874,4897
2496,4890
4795,2798
4137,1748
3916,5069
3456,4793
3968,50
878,2840
1655,4931
3738,318
220,4897
2470,218
2083,4772
4619,1843
3871,2858
665,60
2476,53
1266,2764
790,4888
77,4729
1268,1856
2959,4668
4580,48
108,4996
2036,4892
1555,1856
1980,2829
2240,4739
1796,1726
149,2867
2669,4683
2905,4938
567,5002
825,4754
3391,5075
787,4935
1284,4751
1948,4892
1083,2796
1743,1834
2441,4759
3622,4771
3330,2816
4844,2847
924,4879
4607,4952
896,4734
4194,4997
2213,4764
515,4913
1566,4824
725,1837
1463,2809
4145,1862
352,2837
1628,4990
1646,4613
136,4887
4457,2862
2563,4266
4409,2855
2863,4998
3270,4674
4219,4964
2077,4877
3365,5019
291,80
1984,1731
1125,55
4123,2787
1986,2833
2977,21
4184,4818
668,4733
3472,4670
4413,52
4073,3
2296,3877
1739,4739
2963,4750
2374,4675
2638,4876
622,4897
1579,2849
2678,4914
2282,52
2018,2809
3891,5069
366,1896
460,2773
3663,4780
3097,4747
3956,1827
970,4906
2472,4727
3487,2833
3567,4870
2027,2810
1268,1831
4021,5
4656,4751
1483,5077
1465,4674
4530,2790
322,2821
1371,2818
469,4683
3164,4613
3451,1818
2780,4817
2540,4832
1022,4820
915,4785
3148,6
4629,285
2661,4755
629,4873
2422,4903
1110,3912
2599,4886
3151,2810
1166,54
2806,4697
3270,4754
1018,2810
3954,4856
1225,4936
3060,1727
3152,4674
2577,117
970,4248
924,1748
1610,1851
1766,4792
1542,2840
1189,64
3771,4905
1460,1817
3449,4670
3976,2786
2513,4970
3966,4905
486,1834
2427,4883
1108,2827
2259,12
4842,2811
4576,4682
3758,4736
2507,4728
1515,47
4071,4778
615,2781
4079,2800
212,2862
3490,5073
500,4954
1390,4831
2696,2765
1602,5000
1432,4870
1883,114
2021,5074
90,2851
2338,1728
445,4748
3156,60
3773,4952
4343,3884
3658,4677
4390,1831
685,2809
4012,4743
3974,5066
2614,4908
713,4681
683,1827
627,2811
4500,4671
1315,114
2912,1861
2530,4748
3659,4251
10,4919
1080,4747
945,4654
1364,2865
3929,2858
3598,4828
4230,5074
2117,2864
4586,4816
2797,4752
3131,69
1718,2817
3841,4862
4422,4686
3366,4932
1235,3615
5036,5070
3354,4884
2640,5066
2129,2825
3774,34
2303,15
2971,4915
3028,4800
4644,4816
3919,4861
1668,4931
2907,131
3550,45
362,2844
3601,5073
4025,4861
2323,50
3334,132
1113,4670
2707,5075
1933,2840
1013,1729
170,45
565,2658
4486,4736
4123,4678
1178,4671
4310,4932
1528,4686
4441,5019
4064,3877
388,4889
3436,5073
3247,4956
2555,2795
859,4963
3448,4969
2183,4992
594,2799
4335,4789
3963,1836
833,133
310,4765
920,4801
4130,4248
179,55
4406,4670
3668,4749
3779,4738
1457,70
5005,1730
2381,4718
3592,3915
3297,1841
3402,4857
1699,2824
3301,1817
4146,38
1481,4734
936,4688
2758,2864
2689,2783
1382,4979
4514,4944
3417,2813
2274,51
1666,4883
4863,2856
3170,4946
2692,4850
1555,113
1618,2779
3232,4946
3903,1851
2277,1857
4076,1737
4804,4989
2475,5002
4130,4956
2094,4688
3343,1845
2327,285
566,4677
197,4952
2089,4266
996,48
3490,4994
1498,2794
2309,1857
3032,4683
4389,4919
4595,5000
2620,4946
1066,3877
2393,132
1434,4791
2581,1729
3049,4789
657,1725
2318,4909
788,4998
2143,4855
3300,2808
4135,3915
3718,2767
1475,4932
2408,4793
2919,1856
2990,1808
1284,2857
2771,2822
1023,3881
3649,4790
3005,4831
4409,6
2720,4689
120,4750
3548,4962
2538,4763
2614,4872
1061,4763
1110,60
3401,56
879,4773
3651,4935
865,4737
4854,4892
1036,4884
1040,5002
1515,4776
4151,4988
3482,2845
1304,4730
1085,4693
925,1835
2738,4828
4585,4849
2550,2812
2339,4900
3719,4887
4525,3914
2911,2781
2182,4989
3596,45
1262,1843
4620,1817
4045,4773
39,114
3978,5016
1761,2867
1986,4876
3837,4760
919,4993
4628,2866
2080,4855
2465,4735
532,1837
4133,4926
3692,1731
4016,4266
4629,2812
2105,1843
868,5070
4130,4801
1401,3885
2100,5063
1884,4687
3781,1817
1267,2851
1924,4696
1946,4679
1585,4251
4514,2788
2741,4820
1058,4774
339,4764
4480,4986
3303,320
1628,4676
2363,84
3943,5016
3378,4944
481,3878
3567,5065
4398,131
2873,4789
1677,116
1100,4906
3633,4753
5058,4753
3938,1850
296,4749
3478,55
486,4991
503,4791
2231,4770
1011,68
1191,4818
3550,2833
950,5001
724,2867
3623,4988
200,283
4290,132
4133,4733
2496,2818
3193,2826
3292,132
2374,2855
858,320
977,4862
2904,1838
647,1726
819,4770
1200,1845
2514,1734
3032,55
3085,4830
234,1827
4845,4736
137,4903
717,12
817,4883
4099,4675
236,3885
3705,2821
3151,2851
604,4861
2986,4877
976,4919
349,4907
4226,4780
935,42
4925,2831
1676,4803
3688,2788
1658,4690
3669,2835
3231,4998
149,4750
3236,4668
1499,4857
1637,3885
3448,4900
3662,6
3207,2867
501,2847
3109,2810
4339,3
336,4890
824,12
2993,4695
3312,4782
2257,2829
199,124
3777,4670
3425,4993
1701,4694
4480,4936
1177,4669
4811,7
2752,5018
684,4635
701,4755
2598,3880
3474,5070
1424,4791
1623,52
1741,4902
1101,4679
2484,2857
2244,54
238,4910
4059,5000
1202,2839
156,4818
3264,4789
4522,2768
2132,4832
546,4877
2129,131
4080,1850
4392,4775
2267,2783
1811,1834
1194,4886
697,4776
2391,7
4081,2671
2006,4953
975,1827
3371,2816
2927,38
4973,4775
3420,4654
404,2867
4241,4951
4967,124
5017,4904
3858,62
3282,4683
2106,4780
1520,2795
129,4952
3746,4989
187,4820
3386,2817
3561,4961
3255,4764
1665,5018
4353,4784
2538,4909
3035,4729
2491,4900
1479,3615
129,5065
1643,4718
2170,4743
1557,2865
4427,1842
2316,4732
1491,2785
1537,4990
2033,4997
4229,4900
556,1844
2375,2816
2667,49
785,4787
475,4856
3726,4915
4130,4692
4365,4677
3340,2782
384,2783
516,4735
2401,4992
1118,1837
3164,3877
1936,2768
3704,4743
1892,4879
1946,4989
1336,2768
95,5073
102,4694
1744,4793
4330,1728
276,5
363,2765
1486,4683
3873,4770
2900,4634
1942,1817
326,1729
4080,1832
1515,4738
3026,133
2982,5077
2896,4929
2089,4829
2221,4786
1962,1844
725,4817
2171,4994
317,4676
2561,4894
2336,4797
544,4766
2802,4896
467,1842
2271,4934
342,2840
3043,4995
2558,1827
4391,1851
4973,4761
4368,4669
2769,62
3845,4755
195,4735
684,1855
522,46
2155,53
4842,4858
889,2787
299,2841
2471,1833
388,2781
2653,4998
1297,4690
782,4266
2911,3881
2025,4265
2425,4940
2757,4787
2498,4941
79,2813
4716,318
699,4694
2258,4970
478,4673
3830,1730
4845,4887
4169,4993
3669,4738
4498,1732
85,9
864,62
1953,2784
2978,4901
892,4761
4187,64
3457,1845
1181,5074
4864,4916
1900,3885
2975,4878
3348,4830
3170,5066
4194,4768
1268,4988
4840,4669
37,4768
2435,4678
743,2865
2920,5020
2656,41
4588,2832
3458,4849
1247,4765
1745,4883
2727,4736
967,5077
3850,3882
3925,4736
2209,1847
1951,4762
2030,4940
2657,5063
1564,4909
750,2857
3195,4892
2078,4769
2650,4910
1040,4848
3973,4682
710,4902
1672,4737
1065,4917
2692,4687
4552,53
1550,4891
1653,1737
821,68
2667,5018
2100,2812
2353,4249
1757,4750
4627,116
2630,16
2400,4759
1175,4946
2087,4937
1936,2846
4551,4774
4724,4994
1482,4691
729,4953
1309,64
30,5064
110,4955
3776,4946
210,48
2166,4989
601,132
4077,4718
1907,1818
2948,145
2055,2855
2076,116
1749,2847
2442,1728
5045,5069
226,4900
5010,4791
4186,2776
3319,1733
4120,4733
2446,4720
1410,4777
790,2829
1427,4861
2210,1855
4948,4962
3836,4970
4557,4760
2358,2671
668,5000
2075,2833
2200,13
856,5069
3745,51
2963,4941
412,4909
1653,5004
4398,5000
1251,4251
3474,2839
2327,4819
3592,2840
2500,4904
1721,4690
2758,5019
243,2849
532,2798
1820,2789
1937,133
3335,4878
2173,3912
334,4691
624,318
3939,1847
1592,4688
4115,2855
1650,4964
3045,2764
3957,4990
1601,4937
3765,4848
3701,1733
1605,4993
79,4997
3958,4788
2881,2774
3613,4765
4874,4746
1883,117
1646,2855
5010,2779
3135,218
3545,4972
2319,4776
684,318
293,2811
3707,4965
400,4979
87,1817
4350,4815
4648,4909
3871,2825
2049,4951
2270,4680
5023,4987
3755,4920
3566,4675
3689,4774
256,2786
1722,1842
4895,4779
3920,38
1387,2865
2142,1850
3440,3882
280,5063
3257,5074
4306,1733
1195,2844
3867,4915
4173,4688
4927,4817
2232,4793
3616,2832
5050,3882
757,2796
2310,3877
1407,4907
4854,4674
3002,4782
1342,5077
1108,4831
4629,4264
3529,4791
2654,4938
1119,4696
3767,64
1031,2794
2188,80
2001,4730
4415,4926
2987,4754
2319,48
4169,2841
1824,2785
3435,2832
4606,4634
1534,4917
5026,1833
2340,4997
3647,2853
1979,2835
2420,4768
4581,4755
3787,4986
1646,4250
3592,4903
3378,114
4614,4972
2531,7
3851,4690
3988,113
432,2866
1469,4752
3492,1856
4271,1861
3699,84
2102,1730
2975,3880
3842,4678
4945,4896
1596,5020
1193,4873
1953,113
550,4675
290,4695
344,2851
3463,4964
4017,4930
960,4671
1600,4828
4508,4784
2449,42
4438,2821
690,4890
4726,4819
3594,4856
2209,4879
4628,9
1314,1849
1234,4882
2605,4894
1019,2825
2500,4861
2805,2772
2466,4669
4449,4748
4018,4962
3647,2788
4543,4915
2531,4820
1329,2851
4656,4889
509,4911
2065,132
3249,4964
2919,5070
2303,4676
22,12
3707,4786
4501,4919
1232,4791
514,2794
4381,4940
999,2832
1532,4987
533,4819
4839,5065
27,1729
3466,4990
4138,1841
3700,4674
3367,4877
3984,2785
1260,1732
2861,4829
4615,60
3665,2768
4150,4682
4278,4671
3085,1727
339,4990
3765,2671
3334,4743
3890,4972
3463,4954
4467,4764
992,4249
512,1726
1473,4816
152,4730
23,3913
3821,2822
4225,4680
2873,4891
1151,4790
1942,4989
1008,4921
2587,4680
683,4883
4945,4668
1244,2812
970,4691
3474,1860
1797,1838
3816,1833
3341,4870
1973,5066
1930,1851
2745,4904
2988,2844
163,4910
1000,132
5011,1896
990,5019
292,4746
3651,2799
167,4878
2381,4929
3050,4775
3646,4265
2656,4856
490,4908
3020,5075
4194,4938
571,4784
3818,4879
2752,4720
3327,4729
3350,1835
3474,4776
2577,4912
1374,4731
2094,11
57,2800
1232,4773
3817,2785
3205,3877
3041,4694
3050,2823
1513,2837
1913,4996
4384,4952
3182,4697
2498,4884
1910,16
3943,1849
5030,4926
224,70
4107,2785
640,4677
414,3877
917,4742
2050,2776
4716,5020
1444,52
2186,4956
4532,4880
1093,2857
4261,4932
257,56
3982,3882
3019,2824
3283,4679
1769,5064
2881,4635
535,4264
1823,4783
1165,2832
2186,4911
4863,4908
1166,4993
3416,2808
1630,4848
2418,2857
3063,1
362,4669
1535,2837
3534,4905
4143,4250
2661,5064
2422,4674
2171,4763
3528,2839
3554,4788
2958,6
1077,318
1248,2822
3065,4672
2462,3505
4974,2810
2585,52
3149,4671
4262,4944
1984,4929
1542,3881
3710,4783
3541,4832
794,4791
2258,2821
1434,2838
1900,4876
1284,15
327,2866
4011,4669
3650,4961
741,52
1505,5075
158,2794
2454,4797
4417,4679
1196,4816
538,4784
2872,2827
3697,3505
3989,4248
3438,4904
1721,5002
3460,4682
1162,1732
3799,4746
4441,49
584,320
670,2781
1222,4894
3582,4683
3001,4782
875,4891
2015,4857
2160,4692
1102,4937
4922,1837
5011,3880
4232,1847
1235,3878
2131,16
3233,3884
3701,4736
181,4994
2906,60
2390,133
2586,4732
3862,2867
3109,2809
33,1832
1277,4941
2457,2772
3386,4778
2724,4917
1269,3879
2987,2835
3852,5064
2188,4730
4530,58
2369,15
3015,3882
2751,1726
991,2773
564,4654
4520,4676
2023,116
4796,1860
3219,60
4560,5002
207,4693
1609,4963
1259,4963
943,4988
1994,4728
4845,2833
3223,4910
1169,2788
1662,4678
1229,320
2273,1845
832,4732
4095,2813
1298,4780
5021,3880
188,48
4213,4635
3764,4830
1694,3877
3155,4778
3445,5004
1583,4785
1632,2816
2352,4752
4012,1844
3201,4940
2903,4906
2337,4695
2616,4934
1470,3924
1290,38
853,4929
4451,2858
763,1840
468,3882
3795,1731
194,2841
4104,60
2404,4920
493,1833
500,4978
3340,284
448,4829
4637,2864
4999,4777
2861,4770
4546,4882
4565,5020
3220,4692
2536,4896
3449,6
3388,4776
1570,64
1519,4870
1048,4771
2573,284
1083,3883
130,4921
681,4799
3782,4731
1870,2787
2595,2810
4806,4753
4190,4763
2718,2860
4288,2811
4177,4742
678,4934
2628,4689
2353,3924
3181,4731
4192,4799
3764,2821
985,1834
481,4789
2242,4775
2504,4769
378,4832
3783,2790
3780,4878
4834,320
1597,1740
2204,4993
4224,4991
3926,70
1223,4939
4665,60
183,4723
4515,15
4854,2786
1814,1837
425,4911
3773,2835
2590,2787
3116,4902
1282,4266
2341,4782
492,4831
1005,2866
3286,4935
2101,16
87,2767
4256,4964
1600,1860
4430,41
1074,3883
1400,1896
141,4727
4179,4956
1245,2866
2726,3878
1261,1837
3042,4947
3893,4988
2156,2860
945,2785
338,4817
1819,13
1632,4817
2983,4735
954,2833
880,4953
1746,5000
772,4831
3466,4918
4629,1836
2938,4755
1654,67
3982,1788
3989,4761
4130,2867
3159,63
2193,4903
326,5002
3441,318
4081,1729
222,4683
3057,53
2778,4670
644,131
4083,4685
591,132
700,2823
5056,4253
3671,4903
4274,4909
2062,3914
3788,4673
3525,4965
429,4953
322,4907
3740,4265
3226,4937
4361,2812
861,4747
3802,4901
1493,1727
4032,1855
4925,1816
3202,4696
3455,4670
1794,4686
3239,4861
4827,2812
3388,4979
446,1839
3464,2658
607,4946
4582,4934
235,66
4840,21
4337,4820
2581,4862
2245,283
2437,4727
4205,4971
1048,4978
4144,2783
1228,4768
3210,4720
94,4905
1540,49
4973,4891
538,2853
3015,4880
297,1855
2285,2772
413,2831
1404,1862
3444,2779
594,4682
2544,1732
645,38
360,4683
4147,218
1143,2781
4825,1734
4622,4955
424,4691
2384,1748
294,2811
4812,4784
4280,4747
840,4880
1429,2866
3812,4926
3997,4689
2948,4682
2345,4635
208,4937
2311,4748
4719,5077
2042,2774
4027,4915
175,4266
2982,4884
1039,8
2498,1849
3124,4690
1624,2794
926,4877
3648,4759
1271,51
5058,2800
3263,2822
4303,4909
1250,4732
1162,4902
1666,2785
1952,2764
2419,1816
3745,50
553,2814
74,2779
111,2866
3623,49
770,4687
1966,4873
312,4789
1805,4789
4611,2843
4809,4634
907,4683
1047,2865
4438,1846
4089,4965
1518,4889
4056,4815
882,4730
4621,4987
4812,3615
4604,4751
2150,4962
389,4885
3871,34
250,4781
785,4718
1372,2835
817,1839
4384,4911
4297,4751
2533,4742
3807,4900
323,4884
3757,4773
2058,1817
4321,4751
1415,1849
3926,4915
2621,2837
4572,3886
4258,4847
631,4731
3591,5000
4316,4742
1100,4995
3049,1831
3215,1836
1927,4885
1619,4892
3851,2782
1488,4996
841,1845
524,4697
870,4831
944,4957
427,4995
726,4947
3472,21
4479,84
3793,13
3377,4762
1494,2858
1204,4880
4523,16
2643,1896
544,4988
1459,4969
343,4906
1318,4998
987,5070
4105,4776
1266,2798
3524,4718
3771,2822
665,4903
250,1832
3328,4848
826,11
5022,133
4174,4777
3481,4968
2191,2831
3128,4904
1700,4755
943,4916
2537,4738
2963,4954
3876,132
1522,4986
2916,4685
4984,2841
2680,4995
4717,4679
4593,54
4014,2764
3162,2855
1885,4996
1533,4911
2432,4737
4498,3
516,4998
3327,4676
3908,132
118,4687
2218,2773
3712,4862
1663,4693
4652,1737
4006,4997
3970,4849
190,4941
1907,4754
2621,2855
4823,2832
4324,4755
1706,2826
4167,2808
1750,4879
3409,84
4151,2825
3270,2787
2028,4786
140,4683
4310,1734
730,2768
418,4792
1930,4995
3534,2856
78,4732
1720,5000
3341,2786
2914,1833
5080,124
4942,4979
3264,4654
3487,1742
1320,4736
1174,4752
125,2827
216,131
3025,2833
2453,2776
4515,1816
2025,4763
2331,5077
1547,1727
2535,4952
3078,4992
1044,4926
1972,42
2417,4952
3719,2821
466,1734
2190,320
3744,4747
1287,4785
2902,4939
4492,4253
2027,4920
2499,4753
502,4832
2422,2773
3024,2764
646,1833
4465,2857
2626,4873
4413,4989
4621,4878
4602,4672
4643,4906
1826,4670
4567,4937
671,4940
3851,4884
2486,4904
3357,4900
3929,11
3800,2855
1428,4792
2332,285
2541,5070
3547,50
3251,1735
2308,5070
1528,4847
4422,2846
2516,4860
1222,4930
4009,4939
1054,3615
3801,65
2483,4887
2378,4861
3748,1844
4517,2781
1298,2817
2487,4754
200,4634
834,2800
2617,2814
2791,2810
3426,4670
2363,3884
3042,5002
1049,4890
2157,50
596,4915
1037,3913
1232,46
2354,4779
3803,3
3682,38
10,318
5067,1860
3963,4897
5076,4694
745,283
3300,15
3662,4786
2511,3914
4115,4965
2352,1729
2039,2798
1275,113
1780,4937
1464,2786
1471,4963
2475,4687
1289,4979
3775,62
1346,4964
4315,4694
2437,4892
2076,4966
1976,4958
4391,4693
4073,4783
697,4754
4715,4994
4719,1845
762,2787
4925,1856
3952,4892
1976,2809
1216,1862
1952,2790
4167,4958
1866,4763
2170,1732
28,4769
4376,4929
2727,4939
2730,2844
4407,50
5009,5000
130,1862
3512,4765
872,4888
2979,4886
2514,4877
3446,2764
569,4888
1308,1847
1236,1748
4854,4783
5057,2829
682,4690
2096,1726
1570,4685
521,4688
3720,4817
3993,4693
1020,4953
4229,4797
4450,4932
3025,2767
1932,4769
773,4688
464,4675
4143,3914
3134,4860
1445,4729
1177,4736
2709,2864
2904,4918
2136,4885
2687,4768
1449,1831
4547,66
3318,4674
1247,4264
3625,46
1906,2841
2100,21
4453,4966
675,65
3029,4738
3347,4248
4459,1857
72,4786
3392,4735
274,2866
187,1835
290,4728
2622,4883
1981,4947
1778,11
3088,4679
2697,1856
455,320
4840,1730
710,4253
4827,56
4121,4760
2770,4785
1937,1844
3576,66
4616,4635
3610,47
3929,4765
1207,133
361,1838
4354,1833
3191,42
2193,4862
1517,4677
1147,1740
4198,2814
1810,1862
457,4862
3231,4962
5015,1857
2150,4955
4423,4939
1976,4682
1399,1732
1781,4921
3705,2827
1296,1733
1277,50
3509,1728
2286,2853
806,4818
800,1856
2893,47
4347,2796
1018,4735
3531,4768
5054,4682
3841,51
1209,1833
4134,2864
2252,8
560,1861
679,2785
287,4937
3200,84
2060,45
4282,2784
4846,4902
2955,4736
3110,4889
899,1842
3708,2816
1079,4972
2690,4962
4642,2808
181,4914
221,4965
2056,4783
4509,4998
2905,3883
1104,69
3492,4777
4588,4686
305,4829
3344,8
3944,4266
4120,2671
4851,15
422,4921
2348,4900
4526,4751
2015,1848
4808,5064
4241,4762
481,2845
4639,318
2644,2843
1584,4817
74,4776
2909,2833
1344,4736
3468,4896
2168,2843
3124,64
1614,4998
4034,4768
3377,2837
533,2851
1179,4862
1160,5020
1701,2774
4491,5016
785,16
2295,4941
4721,4964
981,4787
2047,4860
4090,2837
4103,2862
2988,2817
807,2799
2494,1818
4590,2782
3816,4738
976,5000
1616,4789
1805,285
235,4686
839,4828
2209,11
2289,2843
2606,4674
872,2799
380,2764
1274,4856
3166,4929
4204,2849
3887,4963
767,4878
416,5075
3500,4870
4488,4266
212,2823
603,1834
1312,4831
541,16
3118,4790
2140,2835
5067,48
4246,2841
5008,4784
2385,4870
4591,56
4092,4831
785,1734
282,4919
2736,2846
2318,4889
3132,4919
3159,40
1299,4964
4122,3912
2432,3915
2529,4947
3752,4753
3862,4993
2575,4901
4604,2790
837,4734
3929,3882
732,4818
4262,2824
2019,4739
300,4678
1313,4849
1885,4747
5013,4830
4117,4735
3358,2847
1485,4680
1783,4769
550,4891
2255,4819
896,2782
1266,1726
1266,2856
3387,41
651,4935
109,1847
4632,4968
1716,2860
2256,2857
3928,3505
1516,1850
3232,4909
5076,4958
4221,4961
238,64
4703,4738
3902,4979
4845,1833
1635,4250
1645,63
1040,1836
3633,2831
380,145
1058,5001
2589,3913
1208,4816
2468,4817
1571,1857
4608,1837
1466,4668
271,4929
4664,133
2366,4799
792,4994
1918,2864
2189,2835
743,4956
389,4929
4536,4768
3215,2864
2372,4897
1079,4690
1428,4720
731,4800
2895,4790
2491,4916
184,4786
2484,56
1320,54
4609,4816
4193,4914
4320,4774
180,4679
1005,4828
3713,69
2299,11
3277,62
3082,1728
1465,2786
1969,4944
301,2773
4259,4613
653,4886
2168,40
1659,4783
2408,1835
1193,1846
166,4896
974,2811
2632,4947
2954,3886
1347,2825
801,4828
4545,2855
4447,4739
4178,3912
3798,4778
571,4265
449,3924
4652,8
1660,4773
3565,4994
1247,4878
4984,3877
5038,4824
3739,2790
927,2810
1666,42
2432,2833
3709,4970
5060,4250
4865,4679
2386,1748
3493,1833
3726,1849
2492,54
2257,65
3232,2833
2165,2814
2698,2767
1438,49
4080,4718
2893,116
1424,2835
3858,2782
3473,70
4103,4634
257,4727
4228,3880
3731,5063
2094,5016
4186,2824
359,4677
3757,4786
3222,4935
1669,4672
1578,2784
3041,4765
421,4797
2150,4691
4384,4993
3600,2858
3722,4932
2483,4957
4575,4996
3479,4971
3322,2784
263,56
3203,11
3044,5073
3573,1731
1530,5000
4999,69
3491,4915
2118,4909
631,2849
3890,2783
1306,2822
1909,4824
1585,4914
1305,4682
1658,4952
2899,4873
3764,4941
870,4797
1538,5001
1648,4735
2428,5002
475,47
3503,2847
3871,4748
4244,1725
818,1831
607,4781
1431,4885
4633,3886
755,4738
557,4894
4315,4735
249,2786
926,4978
2463,4736
2611,4736
2716,6
3150,4918
4083,1788
1937,1788
2538,2832
406,4753
1190,60
3124,2846
2926,4929
4049,4792
3816,4957
4169,113
963,48
400,12
686,4971
1859,2840
201,2779
1066,4817
4044,218
2178,2837
2928,3880
1216,4691
4555,67
3180,4774
2340,16
3614,1832
1935,4733
3169,4870
4010,4788
2343,5
3835,2789
1653,4780
1132,9
1875,4267
2407,40
3217,5075
1181,2866
1613,5016
4421,2827
1253,113
623,2846
3569,1844
2952,4830
1404,2767
1651,34
841,49
521,3877
3795,4884
1547,4964
4293,4902
2131,2810
981,4253
3405,4763
622,4769
4085,2858
579,1862
591,4915
996,4831
1149,4752
3251,2814
479,2849
4724,4784
3653,1726
2560,2867
4569,2867
2347,4777
2884,5070
3384,4953
374,4777
3946,2779
4270,2773
1675,2837
36,4693
1104,5075
3000,2795
3185,1851
4363,4966
506,1842
3555,15
4082,4685
210,4909
3863,4784
1329,3912
4864,2773
1390,4894
461,2786
3316,4739
3027,1850
3706,4733
1997,4772
4606,8
935,4754
3917,1733
2546,4762
3863,1725
4022,4786
2870,4678
4343,65
2412,4778
3905,4989
3423,4990
3996,4780
2305,4894
2380,4995
4320,2844
1654,2851
4031,2790
1499,1
573,4946
43,4267
2828,5019
821,53
2579,5018
1975,4790
4605,65
30,3615
1359,5064
306,2803
59,4677
1509,4897
3918,4904
2869,4909
2300,4742
3888,4939
2197,4687
937,4820
3669,2779
1399,4668
223,2799
3270,34
2338,4886
462,21
3874,4952
1165,2794
1989,4829
2660,42
2819,4672
2396,2812
3764,4897
3761,1844
4002,4970
4404,4873
4299,4987
1375,4735
3195,4733
2475,4688
3098,117
665,4912
488,1848
1969,4680
2210,4946
272,4668
2948,4941
2210,45
2546,4669
1035,4801
723,4739
560,4911
662,1835
4581,2817
341,4909
1316,4747
1716,48
3926,2784
4396,4674
1285,4873
2292,4748
2109,5074
3123,4732
1398,4694
2185,2824
1088,1837
2515,2811
2129,84
180,4970
2377,2814
1533,1837
1507,4870
271,4872
666,4752
469,1836
784,1816
2711,7
3531,4743
3046,2820
3297,4803
1853,4978
4013,4749
1746,4911
2623,4654
334,4781
2188,4978
1216,48
3429,2837
4659,2816
1654,2783
2681,4918
3452,4819
2075,4989
1934,4907
2050,16
3562,3505
773,70
2576,40
3442,7
2699,4762
3276,3615
5035,1850
3344,4693
2705,4908
2236,3884
2178,4772
2712,4970
3629,2774
2868,13
661,4692
24,4765
1053,5074
1995,2814
732,48
2146,1845
2599,5063
814,1856
1965,4733
2431,1844
1150,4754
920,2837
183,1837
4133,4680
1634,4935
1955,67
2222,4690
2404,4689
740,4817
2666,4876
641,145
1573,4920
610,64
2027,4905
4708,4887
2039,2831
852,5
4542,4978
1766,4858
2149,4253
3163,4957
1367,4964
815,3505
2730,4903
3634,4751
3602,2671
4639,4783
2435,1788
1333,4901
3574,2827
3961,4790
988,4787
1522,4673
4534,4763
43,2658
3409,4884
843,4669
3748,1851
3134,4861
4143,4934
2926,47
1345,4937
3563,4792
2599,4759
3151,5018
2497,117
4269,4972
3773,4747
1614,4763
314,40
4269,4861
3594,2849
1144,4780
2358,2827
3933,5018
246,3615
3344,4818
1590,4670
3938,4797
3536,4799
2453,2811
3534,4958
3315,2823
1772,320
1491,4932
3734,2767
4466,113
3571,1733
2314,4978
1025,5075
138,4987
2087,4861
3010,4954
3276,2772
4570,4635
246,4695
3805,1833
4475,114
394,4688
3620,1841
1604,4685
2077,4770
1789,4685
2369,4969
1760,4766
4098,1808
4260,1831
4359,4693
2459,4248
4647,4731
946,4635
2742,4752
515,2846
5039,2827
506,2821
2769,4995
3148,1726
4569,2773
2145,65
244,2779
4027,4669
543,4892
1141,2809
4076,34
3630,4892
4560,1740
2372,1896
73,4879
2399,4723
1528,4731
1433,4773
2910,3886
4065,2833
4415,4819
4226,2827
1447,4737
376,145
2586,34
2902,38
181,4913
1542,2810
3450,4998
1456,5073
3992,4786
5036,3884
2328,4762
4417,4996
1604,4878
3234,4906
4442,4996
958,2846
1171,4970
4594,4939
2471,2824
3157,4728
3416,1845
1920,1729
1906,2794
2669,11
2347,4849
3002,2840
385,2810
2769,1725
4296,4801
1363,3505
4446,4951
3019,4732
1968,4800
449,2823
3181,4777
779,4754
1244,1850
553,115
2741,2774
3846,2849
4637,42
3599,65
3116,4914
1285,4832
3286,4939
4042,4969
4037,1731
4588,4872
618,4264
1237,2767
3777,4249
1197,2840
4229,4752
2284,4686
1550,16
1102,4953
3957,2844
1177,4850
3142,4768
4839,5004
1220,4912
2136,283
4321,2798
173,4764
1183,4781
4151,4847
1914,113
178,4978
2394,4743
394,4919
1684,4998
2400,2788
3955,11
2906,12
129,4735
2453,4691
3783,4265
464,3877
2243,3884
818,4770
2354,4847
1245,4937
4090,2774
4135,4877
2331,1849
4341,4675
1269,4900
289,1843
214,1896
3646,4921
697,3882
1271,4849
4222,3881
482,4926
1885,4746
2622,2838
3916,132
2373,1850
4542,70
3187,4264
247,4755
2652,4901
1576,1740
2444,1837
1770,4902
244,4830
4303,1
2732,50
4846,1839
2908,4686
2092,5020
1947,4732
1773,1845
544,1896
3291,4672
3693,1836
1422,4677
2698,113
3776,4793
2350,50
4812,6
2588,4264
2192,60
1693,4971
3754,2840
1129,4990
3690,116
1601,41
4651,4696
1930,2787
4598,4884
3893,4986
4447,1896
2731,8
3673,69
3737,4787
4272,8
2667,1788
1910,2832
1189,4792
4140,4824
1314,4830
4567,67
1279,55
2368,4799
849,4780
3758,1742
3947,4763
3787,4914
2597,4957
3691,3505
3498,2827
1194,4676
749,2787
4056,4913
3361,5069
3983,4766
3290,4803
2079,4783
2575,4906
2203,2867
538,2658
1197,145
4330,2840
3871,2838
452,4729
397,4264
2250,4897
1230,4739
843,4917
1473,4766
756,4878
3586,2855
3671,51
3738,4885
3496,4760
4072,1837
2685,318
2180,5074
2927,2851
1311,46
734,4777
2577,2847
1706,1848
1315,2847
647,4926
2043,63
3158,2849
4483,4689
4821,5074
2321,2798
3701,1837
4628,1837
4221,4978
2536,9
1622,4936
4339,1827
2077,4760
4158,51
4044,4733
1426,4820
3797,4883
658,4736
2333,2782
1323,131
2742,4686
1227,4992
3752,1833
3334,2811
2031,51
2578,2824
3171,1841
3099,60
2683,4735
3301,40
2296,3881
2589,124
3027,9
2085,4784
5056,2862
1202,4250
4256,2854
3050,4248
4244,4828
1492,2844
1331,4879
184,2838
2473,2789
4982,2783
1973,2867
4610,4880
4666,4955
4205,4781
1812,4803
343,4886
1663,16
2343,4775
4481,2820
1021,3883
1532,1896
1396,4797
5026,4908
3277,4777
1195,4877
2253,4790
515,4613
221,4732
2271,4993
1310,4718
4303,116
4511,4777
3402,4944
2652,4873
4326,319
3359,58
1599,2833
1002,4786
2926,4934
3004,4847
1691,4913
842,4686
4181,4613
3304,4883
1824,4900
1641,4734
2274,5004
4311,4998
1286,4749
1477,4771
1118,4987
2327,132
2381,3884
4616,4771
4600,2856
1581,4856
1828,1896
1413,4870
3147,1727
3506,4750
2736,4872
3868,41
3381,3912
119,4994
2478,4902
2131,2862
214,4978
4001,4971
2208,2781
4309,4856
3436,4936
2960,4966
3602,12
1549,3885
1436,2846
1936,318
2999,2838
3013,1837
1893,5016
3495,1733
1058,4748
599,4858
3062,2856
3139,115
1030,2860
951,2811
572,1742
3134,4775
4513,318
4215,4935
165,4777
2041,1732
427,4997
410,4861
1940,4737
3102,3912
537,2764
3410,4250
310,4743
4131,4829
3832,1857
1774,4916
974,2772
1438,4818
1540,4800
1602,4774
2022,4683
803,1728
4443,2841
3864,2832
188,4732
441,2841
1197,6
1614,4940
2209,4978
1436,116
1997,4818
1564,4718
1431,4763
4846,4776
1965,1
2274,61
3151,4685
4117,4885
491,2795
4174,4830
1051,2837
1653,2786
2063,3615
1684,3883
1567,4634
2259,4760
3937,4680
825,1838
4330,55
4102,4940
1565,2820
2624,5000
4451,4913
4502,4860
4232,4613
3340,4264
1331,2824
1207,2829
2402,4932
332,2785
2437,2821
1700,4723
122,4890
3090,2799
4614,4673
3244,4953
2301,1856
1293,16
3560,4681
3129,2843
1569,4947
2503,1840
4168,4882
1358,4971
930,2835
1883,2811
1399,4671
1226,1840
602,1856
268,4792
3545,4931
3663,4748
4419,34
3155,4937
1306,2843
4258,124
378,5077
1545,2818
4945,4790
329,2782
5009,1849
2431,4916
2376,2779
426,4735
2495,4764
1677,2796
5045,4910
3972,4265
4393,4776
3598,4786
4558,4775
1266,1735
1452,4850
1248,1862
2520,2840
1806,4687
3235,4860
4277,4784
4841,1855
2338,1827
4561,2829
1060,4824
370,62
2069,2855
3223,4966
921,4779
3969,4761
1678,4613
1753,4676
1874,47
942,4894
3514,4861
2176,4685
1274,9
3635,4930
3513,283
4285,2839
1933,5065
1470,2855
1246,4929
2399,2822
4745,1845
2352,4680
2423,4989
1133,4785
1890,4972
4924,2829
19,4906
905,1848
3177,4952
851,2772
759,4754
177,1839
3806,4749
808,1827
4113,1862
1143,3615
698,2811
1414,4938
569,2790
1514,4885
3365,4751
4244,4742
3047,285
799,1728
4318,3878
1106,4778
3612,4919
2540,4775
3815,4888
2422,47
1031,2823
2228,1728
2123,4963
4410,3912
1419,4878
867,4957
1295,4686
479,1855
910,3615
1985,4697
4202,4689
1663,4996
4663,4860
4165,3885
4077,3877
3175,2821
2491,4670
397,2803
2917,5020
796,4792
4408,4926
1200,48
1376,4762
3815,4687
2478,62
3443,2832
2226,47
22,1816
169,4771
4399,4799
581,2835
1805,2822
1114,4264
619,4858
2937,2829
4317,4759
2361,2772
4845,115
532,4900
1218,4817
4844,4803
2937,4778
3007,4860
1180,5016
4564,4731
3292,4689
2562,5020
3543,2794
2463,2795
3450,1851
4275,2822
1084,4919
805,4941
293,4819
3417,4941
3072,4778
555,1742
2478,4654
1258,4890
3477,4786
4272,2866
2056,4771
2984,2776
887,1861
1716,4888
2029,5070
4459,3615
3039,132
4833,4955
863,48
2902,132
870,34
4982,1725
3894,4989
4527,4946
4023,4635
261,4737
726,4862
1260,5064
1410,4861
531,4754
662,4251
3065,4677
773,5004
5061,4849
2277,4685
4489,61
247,4750
1622,1725
2522,2826
4017,4685
3008,4771
3239,285
3575,4909
4593,113
538,4876
1995,4913
4231,2799
3242,4849
4523,3912
2911,4676
1591,61
4171,284
311,4695
1057,4997
4899,4690
666,2846
4649,4830
594,2835
2618,4912
757,145
3317,4978
3972,64
1524,5069
2451,38
724,4952
1547,8
2117,4944
3994,4886
3490,65
3893,1896
2545,4962
1319,2814
3782,4962
4716,4990
3875,4902
2533,4828
928,4872
1273,2824
459,70
1023,2817
1499,4861
1880,52
2233,5002
954,4737
839,283
4846,4900
4922,4265
820,4797
824,4792
2085,4986
2517,11
4967,4892
584,3878
1759,1855
2894,285
1222,4686
1367,4793
917,1848
253,4861
4089,4849
141,4995
2640,4682
4230,4988
2766,2841
2469,5073
3745,5018
465,61
2935,4962
963,2824
355,4799
4287,13
1979,4264
456,4891
2104,2816
4446,2866
2766,1846
2602,1855
1714,4896
1113,2794
4383,4765
3772,4689
281,4785
2411,4990
3034,4759
835,4992
3408,4830
3262,4887
823,4994
880,4860
1661,4684
3798,6
3994,2767
3820,4847
292,4777
1509,4742
3004,1833
2942,5000
1686,4741
4437,1833
2198,4669
4274,4850
1091,4752
2183,4753
2757,4668
2152,4987
1411,1848
2059,1831
2346,2782
2160,4677
2134,1851
2898,4888
2321,3914
2989,4847
861,2818
4503,2799
1104,4686
328,4731
3870,4697
2430,45
2973,4251
3834,47
4942,1788
4006,4690
3567,4728
804,3505
845,4741
2079,80
24,4697
2504,62
1380,4986
1127,4741
3862,3881
561,4889
4949,1733
3149,4862
1884,4941
3672,1857
4467,4683
578,132
2489,4759
3178,4735
3939,2821
3298,2833
3487,4765
4332,2849
4331,4907
977,4668
2314,4996
1420,4781
1892,2833
1906,4964
2895,4988
3484,4673
4210,60
2152,4668
596,2833
817,4689
4662,3877
3999,113
886,1732
2145,2789
162,4739
1179,2788
2243,4856
2342,2824
4412,4912
457,2786
688,318
4552,11
2264,1840
433,3915
1693,4970
1433,4966
4393,4994
2283,2848
5083,4848
4569,69
2721,2790
3619,51
2350,1742
2637,4755
2466,4930
5014,4683
633,40
1954,46
447,1728
3183,1850
772,4683
2681,4988
3757,3915
2556,3877
1936,4720
2417,4817
1901,4941
4270,1840
4097,4761
4503,2813
4839,4882
4726,2853
2427,48
3446,4947
2550,4776
4483,51
2087,2818
1033,4673
2709,1851
379,1848
3774,2851
1513,4264
381,2774
3290,40
321,1737
2449,3884
717,5075
3088,4755
3009,4800
2991,4688
3342,2856
2208,4674
381,133
2423,2820
3745,4887
1950,4994
3916,2809
1510,2809
1456,2816
2246,1836
1079,2790
787,4938
4950,4799
1170,84
2900,5019
1491,4830
2921,4736
3303,1728
1158,1831
3587,2851
262,4775
17,4832
269,4815
336,40
2009,115
389,50
2050,3924
3850,2831
2660,4689
4230,3882
3774,11
1863,4970
2261,4747
1090,2786
3052,4746
382,133
2930,2829
4289,4856
1236,4857
3916,2862
3750,4989
228,2857
669,4969
450,4769
3733,41
2601,2768
3553,2853
3022,4748
3709,4780
424,5063
4012,16
141,2845
2100,2671
3213,11
3054,4694
2193,4997
3322,2798
3107,4855
4529,4797
3687,1851
2008,4890
588,51
3221,4894
3388,4687
2399,2658
4092,2779
3055,5074
2278,13
1677,5002
1039,4940
4404,4919
4632,4264
3231,3912
4840,2839
897,4944
4262,2858
5078,4750
4864,4870
3997,55
950,50
1202,2857
25,2767
3353,4264
2125,4672
1764,4939
3842,4915
3198,2773
2413,4752
1422,1851
3058,2832
4195,2847
2244,1850
4025,4884
2489,53
4296,4987
3925,2808
4510,1734
234,4968
3304,4771
1993,1838
2702,2867
1736,4886
847,2837
3367,4249
2775,1844
332,50
4229,4692
1761,4850
4535,4995
979,67
1974,3882
828,4876
3426,4774
4077,1837
2559,4743
479,50
789,4759
475,4793
3363,4862
167,2835
1920,4774
1112,2776
4650,4891
166,56
4144,3924
2258,1855
1578,4858
919,1740
2534,58
4210,4882
897,4736
2159,1841
841,1850
775,4771
1469,1842
5047,4752
273,2794
3922,4613
3863,52
2528,4902
3205,1850
1475,4860
2390,4673
3479,4697
3241,1850
4481,2837
4200,4803
2328,4819
4033,4799
1992,2818
947,51
3288,4883
4805,4996
3400,4769
4536,4880
3622,2848
2191,4993
460,1848
1068,3877
2533,84
247,1728
3012,1827
2661,4736
3002,45
4079,3877
1595,2658
1605,2813
834,4987
2102,2776
4214,5069
5022,4910
4326,4747
2381,4953
1787,4793
305,1726
1483,1833
3626,3884
1103,284
529,4918
4543,2839
1035,84
199,4907
976,4946
3966,5069
4449,1748
2922,4770
4244,2768
869,4772
4391,1737
4536,4829
2478,4913
1933,3884
3021,2787
1139,4752
443,47
3427,2795
848,4790
1075,4249
4664,2764
1047,1740
3034,4970
3532,4919
883,2817
3044,21
2895,4762
951,4818
2815,60
87,1733
2690,1737
3306,2855
304,4894
794,2781
4591,4789
2324,1855
1012,62
354,2824
2385,1727
4394,4921
4756,2867
4441,4879
3241,4998
1224,4858
5083,1846
2619,4886
352,1857
1690,4911
3851,4775
5068,1844
1610,62
2915,4694
107,2821
3522,4690
4501,2811
2637,1732
4426,2829
4159,1841
4230,1827
3208,4914
3521,4860
1720,1857
2109,4878
4054,4668
2912,1896
336,4850
240,1841
2065,4901
3575,51
1252,284
2022,1734
856,69
2338,84
4552,3924
2352,5020
498,4784
1937,4248
2740,4732
153,4775
907,4635
3528,1831
1238,5070
4703,4791
1435,1855
4069,4929
1250,4750
2990,2847
2511,2808
563,4944
3001,4901
2483,4730
3262,4776
4141,4880
988,4872
1096,116
2938,4997
4437,4991
2792,4829
953,117
1499,4963
4013,4747
4342,4788
2218,4683
1307,4917
2668,2784
542,4681
190,4962
2756,2811
2331,2854
2452,4764
3830,2855
1982,4746
3042,4886
622,2798
1760,3881
837,2810
1132,4694
2238,2765
3388,4850
4079,66
2364,4861
2181,5073
2334,2786
4581,4882
583,1735
1951,4890
3467,1856
4945,4886
3891,2848
3438,41
3387,131
1399,4946
77,4779
4645,4990
2613,4788
3529,4891
3457,4940
404,21
5058,3880
879,4768
1875,4741
2299,4939
3094,4774
2392,4929
526,4750
567,4696
1282,3879
1491,4905
5030,2845
1883,4952
4985,50
2010,4672
4045,4815
249,4947
3470,6
4413,5004
1930,4718
839,2783
2283,3886
1772,4733
640,41
1933,4969
4794,4902
961,4862
2842,1843
597,4690
2239,11
1229,4929
3351,4997
532,4790
592,4831
4008,1836
4325,4939
3485,4680
3162,4855
3806,4674
1825,2853
1013,1855
2842,2788
3674,2833
3244,4926
146,4754
2273,4800
1109,4935
3455,2784
3699,2772
4245,50
3939,1861
477,2854
3677,4911
4602,65
1330,56
3708,4887
3600,4958
854,48
1790,4939
995,4690
978,1842
4924,4986
4642,2789
630,1729
914,4788
2948,4734
1133,320
3148,3924
600,4966
2066,5070
4049,4939
1378,4746
3262,3883
4223,145
590,4748
2972,4961
4038,4920
520,2822
3654,49
3193,1846
4488,2810
3768,1748
153,285
1774,42
2364,5073
4505,4747
166,4253
2193,124
521,4884
1086,4736
23,4694
3183,4885
4332,4729
4514,4894
4298,4793
2752,3505
1156,4855
3501,4253
2586,4996
4540,5019
1054,4775
805,40
3898,4978
971,1840
2936,4934
1255,4889
2024,2835
3793,4963
3614,4947
2911,4820
349,1849
4205,52
893,2820
967,1833
1472,4769
1496,4680
189,3879
2235,1742
2454,54
1173,4764
4229,4780
74,4883
1082,2812
4258,4771
4110,4992
119,4858
224,2820
3585,11
3154,4673
3319,4932
793,4766
2797,2787
1651,1840
3787,4872
1188,4964
3286,2803
1602,5069
1203,1827
3202,4910
3249,1841
2718,2854
4291,56
3554,4819
383,4772
916,4789
2530,4830
540,4969
1883,4742
2326,3879
957,45
1510,13
2777,1731
3921,3886
694,2826
522,4799
1905,5075
1180,11
4318,4654
1291,8
1270,4784
4397,4720
2086,2816
2757,4889
2081,3877
2404,4727
2649,3886
1285,1856
3366,4918
2145,2794
3223,4251
3853,1896
4619,3884
3784,4676
4147,4818
2257,4883
3530,3915
1775,2839
352,2831
1139,115
1132,4987
829,1845
3580,4718
2042,4753
973,5064
1678,4963
3061,50
380,4773
526,1834
4468,4953
3162,4730
121,2867
3237,4877
3841,2799
417,3913
4001,4765
4184,4971
496,4696
4166,4687
1637,3
5011,4885
2189,4780
1634,4774
4614,4904
4584,1847
1300,4728
3138,5000
3794,2776
3613,1856
560,4668
4586,5074
530,145
2261,4932
3916,4900
104,4957
638,4894
578,133
1177,4995
1704,15
2546,4961
5009,4264
1790,4673
1629,4882
3309,2776
3984,41
4980,4962
4286,2857
4871,4749
2020,5070
3666,1841
769,4911
1128,2844
597,4902
3730,318
3095,2814
3783,4693
2636,2671
4347,4955
2389,4956
3184,4936
4541,2784
3379,133
1933,1734
1268,3882
3176,4253
772,4886
3930,4996
437,4971
4437,4934
3167,2782
3022,285
2532,2813
1778,4749
4430,4970
986,4251
4259,54
2029,1838
2323,1850
442,2818
3842,2829
2555,4266
1097,4939
1633,5001
161,4775
182,4668
4813,1748
302,3880
2130,4769
2989,4832
1437,4902
1474,4816
2718,4940
500,4940
3427,4919
1635,5066
840,2816
715,4764
4704,13
4310,4755
2149,4750
4503,47
3132,4800
2335,4916
2889,4882
2928,4856
1603,4770
1012,4249
3384,2813
3257,4831
2164,1845
167,3878
2718,2818
358,4672
2934,2789
5003,2848
4114,1843
1643,4878
1589,4934
2884,5077
4277,4903
1939,4788
579,2839
650,4742
526,2866
333,4954
3565,4880
1137,4693
4744,4883
1640,3912
2182,116
3965,4686
4600,4918
3894,4682
279,2776
301,2816
3314,4877
4116,4951
4020,1845
670,66
3899,2822
4128,4684
1917,4790
4081,4803
814,5018
1918,4746
3213,3880
1618,4776
146,4683
272,4882
1186,2800
2457,4688
4497,4905
3386,4730
1143,2856
3534,4824
4118,2862
1891,5000
1409,2856
3208,1725
1215,4728
2034,1737
2118,4753
3726,4880
1094,2845
4942,5
774,4829
4566,4635
3170,1845
338,4686
75,67
2001,2773
565,2858
1692,4769
845,4776
4645,4951
2686,3879
2367,4896
1609,5075
444,5016
999,4884
71,2773
3369,4763
3373,3885
1407,4733
3777,2839
4542,4681
4039,4781
1110,4965
1679,5066
3494,4953
2590,3914
1636,5016
3027,1856
2732,4759
987,2812
926,56
4076,5064
854,2851
3643,4695
3655,1845
1060,4774
2891,4677
983,4817
3904,4654
1191,4966
1027,4801
4399,1845
3713,4613
3091,2786
335,3880
1274,4683
4496,4820
28,4858
1346,2808
1578,4918
2599,4253
984,4768
3083,4877
1178,4885
134,2856
2705,4746
4358,1727
379,4915
3083,2787
4013,4774
4519,4755
2250,4751
3500,4932
1186,54
4642,4963
2597,2849
4401,2811
2117,4887
4530,3915
2666,2818
2891,4912
3832,4766
2233,4688
504,1725
553,4878
3577,5074
2620,2781
1390,1831
224,16
1691,2788
4303,3913
3176,4764
945,80
10,2787
3647,1729
2613,4654
2536,4878
299,5066
1414,1732
4335,4781
1889,4889
4101,5073
1689,4997
2473,2773
1448,1748
1660,4693
1152,3505
3792,4992
2084,4885
2179,2823
3844,2858
5023,4966
1549,4951
3518,53
2958,4997
1073,3914
511,3877
3280,4829
2474,2860
1797,4920
3037,4768
2713,4941
147,4761
2406,5073
4337,4891
1951,2816
4030,4856
99,1742
4112,113
1711,4696
3078,3880
4552,1730
3112,4917
3842,3883
3792,4669
2517,4771
3225,4730
3863,1839
2361,4820
3719,3915
4602,4781
719,4741
2584,53
1409,318
4387,4782
3486,58
825,2827
4881,1734
1778,4771
254,4692
828,4265
4663,4905
4365,4774
885,4958
2890,1839
235,320
4538,4785
1996,4971
2732,4919
3153,2800
738,4250
781,3915
2922,4677
4604,4735
2690,1734
2327,2847
1096,5069
3493,4779
1123,2848
570,1850
398,2809
553,2818
752,4253
3151,4995
3010,53
3055,4992
737,5074
4622,9
1953,2848
4162,4966
2053,4938
3498,145
3314,2818
1534,1731
596,4760
3640,2864
3521,1742
2320,4860
432,5020
1803,4635
1058,1849
3222,38
1419,4882
5027,1839
3516,4817
826,2779
4719,1827
4278,2865
1147,4966
4328,1748
3960,4920
3004,4749
4573,2798
4218,4781
1331,1857
938,4873
2457,4892
3347,4818
3056,4671
1161,2818
2486,4908
2341,4753
2000,4926
1176,4677
1023,4784
1786,4764
3443,2820
314,4674
4216,4912
799,2774
3014,2658
2978,2774
3590,5019
3083,2831
2338,4677
3278,4969
4056,2773
3572,4686
1586,4695
169,4800
3633,1843
3794,13
1245,1725
1688,1842
904,4759
2087,4894
3160,4888
3586,4876
1479,1788
2001,80
3520,67
3017,4998
2693,1725
2531,2810
2238,38
3765,2809
2332,63
1913,4831
3939,320
2294,4731
387,4801
682,15
1053,12
2468,4953
4579,4774
4381,4634
1993,5063
1603,1848
401,5
1680,63
4040,1836
3108,40
4422,2782
2515,4696
745,4848
4495,4774
4183,2671
716,4988
551,4797
1002,2812
2302,2776
3920,7
4050,2846
1041,3880
1795,1849
3679,4882
157,4915
3434,3879
626,2776
2342,4894
3851,2848
1572,2841
3074,4728
3706,4879
1668,2823
3548,1860
1300,2841
2729,2798
4898,4764
2549,4251
993,4727
760,4966
612,4755
1777,4788
3054,4251
2329,4693
39,4918
2424,4693
3628,5077
3979,4936
3532,3879
3359,4944
886,4848
872,4681
2337,4776
430,4789
4535,4762
2289,4791
418,4824
4514,133
3904,2851
2585,2851
3981,4789
2209,318
295,4738
2284,1730
3735,2803
2957,4738
1424,4799
86,4790
3093,4992
3006,2825
4457,4970
4386,2829
2017,51
4827,4676
4811,4750
2538,4855
2077,1860
4270,3881
1110,64
2268,4774
5058,4634
650,284
3020,2818
187,4993
4369,4970
1693,1833
2277,2855
3543,2856
3291,1843
4189,34
4397,4733
3821,4691
2327,4769
4428,48
4109,2847
1434,2835
3686,2823
2358,2779
3731,4250
1057,5019
600,2789
4336,2845
870,4917
3210,2862
4222,5
4703,1844
3311,132
4837,1730
967,1832
1736,4911
4189,4818
958,131
4191,113
3371,1856
1512,4894
747,1818
2114,4685
1557,4613
4480,124
510,4955
1120,2817
613,5002
1255,4687
4497,4732
4640,52
4112,4901
257,13
751,1827
1199,319
1433,2764
3008,4966
4426,21
1949,5069
1907,1846
391,4776
2724,4737
3457,4926
1284,4732
200,4888
1048,1788
5027,4266
849,2827
4225,4783
4826,1733
951,4896
4278,1734
4168,4752
4546,6
2700,1742
2396,4990
3598,4766
4377,4690
570,4768
2255,4734
669,1727
1028,80
98,4887
3972,2768
4030,4784
1430,2856
4086,4892
1357,4735
2018,2843
4212,2862
198,1742
59,4768
4530,4941
4609,4920
3538,131
1490,2764
4070,1862
811,63
2468,4783
4377,2789
577,283
3740,52
102,2776
3665,4250
4198,12
2210,4824
1761,4939
4590,4791
3096,1844
2880,4251
3148,2817
2638,1727
3107,4940
4182,2860
2623,5
2464,5069
263,5063
4101,4729
71,4677
3888,1817
3404,2794
2921,4952
336,4248
4531,2784
104,4815
1515,5069
2104,4777
4312,51
1479,4910
1891,3884
1892,4774
1422,318
2146,4831
3927,4747
1402,4892
3917,4752
1613,4785
1719,4878
4410,4766
4434,2854
1779,2816
1632,1833
3996,1862
4584,4954
166,4997
2775,4761
4046,4991
3567,4952
4625,60
871,4751
696,4849
2347,3883
1695,1732
2509,4965
3790,2822
3624,5000
1094,4887
3074,4876
3235,2845
2412,4669
1516,1846
3095,2809
2680,4958
4361,5069
3785,4763
675,1836
1092,2831
2731,2844
5051,5075
3481,4775
2907,49
4149,2832
1961,132
3255,4731
2610,2824
2287,4731
2859,5073
2677,4730
2451,5020
2590,4931
4554,2765
2101,1847
629,2845
1419,4748
1202,4884
111,1841
4657,47
1134,4956
2889,4992
1470,218
1561,4830
838,4743
3429,2858
3389,5075
4466,2831
3260,2826
2288,284
1056,4913
1343,2765
3097,4738
3105,2781
879,4613
1276,4766
2180,51
1498,4634
3221,4987
1511,4751
1337,3879
2475,4730
4127,4790
2030,2848
1545,132
3950,5077
4437,3884
1074,2814
309,4857
2830,60
3664,1840
2484,3884
248,2866
593,4828
758,4780
2685,1856
1744,4668
316,47
1085,4759
1652,3878
4164,4962
1789,4751
647,4936
2611,4692
4041,2809
3515,4727
4616,4792
4252,2814
4722,34
554,4944
653,2789
2381,1734
2112,69
4210,4668
3799,2848
1325,1843
4212,4904
3195,2824
1632,2849
4459,3882
2293,2671
1572,4764
3709,1725
4358,2795
1322,4678
861,4938
529,2785
792,4249
235,1728
4497,4793
4605,4920
1444,4738
4448,4739
2052,2658
362,4956
3230,5004
3564,4910
3990,2829
2008,4892
2172,4797
5030,2790
4202,2823
602,4828
414,2847
3005,4770
2312,5063
4119,12
625,48
2052,84
2737,2800
4353,4897
4190,4728
2551,4685
1174,2787
4400,3884
4305,80
1802,2846
2164,2796
1449,4737
2931,2822
2890,4799
1526,4731
3713,4986
2150,4266
3470,4679
4223,4954
2520,4772
4534,4883
591,2794
3177,1788
2210,1849
4181,4753
1435,4777
316,4883
296,34
855,2838
490,2854
2263,8
4198,4768
5071,124
1574,2772
248,4995
4453,1839
828,64
4354,4783
4852,4946
3894,1729
1810,2848
3306,4965
3791,4771
4512,1848
414,4861
2391,1737
4453,4729
2669,2855
86,7
4309,4741
2504,285
4530,4850
1312,4766
3096,4971
4599,2811
943,4848
2188,4938
448,4765
380,4824
2168,1748
3501,4737
3133,115
2457,2790
1457,2849
74,2866
1462,4915
3134,4778
3871,4952
804,2776
3891,4896
2363,4872
1289,4728
26,4870
4843,2829
4191,4774
1190,4989
3466,2865
2868,53
3590,124
3728,4739
4042,4249
1571,4885
4441,4780
2333,4748
1014,5065
2978,4931
3208,4870
3471,115
2240,4727
88,116
568,1748
2130,4919
1859,2796
2905,4926
5015,4860
460,1850
4429,4687
4219,4682
98,4972
1221,4731
3983,69
347,2774
2806,4770
2206,2831
3841,4855
2300,2768
1349,4913
1900,4935
2945,4785
2175,2829
463,61
1502,4778
3976,124
5058,68
3838,70
2961,4783
2056,2851
3573,2843
3451,4917
2958,2820
4456,4907
3161,4979
1464,1733
1719,2839
3582,4790
5068,4677
1472,80
3273,1835
1798,4888
2455,1818
3814,5069
4604,283
2001,4749
1765,2671
3735,1851
793,4790
1669,1725
1762,113
2007,4921
1717,4691
1403,2817
1977,4939
1230,5074
1568,4909
827,4947
4552,1845
2190,3878
4126,4683
1279,218
2539,1818
3235,4914
755,4676
4531,2776
2939,2853
4271,1840
4562,4919
2698,4264
3202,2781
3371,2800
3074,5074
3382,4763
304,4734
4571,4850
206,2809
739,84
2078,4931
1653,4936
900,1808
1602,4791
2715,5073
1096,2813
4535,320
973,4733
1438,2832
1773,2781
3393,285
4435,84
3168,4994
4063,4991
3715,1742
4551,4919
1587,1855
2954,4746
797,3881
4511,4750
5045,4956
3011,4673
297,3881
1579,4695
2400,5002
845,4926
728,1
1749,4774
2651,2658
2007,4728
1471,2826
1784,84
3325,2768
1189,5002
2539,4900
3097,4926
2287,4674
1338,2781
887,1725
313,4972
4040,4735
1736,4916
1920,4966
315,4688
3529,4779
670,2795
728,4738
468,4883
4309,80
1767,2844
4007,2857
1271,4932
5037,66
3266,1737
2233,4723
381,4672
3330,1834
1495,1730
75,4727
3173,2798
3275,285
1829,2784
3855,2820
4027,4738
2929,4891
3024,2829
3119,2864
942,1841
247,133
706,1843
3160,5000
4545,4952
2350,4926
1815,124
4651,2821
2871,5065
4483,2790
2005,4683
2747,34
4331,4946
3383,4920
756,2798
57,1788
4038,2800
4058,2860
3821,3879
3708,1748
4262,4952
2875,4734
1674,4919
4657,4877
4620,4669
2324,4751
1147,4253
4316,2789
184,1896
898,1862
4853,4768
1579,4677
4517,4966
1156,4754
4408,1861
2371,2856
3360,4870
4295,2803
3541,4937
142,1851
2954,4879
886,3912
3252,1860
3535,4912
4408,1844
2536,68
2647,4991
848,2857
2273,13
1650,4901
4383,1839
3126,46
568,4921
1917,11
2047,1846
3267,4668
2105,1844
945,2765
2373,4738
2089,1817
2535,4791
2473,2816
1993,1748
2355,2810
3399,4902
4130,4683
1205,4926
1822,3883
2410,4911
2141,4749
3361,4907
3275,4912
156,4772
3362,1788
641,4876
965,2865
2909,3615
3260,3881
4717,4965
172,2808
2729,1847
4840,1735
1195,4921
1249,4961
1501,2864
4652,3880
1617,2671
4219,4855
725,45
1198,2832
1140,54
4948,67
2402,40
4413,4907
768,3505
3323,5063
2675,131
668,5070
1402,4682
3917,4958
2750,1849
4407,4934
2806,4760
1715,4678
3484,4894
1286,4680
4039,5018
3293,4831
609,1838
546,4820
4337,4737
3198,2658
1785,4750
1340,4993
3962,2865
3496,284
2079,2772
995,4964
1459,2772
2961,4741
2162,4249
272,4937
609,4688
1254,5066
2628,4900
4399,4671
3341,61
4566,1832
4510,62
3398,54
2378,4890
3788,1726
1654,4774
365,4917
4246,2816
4825,4759
2946,7
2478,4671
517,16
333,1817
384,2776
2703,63
914,4772
1168,34
3693,4912
4715,4790
210,4668
3440,4847
443,1730
4652,4988
3469,1834
4412,4857
263,131
3654,4681
4457,4955
4808,5069
1178,1856
122,4765
908,4876
4120,4634
3794,4753
277,1827
2408,318
603,2855
2723,41
777,4754
3436,4669
2207,2846
3271,3880
4415,1856
925,4891
2890,4936
2203,55
4449,4931
3849,2798
2303,2856
3485,3505
1160,4993
4592,1725
1107,1742
1276,5064
4546,2794
657,4760
2001,2851
3215,1725
185,2817
2233,2773
4325,4892
3680,4759
4476,4248
4567,4990
4126,2817
2637,4877
2920,1729
3183,1728
1413,4941
2276,4912
730,1832
4745,1856
1934,4970
1988,4934
407,4266
3697,4905
2318,4979
838,4746
2460,40
3465,4759
1335,2857
5008,4789
810,4788
2115,4870
957,4771
991,4727
2061,4873
1613,4831
2135,4856
3388,4774
5058,4957
3518,4730
2675,2854
3508,4738
2639,53
2315,4892
4081,4961
3122,49
3089,1848
4525,4723
4812,2858
3089,4941
2994,4747
729,1833
1790,4679
305,4947
2585,5073
803,4790
4059,4876
2685,4747
812,4997
120,4910
3022,65
961,5000
1026,4738
4284,5018
201,4824
1121,2849
1012,4784
380,63
1648,4997
2476,3886
2216,1740
3139,2816
370,69
3681,113
3846,2839
3350,1896
1203,4909
485,4738
4502,4789
1571,46
3180,1731
3581,48
571,4832
3746,4998
4387,2851
3832,114
1258,3879
3626,4877
2553,283
3990,1735
4482,3884
1823,4953
633,5000
3375,1839
506,4879
3447,2788
3795,4991
96,65
1747,4691
344,3879
3485,4958
2983,2796
1969,4939
4331,4860
3089,2783
4948,2812
3387,4971
3851,4750
1615,4905
4484,4963
2902,70
4100,3615
2989,4992
1453,2785
4040,2776
4515,4963
1068,2843
1781,4790
3407,4963
1446,4939
303,2784
93,4896
4381,4801
2925,2844
4375,2822
604,4889
4118,2784
242,4781
3348,3884
2115,4771
902,4861
198,61
578,4265
1001,2849
251,5004
1324,4932
3909,5018
4097,3879
4024,4790
3040,318
5081,1725
1250,4934
1096,45
3168,2808
3028,4788
1972,4734
808,63
3673,1831
943,4732
3317,4901
1852,4878
3976,2812
3427,2800
4140,2845
1339,3915
1065,1843
2447,16
377,4784
312,51
2495,2790
1715,51
842,2820
3891,2781
2235,4847
716,4858
989,4906
1090,4929
4211,1848
2300,2818
3867,1840
1667,4892
3294,4880
3414,285
1870,5065
708,318
4362,4969
1623,4964
4115,4816
1459,4848
4029,4788
702,34
419,2827
4713,4988
2207,12
440,4921
5033,80
4808,5000
3243,116
1883,3883
2591,4674
246,4934
3674,1840
4337,4251
3661,1834
1781,4792
553,4685
3636,4762
3450,4891
2241,4941
3069,4884
3364,4996
2762,4972
2604,2789
3507,1848
5036,4786
4414,4799
2111,4692
4076,5066
3561,4741
3049,4883
3647,84
4706,4730
2140,4799
213,4815
4838,4870
1521,2845
2129,4989
771,4682
3415,4733
640,114
1792,5073
3109,4921
2969,1728
3695,2781
2863,50
2231,4993
4060,64
2569,4741
1790,115
365,4682
497,4932
3389,6
4388,4691
984,4689
3709,3881
2015,4782
3977,3881
4158,4968
764,40
1750,4996
1423,2781
790,1832
373,4741
3543,2764
3116,4759
3335,2845
2732,4931
1098,5
462,2783
276,4921
345,63
3767,3883
2135,4669
512,4786
4394,4914
1188,1850
1301,3881
4000,4902
1288,4680
3584,4774
2932,4921
255,4680
4124,4267
2879,4882
4109,2789
2490,34
3773,4801
3384,4958
1191,4737
2103,4668
626,4824
1957,1836
3377,4990
2942,2865
2580,5074
781,1834
917,4888
