1128,3841
1953,1360
1246,4296
2750,4854
2712,3972
3724,2463
1191,2032
932,21
705,3019
2921,2598
4023,243
3194,4885
45,940
3269,2439
2062,4902
4345,519
683,1498
4976,687
3294,30
216,2135
3666,1353
4399,4371
783,2377
3023,5060
4432,653
2431,3060
4048,2386
3926,597
1641,13
1921,525
4594,2245
3791,629
1873,1790
2961,477
3662,2919
2789,559
1091,979
2306,2124
2479,3675
734,335
2007,2012
1526,827
1486,2706
2491,4272
1669,1113
3313,2552
4577,1235
3137,870
4533,3045
3069,4920
4350,2865
3875,996
327,2120
2058,1353
2867,245
4086,3988
227,2124
1479,1210
3671,342
1731,545
845,3888
4895,3610
4528,1622
484,1964
2255,4615
3205,310
1827,3024
2765,489
609,1195
4637,997
2306,1562
3803,1377
4682,222
3422,163
3540,3868
1254,2008
2327,1167
2294,1222
1683,3060
3887,1050
3293,2288
3732,4749
2210,3281
2266,1839
1212,1316
4988,3601
1321,2831
3639,401
1970,226
4044,583
2708,2463
3862,1712
202,4588
1791,1658
3247,4970
4376,35
1620,166
2858,852
1753,3841
3694,387
1382,1179
3541,1319
2176,2199
838,3795
2905,4049
889,4452
4108,569
1078,3687
3542,4936
3751,2463
1514,3610
2619,1384
1919,4675
327,1003
3256,797
4620,4353
213,3968
1215,4201
1877,4854
2460,2890
2205,4724
433,426
3033,4646
3998,567
3041,1839
3360,4049
4157,4855
4442,1009
4194,3842
3089,5008
1073,2671
2385,2706
2330,3125
1145,446
1326,639
2755,1942
691,2032
3079,1127
1499,243
3214,4920
3551,442
2031,906
2684,3311
3487,2710
3038,11
590,288
2389,3262
3697,122
3596,3868
5072,748
1166,2987
2365,4294
4926,1179
2027,2942
4842,906
2089,1167
2093,793
4752,414
2259,827
1529,825
2406,1556
3847,5
2638,373
2811,3397
4126,3268
3375,1006
4983,1179
4564,913
4250,4920
2870,738
3392,110
3160,1360
4292,4049
520,745
621,4294
302,629
2767,15
4475,2134
3696,2439
1383,143
4202,1316
1131,446
4406,1942
5073,1
1402,1195
4256,1567
2363,2078
2076,187
264,593
2905,21
1154,996
2981,232
1592,2815
1463,132
2501,1502
3052,2786
1086,47
130,2664
3682,702
3091,113
1762,3988
3259,1235
1005,3109
610,4929
4887,163
4,4314
4703,2134
2996,2055
4266,827
3541,17
1032,3621
886,384
4502,2740
3190,2132
1958,1480
2252,288
4648,4353
3306,243
2185,361
1512,852
562,2697
1150,2078
4465,1050
321,3687
2025,2648
3948,2199
1989,3005
636,4294
441,874
4333,397
2102,401
858,1155
4767,1210
3623,3090
275,3161
3527,2557
3778,1563
2620,979
4913,232
3214,3729
983,4319
3126,347
1445,3121
1532,874
1416,4565
4246,1902
4465,639
3537,994
1905,2946
2072,1602
2281,166
1440,221
2651,1942
3866,143
5034,479
991,4902
3375,473
2373,4902
1093,2598
1475,2167
422,545
678,3775
4238,711
4481,2084
4994,653
270,597
3978,314
4754,3103
4471,173
3987,2420
3777,5057
2881,30
4183,2573
4878,1835
3774,1964
1464,3805
4361,5057
416,1167
4193,55
3098,1149
1169,4097
2529,420
1144,175
1571,2942
2757,756
3326,145
3055,2697
3350,3595
2817,477
1389,265
2348,559
691,1661
881,4615
2686,643
3811,234
893,639
1831,583
553,906
296,2377
136,4201
2437,3311
3925,1866
3073,1769
4335,1939
4666,710
1667,347
3091,2206
2303,970
1762,71
4691,255
2053,37
704,2671
1585,860
4457,3215
2805,4092
4194,4565
1636,4049
2298,572
1794,2710
3459,1225
3368,2578
3486,3972
4711,1195
988,2439
1282,4452
3048,314
3067,118
4636,4371
5037,3968
2766,318
2741,3387
2279,4646
2003,177
3087,2206
3748,3300
3531,1210
1443,102
3975,593
4360,656
2365,2938
1522,2135
1174,2740
563,1139
1847,145
1551,4405
2300,2377
1680,5058
2861,1552
1401,3341
4617,5008
3189,4831
3694,122
553,3601
3208,3729
4993,477
1868,2781
3540,4452
1758,3687
1958,2907
4321,994
2806,1204
1720,4371
3178,11
812,2625
4700,1712
747,2178
3861,1506
4098,1012
4572,35
1431,4674
2728,1012
586,504
4253,1506
1069,1533
1102,2740
2583,3687
726,1248
2892,2120
4154,1113
2208,994
768,1622
2856,88
2312,4600
3106,4646
4756,4355
3750,3805
2704,4223
2696,1761
1343,1327
3810,1130
2780,1845
1190,2786
3571,1248
2622,868
1067,143
1570,1360
338,3
3594,1360
2803,401
3454,2134
3563,3005
3087,267
3508,1098
4453,2831
3820,2852
3166,752
1756,1006
2998,3206
3916,1725
4150,221
4119,504
1304,489
991,93
830,1999
4863,745
562,559
1765,4145
4853,2497
2344,318
1032,467
133,3252
864,3103
411,1602
4589,3403
4440,3165
4682,2890
4073,2786
458,3309
2423,989
4999,3879
2813,85
2536,255
1281,3525
3324,4527
2782,426
3993,3387
425,3103
2260,2578
897,1248
2187,2386
5001,2598
4366,1890
4861,1360
558,797
2061,33
3317,2196
1688,2078
717,4738
4563,1498
1601,827
812,3884
606,2333
3333,4371
4275,738
2267,3025
4923,30
3018,3841
2023,4817
2912,1790
2461,3972
1403,3868
4019,1195
1840,3206
3543,5
2277,874
470,4674
3742,4565
2427,85
392,1238
3555,2199
3474,2126
4300,1222
78,4600
700,994
5041,1016
3273,868
2000,177
4680,2339
2966,3601
1831,2840
1980,2614
2893,2288
3278,748
2121,1488
1632,2288
3952,3445
22,3910
2733,51
3500,1520
2477,373
511,2463
959,545
3754,1567
4996,764
422,639
1198,1158
2945,2578
410,811
379,3268
1170,51
2947,1222
1021,1113
2251,335
2324,15
2732,124
755,11
4142,55
2293,1556
895,3709
1794,764
1888,3215
3205,3403
4760,2288
5040,738
2361,876
3585,3215
4513,2322
2647,2196
2473,874
3100,2671
3075,519
3348,687
4335,3621
2601,102
4994,2769
4985,874
1946,504
4486,1769
441,3787
2073,4049
3757,4877
3013,1009
3938,318
1187,1012
370,5060
4139,1661
3912,989
3308,1488
3029,1835
4291,1658
325,3842
1367,1113
3881,3584
3258,2907
2043,2126
4645,2086
1681,1
2632,756
945,85
3980,797
2346,1280
3277,4724
393,4920
2608,2481
4794,21
211,764
300,2907
4082,3599
1373,446
4422,4092
228,3090
3312,4579
4186,1119
3449,4097
1381,4854
2171,4092
1532,4371
4054,222
2331,2784
4346,3599
773,671
4126,1135
1348,243
5036,3968
4922,288
2747,2578
4354,1866
329,221
1325,1139
4214,5057
2689,161
1189,232
4496,3345
3834,687
1475,4527
1433,1520
3838,1135
538,314
4510,308
1437,852
2490,3254
2736,1832
1260,51
3260,559
942,3610
4786,1769
4237,4083
4333,4371
1417,2084
4875,2578
1728,3165
3877,648
305,2386
4009,1280
2983,1845
4067,908
3976,1111
2985,564
2878,265
3502,711
4983,1832
3399,921
3279,2987
4818,3709
2060,996
323,3868
1297,345
2356,51
4982,860
1028,479
70,401
1527,3341
3930,3599
861,4092
4321,3254
4369,9
3498,4049
2461,2068
2011,2386
4217,1113
4019,1595
1094,4640
4125,854
3654,724
3522,3341
4076,996
4677,793
1035,1556
967,4490
4553,1151
2252,3345
3323,4831
2262,1820
3613,1135
4094,1567
1750,4490
3559,3381
1512,2840
499,797
4166,11
2920,1238
2360,4646
2474,2064
4499,3460
1889,996
1096,2815
2875,1360
1191,286
3752,2578
3951,2322
1345,4092
3712,361
3202,827
2028,489
2474,4738
4598,4355
1532,2898
3685,1130
4246,1016
4983,1009
2129,61
3507,1050
1489,3787
759,1693
3618,3201
2712,4527
320,876
1311,908
3793,2135
4053,913
2714,752
1968,1235
2825,979
3158,255
841,245
1446,572
1670,860
4360,3795
4949,2815
3291,145
736,3109
2743,2938
2652,1595
4722,1119
2312,4646
4577,1312
2955,2288
2236,3268
3858,387
4435,3452
4241,829
3189,509
5017,1964
1869,1243
3919,4584
3179,187
679,3103
2467,4400
1091,1127
3154,3125
2263,504
707,1390
447,2987
3471,2786
808,1719
3558,797
4360,3968
1275,921
3155,3045
4946,1520
3885,764
4449,166
2763,1595
4681,3941
2568,1595
1105,1488
148,3345
1056,764
1578,267
3937,4749
2933,2206
3471,860
137,267
586,2196
765,3405
1464,940
4318,979
659,1312
1759,345
3778,248
80,3341
4618,1911
4655,1050
3359,11
1879,1790
1329,262
4996,2086
1324,4877
1077,3452
2571,2557
2002,1149
1913,2196
976,1839
1904,1113
4069,2167
4913,4731
2224,3045
4040,55
1803,3525
1007,2068
3831,2781
1886,118
2299,3345
1799,2987
130,3109
3583,2012
4352,854
449,85
758,4920
3335,1243
3603,593
1615,4929
1469,2475
4858,4831
3456,870
2690,3222
1018,3601
1974,2086
4752,2840
1802,387
717,597
2525,1317
4733,3387
4547,2008
1309,177
4975,504
4467,1533
3938,3103
2613,3868
1047,1225
2662,163
1864,477
924,448
2486,3019
1058,738
3151,37
266,3222
4701,3025
2205,2055
4945,4646
2057,1839
4605,446
3934,3222
2155,2784
1870,748
4910,1
1637,687
4103,2865
3870,3268
1018,1939
1421,394
585,3884
1413,4296
604,996
4768,1839
3061,187
2877,2420
1752,1488
787,3300
3501,4539
4102,2196
4798,1009
3313,2134
5072,373
2818,1964
4576,394
1108,177
3619,3300
883,2942
3531,1488
2749,4145
4088,4083
483,226
1344,4469
630,4920
5056,1391
1392,906
2287,564
3797,33
3196,310
2751,47
4240,2178
603,4749
2555,222
1545,1317
3527,3222
589,597
3763,30
2071,1586
1220,1319
3520,2784
1355,3262
635,85
253,2420
1368,2064
4410,1225
2958,4902
1913,1210
1399,2371
1214,177
3788,2052
5025,262
2170,874
649,255
4026,4469
2130,2710
4562,355
1201,2377
4516,4371
2954,874
5059,35
350,3
4958,477
253,1622
2931,994
2945,1939
3944,93
1582,85
1467,222
2755,2086
1088,745
5077,715
171,1113
3013,1316
834,2195
1613,2989
4905,2068
2506,996
4509,2942
4922,4854
512,4877
539,908
3628,420
2373,3968
1043,1248
2802,648
839,1003
2327,2573
2253,234
2776,2815
4370,3215
1045,1377
2577,2784
5035,361
424,4929
4158,232
1049,1210
4623,102
2531,361
3800,2840
1233,2649
889,143
2316,221
1015,3687
790,55
474,1179
2454,2459
3633,2625
1612,710
4933,4600
4224,3729
4510,4817
1129,5008
3590,4600
5043,3222
4131,1520
4148,1586
1645,756
170,381
3253,44
4169,633
4190,941
465,1327
4180,4685
972,4104
3114,3592
4031,509
2733,2815
1362,1964
1359,1890
4443,118
431,118
3612,4855
4546,373
697,3884
435,4920
4012,3762
368,141
4895,3775
2615,1317
2703,1111
1938,2552
4756,3775
4697,1939
554,825
2183,467
4493,572
2870,11
4681,2439
2376,4579
3474,143
4987,4527
2978,104
1962,2598
379,243
2780,2120
4341,745
3273,3165
2525,33
4390,4877
5078,1222
3432,2865
3662,1783
1670,2288
209,2052
3833,567
2368,4097
253,913
3349,2196
2651,2781
3536,1003
790,1016
1921,161
4441,4272
2235,2648
3638,876
777,3675
1449,4201
4135,2898
1019,1222
2981,633
2602,756
1737,4049
4458,3201
2274,3387
481,545
3200,55
2228,2032
2580,2573
634,2459
2988,876
459,3868
4419,3252
199,2439
3027,1006
1751,1155
3110,921
3773,941
918,4294
1869,414
362,1783
2214,122
4411,4314
3040,4469
1847,1247
1324,4640
1929,4738
3829,118
4338,997
1450,825
2642,122
4721,4831
4748,1586
3306,827
4233,4049
4285,4600
3049,132
1807,9
1655,4731
2962,3445
3173,2199
2568,110
554,811
2680,3090
795,15
3256,219
1044,2068
1807,1866
2014,854
873,2557
1521,597
4857,59
2626,569
4040,401
3546,1360
3836,3884
1046,4970
1292,764
2975,970
487,2740
2926,906
2657,569
3207,15
3394,1586
4638,355
733,1556
1844,702
1591,387
3899,423
4243,793
1372,545
2464,3525
1742,21
2617,2671
4167,3345
3522,3024
2066,2134
4911,4653
3261,3805
4554,145
3266,1003
780,4920
4199,467
2187,1050
1273,13
3111,1151
1749,4145
410,3341
3847,221
4745,2035
1156,446
3002,569
2272,124
333,2497
1765,1476
1588,473
254,2784
4471,2481
2631,876
2299,143
1101,870
4704,4646
1838,15
2456,226
4870,4877
2130,1845
4993,286
4847,1391
468,1911
695,240
1639,1167
5045,2784
3435,671
630,177
522,262
2321,2625
444,118
2450,4049
2416,2625
3627,3675
845,1502
1709,2463
915,2721
1418,2012
3713,1556
1737,2740
2502,93
1635,397
1992,3905
1224,4405
1912,1498
3240,1725
2320,4294
3970,489
3959,4049
2978,255
4590,2942
1059,2068
4394,345
609,1135
2324,989
3303,467
2297,1761
4835,3460
2577,2481
1614,93
2110,4653
2521,1725
1729,355
2235,1
2041,177
573,1353
364,25
45,2032
1975,738
704,3109
1257,3121
1549,9
1522,4097
4726,3161
2233,913
2550,4920
1510,4936
5011,4272
2641,1312
78,1319
2026,345
126,3281
2444,3787
3703,545
2191,1316
4278,2086
607,96
2894,1693
4729,3595
4158,4527
2442,996
1239,639
3102,4565
4690,559
2436,4584
3179,3062
2568,1428
973,113
4382,593
2182,994
3858,2035
94,2288
1478,1238
3777,2055
1264,3060
1596,825
1120,226
3894,2068
2646,2786
4693,1839
3178,3300
1747,2195
2770,2831
2065,1003
3366,3125
796,3125
1523,994
465,4355
2095,2919
3253,1195
1346,1775
3887,1964
544,3125
4377,145
4220,2475
1269,187
697,113
4867,4855
2595,414
464,764
2673,2068
4027,3281
3033,3215
3860,3621
1249,797
2587,648
4434,3019
4030,4920
4880,423
1553,47
3130,1016
4033,2371
246,1783
4590,702
1385,5058
182,1009
4603,1517
2545,2178
4686,3988
1229,639
4605,3311
2011,3452
4066,2459
4763,73
3925,1390
4197,1225
2550,2420
722,3
1670,4615
1160,2786
2685,381
57,2865
1740,423
2743,93
894,1719
1169,2420
4130,4097
3470,4646
3358,426
625,1942
1883,639
3317,3879
1185,2068
4322,519
1175,997
1896,994
2293,219
3780,2245
4459,674
386,1845
3816,2463
3353,2439
601,314
4029,908
2555,2852
787,653
2914,1167
4001,829
3874,3621
2113,1428
2555,1149
4533,756
4089,996
2503,545
1780,387
1853,467
3340,748
2679,648
2939,1235
478,1725
2095,577
4827,656
4476,648
2079,854
2057,1661
5013,1119
4818,5008
1477,3675
2158,35
4944,852
3615,3019
3267,2649
136,141
692,3096
2047,868
2429,724
1524,381
662,196
212,4490
4328,318
1553,25
3921,1911
2758,827
3294,2035
3130,2124
4155,643
3213,2497
2605,1964
2790,3090
404,163
422,4885
573,2199
2180,876
1049,1377
1256,2557
4843,687
3409,4400
253,3941
985,2697
3270,5060
1462,1911
3486,2101
2955,3621
4454,3841
3411,3025
1672,4223
1819,4749
741,440
3079,1488
144,1050
4552,3281
2873,1474
1086,1316
1412,479
700,1127
4903,4936
578,583
3470,11
2661,2697
2407,1775
3310,2078
722,2938
1836,2706
133,1113
1583,2333
1640,3005
3825,3
953,3675
2561,970
2262,4885
1642,2786
4705,4405
3251,9
2610,387
4981,3841
2885,913
1191,3387
2867,2084
2711,387
1585,2008
4532,4970
4313,2497
1891,2035
4240,1839
3417,564
303,3045
2686,583
4904,1658
3158,4405
1460,1006
4687,145
2283,326
4814,2481
1443,1602
2403,2339
4464,860
465,2648
413,908
144,629
1509,4314
3143,4272
220,1280
3193,994
4869,1845
4129,318
434,4097
1792,150
2157,173
924,2942
4641,347
1522,1243
3217,1567
2127,3201
1208,2552
1648,373
376,3905
2518,3452
4466,104
4068,1204
2632,3387
3358,1400
1323,653
98,1360
2532,1098
18,3254
4412,5060
2661,4817
1579,2012
1022,477
2021,1939
48,4731
3860,1353
334,1327
1971,854
3466,3675
4035,463
1659,1783
3676,3121
1855,2898
5043,1552
619,150
3185,2946
1991,2852
4100,941
2549,4201
776,4371
4829,2721
3433,868
1644,5060
4217,3445
242,245
2348,970
2257,1179
3356,4902
533,4749
1791,545
1630,219
1706,267
2458,4929
4709,752
3626,3601
1085,222
1168,4201
610,318
151,1832
2661,940
3642,73
598,1139
1538,448
2356,3452
2119,3888
4704,2890
4033,2012
2287,420
4039,674
2635,1476
1099,639
5020,745
4954,2979
3303,1127
296,1480
3028,489
424,1693
2416,4282
4530,51
4807,1119
3558,2552
2584,1291
4174,1474
1005,1567
4262,1360
1495,2439
1647,196
1912,361
4151,3405
1253,997
1147,110
2717,797
4743,2648
3498,876
2943,2769
1686,2035
1784,163
2363,715
4133,2084
2016,1248
1600,373
5027,1098
4491,1820
2668,467
1440,2288
3344,4314
3750,1006
664,1563
2025,3452
1178,681
1493,394
3867,3077
3132,288
2421,4145
2623,1
3287,3972
369,232
3605,85
2406,93
1231,4569
3918,132
3977,572
159,913
4507,1319
1415,3262
1852,3687
205,4640
1648,2919
340,1562
4898,2781
4381,2919
4767,3300
3497,3452
317,2358
3111,3300
2754,4877
2229,414
2742,2791
3871,1556
3342,226
3638,1247
2561,1151
2709,21
3895,4817
181,150
1471,3397
3683,1769
4467,2124
4777,286
3874,4588
538,4970
4431,1135
4613,4104
1699,1167
4463,2552
3613,3805
3366,1832
965,2245
379,3096
1628,1725
1875,5008
3537,414
626,3795
2276,1238
147,2614
4267,3096
136,1009
4611,1210
2088,2598
4357,1602
549,1533
3931,2135
3819,2245
3244,4877
2998,2938
917,4674
466,59
2595,1835
3906,567
3865,2989
4253,440
4235,3311
263,852
1548,4405
5016,5008
1275,979
2911,2907
16,2784
2760,1480
2518,2086
1824,2078
406,3201
2217,2649
2053,3165
2644,3024
691,3805
83,2288
2100,2178
3569,3005
4473,1939
3411,196
4415,122
5002,2831
43,1248
4139,5057
2102,2557
1722,906
4391,3729
2875,681
1239,3096
4563,1790
2605,150
4362,639
1857,1461
3948,500
4951,1151
2238,1845
4389,748
2996,479
2857,2371
4520,3787
2496,4817
3322,715
4163,4083
2090,3060
4437,240
259,221
894,5060
2695,4296
4796,3077
4340,1517
1749,1839
1255,3968
312,71
3637,3201
2701,15
880,3805
309,4104
949,1769
2637,913
1171,463
430,1135
3894,3005
3174,854
4276,2706
4807,232
3430,2064
3312,113
4071,4355
2996,876
4889,17
144,671
3572,387
375,2865
4657,93
1328,2339
2157,4272
2160,4854
2031,2781
3511,288
3002,2052
2264,440
1612,401
5012,3621
3115,1327
3649,1149
4297,3096
3534,745
3540,1390
2525,559
4079,4400
3483,2135
3526,1353
1990,1222
2058,4685
2370,2942
2267,1964
2529,1327
201,394
4544,166
4378,1832
1660,500
1242,4584
566,4104
1767,222
3321,3599
3764,5060
2034,161
1537,4469
1417,3675
2644,633
1637,1130
418,2035
2973,2035
4449,4877
3865,825
2031,764
843,347
357,4640
697,1775
117,3024
1749,3729
3853,2068
783,3215
891,477
534,4355
4254,4314
4887,1119
1114,3252
2570,1130
4558,3341
1489,4355
2243,1820
4906,1719
611,3675
2538,401
4459,3868
973,3675
421,1012
3665,941
3133,143
2017,318
1669,477
4241,4527
202,3403
3767,1520
2140,387
2975,3884
2298,4104
1266,71
4055,1461
902,2135
1214,3397
4222,1502
4848,921
4689,997
215,222
676,860
4556,724
1874,387
4737,4579
2058,2987
2163,3729
2296,2032
5005,1391
2426,9
4352,145
2075,4490
1073,4355
3576,33
4427,2064
879,4859
2704,326
390,1127
3647,71
2931,989
3035,2648
4627,3345
212,5057
1123,1
1749,1111
771,500
1898,47
315,906
4336,442
714,2740
3313,1111
5050,3888
4619,467
293,1693
1486,1384
2996,4749
4349,2086
2877,3762
2715,4600
3241,245
1796,3215
4850,2769
3042,970
2367,3345
2453,1769
204,17
5002,2196
4631,525
1756,1113
142,1149
3862,2078
4467,104
2808,477
4682,2769
328,2721
4873,3222
321,132
1425,2134
1114,3403
4417,874
1475,1562
3783,3165
2053,3005
395,2598
2903,825
1405,401
432,3206
2928,997
3664,3103
3359,2084
579,4855
4753,161
2222,525
2141,3201
4961,1384
2462,426
2304,2288
2268,2721
1262,245
3668,232
856,2625
2482,326
2544,19
4288,104
2490,51
4604,2598
4701,2288
1551,347
1258,868
323,2339
48,479
1095,3675
227,2890
215,93
1200,2295
1884,4104
4848,1563
259,9
4912,3381
2343,3888
743,401
3499,3125
2759,1238
2041,4584
1420,3222
3713,2101
2715,442
1202,2134
1967,738
3290,314
3459,2167
1434,2987
4311,1377
4511,245
1052,1964
4755,1
1293,1280
3336,3941
3167,1247
2770,463
650,2791
1007,308
3730,3215
3785,1238
3249,2078
1022,3403
3588,1719
1666,941
4647,2288
359,255
63,3842
1743,681
2474,1783
1214,519
1486,2134
1501,2333
838,989
4006,3403
985,1317
125,756
2669,3268
4735,2288
1104,1783
2042,255
1746,3024
4632,1517
84,1353
1831,3121
3366,3729
1239,3341
4667,2178
4985,361
2079,4831
885,4083
4244,4749
1142,852
4665,2557
2111,2890
3046,71
2545,335
2450,3842
781,1390
3054,2942
14,1319
5047,2135
2043,3024
3961,1911
4085,979
3883,2855
4792,4371
1197,1719
4587,5060
2851,4854
3323,110
3487,51
4719,96
2302,2781
3496,756
4102,1556
2033,1155
3453,4674
2154,5057
1837,19
4961,4970
2988,234
5024,2786
3372,4579
2265,1783
1659,2979
1031,4355
2909,2086
946,118
3993,2463
260,2084
2125,1167
1728,1400
4771,318
2968,3460
3926,3795
5009,629
4555,21
3111,3345
3056,1139
2272,1474
1472,1
4432,4400
918,1719
3626,1130
2099,1725
465,3005
1132,1517
4367,3968
2927,1119
883,1317
4486,446
1581,2012
2329,3968
225,265
4863,994
3202,335
3900,908
2372,1012
5054,653
2515,4104
4729,394
4139,4296
3430,2475
4670,2697
4496,355
86,2769
5029,71
1797,3879
2765,3460
635,2989
1963,1
614,1009
2729,4902
1920,3062
4521,1595
3071,1384
3101,51
376,4731
3744,3090
3848,2132
1610,175
2640,2907
4514,1238
3294,3888
3402,2132
4512,3005
2021,509
275,308
3912,3599
1777,2035
1979,2459
2292,4579
4114,2831
4560,381
1423,4353
826,3103
2268,5057
4250,3595
3936,426
4959,308
2505,2898
3705,355
4739,3387
3752,3972
2474,1119
2732,1135
1430,2946
4874,2078
4003,44
4713,4469
3904,397
4745,1225
3589,4083
1640,509
2788,854
4638,3300
4836,4738
395,2706
160,2557
1946,827
354,3795
2661,3121
3913,648
3536,4584
2349,47
851,59
2964,3262
4054,4371
2636,3077
2088,2035
4974,2497
140,868
2595,4083
117,4272
3442,1911
3852,5058
4369,1139
763,1012
343,2288
2413,163
1318,326
2787,874
2279,4653
2714,150
1472,940
1285,4282
3260,2625
2212,629
1708,567
3555,145
183,420
137,724
4606,1902
374,3121
69,423
1347,4724
3437,3525
3605,4584
1503,2840
1641,3345
3817,232
2636,2333
4537,2664
1613,639
1278,3096
352,4674
3660,4674
3146,4296
2776,2898
4060,2032
885,860
4190,509
2506,1775
2054,1719
4899,3795
4917,1964
4973,906
880,3762
4730,4569
2536,420
172,2196
4756,3222
3122,1506
4343,1820
4658,994
2433,1520
1969,3595
4619,1474
1334,5008
4711,3762
171,2786
1778,2055
4940,420
32,426
39,4223
250,593
2024,2459
1161,345
1862,2245
1507,3621
3982,2481
1447,4565
3080,577
2838,47
368,1111
3197,876
4621,2322
4815,2322
1947,4104
2529,4970
817,122
727,2855
336,3884
1799,387
609,504
4148,2199
4526,479
3908,2086
4005,656
3016,448
305,3787
1636,1902
2406,2942
1872,33
4589,3675
2686,2614
1876,681
1605,187
4415,2339
3932,519
237,4831
3278,2167
4796,1222
527,4049
2674,567
4705,639
821,308
1698,4294
2138,2459
4610,4646
3501,88
849,3879
2002,1327
4053,2625
4386,4083
4932,3762
4523,3868
2227,143
2213,2740
2963,921
4482,163
4992,4970
549,96
3737,4584
4711,2664
503,2195
4908,2196
66,326
5031,143
1545,1556
4793,3621
3180,2919
1593,4371
1607,2386
3327,342
2513,1155
1258,347
4095,4405
1807,3888
3006,827
4880,1098
3135,3762
952,4817
1107,4615
5022,4724
400,854
4629,4201
2387,2786
4093,876
3933,2295
4916,745
1931,1461
1717,326
1688,2614
1781,2791
3168,509
4137,44
2963,85
3002,335
4213,345
3391,61
2294,2167
700,3888
4844,141
3250,3311
1968,3262
1037,463
1100,4083
1948,4469
60,4674
4978,583
5009,4355
3293,2721
4711,639
2693,85
279,5057
2234,2032
2019,2865
3253,941
4154,1586
658,2989
1535,1353
2091,1384
4480,4685
685,1712
4649,797
4978,1149
2830,1
377,1243
3509,2064
1336,940
4299,2386
3521,414
1310,2840
3082,3025
3882,113
627,5008
4153,3109
4247,2865
209,1866
4269,219
3249,3096
4398,3841
1411,2697
4998,4653
3574,4902
1118,3972
4764,2124
2925,3381
1545,876
4158,59
1141,1775
2525,2781
1860,19
3750,11
1224,245
4703,687
4132,2064
2060,2648
2729,477
4298,2552
4491,2625
202,1563
4374,745
2039,559
1861,2907
4701,868
4239,335
2410,226
162,2055
886,4738
3468,2459
4697,1119
2362,1783
902,1377
2592,1586
3568,347
4163,1050
902,1520
5061,387
4746,4104
2748,3460
3399,4731
3563,4223
258,2206
1607,4294
1129,4469
4882,2865
2495,3941
2953,234
4755,1327
2984,4371
366,2721
4629,4855
454,4920
98,173
1777,1113
281,2101
3225,232
1598,1113
3136,477
2892,489
4960,4353
4916,908
3458,1480
4572,1098
3594,940
2582,1712
1059,2475
3656,1939
1607,2064
3470,35
4024,1
3940,2815
2215,4854
735,4223
393,3879
4266,1474
2049,1845
1313,3096
4882,4640
2695,1280
4797,2012
4533,4731
3217,1130
638,4355
3638,1498
1031,2648
624,3842
1507,4885
1460,394
2801,643
1716,4201
3267,1158
4342,262
4804,639
3877,1111
3271,994
1058,7
579,248
781,876
4597,1506
2755,3403
3617,2084
3624,2890
1627,423
2516,583
3817,3595
2668,196
3539,1461
855,4452
4986,2648
3489,994
4927,3879
834,73
2873,243
1250,577
3130,4738
195,4201
2236,3841
1053,2008
1940,2578
1478,335
3676,4294
2887,648
4422,4083
2059,3687
1013,1248
4944,4223
469,3842
2207,143
2540,3910
2906,2946
1722,572
3263,248
4566,3687
1881,3841
2496,2852
1741,4724
4471,2573
4664,597
618,479
549,1247
4797,1149
2150,3206
1396,1400
2864,61
4954,124
4330,1964
3230,2358
2574,1400
4649,906
4767,4600
2240,4970
2691,1488
4042,3165
3306,2557
1196,73
4074,3
3750,2288
170,255
455,2371
4911,3254
3187,166
2391,177
601,3525
2565,940
1080,2064
1073,3775
2400,3888
1092,921
3348,1235
1494,797
3717,310
1279,3445
875,1139
610,656
2314,2245
673,4355
1270,3096
224,1327
4011,3868
1919,3729
2763,1312
689,3381
348,3968
3189,4294
3911,145
2688,1693
4244,1006
2522,559
2504,1400
4072,173
1929,738
1401,997
331,255
2510,2008
1376,3687
3832,387
3409,876
4876,1488
2145,519
1864,2288
3471,1712
4110,2946
3406,4584
678,2831
3660,629
907,401
5026,4936
3484,1111
4661,2199
3084,3941
3912,2942
2916,2295
1485,4615
4028,1556
271,3206
2997,2322
2599,1384
4820,1488
4663,2084
2327,51
3159,446
3128,1790
4763,4731
3566,420
1019,687
4647,3687
733,267
4562,61
3199,1400
478,1552
3343,420
689,941
2908,467
2765,1248
3317,1939
812,3841
2220,941
2477,132
4193,3972
411,870
3794,7
1296,764
2357,196
120,3405
4093,3215
3576,4831
708,519
2912,756
2966,59
4284,752
3174,764
203,73
341,4738
3505,2815
140,2322
585,479
2892,93
1600,222
4836,674
932,1502
3218,2497
3359,1661
4903,1248
134,648
3098,3841
3593,463
4144,4223
4564,5058
2842,1769
2259,2245
368,118
1660,47
1530,1502
3915,724
1697,19
4048,51
3394,1319
4251,1204
2859,4831
1378,4565
616,1461
2031,545
2611,4600
1217,989
5061,1820
3967,355
4631,2008
2153,166
2161,3281
4884,913
4572,979
1777,47
4135,387
3659,2245
4129,3610
2051,2625
215,4584
3681,463
3331,1480
2623,4854
3276,3281
2289,1113
2668,4970
4279,4646
3288,1003
678,2245
4210,3062
1278,1658
3132,286
1183,1384
1497,1009
2158,51
4150,2459
1351,2086
2896,104
1571,2475
2666,2898
1342,3787
4937,1693
4026,1098
2486,2475
4837,2134
3169,3709
4031,373
2981,1719
225,5057
2394,2035
3726,3121
244,1783
4547,1238
2635,674
1665,1179
663,4584
883,2008
534,1316
1051,1488
1253,2740
4951,1377
2905,232
2338,145
344,1204
4897,3161
2811,1400
1100,2598
1388,3762
5050,4653
3803,265
2205,2052
4953,1820
3373,3968
1031,2946
959,715
4289,4600
2406,1353
3858,4675
3492,2086
3612,1533
436,994
3586,2664
3234,2101
4308,1012
4781,4294
1509,825
2901,446
744,1533
987,2475
2083,467
4994,35
3539,564
914,2295
97,245
621,4353
1572,326
1049,4145
4009,1474
1898,5008
4329,4565
217,870
2615,2135
4730,738
1284,1210
1182,2481
2091,3201
4379,874
1644,414
903,1360
3091,448
3449,4738
2868,1999
3921,347
2049,1567
4725,1235
1922,1498
770,61
1396,1783
1882,2068
2845,51
968,4097
3676,1149
3758,545
3812,1783
2141,908
677,500
4468,1235
3852,2032
1468,187
1265,2865
1097,2625
2149,3024
2496,2126
1237,381
3242,219
1773,2333
4509,2649
272,1517
4903,4104
4029,4731
662,2068
4473,2333
1467,5057
26,504
3129,2463
1704,3019
2906,3222
3467,221
3150,4929
2574,47
3151,2791
3701,2322
2062,2199
900,3005
3174,1316
3907,1167
1307,827
1798,4294
2597,71
2970,4579
3572,829
511,1563
2469,724
382,145
4788,1317
5059,2055
3761,4400
2092,2135
4845,852
5069,2890
4797,3397
3369,7
4245,1006
2323,9
1432,797
3322,33
781,4675
4359,940
1289,3252
1182,1225
2143,793
2127,2938
3020,4296
4959,1222
4157,2386
4481,1111
3283,913
755,868
4328,1248
4657,2420
2490,150
3448,2852
1065,2815
4814,110
4532,2386
4002,4920
1716,5060
3097,597
242,2068
4897,3060
2713,860
1090,2852
628,1179
3692,2420
4895,3005
3542,1911
4191,2898
2030,196
4995,55
2098,2008
3887,671
1868,1939
3834,265
1965,145
4952,248
576,997
4331,21
4958,1316
4301,2697
2575,243
1710,4855
1241,2697
3317,2578
4281,118
4135,1225
4801,639
2803,2196
935,1461
1471,2557
238,479
2331,463
856,2032
5011,196
3151,2463
1427,3045
4396,2032
3174,1238
4988,122
1070,681
2210,221
1652,25
239,1428
3212,1562
1909,2178
1961,2781
4552,51
2885,1658
1972,2086
4570,2852
4151,3841
1300,37
2356,166
1157,764
2841,1622
1641,3879
2080,288
4866,710
5013,1839
2380,4929
728,1480
4046,3268
4339,122
3671,1769
2096,1238
203,3060
3108,825
2498,994
468,2120
3688,2907
3370,854
1496,2101
1137,4201
3166,756
3990,314
1445,1939
4283,2032
2565,25
882,1533
4497,4579
3963,1790
4779,4565
1325,467
2693,2710
2379,1902
1989,1238
1967,996
1363,1098
1737,3387
295,2831
843,222
661,59
4126,489
1752,752
1516,1939
872,724
2100,1661
1886,671
1937,4282
4712,710
128,30
3362,1179
2976,1602
900,318
3617,4565
1746,4653
3099,2132
2082,51
2692,1832
758,4539
2524,426
5062,4929
2659,161
3853,559
4813,5008
2271,2865
3073,243
617,1119
3243,687
4113,4731
3996,25
2426,4588
1896,1327
1678,3709
4698,21
3637,3215
2326,2573
146,4674
3061,4353
2690,318
2657,1243
646,4223
2227,2126
303,1761
3046,4405
4348,4579
3123,994
4564,4092
152,545
3443,2625
3014,2195
1418,4223
90,373
2839,240
2447,4724
4624,3262
2125,3300
1747,3121
2960,797
1173,3165
1701,2008
4847,288
1724,3125
3594,248
667,2120
4254,3300
5003,440
4804,21
4572,1317
4149,1556
3023,4877
390,2791
3130,2068
1281,1964
1438,3125
3398,3403
4629,4854
386,2120
4575,1832
4243,3795
3735,96
2211,4083
1483,175
2112,2120
3184,4749
943,4282
4766,3884
679,4353
195,55
3427,1130
2539,1353
3629,1498
298,4588
1781,381
2825,2012
1545,4817
1037,989
2804,4104
1185,1280
2285,970
3591,3592
404,2938
3325,3090
340,288
4339,674
630,2439
5024,1130
2024,4092
1577,4223
881,4817
3734,373
4871,2196
2428,3103
806,262
3521,2126
126,4936
2833,2124
2747,318
2298,3121
1477,2459
1073,2064
1966,3805
2240,1238
4888,2195
2909,3762
4938,1476
1908,3062
502,1016
4632,4049
1915,4920
2713,243
354,3595
4495,4319
148,288
3914,1167
1143,265
2640,4731
3543,373
372,262
4833,509
390,2769
4247,1517
3499,243
666,2322
2827,2288
2182,711
2644,3062
3315,2855
4874,5008
2833,715
4449,15
2859,1761
536,738
1821,173
4251,1195
4583,124
2993,1719
64,797
4613,989
4364,4565
4207,3062
2975,3805
704,3445
3790,4272
2949,2032
2863,1012
1218,671
1457,715
2974,55
3209,3452
3457,15
2427,1552
3607,1155
2984,477
3328,4223
3319,161
2810,2439
3156,3025
1389,2721
562,384
62,1562
488,3405
5061,2439
722,2852
1732,59
2133,489
902,852
3627,545
655,3090
3967,4355
2930,21
80,4920
4325,1506
3561,2649
4942,756
1601,1204
791,318
3072,384
1756,702
2947,3254
4688,1476
945,234
2813,2068
3961,262
4394,473
2271,2648
4693,3787
3098,2919
3293,345
1060,1012
303,3109
3461,1149
3515,1725
2771,1353
181,559
2597,4970
3624,1111
1075,1533
2486,4859
3379,1498
4148,671
4467,3281
1758,1602
2580,3595
2394,3452
4982,1476
705,4936
2838,745
1450,1
2816,5060
3957,2552
4875,997
4180,1845
3744,569
1969,30
3022,2855
4955,141
861,4854
2016,1225
4267,143
1584,2791
1818,2831
2615,671
2851,310
3964,5008
3349,3201
3137,1517
4434,113
3560,1012
2883,1247
205,1009
3085,2333
1407,222
3833,1769
3333,1693
727,2322
1782,1602
3271,1839
1599,3090
4393,5058
78,4539
1703,1476
4305,643
275,876
237,71
4129,711
3163,479
3439,122
2081,1151
3462,1939
1745,51
2587,1845
3788,633
3796,3968
3425,2831
501,355
165,4724
70,3262
3443,748
3054,335
2413,1319
3006,1790
211,5057
3415,1016
3214,1661
2789,2206
2676,3610
2400,4539
1903,941
2631,2671
320,2671
2790,4646
4135,1595
3142,2721
904,3403
1015,4854
897,2831
1626,1474
2923,1845
2115,4817
3466,639
4380,3775
2043,1
2074,2907
3765,3311
391,1498
4264,4579
4836,2386
1221,2439
944,2557
1409,1243
3333,1139
1808,3905
4760,4675
115,342
1190,3729
762,2035
1152,797
1021,656
4176,177
4751,2710
2684,3300
795,3841
991,1390
1272,2064
358,2463
2283,1155
3916,473
2466,397
4389,2671
87,373
2652,2132
4474,3025
3690,1210
2624,255
1010,104
1434,710
1621,2386
794,51
1891,3675
2493,1562
137,122
3347,1567
4297,314
3831,997
4456,4877
3342,4970
676,51
659,221
1736,3841
2546,2008
2406,47
1224,4640
3537,1225
1122,479
1969,724
955,1712
3548,463
3699,825
3569,854
4887,3968
3330,940
1034,1622
3799,248
333,2101
4218,25
4755,3252
2953,71
2810,440
3947,2769
3177,2907
3724,3841
3756,827
767,2322
1124,4371
917,4859
282,1761
821,2710
851,2032
3480,710
4035,30
4358,21
2528,401
2864,3201
3071,4653
3086,1280
4379,2942
3653,4854
366,4724
5050,941
4744,752
1061,1384
1242,2706
4008,3972
3692,1890
3139,1890
4863,1127
3270,648
2296,1820
5056,2573
2372,401
2341,2008
77,4646
1983,2008
336,2196
3415,748
3289,1832
773,1911
1274,710
428,1622
1426,141
2551,3077
3852,219
3401,3311
3340,941
4066,4584
4910,5
4215,2557
2574,1319
976,232
1722,1119
374,681
3955,1506
3780,373
2737,593
1787,1149
2756,221
3935,61
962,166
2584,102
3836,572
2756,876
3565,648
1515,85
3282,2898
1704,860
3555,1498
235,633
328,143
2608,593
3105,2649
1916,715
374,1238
615,44
1121,175
1371,2032
3818,1179
1804,318
3399,764
370,1567
2519,2086
3679,222
2941,1562
2892,2710
3590,175
4871,2664
4293,577
928,989
3863,7
3742,122
3908,262
3126,593
4972,921
1191,4600
1511,1113
178,829
4295,2078
4555,577
3354,420
4055,1658
164,1602
3386,5008
1219,2938
224,829
3318,4469
2616,3165
1646,3525
2314,4970
4421,4049
2860,1498
1144,1243
4950,335
2544,1890
4777,4854
570,96
77,1222
547,2386
2814,913
484,118
3802,5060
202,5057
3609,2671
3845,2497
4968,122
5004,104
4024,3060
1840,3595
2191,2135
4777,674
2022,4970
4207,3381
1881,3610
673,4584
1772,2463
3932,1204
1819,3397
5015,3341
4691,21
1055,3206
916,1719
2713,656
991,3879
4418,361
461,2946
3371,4104
2011,44
4298,633
1513,2135
157,2199
1202,4083
2184,2557
1412,2463
1057,414
475,4855
4760,2781
3428,1775
1112,1552
2567,5060
2328,4675
3565,1586
2480,2671
4155,1832
2586,1235
955,3452
3246,2781
3047,724
1197,2625
3401,96
136,440
1092,509
1840,2086
462,2206
372,2946
179,122
2284,1964
4896,401
4202,1016
1981,2497
3433,3019
89,3201
4595,3309
2884,3968
359,4885
1341,3709
2183,463
704,756
1209,2245
100,687
1120,2552
4077,4400
445,3254
594,4083
1047,1999
4771,381
2694,2459
1768,2086
3816,4859
3374,4738
2010,979
765,326
1903,3062
1259,3281
68,1820
1787,3381
2518,4539
2348,3968
791,150
369,1761
2069,4584
2138,104
1797,1562
747,1902
5050,2769
1525,1835
1267,173
2950,145
589,1151
2254,1390
3435,243
5009,2064
2049,2946
4373,2649
365,4738
212,2178
1732,240
4418,1280
3953,629
3511,1461
3113,132
1002,3201
2835,3254
3369,3460
1688,118
895,288
39,2946
4473,394
2579,4296
2237,2578
3136,4405
3098,2721
1076,2721
3243,124
1188,3281
4966,702
199,996
4733,1835
2254,33
2843,874
3670,3165
4838,3341
2252,3805
1465,4674
912,2195
4344,4854
4999,3222
4630,3381
3443,597
3308,4565
730,1400
3249,166
2001,1225
1605,3077
3399,262
4889,3884
1578,463
2555,3879
1169,2339
2387,3254
1328,88
3393,3841
513,4929
1701,2815
1579,1835
3776,1210
2336,3060
950,347
4647,4539
2654,2865
2181,4565
157,13
1425,25
1827,3687
3426,1400
1639,1480
2949,1725
1644,756
4444,240
2785,2199
1260,3309
2522,221
672,2552
1023,143
1091,2987
611,3775
3233,979
4540,3201
179,4588
962,921
1905,1719
3497,2578
4317,633
2529,1602
1580,4877
1159,2124
2406,124
4835,1247
95,2614
4596,423
1157,2497
1472,1155
1133,1130
178,2068
4689,3268
3883,141
838,1586
3624,4685
1250,572
4909,567
1087,1353
3748,3077
4109,2371
1678,2852
1262,1098
491,267
1031,2855
2343,3090
3075,1461
4396,2124
3068,1839
2406,2178
2406,2840
2646,4902
4560,25
3858,3262
1254,3311
1926,2064
2776,308
2217,3687
2121,687
1772,4749
4697,2035
2402,2358
893,2786
4932,2124
4410,2084
2916,4565
1185,2557
4170,2557
4480,3005
557,3125
494,2557
435,414
3138,145
3071,4294
146,2989
3646,1155
2893,2649
3644,797
4969,4936
2636,710
1828,2126
3654,2134
2515,941
1397,2481
548,5058
1633,671
3679,3403
4176,262
1305,1790
2495,2322
4935,2938
2736,1155
2224,643
48,1911
3366,643
3705,653
2513,3405
2490,4527
4480,59
2140,414
1267,423
199,59
3784,245
649,3062
2234,2697
3783,2195
4267,3610
785,4885
3292,564
815,3795
2106,397
1857,2786
1110,1204
4525,4675
1846,1942
3665,71
5018,2199
2228,3252
985,243
3279,1247
706,3988
4669,1845
92,1845
1509,2126
1424,4731
1500,1238
2716,3201
3983,221
3487,1506
1628,288
3337,4319
4068,3775
1185,2078
2504,1839
5045,2671
4971,30
4841,4936
2442,1139
2616,3460
488,73
2390,4083
3774,2481
3678,2245
3399,2012
4020,1135
3994,3762
1947,4640
3912,4569
1869,3222
1759,4092
2764,687
1532,3729
3363,3309
3946,71
3930,1498
2110,1661
523,384
1794,1911
4033,3621
2044,3879
3144,420
4385,674
672,1243
2686,559
1998,3024
1923,1866
1188,2671
278,4145
2198,1327
4943,2322
214,2557
3241,671
2688,265
3966,4569
2066,245
1997,234
2569,908
1909,1006
3446,1428
2073,93
1987,3842
1118,4527
2025,1761
1585,3910
140,473
4451,489
3327,1602
1485,2195
3544,1291
4835,2865
341,2919
4649,102
730,440
3000,1235
67,2786
218,1658
2587,2671
4755,1210
1776,1761
801,3941
1301,970
2849,4092
117,3595
4328,870
4470,545
443,2178
2943,1195
1538,1139
4851,2064
1314,2815
806,577
99,3201
4563,1562
3873,3300
2366,310
2187,1533
2168,687
2948,3309
2906,267
2506,2497
2348,4490
1320,219
4586,3452
496,2919
1848,4490
3946,1247
791,222
1403,500
4484,3045
4689,3709
690,463
942,1476
3080,811
3818,143
268,4817
1881,1761
64,702
1116,748
1644,4738
705,4565
2464,2614
4914,643
4080,387
3264,2578
821,2333
1352,426
63,3309
3518,255
3102,1360
2641,345
2170,3345
2827,3096
3247,265
2715,3842
3638,1098
2440,2032
4524,3062
4412,4083
2432,3868
4930,1327
202,2371
3948,4929
980,2358
2883,3309
4679,3341
4357,4920
2640,4855
1030,3262
2690,2573
1246,1520
4051,96
4082,3775
1470,2578
2847,3381
3179,3795
5065,1050
821,4569
4986,3381
3598,4400
2856,342
2121,629
1584,2710
4077,71
1429,3621
1286,4539
1780,2386
4781,1247
3677,4282
3080,1327
946,4749
3596,4731
2236,2781
4876,4588
2082,1003
938,4588
1841,4097
4657,440
2877,940
4289,102
2956,2475
3571,4685
2864,825
5010,852
1314,401
350,4353
2350,3397
3083,2946
2923,989
2502,2206
3598,4294
4837,2132
1479,2852
4283,1009
3034,232
1409,572
3682,2614
2842,1319
2007,2598
1363,1845
2142,3884
1738,5
2482,1280
4728,2557
134,745
23,2135
517,440
1821,96
295,420
5022,61
4455,1790
5056,4272
3013,373
3408,243
2998,1567
3202,5060
1913,1820
3825,3972
5025,248
4545,3062
2379,3595
1458,473
212,479
2763,73
1335,1225
1399,3060
4671,1009
1764,1111
1257,3019
2368,255
476,2784
3344,308
236,3709
3554,3941
3569,401
3731,4405
1394,384
2384,479
4005,940
1380,1327
3459,2132
4310,1210
4986,3254
3348,267
1393,2786
3244,420
2817,1139
2076,3968
552,860
2733,681
4763,4854
3887,3729
3774,876
3829,3445
4603,2386
3786,1586
3059,3525
4870,2178
3922,3868
4428,1693
3619,1006
3904,4097
4698,335
556,674
1421,248
4856,2769
1716,4929
1027,1003
3377,738
788,2855
4524,3103
1435,420
1088,3941
4156,4097
4979,33
4813,671
4962,187
1423,3215
194,3460
3713,4097
80,3121
2612,3610
3489,793
4238,1712
686,345
3844,2907
3324,4885
3777,1384
1346,1391
2738,702
4230,3610
2592,1384
1203,308
4121,2135
4212,2064
1755,355
802,221
1614,1360
3916,4539
4713,175
1564,1725
3141,870
1621,572
3217,564
1682,442
2993,852
2819,326
1237,4400
3776,1119
1455,3795
2564,3
3738,4646
1122,2769
3116,2831
2056,4877
600,61
3899,1179
4833,25
1918,2979
2013,1225
366,1400
591,3905
588,1461
1969,870
3952,426
650,996
2425,1009
2584,3024
4155,979
4456,4970
3894,4400
3683,2664
2145,104
842,2068
3435,1327
1720,715
4921,648
1651,2721
3279,2064
1277,314
2910,1595
2863,2199
3216,1832
3492,59
2903,994
1884,629
3408,3254
2066,61
2229,671
3385,2721
1794,3868
2944,3610
4335,2196
1749,674
922,671
4638,3595
4577,3795
3030,1480
2014,3888
1995,2578
4829,3300
4898,509
1834,243
2674,1563
3996,150
2574,3910
4587,4640
4063,4539
4310,104
3400,7
4766,2942
2893,2740
2943,245
3989,1319
301,3584
358,997
2712,9
4159,715
4056,1832
843,401
2073,593
5043,710
1663,1353
4235,2463
2337,1390
3147,2333
1559,756
1795,671
3138,940
1269,2706
1780,4817
3050,674
4406,35
5070,2358
2464,3387
461,4674
3212,1248
2584,5060
691,2989
1180,2055
805,567
2021,221
3026,2784
604,4049
779,420
2675,2195
857,3972
3513,3090
2944,463
1350,797
2585,467
466,3311
3659,2371
1194,1999
4985,1658
2432,2942
4593,219
871,2167
1027,347
2163,104
4378,47
2435,793
2221,738
770,4831
317,1119
4909,1360
4246,110
474,414
3008,1488
4711,1712
2520,4685
4700,2497
4790,1533
365,2377
151,102
2259,1238
1903,1360
2688,226
1956,2055
2188,3988
3267,1942
4343,113
386,85
2005,124
625,2987
4192,3121
3547,1488
4507,4490
1965,4294
3974,567
1943,314
1853,440
1305,1602
4864,1693
850,1291
1579,4371
1357,3787
281,1790
4227,525
1941,187
4206,3300
3802,1725
915,17
1882,2979
4036,113
990,567
2472,1247
3210,397
4748,1139
3532,2084
1993,702
3433,4223
4889,21
3142,2245
3141,414
929,4675
4246,3309
4563,4615
4941,793
4283,569
3950,4749
2272,113
1329,1113
3063,47
160,3592
4460,2979
444,3397
140,1890
4179,3005
1989,1222
3299,4929
4964,2288
1632,3601
3352,633
1781,1316
968,104
3516,308
3154,979
1068,1533
4987,639
1778,4469
2434,3300
4814,1622
1223,3381
3136,335
4456,2614
3545,3621
4581,3687
2112,141
1372,4579
1766,2979
1218,1111
3777,860
3000,940
1331,3584
2579,2135
4978,4929
646,51
4662,473
4369,870
3095,2064
4027,1016
3959,509
1407,1552
1087,1210
4609,3972
437,318
1191,4223
2418,4319
2354,3988
5035,326
3920,2055
4013,448
2434,240
3987,2035
3477,4640
95,1769
4776,448
2766,3090
4121,3795
279,1384
2502,629
3057,226
4042,4527
4339,88
2687,4749
3768,2840
4471,559
2270,2195
4276,559
4369,17
2085,2120
1150,504
1244,3941
2766,3005
407,2942
871,1911
514,3460
3267,448
1655,3005
4512,397
573,1461
2993,33
114,1316
1906,51
1852,1377
2467,326
4927,345
3674,1127
3331,2557
1525,583
4826,876
3878,1317
728,1139
4592,3024
176,234
3689,1556
2833,3687
2468,2086
1020,1719
1008,61
1929,73
4644,3024
3489,1832
4005,564
1105,4854
2652,1902
579,710
257,4490
1166,2740
331,1291
1817,4452
3141,2288
4957,222
1007,2946
4008,1195
1871,970
1543,345
3583,3121
1026,2245
4912,4920
1266,2132
4847,1999
4522,1602
1672,3
890,4539
901,2245
1989,3024
2369,2124
366,414
4419,1428
3704,110
1697,4371
694,1586
162,643
4784,756
2056,326
4682,2781
4620,1098
1735,1661
2094,104
2827,2035
5049,394
603,1902
3784,1291
2464,4877
4439,1911
1509,2706
3978,2497
2175,724
1475,4049
5019,73
1104,88
1504,232
4562,906
3951,1964
2774,2942
3210,3397
3421,51
3331,941
2589,4201
529,381
2466,1835
2461,3125
223,1113
4721,1360
3861,2989
5070,381
3518,44
1036,2625
1106,2648
3192,3675
2535,1222
2832,509
4410,674
4744,564
4890,232
1934,3599
3140,355
2607,132
2146,3941
20,2852
3608,1225
4098,7
1631,829
1361,1127
4253,681
3557,748
663,61
1778,4731
4186,764
2465,4749
2021,2573
4216,3460
2051,4831
4373,906
3480,941
576,4970
4860,1562
1049,1238
256,477
992,2625
4184,1769
713,4314
4162,2781
630,1113
712,3842
2873,3268
261,3341
3362,1280
1055,525
4708,2371
2556,525
3918,163
2213,2134
543,2815
4513,3775
4894,1222
2714,15
404,825
2876,2942
239,2786
4507,3988
3954,1595
203,1783
4561,163
133,2938
3412,2831
3147,940
4757,173
3978,1602
909,267
1172,525
3382,3161
2205,2206
1558,4588
2662,2463
672,401
4149,1769
4140,1476
788,2769
2368,226
478,141
1998,3787
3157,4569
3496,1390
2686,1050
1479,3445
4550,361
1762,1769
4166,3905
685,3268
4786,59
4767,656
937,4092
2236,2671
3361,1384
2460,545
3793,633
3099,2078
1311,2196
4119,1563
1074,3252
3432,569
1934,240
936,2786
621,687
834,2475
4447,15
2396,854
5071,479
502,2245
2843,401
4419,860
547,347
2430,173
2378,1506
2963,1832
2017,597
1743,1391
1653,569
1666,4371
2146,764
2509,440
540,3300
709,51
283,941
2536,2078
3509,3775
1223,3045
5033,2475
4316,4685
3391,3775
2906,825
1737,711
3951,47
1899,3525
5023,2377
1934,3268
2165,572
3522,1119
771,545
3860,221
449,979
2319,519
1582,226
3321,2295
2790,110
2589,347
3829,1775
2927,2167
2046,1845
2579,221
2173,104
3817,1461
2496,4685
4577,110
1301,226
2364,245
2180,1050
1951,1238
3980,4049
3066,11
1675,2907
2903,314
579,262
3896,4469
3315,724
2599,1719
4315,3254
1281,30
2844,2578
4932,583
4638,1050
1950,288
1720,219
781,37
391,4319
3706,4902
2034,2068
1041,113
4352,1890
199,4855
2501,996
4995,2124
1273,3090
3425,4272
3949,143
224,243
2733,3045
2244,752
1519,2987
5068,255
2030,876
1610,2907
453,342
3989,4646
832,2339
311,88
3409,3525
1336,3165
1763,1942
2565,145
637,2196
2388,5057
1278,4584
3153,4831
2434,2167
1163,384
4286,3019
3499,4353
3173,3381
3833,3988
3793,55
4281,143
2802,1384
2521,85
3539,2377
3839,1384
2532,489
499,860
3076,1832
2033,2439
3937,1520
2744,59
2251,1769
890,1533
1117,1248
3951,4097
3602,1488
5075,1506
954,30
4251,1866
1606,150
3954,1195
2029,2475
121,2557
3527,4565
2940,4817
4075,3103
2503,4653
4829,426
3971,564
3335,4615
417,2671
3797,2078
2985,1725
1166,3610
2785,489
3548,4731
4739,4646
4598,811
4711,906
1844,3045
734,2386
973,906
3745,3905
4151,1113
4944,5
4850,3884
4496,2245
4174,702
4178,175
3197,1761
2638,3905
3148,2987
1409,381
647,2199
4365,1238
1549,1783
3834,2295
4609,4539
3566,2439
1411,414
2973,2721
4773,1210
4491,500
3353,3311
2416,3988
4503,4731
1511,17
3132,2552
3956,2064
4195,248
2197,921
609,387
3239,71
3100,545
842,1377
2776,2199
2271,2339
4246,4097
2396,4569
2678,3103
3894,1247
4924,3096
4887,2322
4026,4353
4632,4294
1841,3968
3417,166
2142,4936
2746,2786
138,1167
359,2195
3113,1725
3369,3787
5029,345
468,102
3553,1820
1076,61
3219,3584
4336,2132
1445,854
2272,2167
2993,1775
370,234
4428,4584
4973,854
182,2206
3492,519
4040,5057
3860,5058
3996,1149
1680,4936
1007,1312
1254,2815
4316,4579
2182,921
3383,687
4607,569
5068,61
3322,1113
3786,2178
4434,55
1571,2786
4127,104
2587,2420
4273,1225
2613,854
4981,3905
3351,3452
1301,1661
2278,3988
3579,2439
1601,1235
539,702
58,3601
1782,4353
4907,525
1041,2322
2888,2852
4082,3222
2772,3062
4768,47
1008,2697
2512,318
4470,4049
3299,4724
4687,326
2363,1317
4610,3215
1624,906
626,3841
2943,2012
1333,852
2556,420
4744,3341
4502,2199
5066,2769
2835,1533
1226,1130
2961,2890
3094,2614
751,597
3432,1835
1624,143
1854,3062
4254,150
3625,2012
1619,3045
4265,3019
624,3381
2396,1498
820,1476
58,1939
4036,448
3828,4877
570,1775
4821,2132
2297,267
4275,860
3850,3300
28,381
4500,1761
3015,2855
4696,1316
1800,681
4440,1400
1504,2890
4297,5
3451,5058
4484,2815
5011,2987
1600,572
2870,2339
2616,2132
1546,702
3946,222
1143,752
560,387
2067,3345
1990,639
40,4319
1940,906
4630,3972
4838,653
3624,3879
3660,2781
1892,387
3655,1009
517,827
5022,702
1022,1050
2303,232
4081,4092
703,145
1515,33
2354,262
4761,33
1850,1130
2952,1179
4358,177
4985,2199
2366,219
460,1480
2423,30
4585,1319
4620,4097
1209,3729
1610,446
3644,1712
521,4469
965,145
2034,504
1610,3910
2117,4685
1366,4272
4018,177
954,226
4969,1225
471,1556
2034,5008
2830,245
3515,2245
2225,1050
4069,2710
1718,2012
229,764
2282,989
270,1602
3685,55
4288,1
4912,1009
491,3019
1656,4049
1486,4615
4866,2740
2814,2333
4373,1790
4462,4469
3824,756
4173,2463
3390,2573
2393,764
4058,4527
1962,2786
4447,262
4828,4831
804,764
1615,1016
3921,2086
2750,1902
1305,4083
4297,55
2173,1835
160,3910
2411,122
4914,5008
2703,2120
3916,3787
1457,3309
1840,3405
4033,4319
2223,347
4520,3405
3494,232
472,1009
4769,1712
2586,477
1213,1012
2091,35
2549,3709
1568,71
2455,2664
1329,629
5072,3599
3959,2625
2773,4902
2731,467
5003,1139
588,1480
4900,2333
4395,1712
957,2865
2452,4469
1666,629
4643,4353
1372,1480
866,2199
2418,711
1010,989
3041,1480
988,1327
204,2578
4163,265
5000,4817
2430,3762
4589,479
3238,463
4707,3268
2036,1360
4774,1999
4758,3262
3728,1195
3391,93
841,4565
4196,3311
2192,567
2303,3345
1904,860
3147,2295
1171,47
4742,1890
2036,361
695,175
937,1119
3625,2706
4754,2664
1779,4970
3143,1725
478,7
552,4452
2426,1400
1624,4104
1106,4049
959,347
1239,387
980,1098
4478,145
2673,2648
4762,426
2353,2199
4594,232
2709,940
3512,4640
2492,3206
399,1498
918,1602
64,1167
1290,5008
4079,3125
3741,906
1345,2671
4218,3621
613,85
481,124
2893,4083
4074,2625
4812,509
3706,1158
1698,3888
1052,318
775,577
186,1783
3705,3910
1355,1661
2505,1911
2034,314
4577,1327
669,2614
4408,2126
984,1390
291,1222
4807,3121
1888,1222
304,1127
4853,569
1244,639
3334,7
4413,1502
1548,653
5079,829
533,4675
1973,222
4412,2786
4782,4294
4870,248
4925,13
3321,1155
2882,113
3162,1839
4304,4145
3235,559
2027,7
1603,4588
563,2938
4655,85
4252,1622
4986,124
1045,4970
1457,118
2065,442
901,4929
544,2339
4087,1016
1031,1474
290,113
241,1391
1604,426
293,132
1401,715
3577,3403
4264,4600
775,1280
3912,1316
4678,1693
837,2865
796,1111
1666,21
3590,3103
1829,1291
4888,1135
3536,764
3786,314
3419,681
1653,2386
1745,3025
4518,19
4394,5
4710,2942
2165,2032
1198,2126
3446,1195
2,88
2438,2358
205,639
1864,1712
3938,1127
2856,2649
1943,2032
1153,793
5016,583
3492,3525
760,4817
3449,504
1399,1556
2262,71
4710,2648
984,577
1608,4294
4672,1384
4024,3125
3638,35
460,1506
4041,1595
1398,1474
2630,232
2698,4970
3226,1149
596,4929
3733,3709
91,262
4983,265
4599,3060
1414,564
4214,2322
4725,2086
4062,132
3347,1377
3336,868
2131,2322
3126,401
2188,3045
3573,1502
4708,1783
3385,2907
3659,3445
4068,4674
3688,4400
3899,150
3283,4885
5010,545
4987,4855
1814,825
3245,994
783,567
922,4731
261,3787
1929,1391
2699,3842
1395,2481
4443,3403
4300,1488
1331,4353
2842,940
620,4936
3395,2648
4470,2420
1640,2979
4990,187
585,3252
4997,177
4480,2840
4872,4296
1415,2032
4900,908
1412,4854
787,4355
727,1658
390,3109
2543,913
679,1353
203,234
290,1725
3730,163
2812,1502
298,1316
4464,93
4477,2784
4673,143
3033,3309
3753,4400
3257,4539
4365,1939
3693,3262
892,1247
1936,4400
789,219
92,1149
2473,3445
3253,2012
4340,4929
3041,3729
4224,1158
4412,1775
5069,124
1064,381
2637,519
154,4490
1383,3452
741,2199
1742,2987
4595,3090
1807,854
2892,2625
2049,825
370,4569
1574,3805
4806,3968
2240,3090
934,3262
2301,1719
857,2625
3613,1390
3756,3709
2683,4223
1862,3077
885,2195
2767,3062
1825,310
2949,3077
4287,2855
1613,473
3919,222
928,2898
3859,3397
2650,4936
2889,4272
3289,3387
4166,1783
3522,3884
2309,175
3427,4646
2606,2339
5067,4970
5003,132
4416,1658
3874,860
3081,4405
3466,2573
561,267
1484,4569
2375,2055
1887,940
4102,1204
2726,643
3660,3262
1765,448
284,4314
3912,102
1045,4685
29,1552
2519,2852
4370,288
4513,4588
3636,629
2464,4920
2330,361
4312,47
1092,653
4373,752
3464,326
4089,85
2678,426
3355,745
953,387
4038,110
4626,874
2181,3262
1625,1291
1736,440
4793,913
2190,30
1162,4272
562,2245
3658,4749
3565,5008
3115,4929
1121,4646
967,3019
5006,5058
3538,1517
2040,19
1492,2124
2043,3252
3844,335
3627,73
3147,681
125,3775
4873,1111
3881,2295
4497,3096
2143,2068
4609,1661
4140,2979
1757,827
383,420
147,240
1142,219
2090,2989
3284,3905
1471,1775
2493,1312
574,1533
3014,1502
3779,1820
3739,715
515,71
3587,3025
1031,221
4250,1222
3293,764
4199,4282
251,21
148,3709
2276,442
1336,2946
896,3103
4172,1502
3208,3879
1109,4817
3511,2840
2982,752
3745,852
3947,240
1214,219
4851,4319
1086,748
901,234
459,1009
296,1719
1102,3941
3985,979
1494,2831
4812,2086
2447,1866
1478,2078
1963,96
3696,2625
1268,2012
2970,267
1641,3300
1215,1113
4252,2989
3892,2386
4234,2784
2583,2439
2599,738
3851,583
3071,1291
2019,345
1001,2989
4361,161
2074,577
2364,811
557,1390
340,4565
1407,2288
4719,906
2988,4920
1777,3445
2655,1179
2151,3077
1426,2035
1951,4855
1737,4452
3662,4885
1662,4490
486,1602
4365,1428
2965,4653
4271,1391
3031,132
3786,748
3703,5058
3661,1520
3822,166
2555,1098
4928,1769
5034,1280
1355,175
957,3311
4399,3024
561,4817
4753,3972
2678,96
3228,1235
2604,1155
3282,4653
4340,4855
3116,4885
778,420
561,572
729,3762
4963,1111
270,248
4542,1622
4209,4600
4141,2919
3686,4738
523,504
1024,35
2308,4724
3383,2840
2121,102
1438,2439
2674,1866
3812,702
4638,908
2308,1098
3619,908
496,996
3778,3125
3310,473
1311,1520
2999,4294
1876,2852
956,423
4998,4314
3439,3222
3604,4854
491,1602
1947,2989
2845,1195
3779,4405
2000,473
678,145
872,4539
2369,2475
1767,55
2220,35
3108,1280
3604,141
3954,118
87,989
4017,222
939,3452
4052,1195
3413,163
290,2199
978,1712
549,4282
2945,2697
640,3775
767,3842
4086,2086
319,3262
3459,593
1823,2625
3376,177
2320,4272
2564,3762
3918,345
907,681
1021,597
1054,3729
2829,2578
3751,477
3570,2206
779,2035
1666,1009
2657,1247
1156,1533
358,868
838,132
1870,1835
2088,4640
462,1964
3627,2938
157,3884
4301,1725
109,51
3026,2625
4682,994
1990,19
211,265
1014,1506
4819,2035
3733,2784
4066,51
48,2697
1588,2196
4214,1167
3101,1866
697,2938
4017,3125
1611,577
3522,4674
1242,906
2175,643
5072,2035
1576,4452
4322,4646
4582,1586
3852,3905
3895,639
3882,1866
3369,2831
688,1790
4687,629
4068,17
495,423
2859,3125
2912,5060
1941,3090
3757,373
634,4565
3358,1210
919,3888
1706,4817
3723,4319
4730,3709
1450,3341
4629,567
4629,1693
3224,2064
433,3103
4237,3090
3998,752
592,852
2256,2552
2961,1839
4571,288
2103,2084
4422,1006
2416,1712
894,1999
855,1119
1465,145
4603,2035
4394,4527
2858,4600
121,187
2923,2459
3352,55
465,2295
4034,559
2435,3525
3697,1327
2422,569
3221,1461
2238,4355
3797,1942
4029,1204
3279,355
1460,2497
3212,1158
2524,73
3334,3405
4013,2206
928,3
779,4877
976,2865
1386,4223
3806,2625
4949,500
4652,2855
4028,9
1355,2979
3455,1839
766,118
3527,2386
2353,3842
787,825
1239,4640
1485,2206
4872,4731
4732,2855
45,373
618,73
981,243
64,994
4993,2101
3773,2055
1952,2938
1267,710
2454,347
1864,2134
2510,473
4279,2671
2914,175
3535,3222
3517,2333
1227,3403
1771,4296
4698,2358
2608,3201
4809,811
2225,633
1462,3709
2863,5060
1333,3729
1042,2206
3150,1783
759,4685
4307,1790
1484,1461
311,243
2266,4469
3649,4600
408,1384
1407,2377
2695,4539
1229,1839
2301,3775
4031,593
2157,1595
4171,4929
794,1316
291,4314
2122,2333
5016,2987
1441,11
3906,2907
1812,110
2429,3941
4553,633
3838,1658
5076,643
3875,288
127,2084
2863,564
4401,1291
4692,3905
4148,1602
36,3045
2889,55
2789,4920
1324,1835
1348,4920
680,1158
2950,908
3677,463
4911,3599
2576,71
337,143
4228,2333
2718,504
3903,2721
4467,829
2683,2648
734,308
4530,3621
4733,1204
1934,4083
3289,825
3745,141
54,3460
4975,93
1859,5008
464,4600
3290,3795
2694,1552
3248,1586
3009,226
578,989
4284,3345
1116,1195
2730,1552
302,2439
3706,643
3673,1658
3231,1890
771,2598
2888,860
191,35
1433,4104
4556,1353
1743,913
3895,3460
2544,326
4977,4296
3911,1377
471,3281
1114,989
415,3024
4262,21
4925,715
4982,1902
2309,1839
336,3381
206,1155
3900,1939
855,2578
1630,3610
2168,4584
1460,2358
254,21
938,2890
5032,4353
3505,3595
4843,489
3828,1725
3855,4296
3688,572
1662,3300
246,4097
2586,2578
3418,143
4147,21
4479,232
2985,2068
2906,2295
1002,1520
4978,3045
807,1517
1799,423
2860,1016
2642,3805
4967,2245
698,3403
1477,219
1980,2784
3320,1942
4191,1247
4856,874
4767,262
1507,226
4790,941
4079,308
1171,2791
1211,2578
4066,597
350,4296
1763,1195
3035,2573
1876,764
3181,2898
2956,989
828,1658
2156,3
4047,17
427,3687
4387,4579
1178,1556
792,113
1838,3972
3915,1119
2647,829
277,1783
1000,1130
294,4738
1901,3762
862,420
4270,265
650,1942
4505,2339
1128,1562
276,1179
826,3206
923,288
1131,519
3717,132
1323,4817
1136,5
3286,2078
3613,3729
70,2697
831,4452
1023,243
802,1151
400,1149
3009,3601
4900,2769
991,593
3727,479
2643,2831
596,797
3493,1391
2039,4282
2702,3842
5062,2245
2629,255
1089,2134
1858,2195
4870,2086
4062,2697
3076,3268
3360,2865
4536,4579
4210,4294
1823,504
843,2459
4678,567
4445,2126
1466,3879
2651,1890
637,335
4243,564
1669,1832
3722,73
2619,150
4077,3309
258,4092
2260,1400
3401,994
3689,4674
2678,3121
589,2840
1667,1761
4298,44
4246,2288
3480,633
1679,3592
2045,2126
1411,2439
4735,318
736,2339
115,1204
1857,2781
831,448
3140,4970
2366,5057
3292,1586
3903,104
2334,3584
320,3610
2184,373
1664,710
2556,1135
3754,1902
4555,219
2801,876
2972,2855
3764,3387
1213,2459
4789,1016
544,1204
1542,2012
3241,2664
4999,1179
4064,4749
523,4579
3998,1622
4399,267
3507,25
4709,4527
531,3341
3721,3941
3481,1480
2013,463
3444,1476
2373,3005
1436,3096
3373,854
1071,55
3810,1119
4029,2377
172,519
672,2035
655,2740
27,504
655,1820
749,913
1326,2721
4336,7
1031,1658
665,3103
3933,2078
3880,1942
2502,2078
4589,572
1851,1009
3761,633
4909,989
1826,3045
1030,1498
3181,2068
3538,3060
3659,908
4694,2101
2982,2919
2965,1179
3685,1222
550,33
1122,702
4106,2035
4972,1400
2699,221
4438,420
4810,1135
4546,1280
2138,1835
3384,13
4307,4653
2519,1222
3681,3403
2312,2938
3802,47
274,3341
2163,2898
1578,2890
2276,5060
4447,335
4331,2938
1437,2135
4558,1562
369,310
2515,1964
3404,764
4212,2865
3493,797
779,1235
3586,4314
4241,3090
3338,222
3715,1312
2915,2135
2094,196
3898,860
3274,908
3367,345
2832,2459
1112,4920
1944,248
444,3905
2389,4272
806,2769
4538,4749
5025,715
2438,1999
3287,1400
5032,1391
590,2120
1979,3968
268,1012
2889,2497
4963,3
4812,4653
3767,3787
2215,187
208,1533
1644,1158
1584,4092
2082,1280
2798,1210
562,166
4089,245
511,2333
620,2497
16,3525
2962,3161
1463,477
1038,3090
660,414
1286,724
1896,30
2182,738
2362,3595
2324,3910
3418,996
4513,124
780,1661
3703,583
744,3311
2083,2245
3454,3675
823,979
2436,711
2310,3090
1162,3787
2704,1533
3078,597
285,448
4336,2134
1471,2552
1929,177
3426,2907
770,4731
4634,3090
1706,37
178,13
1884,3775
3903,1127
4329,2132
3792,3525
4316,2769
4521,577
719,414
3105,3888
838,4319
5061,71
1588,1195
4064,113
1634,2167
4174,2124
4908,2852
3719,3941
2057,4817
3170,908
1646,3381
3844,4885
2644,177
3100,3621
3315,2322
2923,1316
1793,118
513,1562
2619,1775
1065,85
5007,3445
739,2068
1680,2178
2005,3709
695,1474
1524,414
2510,940
2110,860
4249,504
4408,1517
4122,3121
2538,55
4155,994
1080,2784
834,4314
2444,4738
1007,3405
4507,2907
848,1098
4493,504
1575,870
2502,3841
962,2420
4631,2946
2425,4282
3820,113
2546,979
4365,2898
739,166
3436,1488
3469,243
5071,1964
4911,941
193,4588
3708,3868
4277,221
1373,3968
3504,5057
999,3795
3501,51
3483,1474
1241,970
4158,4539
3383,51
4577,2648
1833,1556
1170,2786
1500,1149
4785,989
1236,715
2820,4685
2991,124
1626,479
2860,2578
2294,1476
1793,166
1040,2068
1169,3610
1960,913
2554,3405
4101,33
3251,2196
4325,1661
406,4353
4380,504
3523,2649
3984,5060
1612,941
3761,2791
4259,1719
2238,4738
1812,2625
3585,3109
1571,2706
1787,177
3604,1769
3251,473
3210,3905
901,1312
1572,2987
1512,5060
3987,3090
296,748
3493,1319
512,940
1245,342
1258,3096
4656,827
1207,1461
3926,583
3818,308
109,1480
698,2791
5009,187
3728,2552
777,102
2593,11
4446,2648
3367,163
1850,373
4445,583
4133,3775
585,4675
461,1050
4843,572
4344,3300
1221,110
3692,2648
4811,448
1064,423
4514,3842
5006,2377
147,715
4487,2979
1052,1586
2462,1210
2536,1602
889,2898
4267,9
4901,3687
2866,3268
1638,2740
469,3077
2873,3060
476,4749
298,4675
3481,9
4229,989
3105,1567
189,3206
4893,102
2496,2907
3216,656
188,11
1850,3165
2885,1319
4791,1533
4030,61
2822,1012
1620,583
4664,1111
2353,827
581,381
3919,145
1610,3077
4992,4859
1132,4929
2022,2664
2992,1832
962,234
2418,4314
2119,3795
1279,3405
3350,519
3271,2475
2332,2938
2184,3206
455,829
4882,1428
4638,4859
3404,1890
2795,970
4924,4049
1494,2648
3520,1517
1217,3601
4548,1563
2864,577
136,2598
1907,1866
1192,219
2669,4970
4379,477
592,145
1052,639
2440,2008
668,222
2651,2124
1816,314
3320,335
2047,3888
1261,3045
4167,3762
1695,2124
4989,141
667,648
1063,2664
3188,752
2726,1939
2302,1179
3973,4970
2218,2064
4420,559
4311,854
4047,2784
4477,1312
3517,2475
4963,489
4943,1693
2533,4469
3872,874
990,243
1855,2979
188,25
692,921
4147,3005
2841,639
1023,73
1030,811
2351,4675
2362,448
2194,4452
1802,2322
3696,1377
2639,3868
4688,1179
4617,913
2951,1533
1914,1139
3301,738
812,2979
4558,3729
1375,3805
1573,970
2476,4588
4403,3675
390,4565
3965,1248
1217,1158
784,2671
2180,4600
3826,1384
379,3775
2153,2195
3753,2598
3948,1
3911,143
808,2135
3324,177
1068,3309
1192,3595
1682,1243
3503,4319
3478,1316
1074,3795
628,3397
2314,797
357,1149
1295,113
2151,2068
714,1832
1450,868
3822,3024
3505,1127
863,1225
1323,1790
4230,232
4275,3805
4323,1312
1409,5060
2229,479
1701,2101
193,2855
3544,2134
4162,3601
4683,941
3407,3387
2083,1474
725,793
4231,4469
3382,674
4121,2078
1405,3795
65,3309
451,1098
1967,2101
362,525
4473,921
3421,4640
4765,2475
213,4355
112,1384
3128,1390
654,2784
337,825
4304,2649
1542,2907
3706,2855
4633,2979
1914,1964
2270,173
899,1317
1161,2196
3330,1567
2065,989
3850,1222
1423,4296
2494,1520
4841,3077
4167,1719
413,262
3242,1384
1525,1775
1146,448
3529,310
2014,3403
4595,825
3798,1820
186,141
4458,1533
4562,2068
562,906
562,2124
99,2625
3698,2459
5063,2989
1672,1820
431,196
2187,1712
3987,1119
640,4885
3471,88
3936,559
2212,3397
317,2815
1620,1127
4413,2199
2675,4579
1927,3775
3029,240
2699,1179
266,1280
28,423
4762,2288
1254,1517
1060,3262
1052,2386
3876,4092
1413,3888
2807,3281
1660,1149
4106,4877
4091,4569
3834,3222
4016,2295
2148,4685
1651,1016
649,5008
2695,1360
4423,4319
3039,1506
4052,2245
1402,2032
419,2481
2280,37
14,2134
1388,85
1634,797
4797,519
2748,446
147,71
2127,2815
2204,310
655,2721
4829,150
2253,4145
1512,255
3513,2786
2323,96
4893,633
627,724
2568,3161
3692,2946
1590,25
2541,4929
2462,1775
2300,286
1331,2064
1028,420
1370,2614
1424,2664
3699,4452
1759,4588
3745,2706
4511,525
1579,2907
3882,1761
156,941
2688,745
4127,4565
4725,583
87,711
1729,1400
4850,4877
3251,860
1932,161
475,2459
5007,569
3691,3787
3863,1291
3475,1488
730,489
1530,4674
3600,347
1548,913
203,3125
4460,567
638,2791
1300,1488
2191,748
3652,519
2964,940
377,5060
2460,643
135,345
3959,2420
3939,681
3663,3805
501,3525
3524,33
4318,2459
1332,1658
4516,711
203,4452
3328,3252
1254,2721
5009,2206
1251,500
2058,793
2604,3525
2860,2245
4896,2475
1069,3025
942,15
4394,2740
2759,3025
1046,1835
4430,1204
1264,1235
949,423
592,940
3023,876
4021,921
3159,702
1550,17
757,1210
1088,3675
5011,1127
505,3621
620,876
2281,2979
3714,2710
1529,1390
540,827
2676,4584
1993,2649
1549,4640
1141,47
632,1127
3636,2101
2641,3968
482,446
1926,4490
4404,577
4230,4831
4142,4749
3040,2706
2111,4539
4308,37
3658,448
4528,979
1604,3060
43,1391
3519,4097
2429,3206
1884,3460
778,3460
728,2791
1680,1533
128,2989
2145,3311
5075,4674
4766,4831
3230,4319
4449,2012
1440,3460
529,473
2634,3905
3984,3281
3684,2012
562,355
3831,3045
1351,1167
3050,3405
3052,2649
5064,2068
770,2358
4460,715
3848,3121
1667,423
4461,30
4297,4615
544,4353
4251,1562
4693,1775
1380,710
513,4588
4344,2322
2396,5008
5073,3165
2978,222
1138,2126
2927,161
889,2791
89,941
3123,1890
3259,2055
3716,33
2190,3787
3944,1390
3875,2614
183,124
740,1391
3434,710
1275,876
5024,2386
4389,2008
5071,3868
5039,4646
2957,2055
620,1009
2886,3341
142,85
409,3599
2895,51
788,2865
1795,3884
3227,2420
2992,4831
1614,286
2705,3165
616,4640
3483,2288
3641,1280
1773,989
4172,361
4063,569
708,3445
857,85
2589,5060
4284,44
872,3109
3944,37
292,288
2216,2339
1732,572
4038,489
4684,525
2834,1327
3649,2938
5034,326
2580,545
1883,440
5055,44
1626,3592
3866,4452
450,3045
1940,3268
4295,1533
1107,1769
4434,163
1504,1498
1401,3460
5067,1533
2302,3787
2383,4646
4204,5060
1267,3
4829,4920
261,2614
2369,446
581,1155
1422,1009
1632,219
2792,4600
1686,504
1386,3281
2822,811
2609,1890
3440,1050
2014,30
3813,4201
1145,829
1083,2101
2798,51
4681,4104
1462,1658
3026,1050
4821,35
1060,4314
4670,4817
2328,825
3266,2371
973,3729
2111,1474
2868,37
2071,4902
2138,262
2692,267
550,243
4250,1563
4183,17
56,3281
2568,3905
2563,2890
4757,226
4612,145
1615,2012
831,4859
672,2987
3010,2339
4431,1319
1849,4527
4935,2769
424,102
518,1658
4794,345
174,854
1792,1377
405,4314
1468,1712
278,1050
3007,656
2719,1520
4513,1563
1829,559
4975,1149
3715,4902
2171,4296
4131,3687
3248,1006
4966,876
2143,1248
2457,361
1678,1942
3600,3729
1844,442
4774,1533
158,355
4619,572
4270,326
3433,55
2446,308
4980,47
1687,1243
897,756
2476,2101
4677,9
4108,308
666,59
312,2322
830,384
1078,1622
3115,2120
1372,681
3520,102
3359,3405
3451,420
4359,3103
4100,4600
4609,234
4961,577
3439,2459
4651,2855
936,1400
3613,572
1200,3045
1092,2195
831,2377
2935,124
1936,221
1294,2625
2921,1139
3210,2134
3305,3910
2897,4049
3476,567
3407,25
4085,1179
1619,423
1953,2459
2390,1353
1597,2840
3353,85
3986,4565
803,314
1677,2890
1218,3601
1856,2012
2606,3345
1029,2852
2837,3381
3131,88
783,2979
1793,3675
3003,1319
517,921
4331,1761
1197,3879
689,1552
1973,2552
783,748
2077,3601
770,221
705,3062
1323,1003
129,633
2935,593
4523,3103
858,3868
4260,1902
2656,3762
4481,997
2688,3024
1288,401
3026,3592
2949,2625
1047,2598
2160,4749
2265,2012
180,2573
27,1783
331,4817
2011,3675
1367,3775
3962,33
3441,1506
4647,1360
4027,3403
179,397
4671,756
923,4223
1121,4600
1663,166
3772,401
3958,2946
842,3941
3783,4097
638,35
963,525
4660,1502
1764,827
2962,4400
4016,4469
5074,756
2011,3222
4213,88
1740,2710
2130,387
4397,2979
1854,4355
3274,656
3720,1238
4495,30
1026,3787
4942,941
2067,504
3731,2786
2260,3687
76,286
1473,860
3891,3405
3889,3405
4512,222
2903,397
3924,567
1862,3879
2259,2557
574,756
229,2035
1440,876
3154,3610
5069,3601
211,88
3367,2815
2679,1377
770,175
1241,4565
4001,3841
1090,996
3797,1845
2033,764
4883,2781
2882,2206
4842,44
2753,420
4283,4749
1882,1247
2972,1602
1479,4049
1137,1552
502,2463
3145,2055
3828,4653
747,4490
99,3
925,265
3701,764
2138,381
999,262
4026,3452
4016,994
4377,442
4732,1012
3324,33
3378,243
1473,265
481,711
1315,132
1537,2068
3793,3972
4051,232
4952,2035
4895,583
3174,1725
3856,906
4124,414
2765,4569
1893,2919
4746,2649
1895,4452
1073,4405
2975,2710
1607,4400
3400,3879
4821,1835
2954,989
443,764
2603,4371
250,2578
4892,4920
1015,2288
4783,355
2311,345
4407,15
4391,1820
1989,4097
3208,17
2190,2068
5062,361
2277,196
3012,265
4655,4600
230,262
3425,752
307,913
1521,1003
1592,3621
3216,2295
3784,1119
4511,1622
3945,2987
2105,4929
3653,3584
4146,1820
4009,1400
2632,2064
1478,3215
2317,4674
4508,318
1543,5057
4587,681
67,756
3402,1939
4515,3262
378,361
3938,2573
2025,3601
4025,1999
1878,267
2679,3675
2737,2032
2129,2459
1811,318
4868,221
3902,577
4847,2710
4329,2671
2839,401
2933,310
1886,4738
977,286
5038,3879
2292,2942
3216,1890
1569,1390
1630,913
2122,3445
485,15
2780,143
4072,17
4024,1130
405,2008
2130,1130
2259,648
4614,2377
3111,1390
4779,446
4853,219
1558,827
4207,2979
2212,1586
1407,745
3176,245
2271,1999
1673,1783
3932,724
3800,5058
3479,583
4333,3381
3042,1488
1198,593
4401,19
946,110
4172,44
1401,4646
4687,1761
5075,47
4363,2295
2514,2086
4564,710
2276,1845
4678,1964
4965,3841
2151,797
1995,876
3013,2664
3419,2557
1335,633
3384,2068
2893,44
1346,3206
4676,489
2553,2890
3575,426
2140,4490
1169,479
3938,234
2650,3403
167,2890
1678,1474
1733,1661
3612,2648
4875,4400
396,3842
3684,711
4774,2791
4367,2199
2632,3905
2952,288
1174,1775
3435,61
3028,381
3771,913
4944,3381
4096,1317
3589,1280
296,4817
1774,3988
2850,3077
4075,1235
4320,4353
2787,2648
23,318
866,1533
1605,1476
3448,4615
1168,1225
3350,17
1221,2791
4482,1835
1165,4731
3280,4885
915,4749
964,161
3940,30
2560,2199
4727,1400
2684,3090
664,1139
1070,3775
202,868
4548,1939
4708,4104
3264,3096
3828,1003
3390,1622
2585,187
1665,4201
4289,711
5052,4653
2967,2459
184,748
2409,921
3285,4371
1851,3805
1748,4877
1802,4831
3350,738
4645,2865
1033,648
1988,2386
436,2740
1698,308
4850,221
2266,1009
640,420
948,2035
309,913
3823,1210
3101,3121
4332,175
2688,1312
1937,51
2830,671
725,3905
1483,681
1146,2979
4403,3972
3195,653
2112,262
1381,500
2368,1712
2485,3109
4171,1902
4422,440
3870,4400
2360,2710
2871,166
4335,3397
1407,2786
4317,2288
125,656
1290,702
98,1820
4016,4831
4111,674
3980,4653
4780,3879
1684,3262
4575,1999
2636,1400
4923,2064
1404,4674
4495,3905
4544,1835
1342,1820
3164,2126
3158,3805
1161,1195
2313,1567
4129,1725
4819,1832
3736,4083
3155,73
225,3254
3048,4579
1315,4854
3878,1377
481,1520
3119,4831
2587,4646
154,674
2017,3045
1723,426
4165,4527
3962,1502
1175,1563
4895,446
1536,2339
2257,59
3622,2032
2515,1195
2150,1712
600,1939
683,342
3618,2135
3918,1498
1318,2552
2231,1964
3688,219
3520,381
438,1248
1855,1761
2403,3941
3271,1902
1988,124
1385,827
3305,2625
924,1661
1351,940
3150,25
1531,1999
2799,1247
209,4674
879,2055
4327,671
3809,384
823,4646
2323,2625
2900,1119
3240,1248
3686,2463
4867,597
1631,2008
2842,426
3157,4920
617,1562
924,2852
2797,2648
1600,15
1382,3787
3946,423
2201,1317
4917,1474
4174,4646
4971,4539
3034,2055
4969,2035
2731,1235
2966,2078
1784,2697
3622,1939
977,1135
1448,4355
2886,1661
4317,467
370,4600
1422,2791
782,4588
976,827
2396,4929
2939,811
3916,11
1206,1003
3756,3062
3099,355
3502,3888
2981,4400
2143,2055
634,384
4479,752
2687,1520
2777,2919
1081,583
754,1149
4821,2987
1329,1783
1427,4929
1883,860
4977,113
215,2322
1858,4282
1053,4646
2723,2840
4887,446
765,3045
3871,4319
4605,4936
54,1622
1639,545
3752,1835
759,1149
1878,593
740,17
4442,639
3644,597
1636,2135
4227,265
2246,756
2389,3403
4008,4145
389,5057
460,5008
2825,243
1677,1835
4559,4731
4443,33
1352,738
4531,3687
2684,4855
856,4527
4807,19
4407,1391
2376,2898
4849,793
2374,3405
601,143
4152,1719
1945,342
849,3025
4557,234
2436,1312
2841,124
4858,25
728,4201
2753,2614
2186,267
2693,3621
2242,361
4066,1586
1165,355
4769,4653
2818,702
4430,1319
416,1586
3790,3206
4543,854
1361,504
4712,2386
3169,1725
2925,373
4622,4584
4204,4885
3331,2840
1949,318
2110,387
378,2339
4801,3121
4482,141
1066,1006
2783,1016
4824,1506
4906,1595
5037,979
3976,5008
828,825
1385,44
3204,906
2243,1167
4797,3687
4085,3599
2626,4294
3573,347
2150,1312
5025,868
4507,2573
4638,4490
1138,1225
791,4097
3427,1488
4266,384
3069,3300
4470,1098
661,504
3308,2371
4961,4724
3860,2288
3084,3381
1550,1130
2010,347
4142,381
914,3309
2985,1480
4230,1556
1472,3910
5023,173
595,3
291,4272
2443,248
4964,3125
3479,2459
1646,1602
677,387
741,1360
3501,2371
2414,3090
4611,1502
2960,1111
2254,4685
1758,2481
2204,908
2732,4854
3990,446
3112,1113
5053,2598
2672,748
1616,3281
4709,234
3113,2126
4077,2840
1430,941
937,994
1636,102
4596,1567
4705,4314
1548,3884
4737,1009
358,2206
3264,4049
2269,3201
52,467
1925,150
2894,1506
2593,1377
520,143
4543,3201
81,1327
3416,756
4529,15
1871,3341
1538,2035
2730,2852
2201,4452
3417,55
1453,2938
3108,4049
4732,1225
3824,3452
1928,2377
369,2206
2923,219
3589,96
2159,2697
1479,342
4427,825
4518,122
1536,3201
4438,2649
2436,4092
478,597
303,2132
1777,1693
3848,2497
2461,1119
4593,702
1355,477
1791,3281
5005,3805
3447,1327
5062,1942
2650,173
2407,854
1634,71
871,2339
4448,1248
2087,384
2715,3215
932,2831
5044,308
439,1149
4174,1377
3991,3445
4906,1243
3545,4929
3498,1428
4123,37
2098,4831
4141,446
174,1835
2960,1835
2284,3905
3275,1316
2357,1595
3959,572
3690,653
371,3601
1302,2245
170,1586
2991,1098
1257,394
1882,5
4219,525
468,2377
4895,4855
949,1158
1871,37
1104,141
3658,3842
2864,166
3771,347
1459,1139
83,326
2867,797
762,2781
4034,1003
3074,4855
3661,1586
2180,2134
1510,342
851,567
3614,2898
3549,442
3723,1235
507,509
4297,4685
1656,30
4276,2649
4683,2475
3876,1135
2301,597
203,4675
1868,3795
1665,3592
1530,1552
721,240
1041,47
3829,1006
3995,1050
1190,1586
1577,2721
2482,2124
4614,1384
443,2671
535,221
3908,2865
4464,4296
4583,569
4117,2697
2285,104
4051,397
1351,2865
4712,347
1174,874
2184,3077
550,1552
1694,13
2308,3805
1405,1586
3630,3941
1441,1111
4616,1
3229,96
439,1248
4905,1247
501,267
3389,1658
1981,710
4787,73
1605,234
3854,3888
2331,110
5003,2078
1941,4565
3172,3599
3240,3988
2390,2195
2949,564
129,1939
2337,4201
4160,4296
1958,2831
1511,648
1481,3687
1131,2064
3593,3341
1094,4936
3453,2195
3434,3879
200,2134
4281,288
3899,3025
4093,1113
1531,4831
130,110
1455,2032
1321,2649
900,1312
4131,88
2725,1769
2417,448
3305,73
2779,4371
3678,1238
3839,908
3507,175
3799,3125
857,3252
3850,2497
1424,175
1576,572
1421,3775
2225,3387
4841,1498
2198,3842
4297,564
865,4272
1293,3675
2002,519
1546,175
3821,3687
3105,467
4348,941
1018,1488
5054,2855
148,1113
3575,2032
992,463
3408,5060
4655,2740
2044,3601
3375,2078
498,2124
3654,829
4374,3888
637,1461
4887,2295
3721,656
4591,262
1764,118
4222,3888
1767,913
2341,5058
4343,2855
971,4272
3943,4724
3949,4855
4338,35
1854,1719
960,1127
4917,35
568,2946
2257,3281
4349,1222
3401,1498
2744,519
2872,572
2465,122
2246,11
4573,308
4454,5057
2701,3621
4237,3109
3767,2420
2187,2199
1457,633
1588,1139
1645,232
728,1761
2982,4749
1156,2463
3625,2126
2077,2322
1727,1384
1492,85
5011,2245
3153,255
640,326
795,4490
3750,3842
3688,414
3302,2008
4699,648
4889,4405
4857,4355
4883,811
1157,4584
3081,2055
508,2245
2251,1130
3163,4859
1411,310
2130,827
1402,681
2980,2573
365,4145
230,226
2484,326
3427,710
2507,47
3067,3775
4621,906
261,1480
3119,3884
4413,3729
2708,2199
1976,509
1851,1999
283,2578
2941,3252
4303,286
3854,504
1311,5008
4113,1602
4784,3584
2748,3905
275,4653
4172,381
1295,196
2375,1003
435,318
628,941
3041,1845
3874,381
2889,4640
204,577
1047,3103
4411,2322
1494,1498
1797,2791
4432,1661
1483,2697
2915,4929
826,1480
3718,4738
3929,347
4510,1360
4331,335
4067,2865
4697,4854
3745,643
2073,639
43,73
875,3968
1807,3005
2615,3381
803,979
4147,3968
2568,2064
4541,3621
295,1911
2903,132
4961,1602
2595,687
192,342
1762,1235
1120,1562
2619,2295
4348,4400
1240,3387
332,504
3732,221
2560,1003
2488,2786
1064,1243
3156,17
3929,1769
2293,2989
772,448
3124,397
2666,1247
5063,448
277,1210
1514,401
4901,1291
1815,4400
4760,177
4906,2769
4511,5008
2053,473
2811,11
1802,2938
3169,11
3097,342
4441,4855
2875,384
3743,715
1257,3968
2568,1400
1206,5058
2274,2815
4128,1902
4357,3687
3591,519
3983,4353
785,1247
1731,2012
2039,33
1307,232
1413,3201
1689,1520
3244,1135
4462,2288
4306,994
1865,4738
1351,4731
3660,2855
2098,423
4847,811
1239,308
305,921
3187,2573
1089,1725
2734,2132
2187,3161
4782,2710
2328,3252
1403,567
3315,93
4774,2598
1886,852
4789,4097
3418,4854
1173,1595
3286,1520
2095,4565
2382,710
4717,124
1733,1999
3524,1113
4053,5008
2480,724
375,1377
1311,633
358,113
1759,1151
4415,267
4366,2481
97,643
3009,355
2130,908
3447,3121
3617,4877
4396,4282
5050,118
3863,2697
966,643
4862,243
4827,994
1946,4902
427,825
3548,345
807,5058
427,1517
3589,3103
4369,4646
2272,1204
148,245
2933,3201
4860,2358
2137,122
3850,2648
1888,267
2871,85
4174,1498
1986,1890
1068,381
4082,141
1020,3268
4538,3387
1081,868
1462,141
3696,4223
3681,19
1603,4294
2236,4640
3552,489
1215,2890
2608,17
1492,921
1988,870
1331,2865
1826,4724
1084,355
3745,687
1804,2706
538,3109
4181,255
3435,347
1287,1130
1965,2942
2021,4855
65,2721
4872,1050
1543,1911
692,1658
1931,1119
2367,1006
1826,245
3898,118
1066,3910
1004,3161
526,3675
3416,3841
1216,73
2882,997
4312,96
1990,37
1799,4201
1193,545
3217,4201
1338,442
3029,4539
885,3841
436,1204
4336,4936
2527,3215
3143,473
1041,629
1264,724
3862,3787
2287,1225
346,397
1607,3165
705,3584
2869,2086
3973,4104
4568,1556
3398,1939
3063,196
3581,401
1313,4640
393,756
2378,870
39,2055
2850,4097
2169,2055
2089,1693
2492,852
1919,1502
2141,1391
2729,1139
3753,3879
4184,3795
3947,913
115,764
4771,643
2824,2721
3956,1151
925,255
2575,1248
1080,442
268,440
1322,629
3963,113
406,2664
998,4749
4609,1319
1677,489
1782,3201
1256,1563
1988,852
369,1595
4794,979
2287,653
2806,187
4385,1712
3951,1461
1657,3161
2526,3005
1923,3090
3241,3262
4023,4097
2232,876
772,1506
971,335
2734,797
2259,21
578,423
4348,1939
4641,2463
2892,2497
2432,1327
217,1119
1940,3
160,1902
109,47
4529,2206
2087,397
3360,3687
4130,1111
441,525
3140,2295
2587,3345
2830,335
4173,3005
4410,173
1060,2740
2764,1353
3646,2055
3521,724
2334,4294
84,3025
3166,4685
3869,314
1994,4936
5043,1939
2047,1353
4719,724
3790,702
3330,104
374,44
2562,3252
2863,2086
4844,11
3367,1622
806,4314
2958,1480
2868,2288
1075,4831
828,2084
1885,4371
1346,245
3087,1461
570,4355
4154,2942
2321,1942
2307,61
769,1130
4025,3215
1930,3709
4039,797
2026,124
2513,1476
4135,2740
1497,240
1660,2333
1716,3445
444,4490
4783,318
3943,2439
1680,1783
486,3096
3817,2052
1628,2573
3723,143
2553,4854
4094,2552
4454,3397
129,639
4270,342
3965,3910
2939,4092
4992,448
4955,500
1259,1003
3074,681
909,2648
855,854
2541,122
1817,345
753,308
1970,2865
1577,4970
4289,3910
292,4223
5066,4296
772,1127
2904,2333
2448,4490
3528,577
3219,314
52,2497
4340,2942
111,4490
2016,908
3583,4685
755,1964
1729,489
3827,4579
3043,166
4236,381
3659,1016
2950,3884
1733,1719
3416,2786
4509,1839
434,3841
4794,1167
928,118
1980,1316
896,314
2054,1222
4018,47
2253,355
3059,656
295,3206
4438,1050
720,2946
4871,4569
3534,3387
305,2946
4063,525
3137,1225
1290,4353
3997,25
4074,342
1432,1461
1887,4097
3523,2840
4050,3161
3647,1235
678,3060
2473,3165
590,2938
4464,1391
1978,141
3192,1280
178,1204
3458,2052
2842,1839
422,2195
3502,1009
3975,4885
386,51
684,1902
1836,2721
2748,3709
3645,1769
4424,1291
1592,2245
502,3397
897,467
5080,2840
846,1006
2711,2625
1072,1113
4930,3525
3942,3024
2485,308
1853,71
4060,3345
2307,1248
1550,473
1988,196
2519,2199
2417,4353
4431,4970
4154,104
2763,577
3350,1661
1962,577
152,1248
4458,674
2180,4490
4006,2120
2820,1139
4617,1839
29,2078
2730,4469
1580,3268
4775,1712
900,1911
125,2840
1539,102
1621,5008
1099,559
2041,1622
555,525
2992,3121
3065,989
4880,1712
4774,326
910,793
4265,342
1539,2987
4177,500
550,414
3873,37
4564,326
1566,2078
4511,473
92,4877
1045,3729
601,1384
3629,3060
2208,3201
2731,2245
3625,597
4899,970
484,59
781,59
819,504
2378,110
5019,1317
2038,811
3072,1502
3034,1113
732,3096
1064,2052
412,3077
410,3125
297,4353
1816,711
424,3787
34,4353
5064,745
2153,477
3789,572
4692,2377
2637,51
2972,3206
788,1179
3363,559
4903,1461
3974,2919
1389,2989
4977,1127
965,3403
86,1050
3181,2459
1878,265
4080,1312
456,3709
4952,2573
4258,44
1531,414
1846,1835
2535,2135
283,2710
1588,3024
3220,4653
2939,21
2653,1769
890,381
285,373
2800,2721
1446,500
3195,1130
3021,519
2662,173
2003,3309
2565,3842
4477,1360
4943,347
3420,2463
2014,1327
885,3445
1655,255
293,811
4232,1761
3083,2377
1197,3311
3933,21
4495,970
312,2938
3012,1911
3241,2769
4009,4049
999,2815
3189,1195
3056,1167
294,463
1597,4902
121,11
1687,2245
672,373
1239,2769
2832,3262
268,1498
3917,3161
2130,2245
3653,7
1973,1552
1048,1195
2583,1158
2768,1139
1433,1353
2237,1488
2275,633
2422,1602
3913,827
3474,569
1884,1488
2703,793
3571,2781
4410,3
2869,3805
2798,5057
1323,852
135,150
3409,3675
1887,970
3153,15
3406,989
4835,1167
4889,1149
1601,355
3417,2206
312,4049
2254,2706
1297,564
4923,710
798,509
4485,373
1984,132
2629,3675
1284,3060
2476,73
4702,166
2799,3387
2246,3687
3850,1291
2114,4201
2382,1939
4011,4355
922,1820
2628,347
3895,265
1504,4294
3052,145
3117,1139
4793,3381
2128,583
2127,401
4063,4929
3123,3592
3696,326
646,979
1985,2979
1131,715
2389,288
5017,2052
247,572
801,752
4195,308
3095,1832
2436,525
845,113
4204,702
1417,1316
3878,173
2216,4817
2887,2012
2450,2101
2428,7
2600,3888
655,1658
3140,1098
544,4854
4794,4920
2661,3397
1549,1390
111,3060
4331,479
650,240
4516,3341
1916,3252
760,2135
1884,4539
4399,3090
1340,3687
4379,2697
2452,4817
4981,4615
4230,3281
2960,941
369,1520
4869,996
14,234
2362,2339
449,51
2630,1890
2155,2840
2210,4539
3233,161
4512,1506
2896,2322
276,1658
1497,1488
3463,4885
2357,3381
436,564
3695,3584
3743,463
244,3019
1677,3387
3260,5058
722,61
1385,1533
4011,15
2630,3888
1663,4319
1896,793
3619,3884
944,222
2434,4584
1350,970
3994,124
4786,1520
570,104
236,3024
1344,2697
550,3062
2496,9
2726,3397
14,3005
3682,2055
4921,3709
3093,2740
1240,2791
3357,979
2348,653
1643,648
3170,4885
1809,724
2216,4831
4708,3888
4962,3584
3010,4653
3652,3024
2395,196
3002,868
4753,2295
4290,1391
2311,4092
4438,3787
2163,288
5005,1248
3963,3709
3020,2196
857,414
2229,85
2036,1622
4999,1050
3772,3165
388,1520
3290,1890
1369,2831
3719,1195
1762,88
2054,1999
3104,860
1837,2124
969,4731
4359,2784
3294,1845
1192,2497
1759,3795
2794,4569
2825,3262
3192,3254
258,4452
3117,715
5073,463
4619,71
3617,643
3008,597
2960,1890
5052,1839
1072,3311
2405,2358
4288,2942
3680,648
4078,55
582,2064
2519,2322
657,2769
3955,2898
4779,394
4430,752
1823,997
4271,384
2201,2055
4830,1003
1001,414
2613,2288
487,17
4221,3300
2129,113
1967,314
3342,11
1088,2358
1899,1552
1213,3601
1249,4355
600,1384
4069,748
1928,970
337,4724
1584,2614
602,4104
3880,509
3286,2120
1849,738
235,1586
3372,1353
4836,446
4593,1476
3466,104
1379,559
2219,145
2109,423
585,2786
1301,2178
3974,448
4207,3775
1240,5060
4501,222
4221,1155
4932,2946
1883,124
4669,3077
1827,2552
1634,1158
5030,2791
2096,1832
3290,1942
4521,1790
3887,711
1966,1902
1068,477
4601,2786
4287,3775
4000,4854
1094,265
4170,37
2934,4674
1076,2648
1445,1009
4973,3311
4858,150
3695,1377
1584,2497
1315,1769
798,1119
4191,756
4764,1498
2056,1562
3692,3311
478,335
1827,118
2464,1327
438,4859
2471,4646
392,2784
1944,314
4725,1533
2047,4749
2532,1942
4973,979
2393,1384
4064,3
1722,243
2996,593
4315,2557
1614,1835
3694,2481
1883,4097
4168,3405
4475,3675
4293,876
548,5060
3518,3842
3329,401
4631,994
3404,2481
2300,4749
1489,141
4507,3842
4968,2064
1574,1390
4549,387
2672,267
1255,4527
4918,4749
2970,1312
3915,2786
4536,4400
1090,267
4641,827
1784,2032
3933,1003
2760,702
156,1999
1451,1586
741,3868
4197,226
1767,1942
257,1502
4889,4855
826,3599
1986,1243
1206,4405
3067,33
4148,1562
3978,2769
2934,4653
907,30
2436,4296
1022,1353
2660,1050
3290,11
3673,3201
3857,1964
4427,2840
4962,3941
4038,4314
4392,997
3813,221
90,921
1064,1476
1504,1179
4607,4584
3182,1712
2242,2012
3740,3254
948,2942
2999,994
3065,3252
1551,2898
823,2124
1302,3201
2909,2245
1338,2649
4389,643
