1264,166
346,33
292,37
2715,88
1696,19
1035,73
3272,21
4152,25
3589,110
29,44
4705,5
50,243
620,145
1246,1247
287,226
700,25
2330,25
2883,5
1860,11
2739,255
3312,11
305,7
1118,35
3479,11
419,11
1253,110
170,21
1037,7
1330,19
3047,5
962,25
528,25
2121,5
1580,9
1212,19
4767,11
2970,88
3287,37
225,345
888,7
3513,88
139,9
820,30
992,37
4915,3
574,5
578,88
1040,19
3608,11
431,44
2140,5
1963,177
2069,15
3343,21
1774,13
3404,37
1888,656
1446,88
623,681
701,15
2827,44
2455,13
2170,25
1365,88
1150,44
5032,3
138,37
306,25
1483,37
383,5
2257,1
1237,30
481,5
632,345
1718,1661
1099,21
1392,25
1784,85
4508,5
3143,110
499,681
4276,25
3163,314
3108,519
1632,25
1136,30
1264,35
1870,7
3908,240
2215,25
1431,35
4487,19
1732,44
1186,88
66,37
3794,11
4906,3
214,85
4538,25
750,11
2768,177
1833,25
972,1
901,11
170,7
284,3
1651,5
851,1902
3862,3972
16,827
4999,5
3010,5
939,345
1570,37
2650,44
2778,25
3112,143
3075,5
139,7
3368,25
620,564
324,9
625,124
1621,1622
4697,88
618,21
374,9
250,11
2194,73
1929,19
4075,19
775,3
407,37
944,5
4065,25
2412,13
3833,37
34,21
858,1661
533,61
3501,5
1416,9
1073,88
152,88
886,7
4132,3
2264,44
325,2497
2762,3709
2159,15
1545,44
370,44
171,37
2961,11
1516,25
529,33
2853,13
533,681
3504,21
2529,9
1257,37
4222,25
3754,3
1685,19
3831,19
3137,3
697,30
2215,15
510,21
754,25
2091,5
4792,5
2028,19
83,37
1833,11
638,639
4228,25
140,996
733,35
861,110
365,9
2018,25
4895,21
2255,5
170,9
4663,25
4956,5
818,355
1997,3
2467,13
452,37
398,25
4056,5
2217,1622
3270,3
1879,35
888,35
393,593
2446,3
4194,5
307,33
1603,37
393,674
4905,85
1778,5
1332,85
1100,25
547,1
2730,25
2547,25
4004,3
4830,25
3755,25
1497,3
802,177
1069,13
185,177
2699,5
2405,44
923,25
50,3281
84,11
4614,3
488,30
637,11
1281,5
2874,37
1874,124
5021,3
4914,255
902,15
1613,545
360,88
1874,15
4269,25
1766,1
315,166
3076,25
216,567
3480,44
2708,19
1084,314
4802,5
3004,44
1300,5
4987,3
2437,3
3804,5
422,1353
2151,21
4114,3
3314,825
66,9
1957,11
652,1280
4521,3
56,15
2363,13
972,37
309,1225
112,545
2700,132
1698,3
120,44
3773,25
2762,477
432,88
4561,5
3233,150
1859,44
1090,745
3563,5
116,88
4045,15
2761,3
139,35
601,166
2336,88
72,30
1521,85
4416,5
1603,19
129,73
4898,15
152,150
422,1210
2480,13
2925,11
378,88
1815,240
4395,11
1640,44
4753,11
3624,85
3346,177
2894,3
437,44
1362,11
1416,37
701,37
1254,5
684,35
84,25
4978,3
2564,5
3117,25
3464,11
1032,21
2054,85
2934,5
1038,15
2354,9
1689,3
714,3
3671,519
3174,37
3835,3
2019,110
2897,15
3840,3841
2605,342
2350,37
1974,44
3221,124
3369,3
2583,9
680,30
2752,11
1822,240
97,124
315,37
3126,11
190,25
322,177
3409,5
1047,37
534,88
609,25
1893,5
4164,5
174,1517
4339,25
452,25
3264,5
4821,11
1748,5
2527,3
38,44
307,61
695,124
951,150
2007,3005
3304,11
4601,25
3678,11
3471,11
654,85
307,1280
125,25
2123,15
843,44
520,25
152,19
544,143
3869,21
1140,11
1008,124
1160,73
4054,19
2585,25
2385,3
798,25
855,88
4229,3
466,2890
4658,13
1038,25
36,25
3157,5
2715,30
4057,15
757,113
1347,113
1554,11
1631,11
1267,166
220,221
493,25
5024,19
4036,5
3027,145
1711,2815
922,73
4531,5
666,35
743,19
140,2552
1101,19
676,88
2731,15
733,25
1091,5
116,13
282,347
391,15
652,33
2378,656
2450,5
561,25
1168,15
393,639
2268,25
3428,11
3725,11
346,559
129,85
1174,21
2935,5
1825,25
287,748
4655,11
2003,44
644,25
3765,5
2827,21
276,19
2096,25
1244,88
215,30
32,1243
1140,25
533,1243
1090,232
684,7
499,593
77,25
3734,5
4115,5
3052,5
1585,13
1035,44
1625,150
1402,25
1699,5
4006,19
1760,21
946,3
1907,166
140,1312
266,267
3265,13
3872,19
807,88
4057,25
2219,3
443,7
3808,11
579,9
1186,35
4427,21
1961,5
2447,19
2876,25
493,11
762,564
483,13
3348,21
1903,3
524,2791
2541,37
2252,88
1343,88
632,748
2389,145
285,3610
2157,85
307,232
3573,25
3817,13
1141,15
4059,88
685,25
561,11
1114,35
472,88
1342,19
1949,25
309,3025
723,267
309,3309
1576,25
1008,9
165,44
890,37
2814,177
2813,876
2033,25
2746,177
638,997
2395,5
307,653
215,44
1673,88
632,318
2314,37
2955,423
3664,37
1938,44
4668,11
2482,25
6,9
2179,11
1709,5
3104,44
1803,448
478,479
2115,19
2722,25
1496,44
1092,25
172,1866
1499,9
3389,5
1267,21
1431,30
2152,44
443,21
1354,25
2583,35
2566,25
291,73
3358,5
1732,88
683,85
1529,21
666,7
3184,88
1169,420
3331,37
602,47
126,15
3284,3
521,3
668,342
2885,88
3827,5
4332,19
1994,88
4923,656
3030,37
820,9
1634,35
4322,25
4554,21
2024,37
3735,5
3702,88
2999,113
431,25
280,3525
129,177
611,21
4844,5
220,2178
2241,5
1663,13
4773,15
632,110
1332,19
2355,13
601,15
172,2333
1083,9
108,9
3040,509
454,37
1875,21
625,177
2951,3
1490,13
3997,5
2198,2199
2234,44
353,342
320,25
377,88
195,33
1962,25
346,1317
3249,88
4418,3
1605,21
632,1506
755,25
299,15
638,870
252,37
3656,1155
1655,37
734,15
2002,3
2917,11
170,240
832,19
1385,3
2668,25
1017,25
3275,3
2408,21
1431,44
1414,44
1162,93
3065,3
1093,477
1293,11
172,1999
2580,44
529,870
1034,19
666,9
4774,25
119,85
1333,5
358,13
395,21
1005,1832
548,85
1518,3
3577,9
225,1506
4399,44
8,88
2704,5
3255,656
99,25
393,564
853,854
1188,5
1064,11
983,1661
307,196
928,25
1335,342
3692,5
1623,21
631,47
3806,5
3310,110
2575,9
1114,7
2779,738
3297,11
2872,854
968,15
1521,15
4341,110
461,110
282,829
4351,5
779,73
601,25
947,5
323,85
1083,7
4502,9
1764,44
220,2055
580,11
84,240
755,4885
488,35
307,745
4357,5
0,15
592,681
4236,44
2260,11
3457,5
156,564
1170,166
1941,5
3778,25
235,21
272,25
4468,5
1102,3
966,13
2054,15
349,5
2115,15
3031,37
512,25
2414,25
1546,326
1250,11
4637,255
1142,5
4252,3
117,996
1971,25
1665,124
391,177
1115,37
4687,19
322,88
562,9
697,124
848,240
4477,19
4835,11
455,37
2443,25
28,25
174,567
873,748
5050,44
2640,11
290,166
4912,5
3122,25
2419,166
2510,19
4038,11
596,1506
408,37
1114,9
672,44
290,25
41,19
1660,44
4166,5
1133,1238
266,3300
4119,145
91,47
3266,21
244,3103
1008,35
185,166
1090,161
1473,47
209,88
1555,25
1612,30
3316,5
624,19
417,11
4034,110
553,25
1837,21
3430,5
282,33
484,37
3035,15
910,569
359,13
3208,21
4765,11
4344,25
4641,5
831,25
29,15
2522,25
851,3445
2819,5
272,166
680,35
2273,3
1323,177
4545,25
1162,113
3622,11
79,35
406,177
3807,5
3547,25
1722,9
3476,11
2505,240
4090,11
291,19
4660,5
555,88
558,55
1512,5
1701,3
743,73
356,477
602,21
2268,177
2785,25
92,93
534,44
274,88
1145,19
2221,5
499,1243
939,342
4700,3
1242,37
393,446
213,37
2083,124
554,35
1161,25
2076,5
4311,19
614,73
282,1006
2261,15
1079,177
485,11
1600,88
236,25
1339,44
165,19
4952,25
2280,509
2686,37
1083,35
2106,25
1673,7
2659,5
0,124
2328,19
751,145
148,44
1679,25
617,85
319,5
156,745
856,37
2502,21
624,1
677,25
573,88
791,1
60,13
1328,25
1760,124
1334,3
1082,88
858,1390
3393,25
181,85
3838,3
97,240
353,110
1682,113
4484,3
2025,25
3325,37
409,93
1846,25
4225,3
1665,88
2545,11
2809,44
2148,240
773,19
1587,5
3770,5
2302,19
948,15
4747,19
3618,177
3267,5
1949,177
4808,3
5046,13
1185,44
2616,145
2265,37
1295,35
140,3687
1849,5
749,37
172,4083
1063,7
4358,3
1285,25
2737,25
631,1
1704,5
5015,25
638,1243
1521,37
236,15
1137,21
307,674
1190,25
4324,3
220,1595
1982,5
2921,102
1609,25
3548,5
1294,11
798,44
1229,1506
1159,13
356,1210
1095,37
2672,21
926,240
231,234
3960,44
603,5
4873,5
2566,177
271,37
1193,37
2776,19
3073,3
2283,5
1263,30
507,25
1482,13
312,25
865,5
719,166
2276,44
4198,3
2570,15
1954,25
190,30
1125,25
79,7
4046,73
820,177
4892,5
1782,3
1546,255
388,37
1192,9
4558,314
1430,7
1566,5
4932,3
4254,19
386,440
499,33
3330,177
2579,21
3132,5
1134,11
3333,132
2379,11
625,9
554,7
385,240
408,15
3172,3
16,564
1764,21
3101,25
4506,13
2419,1
1433,3
3579,3
2348,3
3162,25
350,13
3937,3
5049,11
708,9
1246,355
91,25
4366,314
634,11
652,414
1538,25
3792,15
2374,44
287,373
1466,44
2129,5
973,44
2058,11
542,3
1442,21
2725,7
3018,19
3885,5
4266,25
3207,25
4158,11
2051,104
734,177
1877,37
2293,5
3785,177
2872,1248
1392,177
1742,11
2583,30
604,639
436,25
1125,11
4235,5
555,37
1900,25
156,232
652,1317
2873,96
1819,5
1927,1820
2936,342
3908,88
3287,13
1343,85
237,19
2956,3
499,446
1511,9
4497,5
2004,15
449,3
2993,177
1795,44
2323,240
699,25
992,13
1734,35
4439,3
3146,88
8,30
1352,509
4612,25
4185,314
3478,11
2639,5
554,9
2547,85
2311,110
961,25
372,342
1576,44
156,829
782,25
1485,656
2787,21
950,37
1986,13
866,150
2592,5
4061,3
2830,3
1298,11
1234,35
20,25
2571,11
3694,5
2496,25
667,88
1116,3
377,44
50,122
1045,9
845,19
3289,21
3771,3
2536,15
2796,3
3110,37
1095,9
154,44
1431,11
1307,25
3561,3
258,30
2515,5
872,30
156,335
305,25
344,577
533,593
2583,44
382,25
1357,9
555,19
652,1243
2484,21
622,25
388,25
905,177
1647,9
2724,85
230,44
1560,11
31,21
1138,11
1798,5
823,25
2453,25
2184,88
884,25
1970,44
499,61
216,175
670,2358
529,564
129,166
1453,19
4723,11
468,13
1996,21
2602,5
910,1098
1767,44
812,44
886,47
3108,145
2591,37
1811,88
1244,47
2321,3
323,9
3926,11
573,47
2455,88
3855,5
2263,5
4779,11
323,150
2964,88
1598,3
1677,656
499,1317
5007,11
4586,85
4152,13
3093,5
29,88
2303,3
821,44
3758,265
2108,19
1431,25
720,177
2330,21
4644,124
1537,44
3068,11
2518,44
2501,44
1870,88
5018,265
679,19
2970,37
848,21
669,25
338,85
1152,509
2636,342
602,44
1027,5
951,37
4714,11
421,240
595,7
706,30
3385,25
1637,85
1855,226
129,7
438,11
2399,25
753,25
4486,13
632,874
1024,854
2030,124
432,240
364,13
2969,5
1606,85
1934,326
4662,5
1090,1783
1049,4640
244,715
670,671
3840,4223
1483,88
1446,44
34,15
4489,25
684,85
2901,25
1972,44
4739,3
1479,44
3688,11
4307,5
1234,7
845,166
1901,19
546,5
731,3
623,17
1891,5
1784,73
3174,19
4074,5
4471,5
272,44
36,44
2148,88
1182,25
1239,88
1611,19
1974,21
140,2710
604,593
1471,37
282,745
82,177
305,150
469,5
2896,25
3519,3
2051,2052
2717,5
719,15
595,21
888,9
2650,88
263,21
547,150
910,414
877,25
140,3403
1575,145
250,7
3115,15
670,3460
1707,25
3597,21
3658,5
2834,5
1005,1498
658,177
3155,5
2341,19
1318,21
2455,15
3562,1
1073,44
393,870
2874,15
2324,44
74,11
845,88
2186,13
1075,177
4172,5
231,1317
2050,342
3211,21
292,85
1432,44
503,4294
2112,3
466,1098
1756,5
1203,21
172,1839
3386,21
1264,37
2448,5
2162,15
201,21
4434,5
932,5
3436,5
2278,355
2758,25
3789,519
156,161
673,9
565,11
32,745
3080,177
1118,19
1947,3
241,15
294,19
3713,21
1185,150
3384,519
2011,110
4761,5
160,19
2949,19
3763,5
257,37
4329,11
3112,113
4480,3
3000,21
324,11
400,401
682,11
2258,25
220,2288
4237,3
3715,55
2150,11
120,240
1576,85
618,19
250,9
927,177
253,44
4102,25
1892,25
732,15
3522,25
2720,3
939,633
1882,19
390,37
220,4600
2119,3
32,827
451,25
256,25
3158,44
1234,88
4327,13
244,2178
1416,11
707,232
851,1474
1244,1
802,44
785,44
2310,5
849,15
630,30
1934,1238
329,73
953,25
1642,15
1398,19
667,177
1571,9
1075,44
4937,11
4688,25
325,1761
910,681
3261,15
2451,30
571,477
419,88
1305,477
1753,177
207,25
1682,143
282,448
172,1964
1833,9
1354,44
2141,11
2323,88
365,7
2970,11
1525,5
116,37
392,5
139,166
341,110
3020,15
1417,21
1256,11
1842,88
4811,3
1423,11
1299,25
75,15
1767,150
1912,1622
1859,177
1201,177
1024,1942
3461,11
3039,19
1676,166
4385,5
4706,25
1688,342
529,653
3572,15
3862,4831
1871,5
4596,177
117,2840
451,7
296,110
516,11
23,5
4549,5
427,30
873,226
798,35
3724,19
1466,9
1469,44
244,2055
2549,37
171,21
4404,5
1718,267
529,17
252,88
604,997
2397,145
399,13
292,73
4512,110
761,88
1789,852
707,500
4812,25
1263,11
3554,13
875,1210
90,30
382,240
976,19
454,3311
905,25
632,597
1041,15
3918,11
66,7
3840,4859
3422,44
1118,15
750,37
2623,19
459,124
755,3387
3200,44
317,748
1063,177
2363,124
1380,11
149,19
830,44
1168,37
139,37
625,30
2643,37
3784,265
421,25
3714,342
1956,85
32,232
2449,110
1100,9
2123,19
1929,13
1416,88
152,7
2958,25
875,355
1372,35
4321,15
4926,342
4250,5
1140,7
3576,88
1803,347
94,5
701,35
4239,37
707,196
409,355
3474,11
1958,19
3551,11
1561,477
533,448
1823,37
3660,25
2009,25
1038,13
4350,509
3145,342
828,25
4491,19
1472,509
2051,3525
3564,21
3011,5
872,35
3076,9
4481,25
1532,3805
4372,1602
3483,25
1914,9
170,88
707,745
962,44
66,25
4852,5
713,88
2031,2032
2525,240
4966,5
1893,3
2920,88
280,829
4005,5
45,3
3166,3
338,15
195,564
983,1719
3995,19
4744,21
159,15
934,25
257,19
517,15
149,37
3931,11
1664,30
1002,73
1249,88
1174,25
2858,37
536,519
2382,5
4436,88
850,5
1892,35
2680,44
917,145
2530,5
2827,25
1767,11
1680,13
2298,25
890,15
819,9
323,44
4321,25
34,73
1140,21
3323,25
346,2697
6,35
3681,5
2065,25
858,1488
1449,19
1341,5
292,30
3107,15
1884,11
1760,25
1264,30
638,681
307,593
2712,5
3021,5
3157,3
1049,1050
97,19
1860,44
2404,25
4043,110
443,11
602,166
32,674
1118,88
2583,25
2323,21
4232,25
1085,113
2748,88
2990,5
3679,19
190,9
1594,3
602,73
1779,5
2916,3
1215,25
225,288
4510,25
1437,15
2667,25
1990,47
139,240
1724,3109
180,150
18,25
4055,11
4312,5
685,37
4550,3
2797,145
529,569
1282,25
1542,13
2875,37
2929,25
2750,25
900,30
4183,25
4476,5
3033,11
654,37
1396,30
1382,25
27,11
580,35
2334,37
1975,44
2210,15
1372,7
1934,3019
511,11
2294,825
2645,15
3087,88
225,748
1496,177
50,2831
798,9
2354,88
1445,88
2250,25
4089,314
768,44
623,870
1246,509
1031,37
4273,25
2549,11
1955,145
1884,25
707,1243
1267,9
36,9
2290,3
663,124
443,25
1132,19
1152,113
1685,73
1061,25
86,9
1547,88
493,9
3602,21
3285,177
2617,11
3040,1210
820,150
1090,308
757,355
3756,11
824,854
1410,37
307,234
3003,9
4680,25
3860,25
2083,55
431,21
2083,3201
968,21
2785,177
2858,25
675,1
2133,11
4649,5
1100,35
108,21
1925,30
1008,11
3873,3
1569,44
1490,25
1073,7
647,1498
27,25
2281,3
4813,5
1187,11
1409,5
0,37
1052,13
1952,3
309,3687
1237,7
617,44
1905,37
910,593
549,5
2608,3
185,88
956,9
4717,314
1435,44
46,1
4279,21
3295,88
1813,37
4708,3
858,1319
1304,11
623,997
2739,2740
5044,13
2994,13
1024,1248
3314,1942
983,267
3466,25
419,30
244,2333
224,166
223,150
190,37
3170,5
395,25
4467,11
2541,21
456,25
939,3888
439,240
1805,13
830,21
1511,44
2521,25
1302,9
951,85
592,1280
3485,13
517,85
628,2706
614,177
652,764
544,477
817,145
156,3077
1521,19
182,13
1768,44
285,4201
974,25
1110,47
3661,5
3590,3
2872,825
4638,19
4699,3
4492,3
3987,21
444,5
580,7
2210,19
231,335
212,25
5035,5
4233,3
1160,21
1345,15
3198,11
1237,9
1310,177
3528,19
60,85
406,73
3494,150
1045,44
4175,5
697,150
3963,3
474,25
771,5
54,1155
235,25
4458,11
1126,1127
3275,5
4940,13
266,583
1078,44
2944,19
1499,25
2937,2938
935,5
97,73
443,37
137,88
707,442
691,545
1833,44
1357,44
552,3
2021,5
790,13
792,1222
1529,37
4721,11
466,17
2978,2979
2677,5
1691,11
244,2664
3837,3
456,7
533,997
4456,656
2517,110
213,15
820,25
2963,124
4446,15
790,1563
199,44
3046,85
995,85
723,440
1332,124
2030,15
604,1243
103,426
1521,13
4102,44
695,166
843,25
1657,3
253,25
1895,9
2918,19
1808,11
2550,25
725,21
4007,15
285,286
34,30
1875,37
1416,30
5045,5
81,25
50,2898
1170,21
195,17
1443,177
657,110
2931,85
1213,145
4077,88
244,1016
1258,240
1166,25
191,37
4010,19
781,5
5014,5
2803,15
4087,3
164,25
40,7
349,3
3214,3
499,1280
831,21
4333,21
1574,5
892,5
195,335
291,150
329,47
3140,5
536,145
117,994
2316,5
3720,19
123,177
2484,73
2487,44
1451,25
4292,11
743,85
119,37
1441,3
2785,13
254,1480
4697,44
1256,30
3699,44
707,572
638,196
2268,44
2231,88
236,150
3853,11
1623,37
287,4584
2774,88
4604,11
4224,25
4962,11
2069,30
236,37
699,177
1107,44
1767,240
3508,37
614,44
1406,88
2540,85
1140,44
1008,37
4622,656
4931,3
3556,2035
3748,5
454,7
3970,11
427,35
2193,21
2502,25
624,21
417,9
677,21
916,37
1469,25
1275,342
4407,5
121,1003
3171,3
359,15
1803,1832
272,9
3104,88
1568,13
2347,3
3936,11
1991,5
466,467
1297,25
174,96
1065,5
2051,145
697,35
680,37
3061,88
4805,3
97,85
497,5
4131,44
1537,25
2886,93
285,852
2637,47
18,177
291,21
1524,477
2181,25
3287,85
1471,88
2242,25
2889,88
602,19
2600,5
1815,25
456,35
38,7
260,5
3072,25
1590,177
2443,9
116,85
1521,88
3672,88
695,21
3800,13
254,255
1124,3
631,13
2261,13
374,30
1647,177
1888,342
2804,3
3950,88
216,2649
1018,37
3569,3
675,166
307,448
3943,11
1801,88
4200,5
1197,85
244,941
1241,11
2499,44
652,500
466,569
10,11
74,44
1324,88
2022,3
2243,19
1830,44
824,1248
103,829
2233,9
1432,9
2402,656
3285,25
3044,1149
831,9
137,21
1297,11
801,110
2980,177
4691,5
2434,13
1547,1
1031,240
1125,21
1860,88
579,177
2977,11
1722,25
3054,11
3190,25
2252,1
2181,11
1803,232
4953,5
352,19
1185,177
541,21
2262,110
1444,44
2107,5
4639,3
1623,88
1491,11
99,37
2443,7
50,3341
873,288
2157,13
4032,15
4376,177
2325,55
554,19
1161,9
2369,5
371,15
27,177
2554,11
1828,25
502,93
2483,13
1460,19
2912,3
4072,5
3893,25
1895,35
3162,21
2224,5
3091,19
1646,5
140,3309
1298,37
4210,5
907,3062
1486,44
684,30
3326,5
2388,5
3328,1480
4796,25
266,387
4981,19
1908,13
144,145
1784,19
899,3
1159,15
741,44
1513,3
299,73
1356,2195
1267,44
2169,3
137,7
4630,3
912,37
2879,5
2755,11
2025,9
3298,25
1337,15
2067,13
415,3
609,30
1323,44
457,793
2007,2648
5006,11
3894,3
287,4902
1511,21
1387,11
3955,19
393,335
3496,44
3277,3
129,47
38,35
4130,3
723,387
2194,11
749,21
287,874
625,15
1090,2855
129,88
2547,73
3604,3
309,3222
654,88
451,85
4577,5
1396,9
3579,5
1878,11
407,88
1629,37
231,308
323,47
4485,5
2452,35
916,88
20,21
4361,15
2203,25
2561,5
4411,11
1445,85
16,442
774,37
1095,21
1995,11
121,913
2233,37
2542,25
4933,19
1049,2439
3936,37
1186,44
638,569
1005,234
697,73
57,234
1125,9
3589,656
853,1248
156,234
3847,88
2252,37
1105,85
2842,5
3655,37
4346,11
4992,265
1990,44
4704,3
28,44
1424,13
213,88
939,4272
592,1317
992,15
1859,13
2131,829
723,1319
408,240
3067,25
2443,35
800,44
3246,21
1785,15
4179,342
3712,3
547,44
231,559
1008,30
1157,177
1803,745
1308,35
540,85
337,88
3444,5
1483,15
34,88
2642,11
437,13
2257,47
1918,15
980,3
285,73
178,5
802,85
3336,21
3228,3
1523,5
2682,5
650,1
959,25
2957,19
2411,25
157,15
949,19
5041,19
4624,5
4494,25
1078,240
1850,9
4245,3
1357,7
3194,11
848,25
2185,5
1732,85
2313,88
4664,11
683,88
1256,166
602,88
172,2831
676,73
2913,25
2127,3
459,9
4059,44
116,30
2349,5
3509,3
3867,11
4211,3
324,35
695,44
2399,21
623,1317
1289,25
3142,5
2204,5
334,124
1610,5
1259,177
393,500
723,3300
1785,25
4180,11
492,102
2024,73
165,88
3290,5
3219,3
890,177
2466,5
2502,177
859,860
92,1247
1201,73
3698,25
1972,88
1076,21
529,446
2695,5
866,25
701,88
1456,25
1055,3
266,1661
1224,5
3521,25
3657,15
40,44
242,88
3586,21
1718,1390
121,941
4634,5
1796,44
244,3795
117,3403
2472,145
1856,479
3113,1210
1665,21
1974,25
305,9
1172,3
3571,166
1229,110
1715,5
170,47
50,2333
160,9
2430,19
2603,25
1212,25
1547,166
3395,5
386,583
1987,47
459,7
2296,19
3200,21
1899,177
1313,44
4150,13
2353,124
1647,25
548,177
4557,5
346,489
1413,25
554,88
3559,5
1346,44
1040,25
910,61
4998,110
1356,85
625,37
57,593
2198,3405
4391,19
2948,25
592,559
1086,5
1308,7
24,11
4884,240
943,44
1558,25
121,2481
1915,44
1163,3
4024,15
741,19
556,25
960,44
410,5
1777,3
502,423
1221,793
731,5
768,9
1229,318
5001,5
3211,25
403,30
3272,25
2904,19
1442,73
231,1158
3707,25
2525,21
515,11
3636,11
993,5
106,150
4538,19
2319,5
309,979
419,15
117,1562
3715,1155
2060,13
123,19
160,7
2727,25
1686,656
2359,3
121,2055
2788,25
4750,85
2717,3
4221,25
2778,19
393,569
873,345
121,2288
4052,25
3374,5
296,342
334,88
3050,25
3971,85
4426,88
3239,19
2013,44
179,3
1764,88
608,9
2622,19
537,3
2007,2008
1660,25
2807,13
3587,5
2669,44
601,30
3532,110
822,44
1503,5
3802,124
792,793
1737,11
140,3025
3313,25
1666,25
3718,342
3134,25
2559,85
16,653
570,44
3856,177
701,124
2827,177
220,2481
77,44
1038,37
617,15
249,37
2250,44
4394,25
623,33
0,177
4286,11
533,1151
403,44
242,124
460,11
2297,15
2631,150
2300,44
529,196
1049,811
683,37
575,19
4548,15
2313,21
466,1243
942,88
636,3
673,15
2390,5
382,37
4093,25
439,166
2548,47
4403,11
3898,25
1266,25
398,19
2788,15
992,88
1087,5
459,35
723,1390
595,37
8,73
2902,19
498,519
1667,19
432,15
486,342
1192,177
121,2178
2582,11
496,44
2372,19
303,3
608,7
2936,110
3029,5
2905,15
1426,11
4432,44
1676,1
1416,13
261,262
280,145
4388,145
2267,13
2159,11
3059,25
1787,5
558,1155
3541,11
1237,44
171,25
778,3
1789,1155
3830,3
2853,9
624,1291
2122,5
1082,85
1874,25
628,629
1877,124
1695,5
1435,25
1496,25
46,44
638,394
1263,7
4373,5
3707,37
439,7
2025,44
309,2552
79,44
683,19
1293,44
673,25
2518,88
2244,2245
3116,13
2018,21
623,1151
443,177
2955,545
2613,5
3588,25
160,35
126,88
1926,5
1583,44
2623,124
149,15
4626,3
2403,25
1630,9
1600,44
1484,37
779,25
411,3
250,25
2486,25
608,21
2622,15
554,177
57,639
1305,113
1892,9
54,55
1811,37
451,9
34,35
4820,19
1640,177
1049,2614
503,4920
2884,11
688,44
1905,19
2159,25
1156,37
2489,5
508,93
664,5
4182,5
919,73
3107,21
4023,3
191,88
512,73
2431,3
1445,1
1652,5
309,141
2789,3
535,25
4330,5
1013,15
1529,240
1665,44
1186,9
1532,1533
29,30
697,44
3375,11
241,88
2457,219
1968,219
244,243
317,633
1870,150
1708,21
4657,5
3338,5
2748,37
4842,11
257,150
1047,19
1472,143
3526,124
3513,25
121,473
2889,73
3958,19
1192,30
1141,37
1803,1006
274,73
609,124
1090,335
1970,21
3823,5
2366,1127
1862,15
3023,3024
3146,35
1295,44
1121,25
2767,25
4676,5
2073,5
368,3
3786,19
50,2055
3239,37
2962,19
1906,124
32,234
195,870
16,569
3776,5
608,35
1160,240
2952,5
840,7
3429,545
115,21
2422,3
812,85
4938,5
225,597
2723,44
306,88
344,219
4928,19
2452,30
755,37
1325,145
580,88
84,37
1905,13
798,19
430,9
501,11
1817,73
1466,25
309,1428
1038,19
1442,30
842,88
1267,47
164,44
4383,3
1310,25
3271,11
851,852
4552,5
1078,21
1237,177
4195,25
218,219
493,35
3147,150
743,25
412,15
195,681
548,25
3669,5
770,15
1950,88
2353,37
3881,13
3368,88
213,85
1634,9
2413,3
2558,110
623,414
2051,426
972,166
3063,73
2644,3165
8,19
3112,93
2208,37
1060,3
1245,25
3465,25
2569,44
628,13
4203,177
596,633
4975,25
601,37
4281,5
485,44
233,3
691,423
1446,21
3283,5
1500,73
954,37
1073,25
1201,44
2719,25
1014,11
1865,5
4496,110
1150,25
2652,44
1827,240
4445,5
2709,19
1743,44
2452,44
57,414
1234,44
3620,19
2499,11
50,71
1789,4855
3410,19
1156,25
366,3
60,44
2793,19
2685,5
43,44
2924,85
191,124
875,113
1445,37
4340,3
329,21
3781,177
1418,25
443,13
1846,73
1853,25
878,9
1122,5
1547,44
1175,13
1914,25
848,44
719,177
493,21
680,240
910,2890
190,15
4602,15
743,15
548,15
604,745
3891,5
592,33
385,37
116,9
3526,88
3328,255
4386,25
4208,25
1687,7
452,11
1373,37
1856,1
3229,177
881,5
2771,9
5053,5
2572,110
2207,5
378,9
824,825
2305,5
2490,11
789,5
1821,88
628,19
3216,25
592,335
665,15
4513,11
652,681
3293,5
4298,73
357,3
149,166
547,47
1934,361
1653,15
2416,5
910,1151
2469,5
346,1498
3286,44
3269,44
1073,11
1197,25
1737,124
1905,88
2817,19
4482,3
4927,25
570,7
287,633
1234,30
3913,25
2438,5
2574,11
2095,44
798,15
67,3
3188,3
896,19
5004,19
1112,1113
1402,37
751,3805
1203,44
3110,88
4994,25
3076,88
3167,25
285,1135
329,7
312,73
579,13
1239,177
3737,5
1061,7
305,30
3244,19
2323,37
2145,5
184,3
493,7
1236,19
905,37
873,633
126,1
291,44
2053,5
1215,9
3213,3
4332,25
4939,3
598,5
820,7
106,85
604,500
695,47
3870,5
696,13
2164,5
4143,19
496,19
3361,11
707,997
1114,47
193,21
2376,13
4301,13
72,44
1815,177
4018,5
2473,35
280,1167
2133,9
1440,11
317,1506
601,1
4995,19
341,656
454,47
1008,13
2419,30
1875,11
4455,3
1382,9
1258,11
4368,5
2173,19
943,25
1170,47
694,15
108,166
1545,9
570,9
57,442
437,30
973,124
1952,5
2277,85
427,88
533,500
258,124
1455,35
596,226
707,33
875,93
1870,44
439,44
190,88
137,44
466,394
1846,85
3053,342
1061,9
86,25
878,37
4541,19
1125,44
683,73
1529,25
2812,3
170,44
2895,110
183,88
385,1
1015,5
4369,19
2336,21
3442,25
139,30
3078,11
2103,11
2272,13
1674,44
623,448
2184,73
149,73
3324,21
496,1
2137,47
3549,110
799,3
431,37
3759,143
2858,9
608,124
3674,3675
1275,110
2479,3
601,19
604,232
4568,4569
454,25
2680,88
3087,9
802,7
2655,11
694,25
4887,132
2324,25
1123,3
4786,25
3359,19
1951,37
1038,88
46,166
4890,11
127,25
164,21
791,88
956,25
2331,342
544,545
579,88
2408,25
4816,5
512,15
1246,110
2451,7
769,656
2587,25
346,989
329,35
499,335
3969,5
1971,15
194,25
604,1280
3612,13
4980,5
57,564
4178,11
3801,124
2627,15
1826,19
3662,37
1115,88
873,597
230,124
4764,3
456,9
385,19
645,15
213,13
585,44
2268,88
4483,5
253,166
4289,342
4564,88
152,177
978,5
910,870
2375,19
3226,5
967,37
611,7
2609,13
1018,15
2945,3
451,44
16,639
596,288
3607,852
2193,25
3994,177
1355,21
624,25
2270,25
553,19
185,9
386,3300
1237,25
3788,15
3717,5
229,240
140,141
2927,3
235,9
533,674
3100,9
40,9
4826,5
2532,25
322,37
910,674
983,440
1263,240
3942,5
2876,88
1264,88
2711,25
2772,25
4128,21
871,13
999,88
4856,25
898,3
183,15
1343,25
459,85
4585,5
1404,25
2906,44
1041,177
602,15
529,997
3760,11
126,47
1229,226
146,25
1583,25
2955,1247
3753,124
672,177
818,509
652,1151
1005,829
1282,44
695,1
533,870
116,240
499,232
2576,177
961,85
1576,88
782,37
290,21
1029,44
735,15
1201,21
1510,25
2338,2339
155,11
1169,567
340,5
4139,25
307,500
1673,25
1854,88
91,35
111,44
2588,5
1750,25
2405,37
652,448
427,37
1191,519
16,764
1855,748
677,19
791,15
2628,3
1951,25
728,21
2618,25
3171,5
3208,25
512,124
842,37
235,7
164,9
3356,177
1010,25
646,11
4879,3
2532,15
29,11
983,724
90,11
1411,19
2451,35
309,1835
1840,25
1917,5
2541,88
3119,3
609,240
972,44
2057,9
1343,15
1094,25
156,33
1886,5
2983,150
4503,13
1731,110
3159,25
117,2552
285,4817
223,11
3566,5
988,3
2683,177
3063,21
1791,25
2814,19
3458,5
981,44
34,177
346,335
236,21
4001,3
58,59
350,21
1201,7
117,310
279,11
4719,3
231,2086
4632,5
647,33
4941,5
529,500
3886,44
698,11
1008,85
437,37
1730,44
2455,44
3249,25
427,19
502,355
1740,85
1615,13
2000,656
87,37
1889,1113
185,37
3896,5
3527,25
2428,15
818,93
50,51
2233,15
532,5
2529,30
16,2890
4155,85
2326,5
2570,25
312,15
313,314
170,85
707,764
1239,15
4534,11
32,414
3760,88
551,9
2474,5
1108,44
3288,19
1809,7
541,19
2795,5
119,11
707,653
1613,143
948,11
4871,25
531,37
3082,15
1306,11
385,73
1859,19
2774,11
4167,150
1332,177
3702,21
432,44
1356,15
1212,177
1161,15
1346,21
595,177
499,196
131,1556
246,37
3111,25
165,1
4642,5
4827,3
957,37
1110,85
2533,3
323,35
3299,150
2523,21
2696,11
718,88
1605,88
2482,124
3684,3
909,19
1723,5
2584,342
121,2664
4303,5
457,1222
1784,21
437,88
168,25
791,19
4401,5
4077,44
499,745
1773,13
1810,25
4944,3
1887,5
172,2055
2233,25
195,394
1432,25
2715,7
4148,19
1075,13
3346,479
2903,44
1806,21
1671,3
533,569
241,73
2025,15
1054,3
137,150
3351,3
331,88
294,44
4460,3
119,25
820,44
195,569
3499,11
2524,11
2660,5
699,15
327,44
951,124
2201,88
2579,25
1134,15
2194,9
568,44
324,88
3317,11
4230,44
1475,3121
631,19
2922,5
833,88
408,19
2851,3
2013,19
910,196
694,177
108,44
1211,25
623,639
1201,35
50,3103
1001,5
601,85
1190,15
87,88
3741,37
1733,5
3181,88
5028,5
1612,44
2931,15
2873,1517
417,37
292,25
140,1586
307,335
4661,11
208,110
1810,11
2118,37
2601,13
4451,3
2715,21
4021,577
170,166
154,73
579,30
3626,25
3567,11
657,342
1742,15
1005,232
1357,19
382,19
1547,47
57,232
555,25
117,1586
170,73
1971,85
1900,21
3314,854
4778,11
32,442
1654,44
2363,44
455,88
1077,37
1133,381
2396,44
2524,25
4325,3
385,85
371,124
2703,25
4315,21
2443,37
103,397
3722,19
695,73
364,37
2808,3
900,25
2612,37
4976,110
3182,3
2352,25
1244,166
3036,19
4652,3
162,1210
1194,37
623,653
165,37
957,73
4864,19
2777,19
3990,5
1244,85
32,870
4800,11
2692,44
108,177
4695,44
573,25
2026,3
1881,150
634,25
3664,44
1555,85
2870,25
1045,21
292,15
610,30
97,177
2611,5
1442,35
1264,15
1870,35
1112,3595
2525,15
1431,7
354,477
2775,5
1736,3
1665,25
1846,88
2688,15
12,13
1540,37
4192,25
3265,177
1286,3
740,25
480,5
1232,177
291,47
274,13
4643,3
3200,25
1647,21
2892,5
851,3599
57,1280
1174,73
625,88
823,21
1181,25
759,13
647,989
818,545
1539,5
3846,19
3425,21
2017,3
1909,21
2932,3
218,577
1803,648
1453,15
169,3
614,21
172,248
407,9
1703,5
1005,648
32,1151
2948,21
220,1658
454,44
533,17
4328,5
4566,3
652,559
156,702
1170,44
3973,37
3151,25
50,1391
1032,85
202,44
220,3381
64,5
1348,25
2800,25
1760,73
1958,44
252,44
533,653
2621,5
845,1
4064,25
172,941
429,132
4498,5
4819,5
58,1384
2822,25
2967,110
312,88
3377,342
439,47
2548,166
1182,19
3241,25
1850,25
820,240
3686,19
4983,5
382,15
1786,1
848,9
2148,37
939,226
2060,25
160,11
2235,5
534,11
1641,5
647,1832
1879,7
499,414
4757,25
851,1119
1977,11
3991,5
749,88
16,868
385,177
371,88
1956,25
691,355
2653,88
3243,88
1005,745
1781,44
2069,7
3178,1155
2183,3
651,11
2958,37
465,124
105,21
454,30
3084,5
111,11
1416,19
1271,21
632,226
1493,11
2046,19
1629,25
4317,15
1011,3868
2364,177
2009,37
869,44
427,73
2924,25
249,25
2048,44
3889,3
292,35
650,35
1203,11
228,11
4829,5
156,1158
586,11
1357,88
271,25
3007,5
22,15
117,797
922,9
3068,21
999,37
1540,25
1118,37
1465,15
180,37
3615,3
1855,318
848,7
225,226
707,674
2960,5
123,21
2674,15
4946,5
1873,11
1802,25
38,30
3985,21
578,35
4703,25
1682,1247
652,1098
172,1360
139,15
2214,5
4693,19
1302,30
1856,124
1232,44
257,88
1711,3096
2476,110
1711,2946
8,44
193,240
287,1520
782,88
4499,132
2069,9
3101,44
571,113
2473,30
533,196
4526,21
4679,177
2006,11
1811,11
1757,37
2412,21
451,47
323,88
625,166
4560,5
2770,25
148,21
701,9
3973,25
984,3
1244,15
3427,19
417,124
1173,5
1049,1461
1223,21
1760,85
2715,44
1642,25
2421,3
425,426
154,30
172,913
3646,5
1685,11
638,414
1870,9
4587,4588
329,44
97,88
315,1
1049,3729
5030,11
1061,44
4191,5
379,44
362,44
307,827
787,5
2057,30
3415,15
4110,21
170,1
126,44
2896,11
4144,5
592,234
3577,30
4453,5
459,37
2528,21
928,44
3553,5
1063,30
1728,5
4035,19
3432,124
75,21
628,37
189,5
250,21
547,25
3408,5
3337,15
608,25
1768,11
3340,44
152,47
2278,163
50,2288
4570,5
407,35
708,44
1811,25
4635,5
851,2989
1008,88
809,25
1416,15
2455,25
606,3905
4611,44
3313,9
1208,177
174,2649
4799,5
3815,88
1803,384
4897,5
3899,5
3097,3
285,15
1229,288
1267,85
2344,25
1005,384
4839,3
1841,166
1642,11
1078,15
1796,240
130,25
439,1
976,25
1860,85
4916,5
683,21
1039,656
2813,1488
529,1235
1320,88
1105,124
1037,37
2477,5
4993,15
945,21
602,30
2449,342
160,37
1022,5
1266,9
823,44
837,15
1430,124
1786,166
274,85
149,13
1256,15
578,7
2332,5
1185,21
692,3
3813,11
914,5
554,44
293,88
1457,3
4096,37
4666,11
411,5
3000,150
2123,25
2362,25
165,30
3043,88
2113,3
1110,88
1572,19
1244,124
1004,19
108,88
3745,5
2040,3
4364,11
3859,13
617,88
192,3
466,564
1244,19
3600,5
3909,5
330,177
168,44
171,9
3032,5
628,2068
4833,15
2246,3
3764,5
258,37
3640,11
4491,25
2921,2035
1013,13
3878,5
1078,25
638,442
2286,5
3743,19
807,13
2330,73
851,2573
548,21
4598,21
1181,177
3952,11
2423,37
338,25
230,11
1812,21
1481,85
623,394
517,25
1623,85
578,25
334,21
4224,73
4204,11
393,467
529,593
4247,25
1053,2598
1789,3206
554,30
482,21
779,9
4888,15
282,2697
840,9
1393,21
533,234
4580,3
239,9
592,500
2237,3
1912,2625
3212,11
2686,88
176,177
307,681
592,745
684,25
316,3
1827,85
5031,5
2928,21
235,85
1156,21
4017,13
1305,355
4094,13
171,7
464,11
1591,5
2762,132
285,19
3406,19
1689,5
359,44
2085,177
3959,11
4216,5
32,569
4454,3
280,397
3788,177
942,21
1186,25
1095,177
3051,110
2518,11
1263,37
1544,5
2583,7
571,509
3619,15
76,15
1967,13
1860,73
1990,166
3533,5
922,240
1114,166
4667,124
3388,5
1634,7
121,2987
129,44
1524,163
1112,2919
3502,5
8,21
193,15
3070,11
3367,19
1117,44
638,17
14,15
3357,25
628,15
1949,15
3179,25
1528,21
3418,25
334,150
1629,177
547,35
2873,420
530,25
2636,110
256,88
1436,21
152,25
320,37
1666,44
798,240
3977,5
2287,5
4295,4296
698,44
560,5
1166,37
2029,3
1221,1222
2172,1725
377,37
252,9
4088,5
2364,15
1526,7
4880,21
1824,37
466,1151
3110,44
2428,44
3514,19
838,5
1445,35
1998,11
258,9
443,15
703,19
1575,519
46,88
638,572
172,3103
2984,19
312,44
1471,30
1789,15
443,124
1236,15
2188,3
743,9
3224,19
1101,13
1394,25
126,21
955,25
2953,3
4003,577
18,21
2093,11
1090,711
647,1006
193,25
2500,19
1764,177
789,3
1090,448
2972,15
1218,13
668,110
4958,19
1922,37
1561,355
125,37
307,446
108,35
2469,3
1582,11
1653,13
1073,9
923,88
3565,25
691,1210
943,21
3370,25
2163,25
1486,15
3657,177
2075,37
1365,44
299,25
563,30
67,5
3758,145
4729,11
289,3
1894,11
403,7
1398,44
242,37
2425,25
1220,110
1277,11
140,2840
393,61
3814,88
4501,5
3574,11
3503,5
1472,477
1418,9
171,240
154,88
1685,85
86,13
638,448
2501,37
106,177
1066,519
3244,13
322,124
697,88
3543,3
2151,37
3456,5
137,177
1940,5
2813,3300
126,7
623,335
2603,44
1030,5
348,5
116,25
1826,124
595,124
706,9
263,44
3149,25
2460,11
121,1567
2266,342
4754,3
2336,25
820,1
346,648
2771,25
385,166
4918,11
482,88
746,3
601,150
378,25
529,559
951,240
886,177
1403,25
2958,88
393,764
2615,9
1885,11
1137,85
1208,25
1335,110
1946,177
57,335
1008,15
592,564
3012,11
2499,88
1018,88
505,11
2324,21
1486,25
117,414
484,25
466,764
53,44
329,166
403,21
1931,13
2115,25
4387,3
3204,5
3757,25
3633,11
2658,11
3710,11
3822,577
2436,2339
1534,519
4356,11
1283,5
126,166
939,4877
183,37
575,73
1789,19
962,30
4009,3
362,88
983,1390
1447,5
1984,37
274,124
4949,5
609,73
3287,44
2644,3090
631,166
386,1390
4261,3
4137,13
50,941
625,73
4804,5
57,997
3914,19
2591,240
2079,44
2066,19
125,88
472,44
968,7
1764,85
1191,145
2143,3
1228,11
4989,240
2972,19
2133,25
407,30
725,15
1332,25
2813,1661
604,234
108,7
2713,19
330,25
3624,19
1150,37
708,88
1208,150
1483,44
4304,13
108,150
2985,25
1160,25
1083,124
1237,21
372,597
1246,477
1780,11
895,177
1981,150
0,166
292,44
610,35
907,4724
2404,88
4718,3
4511,3
707,17
2760,240
2300,25
29,37
1206,21
1264,44
2522,15
2451,9
4930,19
4323,25
493,88
1732,37
1678,25
703,37
1240,5
1934,793
707,446
282,489
3352,3
676,25
1836,11
3726,3
2128,25
1934,2420
1343,21
1551,1552
707,335
285,2769
139,177
638,335
2906,88
16,196
126,35
3392,25
309,577
3652,5
645,13
277,35
2828,5
121,1595
2336,37
321,9
451,240
3371,15
1617,13
1373,25
117,3309
934,37
3692,3
2024,25
475,150
386,1661
1825,88
2646,25
1536,21
1114,1
2868,3
1024,825
910,868
2251,3
290,1
3411,5
611,9
1382,88
2847,25
1993,5
1018,13
390,44
454,9
3575,5
919,177
3087,25
2442,13
2264,37
1757,85
1848,5
138,44
466,593
4428,5
1211,177
1140,73
1160,7
185,15
1750,124
3400,240
1951,21
1530,19
171,44
4684,342
1095,73
628,4282
50,13
728,9
717,25
40,11
522,25
1974,73
4209,3
1136,21
32,639
1374,19
697,21
1357,73
3248,19
1547,25
90,7
1326,342
4919,5
3848,44
287,110
4019,5
662,110
740,44
354,355
1789,55
1809,25
2427,5
726,11
1577,5
195,593
231,829
4872,5
38,9
938,11
2606,3045
1718,876
2211,11
159,177
2396,21
1085,545
3123,1602
864,5
496,47
1217,519
3344,25
78,3
2595,145
675,47
125,124
968,35
2544,5
218,564
1396,35
1913,255
628,85
1710,5
1821,30
1201,11
1278,11
526,44
3276,5
3205,15
1636,3
346,234
4196,88
112,110
91,37
1382,37
4857,5
805,44
3538,5
140,1562
185,25
3603,5
960,11
4081,3
1331,44
2301,355
3295,25
287,318
3517,15
3100,25
3578,15
4950,3
3767,5
4478,110
1133,793
3865,5
29,9
214,15
1482,19
3744,44
1732,25
4791,44
2560,3
673,30
858,876
32,764
2077,2578
419,44
1236,85
834,11
120,37
3998,5
4379,5
3489,11
4440,21
3625,25
1420,3
689,15
1751,13
2335,11
3030,85
431,88
1063,15
803,3
604,446
3924,3
2034,3
4543,5
2198,3215
631,9
961,37
4901,25
3903,25
2619,5
290,37
1103,5
457,326
1640,37
625,240
4583,3
1438,314
691,509
3705,5
4338,88
50,1595
1673,9
698,9
437,35
592,764
1272,110
701,44
1143,3
2881,5
1241,15
427,21
1062,47
4671,255
939,4646
2502,15
474,88
2436,519
1160,35
623,827
1035,11
60,11
2974,3
1096,11
2428,9
157,85
195,414
396,5
624,150
4836,13
737,2035
4219,5
2900,5
2098,11
137,25
1974,85
1297,15
929,21
2175,11
214,25
4306,25
1912,1820
315,44
3308,25
2940,3
2138,5
4595,13
3227,5
551,11
2545,13
720,13
405,19
2832,11
1424,37
395,37
4574,3
217,5
820,88
172,401
3810,25
2579,13
4120,11
4358,5
186,21
739,25
1346,19
2629,5
3186,88
4479,19
1156,240
273,21
1396,7
165,15
594,9
4756,15
601,73
323,37
91,1
2452,25
3249,9
1416,44
309,2710
2203,15
3141,11
3623,13
3329,145
292,21
518,145
60,25
727,5
2465,3
2715,25
1270,15
3999,5
1075,15
2350,44
652,196
2407,5
673,73
322,25
32,681
3308,15
2152,88
301,3
1115,21
982,44
3298,21
2191,3
844,5
4002,13
962,88
3992,11
3000,85
585,25
1745,15
1430,25
129,35
2280,545
135,13
428,25
4797,11
547,85
2486,73
3354,5
418,3
3539,3
57,559
2023,11
2493,25
4170,9
1682,545
3280,11
2049,3
4837,5
2019,342
112,1247
273,7
4398,25
3839,5
1073,30
24,37
1683,15
3015,5
323,19
1483,21
437,7
1288,5
1308,88
1733,3
1365,25
320,85
3845,5
360,44
4030,3
16,446
2638,25
3906,21
2968,5
493,240
168,9
3768,110
4108,37
4954,5
156,448
3956,5
1405,35
1995,15
4551,145
1392,88
1270,25
1492,3
100,37
282,384
690,5
804,13
3890,656
2,3
533,1317
1987,166
1770,314
3530,3
3459,5
1373,177
1943,5
1105,73
609,44
3656,55
274,25
2004,21
1511,7
585,11
2161,25
605,88
3006,25
517,124
1128,5
1475,1476
2575,44
1366,3
4045,44
529,572
1785,19
57,569
1289,124
1036,5
614,25
3112,477
3404,11
2429,3
2911,21
4874,3
2543,15
1801,25
165,35
1878,25
3826,44
323,1
1962,44
623,764
4142,44
437,9
4199,5
4529,25
1717,656
652,394
617,37
4606,25
502,545
2139,3
1726,44
2546,3
4769,25
114,25
292,9
1035,37
774,11
4846,25
1455,30
2644,342
295,44
1496,37
157,11
3832,25
3571,47
1264,1
1246,113
272,85
2525,13
346,1130
220,941
2454,11
2025,88
170,150
3858,21
2045,5
2294,1248
652,232
673,85
3023,4731
305,19
156,3601
4033,25
4430,5
638,559
92,509
555,9
1343,240
757,509
220,2664
652,997
2014,5
2484,19
3102,7
2383,177
3092,25
321,44
2670,5
282,1498
2285,25
172,3884
1067,3
1430,37
2510,44
2318,9
2764,73
2747,3
1229,597
625,47
1008,177
1946,15
900,9
1825,44
614,11
407,11
4847,3
2537,3
1443,11
641,5
950,9
1801,11
256,37
3558,88
1234,124
2234,37
3454,25
580,30
1244,37
323,15
4924,5
2253,88
627,93
2077,2078
2826,240
1605,44
667,44
2314,44
2170,124
1844,30
2631,25
1110,240
156,559
2556,15
32,997
858,267
1830,25
1598,5
238,1155
660,5
604,827
1273,342
642,2852
3895,25
2672,37
2340,5
2893,25
533,764
1824,177
95,1517
2050,110
382,13
555,7
2202,85
2738,3
647,559
3605,21
2923,5
1994,240
2121,3
123,25
52,11
1212,21
456,30
1647,37
3834,88
2785,85
2586,110
129,25
1549,3
2275,13
2024,44
3695,3
499,17
3917,5
635,19
3239,25
50,1939
3101,88
2254,3
722,11
140,2120
543,11
2227,479
2615,30
529,681
451,35
4267,5
1764,37
533,33
2824,11
1416,21
2848,145
2223,11
3185,88
2264,88
266,1390
1975,15
3751,19
2131,2132
1234,1
556,21
1881,240
4169,110
1938,25
84,88
1830,11
1089,5
40,30
3308,177
3581,13
121,1391
1974,124
4360,110
1431,37
4363,11
4807,314
1115,44
1921,145
604,559
533,639
2933,5
459,88
1471,35
322,240
106,37
750,240
1873,9
2363,88
2181,177
4581,44
1987,1
1256,21
1185,15
2171,13
3699,37
638,1317
452,88
753,13
951,166
5039,5
699,73
3803,3
2312,15
3344,44
904,25
672,21
981,21
1959,44
1229,633
1339,25
236,44
3230,342
1660,21
1697,5
755,2786
1053,1111
1821,11
4277,5
152,35
1811,13
4462,3
158,25
3279,5
2982,143
587,19
1855,874
1008,44
112,113
701,7
441,11
1422,25
984,5
529,414
1190,85
198,3
910,1243
4431,11
3356,15
329,240
3232,5
2556,19
1133,2497
3282,13
2729,13
845,35
4715,5
3949,25
3825,11
1496,15
36,88
4694,11
1749,44
848,88
683,25
2494,88
3750,37
922,25
4977,5
1209,177
3723,5
4141,132
365,15
2809,25
652,17
4832,5
2599,124
3317,177
851,2784
2487,88
571,163
534,21
596,748
2443,30
3628,13
174,420
2653,9
2100,21
3978,44
4123,13
2150,13
4025,15
408,44
4780,3
1707,13
472,9
1599,11
1463,25
140,1845
129,150
2547,19
846,5
1892,7
839,73
2069,25
2915,25
3880,11
779,124
3094,5
1673,30
2526,5
1144,44
1767,124
701,25
2153,25
2689,21
3134,15
57,1151
1358,19
1140,88
1716,11
831,177
4280,3
620,3268
3168,11
1392,15
16,500
1321,5
1874,21
3949,11
1824,124
1402,88
1864,3
1974,88
2198,4653
3939,13
1264,73
1078,13
895,37
274,177
807,25
4623,11
3544,3
529,827
2836,177
1118,7
1047,25
972,47
3523,25
4399,88
1454,5
830,85
116,35
939,318
2684,11
945,11
338,37
50,1009
220,1391
2949,15
517,21
385,124
1738,3
763,3
2889,44
1960,25
3850,5
749,44
914,3
1289,85
1842,37
4025,25
3347,5
618,15
250,37
547,9
451,124
32,1098
1521,44
1339,37
1826,3311
2271,793
131,132
4867,25
393,827
1298,44
1633,25
4354,124
677,177
3488,44
1254,3
2277,25
1183,13
1555,44
798,37
84,19
417,30
2749,5
4968,15
1601,1602
1090,829
3107,25
2863,13
295,21
647,448
791,30
1095,44
1405,30
1267,37
258,35
2718,5
499,653
889,21
835,177
2209,11
1813,88
533,564
1729,3
533,1280
315,47
2866,5
1165,15
4026,3
2999,355
305,85
676,44
2001,25
1584,15
2623,25
609,7
3234,110
4349,5
282,335
4278,3
3115,177
4616,88
4086,88
1410,73
2154,21
4133,15
547,166
985,15
2144,3
1528,9
1788,5
297,13
4790,25
5012,3
964,5
3350,44
1100,7
533,232
1214,11
57,653
1680,21
3582,5
140,2064
1996,73
606,219
4793,5
377,25
1466,37
4522,21
0,240
1766,88
3042,3
3231,25
2971,5
791,44
295,11
4105,11
3292,25
4957,5
1713,44
4648,5
2725,30
3514,15
4886,3
2947,44
453,37
592,1151
2471,44
1196,13
4562,15
1072,3
2955,355
3564,19
579,21
3493,25
2690,342
1408,5
2394,11
3554,25
623,196
2876,13
3247,110
2129,656
1357,30
117,979
1133,1377
483,25
156,145
2373,5
619,11
1005,1006
5003,3
955,13
385,47
1343,44
3398,25
388,44
706,35
1573,21
116,7
4571,5
4463,19
2342,5
1430,30
1302,85
257,21
149,47
2391,342
139,73
800,19
1643,110
2811,5
4720,25
482,37
172,2371
547,37
231,564
121,2333
108,47
471,5
2733,88
239,25
148,88
2790,11
3641,5
4321,19
91,30
1177,15
623,745
1803,335
424,5
684,9
3734,3
3919,13
2981,5
252,11
896,25
987,88
1662,11
154,37
1496,88
3168,37
1613,509
1442,44
707,1235
172,2288
466,681
1267,1
272,88
329,25
258,7
97,21
3071,19
3922,5
837,177
3851,3
750,88
261,2649
4417,5
1903,5
123,124
195,1317
3962,15
2271,326
609,35
2845,19
153,5
2137,166
1994,44
466,196
2657,5
3817,11
18,19
496,25
1859,240
28,88
983,3300
431,13
3536,5
2565,5
2486,88
2626,21
499,827
465,21
290,88
1008,19
3576,11
3394,110
1875,1
57,681
1150,15
4742,11
32,1235
4618,13
4125,11
2753,15
1969,85
5025,5
1844,9
4027,5
252,25
1475,4539
307,564
592,870
1049,1149
403,9
832,15
325,2322
377,166
529,1151
1357,177
533,745
3450,11
258,25
3086,21
1307,30
2441,5
2518,21
693,25
3244,15
1448,88
3744,85
1766,166
476,93
848,30
1604,5
901,44
541,85
119,73
2741,3
2617,13
32,1317
1816,13
261,3254
951,44
385,11
3506,11
706,7
1515,177
1758,15
858,724
4868,9
623,446
1637,44
1178,3
203,3
699,44
4609,5
1772,479
790,4936
858,583
253,15
695,88
4230,15
3383,145
1332,21
108,19
236,88
2676,11
4217,13
592,448
611,124
1767,37
957,88
1972,37
688,25
4628,5
2281,5
2334,25
815,110
1669,3
3055,177
677,73
57,446
4037,5
95,420
4863,19
6,1
317,874
1793,177
966,25
4782,15
1931,15
466,653
36,37
1505,314
882,5
2025,73
133,19
1537,37
174,175
2192,21
2212,88
676,21
1543,11
806,314
2970,44
2920,25
3048,110
2849,3
3901,19
3078,124
2802,37
4591,3
346,745
3577,7
1803,989
4825,13
938,21
736,5
3442,21
1152,355
324,30
749,85
1980,19
1363,19
499,870
1536,25
670,1769
1349,44
3682,21
2744,5
5016,15
3189,3
968,9
253,1
3742,177
2180,25
1934,2101
2365,3
5005,19
1415,177
1808,19
725,13
2615,25
3193,177
3022,5
623,674
476,509
4608,88
812,25
851,1327
3738,5
2391,110
1479,37
916,15
1162,355
2220,150
647,489
3127,19
212,150
16,1151
4961,25
2604,44
2343,88
4000,13
1432,37
2054,21
2125,15
57,1235
522,21
499,674
1418,88
3568,15
29,35
1672,5
1357,85
697,9
1749,25
1071,13
80,5
853,1942
3439,3
707,1098
4046,25
602,150
379,19
3797,3
1105,21
4664,44
317,345
1648,19
120,11
1684,177
4514,5
2872,1942
3516,5
2027,1247
351,110
707,564
3662,88
1511,88
393,394
213,9
162,355
165,150
3485,25
4126,25
1786,240
723,724
1916,25
3546,25
3843,5
4409,11
658,25
2251,5
2841,37
1657,5
1450,13
1855,110
1895,7
652,639
1223,240
325,2101
654,21
117,3687
4563,21
2513,5
812,15
957,124
1073,37
3809,25
4206,5
4922,314
1062,1
3192,5
3245,5
1234,240
920,88
2368,5
1237,37
630,7
4098,5
4712,25
2917,37
3271,44
2829,25
1621,2625
2705,11
817,577
1850,73
4067,85
1796,13
2637,166
3693,19
1071,19
975,110
3362,5
3130,25
3666,55
1722,15
1354,37
2485,314
1522,25
352,13
223,240
4845,5
120,25
3591,5
2909,13
3577,35
38,15
2899,11
3766,21
2531,37
419,177
888,30
4629,15
1296,5
581,5
321,25
621,110
4429,25
766,3
1410,21
4234,25
2325,1155
2168,110
3236,25
2500,85
216,96
253,37
550,5
623,593
3026,13
2271,1222
1201,9
4078,5
4459,5
4955,110
1076,85
451,30
1429,9
1874,240
751,1533
2452,7
346,232
2291,25
2203,37
427,25
50,2942
488,25
529,1317
638,827
624,11
0,21
1875,166
3467,5
370,37
667,25
945,479
691,143
2083,3762
3761,25
272,15
1855,633
1010,21
2607,5
309,2386
1881,124
1000,3
29,7
929,25
1870,30
1547,9
112,477
4039,25
704,177
4238,44
2551,110
4532,265
3422,37
103,145
1044,5
3298,15
1944,11
382,88
3429,93
2610,13
116,44
2464,25
2838,5
3082,25
1934,2497
220,3252
260,3
8,124
888,44
1664,9
445,25
1295,37
1511,124
830,37
2157,21
1063,9
72,25
4305,5
1356,21
2986,5
3307,5
3044,3045
3048,342
2976,19
3529,3
580,177
28,150
1606,11
875,477
1596,21
2999,163
840,30
4034,342
3647,177
273,25
4824,44
1679,240
2116,11
1868,15
1541,255
4709,37
1797,5
513,25
1008,73
4621,25
590,25
1858,21
205,5
231,3077
3424,5
3477,5
488,7
3353,15
592,653
1160,37
2022,5
791,25
3912,314
2198,4685
3332,5
4050,88
4505,25
1061,124
4815,5
3703,13
1005,1130
1133,2101
90,25
5037,11
4913,5
493,44
3004,37
3287,240
1239,11
707,394
1115,25
4690,177
3190,19
362,15
4413,44
241,44
2440,177
958,25
4079,5
4795,150
3153,5
1430,13
2329,5
591,3
1198,25
4042,19
50,2481
428,37
1758,177
638,234
1299,44
72,7
3193,15
3672,44
2569,37
1714,11
631,25
2261,25
1724,3972
4099,3
858,1719
604,61
2713,88
273,11
611,85
2348,5
1754,5
3091,25
836,88
2563,656
2160,19
1133,2420
930,5
698,25
1251,5
3818,1480
4682,11
596,342
101,102
563,7
266,1319
909,15
3613,21
1784,25
2129,3
2457,564
2367,25
1513,5
3663,5
2428,25
1889,1890
1800,3
346,1006
3946,11
3008,15
4380,11
1860,37
4599,177
831,37
137,9
2779,102
1974,37
582,3
3811,21
3616,5
291,166
2525,88
493,30
2879,3
680,7
794,19
1239,25
2519,656
307,870
733,30
3780,5
274,37
2681,19
309,2120
901,88
140,2386
707,639
2117,15
1444,88
1410,88
3499,15
1232,88
38,37
884,13
1751,19
244,4097
2858,44
554,15
1510,88
2975,25
2888,177
1097,5
1531,37
3111,11
4392,5
1925,35
2419,9
2679,5
1490,44
3876,19
1976,5
323,21
4556,5
2837,73
3320,3
128,5
2274,25
2632,5
1847,25
2172,3972
624,37
3376,132
1031,44
3657,21
1203,37
2118,25
599,110
1264,21
1297,88
1924,3
4575,25
1368,19
5047,5
32,335
3976,44
2212,37
804,15
1357,15
2380,25
311,9
1472,113
2973,44
1607,5
2370,3
3719,11
1705,5
783,5
1320,37
325,381
32,446
4470,3
3092,21
524,13
2410,13
4140,5
2275,19
2080,3
3240,5
1171,21
2503,3
1063,35
253,124
72,35
1085,477
2861,3
1453,25
4402,5
1593,44
654,44
2726,25
451,73
2581,132
4159,25
592,569
1626,44
1147,3
1294,124
2334,44
1975,37
1372,30
16,681
1841,1
573,21
3107,85
758,19
4149,132
2631,37
4297,11
3349,240
58,4145
3514,177
2139,5
768,35
1462,11
721,5
774,9
4883,19
2226,25
3993,5
2519,342
16,61
1193,9
1799,25
2661,25
700,15
1049,2459
885,5
443,30
3935,3
652,234
137,37
50,2664
3740,19
197,3
419,25
1125,37
3676,11
1471,9
315,88
616,11
281,88
1829,13
652,1235
3334,25
3173,15
659,25
951,47
2015,342
755,2196
910,394
220,1360
2051,397
2130,110
3435,3
672,11
3793,3
451,166
1046,11
4288,3
3229,15
1794,73
1106,177
492,2035
2170,11
447,3
185,240
168,88
2864,5
404,342
2149,5
4421,11
652,442
617,21
1042,110
2411,124
2502,85
1928,19
3104,37
1035,85
3028,5
466,500
1388,3
212,240
1020,37
3278,11
2725,35
1746,3
1675,5
443,44
761,25
195,745
3426,3
3355,5
419,7
2198,906
1472,93
740,11
1037,11
4567,132
1937,5
190,44
247,5
982,88
2674,25
195,1280
1724,1725
3519,5
719,1
2296,25
3877,25
1511,37
193,73
3938,25
139,21
432,25
585,37
3136,3
285,921
1963,44
867,25
1734,7
796,11
1356,2573
672,25
2318,25
1339,13
623,572
293,15
2265,150
1389,21
451,37
34,7
1925,9
2911,11
1184,19
50,2907
1629,21
4044,25
4193,5
162,163
2381,19
3178,55
3562,150
2924,21
1830,9
16,394
235,30
845,47
1398,15
1803,489
650,47
389,25
2535,5
322,44
450,25
4555,110
1264,47
700,19
4326,5
2081,25
3550,3
86,44
2158,25
1465,19
2488,5
2319,3
1910,5
241,21
4474,5
666,30
1934,1761
3291,11
2060,11
119,44
66,88
1005,2697
362,73
534,25
609,88
3146,7
1185,13
408,177
417,4314
1134,88
529,639
4801,5
4986,11
1620,9
934,88
991,25
647,829
652,745
2031,2671
250,15
4227,15
910,17
4656,5
16,997
1821,9
1201,30
3512,25
229,25
264,265
138,88
34,25
1083,30
1140,37
3708,13
1059,25
1187,44
2301,509
1851,21
488,44
3852,44
3195,19
4142,88
476,355
592,674
117,1225
3417,13
5011,3
910,564
4249,150
2236,5
1398,25
2366,314
757,143
1442,85
3322,5
1524,423
1361,3
244,1139
740,88
207,19
486,110
305,47
2487,37
2624,21
419,35
4734,3
1401,5
4701,852
1809,30
106,21
216,1517
967,240
2417,44
2472,519
2896,15
1087,3
244,1775
1417,19
1236,177
3146,9
924,37
193,85
1494,3
2194,44
386,724
3072,177
1164,5
1114,30
1349,15
65,19
4851,3
32,196
672,37
1332,73
1322,35
1768,15
1660,37
280,104
3129,177
451,1
1483,124
2163,37
4696,25
3930,5
647,1317
3069,25
3319,19
1854,44
916,44
185,30
117,1845
242,25
63,5
4725,3
1445,25
2529,7
4582,44
939,940
1399,1400
1864,5
3473,110
1685,25
4212,25
680,44
2313,9
315,19
2151,25
3733,3
2943,13
2694,177
3044,852
402,11
117,2386
1584,19
4771,5
3415,25
3220,25
2798,5
172,1595
820,85
32,500
1444,37
534,37
517,19
2110,11
1553,3
4241,25
1990,88
2047,25
887,15
2653,25
139,47
213,44
3492,3
1745,177
3927,19
685,88
2187,5
652,653
372,373
246,44
250,35
4173,5
3668,11
472,25
2486,19
1029,25
1322,21
476,545
4716,11
1680,25
152,1
2351,5
1018,44
1996,85
451,15
3816,3
933,5
3983,3
5048,314
2153,9
3051,342
1133,2322
2739,4355
171,13
2539,11
16,1098
32,559
2468,5
1031,88
97,15
1309,342
137,30
211,3
1722,177
638,446
1631,25
325,1377
767,30
2980,15
1535,5
324,177
4728,5
4781,5
4103,25
56,25
1273,110
4318,4319
338,21
1920,3
106,9
2289,5
328,3
588,15
257,25
4426,25
3367,25
3974,3
2265,44
2268,15
2783,342
2197,5
1968,564
1093,93
742,5
140,577
1322,7
3505,11
2666,25
152,15
103,2052
3789,145
1629,44
3940,3
3138,5
57,764
1328,177
499,639
212,88
4300,13
3225,37
529,1280
1526,9
1383,656
1455,7
4772,25
2118,44
1078,124
50,222
107,19
5000,314
1193,44
271,44
936,3
1489,19
1072,5
1381,5
2529,35
4205,25
1186,21
3629,5
910,653
3975,25
393,2890
1631,15
309,996
1090,559
2313,37
190,7
1350,5
2323,124
3598,5
1323,37
309,2135
391,19
172,1567
4707,9
2104,13
1427,3
1856,9
571,1353
2440,15
99,88
8,25
4784,3
364,44
608,88
1467,25
117,2120
1624,132
1528,25
465,25
601,47
530,21
3407,5
1322,9
3145,110
1989,5
580,37
1794,21
1372,9
858,387
4374,5
3059,88
4559,11
2200,3
3360,5
798,7
4337,177
2374,37
571,545
1032,13
57,17
610,9
2294,854
2240,25
4509,265
4843,5
154,35
231,2855
1992,21
2799,11
1445,47
164,88
3639,13
4751,5
26,25
673,88
3922,3
3851,5
939,3775
493,15
1051,25
2074,3
1971,88
282,648
632,633
841,5
126,25
224,1
3089,5
4457,13
1313,25
527,3
604,1098
4214,5
951,73
1968,577
346,1832
386,387
3253,5
8,7
4187,37
2443,88
2207,3
503,504
2268,19
1133,3019
1727,11
2626,19
2217,2625
4291,3
1145,177
282,989
4008,11
485,88
3551,177
4726,19
1690,5
1008,21
121,4097
2453,240
1416,124
3148,3
3920,44
1740,21
2102,25
434,3
0,47
3691,5
3488,88
60,73
1915,25
4331,150
3606,110
3545,25
1650,656
1649,85
212,124
600,110
4853,5
2559,25
1638,177
2364,25
403,11
244,1179
3953,5
393,1243
1078,88
1392,73
907,2463
4745,21
2105,5
1564,9
3521,177
97,37
3200,240
831,88
872,7
925,3
824,1942
1011,4970
2876,19
1175,25
459,177
2383,13
1236,25
190,35
338,88
3716,5
602,35
307,1243
126,11
4015,11
385,9
1259,25
891,3
230,37
820,13
2785,88
4375,5
695,37
1070,19
1417,85
4594,19
1521,25
625,44
454,150
4415,3
3303,11
2131,577
3216,13
3451,3452
1934,381
1110,21
2762,3787
231,448
675,150
108,13
684,88
386,1719
2591,44
580,25
1718,583
2210,25
212,19
802,15
1227,88
323,240
91,124
879,15
370,13
3235,25
6,7
1237,15
84,85
2482,15
1223,44
360,11
235,35
842,25
3670,5
2732,5
2054,25
403,25
171,85
154,7
1314,5
140,118
3080,15
592,997
3747,3
791,177
3144,44
1293,15
907,2012
2518,37
1907,47
3537,3
623,232
5023,3
499,1098
3272,240
499,500
1897,5
372,110
49,5
4053,342
2346,13
1313,37
103,3525
393,414
1561,545
4619,15
851,4490
2569,19
129,30
3263,3
1623,25
3475,19
2066,15
3904,25
475,13
337,44
707,870
601,21
3081,25
156,2086
307,414
1069,44
1767,85
1308,30
1201,124
4736,15
524,525
688,9
3380,3
4921,5
2156,25
2304,44
4220,2671
916,9
185,1
1713,25
632,342
1013,177
2553,3
3420,25
4776,5
2136,21
272,37
1874,44
2715,85
154,9
2461,11
2597,25
2337,5
1796,25
697,15
329,37
683,44
1971,21
3861,25
3683,25
747,11
3612,11
1061,37
4231,13
3673,19
2751,15
1034,25
4107,3
1471,44
3217,21
1125,88
3588,44
1809,35
3294,5
3862,1725
4959,25
1634,88
602,7
1762,5
910,500
716,3
1430,85
38,19
385,21
496,166
456,15
1074,3
3013,11
3701,342
506,3
89,25
2433,15
435,5
4848,25
4028,25
68,11
231,745
367,25
3769,5
2794,13
723,583
2779,2035
2190,166
1207,3
1021,44
4870,25
2642,73
92,1210
1626,19
3933,5
2153,44
152,85
3056,5
380,11
0,25
4196,37
1140,85
91,88
437,124
77,37
1643,342
1237,35
667,13
1038,44
2850,13
3902,5
4283,5
768,30
2715,35
185,124
3106,314
46,37
4370,25
1867,5
638,745
3690,44
697,25
2042,37
4681,11
2094,15
2387,3
3750,88
3607,1563
2745,3
123,73
344,564
2323,85
382,44
1219,13
3526,11
4220,2032
2813,724
3510,314
2356,11
160,44
2232,25
1876,19
1145,15
1053,110
4737,11
136,5
28,19
213,25
2504,3
4412,177
2693,5
220,1291
4197,11
2878,3
2754,21
2939,19
408,47
300,5
2635,314
2190,1
250,30
1100,30
290,47
608,30
239,240
1201,15
833,21
943,88
873,110
910,997
2415,21
845,240
2588,3
1473,37
3066,5
3131,5
1479,11
802,37
4672,3
624,13
1837,11
737,738
171,30
2482,37
2233,7
1267,88
258,44
1753,15
137,19
1136,7
4262,5
1189,3
821,25
309,1845
1547,11
312,7
3486,3
57,196
2094,25
3557,5
2025,21
707,414
2869,3
4410,5
1855,345
720,19
830,88
649,25
1094,19
2228,44
2356,25
4069,11
3391,19
1145,25
873,318
927,25
3739,5
3631,19
823,88
2147,5
1107,85
2369,3
1148,145
729,5
364,88
2680,25
2419,47
1272,3
165,25
608,44
220,2126
3091,13
2462,25
2230,21
1500,19
16,593
2965,110
698,21
108,85
1007,13
592,394
1160,88
2702,25
427,9
1538,11
488,9
1156,44
677,15
185,47
4020,5
1169,175
4515,5
1442,7
3295,11
1578,5
1649,15
532,3
2587,88
164,37
1568,19
1146,3
1753,25
100,13
1665,37
3258,5
767,25
1431,88
4849,19
673,44
123,85
4670,3
1880,3
42,21
2353,44
3955,13
2813,1390
2083,3345
3834,44
3857,19
1859,25
3749,5
813,3
82,15
1664,25
72,9
625,21
2308,25
2643,44
900,35
4109,19
647,1130
1936,19
2743,25
2873,567
529,335
1026,7
2131,519
3644,3
320,44
943,124
1406,124
4189,150
2213,21
2820,3
1375,25
2452,37
1284,88
4051,3
2146,88
3434,3
1473,1
573,15
156,1317
427,7
563,9
1718,1719
84,44
1392,479
1945,5
2341,177
1824,44
1823,44
613,25
406,9
2833,1155
686,687
1264,25
4518,44
50,1461
2910,25
16,467
39,3
188,177
1421,3
1136,35
2765,5
312,35
1125,15
2148,25
4420,3
2458,145
79,9
1054,5
309,3403
4963,5
2252,47
3412,25
385,44
2734,5
117,577
1202,5
709,19
1688,110
749,124
3706,5
723,1719
2882,5
149,44
1181,15
2650,25
1242,15
304,11
4537,11
3317,21
1521,124
604,414
786,25
4911,3
3614,21
625,7
2024,85
2059,1155
1453,37
2493,21
2163,240
606,564
246,9
117,2135
4516,25
140,414
1117,88
2673,25
3209,5
954,44
1201,37
3752,3
1538,124
1261,3
1005,559
3320,5
3373,5
1140,30
2327,3
790,2791
1951,88
2756,25
2941,3
980,5
4226,5
156,711
1045,13
1005,448
4840,25
292,7
4472,19
242,44
3342,5
650,7
1120,177
4654,44
329,30
147,3
1378,3
627,355
1431,15
3490,5
2115,177
101,738
1628,25
2651,3
4121,11
983,1488
2087,15
626,25
1547,37
807,44
117,2710
4528,3
1357,13
848,35
317,288
4100,25
126,30
3102,25
274,21
459,19
719,47
4828,5
2225,5
4336,37
910,446
324,37
514,21
270,25
2090,19
3981,5
4362,25
2201,44
1734,25
888,88
1295,9
72,37
5019,3
4180,13
1838,11
863,11
1532,752
4133,177
466,997
3421,73
1996,25
1579,3
4071,19
165,47
2456,13
3454,19
2777,21
1629,15
377,73
819,30
3866,25
3259,3
2284,3
2105,656
2435,3
1234,25
573,19
1858,73
1237,124
3049,3
3114,15
1153,5
2176,11
307,569
487,5
4964,25
624,85
856,25
4893,3
185,85
1162,477
2735,5
3664,177
1870,37
362,177
272,73
2525,9
1217,145
1307,19
2330,9
50,4092
2997,5
4798,19
767,35
626,11
510,88
555,13
311,25
1471,11
170,37
616,13
3184,37
4171,5
2555,21
123,15
1407,19
1580,25
2360,37
2966,5
3210,25
3102,11
991,150
1434,5
3287,21
810,85
1755,5
1133,361
139,25
2161,15
4433,5
117,1312
2886,545
924,124
672,13
2265,25
1464,25
968,30
1718,3300
625,35
695,85
1821,35
169,5
1201,240
1382,177
149,177
407,7
250,88
1443,15
2452,88
2605,110
3984,3
1308,9
4495,11
172,2481
3812,25
1156,85
2036,5
363,88
3377,110
1750,85
3731,21
60,88
295,73
3346,13
3531,11
231,161
16,414
2361,19
2806,5
3966,11
2722,44
190,240
1813,44
3571,1
4943,5
140,1225
4070,37
1267,30
2698,5
422,423
4202,11
1182,21
1529,177
2158,13
490,15
2759,3268
878,44
592,1243
4181,5
848,15
1125,85
241,25
1037,9
905,88
3183,5
3526,44
2338,519
1580,15
4578,19
4875,11
2788,19
4507,21
2528,15
371,177
4258,11
8,85
652,870
2336,44
324,25
910,1280
3618,15
1803,559
934,44
95,96
759,25
121,1693
1339,15
3176,11
4841,3
2841,88
611,30
1090,33
3414,5
2059,55
325,1238
108,124
1711,1712
236,73
1416,25
4625,5
4810,11
3491,3
1718,440
3627,5
3552,19
3849,3
1851,25
3481,25
533,414
1160,30
202,88
1032,73
774,88
2457,577
50,3262
2082,110
3667,11
4013,11
3463,110
4384,25
336,3
1078,37
457,255
315,9
647,648
2205,5
596,110
636,5
1263,88
1357,35
2181,44
4022,5
1529,44
62,11
317,342
2353,21
2906,37
170,25
951,13
1306,44
309,2840
707,569
1559,11
324,15
3482,3
2507,3
1620,11
371,44
2079,25
624,2126
4520,5
4163,25
1821,7
594,44
3508,88
1935,3
1774,25
943,85
250,124
451,21
3014,2339
3637,5
1416,7
2992,25
1382,44
427,44
1190,73
325,255
491,11
4091,110
755,240
973,25
171,35
121,122
3038,5
2568,177
3949,21
1274,25
4151,5
1685,21
529,1098
4289,110
2091,3
3929,25
439,9
1343,177
628,3584
2498,3
1041,25
1665,73
673,7
282,1130
529,1243
1448,37
604,569
5020,19
2583,88
419,37
911,5
4124,88
106,19
713,9
4268,5
2825,11
1380,25
3378,19
2576,25
3455,3
2801,132
195,997
172,2664
253,177
432,7
1620,25
723,1661
1677,110
4530,5
618,25
195,232
782,44
1831,19
4592,342
472,13
3088,19
3216,88
4348,25
614,37
1882,25
4759,5
2823,13
2092,25
1660,150
2496,44
377,1
87,44
566,11
1545,88
1005,489
202,124
1526,35
4789,25
2867,124
2354,25
4589,3
2189,88
309,797
1581,5
842,44
4876,5
828,15
2813,387
4063,3
3619,25
220,913
1550,5
244,245
4299,3
216,420
1118,11
3462,25
609,9
1900,73
1883,3
1424,44
1856,47
456,44
1380,15
193,37
3921,3
2399,85
3196,25
2073,3
4861,5
1359,5
4969,19
3961,5
1322,19
273,30
1767,25
1507,21
115,15
2298,11
3202,25
231,1783
57,394
1676,47
1416,35
1844,35
2153,15
1612,7
430,7
195,500
3551,15
1834,25
474,37
171,15
406,124
1445,9
2910,44
307,639
714,5
416,342
2638,177
769,342
3986,5
466,442
211,5
4741,25
1580,177
1853,13
2038,11
2606,852
3310,342
2759,564
624,4049
1665,85
375,5
1226,11
305,73
548,19
2583,124
733,9
346,829
1621,1820
592,61
4076,19
939,288
595,88
338,19
1205,5
4066,25
140,797
713,37
3632,25
3429,477
2271,255
3449,9
2663,3
99,44
1131,11
628,4405
432,35
1467,13
939,3968
900,44
317,110
601,35
195,196
655,656
4014,11
1932,1210
1757,21
50,1360
3002,5
1140,9
4803,19
112,143
1415,11
632,288
6,47
1951,85
939,748
4176,5
2142,21
1066,145
3302,11
309,118
2072,113
498,145
1881,44
1405,44
450,44
929,73
3650,25
2675,13
1766,47
1196,9
792,255
828,19
1013,25
26,21
579,25
1739,11
2654,3
638,564
1263,35
1499,88
309,994
1537,124
2802,11
1101,21
1541,1480
790,852
609,21
873,1506
3388,3
1687,9
1427,5
50,913
327,37
1255,11
1734,44
924,25
2443,44
707,1317
547,88
2376,25
4177,19
1397,342
4095,5
1110,15
2615,35
2247,5
2692,150
1008,25
2345,5
4948,5
1436,19
4702,44
890,21
3441,19
2692,37
2200,5
2166,110
1090,234
1844,7
266,724
377,47
624,88
2083,2084
1032,15
2071,25
610,7
2549,15
499,764
268,25
4448,13
3996,3
3265,15
493,124
1803,33
939,110
703,25
2701,19
579,7
466,414
2155,25
2583,19
3120,11
4677,5
555,30
1967,25
354,1247
4862,3
79,30
3419,25
723,1488
2313,85
412,21
3777,5
604,335
1376,656
3102,30
2363,37
2238,25
225,318
28,37
1795,25
638,1280
1856,25
4251,15
1430,44
2184,85
1734,30
631,73
1292,5
8,9
4979,3
3796,5
57,572
1161,44
1825,21
2612,44
2575,88
2062,5
4590,19
4763,25
108,25
1194,44
4553,5
2763,25
1244,44
195,1243
1301,19
3852,21
57,1098
3555,5
202,37
276,150
370,25
1951,73
3168,88
4408,5
3208,73
842,21
57,33
610,25
1469,88
1035,88
1257,88
2903,88
4572,5
910,764
1813,25
1635,25
589,3
329,15
225,110
443,19
2027,355
872,9
1478,25
195,764
86,7
2306,15
878,35
2383,15
4899,5
5013,21
195,653
4174,19
965,11
2780,2781
3099,15
548,37
126,9
385,15
277,9
462,15
2596,3
2157,73
2818,5
820,15
1634,37
307,1098
3193,73
1141,19
3371,25
1603,88
1295,30
4686,25
3036,73
231,711
3672,25
1033,11
386,876
1218,25
1112,1890
1808,25
3401,5
140,2135
2479,5
2615,7
601,9
3883,19
4156,5
34,240
1875,19
4270,5
590,37
1490,15
309,1312
923,44
27,19
2887,25
505,13
638,1151
2051,829
4542,19
3558,44
370,11
2991,15
4603,3
943,150
3534,5
3335,44
312,240
1324,25
1659,44
1056,177
2577,88
339,3
502,477
1702,88
1564,25
4162,177
1749,19
1075,124
562,25
638,500
4909,5
623,234
3911,5
3217,25
1648,25
3034,13
385,25
224,47
408,166
1990,1
3583,37
1114,150
2889,9
2393,44
3864,5
1687,35
1302,7
5026,5
8,37
4794,25
3111,73
4116,13
638,33
3118,5
4523,5
623,569
1803,1317
1141,150
117,3222
1771,3
1110,37
2958,44
798,177
1757,44
654,15
4573,13
4516,44
50,1567
4058,25
152,73
812,21
580,9
1170,25
212,35
87,11
2692,15
2213,44
570,35
185,7
1052,21
1605,25
630,9
1166,21
1459,13
1352,113
3593,5
2803,11
845,44
1200,5
1509,5
1806,37
1169,96
1759,15
2522,9
167,145
1364,5
3750,44
1537,11
562,11
3547,9
1061,35
86,35
1118,44
2637,1
2859,11
2873,2649
120,15
4650,15
820,124
1815,15
623,1235
2024,240
459,44
4147,11
595,30
4493,11
193,88
2813,1319
213,21
50,1839
508,509
57,1317
2144,110
346,448
1953,5
3257,110
172,1502
2137,1
176,15
3350,11
3535,5
253,47
454,240
2473,7
1201,19
2794,11
833,25
708,37
654,25
2177,177
1446,85
822,37
1875,47
2773,5
2043,11
1110,166
266,1719
1889,3595
140,310
916,25
1713,9
4971,5
1927,2625
667,15
1718,1488
1399,4579
272,21
292,88
717,19
258,88
4879,5
280,426
4755,11
2300,37
1260,21
3704,19
3079,15
3979,5
2038,44
3433,3
1075,88
190,124
1846,9
4188,15
32,394
1118,30
3462,44
3573,177
1451,19
1049,2295
2057,7
1037,44
924,177
851,2791
1269,3
1934,1377
223,13
595,44
2443,21
3810,15
2889,37
5036,3
695,25
1302,35
554,37
628,44
1842,44
4080,265
2921,738
4777,3
547,30
307,1317
1818,5
273,35
165,21
117,2064
957,25
688,88
1018,25
584,25
3498,5
604,196
1639,44
592,414
476,477
684,44
4041,3
2043,25
2995,5
1555,37
282,1832
802,35
624,15
417,7
3556,738
2146,37
4860,44
168,37
791,7
1932,355
652,335
1649,19
1405,7
4775,21
4576,25
1519,3
244,2475
3507,15
100,25
322,15
767,21
2088,5
3004,19
4620,3
312,9
2165,25
439,30
4039,21
4990,15
3844,5
1078,177
362,25
1212,85
183,21
57,827
3713,124
602,25
1923,5
1192,25
2731,177
2292,3
4271,25
2004,88
2514,5
3702,19
231,702
1600,37
625,25
1232,15
1470,25
495,5
371,11
631,7
3665,5
1704,3
1298,150
3594,11
529,745
4160,25
165,7
3162,9
708,25
1811,44
1868,11
4689,44
91,9
755,1204
1180,5
3363,25
1807,88
909,25
1193,150
91,166
1784,15
3798,5
3727,11
2182,25
168,19
1473,166
2860,5
299,85
2672,19
1995,25
231,232
4535,88
1045,88
5038,177
2678,25
1568,21
3875,3
1985,3
58,3988
220,2333
4024,177
1537,240
1186,30
100,15
2283,3
2444,25
1482,15
4984,3
2641,3
436,9
1671,5
2148,21
4127,3
1846,21
4517,73
3840,4854
121,2865
2417,124
3102,35
907,4104
2762,4615
2057,35
386,267
42,19
372,970
2117,25
3570,19
1192,7
1501,3
3037,88
2949,124
1141,44
3560,5
1085,1210
2044,5
2650,21
3900,145
1647,88
2194,15
1413,88
554,25
220,3125
3468,5
3046,25
1627,132
482,44
3337,44
592,593
165,9
3286,25
4951,5
518,519
231,2124
1244,73
893,21
2891,3
1190,21
215,9
1011,2946
698,37
755,44
95,567
4991,3
2746,15
417,35
4525,3
1452,13
1803,2697
1095,25
101,2035
3168,44
4997,15
1169,2649
1766,44
1307,9
1011,1012
1199,15
3453,5
828,44
1075,21
3989,25
1136,37
3443,19
2320,5
1357,25
312,37
555,35
962,35
3133,110
1597,25
571,355
844,3
3713,88
227,3
4633,5
1852,73
172,3910
3635,5
129,37
4547,19
3071,479
749,11
2362,85
3799,5
3897,5
1443,21
3036,21
125,44
1764,25
57,674
1683,21
3829,25
323,25
91,21
2642,15
1234,37
2075,44
282,232
1166,44
323,166
1045,11
1874,85
4732,25
1526,30
60,37
939,874
524,852
1095,15
2354,44
466,674
529,234
1264,9
1445,44
1005,335
3500,25
3083,3
3207,13
1431,9
3335,88
1971,44
2222,15
2813,440
743,177
1357,11
291,88
510,44
1233,5
2148,9
848,37
1471,7
79,25
2151,44
755,4452
1226,44
4012,19
2620,21
952,3
1212,15
1088,5
2181,85
459,21
499,394
707,593
2534,15
1647,15
3753,19
32,33
585,13
1687,30
452,124
2583,240
3556,102
4942,11
699,21
992,25
2590,564
2821,5
3542,177
2562,13
1171,25
95,2649
1141,177
4473,3
2184,37
1453,21
1717,110
652,674
1514,5
1406,15
2673,9
231,463
1579,5
3759,355
1764,15
826,3
112,93
3009,15
1878,19
3562,47
1201,85
317,226
2099,3
323,7
968,240
2506,3
156,2124
1412,11
1965,11
2988,21
2496,21
4112,5
647,384
3423,5
1817,44
1234,166
2025,177
1588,19
43,21
225,874
2005,5
1169,1517
4390,5
1264,7
90,88
624,166
515,25
2401,25
700,11
3821,3
4255,19
2222,25
1058,11
4316,3
4613,19
638,593
1482,85
2323,44
3540,5
183,44
3416,11
4788,15
905,44
962,7
4388,519
32,448
4838,11
571,143
3102,9
1934,2322
938,44
3580,3
1879,9
4865,5
1792,11
1165,177
1613,93
324,21
951,88
1252,11
3472,11
1734,9
3364,9
1349,37
5029,5
975,342
4190,3
857,5
707,1280
2871,11
1295,25
1046,15
3105,5
1895,30
2183,5
1589,5
1828,85
3648,3
195,827
698,88
1379,25
1507,44
4419,342
333,3
2392,5
212,30
50,401
215,35
4982,265
1284,44
570,30
1619,25
533,394
990,5
3124,5
4122,5
4665,3
617,25
3238,5
