346,33
292,37
2715,88
1696,19
1035,73
3272,21
1881,25
579,85
4152,25
29,44
50,243
620,145
1246,1247
287,226
895,25
2525,25
2330,25
2883,5
2739,255
3312,11
1367,5
305,7
1118,35
3615,5
1253,110
170,21
1037,7
1330,19
3047,5
2353,25
528,25
2121,5
585,88
1580,9
4767,11
2970,88
3287,37
225,345
2278,93
334,37
3513,88
139,9
992,37
4915,3
574,5
3732,5
578,88
1040,19
4973,265
431,44
1963,177
2069,15
1346,85
3343,21
3404,37
1888,656
1446,88
623,681
2109,25
5042,21
2827,44
2170,25
1365,88
1150,44
5032,3
138,37
212,44
1483,37
383,5
2257,1
3677,11
1951,44
481,5
1718,1661
1099,21
1392,25
1784,85
4508,5
573,166
3143,110
499,681
4276,25
3379,255
1632,25
1136,30
1264,35
3076,37
895,15
3908,240
1431,35
4487,19
1732,44
1186,88
66,37
3794,11
103,104
214,85
4538,25
750,11
2768,177
3848,37
972,1
2862,5
170,7
615,13
284,3
1651,5
2538,25
3862,3972
16,827
4999,5
2077,3842
939,345
2650,44
2778,25
3112,143
3075,5
139,7
1370,15
432,11
324,9
625,124
1621,1622
4697,88
4422,3
618,21
250,11
2194,73
2622,25
1929,19
4075,19
2591,124
944,5
4065,25
2412,13
3833,37
34,21
858,1661
91,44
3448,5
1416,9
1073,88
152,88
886,7
4132,3
2264,44
1223,124
2762,3709
2159,15
1545,44
604,870
142,477
171,37
2961,11
529,33
2853,13
533,681
3504,21
275,3
3966,37
1257,37
3754,3
1685,19
1978,15
3137,3
697,30
2215,15
510,21
754,25
2091,5
312,124
315,25
83,37
1833,11
638,639
4228,25
140,996
733,35
861,110
365,9
305,35
4895,21
38,177
3287,88
170,9
4956,5
818,355
1997,3
2467,13
452,37
1022,3
3887,3
4056,5
2217,1622
3270,3
1256,9
393,593
2446,3
4194,5
307,33
1603,37
482,9
393,674
4905,85
1778,5
195,234
1100,25
2730,25
2069,35
4004,3
4830,25
3755,25
1497,3
802,177
880,11
256,21
1069,13
2405,44
923,25
50,3281
84,11
4614,3
488,30
637,11
1244,21
2304,11
1874,124
1305,143
4914,255
902,15
1613,545
360,88
1045,85
4269,25
1766,1
315,166
3076,25
2816,5
216,567
3480,44
1263,9
1084,314
4802,5
3004,44
4987,3
2437,3
439,25
575,11
422,1353
4114,3
3314,825
66,9
1957,11
652,1280
1118,9
2856,11
56,15
2363,13
972,37
309,1225
3783,19
1698,3
120,44
3773,25
2762,477
432,88
2690,110
951,19
3233,150
1090,745
3563,5
116,88
1049,3103
4045,15
2761,3
139,35
601,166
1299,37
72,30
823,85
4416,5
1603,19
4898,15
152,150
422,1210
2480,13
779,19
1593,9
1815,240
4395,11
1640,44
4753,11
3624,85
3346,177
2656,5
1979,11
1362,11
1416,37
701,37
1254,5
684,35
466,1280
84,25
2564,5
1445,166
3464,11
1032,21
2054,85
2934,5
185,44
1038,15
875,143
1689,3
3671,519
3174,37
3835,3
2019,110
2897,15
3840,3841
2950,19
647,335
1974,44
3221,124
3369,3
2583,9
1176,25
680,30
1914,11
1822,240
315,37
3126,11
190,25
322,177
3409,5
2001,19
733,7
534,88
609,25
4164,5
174,1517
391,25
452,25
3264,5
4821,11
1748,5
2527,3
3502,3
432,37
307,61
951,150
2007,3005
3304,11
4601,25
3678,11
903,19
2010,5
307,1280
125,25
2123,15
843,44
520,25
1804,21
544,143
819,7
3869,21
1140,11
1008,124
1160,73
4054,19
2385,3
977,25
855,88
4229,3
466,2890
624,44
1038,25
3437,132
36,25
2715,30
4057,15
757,113
1347,113
443,9
4134,19
1631,11
220,221
493,25
5024,19
4036,5
3027,145
1711,2815
922,73
4531,5
1270,177
743,19
4627,110
466,61
1101,19
2731,15
733,25
1091,5
116,13
3030,25
282,347
391,15
2378,656
1410,85
244,2987
561,25
1168,15
393,639
451,177
3428,11
3725,11
346,559
129,85
2935,5
1825,25
4187,88
108,37
2003,44
644,25
3765,5
2827,21
276,19
2096,25
652,572
140,3222
215,30
32,1243
1140,25
0,85
1090,232
684,7
499,593
3734,5
4115,5
3052,5
266,440
4967,11
1035,44
1402,25
1699,5
4006,19
3882,5
1760,21
946,3
1907,166
140,1312
1267,7
3872,19
807,88
4057,25
2219,3
3086,13
3272,73
3808,11
1186,35
4427,21
1961,5
2447,19
2876,25
4783,656
5027,44
762,564
483,13
1903,3
524,2791
2541,37
2252,88
1030,3
609,37
632,748
285,3610
2157,85
307,232
3573,25
3817,13
3139,25
2510,37
4059,88
685,25
561,11
1477,13
472,88
1342,19
1949,25
723,267
309,3309
1882,44
1576,25
1339,85
165,44
890,37
2814,177
212,9
2746,177
638,997
2395,5
307,653
215,44
1673,88
630,35
632,318
2314,37
4917,25
3664,37
1938,44
4668,11
2482,25
195,448
2179,11
3104,44
1803,448
1324,37
4165,15
723,876
2115,19
2722,25
1496,44
1499,9
3389,5
1267,21
1431,30
403,124
2152,44
443,21
140,979
2566,25
291,73
3358,5
1732,88
683,85
1529,21
4488,1127
3184,88
1169,420
2634,73
602,47
126,15
3284,3
521,3
1090,702
223,37
2885,88
3827,5
4332,19
1994,88
4923,656
282,1317
820,9
1634,35
4322,25
1090,3077
2024,37
3064,21
3702,88
2999,113
431,25
1727,37
611,21
4844,5
220,2178
2241,5
1663,13
4773,15
2426,11
652,593
2355,13
601,15
172,2333
1083,9
108,9
3040,509
454,37
1875,21
625,177
2951,3
1490,13
3944,5
2198,2199
1008,7
259,25
320,25
377,88
195,33
1170,37
346,1317
3249,88
4418,3
1605,21
632,1506
57,448
667,37
299,15
2482,11
252,37
3656,1155
734,15
2002,3
3892,3
2917,11
832,19
1385,3
2668,25
1017,25
3275,3
1645,15
1082,37
1431,44
1162,93
3065,3
1093,477
443,35
172,1999
2580,44
529,870
2087,44
1034,19
555,124
119,85
1333,5
358,13
395,21
1005,1832
548,85
1209,15
3577,9
225,1506
4399,44
1879,30
8,88
2704,5
3255,656
3146,30
3951,13
853,854
1188,5
1064,11
983,1661
307,196
432,30
3692,5
2024,19
631,47
3806,5
3310,110
2575,9
1114,7
2779,738
3297,11
1242,240
176,19
1521,15
4341,110
4274,25
461,110
4351,5
779,73
601,25
947,5
323,85
529,674
4449,5
1764,44
220,2055
580,11
84,240
755,4885
488,35
140,1428
4357,5
0,15
592,681
1469,9
642,2206
3457,5
156,564
1170,166
1941,5
3778,25
235,21
272,25
4468,5
1102,3
2048,37
329,88
349,5
2115,15
2668,15
3031,37
231,33
1546,326
1250,11
4637,255
1142,5
4252,3
204,5
1971,25
2280,93
1665,124
391,177
1115,37
4687,19
322,88
1907,1
848,240
4477,19
4835,11
931,85
455,37
1664,35
28,25
174,567
873,748
213,19
2640,11
290,166
4912,5
3122,25
1487,25
2510,19
4038,11
3199,5
408,37
672,44
290,25
41,19
1660,44
540,19
1133,1238
266,3300
4119,145
1463,177
3266,21
244,3103
1008,35
185,166
454,1
1473,47
3128,110
1555,25
1612,30
563,35
624,19
417,11
4034,110
553,25
1837,21
3430,5
1160,15
2492,5
3035,15
910,569
359,13
3208,21
4765,11
4344,25
1585,85
831,25
29,15
1136,13
851,3445
2819,5
272,166
680,35
2273,3
90,15
4545,25
1162,113
2094,19
79,35
2647,11
3807,5
3547,25
1722,9
3476,11
2505,240
362,21
604,564
4660,5
555,88
558,55
1512,5
4882,11
1701,3
743,73
602,21
2268,177
2785,25
270,37
126,85
534,44
1145,19
2221,5
499,1243
939,342
4700,3
2027,93
1352,1353
393,446
213,37
2083,124
1963,15
1161,25
4311,19
614,73
282,1006
2261,15
3186,44
1079,177
1600,88
236,25
1339,44
1322,44
4952,25
2280,509
2686,37
121,1839
1500,25
1673,7
2659,5
0,124
2328,19
751,145
524,4936
1679,25
4350,355
617,85
319,5
156,745
2502,21
624,1
677,25
2567,5
494,21
791,1
60,13
1760,124
1334,3
1082,88
4651,13
858,1390
2233,11
3393,25
97,240
353,110
1682,113
1297,21
4484,3
2025,25
647,745
409,93
1846,25
4225,3
2545,11
291,1
2809,44
2148,240
773,19
3770,5
1019,5
948,15
4747,19
3618,177
1141,88
1949,177
4808,3
5046,13
1185,44
652,827
2265,37
1295,35
140,3687
998,11
749,37
172,4083
1356,19
4358,3
1285,25
2737,25
631,1
408,1
250,44
638,1243
1521,37
236,15
1322,30
307,674
1190,25
4324,3
220,1595
1982,5
667,124
1609,25
427,13
3548,5
1294,11
1229,1506
306,44
1159,13
1095,37
2672,21
926,240
231,234
3960,44
3332,3
4873,5
2566,177
271,37
2964,37
2776,19
3073,3
579,44
1263,30
507,25
1482,13
1803,829
312,25
865,5
719,166
2276,44
4198,3
4359,25
1954,25
190,30
241,85
4046,73
820,177
3037,37
4892,5
1782,3
1933,3
388,37
4558,314
1430,7
1566,5
4932,3
2589,3
386,440
1570,88
499,33
2579,21
3132,5
1134,11
3718,110
2379,11
625,9
165,166
385,240
408,15
16,1280
16,564
1764,21
3101,25
4506,13
2419,1
1433,3
3947,25
2348,3
3162,25
628,177
3937,3
5049,11
708,9
1246,355
1673,35
0,88
4366,314
652,414
1538,25
3792,15
798,30
287,373
1466,44
2129,5
973,44
791,37
542,3
4461,25
2725,7
3018,19
3885,5
4266,25
3207,25
4158,11
1005,347
734,177
220,1839
1877,37
2293,5
2872,1248
1392,177
1263,44
2583,30
604,639
436,25
425,2132
1125,11
4235,5
79,21
156,232
652,1317
2873,96
730,5
1819,5
1927,1820
2936,342
3908,88
3287,13
1343,85
2215,177
2956,3
499,446
1511,9
4497,5
459,25
449,3
1994,37
2323,240
699,25
992,13
1546,1222
1983,5
4439,3
3146,88
8,30
1352,509
4612,25
1295,7
2639,5
554,9
2547,85
576,577
961,25
372,342
2669,88
156,829
782,25
1485,656
2787,21
950,37
4766,11
3654,3
866,150
4061,3
2830,3
1298,11
220,1567
1234,35
20,25
111,88
2496,25
667,88
1116,3
377,44
50,122
1045,9
195,1151
3191,21
3289,21
3771,3
2536,15
2796,3
3110,37
1095,9
2725,9
529,232
1307,25
3561,3
258,30
872,30
156,335
942,44
344,577
533,593
2583,44
382,25
697,85
555,19
1776,5
652,1243
622,25
604,764
905,177
1647,9
2724,85
230,44
4464,110
31,21
1138,11
1798,5
823,25
1430,35
2453,25
884,25
1970,44
499,61
1531,88
139,124
670,2358
129,166
1453,19
4723,11
468,13
1996,21
4945,5
910,1098
1767,44
3487,110
812,44
886,47
3108,145
2777,25
1811,88
4631,3
2321,3
323,9
3926,11
117,3025
2455,88
2263,5
4779,11
323,150
2964,88
1598,3
624,73
2753,177
5007,11
4586,85
4152,13
3093,5
29,88
450,15
821,44
3758,265
895,21
2108,19
720,177
555,240
4644,124
1537,44
3068,11
2518,44
2501,44
1870,88
490,25
3318,5
2970,37
848,21
669,25
338,85
1152,509
2636,342
907,908
1027,5
325,361
4714,11
421,240
595,7
706,30
3385,25
106,88
236,177
1637,85
1855,226
129,7
438,11
2399,25
632,874
374,35
1024,854
1279,166
364,13
2969,5
623,564
1606,85
1934,326
4662,5
1090,1783
1049,4640
670,671
4834,44
670,3621
1483,88
1446,44
4489,25
684,85
2901,25
1972,44
1076,25
1479,44
3205,177
4307,5
1234,7
845,166
1901,19
393,1151
546,5
2065,240
623,17
1891,5
1784,73
3174,19
4074,5
4471,5
2257,166
642,643
2148,88
1239,88
1611,19
1974,21
140,2710
604,593
365,35
282,745
281,44
305,150
469,5
2896,25
3519,3
2051,2052
2717,5
385,30
595,21
888,9
1256,47
1511,35
263,21
547,150
877,25
140,3403
1575,145
250,7
3115,15
4607,25
1117,25
3597,21
3658,5
2834,5
1005,1498
3515,44
658,177
3155,5
2341,19
2455,15
3562,1
1969,25
393,870
4246,3
2324,44
74,11
845,88
2186,13
2495,5
299,124
231,1317
2050,342
3211,21
292,85
1432,44
503,4294
953,15
3164,19
466,1098
1756,5
172,1839
3386,21
1264,37
2448,5
4758,25
2162,15
201,21
4434,5
315,13
3436,5
703,44
2758,25
3789,519
156,161
66,35
565,11
32,745
3080,177
1855,288
1947,3
294,19
3713,21
1185,150
3384,519
1115,85
1061,177
160,19
2949,19
3763,5
257,37
4329,11
595,35
3112,113
2653,15
3000,21
324,11
682,11
2258,25
220,2288
4237,3
3715,55
596,597
172,71
1576,85
618,19
250,9
927,177
547,21
253,44
4102,25
1892,25
3522,25
4894,5
3967,3
1882,19
390,37
220,4600
2119,3
32,827
451,25
1140,35
3158,44
1234,88
4327,13
244,2178
809,21
707,232
851,1474
1975,21
2689,19
802,44
2310,5
849,15
630,30
1934,1238
963,3
329,73
535,9
1642,15
667,177
1571,9
1075,44
4937,11
4866,25
4688,25
602,240
3261,15
2451,30
571,477
419,88
1305,477
2384,11
207,25
1682,143
282,448
3609,5
1833,9
1354,44
2141,11
2323,88
1856,166
1855,342
2970,11
116,37
392,5
139,166
341,110
3020,15
142,113
149,1
1256,11
4811,3
1423,11
1613,113
75,15
1767,150
1912,1622
1859,177
1201,177
1024,1942
3314,1248
529,764
3039,19
1676,166
4385,5
1532,564
1688,342
529,653
3572,15
3862,4831
1871,5
4596,177
117,2840
273,177
296,110
647,2697
23,5
4240,5
873,226
798,35
3724,19
1466,9
533,446
1469,44
244,2055
171,21
4404,5
1718,267
1613,1353
638,653
604,997
2397,145
399,13
292,73
647,347
761,88
1789,852
707,500
4812,25
4444,3
1263,11
3554,13
875,1210
986,37
976,19
2131,426
454,3311
905,25
1041,15
3918,11
66,7
3840,4859
673,21
1118,15
2930,44
750,37
459,124
755,3387
2548,1
3200,44
317,748
2363,124
2218,3
1380,11
830,44
4935,3
1168,37
139,37
2643,37
3784,265
421,25
3714,342
482,25
48,25
2449,110
1100,9
2123,19
1929,13
1416,88
152,7
6,166
3169,110
1372,35
4321,15
4926,342
4250,5
1140,7
3576,88
1747,25
4435,3
701,35
4239,37
707,196
409,355
3474,11
3366,5
1958,19
3551,11
533,448
1823,37
4735,5
2009,25
1038,13
4350,509
1951,240
1023,25
828,25
4491,19
2051,3525
3564,21
3011,5
872,35
393,1280
1495,5
1532,3805
4372,1602
3483,25
1914,9
170,88
1843,15
962,44
356,355
4852,5
713,88
2031,2032
2525,240
4966,5
1893,3
241,37
2792,3
280,829
45,3
3166,3
338,15
2959,3
195,564
983,1719
3995,19
4636,3
934,25
257,19
517,15
149,37
3931,11
2899,44
3736,11
1249,88
1174,25
2858,37
536,519
2382,5
4436,88
149,150
3098,5
2680,44
917,145
2530,5
2827,25
1767,11
152,21
2298,25
890,15
2030,177
323,44
4321,25
34,73
1784,177
3323,25
346,2697
6,35
3681,5
2065,25
1958,13
1449,19
1341,5
292,30
1109,25
650,30
1760,25
1264,30
638,681
307,593
2712,5
3021,5
1551,4565
92,355
97,19
1860,44
2404,25
4043,110
443,11
3700,5
602,166
5034,3
32,674
2583,25
2323,21
4232,25
1085,113
1112,2557
2990,5
2294,1942
190,9
1594,3
602,73
982,37
1215,25
225,288
4510,25
1437,15
2667,25
1990,47
2299,3
3203,5
180,150
18,25
4055,11
4312,5
685,37
4365,5
2797,145
1477,25
529,569
1282,25
1542,13
2875,37
2750,25
2569,88
900,30
4476,5
386,1488
3033,11
1396,30
1201,88
27,11
580,35
2334,37
1975,44
2210,15
1372,7
1545,25
3447,25
2294,825
2645,15
3087,88
225,748
1496,177
50,2831
798,9
2631,44
1005,1317
1445,88
2250,25
4089,314
768,44
623,870
2142,11
533,1098
2549,11
1955,145
1884,25
707,1243
3080,25
36,9
2290,3
329,1
443,25
1132,19
1152,113
1685,73
1061,25
86,9
1354,21
2212,44
493,9
3602,21
3285,177
1133,1761
3040,1210
1090,308
757,355
3756,11
2228,19
1410,37
307,234
3003,9
4680,25
3860,25
8,13
3438,5
431,21
2083,3201
968,21
2785,177
2858,25
1932,113
4649,5
1332,15
108,21
1925,30
1008,11
3873,3
2172,3109
1569,44
1490,25
1073,7
27,25
2281,3
4813,5
1311,5
1409,5
3759,477
0,37
2877,13
1952,3
309,3687
1237,7
1351,3
910,593
549,5
2608,3
185,88
956,9
4717,314
539,19
4647,19
46,1
4279,21
1813,37
4708,3
858,1319
1304,11
623,997
1857,11
2587,9
2994,13
1024,1248
3314,1942
983,267
3466,25
419,30
623,1098
224,166
131,3592
190,37
3170,5
395,25
1229,874
4467,11
456,25
939,3888
2051,1167
1805,13
830,21
1511,44
2521,25
4743,25
625,85
951,85
592,1280
3485,13
3139,9
614,177
652,764
544,477
817,145
156,3077
1521,19
72,88
1104,5
285,4201
974,25
1110,47
3661,5
3590,3
2872,825
108,11
1268,5
4699,3
3987,21
444,5
580,7
2210,19
231,335
802,9
3630,5
4233,3
1160,21
1345,15
3198,11
1237,9
1310,177
3528,19
60,85
499,559
3494,150
413,25
1445,124
4175,5
697,150
3963,3
474,25
771,5
54,1155
2054,19
4458,11
3399,15
4940,13
266,583
1078,44
2944,19
1499,25
697,7
935,5
1344,240
443,37
137,88
707,442
2192,13
1833,44
1357,44
552,3
2021,5
2181,37
792,1222
1529,37
4721,11
466,17
4406,5
195,639
2677,5
1691,11
244,2664
3837,3
456,7
1752,11
4456,656
1647,44
820,25
2963,124
4446,15
790,1563
199,44
2024,21
995,85
723,440
1332,124
2030,15
2190,47
1043,3
1521,13
4102,44
695,166
843,25
1657,3
1467,73
1895,9
2918,19
4881,5
1808,11
2550,25
3954,3
285,286
34,30
1875,37
1416,30
1073,35
5045,5
50,2898
1170,21
195,17
1443,177
4047,5
2931,85
0,1
1213,145
244,1016
117,118
1258,240
191,37
4010,19
781,5
5014,5
195,446
2803,15
57,1243
40,7
349,3
3214,3
499,1280
831,21
2668,9
1574,5
892,5
195,335
1759,11
329,47
3140,5
536,145
2880,25
2316,5
3720,19
123,177
2484,73
910,335
69,21
1451,25
743,85
119,37
1441,3
602,1
254,1480
4697,44
1256,30
3699,44
707,572
2335,25
4814,3
2231,88
236,150
3853,11
517,73
287,4584
2774,88
4604,11
2575,25
4962,11
2069,30
236,37
699,177
1107,44
1767,240
152,44
614,44
3016,5
1406,88
2540,85
162,93
1008,37
4622,656
4931,3
3556,2035
3748,5
701,30
427,35
4243,5
2502,25
624,21
417,9
677,21
916,37
1469,25
185,21
1472,355
4407,5
3171,3
359,15
1803,1832
272,9
2418,5
3104,88
2347,3
522,15
3936,11
1991,5
46,47
1297,25
174,96
1065,5
1193,88
2051,145
3061,88
4805,3
97,85
497,5
1608,3
4131,44
2886,93
285,852
784,3
18,177
291,21
1524,477
2181,25
551,25
2057,11
2242,25
2889,88
602,19
2600,5
4265,25
1815,25
456,35
1876,25
260,5
3072,25
1590,177
2443,9
2885,44
3672,88
695,21
3800,13
254,255
1124,3
129,124
1470,19
374,30
1647,177
1888,342
2804,3
293,44
3950,88
216,2649
465,85
675,166
307,448
3943,11
1801,88
4200,5
1197,85
57,745
4253,5
1241,11
2499,44
652,500
466,569
1190,124
1324,88
2022,3
2243,19
2833,55
1830,44
824,1248
287,288
1432,9
2402,656
3285,25
3044,1149
403,73
137,21
1297,11
801,110
2980,177
4691,5
307,997
1547,1
1031,240
1125,21
419,73
312,13
579,177
1722,25
3054,11
3190,25
2252,1
551,15
2181,11
4953,5
3585,13
1185,177
541,21
2262,110
1444,44
4450,25
4639,3
3874,37
1623,88
99,37
2443,7
50,3341
873,288
3863,5
2157,13
2194,25
2325,55
554,19
1161,9
4972,5
2369,5
371,15
2554,11
4082,19
502,93
2483,13
1460,19
2912,3
4072,5
3893,25
1895,35
701,177
117,1428
3091,19
1646,5
140,3309
1298,37
584,11
907,3062
1486,44
3558,25
684,30
2388,5
4367,19
3328,1480
4796,25
4981,19
1908,13
70,19
1784,19
899,3
1159,15
741,44
1513,3
3218,5
1356,2195
640,11
2169,3
137,7
4630,3
912,37
767,7
2755,11
2025,9
3237,25
1337,15
2067,13
415,3
609,30
1323,44
457,793
755,756
5006,11
3894,3
4701,1563
649,13
1387,11
3955,19
393,335
3496,44
3277,3
4818,5
38,35
3820,5
4130,3
723,387
2194,11
3779,110
625,15
1090,2855
129,88
2547,73
3604,3
904,44
309,3222
4011,3
4577,5
1396,9
3579,5
1878,11
407,88
1629,37
1683,11
858,440
4485,5
2452,35
916,88
20,21
1234,47
2203,25
2561,5
4411,11
1445,85
624,47
774,37
1095,21
1995,11
121,913
32,564
2542,25
2587,44
4933,19
3936,37
1186,44
638,569
3480,11
1005,234
1357,21
57,234
1125,9
3589,656
156,234
3847,88
2252,37
1105,85
4161,5
3655,37
4346,11
2424,44
4992,265
3200,9
4704,3
1424,13
213,88
50,906
592,1317
992,15
1859,13
2131,829
723,1319
1789,1790
408,240
3327,5
800,44
3246,21
1785,15
4179,342
3712,3
647,232
1171,124
231,559
1008,30
1803,745
1308,35
540,85
337,88
580,44
858,3300
1483,15
2642,11
437,13
2257,47
4236,21
1918,15
285,73
178,5
1888,110
3336,21
3228,3
1523,5
3521,15
650,1
959,25
2957,19
1442,37
2411,25
949,19
5041,19
4624,5
97,44
4494,25
137,35
1850,9
1357,7
3194,11
555,21
848,25
2185,5
1732,85
2313,88
4664,11
5010,11
602,88
172,2831
676,73
2913,25
274,15
1889,5008
459,9
116,30
2349,5
3509,3
3867,11
4211,3
894,5
695,44
3928,11
2399,21
623,1317
3142,5
206,11
334,124
1610,5
1259,177
393,500
3685,11
1785,25
4180,11
492,102
2024,73
971,3
3290,5
3219,3
890,177
283,5
836,21
859,860
92,1247
1201,73
3698,25
1972,88
1076,21
1369,5
3617,5
2695,5
866,25
701,88
1055,3
266,1661
3049,5
1224,5
1045,25
3657,15
242,88
3586,21
1718,1390
121,941
1425,21
1796,44
244,3795
117,3403
2472,145
1032,177
2330,19
3113,1210
1974,25
305,9
1172,3
3571,166
1229,110
842,240
972,25
50,2333
160,9
2430,19
4393,5
2603,25
1212,25
3395,5
386,583
1987,47
459,7
1256,35
3200,21
595,9
1313,44
4150,13
2353,124
1647,25
213,124
548,177
4557,5
4248,5
1413,25
3559,5
1346,44
1040,25
2633,5
4998,110
1356,85
625,37
200,110
57,593
1110,44
4391,19
2948,25
592,559
4381,25
1308,7
4884,240
943,44
1558,25
121,2481
1432,177
1915,44
1163,3
4024,15
741,19
244,1003
3916,37
410,5
1777,3
502,423
731,5
768,9
1229,318
287,345
2914,5
403,30
3272,25
2904,19
1442,73
157,19
3707,25
2525,21
515,11
3636,11
993,5
439,35
106,150
4538,19
2141,37
309,979
3120,44
117,1562
3715,1155
123,19
160,7
2727,25
1686,656
2359,3
324,240
2788,25
1694,5
2717,3
4382,19
2778,19
393,569
873,345
324,7
4052,25
3374,5
296,342
904,21
334,88
3971,85
4426,88
3239,19
2013,44
179,3
1463,15
2069,11
608,9
537,3
2007,2008
1660,25
2807,13
3587,5
337,37
3014,519
3532,110
822,44
1503,5
3802,124
792,793
24,25
140,3025
3313,25
1666,25
3718,342
393,868
285,1316
2559,85
16,653
570,44
1287,3
701,124
2827,177
220,2481
1038,37
617,15
466,335
2250,44
4394,25
768,7
0,177
4286,11
91,240
533,1151
592,827
242,124
460,11
2297,15
2300,44
529,196
16,17
1049,811
683,37
575,19
4548,15
650,166
942,88
636,3
673,15
2390,5
2360,88
4093,25
439,166
2548,47
3659,25
3898,25
3220,13
1266,25
398,19
992,88
1087,5
592,232
723,1390
595,37
8,73
2902,19
498,519
888,25
432,15
486,342
1192,177
4925,3
3689,5
496,44
2372,19
303,3
608,7
3782,3
3029,5
2905,15
1426,11
1021,37
1676,1
1416,13
261,262
280,145
4388,145
2998,5
2159,11
3059,25
2146,44
1787,5
558,1155
117,1835
1237,44
171,25
778,3
670,13
624,1291
2122,5
1082,85
697,177
628,629
1877,124
1695,5
2665,3
1496,25
46,44
638,394
4320,5
1263,7
3707,37
3446,11
439,7
2025,44
309,2552
79,44
1293,44
1904,5
673,25
2244,2245
3116,13
2018,21
750,25
4016,3
443,177
2955,545
2613,5
3220,19
160,35
1926,5
1583,44
2623,124
149,15
4626,3
884,44
578,9
1630,9
1600,44
779,25
411,3
250,25
2486,25
162,509
608,21
2622,15
554,177
57,639
1305,113
1764,124
1811,37
451,9
4068,44
4213,5
1640,177
1049,2614
503,4920
2884,11
688,44
890,88
3242,11
2159,25
1156,37
2489,5
664,5
573,85
4182,5
919,73
4023,3
191,88
393,17
512,73
2431,3
1445,1
156,2855
309,141
2789,3
4330,5
1013,15
1934,255
579,35
1665,44
1532,1533
29,30
697,44
4768,145
241,88
2457,219
1968,219
244,243
317,633
2249,25
1708,21
4657,5
3338,5
2748,37
4842,11
257,150
1448,25
1216,21
3526,124
3588,15
3513,25
121,473
3958,19
106,15
1141,37
1803,1006
274,73
609,124
1090,335
3159,44
3823,5
2366,1127
1862,15
3023,3024
220,3879
1295,44
244,1391
2767,25
4676,5
751,564
368,3
3786,19
50,2055
3239,37
2962,19
1906,124
32,234
195,870
16,569
2813,1719
608,35
1160,240
2952,5
1021,88
142,355
2237,5
2422,3
812,85
4938,5
225,597
2723,44
152,9
3515,88
344,219
4928,19
2452,30
1325,145
1166,85
580,88
84,37
1905,13
798,19
430,9
4007,177
1466,25
1032,25
1038,19
1442,30
842,88
1267,47
164,44
2525,44
2276,88
4383,3
1310,25
851,852
4552,5
1078,21
4617,13
218,219
493,35
3147,150
743,25
673,37
3187,15
195,681
3669,5
770,15
1950,88
282,559
2353,37
3368,88
213,85
1634,9
2413,3
820,35
623,414
2051,426
623,1280
972,166
810,25
2644,3165
3112,93
2208,37
1060,3
139,85
3465,25
2569,44
628,13
4203,177
596,633
1527,37
850,3
601,37
4281,5
485,44
233,3
1026,30
1446,21
3283,5
1322,15
954,37
1073,25
1201,44
4257,124
1014,11
1865,5
4496,110
1150,25
2652,44
4136,5
2626,25
2709,19
1743,44
3390,44
2452,44
1234,44
3620,19
1720,5
50,71
1789,4855
3410,19
1156,25
734,37
366,3
845,30
60,44
2685,5
2924,85
191,124
875,113
1392,37
4340,3
329,21
3781,177
1418,25
1971,37
831,44
1853,25
878,9
1122,5
1547,44
1175,13
1914,25
848,44
719,177
493,21
1085,143
910,2890
190,15
4309,19
1458,3
548,15
604,745
398,88
592,33
385,37
116,9
3526,88
3328,255
2114,3
4208,25
527,5
1687,7
452,11
1856,1
3229,177
881,5
2771,9
2572,110
5043,19
378,9
824,825
2305,5
4908,5
2490,11
789,5
1821,88
628,19
3216,25
592,335
665,15
4513,11
652,681
3293,5
4298,73
357,3
1110,1
547,47
4085,25
840,35
2416,5
910,1151
2469,5
261,3941
3286,44
3269,44
1073,11
1737,124
1905,88
2817,19
212,7
1079,21
4927,25
570,7
1234,30
3913,25
2438,5
77,21
2574,11
798,15
67,3
3188,3
4465,124
3339,3
1112,1113
1402,37
751,3805
1203,44
3110,88
4994,25
3076,88
617,177
2063,265
329,7
312,73
579,13
707,448
3737,5
1061,7
1354,19
3244,19
2323,37
2145,5
184,3
493,7
807,37
1236,19
1037,30
873,633
291,44
2053,5
1215,9
3213,3
2667,9
4939,3
598,5
820,7
106,85
568,88
695,47
3870,5
324,44
2164,5
4143,19
496,19
3361,11
685,21
8,15
193,21
2376,13
4301,13
72,44
1815,177
4230,11
4018,5
2510,88
2133,9
1440,11
317,1506
601,1
4995,19
341,656
307,394
454,47
3836,25
2419,30
4455,3
1382,9
151,5
1258,11
2173,19
943,25
1170,47
2304,88
694,15
108,166
16,674
57,442
437,30
973,124
1952,5
2277,85
299,21
533,500
1803,1130
1455,35
596,226
707,33
875,93
32,593
1870,44
4313,3
137,44
466,394
1846,85
3053,342
1061,9
86,25
2984,13
3058,44
4541,19
1125,44
683,73
3180,25
2812,3
2895,110
183,88
385,1
1681,5
1015,5
4369,19
3442,25
139,30
3078,11
820,21
2272,13
1674,44
623,448
992,44
2184,73
149,73
991,44
2137,47
3549,110
176,25
431,37
3759,143
2858,9
608,124
611,25
3674,3675
408,124
601,19
604,232
4568,4569
454,25
2680,88
3087,9
867,240
3256,11
2655,11
694,25
2324,25
1123,3
4786,25
4678,11
1951,37
1038,88
46,166
4890,11
272,47
164,21
121,4469
791,88
956,25
1013,88
544,545
579,88
4816,5
4869,5
1246,110
2451,7
769,656
2587,25
346,989
329,35
292,177
499,335
3969,5
66,44
604,1280
3612,13
4980,5
552,5
3801,124
2627,15
170,30
3662,37
1115,88
873,597
230,124
2926,25
4764,3
4218,5
385,19
213,13
585,44
2268,88
4483,5
253,166
2172,4831
309,1562
4564,88
978,5
910,870
2375,19
3226,5
967,37
3431,124
611,7
1018,15
1406,44
2945,3
16,639
3711,5
3607,852
2193,25
3994,177
1355,21
624,25
802,25
1545,37
185,9
386,3300
1237,25
3788,15
3666,1155
229,240
140,141
2927,3
195,1098
533,674
3100,9
40,9
4826,5
2532,25
3828,5
1442,88
910,674
983,440
1263,240
3942,5
2876,88
3080,37
2772,25
4128,21
871,13
999,88
2674,177
86,37
898,3
183,15
1343,25
4585,5
1404,25
2906,44
120,21
602,15
529,997
3760,11
3223,19
1192,35
146,25
1583,25
2955,1247
3753,124
672,177
1133,326
818,509
3495,5
1005,829
695,1
533,870
2646,21
499,232
2576,177
961,85
1576,88
782,37
658,15
290,21
735,15
2473,9
1510,25
2338,2339
155,11
1076,73
1169,567
4139,25
307,500
1673,25
1854,88
4746,3
111,44
2588,5
4378,25
2405,37
652,448
427,37
2317,25
16,764
1855,748
677,19
2736,21
2628,3
1951,25
2924,124
728,21
2618,25
3171,5
3208,25
1445,30
842,37
164,9
3356,177
1585,73
646,11
4879,3
2532,15
3643,25
29,11
1618,19
1411,19
2451,35
309,1835
1840,25
1917,5
2541,88
969,15
109,110
972,44
2057,9
1343,15
1094,25
156,33
1886,5
2873,175
4157,25
1731,110
3159,25
117,2552
285,4817
223,11
3566,5
193,44
2157,25
2683,177
3063,21
1791,25
1828,21
3458,5
981,44
346,335
236,21
4001,3
58,59
611,35
594,25
1201,7
117,310
279,11
4719,3
231,2086
4632,5
2409,3
1315,11
3886,44
698,11
1008,85
437,37
1730,44
2455,44
2452,9
1148,519
502,355
1740,85
1615,13
2000,656
87,37
1889,1113
2307,13
862,3
3896,5
3527,25
2428,15
50,51
2233,15
532,5
2715,9
1307,35
4155,85
2326,5
2570,25
312,15
313,314
2511,11
707,764
1239,15
4605,13
32,414
3760,88
551,9
2474,5
1108,44
1803,234
1037,88
1809,7
541,19
2795,5
119,11
3017,3
948,11
4871,25
531,37
3082,15
1430,9
385,73
1859,19
2774,11
3934,25
1332,177
3702,21
432,44
3057,5
1356,15
625,19
1346,21
595,177
499,196
131,1556
246,37
3111,25
4170,25
604,33
4827,3
957,37
1110,85
2533,3
279,25
323,35
3299,150
2820,5
718,88
1605,88
2482,124
3684,3
909,19
2065,44
2584,342
121,2664
4303,5
457,1222
1784,21
474,44
899,5
791,19
4401,5
4077,44
499,745
705,342
1810,25
4944,3
1887,5
172,2055
2233,25
638,674
4377,44
1432,25
2715,7
3697,25
1075,13
3346,479
2903,44
1671,3
533,569
241,73
4057,177
1054,3
137,150
3351,3
3520,5
3965,3
294,44
4460,3
119,25
604,1151
820,44
2524,11
2660,5
699,15
327,44
951,124
2400,25
466,870
1134,15
2194,9
568,44
324,88
3317,11
4230,44
3193,21
418,5
631,19
2922,5
833,88
5009,5
2013,19
910,196
694,177
108,44
1211,25
623,639
769,110
1416,73
50,3103
1001,5
1190,15
87,88
215,7
1733,5
3181,88
5028,5
1612,44
4118,5
2931,15
2873,1517
417,37
292,25
2083,4371
3413,5
208,110
1810,11
2118,37
2601,13
1561,93
2715,21
4021,577
170,166
154,73
579,30
1665,15
707,1151
657,342
1742,15
1005,232
1357,19
382,19
3925,11
57,232
555,25
117,1586
170,73
2313,44
1900,21
2630,19
3314,854
32,442
1654,44
2363,44
455,88
2225,3
1077,37
2396,44
2524,25
1430,21
385,85
1859,15
371,124
2703,25
428,13
103,397
3722,19
695,73
364,37
2808,3
900,25
647,234
886,166
2612,37
4976,110
1244,166
3036,19
4652,3
162,1210
2106,88
623,653
256,85
165,37
957,73
2777,19
652,569
1244,85
32,870
4800,11
2692,44
108,177
2398,5
3175,177
2026,3
1881,150
634,25
3664,44
1555,85
285,3281
1045,21
292,15
610,30
1324,44
97,177
4064,11
1442,35
1870,35
1112,3595
2525,15
1431,7
1090,3601
354,477
2775,5
1665,25
1846,88
2209,44
12,13
1540,37
4192,25
1048,5
419,21
1286,3
740,25
1232,177
291,47
2805,25
4643,3
3200,25
1647,21
1279,47
851,3599
57,1280
1174,73
625,88
823,21
2400,37
129,9
759,13
647,989
818,545
1077,88
3846,19
2017,3
1909,21
2932,3
218,577
5040,132
1453,15
169,3
614,21
172,248
1057,132
4760,3
1703,5
1005,648
2948,21
220,1658
454,44
533,17
2716,25
4566,3
886,35
156,702
1170,44
3973,37
3151,25
50,1391
87,124
4985,19
202,44
220,3381
64,5
652,446
2800,25
1760,73
252,44
1338,19
533,653
845,1
4064,25
172,941
429,132
4498,5
2518,177
4138,44
2822,25
2967,110
312,88
3377,342
439,47
2548,166
1988,88
1739,44
3241,25
1850,25
820,240
86,30
382,15
1786,1
848,9
2148,37
939,226
2060,25
2151,88
548,44
2235,5
1641,5
647,1832
1879,7
499,414
2406,110
4757,25
1977,11
3991,5
2707,9
749,88
3321,5
385,177
371,88
1956,25
2653,88
1154,15
1005,745
1781,44
2069,7
3178,1155
1231,15
2183,3
2958,37
465,124
105,21
1389,25
3084,5
3964,85
1416,19
1271,21
632,226
923,37
2046,19
1629,25
4317,15
492,738
1011,3868
2009,37
869,44
427,73
2924,25
1095,88
2048,44
3889,3
292,35
2843,5
4752,25
1203,11
228,11
4829,5
586,11
1357,88
271,25
1068,13
172,4749
22,15
922,9
3068,21
376,3
1540,25
1118,37
1465,15
180,37
3615,3
1855,318
3177,19
1451,44
707,674
2960,5
123,21
2674,15
4946,5
1873,11
3041,110
38,30
3985,21
116,124
578,35
4062,5
4703,25
1682,1247
652,1098
1521,177
2214,5
4693,19
1302,30
1856,124
129,21
1711,3096
2476,110
1711,2946
2757,11
193,240
287,1520
782,88
4499,132
72,73
2069,9
3101,44
571,113
2473,30
3301,1210
4679,177
2006,11
2133,44
1811,11
2412,21
451,47
323,88
1265,5
343,5
2770,25
148,21
701,9
3973,25
984,3
1244,15
4536,110
3427,19
417,124
1706,110
1223,21
1760,85
1874,37
1642,25
2421,3
425,426
154,30
579,73
3646,5
1685,11
638,414
5051,5
1870,9
329,44
97,88
315,1
1290,5
79,88
5030,11
4191,5
379,44
362,44
1465,25
787,5
2057,30
3415,15
4110,21
170,1
528,13
1152,477
2896,11
4144,5
592,234
3577,30
4453,5
459,37
1256,1
3553,5
1063,30
1852,15
4035,19
3432,124
75,21
628,37
4308,5
1899,44
250,21
3408,5
3337,15
608,25
4965,11
1768,11
3340,44
4645,19
50,2288
4570,5
407,35
708,44
1811,25
819,35
4635,5
1008,88
809,25
2662,5
2455,25
606,3905
4611,44
2516,25
1208,177
529,394
4799,5
3815,88
1803,384
4897,5
3899,5
393,997
3097,3
1229,288
1267,85
2344,25
4394,9
1028,11
1841,166
1642,11
1078,15
1796,240
3261,11
130,25
439,1
976,25
1860,85
4916,5
744,5
2813,1488
140,994
529,1235
1105,124
2809,37
1037,37
4993,15
945,21
3513,13
602,30
2449,342
160,37
1022,5
1266,9
823,44
3156,5
2470,44
1786,166
149,13
1256,15
578,7
2332,5
1185,21
707,559
815,342
914,5
554,44
293,88
4184,25
1457,3
4096,37
4666,11
547,7
2123,25
2362,25
165,30
3043,88
2113,3
1110,88
1329,73
1497,5
1244,124
108,88
3745,5
2040,3
1605,85
4364,11
617,88
192,3
1612,9
466,564
1244,19
3909,5
330,177
168,44
3562,240
3470,25
171,9
3032,5
2246,3
1267,35
258,37
3640,11
4491,25
2921,2035
1013,13
3878,5
4259,5
579,37
2286,5
3743,19
807,13
2330,73
851,2573
548,21
3982,1602
1340,25
1181,177
3952,11
338,25
230,11
1812,21
1481,85
1081,5
517,25
3638,9
1623,85
578,25
1889,2919
4224,73
393,467
529,593
4247,25
1053,2598
1789,3206
606,577
1603,25
482,21
4888,15
282,2697
840,9
1393,21
1446,25
533,234
608,37
239,9
592,500
2237,3
1912,2625
2686,88
707,827
307,681
592,745
684,25
316,3
869,19
5031,5
2928,21
16,335
1156,21
4017,13
1305,355
4094,13
2810,25
1109,19
464,11
1591,5
2762,132
3973,240
3406,19
1689,5
359,44
2085,177
3959,11
4216,5
828,21
1257,11
280,397
942,21
1186,25
1095,177
3051,110
2518,11
3369,5
1706,342
2583,7
571,509
3619,15
76,15
1967,13
1860,73
791,240
3533,5
251,19
922,240
4667,124
4154,25
3388,5
121,2987
129,44
1524,163
1112,2919
592,196
8,21
193,15
3070,11
3367,19
1117,44
3514,479
12,479
3357,25
628,15
1949,15
3179,25
5022,25
3418,25
334,150
1629,177
2958,124
547,35
2873,420
530,25
256,88
607,5
4287,37
320,37
1666,44
798,240
3977,5
2287,5
4295,4296
285,1775
560,5
596,345
2029,3
1221,1222
2172,1725
377,37
430,25
252,9
4414,11
1526,7
4880,21
1824,37
1455,9
466,1151
3110,44
3514,19
838,5
1445,35
1998,11
624,177
533,335
443,15
1575,519
46,88
638,572
172,3103
2984,19
2323,25
2583,21
1471,30
1789,15
443,124
2188,3
743,9
3224,19
1226,37
602,85
1394,25
955,25
2953,3
4003,577
18,21
309,1586
1090,711
647,1006
193,25
2500,19
1282,21
307,17
1090,448
2972,15
1218,13
668,110
3330,15
1922,37
1561,355
840,37
125,37
307,446
108,35
2469,3
1582,11
276,25
923,88
3565,25
691,1210
27,15
3370,25
323,30
2163,25
3657,177
2075,37
1365,44
299,25
1612,35
67,5
360,25
3758,145
4729,11
1894,11
403,7
1398,44
242,37
220,2377
2425,25
832,13
1277,11
393,61
3814,88
4501,5
821,37
3503,5
1472,477
1418,9
171,240
579,15
1863,3
1685,85
86,13
638,448
2501,37
106,177
1066,519
3244,13
3298,73
4785,11
2151,37
3456,5
137,177
3372,2987
2813,3300
126,7
623,335
2603,44
1030,5
2606,1149
592,17
116,25
1826,124
595,124
706,9
263,44
3149,25
2460,11
121,1567
2266,342
1259,37
2596,5
3391,44
346,648
2771,25
4918,11
482,88
1721,3
746,3
378,25
529,559
968,25
886,177
1403,25
2958,88
393,764
2615,9
1885,11
1137,85
601,7
910,827
1946,177
57,335
1008,15
592,564
937,5
1490,21
2499,88
1018,88
505,11
1616,5
117,414
484,25
466,764
53,44
1855,597
329,166
403,21
2115,25
356,1353
3204,5
3757,25
3633,11
2658,11
90,35
3710,11
1749,9
1534,519
4356,11
1283,5
126,166
939,4877
365,44
183,37
575,73
281,37
962,30
4009,3
4727,3
983,1390
1984,37
274,124
4949,5
609,73
385,7
2644,3090
631,166
830,25
4261,3
4137,13
50,941
625,73
4804,5
4544,25
1070,25
3914,19
2591,240
2079,44
1171,44
125,88
472,44
968,7
1764,85
1191,145
2143,3
2056,5
131,187
4989,240
2133,25
725,15
1332,25
2813,1661
604,234
269,25
2713,19
330,25
3624,19
3987,25
708,88
212,37
1483,44
4304,13
108,150
2985,25
1160,25
2568,15
3306,5
372,597
1246,477
1780,11
895,177
1981,150
0,166
2072,163
610,35
907,4724
403,35
2404,88
278,11
707,17
2760,240
2300,25
29,37
1206,21
1264,44
2229,19
2451,9
4930,19
697,11
493,88
1732,37
4128,25
1678,25
703,37
1240,5
707,446
338,177
3352,3
676,25
1836,11
3726,3
2128,25
365,30
1343,21
1551,1552
3526,37
443,150
707,335
139,177
638,335
16,196
126,35
3392,25
309,577
325,326
645,13
938,25
277,35
334,44
121,1595
321,9
451,240
3371,15
1617,13
1373,25
749,73
117,3309
934,37
2569,25
2024,25
386,1661
1825,88
2646,25
1953,3
1114,1
244,473
1024,825
910,868
2251,3
290,1
3411,5
4659,15
1201,25
2847,25
1993,5
1018,13
390,44
454,9
3575,5
1640,88
77,88
2442,13
2264,37
1757,85
1848,5
138,44
466,593
2198,4400
1211,177
1140,73
1160,7
2146,25
2736,25
3400,240
1951,21
1530,19
171,44
4684,342
1095,73
628,4282
50,13
2742,3
1780,25
40,11
522,25
1075,37
1974,73
4209,3
32,639
2782,5
1374,19
697,21
1357,73
3248,19
1547,25
2042,25
4919,5
2501,11
287,110
4019,5
662,110
280,2052
740,44
354,355
541,13
2427,5
726,11
1577,5
195,593
231,829
4872,5
4342,3
623,1243
938,11
2606,3045
1718,876
2282,13
2396,21
1085,545
3123,1602
864,5
2510,21
1217,519
3344,25
78,3
499,234
2595,145
125,124
968,35
2544,5
218,564
1396,35
1913,255
628,85
290,19
592,639
772,5
1278,11
526,44
3276,5
3205,15
323,73
1636,3
346,234
4196,88
112,110
1382,37
886,30
1718,387
4857,5
805,44
3538,5
3603,5
791,9
4081,3
1331,44
2301,355
3295,25
287,318
3517,15
1519,5
3578,15
4950,3
573,177
100,19
4478,110
1133,793
3865,5
214,15
32,653
3744,44
1732,25
4791,44
2560,3
1722,19
858,876
983,583
2077,2578
419,44
1236,85
834,11
120,37
452,44
4379,5
3696,19
3489,11
4440,21
3625,25
1420,3
689,15
1168,44
2335,11
1741,55
431,88
1063,15
803,3
604,446
3924,3
623,500
4543,5
2184,21
961,37
4901,25
3903,25
2619,5
638,1235
290,37
1103,5
457,326
1640,37
4713,19
4583,3
246,88
3705,5
4338,88
50,1595
1673,9
698,9
437,35
592,764
1272,110
701,44
1546,793
755,88
1241,15
427,21
1049,4738
1062,47
4671,255
939,4646
4910,11
474,88
2436,519
1160,35
3521,85
60,11
667,21
1096,11
2428,9
157,85
195,414
396,5
624,150
252,85
737,2035
4219,5
2900,5
1877,11
2776,11
137,25
1974,85
929,21
2175,11
285,177
4306,25
1912,1820
315,44
3308,25
2940,3
2813,267
1722,37
4595,13
551,11
2545,13
720,13
405,19
595,85
2832,11
4389,5
395,37
4574,3
217,5
172,401
3810,25
2579,13
139,88
4358,5
4352,4353
186,21
1346,19
2629,5
3186,88
4479,19
2265,88
4284,3
273,21
165,15
594,9
4756,15
601,73
323,37
1137,15
822,25
3249,9
1416,44
309,2710
2203,15
3141,11
3623,13
617,73
1166,88
292,21
60,25
727,5
2465,3
2357,21
2715,25
1270,15
1075,15
2350,44
652,196
190,177
673,73
322,25
1718,1319
3308,15
2152,88
301,3
325,3019
982,44
3298,21
2191,3
965,44
844,5
4275,3
3992,11
3000,85
585,25
713,44
1745,15
129,35
2280,545
135,13
428,25
466,868
4797,11
4673,5
2486,73
418,3
3539,3
57,559
1090,463
2023,11
2493,25
1828,11
3280,11
2049,3
4837,5
2019,342
112,1247
273,7
2858,177
2419,7
3839,5
1073,30
1683,15
3015,5
323,19
1483,21
4519,145
4692,5
1308,88
1733,3
1365,25
320,85
3845,5
360,44
430,30
3721,15
2638,25
3906,21
2968,5
493,240
168,9
3768,110
791,35
774,25
156,448
3956,5
1405,35
1995,15
4551,145
1392,88
1193,25
2306,177
1492,3
282,384
690,5
3001,44
3890,656
2,3
533,1317
1987,166
1770,314
3469,19
3459,5
1373,177
2541,44
1105,73
609,44
3656,55
274,25
2004,21
3230,110
585,11
910,442
2161,25
605,88
2768,15
1128,5
1475,1476
2575,44
1366,3
4045,44
529,572
786,15
346,384
1289,124
1036,5
614,25
3112,477
3404,11
2429,3
2982,113
1872,19
4874,3
2543,15
165,35
1878,25
3826,44
529,448
323,1
0,44
623,764
4142,44
4199,5
919,15
1717,656
652,394
617,37
4606,25
502,545
2139,3
172,2134
2746,25
2546,3
4769,25
114,25
292,9
1035,37
774,11
4846,25
1455,30
845,13
3936,88
157,11
3832,25
3571,47
1264,1
1246,113
983,387
1193,11
346,1130
220,941
2454,11
2025,88
170,150
1129,19
2045,5
2294,1248
761,9
673,85
1850,21
305,19
156,3601
4033,25
4430,5
638,559
92,509
878,30
1343,240
1090,564
220,2664
652,997
2014,5
2484,19
4285,25
3102,7
3287,25
321,44
2670,5
282,1498
2285,25
172,3884
1067,3
2252,166
1413,19
2318,9
2764,73
2747,3
1229,597
625,47
1008,177
3907,5
364,21
1825,44
614,11
407,11
4847,3
2537,3
502,143
1443,11
4391,25
950,9
1801,11
256,37
3558,88
1234,124
3454,25
4442,19
890,44
1244,37
323,15
2253,88
627,93
2077,2078
2826,240
1234,15
3562,166
2314,44
2170,124
1844,30
2631,25
1110,240
156,559
2556,15
32,997
858,267
2263,3
325,2420
238,1155
660,5
1045,37
1273,342
642,2852
3895,25
1455,44
2672,37
3152,479
533,764
1824,177
95,1517
2050,110
382,13
1397,110
555,7
848,11
2738,3
647,559
2923,5
1994,240
599,342
2121,3
52,11
1212,21
456,30
1647,37
139,19
2653,37
3834,88
2586,110
1549,3
2275,13
2024,44
3695,3
152,166
4113,11
3917,5
3239,25
50,1939
3101,88
1231,9
2254,3
140,2120
3772,5
543,11
2227,479
529,681
34,9
4267,5
1764,37
533,33
2824,11
1416,21
1767,88
2223,11
3185,88
2264,88
266,1390
1975,15
2702,44
2131,2132
1234,1
3558,37
1841,47
4169,110
1938,25
84,88
302,19
1089,5
40,30
3308,177
3581,13
121,1391
1974,124
1082,44
808,3
4363,11
4807,314
1115,44
1921,145
1465,13
533,639
2933,5
459,88
1471,35
284,5
106,37
1246,143
750,240
1873,9
2363,88
2528,25
4581,44
1256,21
1185,15
2171,13
3699,37
139,1
638,1317
1029,150
951,166
5039,5
699,73
3803,3
149,88
3344,44
904,25
961,88
981,21
1959,44
1229,633
1339,25
236,44
2217,1820
3230,342
1660,21
1697,5
755,2786
1053,1111
642,2167
4277,5
1811,13
943,73
4153,15
158,25
2982,143
587,19
1855,874
1008,44
112,113
2787,37
3377,5
1422,25
984,5
529,414
2874,9
198,3
910,1243
4431,11
3356,15
329,240
3232,5
3791,15
798,88
1133,2497
3282,13
845,35
4715,5
3949,25
3825,11
1017,44
1685,9
36,88
1749,44
848,88
683,25
2494,88
3750,37
2313,25
3915,102
1209,177
3723,5
4141,132
365,15
2809,25
170,15
652,17
945,25
2599,124
3317,177
2487,88
571,163
534,21
538,88
596,748
1185,25
3628,13
174,420
2653,9
3978,44
4123,13
3196,15
2150,13
4025,15
2248,5
4780,3
1707,13
472,9
1599,11
1463,25
140,1845
129,150
2547,19
846,5
1892,7
2234,88
5002,5
293,37
779,124
3094,5
2341,15
1673,30
1144,44
1767,124
701,25
3714,110
2689,21
3134,15
307,764
57,1151
1358,19
1716,11
831,177
1592,25
4280,3
484,44
1392,15
16,500
1321,5
1874,21
3335,11
3949,11
1402,88
1864,3
1974,88
2198,4653
3939,13
1264,73
1793,25
1152,143
895,37
807,25
4623,11
3544,3
3680,5
2836,177
1118,7
1047,25
2070,3
3818,255
4399,88
1454,5
830,85
116,35
939,318
2684,11
945,11
1037,35
50,1009
604,674
2949,15
517,21
3874,44
1738,3
763,3
2889,44
1242,44
1960,25
3850,5
914,3
2037,21
1289,85
4025,25
3347,5
618,15
2336,177
250,37
451,124
32,1098
1521,44
1339,37
1826,3311
140,1835
131,132
2844,25
3511,5
1298,44
1633,25
4354,124
677,177
1160,85
3488,44
1254,3
684,37
1555,44
798,37
84,19
417,30
2749,5
3356,19
1601,1602
1948,5
1090,829
3107,25
2863,13
295,21
647,448
2061,3
1095,44
4762,3
1267,37
2718,5
499,653
889,21
835,177
466,446
1813,88
2691,37
533,564
1729,3
533,1280
2276,37
1165,15
4026,3
2999,355
305,85
1354,88
2001,25
1584,15
2623,25
609,7
3234,110
2684,25
282,335
4278,3
3115,177
3095,5
4086,88
305,166
2154,21
4133,15
2083,19
547,166
2144,3
1528,9
1788,5
297,13
4790,25
631,30
903,21
964,5
1100,7
533,232
1214,11
57,653
2790,25
1680,21
140,2064
1757,25
1996,73
606,219
1223,88
1466,37
4522,21
0,240
1766,88
3042,3
3231,25
2971,5
791,44
295,11
2071,15
3292,25
4957,5
774,44
1331,11
2725,30
3514,15
4886,3
2947,44
2233,30
592,1151
2471,44
1196,13
4562,15
312,177
2111,5
3564,19
579,21
3493,25
4740,314
1408,5
2394,11
3554,25
623,196
2876,13
3247,110
2129,656
2216,177
555,44
1133,1377
483,25
156,145
2373,5
619,11
1061,240
1101,25
5003,3
955,13
385,47
847,11
3398,25
388,44
706,35
1573,21
4571,5
4463,19
820,47
983,1319
2342,5
1430,30
257,21
385,88
2391,342
139,73
1643,110
2811,5
4720,25
482,37
1576,37
547,37
231,564
121,2333
285,710
451,88
2733,88
239,25
148,88
2790,11
3641,5
3915,738
4321,19
677,85
1177,15
1803,335
424,5
684,9
3734,3
3919,13
910,639
252,11
896,25
987,88
1874,88
4772,13
1496,88
3168,37
1613,509
1442,44
707,1235
172,2288
3774,5
1958,150
1267,1
329,25
258,7
97,21
942,37
3071,19
3922,5
3851,3
750,88
915,5
261,2649
4960,3
1903,5
123,124
3962,15
2271,326
609,35
459,30
2845,19
116,21
2137,166
1994,44
466,196
266,876
18,19
496,25
1859,240
2315,19
983,3300
431,13
3536,5
2565,5
2486,88
454,166
2626,21
287,4527
290,88
1008,19
3576,11
3394,110
1875,1
57,681
134,73
652,564
4742,11
32,1235
4618,13
2783,110
4125,11
1969,85
5025,5
172,811
4027,5
252,25
1475,4539
592,870
1049,1149
403,9
40,35
2240,21
325,2322
377,166
1357,177
533,745
382,177
3450,11
258,25
3086,21
2441,5
4242,11
2518,21
433,37
1448,88
3744,85
1766,166
476,93
848,30
1604,5
792,326
541,85
119,73
2741,3
780,5
602,37
32,1317
261,3254
951,44
385,11
3506,11
2423,25
706,7
172,1391
1758,15
858,724
623,446
1637,44
1178,3
203,3
2041,25
4609,5
1772,479
790,4936
983,876
253,15
695,88
4230,15
623,559
1332,21
3651,11
108,19
236,88
454,35
4217,13
592,448
611,124
98,25
1972,37
688,25
4628,5
2281,5
2334,25
943,37
1669,3
3055,177
677,73
57,446
3728,5
95,420
4863,19
1328,73
317,874
1793,177
3277,656
4782,15
1931,15
466,653
36,37
1505,314
4215,11
2025,73
3932,3
133,19
1537,37
2279,19
2212,88
676,21
1543,11
806,314
1896,314
2920,25
3048,110
4168,3
3901,19
3078,124
2802,37
4591,3
4504,5
346,745
3577,7
4825,13
645,25
3442,21
1152,355
324,30
749,85
1980,19
1141,25
2714,88
1536,25
670,1769
1349,44
3682,21
2744,5
466,827
3189,3
968,9
253,1
3742,177
1521,21
4587,4929
2365,3
5005,19
1415,177
1808,19
725,13
2615,25
2355,21
108,1
3022,5
623,674
476,509
592,446
812,25
3738,5
2391,110
1479,37
3923,3
916,15
1162,355
4947,2475
3127,19
212,150
16,1151
4961,25
4782,25
2604,44
2343,88
4000,13
1432,37
2054,21
4397,5
403,37
522,21
499,674
3568,15
29,35
3497,5
1672,5
1357,85
1749,25
4040,3
80,5
853,1942
3439,3
707,1098
4046,25
4423,44
379,19
3797,3
1105,21
309,2064
499,448
317,345
1648,19
120,11
1684,177
4514,5
3516,5
257,44
1508,37
351,110
707,564
3662,88
393,394
213,9
506,5
162,355
695,15
3485,25
4126,25
723,724
1916,25
3546,25
3843,5
393,653
601,240
2251,5
2841,37
1657,5
1450,13
1855,110
1895,7
499,997
1223,240
325,2101
654,21
1500,13
1673,19
4563,21
2513,5
812,15
957,124
1679,13
4206,5
4922,314
1062,1
802,21
3192,5
3245,5
1160,9
920,88
2368,5
1237,37
4098,5
4712,25
3285,15
2917,37
2829,25
1621,2625
2705,11
4722,110
1260,25
1850,73
4067,85
1796,13
3693,19
1071,19
975,110
2025,37
79,37
3130,25
3666,55
1354,37
5017,11
1522,25
352,13
223,240
4845,5
120,25
3591,5
4996,25
3577,35
38,15
2899,11
3766,21
2531,37
1583,37
888,30
2097,5
4629,15
2813,583
581,5
621,110
4429,25
766,3
503,1195
4234,25
2325,1155
2168,110
3236,25
2352,85
4533,11
216,96
550,5
623,593
4730,25
3026,13
1201,9
4078,5
4459,5
4955,110
1076,85
584,21
1429,9
1874,240
751,1533
2452,7
346,232
1803,1498
883,3
427,25
50,2942
1170,1
488,25
529,1317
2378,5
0,21
1875,166
3467,5
370,37
667,25
945,479
728,25
1025,5
2083,3762
3761,25
272,15
1692,13
1010,21
2607,5
309,2386
1257,44
29,7
929,25
1870,30
697,37
112,477
4039,25
704,177
4238,44
2551,110
4532,265
83,44
393,196
4029,3
1044,5
3298,15
1944,11
382,88
3429,93
116,44
1809,9
2838,5
3082,25
1934,2497
220,3252
1751,15
8,124
888,44
1664,9
445,25
1295,37
1511,124
2443,15
139,44
1063,9
72,25
4305,5
1356,21
2986,5
627,1247
1620,44
3044,3045
3048,342
2976,19
3529,3
580,177
28,150
3421,21
393,681
1596,21
2999,163
840,30
4034,342
273,25
4824,44
350,25
2116,11
2669,11
1868,15
1541,255
1744,5
4709,37
1008,73
4621,25
590,25
1858,21
2452,21
205,5
4438,5
3477,5
488,7
3353,15
592,653
1160,37
2022,5
791,25
1469,37
1442,9
3332,5
4050,88
4505,25
700,85
4815,5
3703,13
1005,1130
1133,2101
90,25
1763,110
4913,5
493,44
1584,177
3287,240
1239,11
707,394
66,30
4690,177
4889,44
3190,19
4413,44
241,44
720,15
2440,177
4079,5
4795,150
1279,1
1430,13
2329,5
591,3
1198,25
4042,19
760,5
50,2481
1664,7
1758,177
638,234
72,7
3193,15
3672,44
253,88
1714,11
631,25
2261,25
1724,3972
1295,88
1026,9
858,1719
2713,88
273,11
2680,37
2348,5
1754,5
3091,25
836,88
2563,656
4263,11
2160,19
1133,2420
108,73
698,25
3818,1480
4682,11
596,342
2760,44
101,102
563,7
909,15
2016,13
1784,25
2129,3
791,47
2367,25
1513,5
3663,5
2428,25
32,572
1889,1890
2839,5
3946,11
3008,15
4380,11
1860,37
4256,25
831,37
137,9
2779,102
1974,37
582,3
1557,3
3616,5
804,25
291,166
2525,88
493,30
2879,3
3854,3
794,19
79,15
307,870
733,30
3780,5
274,37
2681,19
309,2120
42,25
140,2386
707,639
2117,15
119,21
2464,37
1410,88
3499,15
38,37
884,13
1751,19
685,44
244,4097
625,1
1510,88
2975,25
2888,177
1097,5
1531,37
3111,11
1406,25
3036,25
1925,35
2419,9
1490,44
3876,19
2153,85
323,21
4556,5
2837,73
3320,3
2089,11
2274,25
2632,5
4425,44
1847,25
2172,3972
1908,25
3376,132
3657,21
1203,37
1095,19
2118,25
599,110
1264,21
1924,3
4575,25
332,3
1368,19
3382,25
3976,44
2212,37
804,15
1357,15
2380,25
551,88
311,9
918,19
3713,37
2973,44
1607,5
2370,3
3719,11
783,5
1320,37
325,381
291,37
4470,3
3092,21
2410,13
4140,5
2275,19
1326,110
3472,25
1171,21
2503,3
1063,35
253,124
72,35
608,85
2861,3
1453,25
776,11
1593,44
654,44
2726,25
451,73
2581,132
108,30
3518,5
592,569
1626,44
1294,124
2334,44
1975,37
1372,30
1741,1155
2988,25
1841,1
3107,85
758,19
4149,132
2631,37
4297,11
4850,19
3349,240
58,4145
3514,177
1905,44
768,35
721,5
774,9
1090,1158
4900,73
2226,25
2519,342
16,61
1193,9
1799,25
4748,5
700,15
1049,2459
1860,25
885,5
443,30
814,3
3935,3
652,234
3740,19
197,3
419,25
2256,5
1125,37
50,4674
315,88
616,11
281,88
1829,13
652,1235
139,150
3334,25
3173,15
659,25
951,47
459,15
910,394
220,1360
2051,397
533,827
3250,5
3435,3
672,11
451,166
1046,11
4288,3
3229,15
1221,255
1925,7
1106,177
2170,11
447,3
437,25
168,88
2864,5
404,342
2149,5
795,21
652,442
617,21
1042,110
2411,124
285,85
1928,19
3781,15
3104,37
1035,85
3028,5
4347,5
1388,3
212,240
1020,37
3278,11
1746,3
592,1098
1675,5
761,25
2350,88
3426,3
3355,5
419,7
2198,906
439,88
740,11
1037,11
4567,132
1937,5
1537,85
247,5
3348,44
982,88
195,1280
1724,1725
3519,5
719,1
2296,25
277,30
223,44
193,73
3938,25
139,21
432,25
585,37
3136,3
231,3601
1963,44
72,240
867,25
995,44
1356,2573
672,25
2318,25
1339,13
623,572
293,15
4770,3
8,177
451,37
34,7
1925,9
2911,11
950,25
1184,19
50,2907
1629,21
2760,21
162,163
2381,19
3178,55
3562,150
499,564
2924,21
16,394
235,30
4101,5
845,47
1398,15
2848,519
650,47
389,25
156,308
322,44
450,25
4555,110
700,19
4326,5
2081,25
3365,5
2083,1155
86,44
2158,25
1465,19
2488,5
1910,5
241,21
294,25
666,30
538,37
3291,11
2060,11
119,44
66,88
1005,2697
3649,11
713,25
534,25
609,88
3146,7
1185,13
408,177
210,5
1134,88
3260,3
4986,11
1620,9
934,88
991,25
900,88
652,745
2031,2671
250,15
3957,110
910,17
4656,5
16,997
1821,9
152,37
3512,25
229,25
264,265
138,88
1080,3
451,19
34,25
1140,37
3708,13
111,37
1187,44
1851,21
488,44
1229,345
3852,44
3195,19
4142,88
476,355
117,1225
3417,13
849,21
4084,5
910,564
2236,5
1398,25
2366,314
757,143
1442,85
2215,19
3322,5
365,124
244,1139
740,88
298,55
207,19
486,110
305,47
2624,21
2508,110
4734,3
1401,5
4701,852
1809,30
837,25
216,1517
967,240
2417,44
2472,519
951,1
1323,88
244,1775
1417,19
1236,177
3146,9
924,37
193,85
1077,25
2194,44
1785,88
386,724
3072,177
1114,30
1349,15
65,19
4851,3
32,196
672,37
374,7
1707,15
661,13
1768,15
1660,37
3129,177
451,1
1483,124
805,88
4696,25
3930,5
647,1317
3069,25
1244,25
2874,25
916,44
185,30
117,1845
242,25
4111,3
4725,3
1445,25
2529,7
2665,5
939,940
1399,1400
1864,5
2011,342
1685,25
4212,25
680,44
130,21
2313,9
2151,25
3733,3
2943,13
820,166
2694,177
3044,852
402,11
117,2386
2623,21
4771,5
2644,110
3220,25
2798,5
172,1595
820,85
837,11
534,37
517,19
2110,11
1453,177
4241,25
1990,88
2047,25
887,15
2653,25
139,47
213,44
1276,110
5033,5
3243,25
685,88
2187,5
652,653
372,373
246,44
266,1488
4173,5
3668,11
2194,177
472,25
2486,19
1029,25
1194,88
476,545
4716,11
1680,25
3273,5
2351,5
1996,85
451,15
1229,748
933,5
3983,3
5048,314
2153,9
3051,342
1958,25
2739,4355
4475,3
2539,11
16,1098
32,559
2468,5
2344,11
97,15
1309,342
1013,9
137,30
1722,177
638,446
1631,25
1371,5
767,30
1293,88
2980,15
324,177
4728,5
4781,5
733,11
56,25
1273,110
4318,4319
338,21
1920,3
2835,11
2289,5
328,3
1005,33
257,25
334,25
4426,25
3367,25
3974,3
2268,15
2783,342
3135,13
2197,5
1093,93
742,5
172,1461
140,577
4466,3
3505,11
2666,25
103,2052
3789,145
1629,44
3940,3
1140,15
2309,509
1328,177
499,639
212,88
4300,13
3225,37
529,1280
2857,3
306,37
1383,656
1455,7
4772,25
2118,44
3514,13
107,19
5000,314
1193,44
271,44
936,3
1489,19
1072,5
1381,5
717,44
97,25
1257,15
1186,21
3629,5
910,653
3975,25
393,2890
309,996
3197,3
1256,177
2313,37
1350,5
2323,124
3598,5
1323,37
309,2135
1644,25
1313,15
172,1567
2104,13
1427,3
1856,9
3746,5
571,1353
99,88
386,1319
4784,3
364,44
608,88
1467,25
117,2120
4106,19
1528,25
465,25
601,47
213,177
3407,5
1322,9
3145,110
1989,5
225,633
4260,5
1794,21
1372,9
858,387
3059,88
4559,11
2200,3
369,342
798,7
4337,177
2374,37
943,240
1032,13
788,25
610,9
2294,854
2240,25
4509,265
3524,5
154,35
231,2855
1992,21
2799,11
1118,177
164,88
2587,37
3639,13
26,25
673,88
2518,25
3851,5
939,3775
493,15
1051,25
2074,3
3305,3
2259,5
282,648
841,5
126,25
224,1
3089,5
939,1520
3274,11
527,3
604,1098
4214,5
951,73
1968,577
346,1832
3063,85
223,88
3253,5
4187,37
2443,88
2207,3
503,504
2728,314
1133,3019
1727,11
2626,19
2217,2625
4291,3
628,25
282,989
4008,11
1576,21
3551,177
1100,37
1690,5
1008,21
121,4097
2453,240
1416,124
1419,25
890,25
3920,44
2102,25
434,3
0,47
3691,5
2039,11
3488,88
60,73
4310,15
4331,150
3606,110
393,1098
1650,656
1649,85
212,124
4853,5
2559,25
1638,177
2715,73
734,25
403,11
244,1179
3953,5
121,1360
1392,73
907,2463
4745,21
2105,5
1564,9
3521,177
4822,5
329,9
3200,240
872,7
925,3
824,1942
1011,4970
2269,5
1175,25
459,177
2383,13
2627,25
190,35
338,88
872,150
602,35
307,1243
126,11
4015,11
737,102
1259,25
891,3
230,37
2889,25
2785,88
4375,5
695,37
1785,177
1417,85
1134,44
4594,19
625,44
454,150
4415,3
3303,11
2131,577
3216,13
1342,25
1934,381
1110,21
2972,25
1718,724
2762,3787
108,13
684,88
386,1719
2591,44
425,829
580,25
2210,25
212,19
802,15
1227,88
195,61
2432,3
91,124
879,15
3484,19
3235,25
6,7
84,85
2482,15
1223,44
360,11
3296,25
842,25
1656,15
2732,5
2054,25
403,25
1237,240
171,85
1314,5
3568,19
140,118
592,997
3747,3
791,177
2593,314
1293,15
907,2012
2518,37
1354,15
1907,47
623,232
1105,25
5023,3
499,1098
3272,240
499,500
79,240
49,5
4053,342
2346,13
1313,37
3645,44
393,414
1561,545
604,448
4619,15
851,4490
2569,19
129,30
220,473
1623,25
8,35
2066,15
475,13
337,44
1700,3
601,21
3081,25
156,2086
307,414
1446,37
1069,44
1767,85
1144,19
1201,124
4736,15
524,525
688,9
580,15
2156,25
2304,44
4220,2671
916,9
185,1
4290,44
1915,37
632,342
2553,3
3420,25
4776,5
2136,21
1666,177
272,37
2715,85
2239,5
2461,11
2597,25
2337,5
1796,25
697,15
3871,3
1031,150
1971,21
3861,25
3683,25
747,11
3612,11
3315,19
4231,13
3673,19
2751,15
1034,25
4107,3
1471,44
3217,21
2491,19
596,874
707,681
3294,5
3862,1725
4959,25
1634,88
602,7
1762,5
160,30
3945,25
716,3
1430,85
38,19
385,21
496,166
1074,3
830,15
225,342
3701,342
506,3
89,25
1959,88
2433,15
4848,25
4028,25
4669,5
231,745
367,25
3769,5
2794,13
2779,2035
2669,37
1207,3
1021,44
4870,25
2642,73
1565,3
4546,37
1626,19
3933,5
2153,44
2908,132
3056,5
380,11
0,25
4196,37
1140,85
91,88
1837,25
77,37
1898,25
1237,35
1038,44
2850,13
1459,25
3902,5
768,30
2587,124
185,124
3106,314
46,37
4370,25
1867,5
1136,9
638,745
4447,5
2042,37
4681,11
2094,15
2387,3
3750,88
3607,1563
3900,519
412,44
344,564
2323,85
382,44
4524,15
1219,13
3526,11
4220,2032
3510,314
2356,11
602,9
2232,25
1269,5
1145,15
1053,110
4737,11
136,5
28,19
393,442
2504,3
4412,177
2693,5
220,1291
4197,11
2569,15
2754,21
2510,25
2939,19
614,85
300,5
2635,314
2190,1
1026,35
1100,30
608,30
239,240
1201,15
833,21
1386,5
943,88
910,997
1062,166
845,240
2588,3
1473,37
4129,5
3131,5
1479,11
802,37
250,240
624,13
1837,11
737,738
171,30
1405,9
2233,7
1267,88
272,1
1753,15
137,19
1136,7
4262,5
1189,3
1020,88
533,559
309,1845
1547,11
312,7
3486,3
57,196
2094,25
3730,15
707,414
2869,3
4410,5
1907,25
4302,15
720,19
830,88
649,25
2687,11
2228,44
2356,25
4069,11
4710,11
1145,25
873,318
927,25
3000,44
3631,19
2147,5
1107,85
2369,3
1148,145
729,5
2692,177
4891,19
2680,25
2419,47
1272,3
165,25
220,2126
3091,13
890,240
1439,3
2230,21
16,593
2965,110
698,21
108,85
1007,13
592,394
3980,15
1966,240
427,9
1538,11
488,9
1156,44
677,15
1397,656
57,500
4020,5
1169,175
4515,5
1442,7
3295,11
1578,5
2198,4675
3653,11
2587,88
1568,19
1146,3
1753,25
4060,3
100,13
1665,37
767,25
1431,88
312,21
673,44
123,85
4670,3
972,88
1880,3
3200,37
2353,44
2813,1390
2083,3345
3834,44
3085,44
3857,19
3749,5
813,3
82,15
1664,25
3611,44
638,232
2308,25
2643,44
900,35
4109,19
1527,44
1936,19
2743,25
2873,567
529,335
1026,7
346,347
273,9
320,44
943,124
1406,124
4189,150
2519,110
2213,21
2820,3
1375,25
2452,37
1284,88
1007,19
2054,177
3434,3
1473,1
156,1317
427,7
563,9
1718,1719
2561,3
1392,479
1945,5
1053,3060
1824,44
1823,44
613,25
60,21
2833,1155
686,687
1442,25
1264,25
50,1461
2910,25
16,467
2233,35
39,3
1421,3
137,15
1136,35
2765,5
680,9
1125,15
4420,3
2458,145
79,9
1054,5
309,3403
962,37
1354,73
3412,25
385,44
2734,5
117,577
1202,5
709,19
32,17
749,124
3706,5
1373,44
2882,5
149,44
1181,15
2650,25
1973,19
2996,13
4537,11
3317,21
1521,124
604,414
786,25
4911,3
3614,21
625,7
2024,85
2059,1155
1453,37
2493,21
678,11
309,310
246,9
95,175
4516,25
140,414
1117,88
1150,177
1872,25
3209,5
954,44
152,30
1538,124
1261,3
1005,559
3320,5
3373,5
1140,30
1548,5
573,1
790,2791
1951,88
2941,3
980,5
282,234
4226,5
1045,13
1005,448
1230,11
292,7
4472,19
242,44
3342,5
650,7
2957,25
2520,656
329,30
147,3
1378,3
627,355
1431,15
4809,5
2115,177
101,738
1628,25
2651,3
1061,30
604,1317
983,1488
2087,15
626,25
1547,37
807,44
117,2710
4528,3
3396,3397
317,288
4100,25
1005,989
1708,240
3102,25
459,19
719,47
4828,5
2225,5
4336,37
585,15
1869,3
514,21
270,25
2090,19
3981,5
4362,25
2201,44
38,85
3160,3161
888,88
72,37
5019,3
4180,13
1838,11
863,11
900,7
115,73
4133,177
466,997
1996,25
1579,3
5052,73
165,47
2456,13
3454,19
2777,21
3074,5
1629,15
2797,426
377,73
819,30
3866,25
2105,656
2072,477
2435,3
1234,25
573,19
1237,124
3049,3
1055,5
1612,88
1153,5
2176,11
307,569
487,5
4964,25
624,85
53,37
185,85
1162,477
2735,5
1402,44
650,9
1870,37
272,73
2525,9
1217,145
1307,19
2330,9
4424,19
962,150
4798,19
767,35
626,11
510,88
555,13
311,25
1471,11
499,1151
616,13
3184,37
962,9
3790,5
123,15
1407,19
1580,25
2360,37
2966,5
3210,25
1984,44
1789,2721
991,150
1434,5
3287,21
1755,5
1133,361
139,25
4335,5
4433,5
117,1312
1181,19
2886,545
1919,5
672,13
1464,25
968,30
1718,3300
625,35
695,85
4597,5
4733,3
169,5
1201,240
1382,177
407,7
250,88
1443,15
1996,15
604,17
2605,110
3984,3
1308,9
409,423
172,2481
3812,25
1156,85
2036,5
3377,110
3802,19
1750,85
3731,21
919,25
3346,13
3531,11
4903,15
231,161
16,414
2361,19
511,177
2722,44
190,240
1813,44
3571,1
4943,5
140,1225
2893,21
90,44
2698,5
422,423
4202,11
1182,21
1529,177
305,1
490,15
2759,3268
878,44
592,1243
419,9
4181,5
848,15
1125,85
4896,5
777,5
905,88
3183,5
2338,519
1580,15
4578,19
4875,11
1765,5
4507,21
1524,355
371,177
4258,11
8,85
652,870
2336,44
4443,13
910,1280
3618,15
1803,559
2020,85
95,96
759,25
121,1693
2579,73
967,44
3176,11
4841,3
611,30
1090,33
3414,5
2059,55
1406,37
1208,44
1711,1712
236,73
1416,25
4625,5
4934,9
3491,3
1718,440
3627,5
3552,19
3849,3
802,30
3481,25
2766,13
533,414
1160,30
202,88
774,88
2457,577
4974,3
1889,2557
3667,11
4013,11
3463,110
4384,25
336,3
2009,88
1078,37
1068,11
315,9
2205,5
596,110
117,141
636,5
1263,88
1357,35
365,25
4022,5
1529,44
62,11
317,342
2353,21
2906,37
548,88
1306,44
309,2840
707,569
1262,19
432,9
324,15
2507,3
1620,11
1070,44
2079,25
624,2126
4520,5
1707,19
4163,25
594,44
3508,88
1935,3
1774,25
943,85
944,3
1080,5
3014,2339
3637,5
1416,7
2992,25
1382,44
886,1
427,44
1975,25
325,255
491,11
755,240
973,25
171,35
121,122
191,44
1445,21
2568,177
3949,21
4151,5
1685,21
3080,44
4289,110
2091,3
3929,25
439,9
1343,177
3251,5
1735,5
1041,25
1665,73
673,7
282,1130
2943,25
529,1243
1448,37
604,569
5020,19
2583,88
419,37
2748,25
1786,47
713,9
4268,5
2825,11
1380,25
3378,19
1256,7
3455,3
4244,110
2801,132
195,997
172,2664
253,177
1620,25
3196,11
1677,110
4,5
618,25
195,232
782,44
1831,19
4592,342
142,143
290,44
3088,19
3216,88
614,37
1882,25
2462,44
2823,13
2092,25
1660,150
2496,44
1905,25
87,44
566,11
1545,88
90,240
202,124
1526,35
4789,25
2867,124
2354,25
4589,3
524,1563
1445,7
309,797
1581,5
4876,5
828,15
2594,25
1186,15
3619,25
220,913
1550,5
244,245
443,88
4299,3
216,420
3462,25
609,9
555,85
1900,73
689,177
1856,47
456,44
1380,15
193,37
3921,3
1174,11
2399,85
3196,25
2073,3
4861,5
557,11
341,342
1322,19
273,30
1767,25
1507,21
115,15
957,44
2298,11
4334,110
231,1783
1676,47
1416,35
1844,35
923,21
1612,7
430,7
195,500
3551,15
1834,25
4907,3
1032,19
171,15
1445,9
2910,44
307,639
714,5
416,342
2638,177
470,25
3986,5
244,852
466,442
4741,25
16,1243
1853,13
2038,11
2606,852
298,1155
2759,564
624,4049
1665,85
375,5
1226,11
305,73
673,35
965,37
733,9
346,829
1621,1820
592,61
2363,25
939,288
595,88
1511,30
1205,5
4066,25
140,797
713,37
3632,25
4500,5
820,37
3429,477
2663,3
99,44
1131,11
628,4405
432,35
3243,9
4540,3
939,3968
317,110
601,35
195,196
655,656
2854,5
4014,11
4146,25
50,1360
3002,5
1140,9
4803,19
112,143
4988,13
632,288
6,47
1951,85
939,748
4593,19
3596,110
2142,21
3302,11
309,118
2072,113
498,145
1881,44
1402,9
156,463
450,44
929,73
3650,25
1766,47
238,55
792,255
828,19
1013,25
26,21
579,25
2903,37
3440,5
2654,3
638,564
1263,35
309,994
878,7
2802,11
1101,21
1541,1480
790,852
609,21
1930,5
385,35
3388,3
1687,9
1427,5
327,37
38,88
1255,11
1734,44
2575,37
924,25
547,88
2376,25
4177,19
1397,342
628,21
4095,5
705,110
2615,35
2692,150
1008,25
2345,5
4948,5
1927,1622
4702,44
890,21
3441,19
4048,5
2200,5
2509,5
2166,110
1844,7
266,724
377,47
430,35
2083,2084
1032,15
2071,25
610,7
1526,25
2549,15
2478,5
268,25
4448,13
3265,15
493,124
1803,33
4698,11
703,25
2701,19
579,7
1186,37
466,414
1668,11
2583,19
4677,5
555,30
1967,25
354,1247
4862,3
79,30
3419,25
723,1488
1236,21
1665,177
3777,5
604,335
1597,44
3102,30
2363,37
2238,25
277,7
28,37
1795,25
103,1167
1856,25
4251,15
1430,44
2470,124
1734,30
631,73
1292,5
8,9
4979,3
431,9
2123,88
57,572
1161,44
1825,21
1110,25
2575,88
2062,5
4590,19
108,25
1194,44
256,44
4553,5
2763,25
3515,124
1301,19
3852,21
57,1098
3555,5
202,37
755,9
370,25
1951,73
667,85
4408,5
252,21
842,21
57,33
610,25
1469,88
1035,88
1257,88
2846,25
1475,145
4572,5
910,764
1635,25
589,3
329,15
2512,3
443,19
2027,355
872,9
1478,25
3071,13
195,764
1540,44
2306,15
878,35
3602,11
5013,21
195,653
4174,19
965,11
2780,2781
3099,15
548,37
2541,25
385,15
1162,143
277,9
3642,5
2157,73
2818,5
820,15
1634,37
307,1098
3193,73
1141,19
1373,15
623,442
1295,30
4686,25
3036,73
231,711
3672,25
1322,88
897,5
386,876
1218,25
165,85
1808,25
3401,5
2686,25
2479,5
2615,7
601,9
3883,19
4156,5
1814,3
108,15
1875,19
4270,5
590,37
1490,15
1861,44
923,44
27,19
2033,21
638,1151
2051,829
4542,19
3558,44
370,11
2991,15
4186,25
1166,11
3534,5
3335,44
312,240
1324,25
1659,44
2954,25
2577,88
339,3
502,477
1702,88
1668,88
3450,25
1749,19
1075,124
562,25
999,44
4909,5
623,234
3911,5
3217,25
1648,25
3034,13
2346,11
224,47
4878,5
408,166
1990,1
3583,37
873,342
2889,9
2393,44
1687,35
1302,7
1090,1317
8,37
4683,44
4794,25
3111,73
4116,13
853,825
4523,5
623,569
1803,1317
1141,150
117,3222
4823,150
1110,37
2686,11
2958,44
798,177
1757,44
654,15
4573,13
2355,25
50,1567
3819,25
152,73
812,21
580,9
1170,25
765,19
2692,15
2213,44
570,35
987,25
1052,21
1605,25
630,9
499,569
1459,13
1352,113
3593,5
2803,11
1585,37
1200,5
1509,5
1806,37
46,25
1759,15
2522,9
167,145
1364,5
4437,11
4610,5
1537,11
562,11
1061,35
86,35
1118,44
362,37
2859,11
2873,2649
120,15
3402,25
820,124
1815,15
126,37
2024,240
459,44
3180,150
595,30
4493,11
193,88
2813,1319
2174,15
50,1839
508,509
57,1317
2144,110
346,448
1468,265
631,35
172,1502
2137,1
176,15
3350,11
3535,5
253,47
1892,30
3101,37
1201,19
2794,11
833,25
708,37
654,25
4264,11
1446,85
822,37
309,414
2773,5
2043,11
1110,166
266,1719
1889,3595
1133,255
1229,342
1713,9
4971,5
1927,2625
667,15
1718,1488
249,44
1399,4579
1395,3
292,88
258,88
4879,5
280,426
4755,11
2300,37
1260,21
1297,37
4138,11
3079,15
3979,5
1303,11
3433,3
1075,88
1846,9
4188,15
32,394
4117,5
3462,44
3573,177
3119,5
1049,2295
2057,7
1037,44
924,177
851,2791
50,1016
604,681
1934,1377
595,44
2443,21
3810,15
2889,37
5036,3
695,25
2693,3
1670,5
628,44
1842,44
1899,37
4080,265
4777,3
547,30
307,1317
1818,5
273,35
165,21
2419,35
957,25
523,25
1018,25
584,25
3498,5
604,196
3634,3
1396,88
592,414
684,44
4041,3
2043,25
596,318
2995,5
282,1832
4135,37
624,15
417,7
3556,738
2146,37
185,35
168,37
791,7
1932,355
4293,3
1649,19
1405,7
4775,21
4651,11
4576,25
244,2475
3507,15
100,25
322,15
3150,3
693,44
3004,19
4620,3
312,9
2165,25
439,30
2202,21
4990,15
816,479
3844,5
1078,177
1212,85
183,21
57,827
3713,124
612,3
358,37
1192,25
2731,177
2292,3
4271,25
2004,88
1198,19
2514,5
578,30
1600,37
625,25
1232,15
1470,25
495,5
1527,88
371,11
2554,15
1704,3
1298,150
3594,11
529,745
2982,93
4160,25
165,7
4345,19
708,25
1868,11
4689,44
91,9
755,1204
1180,5
4806,19
1807,88
688,37
909,25
1193,150
677,13
91,166
1784,15
3727,11
2182,25
168,19
1473,166
1328,21
2974,5
2672,19
231,232
4535,88
1045,88
5038,177
2678,25
1568,21
3875,3
292,124
4343,5
220,2333
4024,177
1537,240
1186,30
100,15
2283,3
4441,5
1482,15
214,19
2584,110
2641,3
436,9
2148,21
4127,3
1846,21
4517,73
195,674
32,1280
121,2865
3102,35
907,4104
2762,4615
2057,35
386,267
1343,37
1511,25
372,970
2117,25
1192,7
1501,3
3037,88
604,653
2949,124
1141,44
4711,342
2044,5
2650,21
3900,145
1647,88
2194,15
604,394
4858,3
1413,88
4787,5
220,3125
3468,5
1627,132
482,44
592,593
165,9
3286,25
4951,5
458,5
231,2124
172,173
893,21
2891,3
1190,21
215,9
91,7
1011,2946
755,44
95,567
3087,73
4991,3
4904,5
4525,3
1452,13
1803,2697
1095,25
101,2035
3168,44
873,874
1169,2649
4396,240
1766,44
1307,9
1011,1012
1199,15
3453,5
425,519
3989,25
2444,15
1136,37
3443,19
767,9
1357,25
312,37
555,35
3237,15
3133,110
571,355
844,3
3713,88
227,3
4633,5
1634,30
172,3910
3862,3109
129,37
4547,19
4207,37
3071,479
749,11
2362,85
3897,5
601,44
1443,21
125,44
1764,25
57,674
4257,11
1683,21
3990,3
91,21
2642,15
1234,37
2075,44
6,30
282,232
1166,44
1045,11
1874,85
4732,25
3657,25
185,73
60,37
939,874
524,852
406,25
466,674
529,234
1264,9
1445,44
1005,335
3500,25
3083,3
3154,5
1431,9
1270,19
1971,44
2222,15
2813,440
743,177
2515,3
912,13
510,44
1233,5
2148,9
848,37
1471,7
79,25
1221,326
317,318
1226,44
4012,19
2620,21
952,3
1212,15
4073,11
2181,85
459,21
3824,25
499,394
707,593
2534,15
1647,15
1259,44
32,33
585,13
1687,30
452,124
2583,240
3556,102
307,1151
699,21
992,25
2590,564
195,559
931,25
2161,19
2562,13
1336,88
95,2649
1141,177
4473,3
2184,37
404,110
1717,110
652,674
1514,5
246,25
1406,15
2673,9
1579,5
3759,355
1764,15
1504,19
4071,13
3009,15
1878,19
3562,47
1201,85
317,226
2099,3
1629,13
529,442
968,240
2506,3
1412,11
1965,11
2988,21
244,1911
2496,21
4112,5
3423,5
2048,88
1817,44
845,7
2025,177
1588,19
43,21
225,874
171,88
4390,5
1264,7
90,88
624,166
1193,13
2401,25
700,11
1489,124
4255,19
2222,25
1058,11
4316,3
4613,19
1614,44
305,21
2323,44
3540,5
183,44
3416,11
4788,15
170,35
962,7
4388,519
32,448
2484,25
571,143
3102,9
1934,2322
3948,25
3580,3
1879,9
443,240
4865,5
1792,11
1613,93
324,21
951,88
751,752
129,1
3472,11
1734,9
3364,9
1349,37
5029,5
672,15
4190,3
857,5
707,1280
2871,11
4031,5
364,19
3105,5
1895,30
1589,5
1828,85
3648,3
712,5
195,827
236,85
1507,44
4419,342
333,3
2392,5
212,30
50,401
2445,5
325,793
4982,265
1284,44
570,30
1619,25
533,394
990,5
1234,9
4665,3
3382,479
617,25
3238,5
