2447,342
1953,1360
2750,4854
2712,3972
3724,2463
1191,2032
3542,4584
705,3019
2921,2598
4023,243
45,940
390,745
3384,648
2062,4902
4345,519
683,1498
3958,2791
216,2135
3666,1353
783,2377
4399,4371
3023,5060
2431,3060
4432,653
4048,2386
3926,597
2741,1158
3503,1562
3415,3972
2961,477
4594,2245
2207,997
1873,1790
3662,2919
2789,559
1091,979
2306,2124
4450,1658
734,335
2007,2012
1526,827
3011,394
2491,4272
1669,1113
3313,2552
4350,2865
3137,870
4533,3045
3069,4920
2572,4223
4489,5
327,2120
2058,1353
2867,245
4086,3988
4191,3910
379,2167
3671,342
1731,545
845,3888
4895,3610
4528,1622
2969,3309
484,1964
3753,715
1827,3024
2765,489
609,1195
4637,997
2306,1562
480,219
4682,222
3422,163
757,2664
3540,3868
2327,1167
4014,4405
1683,3060
3887,1050
3293,2288
2210,3281
2266,1839
1457,3941
1212,1316
4988,3601
3639,401
1970,226
1559,4145
2708,2463
3046,764
3862,1712
202,4588
1791,1658
3247,4970
1332,3709
4376,35
1753,3841
918,2664
3694,387
1382,1179
3541,1319
2176,2199
838,3795
1780,1964
889,4452
4108,569
2054,2784
3542,4936
3751,2463
1514,3610
2619,1384
327,1003
2796,3165
2993,3341
4620,4353
213,3968
1215,4201
1877,4854
433,426
1283,1280
4631,2710
3033,4646
3998,567
3041,1839
3360,4049
4157,4855
4474,1835
4194,3842
3089,5008
3840,4296
2385,2706
2330,3125
1145,446
1326,639
2755,1942
530,4675
714,4490
1499,243
3214,4920
3551,442
2031,906
3038,11
3487,2710
2389,3262
3267,1247
590,288
3697,122
2965,4817
5072,748
2365,4294
4926,1179
2106,629
4477,3452
4842,906
2089,1167
2093,793
4752,414
1529,825
5042,2084
2406,1556
1081,384
3847,5
2638,373
4126,3268
3375,1006
4983,1179
4564,913
1381,477
2870,738
4761,17
3392,110
4292,4049
520,745
621,4294
302,629
1397,5008
2906,2288
3696,2439
1383,143
4202,1316
1131,446
4406,1942
1922,1003
5073,1
542,3165
2363,2078
2076,187
264,593
2905,21
3937,906
1154,996
1592,2815
1463,132
2501,1502
3052,2786
2921,4653
4440,2333
130,2664
3091,113
1762,3988
3259,1235
1005,3109
610,4929
5013,648
4703,2134
2996,2055
4266,827
1537,1775
3541,17
1032,3621
886,384
1146,2035
1762,2055
3190,2132
1958,1480
4648,4353
1109,2614
3306,243
2185,361
562,2697
1150,2078
321,3687
3513,3599
2025,2648
3948,2199
1989,3005
636,4294
3625,2124
474,3381
4333,397
858,1155
4767,1210
3623,3090
275,3161
1930,2907
3778,1563
2620,979
2363,1280
3214,3729
983,4319
1641,2831
3126,347
1445,3121
1532,874
1296,104
4465,639
3537,994
1905,2946
1131,4353
2072,1602
1440,221
2651,1942
3866,143
5034,479
991,4902
2504,825
3512,3592
1093,2598
1475,2167
422,545
4238,711
1322,3795
4481,2084
4994,653
270,597
3978,314
4754,3103
2455,2907
4183,2573
3987,2420
2881,30
1290,3222
1251,868
3774,1964
1464,3805
4361,5057
416,1167
4193,55
3098,1149
4198,1098
537,921
2529,420
1144,175
1571,2942
4658,3805
3055,2697
3350,3595
2817,477
1389,265
2348,559
1365,1556
881,4615
2686,643
3811,234
893,639
3566,569
4086,1050
296,2377
136,4201
2437,3311
3925,1866
3073,1769
3526,219
4335,1939
2725,738
3091,2206
2303,970
1762,71
4691,255
2053,37
1585,860
4457,3215
3802,756
2805,4092
4194,4565
1031,2086
2298,572
689,161
3459,1225
3368,2578
3486,3972
4711,1195
988,2439
4941,4201
2571,569
3067,118
4636,4371
5037,3968
2766,318
2741,3387
4623,2420
3087,2206
2003,177
3748,3300
1091,1247
3531,1210
4205,2195
4360,656
2365,2938
1522,2135
1174,2740
563,1139
3132,752
1551,4405
2300,2377
1680,5058
2861,1552
5007,3905
418,234
4617,5008
3694,122
553,3601
560,15
3208,3729
1868,2781
1958,2907
3540,4452
1758,3687
287,394
4321,994
3442,2167
3178,11
812,2625
4700,1712
747,2178
1954,702
3861,1506
4572,35
1431,4674
2728,1012
586,504
1102,122
2072,226
1102,2740
2583,3687
726,1248
4154,1113
2208,994
768,1622
4667,150
2312,4600
3106,4646
337,2120
4756,4355
3750,3805
2704,4223
2696,1761
3678,2068
3746,3595
3810,1130
2780,1845
1190,2786
4200,4296
1067,143
1570,1360
338,3
3594,1360
2803,401
3454,2134
3563,3005
2384,3841
2510,219
4453,2831
3820,2852
3166,752
1756,1006
2998,3206
4150,221
1099,3381
4119,504
935,1353
991,93
830,1999
2422,248
562,559
1765,4145
4853,2497
2344,318
133,3252
1572,4314
864,3103
411,1602
3917,756
4440,3165
4682,2890
4073,2786
2133,2459
458,3309
4999,3879
2813,85
2536,255
4814,1517
1281,3525
4506,4936
3993,3387
425,3103
2260,2578
2187,2386
4366,1890
5001,2598
2002,1461
4861,1360
558,797
4181,2648
1688,2078
3317,2196
935,4469
717,4738
2191,994
812,3884
606,2333
3333,4371
4275,738
2267,3025
731,3972
3018,3841
2023,4817
4367,2084
2461,3972
1403,3868
4019,1195
1840,3206
3250,3968
470,4674
2277,874
3742,4565
2427,85
692,3125
3555,2199
2246,3841
4300,1222
78,4600
2148,2989
700,994
3273,868
2000,177
4680,2339
23,2064
1831,2840
1980,2614
2893,2288
3278,748
2121,1488
1065,1661
3952,3445
2112,2245
2733,51
3500,1520
4100,4738
511,2463
959,545
3754,1567
4996,764
2762,2481
422,639
2945,2578
2833,2008
379,3268
1170,51
2947,1222
1955,3709
2251,335
2324,15
2732,124
4142,55
755,11
4375,326
2293,1556
1794,764
1888,3215
3205,3403
3033,1119
4430,1476
2361,876
3585,3215
4513,2322
2647,2196
2473,874
3100,2671
202,3096
2490,4817
4335,3621
2601,102
4994,2769
4985,874
3196,1317
4486,1769
441,3787
2073,4049
3757,4877
1767,2124
3938,318
1187,1012
370,5060
4139,1661
3022,577
2825,145
3029,1835
4291,1658
325,3842
1367,1113
755,4469
3258,2907
2043,2126
284,5008
1681,1
2632,756
945,85
3980,797
2346,1280
393,4920
3563,3599
1710,738
2608,2481
4794,21
211,764
4279,479
1373,446
4422,4092
228,3090
3312,4579
4186,1119
3449,4097
1830,310
4979,3968
1532,4371
4054,222
2331,2784
4346,3599
3169,4405
773,671
4126,1135
1551,504
5036,3968
4922,288
4354,1866
329,221
1325,1139
4214,5057
1920,387
2689,161
2444,854
3834,687
1475,4527
1433,1520
3838,1135
538,314
294,262
3705,4831
2490,3254
2736,1832
1260,51
3260,559
942,3610
300,3121
4786,1769
1417,2084
1782,710
4875,2578
1728,3165
3877,648
3617,4319
4009,1280
2983,1845
4067,908
2985,564
714,426
2878,265
3502,711
4983,1832
3399,921
4363,1533
610,2135
2060,996
323,3868
1297,345
2356,51
3516,1179
4982,860
70,401
1527,3341
3930,3599
4020,397
4321,3254
4369,9
2632,738
2461,2068
2011,2386
4217,1113
4019,1595
1094,4640
400,572
3654,724
4677,793
4076,996
1035,1556
2252,3345
4094,1567
4553,1151
4893,1622
2262,1820
1339,3403
3613,1135
1750,4490
2158,2339
2251,13
1512,2840
499,797
4166,11
2360,4646
2474,2064
4168,748
4499,3460
1889,996
1096,2815
3631,1761
1099,1562
3752,2578
3951,2322
1345,4092
3712,361
14,4674
2028,489
2474,4738
4598,4355
1532,2898
3685,1130
469,442
4373,1658
2129,61
3507,1050
759,1693
2973,1866
3618,3201
2712,4527
320,876
1311,908
3629,829
4053,913
2714,752
1968,1235
2825,979
3158,255
3468,643
3056,489
1670,860
4360,3795
3291,145
736,3109
1093,463
2743,2938
2652,1595
4722,1119
2312,4646
4577,1312
4594,1384
737,21
3858,387
4435,3452
4241,829
3189,509
5017,1964
1869,1243
3238,2979
471,1006
679,3103
2467,4400
1091,1127
2328,2358
2263,504
707,1390
447,2987
3471,2786
808,1719
3558,797
4864,2196
2361,3096
3155,3045
4946,1520
3885,764
4449,166
2763,1595
4681,3941
1105,1488
1692,1562
148,3345
1056,764
46,2012
3937,4749
3139,2101
2933,2206
3471,860
3899,145
765,3405
1464,940
659,1312
1759,345
3778,248
4618,1911
80,3341
2261,3345
4655,1050
1787,3222
3359,11
1329,262
4996,2086
4360,4738
1077,3452
4383,4400
2571,2557
2002,1149
976,1839
1904,1113
1439,564
4913,4731
2224,3045
4040,55
1803,3525
1007,2068
202,2055
1886,118
2737,4469
2299,3345
130,3109
3583,2012
4352,854
449,85
1672,653
1274,5057
3335,1243
1615,4929
1469,2475
4858,4831
3456,870
5010,1149
1018,3601
1974,2086
1982,825
4752,2840
717,597
2525,1317
4733,3387
4293,1480
1309,177
2422,825
4975,504
4467,1533
3938,3103
2624,525
1047,1225
2662,163
1058,738
2486,3019
483,1712
3151,37
266,3222
4701,3025
2205,2055
4945,4646
4716,161
3490,1939
4605,446
2155,2784
1870,748
4910,1
3040,262
4103,2865
3870,3268
1018,1939
1421,394
1413,4296
1442,1009
604,996
4768,1839
3061,187
4523,414
1589,1761
1752,1488
787,3300
3501,4539
2340,2938
4798,1009
5072,373
2818,1964
4576,394
4098,4600
3619,3300
883,2942
3531,1488
2749,4145
483,226
531,3592
1344,4469
630,4920
1392,906
4261,255
1950,4469
3797,33
3196,310
2751,47
4240,2178
603,4749
2555,222
3793,940
3527,3222
3479,941
589,597
2071,1586
53,1235
1220,1319
1355,3262
635,85
253,2420
1368,2064
2850,2475
4410,1225
1484,88
1399,2371
1214,177
3788,2052
5025,262
2170,874
649,255
3328,318
4013,1835
4562,355
1201,2377
4516,4371
2954,874
5059,35
350,3
1683,913
858,3062
2931,994
2945,1939
3944,93
2486,745
1467,222
2755,2086
1088,745
5077,715
171,1113
3792,17
834,2195
1613,2989
2506,996
4689,1225
4509,2942
4922,4854
512,4877
539,908
476,2664
4649,989
2373,3968
2802,648
839,1003
2327,2573
2253,234
2776,2815
3342,1098
424,4929
1045,1377
2577,2784
3834,854
2833,2942
4158,232
4623,102
2531,361
3800,2840
1233,2649
1815,3610
2316,221
1015,3687
4932,1130
790,55
474,1179
2311,748
1612,710
4933,4600
4224,3729
4510,4817
1129,5008
4519,702
5043,3222
591,9
4148,1586
1645,756
170,381
3253,44
2733,2815
4190,941
972,4104
4180,4685
3114,3592
2406,47
4443,118
431,118
1362,1964
3862,2740
1636,1127
3612,4855
4546,373
697,3884
435,4920
4012,3762
1811,2573
411,4674
2615,1317
2703,1111
1938,2552
4756,3775
4697,1939
554,825
1978,4223
3982,2625
2870,11
4681,2439
2376,4579
4028,1712
3474,143
2978,104
1962,2598
379,243
2780,2120
3273,3165
2525,33
2915,1567
3218,2012
4390,4877
5078,1222
3662,1783
1670,2288
209,2052
2651,2781
1921,161
253,913
3536,1003
4441,4272
777,3675
1745,1999
5015,633
362,232
2235,2648
3638,876
885,3610
1449,4201
1019,1222
1532,3
2981,633
2602,756
1737,4049
4458,3201
4951,326
481,545
3200,55
2228,2032
2580,2573
5014,2740
4886,633
459,3868
4419,3252
199,2439
3027,1006
1751,1155
3110,921
1869,3762
918,4294
1869,414
362,1783
2927,2035
4411,4314
2592,1280
3040,4469
1324,4640
1929,4738
3829,118
4338,997
4392,11
2468,1009
4721,4831
4748,1586
3306,827
4233,4049
4285,4600
3049,132
1807,9
1492,710
2962,3445
3173,2199
907,1400
3241,1016
2680,3090
795,15
3256,219
1044,2068
1807,1866
2014,854
544,1127
1521,597
1739,3584
2626,569
4040,401
3546,1360
1046,4970
1292,764
4220,1113
2975,970
3607,519
487,2740
2657,569
3207,15
4901,4400
4638,355
733,1556
1844,702
1591,387
3899,423
4280,163
2464,3525
3080,797
1742,21
2617,2671
4167,3345
4548,1312
2066,2134
4911,4653
3261,3805
4554,145
2193,1312
780,4920
4199,467
2187,1050
1273,13
775,2035
1749,4145
410,3341
4745,2035
3537,1552
1156,446
3002,569
1154,1316
333,2497
1450,1317
1588,473
254,2784
4471,2481
2631,876
2299,143
389,1009
4704,4646
4485,345
2456,226
4870,4877
2130,1845
4993,286
4847,1391
468,1911
2100,2199
1639,1167
3269,3045
3435,671
630,177
522,262
444,118
2450,4049
4852,2206
2416,2625
3627,3675
1513,3345
845,1502
915,2721
1418,2012
3713,1556
3469,4653
3591,3599
1635,397
1992,3905
1224,4405
1912,1498
3178,2840
3240,1725
3970,489
3959,4049
2978,255
4590,2942
679,4859
3475,3729
4394,345
609,1135
3303,467
2297,1761
4313,175
4835,3460
1614,93
2110,4653
4976,2919
1729,355
2235,1
2041,177
573,1353
3567,671
1975,738
2070,711
1257,3121
1549,9
1522,4097
4726,3161
2233,913
2550,4920
1510,4936
918,2358
2641,1312
78,1319
1936,1725
1843,1563
126,3281
2444,3787
4278,2086
2191,1316
607,96
2894,1693
131,1391
3049,96
2442,996
1239,639
3102,4565
2436,4584
4315,1461
3179,3062
2568,1428
973,113
4382,593
2182,994
3036,4724
94,2288
1218,310
3777,2055
1264,3060
1596,825
1120,226
4059,3005
3894,2068
4693,1839
3178,3300
1747,2195
5007,25
945,267
3366,3125
796,3125
1523,994
465,4355
2095,2919
3253,1195
2976,1353
4061,442
3887,1964
544,3125
697,113
4220,2475
1269,187
3293,3090
2595,414
464,764
2673,2068
4027,3281
2360,55
3860,3621
2587,648
4839,764
4434,3019
4030,4920
4880,423
1728,3452
3130,1016
4033,2371
246,1783
1138,2371
1385,5058
182,1009
4603,1517
2545,2178
2471,2206
2600,326
4605,3311
2011,3452
4066,2459
4763,73
1588,2064
3925,1390
2550,2420
1379,3842
1670,4615
1160,2786
2685,381
57,2865
1570,2035
2743,93
894,1719
1169,2420
4130,4097
3470,4646
202,1135
3725,177
625,1942
3317,3879
1185,2068
4322,519
1175,997
1896,994
4382,3381
3780,2245
4238,1939
4459,674
386,1845
3353,2439
601,314
4029,908
432,1845
3816,989
2914,1167
4001,829
3874,3621
2113,1428
2555,1149
3664,145
4089,996
2503,545
1780,387
1853,467
3393,941
2679,648
2939,1235
478,1725
4476,648
341,4104
2057,1661
2079,854
5013,1119
4818,5008
510,3805
960,940
4944,852
2158,35
3489,3103
3267,2649
136,141
692,3096
2047,868
2429,724
2367,5008
605,21
662,196
212,4490
4328,318
2024,797
3921,1911
3294,2035
4155,643
965,381
3213,2497
2605,1964
2790,3090
404,163
422,4885
2873,1248
2180,876
1256,2557
1049,1377
336,2068
3409,4400
253,3941
985,2697
3270,5060
5069,33
4796,2769
3486,2101
4454,3841
3411,3025
1672,4223
1819,4749
741,440
3909,2648
4636,3125
144,1050
2873,1474
1086,1316
1412,479
700,1127
4903,4936
4758,4319
3470,11
2661,2697
3074,870
3310,2078
4878,2055
1836,2706
133,1113
1583,2333
1640,3005
3825,3
953,3675
917,2852
81,310
2262,4885
4705,4405
3251,9
2610,387
2885,913
1191,3387
3464,3254
2867,2084
3421,639
2711,387
4532,4970
3229,1474
1891,2035
4240,1839
3417,564
303,3045
2686,583
1460,1006
3158,4405
4687,145
2283,326
27,572
1443,1602
3442,161
924,2648
2403,2339
4464,860
4462,827
413,908
3143,4272
4869,1845
2718,3077
220,1280
3193,994
4129,318
434,4097
1792,150
2303,2475
924,2942
4641,347
1522,1243
4362,710
2127,3201
4113,994
1648,373
376,3905
2518,3452
4466,104
2632,3387
3755,2649
3358,1400
1323,653
2532,1098
558,1820
18,3254
4412,5060
2661,4817
2577,3019
1022,477
2021,1939
48,4731
3330,4685
334,1327
3466,3675
3730,764
4035,463
1659,1783
3676,3121
1855,2898
5043,1552
4383,19
69,979
1991,2852
4100,941
2549,4201
776,4371
4829,2721
1644,5060
1858,569
4153,4738
4217,3445
242,245
2348,970
2257,1179
533,4749
1363,1761
1791,545
4754,414
1706,267
4709,752
3626,3601
1085,222
1168,4201
2661,940
610,318
3449,1400
1673,1832
3642,73
598,1139
3829,1225
2119,3888
4704,2890
4033,2012
2287,420
2271,245
2635,1476
1099,639
5020,745
4954,2979
3303,1127
1209,4685
1854,3025
424,1693
2416,4282
4530,51
4807,1119
3558,2552
1647,196
672,73
1005,1567
4151,3405
4262,1360
1495,2439
5034,477
1912,361
438,756
2717,797
1147,110
1073,489
3498,876
2943,2769
1686,2035
1784,163
1456,3968
4133,2084
2016,1248
1600,373
3892,85
4491,1820
2668,467
1440,2288
3344,4314
3522,1506
644,724
664,1563
1178,681
1493,394
3867,3077
3132,288
2421,4145
4969,1113
953,681
369,232
3605,85
2406,93
1231,4569
3918,132
322,318
159,913
4507,1319
1415,3262
1852,3687
735,4565
2273,5057
340,1562
4898,2781
4381,2919
4767,3300
405,1942
317,2358
3111,3300
2754,4877
2229,414
2742,2791
1720,3405
4302,687
3342,226
2561,1151
2709,21
3895,4817
181,150
1471,3397
1726,4854
3037,4854
4777,286
3874,4588
538,4970
4396,860
4431,1135
1699,1167
4463,2552
3366,1832
965,2245
1651,3206
379,3096
1628,1725
1875,5008
3537,414
4736,3884
4057,13
147,2614
4267,3096
136,1009
4611,1210
2088,2598
4357,1602
3208,1317
4192,994
3819,2245
3244,4877
2998,2938
917,4674
466,59
2595,1835
3056,567
3865,2989
2996,4294
4253,440
263,852
1548,4405
5016,5008
2932,2497
1275,979
2317,1179
2760,1480
2518,2086
1824,2078
406,3201
2217,2649
2053,3165
408,1866
691,3805
83,2288
3569,3005
3001,639
2640,355
3411,196
4415,122
5002,2831
43,1248
4139,5057
4965,4282
4391,3729
3026,4223
2875,681
1239,3096
4563,1790
2605,150
4362,639
1857,1461
2115,1890
920,104
4951,1151
2238,1845
2996,479
2857,2371
4520,3787
3318,1520
2496,4817
2821,724
2090,3060
4437,240
259,221
894,5060
2695,4296
4340,1517
2743,1235
2589,2055
1255,3968
312,71
3637,3201
2701,15
880,3805
309,4104
48,577
2637,913
1171,463
1041,1506
430,1135
2393,314
4276,2706
4807,232
3430,2064
3312,113
4071,4355
2147,4674
4889,17
144,671
3572,387
375,2865
1741,1400
1328,2339
2398,1602
2160,4854
2031,2781
3511,288
2264,440
1612,401
1972,572
4176,2831
3115,1327
3649,1149
4297,3096
3534,745
2525,559
4079,4400
2900,2865
3235,2126
3526,1353
1990,1222
2058,4685
2370,2942
2267,1964
1174,37
2529,1327
3730,2791
4378,1832
1242,4584
1660,500
1767,222
566,4104
4133,4569
3321,3599
561,1520
1537,4469
1417,3675
2644,633
1637,1130
418,2035
4236,187
4449,4877
837,2898
3865,825
2031,764
843,347
117,3024
697,1775
224,489
1749,3729
783,3215
2415,4527
534,4355
4254,4314
4887,1119
1114,3252
2570,1130
4544,1327
3769,2648
1489,4355
2243,1820
611,3675
2538,401
4459,3868
973,3675
4207,4097
3478,4201
3133,143
2017,318
1669,477
4241,4527
202,3403
3767,1520
3940,3972
2160,1783
2975,3884
2298,4104
1266,71
4609,3795
1214,3397
4222,1502
4848,921
360,2064
4689,997
676,860
4556,724
1874,387
4737,4579
2058,2987
3597,226
5005,1391
2001,3403
2426,9
4352,145
2075,4490
1073,4355
3324,4929
3576,33
2711,2552
2704,326
390,1127
3647,71
2931,989
3035,2648
1356,314
1123,1
212,5057
1749,1111
771,500
1418,2195
315,906
877,3090
4336,442
714,2740
5050,3888
5016,854
293,1693
1486,1384
2661,163
4349,2086
2877,3762
2715,4600
3241,245
1796,3215
2211,564
3042,970
2367,3345
2453,1769
1503,1517
5002,2196
4631,525
1756,1113
142,1149
3712,4855
4467,104
2808,477
4682,2769
3301,2598
4873,3222
321,132
1114,3403
4504,13
4510,3621
1475,1562
3783,3165
2053,3005
395,2598
2903,825
2082,423
432,3206
2928,997
3664,3103
3359,2084
3122,1167
4218,118
2222,525
2141,3201
4961,1384
2462,426
2304,2288
2268,2721
2482,326
3668,232
856,2625
3499,2721
2900,4584
3431,1942
2490,51
4604,2598
4701,2288
3808,2199
1258,868
323,2339
48,479
1095,3675
227,2890
2375,166
1200,2295
1884,4104
1033,906
259,9
4912,3381
2343,3888
743,401
3499,3125
3665,1719
2041,4584
2269,2052
1420,3222
3713,2101
3467,17
1967,738
3290,314
3459,2167
4686,2124
4311,1377
4511,245
1052,1964
4755,1
3336,3941
3167,1247
5038,4584
2257,4936
650,2791
1007,308
3730,3215
3785,1238
3249,2078
1022,3403
4212,3709
1666,941
4647,2288
4303,1480
63,3842
1743,681
2474,1783
1214,519
4025,2134
20,401
838,989
4006,3403
985,1317
125,756
2669,3268
4735,2288
1747,1563
4070,2078
1746,3024
4632,1517
84,1353
1831,3121
1610,1719
4667,2178
1239,3341
4985,361
2079,4831
2111,2890
4244,4749
4665,2557
2545,335
4722,4929
3046,71
5042,1098
2450,3842
3054,2942
4140,3341
2250,1158
14,1319
5047,2135
2043,3024
1445,3452
3883,2855
4792,4371
1197,1719
610,1139
2851,4854
3323,110
3487,51
4719,96
4649,854
2302,2781
4102,1556
2033,1155
3453,4674
1780,870
1837,19
4961,4970
2988,234
4826,102
1659,2979
3372,4579
2265,1783
2909,2086
776,314
1816,2078
946,118
3993,2463
2125,1167
1728,1400
4896,3762
2968,3460
3926,3795
5009,629
4555,21
3111,3345
3462,401
2272,1474
1547,19
1472,1
918,1719
2099,1725
1132,1517
465,3005
4195,2573
4367,3968
2927,1119
1367,4674
4486,446
1581,2012
2329,3968
225,265
4864,874
3202,335
3900,908
2372,1012
3712,4674
2515,4104
4729,394
3430,3805
3430,2475
4496,355
86,2769
5029,71
1797,3879
2765,3460
635,2989
3833,2840
1026,2942
3136,102
614,1009
1920,3062
4521,1595
3071,1384
3433,1327
376,4731
3744,3090
3848,2132
1610,175
2640,2907
1531,1130
2582,2578
3402,2132
4512,3005
2021,509
275,308
3912,3599
1532,420
1979,2459
2292,4579
4114,2831
4981,1
4560,381
4545,463
826,3103
4250,3595
3936,426
4959,308
2505,2898
3977,1400
4739,3387
3290,3161
3752,3972
2732,1135
1430,2946
4874,2078
4003,44
611,876
3904,397
4745,1225
3589,4083
2969,384
1640,509
2162,1820
4836,4738
395,2706
160,2557
1946,827
354,3795
2209,4855
3913,648
3536,4584
2349,47
2964,3262
1625,504
4054,4371
2636,3077
4974,2497
140,868
3389,2625
2595,4083
117,4272
4285,88
2281,4223
4369,1139
763,1012
343,2288
4297,2420
1318,326
2787,874
2279,4653
2714,150
1472,940
1843,335
3260,2625
2212,629
1708,567
3555,145
402,545
637,4294
137,724
374,3121
69,423
1347,4724
3437,3525
3605,4584
3980,5
1249,2035
2636,2333
4537,2664
1613,639
1278,3096
352,4674
2738,4855
3146,4296
2776,2898
4060,2032
3896,17
4190,509
2506,1775
2054,1719
4899,3795
3890,489
4716,1225
880,3762
4730,4569
2536,420
172,2196
4756,3222
3122,1506
4658,994
3835,245
4619,1474
1969,3595
171,2786
1270,1942
4711,3762
4143,3968
1778,2055
4940,420
5004,4145
39,4223
250,593
2024,2459
1161,345
1697,3201
1507,3621
3982,2481
1447,4565
3647,2919
3080,577
162,318
3197,876
4621,2322
4815,2322
1947,4104
2529,4970
817,122
4048,2578
673,2132
336,3884
609,504
4148,2199
4526,479
3908,2086
1875,3795
3016,448
305,3787
1636,1902
4589,3675
2686,2614
3166,2134
378,1247
1876,681
1605,187
4415,2339
2183,1238
237,4831
3278,2167
4796,1222
3256,970
527,4049
4705,639
3026,4490
1698,4294
2138,2459
4610,4646
3501,88
4386,4083
2002,1327
4053,2625
4932,3762
2903,4223
4523,3868
757,3254
2382,2552
2213,2740
4482,163
4992,4970
549,96
3737,4584
4711,2664
1035,51
5033,1280
66,326
5031,143
1545,1556
4793,3621
3180,2919
1593,4371
1344,2035
3699,4282
2513,1155
1258,347
4095,4405
1807,3888
3780,1280
3006,827
3135,3762
952,4817
1107,4615
5022,4724
4611,2132
412,1832
2387,2786
4093,876
3933,2295
4916,745
1931,1461
1717,326
278,811
2234,4749
3168,509
4137,44
2963,85
3002,335
4213,345
3391,61
3139,44
2703,4600
700,3888
3250,3311
1968,3262
3306,519
1100,4083
4978,583
60,4674
3293,2721
5009,4355
2923,2167
4711,639
2693,85
279,5057
2234,2032
4448,4584
3253,941
168,1658
4154,1586
1535,1353
2091,1384
4480,4685
2787,3019
685,1712
4863,401
2830,1
377,1243
3509,2064
1336,940
4432,1999
4299,2386
1310,2840
3882,113
4247,2865
627,5008
209,1866
3333,3595
3050,2064
4269,219
3249,3096
4398,3841
1411,2697
3859,163
4998,4653
3917,979
1118,3972
2925,3381
1545,876
4158,59
1141,1775
1673,1179
1860,19
3750,11
1224,245
4703,687
4705,3268
2060,2648
4372,267
4298,2552
4374,745
4491,2625
202,1563
2039,559
772,643
1671,2987
4701,868
4239,335
2410,226
886,4738
2582,226
4697,1119
2362,1783
902,1377
74,2195
2592,1586
3568,347
2540,3268
902,1520
4746,4104
2748,3460
1262,222
3563,4223
1607,4294
1129,4469
2495,3941
4629,4855
364,25
2325,93
2953,234
4755,1327
2984,4371
366,2721
98,173
1777,1113
1643,2339
2544,2614
3699,355
281,2101
1598,1113
3136,477
2892,489
919,2898
4916,908
3458,1480
4572,1098
4465,414
2582,1712
1059,2475
3656,1939
1607,2064
3470,35
4024,1
3086,1556
3907,4314
735,4223
393,3879
4266,1474
4882,4640
1313,3096
4797,2012
981,2068
1008,656
4533,4731
3217,1130
638,4355
3638,1498
1031,2648
4843,1820
1507,4885
1460,394
2801,643
3810,2371
1703,1360
3267,1158
4342,262
4804,639
1825,1790
1058,7
579,248
781,876
1432,2032
4597,1506
3624,2890
3617,2084
1627,423
2516,583
2668,196
56,4920
3203,2439
3539,1461
3489,994
4986,2648
4927,3879
834,73
2873,243
2709,1783
2548,2475
195,4201
2236,3841
1053,2008
1940,2578
1478,335
2887,648
2164,4817
3243,102
4422,4083
2059,3687
4944,4223
930,4223
469,3842
2540,3910
1722,572
2906,2946
3155,1167
4566,3687
1881,3841
2496,2852
831,2132
4471,2573
4664,597
618,479
549,1247
3995,1761
1396,1400
1234,1391
2864,61
4954,124
4330,1964
3230,2358
2574,1400
4649,906
4847,1003
4939,1658
2240,4970
2691,1488
4042,3165
3306,2557
1416,1563
3750,2288
170,255
455,2371
4911,3254
732,3121
3187,166
3053,440
2565,940
1080,2064
1073,3775
2400,3888
1092,921
3348,1235
1494,797
2886,118
1279,3445
875,1139
610,656
3475,4319
290,1693
1270,3096
224,1327
1146,1050
4011,3868
2763,1312
689,3381
2004,51
348,3968
3911,145
2688,1693
3151,2064
2522,559
2504,1400
4072,173
1929,738
1401,997
331,255
3532,4282
3858,1476
3832,387
3409,876
4876,1488
2145,519
1507,1127
4110,2946
3471,1712
3406,4584
678,2831
4146,1719
907,401
2757,4145
3484,1111
4661,2199
3084,3941
3912,2942
2916,2295
4028,1556
271,3206
3562,15
4819,1111
2599,1384
4820,1488
4663,2084
2327,51
3128,1790
4492,1327
4763,4731
3566,420
1019,687
568,2907
733,267
82,4314
4562,61
3199,1400
3176,4092
3343,420
2908,467
2765,1248
3317,1939
812,3841
4955,1845
2220,941
411,870
1296,764
3794,7
4830,1661
2357,196
120,3405
4093,3215
252,4646
3406,2358
2912,756
2966,59
4284,752
3174,764
203,73
341,4738
3574,3024
140,2322
3051,1243
2892,93
1600,222
4836,674
932,1502
3218,2497
532,2288
2327,1502
4903,1248
134,648
4144,4223
1349,1195
4564,5058
2842,1769
2259,2245
368,118
1660,47
1697,19
3915,724
2844,15
4048,51
1538,1317
4251,1204
4183,177
1378,4565
616,1461
2031,545
2611,4600
1217,989
3967,355
133,860
2153,166
2161,3281
4884,913
4572,979
1777,47
4135,387
1714,1461
180,2907
4357,1769
4129,3610
215,4584
3681,463
3331,1480
2623,4854
4798,970
2289,1113
2668,4970
4279,4646
3288,1003
4782,1911
3951,1498
1278,1658
1183,1384
3132,286
1497,1009
235,1790
4150,2459
1351,2086
2896,104
1571,2475
2666,2898
3523,21
4937,1693
4026,1098
4837,2134
3169,3709
3305,4223
2981,1719
2394,2035
225,5057
1941,1009
3726,3121
244,1783
3307,113
1518,3795
1665,1179
663,4584
883,2008
534,1316
1051,1488
1253,2740
898,310
3145,255
2338,145
344,1204
4897,3161
2811,1400
1100,2598
1388,3762
1233,1783
1582,1204
2205,2052
4953,1820
3373,3968
1031,2946
2000,3281
4289,4600
2406,1353
3858,4675
3492,2086
1739,913
436,994
3586,2664
3234,2101
4308,1012
5055,2769
2901,446
1854,2710
744,1533
987,2475
2083,467
4994,35
3539,564
273,1391
914,2295
621,4353
918,387
1049,4145
924,1552
1898,5008
4329,4565
217,870
2615,2135
4730,738
2006,2195
1182,2481
2091,3201
4379,874
903,1360
2238,234
2338,2178
3449,4738
2868,1999
3921,347
4725,1235
1922,1498
3351,868
770,61
1396,1783
1882,2068
480,1391
2845,51
3676,1149
4215,4104
3812,1783
2141,908
677,500
1468,187
3852,2032
128,1567
1265,2865
4426,3941
1097,2625
2496,2126
1237,381
3242,219
1773,2333
3427,2035
272,1517
4903,4104
935,648
662,2068
4473,2333
26,504
1229,4353
3129,2463
1704,3019
2906,3222
4034,222
3467,221
1451,448
3151,2791
3701,2322
2062,2199
900,3005
3174,1316
3907,1167
4508,196
4750,639
2597,71
2970,4579
3572,829
511,1563
2469,724
382,145
2184,2206
2221,2055
3761,4400
2092,2135
4845,852
5069,2890
4797,3397
3369,7
1020,4083
1209,874
2323,9
1432,797
1289,3252
4582,3709
4359,940
1182,1225
2143,793
2127,2938
3020,4296
4959,1222
4642,4646
4481,1111
1063,827
4328,1248
755,868
2490,150
4657,2420
3448,2852
2004,989
5054,2245
4814,110
4002,4920
3097,597
1716,5060
690,2101
1090,2852
2713,860
628,1179
184,308
3692,2420
4895,3005
3542,1911
4191,2898
1379,2649
4995,55
2098,2008
5054,2132
1868,1939
3834,265
1965,145
3823,2475
576,997
4331,21
4958,1316
4301,2697
2575,243
3317,2578
4281,118
2803,2196
4135,1225
4801,639
4172,361
4975,1520
3431,4584
238,479
1190,868
1286,1225
2331,463
856,2032
5011,196
3151,2463
1427,3045
3383,1225
3174,1238
4988,122
1070,681
3285,2573
2818,870
239,1428
3212,1562
1909,2178
2543,3201
4552,51
2885,1658
1972,2086
4570,2852
2356,166
1300,37
2355,3341
1157,764
2841,1622
1641,3879
388,1533
3604,567
5013,1839
2380,4929
728,1480
4046,3268
4339,122
3671,1769
3545,2439
1220,1783
3108,825
2498,994
468,2120
3688,2907
3370,854
1496,2101
4743,55
1952,442
3166,756
1445,1939
4283,2032
2565,25
882,1533
4497,4579
4257,2377
2379,1902
1325,467
2693,2710
1989,1238
1967,996
1363,1098
3398,2573
1441,2946
4865,2840
843,222
661,59
4126,489
1752,752
3876,1390
1516,1939
2100,1661
1886,671
4388,2358
1937,4282
128,30
2325,710
2976,1602
900,318
3617,4565
1746,4653
3099,2132
2082,51
266,420
1189,240
2524,426
5062,4929
2659,161
3853,559
4813,5008
2271,2865
832,11
617,1119
3243,687
3532,394
4113,4731
2191,1552
2426,4588
1678,3709
4698,21
3637,3215
2326,2573
146,4674
1908,4579
3189,2134
2657,1243
646,4223
2227,2126
303,1761
3046,4405
4348,4579
4808,2206
4564,4092
295,3621
3443,2625
3014,2195
1418,4223
90,373
2839,240
3048,1377
1785,2578
2125,3300
1747,3121
2960,797
1173,3165
4847,288
1749,4936
1724,3125
3594,248
2662,2008
5003,440
4254,3300
4804,21
4302,3254
4149,1556
3023,4877
390,2791
3130,2068
4575,1832
4243,3795
3398,3403
4629,4854
386,2120
4032,122
1977,3281
3735,96
2211,4083
1425,345
2112,2120
3876,3060
943,4282
4766,3884
3645,1533
195,55
3427,1130
2539,1353
3629,1498
1781,381
2825,2012
309,35
273,2979
1037,989
2804,4104
1185,1280
2285,970
3591,3592
404,2938
2326,226
3796,3103
4339,674
630,2439
5024,1130
1577,4223
1357,1939
881,4817
3734,373
1044,3309
2428,3103
806,262
3521,2126
126,4936
4027,1520
2747,318
2298,3121
1477,2459
1073,2064
1966,3805
4954,569
4888,2195
2081,1016
4938,1476
1908,3062
502,1016
4632,4049
1915,4920
2303,2035
354,3595
4495,4319
241,756
1143,265
3914,1167
2640,4731
3543,373
3362,310
2592,1712
4833,509
390,2769
4247,1517
3014,3345
2827,2288
2182,711
2644,3062
4874,5008
1603,4490
2833,715
4449,15
2859,1761
4581,3610
1821,173
4251,1195
2993,1719
4583,124
2239,643
4613,989
4364,4565
4207,3062
2975,3805
3244,724
3790,4272
2949,2032
2544,1119
1218,671
3482,3005
1457,715
2974,55
3457,15
2427,1552
3607,1155
2984,477
3848,1586
3319,161
2810,2439
1879,3201
1389,2721
562,384
62,1562
488,3405
1905,166
1941,96
1732,59
2133,489
902,852
3627,545
655,3090
4942,756
324,1890
80,4920
4325,1506
3561,2649
1601,1204
3031,3910
2611,2664
791,318
3072,384
2231,4272
4688,1476
945,234
2813,2068
3961,262
4394,473
540,3381
4693,3787
3098,2919
4707,2919
1060,1012
303,3109
3461,1149
689,3025
2771,1353
181,559
2597,4970
3624,1111
1075,1533
1507,355
611,1280
4148,671
4467,3281
1758,1602
2394,3452
2580,3595
2416,1820
705,4936
2838,745
1450,1
2816,5060
471,1964
112,3795
4875,997
3744,569
1969,30
3022,2855
4955,141
861,4854
2043,1517
1258,2721
1584,2791
1818,2831
2615,671
2851,310
3964,5008
3137,1517
1886,1012
4434,113
498,3729
2883,1247
205,1009
3085,2333
1867,15
3833,1769
3333,1693
727,2322
1836,104
1782,1602
3271,1839
4393,5058
1574,394
1703,1476
237,71
275,876
3858,3795
4129,711
3163,479
837,2786
2081,1151
3462,1939
1745,51
2587,1845
4596,1845
3788,633
501,355
70,3262
3899,1712
165,4724
2413,1319
3443,748
3054,335
3006,1790
3744,361
369,3675
3415,1016
3214,1661
2676,3610
2400,4539
1903,941
2908,2386
2631,2671
2790,4646
4636,1360
3142,2721
904,3403
1015,4854
897,2831
1626,1474
2287,2706
2115,4817
3000,1248
3466,639
4264,4579
2043,1
3765,3311
4238,671
391,1498
4836,2386
1221,2439
1409,1243
691,3460
890,2339
1808,3905
4760,4675
115,342
4130,687
762,2035
1152,797
1021,656
4176,177
4630,2740
4751,2710
795,3841
3767,11
991,1390
1272,2064
3916,473
2283,1155
675,3381
2466,397
87,373
2652,2132
4474,3025
3690,1210
2624,255
4377,1135
4021,908
1434,710
794,51
1891,3675
2493,1562
761,854
4297,314
3347,1567
2253,3103
3342,4970
4456,4877
3537,1225
676,51
1938,288
1736,3841
2546,2008
1122,479
2676,643
576,3795
1969,724
955,1712
3548,463
834,13
4887,3968
3330,940
3495,426
1034,1622
3799,248
333,2101
4755,3252
2953,71
998,4272
2810,440
3177,2907
3724,3841
22,1506
1124,4371
917,4859
282,1761
821,2710
851,2032
3480,710
3190,4738
3296,3795
4358,21
4756,3905
2528,401
2864,3201
3071,4653
1528,248
4379,2942
3653,4854
366,4724
5050,941
4744,752
762,2598
4008,3972
1100,1384
3692,1890
3139,1890
3270,648
527,5058
2296,1820
5056,2573
2372,401
2341,2008
77,4646
2742,2697
336,2196
94,30
3289,1832
773,1911
1274,710
428,1622
190,423
1426,141
3154,150
3852,219
3401,3311
4910,5
2684,2557
4215,2557
2574,1319
976,232
1722,1119
374,681
3955,1506
483,3910
4893,196
1787,1149
2756,221
3935,61
962,166
2584,102
3836,572
4230,1461
5003,797
1515,85
3282,2898
1704,860
3555,1498
235,633
4964,318
328,143
4620,3060
1916,715
374,1238
615,44
3053,175
1371,2032
3818,1179
1804,318
3399,764
370,1567
3679,222
4293,577
3590,175
2892,2710
4871,2664
928,989
3863,7
57,2178
2930,3445
317,2598
3908,262
2718,3968
4972,921
1191,4600
1511,1113
178,829
4295,2078
4555,577
4499,793
3630,1999
164,1602
3386,5008
1219,2938
224,829
3318,4469
3016,35
3098,827
2314,4970
4421,4049
2860,1498
1144,1243
4777,4854
2544,1890
570,96
808,1461
77,1222
402,2288
2814,913
1077,1567
3802,5060
202,5057
3609,2671
2683,4104
3845,2497
4968,122
4024,3060
1452,21
2191,2135
4777,674
2022,4970
4207,3381
482,4353
1881,3610
1772,2463
3932,1204
1747,2124
1819,3397
5015,3341
4046,3062
916,1719
2713,656
461,2946
991,3879
4418,361
3371,4104
2265,2035
1082,2710
1513,2135
157,2199
1202,4083
2184,2557
1412,2463
1057,414
1436,633
4760,2781
3428,1775
1112,1552
1148,1238
1961,2333
2328,4675
3565,1586
2480,2671
4741,1243
955,3452
3246,2781
3047,724
1197,2625
3401,96
1092,509
1840,2086
2161,4584
4941,88
372,2946
179,122
2284,1964
2640,1502
4202,1016
1981,2497
3433,3019
89,3201
4595,3309
1454,4296
3810,2865
359,4885
1341,3709
2183,463
3852,3968
1209,2245
1120,2552
4077,4400
445,3254
4032,1222
1047,1999
4771,381
2694,2459
4547,477
3816,4859
3374,4738
2010,979
4963,3345
765,326
1903,3062
68,1820
3012,4646
2348,3968
2518,4539
791,150
369,1761
2069,4584
2151,825
4472,4569
747,1902
5050,2769
1525,1835
1267,173
2254,1390
589,1151
5009,2064
3656,166
4665,1622
2049,2946
4373,2649
365,4738
212,2178
2774,3024
1732,240
3953,629
3511,1461
2888,477
1002,3201
2835,3254
3369,3460
1688,118
858,711
1264,2008
4473,394
2579,4296
2237,2578
3136,4405
3098,2721
735,2791
3243,124
1188,3281
2533,3309
4733,1835
199,996
2254,33
2843,874
1624,141
4838,3341
3159,1050
1465,4674
4344,4854
4999,3222
1757,463
4630,3381
3443,597
3308,4565
730,1400
4626,2358
3249,166
1605,3077
3730,559
3399,262
4889,3884
2555,3879
1169,2339
2387,3254
1421,4584
3393,3841
513,4929
675,633
1579,1835
3776,1210
2336,3060
950,347
4647,4539
4002,564
960,113
157,13
1425,25
1827,3687
3426,1400
1639,1480
2949,1725
4798,4902
1786,2648
2785,2199
1260,3309
2522,221
672,2552
1091,2987
1413,1517
611,3775
2701,2481
4540,3201
179,4588
962,921
1905,1719
3497,2578
4317,633
2212,852
4067,996
1159,2124
2406,124
4835,1247
95,2614
4596,423
1194,245
1157,2497
4809,504
178,2068
4689,3268
3883,141
838,1586
3624,4685
4909,567
1262,1098
4109,2371
3748,3077
1678,2852
491,267
4396,2124
4045,2786
4698,2196
2343,3090
3251,913
808,4724
3068,1839
2406,2178
2406,2840
3902,656
2646,4902
4560,25
1254,3311
1926,2064
879,2671
2217,3687
5014,397
1772,4749
4697,2035
2402,2358
893,2786
4932,2124
4410,2084
2473,4223
1185,2557
4170,2557
2303,446
557,3125
494,2557
435,414
3138,145
1457,3311
2918,4083
3646,1155
2893,2649
3644,797
4969,4936
3685,3687
2636,710
1828,2126
683,59
2515,941
548,5058
1633,671
3679,3403
4176,262
1305,1790
2807,1520
4935,2938
2736,1155
2224,643
588,4569
3510,687
3705,653
2513,3405
2490,4527
4480,59
4048,811
2140,414
199,59
1074,3621
649,3062
2234,2697
3783,2195
4267,3610
785,4885
3292,564
3008,4319
3772,2784
1857,2786
1110,1204
4525,4675
1846,1942
3665,71
5018,2199
985,243
3183,1204
4669,1845
1500,1238
1688,710
92,1845
1509,2126
1424,4731
3983,221
2716,3201
1194,25
4524,2206
1628,288
3337,4319
4068,3775
3224,3968
2504,1839
5045,2671
4971,30
4841,4936
819,2769
3995,2124
488,73
2390,4083
3774,2481
3678,2245
845,51
4020,1135
3994,3762
3912,4569
1869,3222
1759,4092
2764,687
1532,3729
964,3709
4070,221
3930,1498
3946,71
3272,1280
2110,1661
1794,1911
4033,3621
3369,996
3144,420
4385,674
672,1243
2778,110
1998,3024
1923,1866
1188,2671
278,4145
2198,1327
956,629
3802,3525
3241,671
2688,265
3966,4569
2066,245
1997,234
322,1179
2569,908
3166,4646
2073,93
1987,3842
1118,4527
2025,1761
1585,3910
140,473
4852,286
598,3941
3327,1602
1485,2195
4835,2865
341,2919
4649,102
2889,876
3000,1235
67,2786
1492,3254
2587,2671
4755,1210
1776,1761
801,3941
2499,1247
1301,970
2015,248
4328,870
4470,545
443,2178
2058,124
1538,1139
4851,2064
1314,2815
806,577
4563,1562
2679,1661
3873,3300
2187,1533
2168,687
2948,3309
259,1832
2906,267
2506,2497
602,234
1320,219
171,4569
1848,4490
496,2919
3946,1247
791,222
1403,500
953,4319
690,463
4689,3709
942,1476
3080,811
3648,3405
4593,1428
268,4817
64,702
1116,748
2376,1476
705,4565
2464,2614
4914,643
1609,1839
3264,2578
821,2333
1352,426
2202,4223
3518,255
3102,1360
2641,345
2170,3345
2827,3096
3247,265
4930,1327
2440,2032
202,2371
4524,3062
4412,4083
4657,1111
1759,4355
4930,4314
3948,4929
980,2358
2883,3309
5019,245
4679,3341
2873,4902
2640,4855
1030,3262
1246,1520
4051,96
4082,3775
2847,3381
2445,4970
3100,748
5065,1050
821,4569
4986,3381
3598,4400
4943,3161
2121,629
1584,2710
4077,71
1429,3621
3756,1520
1286,4539
1794,687
4781,1247
3677,4282
946,4749
3596,4731
2236,2781
1425,1725
4876,4588
938,4588
1841,4097
1530,4584
2877,940
1896,1384
2956,2475
3571,4685
2864,825
5010,852
1314,401
350,4353
3609,3787
3655,1210
2923,989
2502,2206
3598,4294
1479,2852
4283,1009
3034,232
3682,2614
2985,2288
468,764
2842,1319
2007,2598
730,4569
1363,1845
2482,1280
1738,5
134,745
4728,2557
1961,724
517,440
1821,96
5022,61
3124,288
4455,1790
5056,4272
3013,373
1025,3709
3408,243
3202,5060
1913,1820
3825,3972
3305,653
4545,3062
2379,3595
1916,145
212,479
2763,73
3360,4685
1335,1225
4671,1009
1764,1111
1257,3019
1416,61
2368,255
3344,308
236,3709
301,1353
3554,3941
4814,567
1394,384
2384,479
4005,940
1380,1327
4310,1210
4986,3254
3348,267
578,597
3547,1552
3244,420
2817,1139
2076,3968
552,860
2733,681
2385,827
296,1050
3887,3729
3829,3445
4603,2386
3786,1586
3059,3525
4870,2178
2301,994
4428,1693
3802,748
3904,4097
4698,335
556,674
1571,793
1421,248
4856,2769
1027,1003
1268,811
3377,738
4524,3103
1435,420
1088,3941
4156,4097
4167,145
2616,150
4962,187
1423,3215
194,3460
3713,4097
80,3121
2612,3610
1088,448
229,4223
4238,1712
3844,2907
3324,4885
3777,1384
4678,3096
4230,3610
2592,1384
1203,308
1755,355
4121,2135
4212,2064
3285,2855
802,221
1614,1360
2627,2134
4713,175
3141,870
4976,5060
1621,572
951,2120
3217,564
1682,442
2993,852
2388,874
1237,4400
3776,1119
2564,3
3745,384
3738,4646
3116,2831
2056,4877
600,61
3899,1179
4833,25
771,4854
2013,1225
366,1400
591,3905
2960,175
568,970
3952,426
650,996
2425,1009
2584,3024
490,1939
4456,4970
3894,4400
3683,2664
2145,104
842,2068
1110,811
3027,1248
4921,648
1651,2721
3279,2064
1277,314
2910,1595
2863,2199
3283,2791
993,1179
2903,994
1884,629
3408,3254
2066,61
2229,671
3385,2721
5076,3729
2472,3268
4881,827
4335,2196
1749,674
922,671
4638,3595
2507,4097
3030,1480
2014,3888
1995,2578
4829,3300
4898,509
4309,564
4641,4653
3996,150
2574,3910
4587,4640
4063,4539
682,1016
3400,7
4766,2942
2893,2740
2943,245
3989,1319
2742,970
3365,2781
2712,9
4159,715
4056,1832
843,401
4000,1210
5043,710
1663,1353
4235,2463
898,2664
3147,2333
1559,756
1795,671
3138,940
4031,4565
1780,4817
3257,860
5070,2358
4406,35
2464,3387
461,4674
3212,1248
2584,5060
4335,1820
4079,1158
1180,2055
2021,221
3026,2784
777,448
779,420
2675,2195
857,3972
2944,463
1350,797
466,3311
1833,373
2585,467
2524,1661
1194,1999
4985,1658
2875,4817
4593,219
871,2167
1027,347
2163,104
4378,47
1667,4674
2435,793
770,4831
317,1119
4796,73
4909,1360
731,141
3008,1488
4711,1712
2520,4685
4700,2497
4790,1533
2259,1238
365,2377
1857,3805
2532,226
1903,1360
2688,226
2188,3988
2794,3972
4343,113
386,85
2005,124
625,2987
4114,177
3547,1488
1965,4294
4507,4490
4572,15
3974,567
1853,440
1305,1602
3106,3077
850,1291
1579,4371
206,509
1357,3787
4227,525
1941,187
4206,3300
3210,397
915,17
4036,113
990,567
2472,1247
4748,1139
4051,1661
4005,2706
3532,2084
1909,4490
306,4092
4889,21
3142,2245
3141,414
929,4675
4246,3309
3955,2032
4941,793
4283,569
3950,4749
1444,1243
1329,1113
3063,47
160,3592
4460,2979
2913,1556
140,1890
4179,3005
1989,1222
4522,5008
4460,262
4964,2288
3352,633
1781,1316
968,104
3516,308
3154,979
1475,3005
4987,639
4180,3311
2434,3300
4814,1622
1223,3381
3136,335
3545,3621
879,3
4237,2671
2112,141
1372,4579
1766,2979
1218,1111
3777,860
3000,940
3736,2124
2579,2135
4978,4929
646,51
1381,222
4369,870
3095,2064
856,1661
4027,1016
3002,1693
1087,1210
4609,3972
437,318
1191,4223
2418,4319
4959,414
5035,326
3920,2055
4013,448
2434,240
2366,3841
3892,345
3477,4640
4776,448
2766,3090
4121,3795
279,1384
2502,629
4042,4527
4339,88
3803,4653
3768,2840
948,93
2127,1384
2270,2195
4276,559
4369,17
1150,504
2085,2120
2766,3005
871,1911
407,2942
514,3460
1728,4674
4778,745
1655,3005
4512,397
2993,33
114,1316
3752,970
1906,51
1852,1377
2103,1280
3331,2557
3674,1127
4963,262
1525,583
1840,653
4826,876
728,1139
4592,3024
2468,2086
3689,1556
2833,3687
5034,401
1020,1719
1008,61
1929,73
2954,3161
3489,1832
4005,564
3379,1602
2652,1902
579,710
257,4490
1166,2740
4939,1400
4800,104
3141,2288
1007,2946
4957,222
4008,1195
4477,1428
1543,345
3583,3121
2862,2124
1026,2245
4912,4920
4847,1999
4522,1602
2563,1839
890,4539
901,2245
1989,3024
2369,2124
366,414
590,3300
2158,2648
3704,110
694,1586
162,643
4784,756
5040,500
4620,1098
4682,2781
1735,1661
2094,104
2827,2035
4872,4282
1121,3381
3784,1291
2464,4877
4439,1911
1509,2706
4779,4355
3978,2497
5019,73
1104,88
1504,232
1969,2126
4562,906
3951,1964
2774,2942
3210,3397
4861,102
3760,3775
2589,4201
529,381
2466,1835
2461,3125
223,1113
4721,1360
4174,2786
5070,381
3518,44
1036,2625
2332,989
3192,3675
2535,1222
2832,509
969,3222
1777,161
4890,232
1934,3599
3140,355
2607,132
2146,3941
20,2852
2600,3268
4098,7
4422,1235
1361,1127
4253,681
3557,748
2465,4749
1778,4731
4186,764
2021,2573
4216,3460
4464,4579
3213,1488
4373,906
3480,941
576,4970
858,1003
821,11
256,477
992,2625
4184,1769
713,4314
4162,2781
630,1113
4759,3024
2873,3268
1388,1377
261,3341
3362,1280
4708,2371
1846,166
3918,163
2213,2134
2982,335
543,2815
4894,1222
2714,15
5038,2890
404,825
2876,2942
4507,3988
476,2288
3954,1595
4561,163
133,2938
2443,4353
3147,940
4757,173
3978,1602
909,267
1172,525
3382,3161
3873,1238
1558,4588
2662,2463
3953,286
672,401
2595,2386
4140,1476
788,2769
2368,226
1697,1151
3157,4569
3496,1390
2686,1050
1479,3445
4550,361
1647,397
4166,3905
685,3268
4786,59
4767,656
1574,4223
2144,2055
2236,2671
3361,1384
3793,633
3099,2078
2208,1316
1311,2196
4119,1563
2117,5058
3432,569
936,2786
621,687
834,2475
2396,854
5071,479
502,2245
1283,1204
2296,2852
2843,401
547,347
1743,1391
2378,1506
2963,1832
2017,597
1653,569
540,3300
1015,2791
2146,764
4053,143
1656,1149
709,51
283,941
2536,2078
2892,255
1223,3045
5033,2475
4316,4685
331,15
3391,3775
3951,47
1737,711
3258,2068
5023,2377
3522,1119
1934,3268
2165,572
771,545
23,2134
2922,921
449,979
1582,226
3321,2295
2790,110
2589,347
647,35
3829,1775
2927,2167
2173,104
2320,2890
3817,1461
2496,4685
4577,110
1301,226
1056,2865
1468,629
1951,1238
3980,4049
3066,11
1675,2907
2903,314
579,262
1702,908
730,870
1281,30
2599,1719
4315,3254
2844,2578
4932,583
4638,1050
1930,3595
5070,4272
781,37
391,4319
3706,4902
1041,113
4352,1890
199,4855
4617,3884
984,318
4995,2124
1273,3090
3425,4272
3949,143
224,243
3943,2086
2244,752
1519,2987
2030,876
3942,3060
1610,2907
453,342
3989,4646
832,2339
3852,1820
1772,2377
3409,3525
1336,3165
1763,1942
4645,4646
2388,5057
1278,4584
3153,4831
2434,2167
1163,384
4286,3019
3489,5
2547,2786
3833,3988
3793,55
4281,143
2802,1384
2521,85
3318,970
3539,2377
499,860
1825,118
3076,1832
2033,2439
2744,59
2251,1769
890,1533
1136,509
1425,2740
3951,4097
3602,1488
5075,1506
954,30
4251,1866
1606,1400
1606,150
2407,2946
2029,2475
3527,4565
2940,4817
939,3345
4075,3103
4829,426
3971,564
3335,4615
417,2671
3797,2078
306,1360
1166,3610
2018,355
3548,4731
4739,4646
4598,811
4711,906
1844,3045
2968,55
973,906
3745,3905
3574,2625
4944,5
4850,3884
4496,2245
4174,702
139,2942
3197,1761
2638,3905
2889,286
3148,2987
3290,4400
4365,1238
1549,1783
3834,2295
4609,4539
3566,2439
1411,414
4178,1127
3177,234
4773,1210
4491,500
2416,3988
1511,17
1909,4646
3132,2552
3956,2064
4195,248
2197,921
609,387
897,2649
4746,1135
842,1377
2776,2199
2271,2339
4246,4097
4380,2919
2678,3103
3894,1247
4887,2322
4924,3096
579,2178
4026,4353
1794,4831
3417,166
2142,4936
2746,2786
138,1167
5029,345
1076,61
3369,3787
1995,1111
468,102
3553,1820
4336,2132
3219,3584
1445,854
4668,143
1472,2078
864,797
4428,4584
4973,854
182,2206
3492,519
3723,4049
4040,5057
3860,5058
3996,1149
1680,4936
1254,2815
767,467
4316,4579
4529,994
3383,687
4607,569
5068,61
4478,3687
3322,1113
4434,55
1571,2786
2201,3595
2587,2420
4273,1225
4358,2919
2613,854
3351,3452
1301,1661
2278,3988
3579,2439
1601,1235
402,979
58,3601
1782,4353
3102,4685
2888,2852
1041,2322
4082,3222
3137,355
4768,47
1008,2697
2512,318
4470,4049
2973,479
4687,326
2363,1317
4610,3215
4094,504
3749,61
2943,2012
1333,852
2556,420
4744,3341
4502,2199
5066,2769
1226,1130
2961,2890
3094,2614
3432,1835
637,3805
236,876
2969,51
3625,2012
1854,3062
4254,150
1619,3045
3604,1195
4265,3019
5051,2852
2396,1498
820,1476
58,1939
3764,347
570,1775
4821,2132
2297,267
4275,860
3850,3300
4541,4371
28,381
3015,2855
4696,1316
1800,681
1322,143
1504,2890
1841,1783
4297,5
4484,2815
157,996
5011,2987
2616,2132
2870,2339
1546,702
3946,222
1143,752
4805,3403
2067,3345
1990,639
40,4319
4115,997
4630,3972
889,2573
3624,3879
1892,387
3655,1009
517,827
5022,702
4668,4749
2688,1
1022,1050
2303,232
4081,4092
2462,4738
2354,262
4761,33
1850,1130
2952,1179
4358,177
460,1480
4585,1319
3406,4854
2423,30
1610,446
5045,921
1209,3729
3123,2386
3644,1712
521,4469
965,145
2034,504
1610,3910
4969,1225
4018,177
954,226
471,1556
2034,5008
3136,51
1105,702
474,2206
2830,245
4284,3968
4069,2710
1718,2012
229,764
2282,989
270,1602
3685,55
4172,2710
2343,500
491,3019
1656,4049
1486,4615
4866,2740
2814,2333
4373,1790
1414,1506
772,825
4173,2463
3390,2573
2393,764
1962,2786
2751,4353
4447,262
4828,4831
804,764
1615,1016
3921,2086
2547,989
388,1839
1305,4083
2173,1835
160,3910
4914,5008
3425,3592
2703,2120
3916,3787
1457,3309
3031,4539
1840,3405
4033,4319
2832,1712
3494,232
472,1009
2586,477
1213,1012
2455,2664
2091,35
2549,3709
1568,71
4938,4646
1329,629
498,829
3959,2625
2773,4902
2856,913
5003,1139
588,1480
4395,1712
957,2865
2292,173
4807,1391
2452,4469
1666,629
4643,4353
1833,2012
2418,711
204,2578
1010,989
3041,1480
988,1327
4163,265
481,1769
3753,5
4589,479
3238,463
4707,3268
4774,1999
2036,1360
4758,3262
2927,1964
3391,93
841,4565
4196,3311
3048,267
4440,219
1904,860
3147,2295
1171,47
4742,1890
2036,361
695,175
244,4201
842,545
3625,2706
1779,4970
3143,1725
478,7
552,4452
1901,1003
1624,4104
1106,4049
2045,342
1239,387
980,1098
4478,145
2673,2648
2353,2199
1778,1119
2036,997
2709,940
3512,4640
2492,3206
399,1498
918,1602
64,1167
220,4400
1649,970
4079,3125
1345,2671
4218,3621
609,3795
613,85
4074,2625
2893,4083
4812,509
3706,1158
3258,2578
1698,3888
4434,13
775,577
186,1783
3705,3910
582,85
2034,314
4577,1327
669,2614
4408,2126
984,1390
1888,1222
2025,3729
1202,2322
304,1127
4853,569
1244,639
3334,7
4983,394
4413,1502
1548,653
3726,3161
4782,4294
1973,222
4412,2786
4870,248
4925,13
4333,2557
3321,1155
685,2890
4304,4145
3235,559
2027,7
1603,4588
4014,1139
4655,85
4252,1622
4986,124
1045,4970
1457,118
42,1179
1185,361
544,2339
4087,1016
1031,1474
290,113
241,1391
3912,1316
2256,401
1401,715
3577,3403
4264,4600
775,1280
4678,1693
1829,1291
837,2865
1666,21
1365,96
4850,2008
4888,1135
3536,764
3786,314
2886,442
1653,2386
1745,3025
4518,19
4394,5
885,994
2165,2032
1198,2126
2438,2358
2,88
3620,2648
205,639
1864,1712
755,3252
91,3805
2856,2649
1943,2032
5016,583
3492,3525
760,4817
3449,504
3523,1783
1587,3972
2262,71
984,577
1608,4294
4279,2086
4672,1384
4024,3125
460,1506
4041,1595
1398,1474
1691,4539
2698,4970
3741,2078
596,4929
3733,3709
91,262
4983,265
4599,3060
3820,1317
4214,2322
4725,2086
3130,519
3347,1377
3336,868
2131,2322
3126,401
2188,3045
3573,1502
2294,4371
3385,2907
3097,653
3659,3445
4705,4970
3899,150
3283,4885
5010,545
4987,4855
2650,1391
3245,994
783,567
922,4731
1929,1391
341,1280
2699,3842
1395,2481
555,423
4443,3403
4300,1488
790,1130
4271,3045
620,4936
3395,2648
4470,2420
1640,2979
4990,187
585,3252
824,2012
4480,2840
192,4749
4900,908
1415,2032
1412,4854
787,4355
727,1658
2445,3988
2275,4817
679,1353
203,234
290,1725
3730,163
2812,1502
298,1316
4185,420
2610,1506
4477,2784
4673,143
3753,4400
3257,4539
4365,1939
3693,3262
319,479
2229,1839
789,219
92,1149
2473,3445
3253,2012
3115,5058
4340,4929
4224,1158
4412,1775
5069,124
2637,519
4173,7
154,4490
1383,3452
741,2199
991,384
65,738
1807,854
2892,2625
2049,825
370,4569
1574,3805
570,93
2240,3090
934,3262
4845,572
857,2625
3613,1390
3756,3709
2683,4223
89,643
1862,3077
2767,3062
1825,310
4287,2855
4286,4405
2652,2032
3919,222
928,2898
3859,3397
2650,4936
2889,4272
3289,3387
2309,175
3522,3884
3427,4646
2879,141
3227,4296
2238,4600
5003,132
4416,1658
3874,860
4471,752
3081,4405
3466,2573
1484,4569
2375,2055
2211,2196
2726,643
4102,1204
3660,3262
1765,448
3912,102
3822,745
2472,2064
1045,4685
2519,2852
4370,288
4513,4588
3636,629
2464,4920
2970,150
4312,47
1092,653
4373,752
1444,440
2849,2919
2678,426
3355,745
953,387
4038,110
4626,874
2181,3262
1736,440
3567,2008
4793,913
987,4097
1162,4272
562,2245
3658,4749
783,373
3115,4929
1121,4646
2122,2199
5006,5058
3538,1517
2040,19
1492,2124
2043,3252
3046,326
3844,335
125,3775
329,4584
4873,1111
3881,2295
3012,3610
4497,3096
2143,2068
4955,361
1757,827
383,420
147,240
1142,219
2090,2989
1748,3988
1471,1775
2493,1312
574,1533
3014,1502
760,559
3542,1317
515,71
3587,3025
1031,221
4250,1222
1418,226
4199,4282
251,21
148,3709
2276,442
4172,1502
896,3103
3208,3879
527,2919
4350,2052
3511,2840
2982,752
3745,852
1718,3584
1214,219
4851,4319
1086,748
459,1009
3985,979
183,3077
296,1719
1102,3941
1989,997
3892,4738
4812,2086
1478,2078
1963,96
3696,2625
1268,2012
2949,1050
1641,3300
2280,1319
4252,2989
3892,2386
4234,2784
2583,2439
14,2664
3851,583
3071,1291
2019,345
1001,2989
2379,145
2074,577
2364,811
557,1390
340,4565
471,3019
4550,671
4719,906
1777,3445
2655,1179
2151,3077
1426,2035
1951,4855
1662,4490
486,1602
3596,913
4034,44
4365,1428
2965,4653
4271,1391
3031,132
2269,1533
3874,1832
3661,1520
3822,166
2555,1098
4925,643
5034,1280
1355,175
957,3311
4399,3024
2678,96
4753,3972
3228,1235
2604,1155
3116,4885
4340,4855
688,4685
1824,150
3312,234
561,572
729,3762
4963,1111
270,248
4542,1622
2153,4855
1512,2697
4141,2919
3686,4738
1024,35
2308,4724
3383,2840
2121,102
1438,2439
3812,702
782,1533
2308,1098
925,2288
3619,908
496,996
1110,827
3310,473
1311,1520
4231,479
956,423
1876,2852
4998,4314
3439,3222
3604,4854
4107,1480
588,1050
1947,2989
2845,1195
3779,4405
856,504
678,145
872,4539
2369,2475
3007,3775
3108,1280
3604,141
3954,118
1094,423
87,989
4017,222
939,3452
4596,1291
3413,163
290,2199
978,1712
3854,2831
2945,2697
767,3842
4086,2086
319,3262
3459,593
1823,2625
4417,1119
2320,4272
1822,314
2564,3762
3918,345
1048,2907
1054,3729
2829,2578
3751,477
3570,2206
779,2035
1666,1009
1705,3161
1156,1533
838,132
1870,1835
2824,4282
510,85
2088,4640
3627,2938
157,3884
4301,1725
208,3252
3026,2625
4682,994
1990,19
818,1783
1014,1506
4066,51
4819,2035
3668,355
48,2697
1588,2196
4214,1167
3101,1866
4598,240
697,2938
3897,941
1611,577
1242,906
2175,643
5072,2035
2494,4569
4322,4646
4582,1586
3852,3905
3895,639
3369,2831
4637,4584
688,1790
4687,629
4068,17
4911,1149
4183,1312
2912,5060
1941,3090
3757,373
634,4565
3358,1210
919,3888
1133,4877
1842,633
4730,3709
1450,3341
4629,567
4629,1693
3224,2064
433,3103
2689,175
3998,752
4844,2942
2256,2552
2961,1839
2103,2084
4422,1006
3651,2552
2416,1712
894,1999
855,1119
1465,145
1074,2245
4394,4527
2858,4600
3607,643
121,187
1664,2815
465,2295
4034,559
2435,3525
3697,1327
2422,569
3221,1461
1852,2475
3797,1942
3279,355
4085,310
1460,2497
3212,1158
2524,73
3334,3405
1726,3941
928,3
562,2475
976,2865
1386,4223
3806,2625
4949,500
4652,2855
3707,3090
3834,2710
3455,1839
3527,2386
766,118
2353,3842
787,825
1239,4640
421,3445
2115,2086
4732,2855
45,373
618,73
981,243
64,994
2121,3687
3773,2055
4370,2358
1952,2938
2454,347
1864,2134
2510,473
3488,243
4279,2671
3535,3222
581,479
3517,2333
1227,3403
4698,2358
625,1377
4809,811
2225,633
1462,3709
2863,5060
1333,3729
3223,827
759,4685
3150,1783
2813,3610
1484,1461
311,243
2266,4469
3649,4600
408,1384
4328,2135
4363,1790
1229,1839
2301,3775
4031,593
2157,1595
4171,4929
794,1316
571,3941
1091,1488
5016,2987
1441,11
3906,2907
1812,110
2429,3941
4553,633
624,593
1672,355
5076,643
127,2084
2863,564
4148,1602
36,3045
4692,3905
1961,4674
2789,4920
2889,55
1324,1835
2165,1712
4435,1942
2950,908
3677,463
4911,3599
2576,71
337,143
2718,504
3903,2721
3612,2840
3549,124
4467,829
1934,4083
734,308
4733,1204
3745,141
1122,648
3289,825
54,3460
1870,3201
4975,93
2153,811
464,4600
3290,3795
3248,1586
3009,226
578,989
116,908
4284,3345
217,3121
302,2439
3706,643
3673,1658
2039,2831
771,2598
2888,860
191,35
1433,4104
4026,1520
4556,1353
3895,3460
2544,326
3448,222
3911,1377
471,3281
1114,989
415,3024
1797,2322
4925,715
4982,1902
2233,96
336,3381
206,1155
1952,1149
855,2578
1630,3610
2168,4584
1460,2358
254,21
938,2890
3916,4640
3505,3595
4843,489
164,3387
3855,4296
1708,811
3688,572
1662,3300
2586,2578
3418,143
4147,21
1491,1247
2985,2068
3333,166
1002,1520
4978,3045
807,1517
4632,2907
2860,1016
2642,3805
4967,2245
2000,4469
1477,219
1980,2784
3320,1942
4191,1247
4856,874
703,2987
1507,226
4790,941
3982,2206
4079,308
1211,2578
4066,597
1060,196
1763,1195
3035,2573
1876,764
3181,2898
2579,4579
2956,989
2392,234
4047,17
427,3687
4387,4579
1178,1556
3376,234
792,113
3915,1119
2647,829
277,1783
1000,1130
3859,113
909,124
1901,3762
4270,265
650,1942
4505,2339
826,3206
276,1179
3286,2078
923,288
3613,3729
3717,132
1323,4817
70,2697
4878,1480
2298,335
947,572
831,4452
1023,243
802,1151
158,559
4900,2769
3727,479
1749,61
991,593
596,797
2643,2831
3493,1391
3036,2132
2702,3842
5062,2245
2332,2245
2629,255
1858,2195
609,2614
4870,2086
3076,3268
3360,2865
4536,4579
4210,4294
4678,567
843,2459
3321,2459
1402,1502
1466,3879
3171,2439
637,335
4243,564
1669,1832
3722,73
2619,150
2569,941
258,4092
589,2840
2260,1400
3689,4674
1392,4452
2678,3121
1667,1761
4246,2288
2527,4314
3480,633
1679,3592
99,2781
1411,2439
736,2339
1857,2781
115,1204
831,448
3769,1461
4888,2463
3140,4970
3292,1586
3903,104
2334,3584
320,3610
2730,401
4220,1480
2556,1135
3754,1902
4555,219
2801,876
2972,2855
3764,3387
4789,1016
115,702
4543,2086
1542,2012
3241,2664
4999,1179
4064,4749
523,4579
3023,1866
4399,267
3507,25
4709,4527
4618,4724
1654,4104
3721,3941
3481,1480
3444,1476
2373,3005
1436,3096
4989,2086
1071,55
3810,1119
4029,2377
672,2035
655,2740
27,504
2029,569
1076,671
749,913
1326,2721
4001,572
1031,1658
665,3103
3933,2078
3880,1942
2502,2078
4373,2339
87,2068
3761,633
4909,989
1826,3045
3181,2068
3659,908
3538,3060
4694,2101
3622,1552
4313,394
2982,2919
2965,1179
550,33
4198,1377
4106,2035
4972,1400
2699,221
4810,1135
4546,1280
3036,4885
2138,1835
3384,13
217,4749
2519,1222
3681,3403
2312,2938
2645,2840
274,3341
2163,2898
4076,724
2276,5060
4447,335
2468,187
1437,2135
4558,1562
369,310
2515,1964
3767,876
3404,764
4212,2865
779,1235
4067,3972
4241,3090
3338,222
3715,1312
2915,2135
2094,196
70,4490
2400,4653
3367,345
2832,2459
1112,4920
1944,248
444,3905
2389,4272
4453,1248
2264,3309
5025,715
2438,1999
3287,1400
5032,1391
590,2120
1979,3968
2397,4902
2889,2497
4963,3
1844,4854
4812,4653
369,3005
208,1533
1644,1158
1584,4092
2082,1280
2798,1210
562,166
1448,1009
1625,381
620,2497
16,3525
2962,3161
1463,477
1038,3090
660,414
4310,3024
3880,2697
1896,30
2362,3595
2324,3910
3418,996
4513,124
780,1661
2571,4588
792,4565
2083,2245
3454,3675
823,979
2436,711
2310,3090
1162,3787
1475,384
2853,3090
285,448
4336,2134
1471,2552
1929,177
3426,2907
770,4731
3531,1939
1221,829
178,13
1884,3775
3792,3525
3903,1127
4316,2769
4521,577
411,2132
719,414
3105,3888
5061,71
460,1127
1588,1195
1363,420
1634,2167
4174,2124
4908,2852
3719,3941
3170,908
1646,3381
1444,793
657,1111
2644,177
3100,3621
3315,2322
2923,1316
1793,118
3832,124
2944,3161
2619,1775
1065,85
4249,504
739,2068
2005,3709
695,1474
1524,414
3817,232
2110,860
712,1291
2440,222
4408,1517
2564,3161
4122,3121
4155,994
1080,2784
4514,3460
2444,4738
1007,3405
4507,2907
848,1098
4493,504
4313,196
2502,3841
962,2420
4631,2946
5050,2377
2272,102
2546,979
4365,2898
739,166
3436,1488
3469,243
3718,1210
4911,941
612,2377
3708,3868
4277,221
1373,3968
3504,5057
999,3795
2438,2989
3501,51
1184,2339
4158,4539
3383,51
4577,2648
1833,1556
1170,2786
1500,1149
4250,96
1236,715
832,1127
2991,124
1626,479
2860,2578
2294,1476
1793,166
4732,4731
2285,979
1960,913
4101,33
2554,3405
406,4353
1687,710
4325,1661
4380,504
3523,2649
1230,4272
3761,2791
1612,941
4259,1719
2238,4738
1812,2625
3760,738
2095,4223
1571,2706
3251,473
3604,1769
3210,3905
901,1312
2480,2898
1512,5060
3987,3090
296,748
3493,1319
239,4831
512,940
1672,1556
4656,827
1207,1461
4479,2358
3818,308
109,1480
698,2791
1110,2012
3728,2552
777,102
2593,11
4446,2648
2537,1113
1850,373
4445,583
4133,3775
3816,1155
585,4675
4843,572
4344,3300
3692,2648
4811,448
499,5
1064,423
4514,3842
5006,2377
2510,2697
1052,1586
4020,1658
2462,1210
2536,1602
889,2898
4901,3687
1871,85
2866,3268
1638,2740
2379,2938
2873,3060
476,4749
298,4675
3481,9
4229,989
4760,2890
4893,102
2292,2032
2496,2907
3216,656
188,11
2272,3215
1850,3165
4791,1533
4388,196
4030,61
2822,1012
4664,1111
2353,827
3826,318
581,381
3919,145
1740,232
1132,4929
2022,2664
2992,1832
962,234
2418,4314
2119,3795
1996,639
2319,61
3271,2475
2332,2938
2184,3206
455,829
4882,1428
1431,2386
4638,4859
2353,997
4924,4049
1494,2648
3520,1517
1217,3601
4548,1563
2864,577
3362,448
1433,2784
1192,219
2669,4970
4379,477
592,145
1052,639
2197,3599
668,222
579,941
2651,2124
2047,3888
3320,335
1261,3045
4167,3762
1695,2124
4524,479
1896,104
667,648
3188,752
2726,1939
2302,1179
2693,196
2218,2064
4420,559
4311,854
4047,2784
3716,420
4477,1312
1415,4452
4943,1693
2533,4469
3872,874
761,2831
990,243
188,25
692,921
156,3019
2841,639
1023,73
1030,811
2351,4675
2362,448
2894,2439
2194,4452
3470,166
2639,3868
4688,1179
4617,913
330,1693
1914,1139
3301,738
812,2979
1585,177
4558,3729
1375,3805
1573,970
4403,3675
390,4565
3965,1248
529,4675
4402,764
784,2671
2180,4600
379,3775
2153,2195
3753,2598
4779,940
3324,177
3911,143
1965,3405
1068,3309
1192,3595
1682,1243
3503,4319
4740,17
3478,1316
628,3397
2314,797
2911,3584
357,1149
1976,479
2151,2068
1450,868
3822,3024
863,1225
1323,1790
4230,232
4275,3805
4323,1312
5004,1179
2202,1820
2229,479
1701,2101
4374,93
193,2855
3544,2134
2242,3096
4683,941
725,793
2083,1474
4231,4469
3382,674
4121,2078
2539,414
65,3309
362,525
1967,2101
112,1384
4473,921
1168,3262
4765,2475
213,4355
3128,1390
2970,764
2773,1119
337,825
1858,5058
1542,2907
3706,2855
4633,2979
487,93
2270,173
899,1317
1161,2196
3330,1567
2065,989
1464,2481
1423,4296
2494,1520
4899,93
4167,1719
413,262
3242,1384
1525,1775
5001,1999
1146,448
2014,3403
2263,756
4595,825
186,141
4458,1533
4562,2068
562,906
466,141
3570,3309
99,2625
3698,2459
5063,2989
2659,1556
2187,1712
3987,1119
640,4885
3471,88
3936,559
2212,3397
1263,446
967,423
4413,2199
2675,4579
1927,3775
3029,240
2699,1179
4762,2288
28,423
1254,1517
1207,2625
1060,3262
2630,4083
4895,1222
3876,4092
2807,3281
1660,1149
4106,4877
3834,3222
5050,387
4016,2295
2148,4685
1651,1016
649,5008
1836,196
38,1911
3039,1506
4052,2245
1402,2032
419,2481
2280,37
14,2134
2672,113
5032,793
1634,797
4797,519
147,71
2127,2815
2204,310
655,2721
1512,255
918,1488
2416,3868
3513,2786
2323,96
4893,633
627,724
2568,3161
2541,4929
5064,25
4101,3268
2462,1775
2300,286
1331,2064
1591,3254
1370,2614
1424,2664
3699,4452
1759,4588
3745,2706
2104,4355
2130,829
3882,1761
156,941
2688,745
4127,4565
4725,583
87,711
2714,143
4665,2064
3251,860
1932,161
475,2459
5007,569
3691,3787
3475,1488
4662,88
1100,19
1530,4674
3600,347
1548,913
203,3125
613,310
638,2791
1300,1488
2191,748
3652,519
2964,940
250,1902
417,163
135,345
3959,2420
3939,681
3663,3805
501,3525
3524,33
3559,648
3781,3592
1332,1658
4516,711
203,4452
1254,2721
1927,13
1251,500
2058,793
2604,3525
2860,2245
1069,3025
1642,1167
942,15
4394,2740
2488,2946
2759,3025
4430,1204
1264,1235
949,423
2749,997
3578,793
4021,921
3159,702
1550,17
757,1210
1088,3675
3699,243
505,3621
620,876
2281,2979
5007,3201
3714,2710
4592,4405
540,827
1993,2649
1549,4640
1141,47
632,1127
3636,2101
3710,2068
2221,110
1926,4490
4404,577
4230,4831
4142,4749
3040,2706
2111,4539
2368,3045
977,2135
3658,448
43,1391
1604,3060
3519,4097
2429,3206
1884,3460
1810,2339
728,2791
128,2989
5059,3252
2145,3311
5075,4674
210,509
3230,4319
529,473
4449,2012
1440,3460
2634,3905
1014,4353
3684,2012
3831,3045
1351,1167
120,648
3050,3405
3052,2649
5064,2068
3367,4452
4460,715
1298,2578
4461,30
1667,423
4297,4615
544,4353
845,1377
4693,1775
1933,1474
1380,710
4344,2322
2396,5008
1620,3125
5073,3165
1138,2126
2927,161
889,2791
89,941
3259,2055
2819,104
2198,989
3716,33
2190,3787
3944,1390
2544,639
183,124
740,1391
3434,710
5024,2386
4389,2008
4631,1353
5071,3868
619,1280
2957,2055
2886,3341
142,85
409,3599
2895,51
788,2865
1380,33
4231,2199
2992,4831
1614,286
2705,3165
616,4640
3483,2288
3446,3300
3641,1280
578,150
708,3445
857,85
2589,5060
4284,44
872,3109
3944,37
3217,3121
2216,2339
1732,572
4038,489
1293,440
2869,1280
2834,1327
3649,2938
1883,440
2580,545
5055,44
1626,3592
4199,3262
3782,994
450,3045
4295,1533
1107,1769
4434,163
1504,1498
1401,3460
4897,941
1530,1248
2383,4646
4204,5060
1267,3
4829,4920
261,2614
1710,387
2369,446
807,4355
1632,219
2792,4600
1686,504
1386,3281
2579,2333
2609,1890
3440,1050
2014,30
291,2840
3813,4201
1145,829
3915,177
2798,51
1462,1658
3026,1050
4821,35
1060,4314
2328,825
973,3729
3266,2371
1645,2481
2111,1474
650,756
4651,1400
2071,4902
2138,262
2692,267
4250,1563
4056,3090
56,3281
2568,3905
2563,2890
4612,145
2961,286
1615,2012
831,4859
672,2987
666,2475
4431,1319
2922,2625
4935,2769
424,102
518,1658
4794,345
174,854
1792,1377
3464,1902
1046,738
1468,1712
4513,1563
3007,656
2719,1520
3742,3805
4975,1149
3715,4902
2830,3445
2171,4296
3248,1006
4966,876
2143,1248
2457,361
3539,2101
3600,3729
1844,442
4868,326
158,355
4619,572
4270,326
3433,55
2806,2791
1687,1243
4980,47
2854,1775
897,756
4677,9
4108,308
2884,2012
312,2322
830,384
1078,1622
3115,2120
159,3460
1372,681
3359,3405
3022,1562
4359,3103
4100,4600
4609,234
3719,2781
4961,577
4651,2855
3613,572
936,1400
1200,3045
4962,1360
831,2377
2935,124
2986,2573
1936,221
4892,1210
3210,2134
3305,3910
2897,4049
3476,567
3407,25
4085,1179
2991,4724
1953,2459
2271,3387
2390,1353
1597,2840
931,1693
803,314
1677,2890
1218,3601
1856,2012
3859,1247
2606,3345
1029,2852
3131,88
783,2979
4555,226
3003,1319
517,921
4331,1761
1197,3879
765,4738
2213,4565
783,748
2077,3601
770,221
382,161
705,3062
129,633
2935,593
4095,1769
4523,3103
4260,1902
2656,3762
4481,997
2688,3024
309,970
3026,3592
2949,2625
1047,2598
2160,4749
2349,479
2517,2035
27,1783
331,4817
2011,3675
1367,3775
3962,33
4785,1248
4647,1360
4027,3403
4449,1225
179,397
4671,756
975,3941
1663,166
3958,2946
3772,401
842,3941
2246,509
963,525
638,35
4660,1502
1764,827
1252,397
4016,4469
1650,3262
5074,756
4213,88
1740,2710
3102,1563
4397,2979
1854,4355
3274,656
3720,1238
4495,30
1026,3787
2880,4749
3259,44
2067,504
2260,3687
76,286
1473,860
271,2578
3889,3405
4512,222
2903,397
3924,567
4636,671
1862,3879
574,756
1075,219
1440,876
3154,3610
5069,3601
211,88
197,85
2679,1377
770,175
1799,124
4001,3841
1090,996
4617,2573
3797,1845
4883,2781
2882,2206
4842,44
2753,420
2,1012
1882,1247
2972,1602
3683,102
1137,1552
502,2463
3145,2055
3828,4653
747,4490
1437,509
543,196
925,265
2138,381
999,262
4026,3452
4016,994
4377,442
1926,163
4767,141
3378,243
1473,265
481,711
980,1775
1315,132
3793,3972
4051,232
4952,2035
2490,59
3856,906
3174,1725
4124,414
2765,4569
1893,2919
4691,3300
2374,3125
1895,4452
1073,4405
1607,4400
2125,221
3400,3879
2954,989
443,764
2603,4371
250,2578
4892,4920
483,1775
3317,1658
4783,355
2311,345
4407,15
3208,17
2190,2068
1349,3201
5062,361
2277,196
3012,265
4655,4600
1830,829
1980,2064
3425,752
1521,1003
1592,3621
3216,2295
3784,1119
2809,173
4511,1622
2293,1130
2105,4929
4146,1820
4009,1400
2632,2064
1478,3215
2317,4674
2809,30
1543,5057
2995,583
67,756
3402,1939
4515,3262
378,361
3938,2573
3049,4400
562,4646
1878,267
2679,3675
2737,2032
2129,2459
1811,318
3017,876
4868,221
3813,3262
4847,2710
2839,401
2933,310
1473,2295
5038,3879
2292,2942
3216,1890
1569,1390
3145,860
1630,913
2122,3445
485,15
2780,143
3419,2987
4072,17
4396,1783
405,2008
2259,648
4614,2377
3111,1390
4779,446
1407,745
1558,827
2212,1586
4352,3311
2240,4569
3176,245
2271,1999
1673,1783
2044,2664
3932,724
4069,3125
4333,3381
3042,1488
1198,593
4401,19
2352,1488
4172,44
1401,4646
4687,1761
5075,47
4363,2295
2659,255
1770,3387
4564,710
2276,1845
4965,3841
1678,1012
2151,797
3013,2664
3419,2557
1335,633
3384,2068
2553,2890
1346,3206
4676,489
4081,2898
2310,2386
2140,4490
1290,1158
3938,234
2650,3403
167,2890
1678,1474
1733,1661
3723,4902
3612,2648
101,446
396,3842
4774,2791
4367,2199
2632,3905
4821,124
2952,288
1174,1775
2510,870
3028,381
4944,3381
4096,1317
3589,1280
4723,854
1774,3988
2850,3077
4075,1235
1142,702
2787,2648
23,318
866,1533
1605,1476
798,1248
1168,1225
3350,17
1221,2791
4482,1835
2603,764
3280,4885
915,4749
3148,234
4727,1400
3940,30
2560,2199
2796,2371
2684,3090
1070,3775
4545,342
4548,1939
4708,4104
3264,3096
3828,1003
3390,1622
622,1222
1665,4201
3505,876
4289,711
184,748
1860,3096
2409,921
3285,4371
1851,3805
1748,4877
1802,4831
3350,738
2169,4817
1988,2386
4453,1009
436,2740
1698,308
1884,175
2266,1009
640,420
948,2035
309,913
699,643
3101,3121
4332,175
2688,1312
1937,51
2830,671
4890,2625
2675,1712
1483,681
4403,3972
3195,653
2112,262
1381,500
4772,1783
4146,1939
2485,3109
4422,440
3870,4400
1407,2786
2360,2710
1738,161
4335,3397
4317,2288
125,656
1290,702
4808,13
98,1820
4111,674
3980,4653
4780,3879
4703,110
2675,2852
2636,1400
4923,2064
4495,3905
4544,1835
1342,1820
1161,1195
3164,2126
3158,3805
2313,1567
515,639
2023,17
4089,4738
3736,4083
3155,73
225,3254
3048,4579
1315,4854
4782,1502
481,1520
3119,4831
2587,4646
3707,3795
2017,3045
1723,426
4165,4527
3962,1502
3390,37
4725,1552
1536,2339
2257,59
3622,2032
2515,1195
2150,1712
742,868
600,1939
3829,442
3618,2135
3918,1498
1318,2552
4495,2195
3520,381
438,1248
1855,1761
2403,3941
1524,653
3271,1902
1385,827
3305,2625
887,1009
1351,940
1531,1999
3150,25
4562,4527
209,4674
879,2055
4327,671
5037,3795
823,4646
2323,2625
2900,1119
3240,1248
3686,2463
3480,3599
4520,446
1631,2008
3157,4920
617,1562
924,2852
1600,15
4478,3125
1382,3787
3946,423
2201,1317
4230,1866
4917,1474
4305,2721
3034,2055
4969,2035
2731,1235
2966,2078
3622,1939
977,1135
1448,4355
2185,583
2886,1661
4317,467
620,397
4152,3397
782,4588
976,827
2396,4929
2939,811
3916,11
1267,4653
1206,1003
1051,4738
3502,3888
2981,4400
2143,2055
634,384
2687,1520
3504,4738
2777,2919
1081,583
754,1149
4183,3968
1329,1783
3044,3445
1427,4929
1883,860
4977,113
765,3045
3871,4319
1053,4646
2723,2840
4887,446
2703,1658
2340,124
54,1622
1639,545
1187,4855
1878,593
759,1149
740,17
238,2439
3644,597
2246,756
1636,2135
4227,265
1483,1377
460,5008
4008,4145
389,5057
2825,243
4094,519
352,55
4443,33
1352,738
4531,3687
2684,4855
856,4527
4807,19
4443,1316
1168,122
2374,3405
601,143
4152,1719
2443,2831
1945,342
849,3025
4557,234
2841,124
4858,25
728,4201
1695,4092
149,175
2186,267
2693,3621
2242,361
4066,1586
1165,355
4769,4653
2498,671
4430,1319
416,1586
3297,1839
4543,854
1361,504
4712,2386
2593,970
3169,1725
1114,326
4622,4584
3331,2840
1949,318
2110,387
464,93
4801,3121
4482,141
1066,1006
2783,1016
4906,1595
190,2865
4976,4724
3976,5008
828,825
1385,44
3204,906
2243,1167
4085,3599
2626,4294
1722,245
3573,347
651,4674
5025,868
1724,4579
4638,4490
1138,1225
791,4097
3427,1488
4266,384
3069,3300
3956,2898
2746,1517
3308,2371
4961,4724
3860,2288
3084,3381
4142,381
1550,1130
914,3309
810,1790
3450,4314
2985,1480
1472,3910
5023,173
2900,265
595,3
2443,248
4964,3125
3479,2459
1646,1602
1812,196
1778,756
741,1360
2414,3090
4611,1502
2960,1111
2254,4685
1758,2481
1470,467
3987,161
2732,4854
2672,748
5053,2598
1616,3281
1459,648
4709,234
3113,2126
1430,941
1636,102
937,994
4705,4314
4596,1567
1548,3884
2799,1719
813,997
358,2206
3264,4049
2269,3201
214,2084
281,1280
2894,1506
2593,1377
520,143
81,1327
3416,756
4529,15
3417,55
2609,196
1538,2035
2730,2852
2201,4452
3202,989
3108,4049
4732,1225
369,2206
3824,3452
1928,2377
419,1835
1274,5
632,440
3589,96
2159,2697
4427,825
4518,122
4242,4929
1536,3201
2436,4092
478,597
303,2132
3848,2497
1537,1360
2461,1119
749,2052
1355,477
1791,3281
5005,3805
3447,1327
5062,1942
370,745
2407,854
1634,71
871,2339
2286,177
1559,1790
2715,3215
932,2831
5044,308
439,1149
2081,1009
3991,3445
4906,1243
3498,1428
958,4272
4123,37
2098,4831
4141,446
174,1835
2960,1835
503,3621
3275,1316
1631,3709
2357,1595
3690,653
371,3601
3799,61
2991,1098
170,1586
1257,394
4219,525
368,2358
468,2377
4895,4855
2654,414
949,1158
1104,141
2605,96
3658,3842
3771,347
1459,1139
83,326
2867,797
521,4936
4034,1003
3074,4855
918,3460
2180,2134
1510,342
851,567
3831,3910
3614,2898
3549,442
1830,15
507,509
1656,30
4276,2649
4683,2475
4251,3090
2301,597
203,4675
1868,3795
1665,3592
4323,870
721,240
1041,47
853,1939
3995,1050
1190,1586
2482,2124
4614,1384
4673,940
443,2671
535,221
3908,2865
4464,4296
3067,1139
2366,104
4117,2697
2285,104
1351,2865
4712,347
1174,874
2184,3077
4487,1693
1694,13
2308,3805
758,569
3630,3941
1441,1111
4616,1
2654,756
3229,96
2936,1167
501,267
3389,1658
1981,710
4787,73
1605,234
3854,3888
5003,2078
1941,4565
4240,1130
2314,234
3240,3988
2390,2195
2949,564
129,1939
332,2084
2719,222
4160,4296
1511,648
1481,3687
1131,2064
3593,3341
2394,1461
3453,2195
3434,3879
200,2134
4170,1839
4281,288
2759,2288
1531,4831
130,110
1455,2032
1321,2649
900,1312
4131,88
2191,2459
1938,1280
3305,73
2779,4371
3678,1238
3839,908
3507,175
4455,1939
857,3252
3850,2497
1424,175
1576,572
4528,4569
2225,3387
4841,1498
2198,3842
441,715
865,4272
126,1890
2002,519
1546,175
3821,3687
3105,467
386,473
4348,941
5054,2855
4459,3601
3575,2032
2044,3601
498,2124
3654,829
4655,2740
1074,2649
3375,2078
1525,2167
4374,3888
637,1461
4887,2295
4591,262
4267,1210
1764,118
4222,3888
1767,913
2341,5058
2009,361
1265,2671
3943,4724
3949,4855
4338,35
1854,1719
960,1127
4917,35
2838,3090
3124,2769
4349,1222
3401,1498
2744,519
2872,572
2246,11
1995,104
4573,308
4454,5057
2701,3621
4237,3109
834,5057
3820,997
1457,633
1588,1139
1645,232
728,1761
2982,4749
1156,2463
1827,1127
376,3060
1727,1384
1492,85
5011,2245
3153,255
640,326
3688,414
3750,3842
3318,73
3302,2008
3216,3215
4889,4405
1073,1552
4857,4355
1157,4584
3081,2055
508,2245
2251,1130
2630,2697
1411,310
2130,827
1402,681
2980,2573
1331,1775
230,226
2484,326
3427,710
1376,1130
3834,1316
3067,3775
4621,906
3119,3884
4413,3729
2708,2199
1976,509
4743,1377
2941,3252
4303,286
1311,5008
3854,504
4102,1
75,150
4784,3584
2748,3905
275,4653
1295,196
2375,1003
2174,702
732,748
628,941
3041,1845
3874,381
2889,4640
204,577
1047,3103
3139,4877
2888,118
1797,2791
4432,1661
1483,2697
2915,4929
826,1480
3718,4738
3929,347
2474,347
4804,921
4067,2865
4697,4854
3745,643
2073,639
43,73
2853,2648
1807,3005
2615,3381
803,979
172,3121
1541,1461
2568,2064
295,1911
4961,1602
2595,687
192,342
2619,2295
5072,2865
1120,1562
3078,3090
4348,4400
1240,3387
332,504
280,825
2560,1003
2488,2786
1081,15
3156,17
3929,1769
2293,2989
772,448
3124,397
2666,1247
1747,2322
277,1210
1815,4400
4906,2769
4901,1291
4760,177
3433,2126
4511,5008
3794,1179
4966,355
2811,11
1802,2938
3097,342
4441,4855
2875,384
3743,715
3818,648
2568,1400
1206,5058
1685,4859
4128,1902
4357,3687
3591,519
3014,597
785,1247
4922,2120
1731,2012
2039,33
1307,232
3542,1119
3244,1135
4462,2288
4306,994
1865,4738
1351,4731
3660,2855
4806,3841
3752,308
1239,308
4847,811
3187,2573
1089,1725
2734,2132
2187,3161
2572,2135
4562,11
2328,3252
1403,567
4774,2598
1173,1595
4789,4097
2372,3397
3418,4854
2095,4565
3286,1520
2382,710
4717,124
1893,3988
3524,1113
4107,2721
2480,724
375,1377
1311,633
358,113
3368,177
902,4272
4366,2481
97,643
3009,355
2130,908
1876,2979
3617,4877
4396,4282
5050,118
3863,2697
966,643
3736,4600
538,906
1946,4902
427,825
3548,345
807,5058
427,1517
4246,738
4369,4646
2272,1204
148,245
2933,3201
4348,1130
490,3090
3850,2648
1888,267
2871,85
4174,1498
1986,1890
1068,381
1734,1712
4273,913
4538,3387
1081,868
1462,141
3696,4223
3321,3309
3681,19
2236,4640
3552,489
582,1658
2608,17
1492,921
1988,870
2944,1775
1826,4724
1084,355
3745,687
1804,2706
538,3109
2821,633
3435,347
421,629
1965,2942
2021,4855
65,2721
4872,1050
1543,1911
1721,3452
4235,1866
2367,1006
1826,245
3898,118
1066,3910
1004,3161
111,4353
3416,3841
1216,73
2882,997
4312,96
3745,2781
388,30
1799,4201
3217,4201
1338,442
3029,4539
885,3841
4289,1498
4336,4936
2527,3215
2873,4588
1041,629
1264,724
2287,1225
2869,2086
346,397
1607,3165
705,3584
1313,4640
3330,2648
4568,1556
3063,196
3581,401
2077,3045
2332,2008
393,756
2378,870
4177,414
2850,4097
2169,2055
2089,1693
2492,852
858,3025
2141,1391
2729,1139
3753,3879
1008,102
3947,913
115,764
4771,643
3072,1775
1255,876
925,255
2575,1248
1080,442
268,440
4656,577
1322,629
3963,113
58,1790
4609,1319
1677,489
1256,1563
1988,852
369,1595
4794,979
378,2195
4589,1845
2806,187
4385,1712
3951,1461
1657,3161
2526,3005
4242,7
3241,3262
686,3445
4023,4097
2232,876
971,335
3029,3281
2734,797
4348,1939
578,423
4641,2463
2892,2497
4612,870
1940,3
217,1119
160,1902
2655,467
2087,397
4529,2206
2057,2710
4130,1111
441,525
3140,2295
2587,3345
2830,335
2296,1400
5051,3525
4410,173
1060,2740
3646,2055
84,3025
3166,4685
2334,4294
3869,314
1994,4936
4809,3161
1013,1562
5043,1939
3790,702
3438,19
3330,104
374,44
640,2840
2863,2086
4844,11
3367,1622
806,4314
2958,1480
816,2439
1075,4831
828,2084
1896,2008
1346,245
3087,1461
570,4355
3361,4296
2321,1942
2307,61
769,1130
4025,3215
1930,3709
789,1009
2026,124
2513,1476
4135,2740
1618,2784
2080,2101
1716,3445
444,4490
4783,318
3943,2439
3417,825
486,3096
3817,2052
1628,2573
3723,143
2553,4854
2939,4092
550,687
129,639
4270,342
3965,3910
2546,1835
4992,448
4955,500
1895,1845
3074,681
909,2648
2176,2938
2541,122
1817,345
753,308
1970,2865
5001,1098
3692,3601
292,4223
5066,4296
772,1127
2904,2333
2448,4490
4060,1502
3528,577
3093,1783
52,2497
111,4490
2016,908
3583,4685
755,1964
3416,2786
3043,166
453,442
4236,381
3659,1016
2950,3884
4509,1839
60,2126
2003,2740
434,3841
4794,1167
928,118
3012,2439
1980,1316
2054,1222
2253,355
3059,656
295,3206
4438,1050
787,829
720,2946
3746,2420
3803,1235
305,2946
4063,525
3137,1225
1290,4353
5052,110
3997,25
1432,1461
1887,4097
3523,2840
2604,4527
3647,1235
4510,2557
2473,3165
590,2938
4464,1391
1978,141
3192,1280
3458,2052
1741,1845
2842,1839
422,2195
2200,414
3975,4885
386,51
684,1902
1836,2721
2748,3709
2600,2497
4424,1291
3922,2840
502,3397
5073,994
5080,2840
846,1006
2711,2625
1072,1113
4930,3525
3220,145
3942,3024
3493,477
1853,71
4060,3345
2307,1248
1147,2840
2519,2199
2417,4353
4431,4970
1137,2132
4154,104
3350,1661
1962,577
152,1248
4458,674
2180,4490
289,2979
4006,2120
266,3972
4617,1839
29,2078
628,1204
900,1911
1580,3268
125,2840
1539,102
1621,5008
1099,559
2047,3161
1300,1586
555,525
2992,3121
3065,989
3524,3968
910,793
4265,342
1539,2987
4177,500
550,414
1985,1135
4564,326
3379,1622
4511,473
92,4877
1045,3729
601,1384
3629,3060
2208,3201
837,4272
3625,597
4899,970
4435,2855
484,59
819,504
2160,219
5019,1317
2038,811
3072,1502
776,1595
732,3096
1064,2052
412,3077
410,3125
297,4353
765,1533
78,3262
424,3787
5064,745
2153,477
3789,572
4692,2377
2637,51
3177,1400
1787,2697
3363,559
4903,1461
3974,2919
1389,2989
4977,1127
965,3403
4245,161
3181,2459
41,381
4080,1312
456,3709
4952,2573
4258,44
1531,414
4494,1006
802,1006
2535,2135
1588,3024
3220,4653
2939,21
2653,1769
890,381
3094,175
1665,2865
2800,2721
3195,1130
3021,519
2662,173
2003,3309
2115,314
2565,3842
1491,4936
4943,347
2014,1327
885,3445
1655,255
293,811
4232,1761
4131,2989
2826,3888
3933,21
4495,970
312,2938
798,1942
3241,2769
4009,4049
999,2815
3189,1195
3056,1167
4025,2339
294,463
4619,3888
121,11
1687,2245
672,373
4101,1488
268,1498
3917,3161
2130,2245
3653,7
1973,1552
2595,2055
2583,1158
2768,1139
484,2196
2237,1488
2275,633
2422,1602
3913,827
4544,2938
1884,1488
2703,793
3571,2781
4410,3
3054,7
2798,5057
1323,852
795,997
135,150
2961,1563
1887,970
3406,989
4835,1167
4889,1149
1601,355
3417,2206
4658,1964
1029,1552
2254,2706
4923,710
798,509
4485,373
2629,3675
2405,3387
1284,3060
2476,73
4702,166
2799,3387
3850,1291
2294,4855
2114,4201
2122,715
2382,1939
4506,61
2628,347
3895,265
1504,4294
3052,145
3117,1139
4793,3381
81,4877
4361,25
4063,4929
3123,3592
3696,326
646,979
1985,2979
3112,653
2389,288
5017,2052
2881,4282
801,752
4195,308
3095,1832
497,2463
2436,525
4204,702
1417,1316
3878,173
2887,2012
273,4314
2428,7
2600,3888
4497,1520
655,1658
3140,1098
544,4854
4794,4920
2349,2135
3128,764
111,3060
4331,479
650,240
4516,3341
1916,3252
5081,3841
1884,4539
4399,3090
2509,467
4230,3281
4981,4615
2452,4817
2960,941
369,1520
461,756
4869,996
14,234
2362,2339
4132,656
2630,1890
4594,361
2210,4539
3233,161
4512,1506
2896,2322
2400,1533
1497,1488
3463,4885
28,113
2357,3381
436,564
1268,161
244,3019
1677,3387
3260,5058
722,61
1385,1533
4477,1155
4011,15
1663,4319
537,2012
3619,3884
944,222
2434,4584
1350,970
3994,124
1829,2195
570,104
296,71
550,3062
2496,9
1853,4569
2726,3397
14,3005
3682,2055
2849,3125
3093,2740
1240,2791
3357,979
1643,648
4476,1661
3170,4885
1809,724
2216,4831
4708,3888
3652,3024
3010,4653
3810,1761
2395,196
3002,868
12,1790
4750,2101
2311,4092
4438,3787
2163,288
5005,1248
3963,3709
885,979
3020,2196
4098,870
2036,1622
4999,1050
3772,3165
1601,1243
388,1520
3290,1890
3719,1195
1762,88
3594,1622
3104,860
1837,2124
969,4731
2503,4565
3294,1845
1192,2497
1759,3795
1594,3165
2794,4569
2825,3262
31,3060
3117,715
5073,463
4619,71
3617,643
3008,597
2960,1890
319,335
2932,166
2405,2358
4288,2942
3680,648
4078,55
657,2769
2519,2322
1854,3879
3955,2898
4779,394
252,145
4430,752
2931,102
4271,384
2201,2055
1001,414
2613,2288
487,17
4221,3300
2750,633
1967,314
2369,1428
1899,1552
1088,2358
1213,3601
1249,4355
600,1384
3603,5008
5072,446
1928,970
337,4724
602,4104
4186,702
3880,509
3286,2120
1849,738
212,997
4836,446
4593,1476
3466,104
1379,559
2219,145
2109,423
1752,1319
2103,3403
3974,448
4207,3775
1240,5060
4501,222
1570,921
4221,1155
1883,124
4669,3077
108,2120
1634,1158
5030,2791
2096,1832
3290,1942
3147,1911
3887,711
1966,1902
1068,477
4601,2786
1433,104
4054,970
1094,265
4170,37
2934,4674
1076,2648
1445,1009
4858,150
2695,248
3695,1377
1584,2497
1013,1155
798,1119
1907,3309
4191,756
2056,1562
3692,3311
478,335
3269,1098
2464,1327
438,4859
2471,4646
392,2784
1924,1476
4725,1533
2047,4749
2532,1942
4973,979
204,1661
4166,347
1722,243
2996,593
4315,2557
1614,1835
3694,2481
1883,4097
5001,96
4475,3675
4015,3060
548,5060
3518,3842
3329,401
4631,994
3689,1149
2300,4749
1489,141
4507,3842
4968,2064
2276,500
722,756
2672,267
1255,4527
4918,4749
2970,1312
3915,2786
4641,827
1090,267
1784,2032
4778,4685
3933,1003
4524,4083
2473,2890
1451,1586
741,3868
1767,1942
257,1502
1986,1243
4889,4855
826,3599
1206,4405
4148,1562
3897,3592
2384,2064
1513,545
2934,4653
907,30
2436,4296
1022,1353
2045,4831
3290,11
3673,3201
3857,1964
3182,21
4427,2840
4038,4314
4392,997
3813,221
90,921
3029,4920
4840,345
1504,1179
3182,1712
2242,2012
3740,3254
948,2942
2999,994
3510,3795
4385,2697
1551,2898
1302,3201
2909,2245
1338,2649
4389,643
