2447,342
1128,3841
1953,1360
1246,4296
2750,4854
2712,3972
3724,2463
3542,4584
932,21
2921,2598
4023,243
3194,4885
390,745
3384,648
3269,2439
2062,4902
4345,519
3958,2791
4976,687
3294,30
216,2135
3666,1353
4399,4371
783,2377
3023,5060
4432,653
2741,1158
3503,1562
3415,3972
1641,13
1921,525
4594,2245
3791,629
1873,1790
2961,477
2207,997
2789,559
1091,979
4450,1658
2479,3675
734,335
2007,2012
3011,394
1486,2706
2491,4272
3313,2552
4577,1235
3137,870
4533,3045
3069,4920
2572,4223
4489,5
3875,996
2058,1353
2867,245
379,2167
4191,3910
227,2124
1479,1210
3671,342
1731,545
845,3888
4528,1622
2969,3309
3753,715
2255,4615
3205,310
1827,3024
2765,489
609,1195
2306,1562
480,219
3803,1377
4682,222
757,2664
3540,3868
1254,2008
4014,4405
2294,1222
1683,3060
3887,1050
3293,2288
3732,4749
2210,3281
1457,3941
4988,3601
1321,2831
3639,401
1559,4145
4044,583
2708,2463
3046,764
3862,1712
202,4588
1791,1658
1332,3709
1620,166
2858,852
1753,3841
3694,387
1382,1179
918,2664
3541,1319
1780,1964
2905,4049
889,4452
4108,569
2054,2784
1078,3687
3542,4936
3751,2463
2796,3165
1919,4675
327,1003
2993,3341
3256,797
4620,4353
213,3968
1877,4854
2460,2890
2205,4724
1283,1280
3033,4646
3998,567
4631,2710
3041,1839
4157,4855
4474,1835
4442,1009
4194,3842
3840,4296
1073,2671
2385,2706
2330,3125
1145,446
530,4675
714,4490
691,2032
3079,1127
1499,243
3214,4920
3551,442
2031,906
2684,3311
3487,2710
3267,1247
590,288
2965,4817
3596,3868
5072,748
1166,2987
2365,4294
2106,629
4477,3452
2027,2942
4842,906
2089,1167
2093,793
2259,827
1529,825
5042,2084
1081,384
3847,5
2638,373
2811,3397
4126,3268
3375,1006
1381,477
4250,4920
2870,738
4761,17
3392,110
3160,1360
4292,4049
520,745
1397,5008
2906,2288
2767,15
4475,2134
3696,2439
1383,143
4202,1316
1131,446
1922,1003
542,3165
1402,1195
4256,1567
2363,2078
2076,187
264,593
3937,906
1154,996
2981,232
1592,2815
1463,132
2921,4653
1086,47
4440,2333
130,2664
3682,702
3091,113
1762,3988
3259,1235
5013,648
1537,1775
4887,163
4,4314
4703,2134
2996,2055
4266,827
3541,17
1146,2035
1762,2055
4502,2740
3190,2132
1958,1480
2252,288
1109,2614
3306,243
2185,361
1512,852
1150,2078
4465,1050
321,3687
2025,2648
3513,3599
1989,3005
3625,2124
441,874
474,3381
4333,397
2102,401
858,1155
4767,1210
275,3161
1930,2907
3527,2557
2620,979
2363,1280
4913,232
3214,3729
1641,2831
3126,347
1445,3121
1296,104
1416,4565
2944,3161
4246,1902
4465,639
3537,994
1131,4353
2072,1602
2281,166
1440,221
2651,1942
3866,143
2504,825
3512,3592
3375,473
2373,4902
1093,2598
1475,2167
422,545
678,3775
1322,3795
4481,2084
4994,653
270,597
2455,2907
4471,173
3987,2420
3777,5057
2881,30
1290,3222
4878,1835
3774,1964
1251,868
1464,3805
4361,5057
416,1167
4198,1098
1169,4097
2529,420
1144,175
537,921
2757,756
3326,145
4658,3805
3055,2697
3350,3595
2817,477
2348,559
1365,1556
691,1661
881,4615
2686,643
3566,569
4086,1050
1831,583
553,906
296,2377
136,4201
2437,3311
3073,1769
3526,219
4666,710
2725,738
1667,347
3091,2206
2303,970
1762,71
2053,37
704,2671
1585,860
3802,756
2805,4092
1031,2086
1636,4049
2298,572
689,161
1794,2710
3459,1225
3368,2578
3486,3972
4941,4201
2571,569
1282,4452
3048,314
3067,118
4636,4371
2766,318
2741,3387
4623,2420
2279,4646
2003,177
3087,2206
1091,1247
1443,102
3975,593
4205,2195
4360,656
2365,2938
1522,2135
1174,2740
1847,145
3132,752
1551,4405
2300,2377
5007,3905
418,234
1401,3341
4617,5008
3189,4831
3694,122
560,15
3208,3729
4993,477
1868,2781
3540,4452
1758,3687
287,394
3442,2167
2806,1204
1720,4371
3178,11
812,2625
4700,1712
1954,702
3861,1506
4098,1012
4572,35
1431,4674
1102,122
4253,1506
1069,1533
2072,226
1102,2740
2583,3687
726,1248
2892,2120
4154,1113
4667,150
337,2120
2856,88
2312,4600
3106,4646
4756,4355
3750,3805
3678,2068
3746,3595
1343,1327
3810,1130
2780,1845
4200,4296
3571,1248
2622,868
1067,143
1570,1360
338,3
3594,1360
3454,2134
2384,3841
3087,267
3508,1098
4453,2831
3820,2852
3166,752
1756,1006
2998,3206
3916,1725
2510,219
1099,3381
935,1353
1304,489
991,93
2422,248
4863,745
562,559
1765,4145
2344,318
1032,467
133,3252
1572,4314
864,3103
3917,756
4589,3403
4440,3165
4682,2890
2133,2459
2423,989
4999,3879
2813,85
4814,1517
1281,3525
3324,4527
2782,426
3993,3387
4506,4936
425,3103
897,1248
2187,2386
5001,2598
2002,1461
4861,1360
4181,2648
2061,33
3317,2196
1688,2078
935,4469
2191,994
4563,1498
1601,827
812,3884
606,2333
3333,4371
2267,3025
731,3972
4923,30
3018,3841
4367,2084
2912,1790
2461,3972
1403,3868
4019,1195
3250,3968
3543,5
2277,874
3742,4565
692,3125
392,1238
3555,2199
3474,2126
2246,3841
4300,1222
2148,2989
700,994
5041,1016
3273,868
4680,2339
23,2064
2966,3601
1831,2840
1980,2614
3278,748
1065,1661
1632,2288
3952,3445
2112,2245
22,3910
2733,51
4100,4738
2477,373
511,2463
959,545
3754,1567
2762,2481
422,639
1198,1158
2833,2008
410,811
379,3268
1170,51
1955,3709
1021,1113
2251,335
2324,15
2732,124
755,11
4375,326
895,3709
1794,764
1888,3215
3033,1119
4430,1476
4760,2288
5040,738
2361,876
3585,3215
4513,2322
2647,2196
202,3096
2490,4817
3075,519
3348,687
4335,3621
2601,102
4985,874
1946,504
4486,1769
441,3787
3196,1317
2073,4049
1767,2124
3013,1009
3938,318
1187,1012
3022,577
3912,989
2825,145
3308,1488
3029,1835
4291,1658
325,3842
755,4469
3881,3584
3258,2907
284,5008
4645,2086
1681,1
2632,756
3980,797
2346,1280
3277,4724
3563,3599
1710,738
2608,2481
4794,21
4279,479
300,2907
4082,3599
1373,446
4422,4092
228,3090
3312,4579
1830,310
1381,4854
4979,3968
2171,4092
1532,4371
4054,222
2331,2784
3169,4405
773,671
1551,504
1348,243
5036,3968
4922,288
2747,2578
4354,1866
329,221
1920,387
2689,161
1189,232
2444,854
4496,3345
3834,687
1475,4527
1433,1520
294,262
3705,4831
4510,308
1437,852
2490,3254
2736,1832
1260,51
942,3610
300,3121
4786,1769
4237,4083
4333,4371
1782,710
4875,2578
1728,3165
3617,4319
305,2386
4009,1280
2983,1845
4067,908
3976,1111
714,426
2878,265
3502,711
4363,1533
610,2135
3279,2987
4818,3709
2060,996
323,3868
1297,345
3516,1179
4982,860
1028,479
70,401
1527,3341
4020,397
861,4092
4369,9
3498,4049
2632,738
2461,2068
2011,2386
4217,1113
400,572
4125,854
3654,724
3522,3341
4076,996
4677,793
1035,1556
967,4490
4553,1151
4893,1622
3323,4831
2262,1820
3613,1135
1339,3403
2158,2339
2251,13
3559,3381
1512,2840
499,797
4168,748
2920,1238
2360,4646
2474,2064
4499,3460
3631,1761
2875,1360
1191,286
1099,1562
3752,2578
3951,2322
1345,4092
14,4674
3202,827
2028,489
2474,4738
4598,4355
469,442
4246,1016
4373,1658
4983,1009
2129,61
3507,1050
1489,3787
2973,1866
3618,3201
2712,4527
320,876
3629,829
3793,2135
4053,913
2714,752
1968,1235
3468,643
3056,489
841,245
1446,572
1670,860
4360,3795
4949,2815
3291,145
1093,463
2743,2938
2652,1595
4722,1119
4594,1384
2955,2288
737,21
2236,3268
3858,387
4435,3452
4241,829
5017,1964
3238,2979
471,1006
3919,4584
3179,187
679,3103
2467,4400
2328,2358
3154,3125
2263,504
707,1390
447,2987
3471,2786
4864,2196
2361,3096
4360,3968
1275,921
3155,3045
4946,1520
3885,764
4449,166
4681,3941
2568,1595
1105,1488
1692,1562
46,2012
1578,267
3937,4749
3139,2101
2933,2206
137,267
3899,145
586,2196
765,3405
1464,940
4318,979
659,1312
1759,345
3778,248
80,3341
2261,3345
1787,3222
1879,1790
1329,262
4996,2086
4360,4738
1324,4877
4383,4400
2571,2557
2002,1149
1913,2196
1904,1113
1439,564
4069,2167
4913,4731
2224,3045
4040,55
202,2055
3831,2781
1886,118
2737,4469
2299,3345
1799,2987
130,3109
4352,854
1672,653
758,4920
1274,5057
3335,1243
3603,593
1615,4929
1469,2475
4858,4831
5010,1149
2690,3222
1018,3601
1982,825
4752,2840
1802,387
717,597
4293,1480
4733,3387
4547,2008
2422,825
4975,504
4467,1533
2613,3868
2624,525
1047,1225
2662,163
1864,477
924,448
2486,3019
483,1712
3151,37
266,3222
4701,3025
4716,161
3490,1939
2057,1839
4605,446
3934,3222
2155,2784
3040,262
4910,1
1637,687
4103,2865
3870,3268
1018,1939
585,3884
1442,1009
604,996
4768,1839
4523,414
1589,1761
2877,2420
1752,1488
787,3300
4102,2196
4798,1009
2340,2938
3313,2134
5072,373
2818,1964
4098,4600
1108,177
3619,3300
883,2942
531,3592
2749,4145
4088,4083
483,226
1344,4469
4261,255
5056,1391
1950,4469
2287,564
3797,33
3196,310
2751,47
4240,2178
3793,940
1545,1317
3527,3222
3479,941
589,597
3763,30
53,1235
1220,1319
3520,2784
1355,3262
635,85
253,2420
2850,2475
2958,4902
1913,1210
1399,2371
1214,177
3788,2052
5025,262
1484,88
3328,318
4013,1835
4026,4469
2130,2710
4562,355
1201,2377
4516,4371
2954,874
1683,913
858,3062
4958,477
253,1622
2931,994
2945,1939
2486,745
1582,85
1467,222
2755,2086
1088,745
171,1113
3792,17
3013,1316
1613,2989
4905,2068
2506,996
4509,2942
4689,1225
512,4877
476,2664
4649,989
3628,420
2373,3968
1043,1248
2802,648
839,1003
2327,2573
3342,1098
4370,3215
1045,1377
2577,2784
5035,361
3834,854
4158,232
2833,2942
1049,1210
4623,102
2531,361
3800,2840
1815,3610
889,143
1015,3687
4932,1130
790,55
2454,2459
2311,748
3633,2625
1612,710
4933,4600
4224,3729
4510,4817
4519,702
3590,4600
591,9
4131,1520
4148,1586
1645,756
170,381
3253,44
4169,633
4190,941
465,1327
4180,4685
972,4104
3114,3592
4031,509
2253,3103
1362,1964
1359,1890
3862,2740
1636,1127
3612,4855
4546,373
697,3884
1811,2573
411,4674
368,141
4895,3775
2615,1317
2703,1111
1938,2552
4697,1939
1978,4223
2183,467
4493,572
3982,2625
2870,11
4681,2439
4028,1712
3474,143
4987,4527
2978,104
1962,2598
379,243
4341,745
3273,3165
2915,1567
3218,2012
4390,4877
3432,2865
3662,1783
1670,2288
209,2052
3833,567
2368,4097
253,913
3349,2196
2651,2781
3536,1003
790,1016
1745,1999
5015,633
2235,2648
3638,876
362,232
885,3610
4135,2898
1019,1222
1532,3
2981,633
2602,756
1737,4049
4951,326
2274,3387
3200,55
2228,2032
5014,2740
4886,633
634,2459
2988,876
459,3868
4419,3252
199,2439
1751,1155
1869,3762
3773,941
918,4294
1869,414
2927,2035
2214,122
4411,4314
2592,1280
3040,4469
1847,1247
1324,4640
1929,4738
4392,11
2468,1009
1450,825
2642,122
4721,4831
4748,1586
4233,4049
4285,4600
1492,710
907,1400
1655,4731
2962,3445
3173,2199
3241,1016
2568,110
554,811
2680,3090
795,15
3256,219
1807,1866
544,1127
1739,3584
873,2557
1521,597
4857,59
2626,569
4040,401
3546,1360
3836,3884
4220,1113
3607,519
2975,970
487,2740
2926,906
2657,569
4901,4400
3394,1586
4638,355
733,1556
1844,702
4280,163
4243,793
1372,545
2464,3525
1742,21
2617,2671
3080,797
4548,1312
3522,3024
2066,2134
3261,3805
4554,145
2193,1312
3266,1003
4199,467
2187,1050
775,2035
3111,1151
1749,4145
410,3341
3847,221
4745,2035
3537,1552
3002,569
2272,124
1154,1316
1765,1476
1450,1317
1588,473
254,2784
2631,876
2299,143
389,1009
1101,870
4485,345
1838,15
2456,226
4870,4877
2130,1845
4993,286
2100,2199
695,240
1639,1167
5045,2784
3269,3045
3435,671
630,177
522,262
2321,2625
4852,2206
2416,2625
3627,3675
1513,3345
1709,2463
915,2721
1418,2012
3469,4653
1737,2740
2502,93
1635,397
1992,3905
3591,3599
1224,4405
3178,2840
3240,1725
2320,4294
3970,489
3959,4049
679,4859
3475,3729
1059,2068
4394,345
609,1135
2324,989
2297,1761
3431,4584
4313,175
4835,3460
2577,2481
1614,93
4976,2919
2521,1725
1729,355
2235,1
2041,177
3567,671
45,2032
704,3109
1257,3121
2070,711
1549,9
1522,4097
2233,913
2550,4920
918,2358
5011,4272
2641,1312
1936,1725
1843,1563
2026,345
126,3281
2444,3787
3703,545
2191,1316
607,96
131,1391
3049,96
4729,3595
4158,4527
2442,996
1239,639
3102,4565
4690,559
4315,1461
3179,3062
2568,1428
973,113
3036,4724
3858,2035
94,2288
1218,310
1478,1238
3777,2055
1264,3060
1596,825
4059,3005
2646,2786
4693,1839
3178,3300
5007,25
2770,2831
2065,1003
945,267
3366,3125
796,3125
1523,994
465,4355
1346,1775
2976,1353
4061,442
3887,1964
544,3125
4377,145
4220,2475
1269,187
3293,3090
4867,4855
2595,414
464,764
2360,55
3033,3215
3860,3621
1249,797
2587,648
4839,764
4434,3019
4030,4920
1553,47
1728,3452
4033,2371
246,1783
1138,2371
4590,702
1385,5058
182,1009
2471,2206
4686,3988
2600,326
1229,639
4605,3311
2011,3452
4066,2459
1588,2064
3925,1390
4197,1225
1379,3842
722,3
1670,4615
1160,2786
2685,381
1570,2035
1740,423
2743,93
894,1719
1169,2420
202,1135
3725,177
3358,426
625,1942
1883,639
3317,3879
1185,2068
4322,519
4382,3381
2293,219
3780,2245
4238,1939
4459,674
3816,2463
3353,2439
601,314
2555,2852
432,1845
3816,989
787,653
2914,1167
4001,829
3874,3621
2113,1428
3664,145
4533,756
4089,996
2503,545
3393,941
3340,748
2679,648
2939,1235
341,4104
2095,577
4827,656
4476,648
2079,854
2057,1661
5013,1119
510,3805
960,940
1477,3675
2158,35
3489,3103
3615,3019
3267,2649
136,141
692,3096
2367,5008
605,21
1524,381
662,196
212,4490
2024,797
1553,25
3921,1911
2758,827
3294,2035
3130,2124
965,381
3213,2497
2605,1964
2790,3090
404,163
2873,1248
573,2199
2180,876
1049,1377
336,2068
4843,687
3409,4400
253,3941
5069,33
1462,1911
4796,2769
3486,2101
2955,3621
4454,3841
1672,4223
1819,4749
3909,2648
4636,3125
3079,1488
144,1050
4552,3281
2873,1474
1086,1316
1412,479
4758,4319
578,583
3470,11
2661,2697
3074,870
2407,1775
4878,2055
722,2938
1836,2706
133,1113
1583,2333
1640,3005
917,2852
81,310
2561,970
2262,4885
1642,2786
4705,4405
3251,9
4981,3841
2885,913
3464,3254
2867,2084
3421,639
2711,387
1585,2008
3229,1474
4313,2497
1891,2035
4240,1839
303,3045
27,572
4904,1658
3158,4405
1460,1006
4687,145
3442,161
4814,2481
1443,1602
924,2648
2403,2339
4462,827
465,2648
413,908
144,629
1509,4314
3143,4272
220,1280
3193,994
2718,3077
4129,318
1792,150
2303,2475
2157,173
4641,347
1522,1243
4362,710
3217,1567
4113,994
1208,2552
1648,373
376,3905
2518,3452
4466,104
4068,1204
3755,2649
1323,653
98,1360
2532,1098
18,3254
4412,5060
558,1820
2577,3019
1579,2012
2021,1939
48,4731
3330,4685
3860,1353
334,1327
1971,854
3730,764
4035,463
1659,1783
3676,3121
4383,19
619,150
69,979
3185,2946
1991,2852
4100,941
2549,4201
776,4371
3433,868
1858,569
4153,4738
4217,3445
242,245
2348,970
1363,1761
3356,4902
4754,414
1791,545
1630,219
1706,267
2458,4929
4709,752
3626,3601
1085,222
3449,1400
610,318
151,1832
1673,1832
3642,73
1538,448
3829,1225
2356,3452
2119,3888
4704,2890
2287,420
2271,245
4039,674
2635,1476
1099,639
5020,745
1209,4685
1854,3025
296,1480
3028,489
424,1693
2416,4282
4530,51
4807,1119
672,73
2584,1291
4174,1474
1005,1567
4262,1360
1495,2439
5034,477
1912,361
438,756
1253,997
1147,110
1073,489
4743,2648
3498,876
2943,2769
1784,163
1456,3968
2363,715
4133,2084
2016,1248
3892,85
5027,1098
4491,1820
2668,467
3522,1506
644,724
3750,1006
664,1563
2025,3452
1178,681
1493,394
3867,3077
4969,1113
953,681
2623,1
3287,3972
369,232
3605,85
2406,93
3918,132
322,318
3977,572
159,913
1415,3262
735,4565
2273,5057
205,4640
1648,2919
340,1562
4898,2781
4381,2919
405,1942
3497,3452
317,2358
3111,3300
2754,4877
1720,3405
4302,687
3871,1556
3342,226
3638,1247
2561,1151
2709,21
3895,4817
1726,4854
3037,4854
3683,1769
4467,2124
4777,286
3874,4588
4396,860
4431,1135
4613,4104
1699,1167
4463,2552
3613,3805
3366,1832
1651,3206
379,3096
1628,1725
4736,3884
4057,13
626,3795
2276,1238
147,2614
4267,3096
136,1009
4611,1210
3208,1317
549,1533
4192,994
3931,2135
3819,2245
3244,4877
2998,2938
917,4674
3056,567
3906,567
3865,2989
2996,4294
4253,440
4235,3311
263,852
5016,5008
2932,2497
2317,1179
2911,2907
16,2784
2760,1480
2518,2086
1824,2078
406,3201
408,1866
2644,3024
691,3805
83,2288
2100,2178
3001,639
4473,1939
3411,196
2640,355
4415,122
5002,2831
43,1248
4965,4282
2102,2557
1722,906
3026,4223
2875,681
1239,3096
4563,1790
2605,150
2115,1890
3948,500
920,104
4951,1151
2238,1845
4389,748
2996,479
2857,2371
3318,1520
2821,724
3322,715
4163,4083
2090,3060
4437,240
259,221
2695,4296
4796,3077
2743,1235
1749,1839
1255,3968
2589,2055
312,71
3637,3201
880,3805
48,577
949,1769
2637,913
1171,463
1041,1506
2393,314
3894,3005
3174,854
4276,2706
4807,232
3430,2064
3312,113
2147,4674
2996,876
144,671
3572,387
1741,1400
4657,93
1328,2339
2398,1602
2157,4272
2160,4854
2031,2781
3511,288
3002,2052
1972,572
4176,2831
5012,3621
3115,1327
3649,1149
4297,3096
3534,745
3540,1390
2900,2865
3235,2126
3483,2135
3526,1353
1990,1222
2058,4685
2370,2942
1174,37
201,394
4544,166
4378,1832
1660,500
1242,4584
566,4104
3730,2791
4133,4569
561,1520
3764,5060
2034,161
1537,4469
1417,3675
2644,633
1637,1130
4236,187
2973,2035
837,2898
3865,825
2031,764
357,4640
697,1775
117,3024
224,489
3853,2068
783,3215
2415,4527
891,477
534,4355
4887,1119
1114,3252
4544,1327
3769,2648
4558,3341
1489,4355
2243,1820
4906,1719
611,3675
2538,401
4207,4097
421,1012
3478,4201
3665,941
3133,143
2017,318
1669,477
202,3403
3940,3972
2140,387
2160,1783
2975,3884
2298,4104
4055,1461
902,2135
4609,3795
1214,3397
4222,1502
360,2064
4689,997
215,222
676,860
4556,724
1874,387
3597,226
2163,3729
2296,2032
5005,1391
2426,9
2001,3403
2075,4490
1073,4355
3324,4929
2711,2552
4427,2064
879,4859
2704,326
390,1127
3647,71
2931,989
1356,314
4627,3345
212,5057
1123,1
1418,2195
1898,47
315,906
877,3090
4336,442
3313,1111
5050,3888
5016,854
4619,467
293,1693
2661,163
2996,4749
4349,2086
2877,3762
3241,245
1796,3215
2211,564
4850,2769
3042,970
2367,3345
1503,1517
204,17
5002,2196
4631,525
142,1149
3862,2078
4467,104
3712,4855
328,2721
3301,2598
4873,3222
321,132
1425,2134
4504,13
4510,3621
4417,874
1475,1562
3783,3165
2053,3005
2903,825
2082,423
1405,401
432,3206
2928,997
3122,1167
579,4855
4218,118
4753,161
2222,525
2141,3201
4961,1384
2462,426
3499,2721
1262,245
3668,232
856,2625
2900,4584
2544,19
4288,104
2490,51
4604,2598
3431,1942
3808,2199
1551,347
1258,868
323,2339
48,479
1095,3675
2375,166
215,93
1200,2295
1033,906
4848,1563
259,9
4912,3381
2343,3888
3665,1719
2759,1238
2041,4584
2269,2052
1420,3222
2715,442
1202,2134
3467,17
1967,738
3290,314
4686,2124
1434,2987
4311,1377
4511,245
1052,1964
4755,1
1293,1280
5038,4584
2257,4936
2770,463
650,2791
1007,308
3730,3215
3785,1238
4212,3709
3588,1719
1666,941
4647,2288
359,255
63,3842
4303,1480
2474,1783
4025,2134
20,401
1486,2134
1501,2333
838,989
4006,3403
985,1317
125,756
1747,1563
1104,1783
4070,2078
2042,255
1746,3024
4632,1517
84,1353
1610,1719
3366,3729
1239,3341
4667,2178
4985,361
2079,4831
885,4083
4244,4749
1142,852
4665,2557
4722,4929
3046,71
5042,1098
781,1390
4140,3341
2250,1158
14,1319
5047,2135
1445,3452
3961,1911
4085,979
3883,2855
4792,4371
4587,5060
610,1139
2851,4854
3323,110
3487,51
4649,854
2302,2781
3496,756
4102,1556
2033,1155
1780,870
2154,5057
4961,4970
2988,234
4826,102
5024,2786
3372,4579
2265,1783
776,314
1031,4355
1816,2078
946,118
3993,2463
260,2084
2125,1167
4896,3762
4771,318
2968,3460
3926,3795
5009,629
3056,1139
3462,401
2272,1474
1547,19
1472,1
4432,4400
3626,1130
2099,1725
465,3005
1132,1517
4195,2573
4367,3968
1367,4674
883,1317
1581,2012
2329,3968
225,265
4863,994
4864,874
3900,908
3712,4674
5054,653
2515,4104
4729,394
3430,3805
4139,4296
4670,2697
4496,355
86,2769
5029,71
1797,3879
3833,2840
1026,2942
3136,102
1963,1
614,1009
2729,4902
1920,3062
4521,1595
3101,51
3433,1327
376,4731
3744,3090
3848,2132
1531,1130
4514,1238
2582,2578
3294,3888
3402,2132
4512,3005
2021,509
275,308
1777,2035
1532,420
1979,2459
2292,4579
4981,1
1423,4353
826,3103
4545,463
2268,5057
4250,3595
4959,308
2505,2898
3977,1400
3705,355
3290,3161
3752,3972
2474,1119
2732,1135
1430,2946
4874,2078
611,876
4713,4469
4745,1225
3589,4083
2969,384
2788,854
2162,1820
4638,3300
4836,4738
395,2706
160,2557
1946,827
2209,4855
2661,3121
1625,504
3536,4584
2349,47
851,59
2964,3262
4054,4371
3389,2625
2088,2035
4974,2497
2595,4083
4285,88
2281,4223
3442,1911
3852,5058
4369,1139
763,1012
4297,2420
2413,163
1318,326
2787,874
2279,4653
2714,150
1843,335
1285,4282
2212,629
1708,567
402,545
183,420
637,4294
137,724
4606,1902
374,3121
69,423
1347,4724
3980,5
1249,2035
1503,2840
1641,3345
2636,2333
4537,2664
1613,639
1278,3096
2738,4855
3660,4674
3146,4296
2776,2898
3896,17
885,860
4190,509
2506,1775
3890,489
4917,1964
4973,906
880,3762
4730,4569
2536,420
4716,1225
172,2196
3122,1506
4343,1820
3835,245
2433,1520
1969,3595
4619,1474
1334,5008
4711,3762
1270,1942
1778,2055
4143,3968
5004,4145
32,426
39,4223
2024,2459
1161,345
1862,2245
1507,3621
1697,3201
1447,4565
3647,2919
162,318
2838,47
368,1111
3197,876
4621,2322
4815,2322
1947,4104
727,2855
4048,2578
336,3884
673,2132
1799,387
609,504
4526,479
3908,2086
4005,656
1875,3795
3016,448
305,3787
2406,2942
1872,33
4589,3675
3166,2134
378,1247
1876,681
1605,187
3932,519
237,4831
2183,1238
4796,1222
3256,970
527,4049
2674,567
3026,4490
821,308
1698,4294
2138,2459
4610,4646
3501,88
849,3879
2002,1327
4053,2625
2903,4223
757,3254
2382,2552
2227,143
2213,2740
2963,921
4482,163
4992,4970
549,96
1035,51
503,2195
5033,1280
4908,2196
66,326
5031,143
1545,1556
3180,2919
1344,2035
3699,4282
1607,2386
3327,342
2513,1155
1258,347
1807,3888
3780,1280
3006,827
4880,1098
952,4817
1107,4615
4611,2132
412,1832
400,854
4629,4201
2387,2786
4093,876
3933,2295
4916,745
278,811
1688,2614
2234,4749
1781,2791
3168,509
4137,44
2963,85
3002,335
2294,2167
3139,44
2703,4600
700,3888
4844,141
3250,3311
3306,519
1037,463
1100,4083
1948,4469
60,4674
4978,583
5009,4355
2923,2167
4711,639
279,5057
2019,2865
4448,4584
3253,941
168,1658
4154,1586
658,2989
1535,1353
4480,4685
2787,3019
4863,401
4649,797
4978,1149
2830,1
377,1243
4432,1999
1336,940
4299,2386
3521,414
3082,3025
3882,113
627,5008
4153,3109
4247,2865
3333,3595
3050,2064
4269,219
3249,3096
4398,3841
3859,163
3574,4902
3917,979
1118,3972
4764,2124
2925,3381
1545,876
4158,59
1673,1179
2525,2781
1860,19
3750,11
4705,3268
4132,2064
2060,2648
2729,477
4298,2552
4491,2625
202,1563
4372,267
772,643
1861,2907
1671,2987
4701,868
4239,335
162,2055
886,4738
2582,226
3468,2459
4697,1119
902,1377
74,2195
2592,1586
2540,3268
4163,1050
902,1520
5061,387
4746,4104
1262,222
3399,4731
3563,4223
258,2206
1607,4294
1129,4469
4882,2865
2495,3941
2953,234
4755,1327
2984,4371
366,2721
2325,93
454,4920
1643,2339
2544,2614
3699,355
281,2101
3225,232
1598,1113
3136,477
919,2898
4960,4353
4916,908
3458,1480
4465,414
3594,940
2582,1712
1059,2475
3656,1939
3470,35
3086,1556
3940,2815
2215,4854
3907,4314
735,4223
393,3879
4266,1474
2049,1845
1313,3096
981,2068
2695,1280
1008,656
4533,4731
3217,1130
638,4355
1031,2648
624,3842
4843,1820
1507,4885
1716,4201
3810,2371
3267,1158
4342,262
1703,1360
3877,1111
1825,1790
3271,994
1058,7
579,248
1432,2032
4597,1506
2755,3403
3617,2084
3624,2890
1627,423
3817,3595
56,4920
3203,2439
3539,1461
855,4452
4986,2648
3489,994
4927,3879
2709,1783
1250,577
3130,4738
2548,2475
195,4201
2236,3841
1053,2008
1940,2578
2164,4817
3676,4294
3243,102
4422,4083
2059,3687
1013,1248
930,4223
469,3842
2207,143
2540,3910
2906,2946
3155,1167
3263,248
4566,3687
1881,3841
831,2132
1741,4724
4471,2573
4664,597
618,479
3995,1761
4797,1149
2150,3206
1234,1391
2864,61
4954,124
4330,1964
3230,2358
4847,1003
4939,1658
4767,4600
2240,4970
2691,1488
4042,3165
1416,1563
1196,73
4074,3
3750,2288
170,255
455,2371
732,3121
3053,440
2391,177
601,3525
2565,940
1080,2064
1073,3775
1092,921
3348,1235
2886,118
3717,310
1279,3445
610,656
2314,2245
673,4355
3475,4319
1270,3096
290,1693
1146,1050
4011,3868
1919,3729
2763,1312
2004,51
348,3968
3189,4294
3911,145
3151,2064
4244,1006
2522,559
2504,1400
4072,173
1401,997
3532,4282
2510,2008
1376,3687
3858,1476
3832,387
3409,876
4876,1488
1507,1127
1864,2288
3471,1712
4110,2946
3406,4584
3660,629
4146,1719
5026,4936
3484,1111
4661,2199
2757,4145
3084,3941
3562,15
2916,2295
1485,4615
4028,1556
4819,1111
2997,2322
2599,1384
4820,1488
2327,51
3159,446
4492,1327
4763,4731
3566,420
568,2907
4647,3687
733,267
82,4314
4562,61
478,1552
3176,4092
3343,420
689,941
2908,467
2765,1248
812,3841
4955,1845
2477,132
4193,3972
411,870
3794,7
1296,764
2357,196
4830,1661
252,4646
3576,4831
3406,2358
708,519
2912,756
2966,59
4284,752
203,73
3574,3024
3505,2815
140,2322
3051,1243
585,479
2892,93
1600,222
4836,674
532,2288
2327,1502
3359,1661
4903,1248
134,648
3098,3841
3593,463
1349,1195
4564,5058
2842,1769
368,118
1660,47
1530,1502
3915,724
2844,15
4048,51
1538,1317
3394,1319
4183,177
2859,4831
1378,4565
616,1461
2031,545
2611,4600
5061,1820
133,860
4631,2008
2153,166
2161,3281
4884,913
4572,979
1714,1461
180,2907
4357,1769
3659,2245
4129,3610
2051,2625
215,4584
3681,463
3331,1480
4798,970
3276,3281
2668,4970
4279,4646
4782,1911
678,2245
3951,1498
4210,3062
1278,1658
3132,286
1183,1384
235,1790
2158,51
4150,2459
1351,2086
2896,104
2666,2898
1342,3787
3523,21
4026,1098
2486,2475
4837,2134
3305,4223
4031,373
2981,1719
225,5057
1941,1009
3726,3121
3307,113
4547,1238
1518,3795
2635,674
1665,1179
663,4584
883,2008
534,1316
898,310
4951,1377
3145,255
2905,232
2338,145
344,1204
4897,3161
1100,2598
1233,1783
1582,1204
5050,4653
3803,265
2205,2052
4953,1820
3373,3968
2000,3281
959,715
4289,4600
1739,913
3858,4675
3492,2086
3612,1533
436,994
3586,2664
5055,2769
4781,4294
1509,825
2901,446
1854,2710
744,1533
987,2475
2083,467
273,1391
914,2295
97,245
621,4353
918,387
1572,326
924,1552
4009,1474
1898,5008
4329,4565
2615,2135
4730,738
2006,2195
1284,1210
1182,2481
2091,3201
2238,234
1644,414
2338,2178
3091,448
3449,4738
2868,1999
3921,347
2049,1567
4725,1235
3351,868
770,61
1396,1783
480,1391
968,4097
3676,1149
4215,4104
3758,545
3812,1783
2141,908
4468,1235
3852,2032
1468,187
128,1567
4426,3941
1097,2625
2149,3024
2496,2126
3242,219
3427,2035
4509,2649
272,1517
4903,4104
935,648
4029,4731
662,2068
4473,2333
1467,5057
1229,4353
3129,2463
2906,3222
4034,222
1451,448
3150,4929
2574,47
3151,2791
3701,2322
2062,2199
900,3005
4508,196
4750,639
1307,827
1798,4294
2597,71
2970,4579
3572,829
511,1563
2184,2206
2221,2055
4788,1317
5059,2055
3761,4400
2092,2135
4845,852
5069,2890
1020,4083
4245,1006
1209,874
2323,9
1432,797
3322,33
781,4675
4359,940
4582,3709
1182,1225
2143,793
2127,2938
4642,4646
4157,2386
4481,1111
1063,827
3283,913
755,868
4328,1248
4657,2420
2004,989
5054,2245
1065,2815
4814,110
4532,2386
4002,4920
1716,5060
690,2101
242,2068
4897,3060
2713,860
1090,2852
184,308
3692,2420
4895,3005
1379,2649
4191,2898
2030,196
4995,55
5054,2132
3887,671
1868,1939
1965,145
3823,2475
4952,248
576,997
4331,21
4958,1316
1710,4855
1241,2697
3317,2578
4281,118
4135,1225
4801,639
4975,1520
935,1461
1471,2557
238,479
1190,868
1286,1225
2331,463
856,2032
3151,2463
3383,1225
4396,2032
3174,1238
4988,122
3285,2573
2210,221
2818,870
1652,25
239,1428
3212,1562
2543,3201
1961,2781
4552,51
2885,1658
1972,2086
4570,2852
4151,3841
1300,37
2355,3341
2841,1622
388,1533
3604,567
2080,288
4866,710
5013,1839
2380,4929
728,1480
4046,3268
3545,2439
2096,1238
1220,1783
203,3060
3108,825
2498,994
468,2120
3370,854
4743,55
1137,4201
1952,442
3166,756
3990,314
1445,1939
4283,2032
882,1533
4257,2377
3963,1790
4779,4565
1325,467
2693,2710
2379,1902
1989,1238
3398,2573
1441,2946
4865,2840
1737,3387
295,2831
843,222
661,59
4126,489
3876,1390
1516,1939
872,724
1886,671
4388,2358
1937,4282
4712,710
2325,710
3362,1179
2976,1602
900,318
3617,4565
1746,4653
266,420
1189,240
2692,1832
758,4539
2524,426
5062,4929
2659,161
4813,5008
832,11
3073,243
617,1119
3243,687
3532,394
3996,25
2426,4588
1896,1327
1678,3709
2191,1552
3637,3215
2326,2573
1908,4579
3189,2134
3061,4353
2690,318
2657,1243
646,4223
2227,2126
303,1761
4808,2206
3123,994
4564,4092
295,3621
152,545
3443,2625
3014,2195
90,373
2447,4724
4624,3262
2125,3300
1747,3121
2960,797
1173,3165
1701,2008
3048,1377
1785,2578
3594,248
1749,4936
2662,2008
667,2120
4254,3300
5003,440
4302,3254
4572,1317
4149,1556
3023,4877
390,2791
3130,2068
1281,1964
1438,3125
3398,3403
4629,4854
386,2120
4032,122
1977,3281
1425,345
1483,175
2112,2120
3184,4749
3876,3060
943,4282
3645,1533
679,4353
195,55
3427,1130
2539,1353
298,4588
1781,381
309,35
273,2979
1545,4817
1037,989
2804,4104
1185,1280
2285,970
2326,226
3325,3090
3796,3103
340,288
4339,674
630,2439
5024,1130
2024,4092
1357,1939
881,4817
4871,2196
1044,3309
2428,3103
806,262
126,4936
4027,1520
2833,2124
2747,318
2298,3121
1477,2459
4954,569
2240,1238
4888,2195
2081,1016
2909,3762
4938,1476
1908,3062
502,1016
2303,2035
2713,243
354,3595
4495,4319
241,756
148,288
3914,1167
2640,4731
3362,310
2592,1712
372,262
4833,509
390,2769
3014,3345
3499,243
666,2322
2827,2288
2182,711
2644,3062
3315,2855
1603,4490
2833,715
2859,1761
4581,3610
536,738
1821,173
4251,1195
4583,124
2239,643
64,797
4613,989
4364,4565
3244,724
704,3445
3790,4272
2949,2032
2544,1119
2863,1012
3482,3005
1457,715
2974,55
3209,3452
2427,1552
3607,1155
3848,1586
3328,4223
3319,161
2810,2439
1879,3201
3156,3025
1389,2721
562,384
1905,166
1941,96
5061,2439
722,2852
1732,59
2133,489
902,852
3627,545
3967,4355
2930,21
80,4920
4325,1506
3561,2649
324,1890
3031,3910
2611,2664
791,318
2231,4272
1756,702
2947,3254
4688,1476
945,234
3961,262
4394,473
540,3381
2271,2648
3098,2919
3293,345
4707,2919
1060,1012
3461,1149
689,3025
3515,1725
2771,1353
181,559
1507,355
3624,1111
2486,4859
611,1280
3379,1498
4148,671
4467,3281
1758,1602
2580,3595
2416,1820
4982,1476
705,4936
2838,745
471,1964
112,3795
3957,2552
4875,997
4180,1845
3744,569
1969,30
4955,141
2043,1517
1258,2721
2016,1225
4267,143
1584,2791
1818,2831
2615,671
2851,310
3349,3201
1886,1012
4434,113
3560,1012
498,3729
2883,1247
205,1009
1867,15
1407,222
3833,1769
3333,1693
1836,104
1782,1602
1599,3090
4393,5058
1574,394
78,4539
1703,1476
4305,643
275,876
3858,3795
4129,711
837,2786
3439,122
2081,1151
3462,1939
1745,51
4596,1845
3788,633
3796,3968
3425,2831
501,355
165,4724
3899,1712
3443,748
3054,335
3744,361
211,5057
3415,1016
369,3675
3214,1661
2789,2206
2908,2386
2400,4539
1903,941
320,2671
2790,4646
4636,1360
4135,1595
3142,2721
904,3403
897,2831
2287,2706
2923,1845
2115,4817
3000,1248
3466,639
4380,3775
2043,1
2074,2907
3765,3311
391,1498
4238,671
4836,2386
944,2557
691,3460
890,2339
3333,1139
1808,3905
4760,4675
4130,687
1190,3729
762,2035
1152,797
1021,656
4630,2740
4751,2710
2684,3300
3767,11
991,1390
1272,2064
358,2463
2283,1155
675,3381
2466,397
4389,2671
87,373
4474,3025
3690,1210
4377,1135
1010,104
4021,908
1434,710
1621,2386
794,51
1891,3675
761,854
137,122
3347,1567
1938,288
3831,997
4456,4877
3342,4970
676,51
659,221
1736,3841
2546,2008
2676,643
1224,4640
576,3795
955,1712
3548,463
3699,825
3569,854
4887,3968
834,13
3495,426
1034,1622
3799,248
333,2101
4218,25
998,4272
2810,440
3947,2769
3177,2907
22,1506
3756,827
767,2322
1124,4371
917,4859
282,1761
821,2710
3190,4738
3296,3795
4035,30
4358,21
2528,401
2864,3201
4756,3905
1528,248
3086,1280
4379,2942
3653,4854
5050,941
762,2598
1061,1384
1242,2706
4008,3972
3692,1890
3139,1890
1100,1384
4863,1127
527,5058
2296,1820
5056,2573
2341,2008
2742,2697
1983,2008
336,2196
3415,748
94,30
3289,1832
773,1911
190,423
428,1622
2551,3077
3154,150
3852,219
3401,3311
3340,941
4066,4584
2684,2557
4215,2557
2574,1319
976,232
1722,1119
483,3910
3780,373
4893,196
2737,593
1787,1149
2756,221
3935,61
2584,102
4230,1461
5003,797
2756,876
3565,648
1515,85
3282,2898
1704,860
3555,1498
4964,318
2608,593
4620,3060
3105,2649
1916,715
374,1238
3053,175
1121,175
1371,2032
3818,1179
1804,318
3399,764
57,2178
2519,2086
3679,222
2941,1562
2892,2710
3590,175
4871,2664
2930,3445
317,2598
3742,122
3908,262
2718,3968
3126,593
4972,921
1511,1113
178,829
4295,2078
4499,793
3354,420
4055,1658
3630,1999
164,1602
3386,5008
1219,2938
3016,35
2616,3165
3098,827
1646,3525
2314,4970
4421,4049
2860,1498
1144,1243
4950,335
2544,1890
4777,4854
808,1461
402,2288
547,2386
1077,1567
484,118
3802,5060
202,5057
2683,4104
3845,2497
4968,122
5004,104
1452,21
1840,3595
2191,2135
4777,674
2022,4970
482,4353
1881,3610
673,4584
1772,2463
1747,2124
1819,3397
4691,21
4046,3062
1055,3206
916,1719
2713,656
991,3879
4418,361
2265,2035
2011,44
1082,2710
4298,633
1513,2135
157,2199
1202,4083
2184,2557
1436,633
475,4855
4760,2781
3428,1775
1148,1238
2567,5060
1961,2333
2328,4675
3565,1586
4741,1243
4155,1832
2586,1235
955,3452
3246,2781
3047,724
1197,2625
3401,96
136,440
2161,4584
4941,88
462,2206
372,2946
2640,1502
2284,1964
4896,401
4202,1016
1981,2497
3433,3019
1454,4296
3810,2865
2884,3968
359,4885
1341,3709
704,756
3852,3968
1209,2245
100,687
1120,2552
4077,4400
4032,1222
594,4083
1047,1999
4547,477
2694,2459
1768,2086
3816,4859
3374,4738
4963,3345
765,326
1259,3281
68,1820
3012,4646
1787,3381
2518,4539
2348,3968
369,1761
2151,825
4472,4569
2138,104
1797,1562
747,1902
5050,2769
1525,1835
1267,173
2950,145
589,1151
3656,166
3435,243
4665,1622
2049,2946
4373,2649
365,4738
2774,3024
4418,1280
3953,629
3511,1461
2888,477
3113,132
1002,3201
2835,3254
858,711
1264,2008
895,288
39,2946
4473,394
2579,4296
2237,2578
3136,4405
735,2791
1076,2721
3243,124
2533,3309
4966,702
199,996
4733,1835
2254,33
1624,141
3670,3165
3159,1050
2252,3805
1465,4674
912,2195
4344,4854
1757,463
4630,3381
3443,597
3308,4565
4626,2358
3249,166
2001,1225
3730,559
3399,262
4889,3884
1578,463
2555,3879
2387,3254
1421,4584
1328,88
3393,3841
1701,2815
675,633
1579,1835
3776,1210
2336,3060
4002,564
960,113
2654,2865
2181,4565
157,13
1425,25
1827,3687
3426,1400
4798,4902
1786,2648
1644,756
4444,240
2785,2199
1260,3309
2522,221
672,2552
1023,143
1413,1517
2701,2481
3233,979
4540,3201
179,4588
962,921
3497,2578
2212,852
4067,996
2529,1602
1580,4877
1159,2124
2406,124
4835,1247
95,2614
1194,245
1472,1155
4809,504
1133,1130
178,2068
4689,3268
3883,141
838,1586
3624,4685
1250,572
4045,2786
1087,1353
3748,3077
4109,2371
1678,2852
4698,2196
3251,913
1031,2855
2343,3090
3075,1461
808,4724
3068,1839
2406,2840
3902,656
2646,4902
3858,3262
1254,3311
1926,2064
879,2671
2776,308
5014,397
2121,687
1772,4749
4697,2035
2402,2358
893,2786
2473,4223
2916,4565
1185,2557
4170,2557
2303,446
4480,3005
557,3125
494,2557
1457,3311
2918,4083
3071,4294
146,2989
3646,1155
2893,2649
3644,797
3685,3687
2636,710
683,59
3654,2134
2515,941
1397,2481
548,5058
1633,671
3679,3403
2807,1520
2495,2322
4935,2938
2736,1155
588,4569
3510,687
48,1911
3366,643
3705,653
2513,3405
2490,4527
4048,811
2140,414
1267,423
1074,3621
3784,245
649,3062
2234,2697
3783,2195
4267,3610
3008,4319
3772,2784
815,3795
2106,397
1857,2786
1110,1204
4525,4675
1846,1942
3183,1204
1688,710
2228,3252
985,243
3279,1247
706,3988
4669,1845
92,1845
1509,2126
1424,4731
1194,25
2716,3201
4524,2206
3487,1506
1628,288
4068,3775
3224,3968
1185,2078
2504,1839
5045,2671
819,2769
2442,1139
3995,2124
2616,3460
488,73
2390,4083
3774,2481
845,51
3399,2012
4020,1135
1947,4640
3912,4569
1869,3222
1759,4092
2764,687
964,3709
4070,221
3363,3309
3946,71
3272,1280
2110,1661
523,384
1794,1911
3369,996
2044,3879
3144,420
4385,674
2778,110
2686,559
1998,3024
1923,1866
1188,2671
956,629
3802,3525
4943,2322
214,2557
3241,671
2688,265
3966,4569
1997,234
322,1179
3166,4646
1909,1006
3446,1428
2073,93
1987,3842
1118,4527
2025,1761
4852,286
598,3941
4451,489
3327,1602
1485,2195
3544,1291
4835,2865
341,2919
2889,876
730,440
3000,1235
1492,3254
218,1658
2587,2671
4755,1210
1776,1761
2499,1247
2015,248
2849,4092
117,3595
4328,870
4470,545
2058,124
2943,1195
1538,1139
4851,2064
1314,2815
806,577
99,3201
2679,1661
3873,3300
2366,310
2187,1533
259,1832
2906,267
2506,2497
602,234
2348,4490
171,4569
4586,3452
496,2919
1848,4490
3946,1247
1403,500
953,4319
4484,3045
4689,3709
690,463
3648,3405
4593,1428
3818,143
268,4817
1881,1761
64,702
2376,1476
1644,4738
705,4565
2464,2614
1609,1839
4080,387
3264,2578
821,2333
2202,4223
63,3309
3518,255
3102,1360
2641,345
2170,3345
2827,3096
4657,1111
2715,3842
3638,1098
2440,2032
4524,3062
4412,4083
2432,3868
1759,4355
4930,4314
980,2358
2883,3309
5019,245
2873,4902
4357,4920
2640,4855
1030,3262
2690,2573
4051,96
4082,3775
1470,2578
2445,4970
3179,3795
3100,748
5065,1050
821,4569
4986,3381
4943,3161
2856,342
2121,629
1584,2710
4077,71
3756,1520
1794,687
1780,2386
4781,1247
3677,4282
3080,1327
946,4749
3596,4731
1425,1725
2082,1003
938,4588
1841,4097
1530,4584
4657,440
1896,1384
4289,102
2956,2475
3571,4685
2864,825
1314,401
3609,3787
2350,3397
3655,1210
3083,2946
2923,989
2502,2206
3598,4294
4837,2132
1479,2852
4283,1009
2985,2288
1409,572
468,764
2842,1319
730,4569
1363,1845
2142,3884
1738,5
2482,1280
4728,2557
1961,724
23,2135
517,440
1821,96
295,420
3124,288
4455,1790
5056,4272
1025,3709
2998,1567
3202,5060
1913,1820
3305,653
5025,248
4545,3062
2379,3595
1458,473
1916,145
212,479
3360,4685
1335,1225
1399,3060
1764,1111
1257,3019
1416,61
476,2784
3344,308
236,3709
301,1353
4814,567
3569,401
3731,4405
1394,384
2384,479
4005,940
1380,1327
3459,2132
4310,1210
578,597
1393,2786
3547,1552
3244,420
2817,1139
2076,3968
2385,827
296,1050
4763,4854
3887,3729
3774,876
3829,3445
4603,2386
3786,1586
2301,994
3922,3868
4428,1693
3802,748
3619,1006
3904,4097
4698,335
1571,793
1421,248
1716,4929
1027,1003
1268,811
3377,738
788,2855
1435,420
1088,3941
4167,145
2616,150
4979,33
4813,671
4962,187
1423,3215
194,3460
3713,4097
1088,448
229,4223
3489,793
4238,1712
686,345
3844,2907
3324,4885
4678,3096
1346,1391
2738,702
4230,3610
2592,1384
3285,2855
4121,2135
4212,2064
802,221
3916,4539
2627,2134
1564,1725
3141,870
1621,572
4976,5060
951,2120
3217,564
1682,442
2388,874
2819,326
1237,4400
3776,1119
1455,3795
3745,384
3738,4646
1122,2769
3116,2831
2056,4877
600,61
771,4854
1918,2979
2013,1225
366,1400
2960,175
568,970
588,1461
1969,870
3952,426
650,996
2425,1009
490,1939
4155,979
4456,4970
3894,4400
3683,2664
1110,811
3435,1327
1720,715
4921,648
1651,2721
3279,2064
3027,1248
2910,1595
3283,2791
3216,1832
993,1179
3492,59
2903,994
1884,629
3408,3254
2066,61
5076,3729
2472,3268
4881,827
1794,3868
2944,3610
4335,2196
1749,674
922,671
4577,3795
2507,4097
3030,1480
2014,3888
1995,2578
4309,564
4641,4653
1834,243
2674,1563
3996,150
2574,3910
4063,4539
682,1016
4310,104
3400,7
2893,2740
2943,245
2742,970
3365,2781
301,3584
358,997
2712,9
4159,715
4056,1832
2073,593
5043,710
4000,1210
4235,2463
898,2664
2337,1390
3147,2333
1559,756
1795,671
4031,4565
1269,2706
3257,860
3050,674
4406,35
5070,2358
2464,3387
461,4674
4335,1820
4079,1158
691,2989
1180,2055
805,567
2021,221
777,448
604,4049
779,420
2675,2195
857,3972
3513,3090
2944,463
1833,373
2585,467
2524,1661
3659,2371
1194,1999
2875,4817
2432,2942
4593,219
871,2167
2163,104
4378,47
1667,4674
2221,738
770,4831
317,1119
4796,73
4246,110
731,141
474,414
3008,1488
4711,1712
2520,4685
4700,2497
365,2377
151,102
1857,3805
1903,1360
2532,226
1956,2055
2188,3988
2794,3972
3267,1942
4343,113
386,85
2005,124
4114,177
4192,3121
3547,1488
4507,4490
4572,15
1943,314
1853,440
1305,1602
3106,3077
4864,1693
850,1291
206,509
1357,3787
281,1790
4227,525
4051,1661
4206,3300
3802,1725
915,17
1882,2979
4036,113
990,567
2472,1247
4005,2706
1993,702
1909,4490
306,4092
3433,4223
4889,21
3142,2245
3141,414
929,4675
3955,2032
4563,4615
4941,793
3950,4749
1444,1243
2272,113
1329,1113
160,3592
2913,1556
444,3397
140,1890
4179,3005
4522,5008
3299,4929
4460,262
4964,2288
1632,3601
3352,633
1781,1316
968,104
1475,3005
1068,1533
4987,639
1778,4469
4180,3311
2434,3300
4814,1622
3136,335
4456,2614
879,3
4581,3687
2112,141
4237,2671
1372,4579
1766,2979
1218,1111
3000,940
1331,3584
2579,2135
3736,2124
1381,222
4662,473
4369,870
3095,2064
856,1661
3002,1693
3959,509
1407,1552
1087,1210
4609,3972
437,318
1191,4223
4959,414
2354,3988
5035,326
3920,2055
2366,3841
3892,345
3987,2035
3477,4640
95,1769
4776,448
2766,3090
4121,3795
3803,4653
3057,226
4042,4527
4339,88
2687,4749
948,93
4471,559
2127,1384
2270,2195
4276,559
4369,17
2085,2120
1150,504
1244,3941
1728,4674
407,2942
4778,745
3267,448
1655,3005
4512,397
573,1461
2993,33
3752,970
1906,51
2103,1280
2467,326
4927,345
3674,1127
3331,2557
4963,262
1840,653
4826,876
3878,1317
728,1139
4592,3024
176,234
3689,1556
2833,3687
5034,401
1008,61
2954,3161
4644,3024
3489,1832
4005,564
1105,4854
3379,1602
579,710
257,4490
4939,1400
4800,104
331,1291
1817,4452
3141,2288
4957,222
4008,1195
4477,1428
1871,970
1543,345
2862,2124
1026,2245
4912,4920
1266,2132
4522,1602
2563,1839
1672,3
890,4539
901,2245
1989,3024
590,3300
4419,1428
2158,2648
3704,110
1697,4371
694,1586
4784,756
5040,500
2056,326
4682,2781
4620,1098
1735,1661
4872,4282
5049,394
1121,3381
603,1902
3784,1291
2464,4877
4439,1911
4779,4355
3978,2497
2175,724
1475,4049
5019,73
1104,88
1969,2126
4562,906
3951,1964
4861,102
3760,3775
3421,51
3331,941
2589,4201
529,381
2466,1835
223,1113
4174,2786
3861,2989
5070,381
3518,44
2332,989
1106,2648
3192,3675
2535,1222
969,3222
1777,161
4410,674
4744,564
4890,232
1934,3599
2607,132
2146,3941
2600,3268
3608,1225
4098,7
4422,1235
1631,829
1361,1127
4253,681
3557,748
663,61
1778,4731
4186,764
4464,4579
3213,1488
2051,4831
4373,906
3480,941
858,1003
821,11
4860,1562
1049,1238
256,477
992,2625
4184,1769
713,4314
4759,3024
712,3842
2873,3268
1388,1377
261,3341
1055,525
4708,2371
1846,166
2556,525
3918,163
2982,335
543,2815
4513,3775
4894,1222
5038,2890
404,825
2876,2942
239,2786
476,2288
3954,1595
203,1783
4561,163
2443,4353
3412,2831
3147,940
4757,173
3978,1602
909,267
3873,1238
2205,2206
1558,4588
2662,2463
3953,286
4149,1769
2595,2386
4140,1476
788,2769
478,141
1697,1151
1998,3787
3157,4569
3496,1390
2686,1050
1479,3445
1647,397
1762,1769
4166,3905
4786,59
1574,4223
937,4092
2144,2055
2236,2671
3361,1384
2460,545
3099,2078
2208,1316
1311,2196
2117,5058
1074,3252
3432,569
1934,240
936,2786
834,2475
4447,15
2396,854
5071,479
1283,1204
2296,2852
2843,401
4419,860
547,347
2430,173
2378,1506
2963,1832
2017,597
1015,2791
4053,143
1666,4371
2146,764
2509,440
1656,1149
709,51
283,941
2892,255
3509,3775
1223,3045
5033,2475
331,15
3391,3775
2906,825
1737,711
3258,2068
1899,3525
5023,2377
1934,3268
2165,572
23,2134
2922,921
3860,221
449,979
2319,519
1582,226
3321,2295
2790,110
647,35
2927,2167
2046,1845
2579,221
2173,104
3817,1461
2320,2890
2496,4685
2364,245
2180,1050
1951,1238
1056,2865
3980,4049
3066,11
1675,2907
1468,629
1702,908
730,870
3896,4469
3315,724
2599,1719
4315,3254
1281,30
4932,583
1930,3595
1950,288
5070,4272
1720,219
781,37
391,4319
3706,4902
2034,2068
1041,113
4617,3884
984,318
2501,996
4995,2124
1273,3090
3425,4272
3949,143
3943,2086
2733,3045
1519,2987
5068,255
2030,876
1610,2907
3942,3060
453,342
3852,1820
311,88
1772,2377
3409,3525
1336,3165
4645,4646
2565,145
637,2196
2388,5057
1278,4584
3153,4831
2434,2167
3489,5
2547,2786
3499,4353
3173,3381
3833,3988
3793,55
4281,143
2802,1384
3318,970
3839,1384
2532,489
499,860
3076,1832
1825,118
3937,1520
2744,59
2251,1769
1136,509
1117,1248
3951,4097
1425,2740
3602,1488
5075,1506
954,30
1606,1400
3954,1195
2407,2946
2029,2475
121,2557
3527,4565
939,3345
4075,3103
2503,4653
4829,426
3971,564
3335,4615
2985,1725
306,1360
1166,3610
2018,355
2785,489
3548,4731
4739,4646
4598,811
2968,55
3574,2625
734,2386
973,906
3745,3905
4151,1113
4944,5
4850,3884
139,2942
4178,175
3197,1761
2638,3905
2889,286
1409,381
3290,4400
647,2199
4365,1238
1549,1783
3834,2295
4609,4539
4178,1127
2973,2721
3177,234
4773,1210
4491,500
3353,3311
2416,3988
4503,4731
1909,4646
3132,2552
3956,2064
4195,248
897,2649
3239,71
4746,1135
3100,545
842,1377
2776,2199
2271,2339
4380,2919
2396,4569
2678,3103
3894,1247
4924,3096
579,2178
1794,4831
4632,4294
1841,3968
3417,166
2142,4936
138,1167
359,2195
3113,1725
3369,3787
5029,345
468,102
3553,1820
1995,1111
3219,3584
4668,143
1472,2078
864,797
2272,2167
2993,1775
370,234
4428,4584
4973,854
182,2206
3723,4049
4040,5057
3860,5058
767,467
1680,4936
1007,1312
1254,2815
4529,994
2182,921
3383,687
4607,569
4478,3687
3322,1113
3786,2178
1571,2786
2201,3595
4127,104
2587,2420
4358,2919
2613,854
4981,3905
3351,3452
1301,1661
2278,3988
402,979
539,702
58,3601
1782,4353
3102,4685
4907,525
1041,2322
4082,3222
3137,355
2772,3062
4768,47
1008,2697
2973,479
3299,4724
4687,326
2363,1317
1624,906
626,3841
4094,504
2943,2012
3749,61
1333,852
2556,420
4744,3341
637,3805
2835,1533
1226,1130
2961,2890
3094,2614
751,597
236,876
2969,51
1624,143
1854,3062
4254,150
3625,2012
3604,1195
624,3381
5051,2852
2396,1498
820,1476
3764,347
4036,448
3828,4877
570,1775
4821,2132
2297,267
4275,860
4541,4371
4500,1761
3015,2855
4696,1316
1322,143
4440,1400
1504,2890
1841,1783
4297,5
3451,5058
157,996
5011,2987
1600,572
2870,2339
2616,2132
1546,702
4805,3403
560,387
2067,3345
1990,639
4115,997
1940,906
4630,3972
889,2573
4838,653
3624,3879
3660,2781
1892,387
3655,1009
4668,4749
2688,1
1022,1050
2303,232
2462,4738
703,145
1515,33
2354,262
4761,33
1850,1130
2952,1179
4985,2199
2366,219
460,1480
2423,30
3406,4854
4620,4097
1209,3729
5045,921
3644,1712
3123,2386
521,4469
965,145
3136,51
1105,702
2117,4685
1366,4272
4018,177
954,226
4969,1225
471,1556
474,2206
3515,2245
2225,1050
4069,2710
1718,2012
229,764
2282,989
4284,3968
4172,2710
4288,1
4912,1009
2343,500
491,3019
1656,4049
1486,4615
4866,2740
1414,1506
772,825
4462,4469
3824,756
4173,2463
3390,2573
2393,764
4058,4527
2751,4353
4447,262
4828,4831
804,764
2750,1902
2547,989
388,1839
1305,4083
4297,55
2173,1835
160,3910
2411,122
3425,3592
2703,2120
3916,3787
3031,4539
1840,3405
2223,347
2832,1712
4520,3405
3494,232
472,1009
4769,1712
2586,477
4938,4646
2091,35
2549,3709
1568,71
498,829
5072,3599
3959,2625
2773,4902
2856,913
2731,467
588,1480
4900,2333
4395,1712
2292,173
4807,1391
2452,4469
1666,629
1833,2012
1372,1480
866,2199
2418,711
1010,989
3041,1480
988,1327
481,1769
5000,4817
3753,5
2430,3762
4589,479
3238,463
4707,3268
2036,1360
2927,1964
3728,1195
3391,93
841,4565
3048,267
4440,219
2192,567
2303,3345
1904,860
3147,2295
1171,47
2036,361
244,4201
842,545
937,1119
3625,2706
4754,2664
1779,4970
3143,1725
478,7
1901,1003
2426,1400
1624,4104
2045,342
959,347
1239,387
980,1098
4478,145
4762,426
1778,1119
4594,232
2709,940
3512,4640
2036,997
2492,3206
399,1498
220,4400
1649,970
1290,5008
4079,3125
3741,906
1345,2671
609,3795
613,85
481,124
2893,4083
4074,2625
3706,1158
3258,2578
4434,13
1052,318
775,577
186,1783
582,85
1355,1661
2505,1911
2034,314
4577,1327
669,2614
4408,2126
2025,3729
291,1222
4807,3121
1202,2322
304,1127
4853,569
3334,7
4983,394
4413,1502
3726,3161
5079,829
533,4675
1973,222
4412,2786
4782,4294
4870,248
4333,2557
685,2890
2882,113
3162,1839
4304,4145
3235,559
2027,7
4014,1139
563,2938
4655,85
4252,1622
1045,4970
42,1179
1185,361
2065,442
901,4929
544,2339
4087,1016
1031,1474
290,113
2256,401
1604,426
293,132
1401,715
3577,3403
4264,4600
775,1280
555,423
1365,96
837,2865
796,1111
1666,21
3590,3103
4850,2008
4888,1135
3786,314
3419,681
2886,442
1745,3025
4518,19
885,994
4710,2942
2165,2032
1198,2126
3446,1195
2,88
2438,2358
3620,2648
755,3252
91,3805
3938,1127
2856,2649
1943,2032
1153,793
5016,583
3492,3525
3523,1783
1587,3972
1399,1556
2262,71
4710,2648
984,577
4279,2086
4672,1384
4024,3125
3638,35
460,1506
4041,1595
2630,232
1691,4539
3741,2078
3226,1149
596,4929
3733,3709
4983,265
4599,3060
1414,564
3820,1317
4725,2086
4062,132
3130,519
3347,1377
3336,868
2131,2322
2188,3045
2294,4371
4708,1783
3385,2907
3097,653
4705,4970
4068,4674
3688,4400
3899,150
3283,4885
2650,1391
4987,4855
1814,825
3245,994
783,567
341,1280
261,3787
1929,1391
2699,3842
4443,3403
1331,4353
790,1130
2842,940
4271,3045
620,4936
3395,2648
4470,2420
1640,2979
824,2012
4997,177
4480,2840
192,4749
4872,4296
1415,2032
4900,908
1412,4854
2445,3988
2275,4817
390,3109
2543,913
679,1353
203,234
290,1725
3730,163
4185,420
2610,1506
4464,93
4477,2784
4673,143
3033,3309
3753,4400
4365,1939
319,479
892,1247
1936,4400
2229,1839
789,219
92,1149
2473,3445
3115,5058
4340,4929
3041,3729
4224,1158
4412,1775
4173,7
1064,381
154,4490
1383,3452
991,384
1742,2987
65,738
4595,3090
1807,854
2892,2625
370,4569
1574,3805
570,93
4806,3968
934,3262
4845,572
2301,1719
857,2625
3613,1390
3756,3709
89,643
885,2195
2767,3062
1825,310
2949,3077
4286,4405
2652,2032
1613,473
3919,222
928,2898
3859,3397
2650,4936
3289,3387
4166,1783
3522,3884
2879,141
2606,2339
3227,4296
2238,4600
5067,4970
5003,132
4416,1658
4471,752
3081,4405
3466,2573
561,267
2211,2196
2375,2055
1887,940
4102,1204
2726,643
3660,3262
284,4314
3822,745
2472,2064
1045,4685
29,1552
2519,2852
4370,288
4513,4588
2970,150
2330,361
4312,47
1092,653
1444,440
2849,2919
3464,326
4089,85
2678,426
3355,745
953,387
4038,110
1625,1291
1736,440
4793,913
3567,2008
2190,30
987,4097
1162,4272
562,2245
783,373
3565,5008
3115,4929
2122,2199
967,3019
5006,5058
3538,1517
2040,19
3046,326
3844,335
3627,73
3147,681
125,3775
329,4584
4873,1111
3012,3610
4497,3096
4609,1661
4955,361
4140,2979
1757,827
383,420
147,240
1142,219
1748,3988
3284,3905
1471,1775
2493,1312
760,559
3542,1317
3779,1820
3739,715
515,71
3587,3025
1031,221
1418,226
3293,764
4199,4282
251,21
2276,442
1336,2946
896,3103
4172,1502
527,2919
1109,4817
4350,2052
3511,2840
1718,3584
3745,852
3947,240
1214,219
4851,4319
183,3077
901,234
1989,997
296,1719
1102,3941
3892,4738
1494,2831
4812,2086
2447,1866
1478,2078
1963,96
3696,2625
2970,267
2949,1050
2280,1319
1215,1113
4252,2989
3892,2386
2583,2439
2599,738
14,2664
3851,583
3071,1291
2019,345
2379,145
4361,161
2074,577
2364,811
471,3019
1407,2288
4550,671
4719,906
2988,4920
1777,3445
2655,1179
2151,3077
1426,2035
1951,4855
1737,4452
3662,4885
3596,913
4034,44
4365,1428
2965,4653
2269,1533
3874,1832
3786,748
3703,5058
3661,1520
3822,166
4925,643
4928,1769
5034,1280
1355,175
4399,3024
561,4817
4753,3972
2678,96
3228,1235
688,4685
3282,4653
4340,4855
1824,150
778,420
561,572
3312,234
729,3762
4963,1111
2153,4855
1512,2697
4209,4600
4141,2919
3686,4738
523,504
1024,35
3383,2840
2121,102
782,1533
2674,1866
925,2288
4638,908
2308,1098
3619,908
496,996
1110,827
3778,3125
1311,1520
4231,479
2999,4294
1876,2852
956,423
4998,4314
4107,1480
588,1050
491,1602
1947,2989
2845,1195
856,504
2000,473
678,145
872,4539
1767,55
2220,35
3108,1280
3604,141
3007,3775
1094,423
87,989
4017,222
4052,1195
3413,163
290,2199
4596,1291
549,4282
2945,2697
640,3775
767,3842
3854,2831
319,3262
3459,593
4417,1119
3376,177
2320,4272
1822,314
2564,3762
1048,2907
907,681
1021,597
1054,3729
2829,2578
3751,477
779,2035
1705,3161
2657,1247
1156,1533
358,868
838,132
2824,4282
510,85
2088,4640
462,1964
3627,2938
157,3884
109,51
208,3252
3026,2625
4682,994
818,1783
211,265
1014,1506
4819,2035
3733,2784
3668,355
48,2697
1588,2196
4214,1167
4598,240
4017,3125
3897,941
1611,577
3522,4674
1242,906
2175,643
2494,4569
1576,4452
4322,4646
4582,1586
3852,3905
4637,4584
3882,1866
688,1790
4687,629
4911,1149
4183,1312
495,423
2859,3125
2912,5060
1941,3090
3757,373
634,4565
1133,4877
1706,4817
1842,633
3723,4319
4730,3709
1450,3341
4629,567
4629,1693
2689,175
4237,3090
3998,752
4844,2942
592,852
2256,2552
2961,1839
4571,288
2103,2084
3651,2552
2416,1712
894,1999
1074,2245
4603,2035
4394,4527
2858,4600
3607,643
2923,2459
3352,55
465,2295
4034,559
1664,2815
2435,3525
2422,569
1852,2475
2238,4355
3797,1942
4029,1204
3279,355
1460,2497
3212,1158
4085,310
1726,3941
4013,2206
928,3
562,2475
779,4877
976,2865
1386,4223
3806,2625
3707,3090
3834,2710
4028,9
1355,2979
3455,1839
766,118
3527,2386
2353,3842
421,3445
2115,2086
1485,2206
4872,4731
4732,2855
45,373
618,73
981,243
2121,3687
4993,2101
4370,2358
1952,2938
1267,710
2454,347
2510,473
3488,243
4279,2671
2914,175
581,479
3517,2333
1227,3403
1771,4296
625,1377
2608,3201
4809,811
2225,633
1462,3709
1333,3729
3223,827
1042,2206
3150,1783
2813,3610
4307,1790
1484,1461
311,243
2266,4469
4328,2135
1407,2377
4363,1790
2695,4539
1229,1839
2301,3775
4031,593
2157,1595
571,3941
1091,1488
291,4314
2122,2333
5016,2987
1441,11
3906,2907
1812,110
624,593
1672,355
3838,1658
5076,643
3875,288
127,2084
2863,564
4401,1291
4692,3905
4148,1602
1961,4674
2889,55
2165,1712
1348,4920
4435,1942
680,1158
2950,908
3677,463
4911,3599
2576,71
337,143
4228,2333
3612,2840
3549,124
4467,829
2683,2648
734,308
4530,3621
4733,1204
1122,648
3289,825
54,3460
1870,3201
2153,811
1859,5008
464,4600
3290,3795
2694,1552
3248,1586
3009,226
116,908
217,3121
1116,1195
2730,1552
302,2439
3706,643
2039,2831
3231,1890
771,2598
2888,860
4026,1520
1433,4104
4556,1353
1743,913
2544,326
4977,4296
3448,222
3911,1377
471,3281
1114,989
1797,2322
4262,21
4925,715
2233,96
2309,1839
336,3381
1952,1149
3900,1939
855,2578
1630,3610
2168,4584
1460,2358
3916,4640
5032,4353
3505,3595
4843,489
164,3387
3828,1725
1708,811
3688,572
1662,3300
246,4097
2586,2578
3418,143
1491,1247
4479,232
2906,2295
1002,1520
4978,3045
3333,166
4632,2907
1799,423
2860,1016
2642,3805
698,3403
2000,4469
1477,219
1980,2784
3320,1942
4191,1247
703,2987
4767,262
4790,941
3982,2206
4079,308
1171,2791
1211,2578
1060,196
350,4296
1763,1195
3035,2573
3181,2898
2579,4579
828,1658
2392,234
2156,3
4047,17
427,3687
4387,4579
3376,234
792,113
1838,3972
3915,1119
2647,829
3859,113
909,124
294,4738
1901,3762
862,420
4270,265
650,1942
4505,2339
1128,1562
276,1179
4878,1480
923,288
1131,519
3717,132
1323,4817
1136,5
2298,335
947,572
158,559
831,4452
1023,243
400,1149
3009,3601
4900,2769
991,593
3727,479
2643,2831
1749,61
3036,2132
2039,4282
2702,3842
5062,2245
2332,2245
1089,2134
1858,2195
609,2614
4870,2086
4062,2697
3360,2865
4536,4579
3321,2459
1823,504
843,2459
4678,567
1402,1502
4445,2126
3171,2439
2651,1890
637,335
4243,564
1669,1832
3722,73
2569,941
4077,3309
258,4092
2260,1400
3401,994
3689,4674
2678,3121
1392,4452
4298,44
2527,4314
3480,633
1679,3592
99,2781
2045,2126
1411,2439
4735,318
736,2339
115,1204
3769,1461
4888,2463
3140,4970
2366,5057
3903,104
2334,3584
2730,401
2184,373
4220,1480
1664,710
2556,1135
3754,1902
4555,219
2972,2855
3764,3387
1213,2459
115,702
4543,2086
544,1204
1542,2012
3241,2664
4064,4749
3023,1866
3998,1622
4399,267
3507,25
4618,4724
1654,4104
531,3341
3721,3941
3481,1480
2013,463
3444,1476
2373,3005
3373,854
4989,2086
1071,55
3810,1119
4029,2377
172,519
672,2035
2029,569
1076,671
655,1820
749,913
4001,572
4336,7
1031,1658
665,3103
3933,2078
4373,2339
87,2068
4589,572
1851,1009
3761,633
4909,989
1826,3045
1030,1498
3181,2068
3538,3060
3622,1552
4313,394
2982,2919
3685,1222
550,33
1122,702
4106,2035
4198,1377
4972,1400
2699,221
4438,420
3036,4885
217,4749
2138,1835
3384,13
4307,4653
3681,3403
2312,2938
2645,2840
3802,47
274,3341
4076,724
1578,2890
2276,5060
2468,187
4331,2938
1437,2135
4558,1562
369,310
3767,876
3404,764
4067,3972
3493,797
779,1235
3586,4314
4241,3090
3338,222
2915,2135
70,4490
2400,4653
3898,860
3274,908
3367,345
2832,2459
1112,4920
1944,248
2264,3309
4453,1248
806,2769
4538,4749
5025,715
2438,1999
3287,1400
5032,1391
2397,4902
268,1012
2889,2497
4963,3
1844,4854
3767,3787
2215,187
369,3005
208,1533
1644,1158
1584,4092
2082,1280
1448,1009
4089,245
1625,381
511,2333
620,2497
16,3525
2962,3161
1463,477
4310,3024
3880,2697
1286,724
1896,30
2182,738
2362,3595
2324,3910
3418,996
2571,4588
3703,583
744,3311
2083,2245
3454,3675
823,979
792,4565
2310,3090
1475,384
2704,1533
2853,3090
3078,597
285,448
4336,2134
1471,2552
1929,177
3531,1939
1221,829
4634,3090
1706,37
178,13
1884,3775
3903,1127
4329,2132
3792,3525
4316,2769
411,2132
719,414
460,1127
838,4319
1363,420
1588,1195
4064,113
1634,2167
4174,2124
4908,2852
1444,793
2057,4817
3170,908
657,1111
3844,4885
2644,177
3100,3621
3315,2322
3832,124
513,1562
2619,1775
1065,85
5007,3445
739,2068
1680,2178
2005,3709
695,1474
1524,414
2510,940
2110,860
712,1291
2440,222
2564,3161
4122,3121
2538,55
1080,2784
4514,3460
834,4314
2444,4738
1007,3405
4507,2907
4313,196
1575,870
2502,3841
962,2420
5050,2377
2425,4282
2272,102
3820,113
2546,979
4365,2898
739,166
3436,1488
3718,1210
5071,1964
612,2377
193,4588
3708,3868
4277,221
1373,3968
3504,5057
2438,2989
3483,1474
1184,2339
1241,970
4158,4539
3383,51
4577,2648
1170,2786
4785,989
4250,96
1236,715
832,1127
2820,4685
2991,124
1626,479
2860,2578
4732,4731
1040,2068
1169,3610
1960,913
2554,3405
4101,33
3251,2196
4325,1661
2285,979
4380,504
1687,710
1230,4272
3984,5060
1612,941
3761,2791
4259,1719
3760,738
2095,4223
3585,3109
1571,2706
1787,177
3604,1769
3251,473
3210,3905
2480,2898
1572,2987
1512,5060
296,748
239,4831
512,940
1245,342
1258,3096
4656,827
1672,1556
3926,583
3818,308
109,1480
4479,2358
1110,2012
5009,187
3728,2552
777,102
2593,11
2537,1113
3367,163
1850,373
4445,583
3816,1155
585,4675
461,1050
4344,3300
1221,110
3692,2648
4811,448
499,5
1064,423
2510,2697
147,715
4487,2979
1052,1586
2462,1210
4020,1658
2536,1602
4267,9
4901,3687
1871,85
1638,2740
2379,2938
469,3077
2873,3060
476,4749
298,4675
4760,2890
3105,1567
189,3206
4893,102
2496,2907
2292,2032
188,11
2272,3215
1850,3165
2885,1319
4388,196
4030,61
2822,1012
1620,583
4664,1111
3826,318
581,381
1740,232
1610,3077
4992,4859
1132,4929
2022,2664
2992,1832
962,234
1996,639
1279,3405
3350,519
2319,61
3271,2475
2332,2938
2184,3206
455,829
1431,2386
3404,1890
2795,970
2353,997
4924,4049
1494,2648
3520,1517
4548,1563
3362,448
1433,2784
136,2598
1907,1866
1192,219
2669,4970
4379,477
592,145
2440,2008
2197,3599
579,941
2651,2124
1816,314
3320,335
2047,3888
1261,3045
4524,479
1896,104
4989,141
667,648
1063,2664
3188,752
2726,1939
2693,196
3973,4970
2218,2064
4420,559
3716,420
4047,2784
3517,2475
1415,4452
4963,489
4943,1693
2533,4469
761,2831
990,243
1855,2979
188,25
156,3019
4147,3005
2841,639
1023,73
1030,811
2351,4675
2894,2439
1802,2322
3696,1377
2639,3868
4688,1179
3470,166
330,1693
2951,1533
1914,1139
3301,738
1585,177
4558,3729
1375,3805
2476,4588
4403,3675
390,4565
529,4675
1217,1158
4402,764
784,2671
2180,4600
3826,1384
2153,2195
3753,2598
4779,940
3948,1
3911,143
808,2135
1965,3405
1068,3309
1192,3595
4740,17
3503,4319
1074,3795
628,3397
2314,797
2911,3584
1976,479
1295,113
2151,2068
714,1832
1450,868
3822,3024
3505,1127
863,1225
1323,1790
4230,232
5004,1179
2202,1820
1409,5060
1701,2101
4374,93
193,2855
2242,3096
4162,3601
4683,941
3407,3387
2083,1474
725,793
4231,4469
2539,414
1405,3795
65,3309
451,1098
1967,2101
362,525
4473,921
3421,4640
4765,2475
213,4355
1168,3262
2970,764
2773,1119
654,2784
1858,5058
4304,2649
1542,2907
3706,2855
487,93
1914,1964
2270,173
899,1317
1161,2196
1464,2481
2065,989
3850,1222
2494,1520
4899,93
4841,3077
4167,1719
3242,1384
1525,1775
5001,1999
3529,310
2014,3403
2263,756
4595,825
3798,1820
186,141
4458,1533
466,141
3570,3309
562,2124
99,2625
3698,2459
2659,1556
1672,1820
431,196
2187,1712
3987,1119
640,4885
3471,88
1263,446
317,2815
967,423
1620,1127
4413,2199
2675,4579
1927,3775
3029,240
1207,2625
266,1280
28,423
4762,2288
2630,4083
1052,2386
4895,1222
3876,4092
1413,3888
2807,3281
1660,1149
4106,4877
4091,4569
5050,387
4016,2295
2148,4685
1836,196
2695,1360
4423,4319
3039,1506
38,1911
4052,2245
1402,2032
419,2481
1388,85
2672,113
1634,797
4797,519
5032,793
2748,446
147,71
2127,2815
918,1488
655,2721
4829,150
2253,4145
2416,3868
3513,2786
2323,96
627,724
2568,3161
3692,2946
1590,25
5064,25
2462,1775
2300,286
4101,3268
1591,3254
1028,420
1370,2614
1424,2664
1759,4588
2104,4355
4511,525
2130,829
1579,2907
3882,1761
156,941
2688,745
4127,4565
2714,143
1729,1400
4850,4877
3251,860
1932,161
475,2459
5007,569
4665,2064
3863,1291
4662,88
730,489
1530,4674
1100,19
3600,347
1548,913
613,310
4460,567
638,2791
1300,1488
2191,748
250,1902
417,163
377,5060
2460,643
135,345
3959,2420
3939,681
3663,3805
3559,648
3781,3592
4318,2459
1332,1658
4516,711
3328,3252
1254,2721
1927,13
5009,2206
1251,500
2058,793
2604,3525
1642,1167
4896,2475
942,15
4394,2740
2488,2946
1046,1835
4430,1204
1264,1235
2749,997
3578,793
592,940
3023,876
4021,921
3159,702
1550,17
757,1210
3699,243
5011,1127
620,876
2281,2979
5007,3201
1529,1390
4592,4405
540,827
2676,4584
1993,2649
1549,4640
632,1127
2221,110
3710,2068
2641,3968
482,446
1926,4490
4404,577
4230,4831
4142,4749
2368,3045
977,2135
4308,37
3658,448
4528,979
1604,3060
43,1391
2429,3206
1810,2339
778,3460
728,2791
1680,1533
128,2989
5059,3252
5075,4674
210,509
4766,4831
3230,4319
4449,2012
1440,3460
1014,4353
3984,3281
3684,2012
562,355
3831,3045
1351,1167
120,648
3052,2649
3367,4452
770,2358
4460,715
1298,2578
3848,3121
1667,423
4461,30
4297,4615
845,1377
4251,1562
1933,1474
1380,710
513,4588
4344,2322
1620,3125
5073,3165
2978,222
1138,2126
2927,161
2819,104
89,941
3123,1890
2198,989
3716,33
2190,3787
3875,2614
2544,639
183,124
740,1391
1275,876
5024,2386
4389,2008
4631,1353
619,1280
5039,4646
2957,2055
620,1009
2886,3341
142,85
409,3599
1380,33
4231,2199
1795,3884
3227,2420
2992,4831
1614,286
2705,3165
3483,2288
3446,3300
578,150
1773,989
4063,569
708,3445
857,85
2589,5060
872,3109
3217,3121
292,288
2216,2339
1732,572
1293,440
2869,1280
4684,525
2834,1327
3649,2938
5034,326
2580,545
5055,44
4199,3262
3782,994
3866,4452
450,3045
1940,3268
4295,1533
1107,1769
4434,163
4897,941
1530,1248
5067,1533
2302,3787
2383,4646
4204,5060
1267,3
261,2614
1710,387
581,1155
807,4355
1422,1009
1632,219
2792,4600
1386,3281
2579,2333
2822,811
2609,1890
3440,1050
291,2840
3813,4201
3915,177
1083,2101
2798,51
4681,4104
1462,1658
3026,1050
4821,35
1060,4314
4670,4817
1645,2481
3266,2371
650,756
2868,37
4651,1400
2071,4902
2138,262
550,243
4250,1563
4056,3090
4183,17
56,3281
2568,3905
4757,226
4612,145
2961,286
1615,2012
672,2987
3010,2339
666,2475
2922,2625
1849,4527
4935,2769
424,102
518,1658
4794,345
3464,1902
1046,738
405,4314
1468,1712
278,1050
3007,656
2719,1520
3742,3805
1829,559
4975,1149
2830,3445
2171,4296
4131,3687
3248,1006
4966,876
2457,361
1678,1942
3539,2101
1844,442
4868,326
4774,1533
158,355
4619,572
4270,326
2806,2791
2446,308
4980,47
2854,1775
897,756
2476,2101
4108,308
666,59
312,2322
830,384
2884,2012
3115,2120
159,3460
3520,102
3359,3405
3451,420
4359,3103
3022,1562
4100,4600
3719,2781
4961,577
3439,2459
4651,2855
936,1400
4962,1360
1092,2195
831,2377
2935,124
2986,2573
1294,2625
4892,1210
2921,1139
3210,2134
3305,3910
2897,4049
3476,567
2991,4724
1619,423
1953,2459
2271,3387
2390,1353
931,1693
3353,85
3986,4565
803,314
1677,2890
1218,3601
3859,1247
2606,3345
2837,3381
3131,88
783,2979
4555,226
1793,3675
3003,1319
517,921
765,4738
2213,4565
689,1552
1973,2552
783,748
2077,3601
382,161
705,3062
1323,1003
129,633
4095,1769
4523,3103
858,3868
4260,1902
4481,997
2688,3024
309,970
1288,401
3026,3592
2949,2625
2349,479
2265,2012
2517,2035
180,2573
27,1783
331,4817
2011,3675
1367,3775
4785,1248
3441,1506
4027,3403
4449,1225
179,397
923,4223
975,3941
1121,4600
1663,166
3772,401
3958,2946
2246,509
3783,4097
638,35
963,525
1764,827
1252,397
2962,4400
1650,3262
5074,756
2011,3222
4213,88
3102,1563
2130,387
4397,2979
1854,4355
3274,656
3720,1238
2880,4749
3259,44
4942,941
2067,504
3731,2786
2260,3687
1473,860
3891,3405
271,2578
3889,3405
4512,222
2903,397
4636,671
2259,2557
574,756
1075,219
229,2035
1440,876
3154,3610
5069,3601
3367,2815
197,85
770,175
1241,4565
1799,124
4001,3841
4617,2573
3797,1845
2033,764
4883,2781
2882,2206
2,1012
2753,420
4283,4749
1882,1247
3683,102
1479,4049
1137,1552
3145,2055
3828,4653
99,3
1437,509
543,196
925,265
3701,764
2138,381
999,262
4026,3452
1926,163
4732,1012
3324,33
3378,243
1473,265
4767,141
980,1775
1315,132
1537,2068
3793,3972
4051,232
2490,59
4895,583
3174,1725
3856,906
2765,4569
4691,3300
4746,2649
2374,3125
1895,4452
1073,4405
2975,2710
2125,221
3400,3879
4821,1835
2954,989
443,764
2603,4371
483,1775
1015,2288
3317,1658
4783,355
2311,345
4391,1820
1989,4097
3208,17
2190,2068
1349,3201
5062,361
2277,196
1830,829
230,262
1980,2064
3425,752
307,913
1521,1003
1592,3621
3216,2295
2809,173
3945,2987
2293,1130
2105,4929
3653,3584
4146,1820
4009,1400
2632,2064
2809,30
4508,318
1543,5057
2995,583
4587,681
67,756
3402,1939
4515,3262
3049,4400
562,4646
2025,3601
4025,1999
1878,267
2679,3675
2737,2032
1811,318
3017,876
3813,3262
3902,577
4847,2710
4329,2671
2839,401
1473,2295
1886,4738
977,286
5038,3879
2292,2942
3216,1890
3145,860
1630,913
2122,3445
485,15
3419,2987
4396,1783
4024,1130
405,2008
2130,1130
2259,648
4614,2377
4779,446
4853,219
1558,827
4207,2979
2212,1586
4352,3311
3176,245
2271,1999
2240,4569
2044,2664
3800,5058
4069,3125
3479,583
4333,3381
3042,1488
1198,593
2352,1488
946,110
4172,44
4687,1761
5075,47
2659,255
2514,2086
1770,3387
4564,710
2276,1845
4678,1964
1678,1012
2151,797
1995,876
3013,2664
3419,2557
1335,633
4081,2898
2893,44
1346,3206
4676,489
2310,2386
3575,426
1290,1158
1169,479
3938,234
2650,3403
167,2890
1678,1474
3723,4902
4875,4400
396,3842
3684,711
101,446
4774,2791
2632,3905
4821,124
2952,288
3435,61
3028,381
2510,870
3771,913
4944,3381
3589,1280
4723,854
296,4817
1774,3988
2850,3077
1142,702
4320,4353
2787,2648
23,318
866,1533
798,1248
3448,4615
1168,1225
3350,17
2603,764
1165,4731
3280,4885
915,4749
3148,234
964,161
3940,30
2560,2199
2796,2371
664,1139
1070,3775
202,868
4548,1939
4708,4104
4545,342
3828,1003
622,1222
2585,187
1665,4201
3505,876
4289,711
5052,4653
2967,2459
1860,3096
2409,921
3285,4371
1851,3805
1748,4877
2169,4817
4645,2865
1033,648
1988,2386
436,2740
4453,1009
4850,221
1884,175
2266,1009
640,420
309,913
699,643
3823,1210
3101,3121
4332,175
2688,1312
4890,2625
2675,1712
725,3905
1483,681
1146,2979
4403,3972
3195,653
1381,500
2368,1712
4772,1783
2485,3109
4171,1902
4422,440
4146,1939
2360,2710
2871,166
4335,3397
1738,161
4317,2288
125,656
4808,13
4016,4831
4111,674
3980,4653
4703,110
2675,2852
1684,3262
4575,1999
2636,1400
4923,2064
1404,4674
4495,3905
4544,1835
515,639
3164,2126
3158,3805
2023,17
4089,4738
4129,1725
4819,1832
3736,4083
3155,73
225,3254
1315,4854
4782,1502
3878,1377
3119,4831
2587,4646
154,674
3707,3795
2017,3045
1723,426
3390,37
4725,1552
1175,1563
4895,446
1536,2339
2257,59
3622,2032
2515,1195
742,868
3829,442
683,342
3618,2135
3918,1498
2231,1964
4495,2195
3688,219
3520,381
438,1248
1855,1761
1524,653
3271,1902
1988,124
3305,2625
887,1009
924,1661
1351,940
3150,25
4562,4527
2799,1247
209,4674
879,2055
5037,3795
3809,384
823,4646
2323,2625
2900,1119
3480,3599
4867,597
4520,446
1631,2008
2842,426
3157,4920
617,1562
2797,2648
1600,15
1382,3787
3946,423
4478,3125
4230,1866
4305,2721
4174,4646
4971,4539
3034,2055
4969,2035
2731,1235
2966,2078
1784,2697
3622,1939
2185,583
2886,1661
620,397
370,4600
1422,2791
4152,3397
782,4588
976,827
2396,4929
2939,811
1267,4653
1051,4738
3756,3062
3099,355
3502,3888
2981,4400
2143,2055
634,384
4479,752
3504,4738
2777,2919
1081,583
4183,3968
4821,2987
3044,3445
1427,4929
1883,860
4977,113
215,2322
1858,4282
1053,4646
2723,2840
4887,446
2703,1658
2340,124
4605,4936
54,1622
1187,4855
3752,1835
759,1149
1878,593
238,2439
4442,639
3644,597
1636,2135
4227,265
1483,1377
2389,3403
4008,4145
389,5057
4094,519
352,55
1677,1835
4559,4731
4443,33
1352,738
4531,3687
2684,4855
4443,1316
4407,1391
2376,2898
4849,793
2374,3405
601,143
1168,122
2443,2831
1945,342
849,3025
4557,234
2436,1312
2841,124
1695,4092
149,175
2753,2614
2186,267
2693,3621
2242,361
4066,1586
2498,671
2818,702
4430,1319
416,1586
3790,3206
3297,1839
4543,854
4712,2386
2593,970
1114,326
2925,373
4622,4584
4204,4885
3331,2840
1949,318
378,2339
4801,3121
464,93
190,2865
1066,1006
2783,1016
4824,1506
5037,979
4976,4724
3976,5008
828,825
1385,44
3204,906
1722,245
4797,3687
4085,3599
3573,347
651,4674
2150,1312
1724,4579
4507,2573
4638,4490
1138,1225
791,4097
4266,384
3956,2898
4470,1098
2746,1517
661,504
3308,2371
4961,4724
3860,2288
3084,3381
1550,1130
2010,347
810,1790
3450,4314
2985,1480
4230,1556
5023,173
2900,265
595,3
291,4272
2443,248
4964,3125
1812,196
1778,756
677,387
741,1360
3501,2371
2414,3090
4611,1502
2960,1111
1470,467
2204,908
3987,161
2732,4854
3990,446
3112,1113
5053,2598
2672,748
1459,648
4709,234
3113,2126
4077,2840
1430,941
937,994
2799,1719
4596,1567
4737,1009
813,997
358,2206
3264,4049
214,2084
281,1280
52,467
1925,150
2894,1506
2593,1377
520,143
4543,3201
81,1327
3416,756
2609,196
1871,3341
1538,2035
2730,2852
2201,4452
3202,989
1453,2938
419,1835
3824,3452
1928,2377
1274,5
632,440
2923,219
3589,96
2159,2697
1479,342
4427,825
4242,4929
1536,3201
4438,2649
2436,4092
303,2132
1777,1693
1537,1360
2461,1119
4593,702
749,2052
1355,477
1791,3281
5005,3805
370,745
2650,173
2407,854
1634,71
2286,177
4448,1248
2087,384
1559,1790
2715,3215
932,2831
5044,308
2081,1009
4174,1377
3991,3445
3545,4929
3498,1428
4123,37
2098,4831
4141,446
958,4272
503,3621
2284,3905
3275,1316
1631,3709
2357,1595
3959,572
371,3601
3799,61
1302,2245
170,1586
2991,1098
1257,394
1882,5
368,2358
468,2377
2654,414
949,1158
1871,37
2605,96
3658,3842
2864,166
3771,347
1459,1139
83,326
762,2781
521,4936
4034,1003
918,3460
3661,1586
2180,2134
1510,342
3831,3910
3614,2898
1830,15
3723,1235
507,509
4297,4685
1656,30
4276,2649
3876,1135
4251,3090
2301,597
203,4675
1868,3795
4323,870
1530,1552
1041,47
3829,1006
853,1939
3995,1050
1190,1586
1577,2721
2482,2124
4673,940
535,221
3908,2865
3067,1139
2366,104
4583,569
4117,2697
2285,104
4051,397
1351,2865
4712,347
4487,1693
2184,3077
550,1552
1694,13
758,569
1405,1586
3630,3941
1441,1111
2654,756
2936,1167
439,1248
4905,1247
501,267
3389,1658
1981,710
4787,73
3854,3888
2331,110
5003,2078
4240,1130
2314,234
3172,3599
3240,3988
2949,564
332,2084
2337,4201
2719,222
4160,4296
1958,2831
1511,648
1481,3687
3593,3341
2394,1461
1094,4936
3434,3879
200,2134
4170,1839
3899,3025
2759,2288
4093,1113
1531,4831
130,110
1455,2032
1321,2649
2725,1769
2191,2459
1938,1280
2417,448
3305,73
2779,4371
3678,1238
3507,175
4455,1939
3799,3125
857,3252
3850,2497
4528,4569
1421,3775
2225,3387
4841,1498
441,715
4297,564
865,4272
126,1890
1293,3675
2002,519
1546,175
3821,3687
386,473
1018,1488
5054,2855
4459,3601
148,1113
3575,2032
992,463
3408,5060
4655,2740
2044,3601
3375,2078
1074,2649
1525,2167
4374,3888
637,1461
3721,656
4591,262
4267,1210
1764,118
4222,3888
4343,2855
2009,361
1265,2671
971,4272
3943,4724
3949,4855
4338,35
960,1127
2838,3090
568,2946
3124,2769
2257,3281
4349,1222
3401,1498
2744,519
2465,122
2246,11
4573,308
4454,5057
1995,104
834,5057
3767,2420
2187,2199
3820,997
1457,633
1588,1139
1645,232
728,1761
1827,1127
376,3060
3625,2126
2077,2322
1727,1384
1492,85
5011,2245
3153,255
640,326
795,4490
3750,3842
3318,73
3216,3215
4699,648
1073,1552
4857,4355
4883,811
1157,4584
3081,2055
2251,1130
2630,2697
3163,4859
1411,310
2130,827
365,4145
1331,1775
230,226
2484,326
1376,1130
3834,1316
2507,47
3067,3775
4621,906
261,1480
4413,3729
2708,2199
4743,1377
1851,1999
283,2578
2941,3252
4303,286
3854,504
4102,1
75,150
4113,1602
4784,3584
275,4653
4172,381
1295,196
2174,702
732,748
435,318
628,941
3041,1845
3874,381
204,577
3139,4877
2888,118
4411,2322
1494,1498
1797,2791
4432,1661
1483,2697
2915,4929
3718,4738
2474,347
4510,1360
4804,921
4331,335
4067,2865
4697,4854
3745,643
2853,2648
875,3968
1807,3005
2615,3381
172,3121
1541,1461
4147,3968
2568,2064
4541,3621
295,1911
2903,132
4961,1602
2595,687
5072,2865
1762,1235
1120,1562
3078,3090
4348,4400
332,504
3732,221
280,825
2560,1003
1081,15
1064,1243
3156,17
3929,1769
2293,2989
3124,397
1747,2322
5063,448
277,1210
1514,401
4901,1291
1815,4400
4760,177
3433,2126
3794,1179
4966,355
2053,473
2811,11
1802,2938
3169,11
3097,342
4441,4855
3743,715
1257,3968
2568,1400
3818,648
1685,4859
2274,2815
4128,1902
4357,3687
3014,597
3983,4353
4922,2120
1731,2012
2039,33
1413,3201
3542,1119
1689,1520
3244,1135
4462,2288
4306,994
1865,4738
4806,3841
3752,308
2098,423
4847,811
1239,308
305,921
3187,2573
1089,1725
2572,2135
4562,11
4782,2710
2328,3252
1403,567
3315,93
4774,2598
1886,852
4789,4097
3418,4854
2372,3397
3286,1520
4717,124
1733,1999
3524,1113
1893,3988
4053,5008
2480,724
375,1377
4107,2721
3368,177
1759,1151
902,4272
4415,267
4366,2481
97,643
3009,355
1876,2979
3447,3121
3617,4877
4396,4282
5050,118
3736,4600
538,906
4862,243
4827,994
1946,4902
427,825
3548,345
807,5058
3589,3103
4246,738
2272,1204
148,245
4348,1130
4860,2358
490,3090
2137,122
3850,2648
1888,267
2871,85
4174,1498
1734,1712
4273,913
4082,141
1020,3268
4538,3387
1081,868
1462,141
3321,3309
3681,19
1603,4294
2236,4640
582,1658
1215,2890
2608,17
1492,921
2944,1775
1331,2865
1826,4724
1084,355
1804,2706
2821,633
4181,255
3435,347
1287,1130
421,629
1965,2942
2021,4855
65,2721
1721,3452
692,1658
4235,1866
1931,1119
2367,1006
1826,245
3898,118
1066,3910
111,4353
526,3675
3416,3841
1216,73
3745,2781
388,30
1990,37
1799,4201
1193,545
3217,4201
1338,442
4289,1498
885,3841
436,1204
4336,4936
2873,4588
3143,473
1041,629
1264,724
3862,3787
3330,2648
346,397
1607,3165
705,3584
2077,3045
3973,4104
4568,1556
3398,1939
3063,196
3581,401
2332,2008
393,756
4177,414
39,2055
2850,4097
2169,2055
858,3025
1919,1502
2141,1391
2729,1139
1008,102
4184,3795
3947,913
115,764
3072,1775
2824,2721
1255,876
3956,1151
925,255
2575,1248
1080,442
4656,577
1322,629
58,1790
406,2664
998,4749
4609,1319
1677,489
1782,3201
1256,1563
1988,852
378,2195
4589,1845
2287,653
2806,187
4385,1712
1657,3161
2526,3005
4242,7
1923,3090
686,3445
4023,4097
2232,876
772,1506
3029,3281
2734,797
2259,21
578,423
4348,1939
4641,2463
4612,870
2432,1327
217,1119
160,1902
2655,467
109,47
4529,2206
2057,2710
3360,3687
4130,1111
3140,2295
2587,3345
2296,1400
4173,3005
5051,3525
4410,173
1060,2740
2764,1353
3646,2055
3521,724
2334,4294
84,3025
3166,4685
4809,3161
1013,1562
2047,1353
4719,724
3790,702
3330,104
3438,19
640,2840
2562,3252
2863,2086
4844,11
3367,1622
2958,1480
816,2439
2868,2288
1075,4831
1896,2008
1885,4371
1346,245
3087,1461
3361,4296
4154,2942
2321,1942
2307,61
769,1130
789,1009
4039,797
2026,124
2513,1476
1618,2784
1497,240
2080,2101
1660,2333
1716,3445
444,4490
4783,318
3417,825
1680,1783
486,3096
3817,2052
1628,2573
2553,4854
4094,2552
4454,3397
129,639
4270,342
3965,3910
550,687
2546,1835
1895,1845
1259,1003
3074,681
909,2648
2176,2938
855,854
1817,345
753,308
1577,4970
5001,1098
4289,3910
3692,3601
292,4223
5066,4296
772,1127
2448,4490
4060,1502
3219,314
3093,1783
52,2497
4340,2942
111,4490
3583,4685
755,1964
1729,489
3827,4579
3043,166
4236,381
3659,1016
2950,3884
1733,1719
453,442
60,2126
2003,2740
4794,1167
928,118
3012,2439
896,314
2054,1222
4018,47
2253,355
3059,656
295,3206
787,829
3746,2420
3803,1235
4871,4569
3534,3387
305,2946
4063,525
5052,110
1290,4353
3997,25
4074,342
1432,1461
3523,2840
2604,4527
4050,3161
4510,2557
678,3060
2473,3165
590,2938
4464,1391
1978,141
178,1204
1741,1845
2842,1839
422,2195
3502,1009
3975,4885
386,51
2200,414
2748,3709
3645,1769
4424,1291
2600,2497
1592,2245
3922,2840
5073,994
897,467
5080,2840
846,1006
2711,2625
4930,3525
3220,145
3493,477
2485,308
1853,71
4060,3345
1147,2840
1550,473
1988,196
2519,2199
2417,4353
1137,2132
4154,104
2763,577
3350,1661
1962,577
152,1248
289,2979
266,3972
2820,1139
4617,1839
29,2078
628,1204
2730,4469
1580,3268
4775,1712
900,1911
125,2840
1539,102
2047,3161
1300,1586
2041,1622
555,525
2992,3121
3524,3968
4880,1712
4774,326
910,793
4265,342
1539,2987
550,414
1985,1135
3873,37
3379,1622
1566,2078
4511,473
92,4877
1045,3729
601,1384
837,4272
2731,2245
3625,597
4899,970
4435,2855
781,59
819,504
2160,219
2378,110
5019,1317
2038,811
776,1595
3034,1113
732,3096
1064,2052
410,3125
765,1533
1816,711
78,3262
424,3787
34,4353
5064,745
2153,477
3789,572
3177,1400
1787,2697
2972,3206
788,1179
3363,559
4903,1461
3974,2919
1389,2989
4245,161
86,1050
3181,2459
41,381
1878,265
4080,1312
456,3709
4952,2573
4494,1006
1846,1835
802,1006
2535,2135
283,2710
1588,3024
3220,4653
2653,1769
3094,175
285,373
1665,2865
2800,2721
1446,500
3195,1130
3021,519
2662,173
2115,314
4477,1360
1491,4936
4943,347
3420,2463
2014,1327
885,3445
293,811
4131,2989
2826,3888
3083,2377
1197,3311
3933,21
4495,970
798,1942
3012,1911
3241,2769
4009,4049
999,2815
3189,1195
4025,2339
1597,4902
4619,3888
121,11
1687,2245
4101,1488
1239,2769
2832,3262
268,1498
3917,3161
2130,2245
3653,7
2595,2055
1048,1195
2583,1158
484,2196
1433,1353
2237,1488
2275,633
2422,1602
4544,2938
3474,569
1884,1488
2703,793
3054,7
2869,3805
2798,5057
1323,852
795,997
3409,3675
2961,1563
1887,970
3153,15
3406,989
4835,1167
1601,355
4658,1964
1029,1552
312,4049
2254,2706
1297,564
4923,710
798,509
1984,132
2629,3675
2405,3387
1284,3060
2476,73
2246,3687
3850,1291
2114,4201
2294,4855
2122,715
4506,61
4011,4355
922,1820
2628,347
3895,265
3052,145
3117,1139
81,4877
4361,25
2128,583
2127,401
4063,4929
3123,3592
3696,326
646,979
3112,653
1131,715
2389,288
247,572
2881,4282
801,752
4195,308
497,2463
2436,525
845,113
4204,702
1417,1316
2216,4817
273,4314
2450,2101
2428,7
2600,3888
4497,1520
655,1658
3140,1098
2349,2135
2661,3397
3128,764
1549,1390
111,3060
4331,479
650,240
1916,3252
5081,3841
760,2135
1884,4539
2509,467
1340,3687
4379,2697
2452,4817
4981,4615
4230,3281
2960,941
461,756
4869,996
4132,656
449,51
2630,1890
4594,361
2155,2840
2210,4539
3233,161
4512,1506
2400,1533
276,1658
1497,1488
28,113
2357,3381
3695,3584
3743,463
244,3019
1677,3387
1268,161
3260,5058
722,61
4477,1155
2630,3888
1663,4319
537,2012
1896,793
3619,3884
944,222
2434,4584
1829,2195
4786,1520
570,104
296,71
236,3024
1344,2697
550,3062
1853,4569
2726,3397
14,3005
4921,3709
3093,2740
2849,3125
1240,2791
2348,653
1643,648
3170,4885
4476,1661
1809,724
2216,4831
3810,1761
4962,3584
3010,4653
2395,196
12,1790
4750,2101
4753,2295
4290,1391
2311,4092
4438,3787
2163,288
5005,1248
885,979
4098,870
857,414
2229,85
2036,1622
4999,1050
1601,1243
388,1520
3290,1890
1369,2831
3719,1195
3594,1622
2054,1999
3104,860
969,4731
4359,2784
2503,4565
3294,1845
1759,3795
1594,3165
2794,4569
31,3060
3192,3254
258,4452
3117,715
5073,463
4619,71
3617,643
319,335
5052,1839
2932,166
1072,3311
2405,2358
4288,2942
4078,55
582,2064
2519,2322
657,2769
1854,3879
3955,2898
252,145
2931,102
1823,997
4271,384
2201,2055
4830,1003
1001,414
2613,2288
2750,633
2129,113
1967,314
2369,1428
3342,11
1088,2358
1899,1552
1213,3601
3603,5008
5072,446
4069,748
1928,970
337,4724
1584,2614
4186,702
3880,509
3286,2120
212,997
235,1586
3372,1353
4836,446
4593,1476
3466,104
1379,559
1752,1319
585,2786
2103,3403
1301,2178
3974,448
4207,3775
1240,5060
1570,921
4221,1155
4932,2946
4669,3077
108,2120
1827,2552
1634,1158
5030,2791
2096,1832
3147,1911
4521,1790
3887,711
1966,1902
1433,104
4054,970
4287,3775
4000,4854
1094,265
4170,37
2934,4674
1076,2648
4973,3311
2695,248
3695,1377
1584,2497
1013,1155
1315,1769
1907,3309
4191,756
4764,1498
2056,1562
478,335
3269,1098
1827,118
2464,1327
438,4859
2471,4646
1924,1476
1944,314
4725,1533
2532,1942
204,1661
4166,347
2393,1384
4064,3
1722,243
2996,593
1614,1835
3694,2481
5001,96
4168,3405
4475,3675
4015,3060
4293,876
548,5060
3518,3842
3329,401
3689,1149
3404,2481
2300,4749
1489,141
2276,500
722,756
1574,1390
4549,387
2672,267
1255,4527
2970,1312
3915,2786
4536,4400
1090,267
4641,827
4778,4685
4524,4083
2473,2890
2760,702
156,1999
1451,1586
741,3868
4197,226
1767,1942
257,1502
4889,4855
826,3599
3897,3592
3067,33
2384,2064
1513,545
3978,2769
2934,4653
907,30
2436,4296
2045,4831
2660,1050
3290,11
3857,1964
3182,21
4427,2840
4962,3941
4038,4314
3813,221
3029,4920
1064,1476
4840,345
1504,1179
4607,4584
3182,1712
2242,2012
3740,3254
3510,3795
4385,2697
3065,3252
1551,2898
823,2124
1302,3201
2909,2245
4389,643
