2447,342
1128,3841
1953,1360
1246,4296
2750,4854
1191,2032
3542,4584
932,21
705,3019
2921,2598
3194,4885
45,940
390,745
3384,648
3269,2439
2062,4902
683,1498
3958,2791
4976,687
3294,30
216,2135
3666,1353
4399,4371
2431,3060
2741,1158
4048,2386
3926,597
3503,1562
3415,3972
1641,13
1921,525
4594,2245
3791,629
1873,1790
3662,2919
2207,997
1091,979
2306,2124
4450,1658
2479,3675
734,335
1526,827
3011,394
1486,2706
1669,1113
4350,2865
4577,1235
3137,870
4533,3045
2572,4223
4489,5
3875,996
327,2120
2058,1353
4086,3988
4191,3910
379,2167
227,2124
1479,1210
3671,342
845,3888
4895,3610
2969,3309
484,1964
3753,715
2255,4615
3205,310
1827,3024
609,1195
4637,997
480,219
3803,1377
4682,222
3422,163
757,2664
1254,2008
2327,1167
2294,1222
4014,4405
1683,3060
3887,1050
3732,4749
2266,1839
1457,3941
1212,1316
4988,3601
1321,2831
1970,226
1559,4145
4044,583
2708,2463
3046,764
3862,1712
3247,4970
1332,3709
4376,35
1620,166
2858,852
1753,3841
3694,387
918,2664
2176,2199
838,3795
1780,1964
2905,4049
889,4452
2054,2784
1078,3687
3542,4936
1514,3610
2619,1384
1919,4675
327,1003
2796,3165
2993,3341
3256,797
4620,4353
1215,4201
433,426
2460,2890
2205,4724
1283,1280
3033,4646
3998,567
4631,2710
3360,4049
4474,1835
4442,1009
4194,3842
3089,5008
3840,4296
1073,2671
2385,2706
1326,639
530,4675
2755,1942
714,4490
691,2032
3079,1127
1499,243
3214,4920
3038,11
2389,3262
2684,3311
3487,2710
3267,1247
3697,122
2965,4817
3596,3868
5072,748
1166,2987
4926,1179
2106,629
4477,3452
2027,2942
4842,906
2093,793
4752,414
2259,827
5042,2084
2406,1556
1081,384
3847,5
2811,3397
4126,3268
4983,1179
4564,913
1381,477
4250,4920
2870,738
4761,17
3160,1360
4292,4049
621,4294
302,629
1397,5008
2906,2288
2767,15
4475,2134
3696,2439
1383,143
4406,1942
1922,1003
5073,1
542,3165
1402,1195
4256,1567
2363,2078
2076,187
2905,21
3937,906
2981,232
1592,2815
2501,1502
3052,2786
2921,4653
1086,47
4440,2333
130,2664
3682,702
3091,113
1005,3109
610,4929
5013,648
1537,1775
4887,163
4,4314
4703,2134
2996,2055
1032,3621
886,384
1146,2035
1762,2055
4502,2740
3190,2132
2252,288
4648,4353
1109,2614
3306,243
1512,852
562,2697
1150,2078
4465,1050
3513,3599
2025,2648
3948,2199
636,4294
3625,2124
441,874
474,3381
4333,397
2102,401
858,1155
3623,3090
1930,2907
3527,2557
3778,1563
2620,979
2363,1280
4913,232
983,4319
1641,2831
3126,347
1532,874
1296,104
1416,4565
2944,3161
4246,1902
4465,639
1905,2946
1131,4353
2072,1602
2281,166
1440,221
5034,479
2504,825
991,4902
3512,3592
3375,473
2373,4902
1093,2598
1475,2167
678,3775
4238,711
1322,3795
4994,653
3978,314
4754,3103
2455,2907
4471,173
3987,2420
3777,5057
4183,2573
1290,3222
4878,1835
3774,1964
1251,868
1464,3805
4193,55
3098,1149
4198,1098
1169,4097
2529,420
1571,2942
537,921
2757,756
3326,145
4658,3805
3055,2697
3350,3595
1389,265
1365,1556
691,1661
881,4615
3811,234
893,639
3566,569
1831,583
4086,1050
553,906
296,2377
136,4201
3925,1866
3526,219
4335,1939
4666,710
2725,738
1667,347
3091,2206
2303,970
4691,255
2053,37
704,2671
4457,3215
3802,756
4194,4565
1031,2086
1636,4049
2298,572
689,161
1794,2710
3459,1225
4711,1195
988,2439
4941,4201
2571,569
1282,4452
3048,314
3067,118
5037,3968
2766,318
4623,2420
2279,4646
2003,177
3748,3300
1091,1247
3531,1210
1443,102
3975,593
4205,2195
4360,656
1522,2135
563,1139
1847,145
3132,752
1551,4405
1680,5058
2861,1552
5007,3905
418,234
1401,3341
4617,5008
3189,4831
553,3601
560,15
3208,3729
4993,477
1958,2907
3540,4452
287,394
4321,994
2806,1204
1720,4371
3442,2167
3178,11
812,2625
747,2178
1954,702
4098,1012
4572,35
2728,1012
586,504
1102,122
4253,1506
1069,1533
2072,226
1102,2740
2583,3687
2208,994
2892,2120
4667,150
768,1622
337,2120
2856,88
2312,4600
4756,4355
2704,4223
2696,1761
3678,2068
3746,3595
1343,1327
3810,1130
1190,2786
4200,4296
3571,1248
2622,868
1067,143
1570,1360
2803,401
3454,2134
3563,3005
3087,267
3508,1098
4453,2831
2384,3841
2510,219
4150,221
2998,3206
3916,1725
1099,3381
4119,504
935,1353
1304,489
991,93
830,1999
2422,248
4863,745
1765,4145
4853,2497
1572,4314
1032,467
133,3252
411,1602
3917,756
4589,3403
4440,3165
2133,2459
4073,2786
458,3309
2423,989
4999,3879
2536,255
4814,1517
1281,3525
3324,4527
2782,426
3993,3387
4506,4936
2260,2578
897,1248
4366,1890
5001,2598
2002,1461
558,797
4181,2648
2061,33
3317,2196
935,4469
717,4738
2191,994
4563,1498
1601,827
812,3884
3333,4371
4275,738
731,3972
4923,30
3018,3841
2023,4817
2912,1790
2461,3972
4367,2084
1840,3206
3250,3968
3543,5
2277,874
470,4674
2427,85
692,3125
392,1238
3555,2199
3474,2126
2246,3841
78,4600
2148,2989
700,994
5041,1016
2000,177
4680,2339
23,2064
2966,3601
1831,2840
2893,2288
1065,1661
2121,1488
1632,2288
3952,3445
2112,2245
22,3910
3500,1520
4100,4738
2477,373
511,2463
959,545
4996,764
2762,2481
1198,1158
2945,2578
2833,2008
410,811
379,3268
2947,1222
1955,3709
1021,1113
2251,335
2324,15
4142,55
4375,326
2293,1556
895,3709
1794,764
3205,3403
3033,1119
4430,1476
4760,2288
5040,738
2361,876
4513,2322
2473,874
3100,2671
202,3096
2490,4817
3075,519
3348,687
4335,3621
4994,2769
4985,874
1946,504
4486,1769
3196,1317
3757,4877
1767,2124
3013,1009
3938,318
370,5060
4139,1661
3022,577
3912,989
2825,145
3308,1488
3029,1835
4291,1658
1367,1113
755,4469
3881,3584
2043,2126
284,5008
4645,2086
1681,1
945,85
3980,797
3563,3599
3277,4724
393,4920
1710,738
2608,2481
211,764
4279,479
300,2907
4082,3599
1373,446
4422,4092
4186,1119
3449,4097
1830,310
1381,4854
4979,3968
2171,4092
1532,4371
4054,222
4346,3599
3169,4405
4126,1135
1551,504
1348,243
5036,3968
2747,2578
4354,1866
1325,1139
4214,5057
1920,387
2689,161
1189,232
2444,854
4496,3345
3834,687
3838,1135
538,314
294,262
4510,308
1437,852
2490,3254
2736,1832
3705,4831
3260,559
300,3121
4786,1769
4237,4083
4333,4371
1417,2084
4875,2578
1782,710
3877,648
3617,4319
305,2386
4009,1280
3976,1111
2985,564
714,426
2878,265
4983,1832
3399,921
4363,1533
3279,2987
4818,3709
2060,996
323,3868
610,2135
2356,51
3516,1179
1028,479
70,401
3930,3599
4020,397
861,4092
4321,3254
4369,9
3498,4049
2632,738
2461,2068
4019,1595
1094,4640
400,572
4125,854
3654,724
3522,3341
4076,996
2252,3345
4094,1567
967,4490
4553,1151
4893,1622
3323,4831
1339,3403
3613,1135
1750,4490
2158,2339
2251,13
3559,3381
1512,2840
4168,748
4166,11
2920,1238
2360,4646
1889,996
1096,2815
2875,1360
3631,1761
1191,286
1099,1562
3752,2578
3951,2322
3712,361
14,4674
3202,827
2474,4738
1532,2898
3685,1130
4246,1016
469,442
4983,1009
4373,1658
2129,61
1489,3787
759,1693
2973,1866
3618,3201
2712,4527
1311,908
3629,829
3793,2135
4053,913
2825,979
3158,255
3468,643
3056,489
841,245
1446,572
1670,860
4360,3795
4949,2815
736,3109
1093,463
2743,2938
2312,4646
4577,1312
4594,1384
2955,2288
737,21
2236,3268
3858,387
4241,829
3189,509
1869,1243
3238,2979
471,1006
3919,4584
3179,187
679,3103
1091,1127
3154,3125
2328,2358
2263,504
707,1390
808,1719
3558,797
4864,2196
2361,3096
4360,3968
1275,921
3155,3045
3885,764
2763,1595
4681,3941
2568,1595
1692,1562
148,3345
1056,764
46,2012
1578,267
3937,4749
3139,2101
3471,860
137,267
3899,145
586,2196
765,3405
1464,940
4318,979
659,1312
4618,1911
2261,3345
4655,1050
1787,3222
3359,11
1879,1790
1329,262
4360,4738
1324,4877
1077,3452
4383,4400
2571,2557
1913,2196
976,1839
1904,1113
1439,564
4069,2167
4913,4731
1803,3525
1007,2068
202,2055
3831,2781
1886,118
2737,4469
1799,2987
130,3109
3583,2012
449,85
1672,653
758,4920
1274,5057
3335,1243
3603,593
1615,4929
1469,2475
3456,870
5010,1149
2690,3222
1974,2086
1982,825
1802,387
717,597
2525,1317
4293,1480
4547,2008
1309,177
2422,825
4975,504
3938,3103
2613,3868
2624,525
1047,1225
1864,477
924,448
2486,3019
1058,738
483,1712
3151,37
2205,2055
4945,4646
4716,161
3490,1939
2057,1839
4605,446
3934,3222
1870,748
4910,1
1637,687
3040,262
4103,2865
1421,394
585,3884
1413,4296
1442,1009
604,996
4523,414
3061,187
1589,1761
2877,2420
1752,1488
3501,4539
4102,2196
4798,1009
2340,2938
3313,2134
5072,373
4576,394
4098,4600
1108,177
883,2942
3531,1488
531,3592
4088,4083
483,226
4261,255
630,4920
5056,1391
1392,906
2287,564
3797,33
1950,4469
3196,310
603,4749
2555,222
3793,940
1545,1317
3527,3222
3479,941
3763,30
2071,1586
53,1235
1220,1319
3520,2784
1355,3262
1368,2064
2850,2475
4410,1225
2958,4902
1913,1210
1399,2371
1484,88
3788,2052
2170,874
649,255
3328,318
4013,1835
4026,4469
2130,2710
4562,355
1201,2377
5059,35
350,3
1683,913
858,3062
4958,477
253,1622
2931,994
2486,745
3944,93
1582,85
1467,222
2755,2086
5077,715
3792,17
3013,1316
834,2195
1613,2989
4905,2068
2506,996
4689,1225
4922,4854
539,908
476,2664
4649,989
3628,420
2373,3968
1043,1248
2802,648
2253,234
2776,2815
3342,1098
4370,3215
1045,1377
424,4929
5035,361
3834,854
4158,232
2833,2942
1049,1210
2531,361
1233,2649
1815,3610
889,143
2316,221
1015,3687
4932,1130
474,1179
2454,2459
2311,748
3633,2625
1612,710
4933,4600
1129,5008
4519,702
3590,4600
5043,3222
591,9
4131,1520
4148,1586
1645,756
2733,2815
2406,47
4169,633
4190,941
465,1327
4180,4685
4443,118
431,118
4031,509
2253,3103
1362,1964
1359,1890
3862,2740
1636,1127
3612,4855
435,4920
4012,3762
1811,2573
411,4674
368,141
4895,3775
2615,1317
2703,1111
4756,3775
554,825
1978,4223
2183,467
4493,572
3982,2625
2870,11
2376,4579
4028,1712
3474,143
4987,4527
2978,104
2780,2120
4341,745
3273,3165
2525,33
2915,1567
3218,2012
5078,1222
3432,2865
3662,1783
1921,161
209,2052
3833,567
2368,4097
253,913
3349,2196
4441,4272
777,3675
790,1016
1745,1999
5015,633
2235,2648
362,232
885,3610
1449,4201
4135,2898
1019,1222
1532,3
2602,756
4458,3201
4951,326
2274,3387
481,545
3200,55
2580,2573
5014,2740
4886,633
634,2459
2988,876
459,3868
4419,3252
3027,1006
3110,921
1869,3762
3773,941
918,4294
362,1783
2927,2035
2214,122
4411,4314
2592,1280
1847,1247
1324,4640
3829,118
4338,997
4392,11
2468,1009
1450,825
2642,122
4721,4831
3306,827
4233,4049
3049,132
1807,9
1492,710
1655,4731
2962,3445
907,1400
3241,1016
2568,110
554,811
2680,3090
795,15
1044,2068
544,1127
2014,854
1739,3584
873,2557
1521,597
4857,59
2626,569
3836,3884
1046,4970
1292,764
2975,970
4220,1113
3607,519
2926,906
2657,569
3207,15
3394,1586
4638,355
4901,4400
1591,387
3899,423
4243,793
1372,545
2464,3525
4280,163
2617,2671
4167,3345
3080,797
4548,1312
3522,3024
4911,4653
3261,3805
2193,1312
3266,1003
780,4920
4199,467
1273,13
775,2035
3111,1151
1749,4145
3537,1552
3847,221
4745,2035
1156,446
1154,1316
2272,124
333,2497
1765,1476
1450,1317
1588,473
4471,2481
2631,876
389,1009
1101,870
4704,4646
4485,345
1838,15
2456,226
4870,4877
4847,1391
468,1911
2100,2199
695,240
1639,1167
5045,2784
3269,3045
3435,671
2321,2625
444,118
2450,4049
2416,2625
4852,2206
1513,3345
845,1502
1709,2463
915,2721
3713,1556
3469,4653
1737,2740
2502,93
1635,397
1992,3905
3591,3599
1912,1498
3178,2840
2320,4294
3970,489
4590,2942
2978,255
679,4859
3475,3729
1059,2068
4394,345
2324,989
3303,467
2297,1761
3431,4584
4313,175
2577,2481
1614,93
2110,4653
4976,2919
2521,1725
1729,355
573,1353
3567,671
45,2032
1975,738
704,3109
1257,3121
2070,711
1549,9
4726,3161
2233,913
1510,4936
918,2358
5011,4272
78,1319
1936,1725
2026,345
1843,1563
126,3281
3703,545
2191,1316
4278,2086
2894,1693
131,1391
3049,96
4729,3595
4158,4527
2442,996
1239,639
2436,4584
4690,559
4315,1461
3179,3062
4382,593
2182,994
3858,2035
94,2288
3036,4724
1478,1238
3777,2055
1218,310
1120,226
4059,3005
3894,2068
2646,2786
4693,1839
1747,2195
5007,25
2770,2831
2065,1003
945,267
3366,3125
796,3125
2095,2919
3253,1195
1346,1775
2976,1353
4061,442
3887,1964
3293,3090
4377,145
4220,2475
697,113
4867,4855
2595,414
2673,2068
4027,3281
2360,55
3033,3215
3860,3621
1249,797
4839,764
4434,3019
4880,423
1553,47
1728,3452
3130,1016
4033,2371
1138,2371
4590,702
1385,5058
4603,1517
2545,2178
2471,2206
4686,3988
2600,326
1229,639
4605,3311
2011,3452
4763,73
1588,2064
4197,1225
2550,2420
1379,3842
722,3
1670,4615
1160,2786
57,2865
1570,2035
1740,423
2743,93
4130,4097
3470,4646
202,1135
3725,177
3358,426
625,1942
1883,639
3317,3879
1175,997
1896,994
4382,3381
2293,219
3780,2245
4238,1939
386,1845
3816,2463
3353,2439
4029,908
2555,2852
432,1845
3816,989
787,653
2914,1167
4001,829
2555,1149
3664,145
4533,756
4089,996
1780,387
1853,467
3393,941
3340,748
2679,648
478,1725
2095,577
4827,656
4476,648
2079,854
4818,5008
341,4104
510,3805
960,940
1477,3675
2158,35
4944,852
3489,3103
3615,3019
3267,2649
2047,868
2429,724
2367,5008
605,21
1524,381
662,196
4328,318
2024,797
1553,25
3921,1911
2758,827
3130,2124
4155,643
965,381
3213,2497
2790,3090
422,4885
2873,1248
573,2199
2180,876
1256,2557
336,2068
4843,687
3409,4400
985,2697
3270,5060
5069,33
1462,1911
4796,2769
3486,2101
2955,3621
3411,3025
1672,4223
741,440
3909,2648
4636,3125
3079,1488
144,1050
4552,3281
2873,1474
700,1127
4903,4936
4758,4319
578,583
3470,11
3074,870
2407,1775
3310,2078
4878,2055
722,2938
1836,2706
917,2852
1583,2333
3825,3
953,3675
81,310
2561,970
2262,4885
1642,2786
4705,4405
2610,387
4981,3841
1191,3387
3464,3254
2867,2084
3421,639
4532,4970
1585,2008
3229,1474
4313,2497
1891,2035
3417,564
303,3045
2686,583
4904,1658
3158,4405
2283,326
27,572
3442,161
4814,2481
1443,1602
924,2648
4464,860
4462,827
465,2648
413,908
144,629
1509,4314
4869,1845
220,1280
3193,994
2718,3077
434,4097
2303,2475
2157,173
924,2942
4641,347
4362,710
3217,1567
2127,3201
4113,994
1208,2552
1648,373
376,3905
2632,3387
4068,1204
3755,2649
3358,1400
1323,653
98,1360
558,1820
18,3254
2661,4817
2577,3019
1579,2012
1022,477
2021,1939
3330,4685
3860,1353
334,1327
1971,854
3466,3675
3730,764
4035,463
1855,2898
5043,1552
4383,19
619,150
69,979
3185,2946
1991,2852
4100,941
4829,2721
1644,5060
3433,868
1858,569
4153,4738
4217,3445
242,245
2257,1179
1363,1761
3356,4902
533,4749
4754,414
1630,219
1706,267
2458,4929
4709,752
1168,4201
2661,940
610,318
151,1832
3449,1400
1673,1832
598,1139
1538,448
3829,1225
2356,3452
2119,3888
4033,2012
2287,420
2271,245
4039,674
1099,639
4954,2979
3303,1127
1209,4685
1854,3025
296,1480
3028,489
424,1693
2416,4282
3558,2552
1647,196
672,73
2584,1291
4174,1474
1005,1567
4262,1360
4151,3405
5034,477
438,756
1253,997
1147,110
2717,797
1073,489
4743,2648
2943,2769
1686,2035
1456,3968
2363,715
4133,2084
1600,373
3892,85
5027,1098
4491,1820
1440,2288
3344,4314
3522,1506
644,724
3750,1006
664,1563
2025,3452
1493,394
3132,288
2421,4145
4969,1113
953,681
2623,1
3287,3972
369,232
3605,85
1231,4569
322,318
3977,572
159,913
4507,1319
1852,3687
735,4565
2273,5057
205,4640
1648,2919
340,1562
4381,2919
4767,3300
405,1942
3497,3452
317,2358
2229,414
2742,2791
1720,3405
4302,687
3871,1556
3342,226
3638,1247
2709,21
181,150
1471,3397
1726,4854
3037,4854
3683,1769
4467,2124
4777,286
538,4970
4396,860
4431,1135
4613,4104
1699,1167
3613,3805
965,2245
1651,3206
379,3096
1875,5008
3537,414
4736,3884
4057,13
626,3795
2276,1238
147,2614
4267,3096
2088,2598
4357,1602
549,1533
3208,1317
4192,994
3931,2135
3819,2245
3244,4877
466,59
2595,1835
3056,567
3906,567
3865,2989
2996,4294
4235,3311
263,852
1548,4405
2932,2497
1275,979
2317,1179
2911,2907
16,2784
2760,1480
2518,2086
2217,2649
2053,3165
2644,3024
408,1866
691,3805
3001,639
2100,2178
3569,3005
4473,1939
3411,196
2640,355
4415,122
4139,5057
4965,4282
2102,2557
1722,906
4391,3729
3026,4223
2875,681
4563,1790
4362,639
1857,1461
2115,1890
3948,500
920,104
4951,1151
4389,748
2996,479
4520,3787
3318,1520
2496,4817
2821,724
3322,715
4163,4083
2090,3060
4437,240
894,5060
4796,3077
4340,1517
2743,1235
1749,1839
1255,3968
2589,2055
3637,3201
2701,15
309,4104
48,577
949,1769
2637,913
1041,1506
430,1135
2393,314
3894,3005
3174,854
4276,2706
4807,232
4071,4355
2147,4674
2996,876
4889,17
144,671
375,2865
1741,1400
4657,93
1328,2339
2398,1602
2157,4272
2031,2781
2264,440
3002,2052
1612,401
1972,572
5012,3621
3115,1327
3649,1149
2525,559
4079,4400
3540,1390
4176,2831
2900,2865
3235,2126
3483,2135
3526,1353
1990,1222
2267,1964
1174,37
2529,1327
201,394
4544,166
4378,1832
1660,500
1767,222
3730,2791
4133,4569
3321,3599
561,1520
3764,5060
2034,161
1537,4469
2644,633
418,2035
4236,187
2973,2035
4449,4877
837,2898
3865,825
843,347
357,4640
697,1775
224,489
1749,3729
3853,2068
783,3215
2415,4527
891,477
4254,4314
4887,1119
4544,1327
2570,1130
3769,2648
4558,3341
1489,4355
4906,1719
611,3675
4459,3868
973,3675
4207,4097
421,1012
3478,4201
3665,941
3133,143
2017,318
4241,4527
3767,1520
3940,3972
2140,387
2160,1783
2975,3884
1266,71
4055,1461
902,2135
4609,3795
1214,3397
4848,921
360,2064
4689,997
215,222
676,860
4737,4579
2058,2987
3597,226
2163,3729
2296,2032
5005,1391
2001,3403
4352,145
2075,4490
3324,4929
3576,33
2711,2552
4427,2064
879,4859
2704,326
3647,71
3035,2648
1356,314
4627,3345
212,5057
1749,1111
771,500
1418,2195
1898,47
315,906
877,3090
714,2740
3313,1111
5050,3888
5016,854
4619,467
1486,1384
2661,163
2996,4749
4349,2086
2715,4600
3241,245
2211,564
4850,2769
3042,970
2453,1769
1503,1517
204,17
5002,2196
1756,1113
3712,4855
3862,2078
4467,104
2808,477
4682,2769
328,2721
3301,2598
4873,3222
1425,2134
1114,3403
4504,13
4510,3621
4417,874
1475,1562
3783,3165
395,2598
2082,423
1405,401
432,3206
3664,3103
3359,2084
579,4855
3122,1167
4218,118
4753,161
2222,525
2141,3201
2304,2288
2268,2721
2482,326
1262,245
3668,232
3499,2721
2900,4584
2544,19
4288,104
2490,51
3431,1942
4701,2288
3808,2199
1551,347
1258,868
323,2339
227,2890
215,93
2375,166
1200,2295
1884,4104
1033,906
4848,1563
259,9
743,401
3499,3125
3665,1719
2759,1238
2041,4584
2269,2052
3713,2101
2715,442
1202,2134
3467,17
1967,738
3459,2167
4686,2124
1434,2987
4311,1377
4511,245
3336,3941
3167,1247
1293,1280
5038,4584
2257,4936
2770,463
650,2791
1007,308
3249,2078
1022,3403
4212,3709
3588,1719
1666,941
4303,1480
359,255
63,3842
1743,681
1214,519
4025,2134
20,401
1486,2134
1501,2333
838,989
4006,3403
2669,3268
4735,2288
1747,1563
1104,1783
4070,2078
2042,255
1746,3024
4632,1517
1831,3121
1610,1719
3366,3729
1239,3341
4985,361
2111,2890
885,4083
2545,335
1142,852
4665,2557
4722,4929
5042,1098
2450,3842
781,1390
3054,2942
4140,3341
2250,1158
14,1319
2043,3024
1445,3452
3961,1911
4085,979
3883,2855
1197,1719
4587,5060
610,1139
2851,4854
3487,51
4719,96
4649,854
3496,756
4102,1556
3453,4674
1780,870
2154,5057
1837,19
4961,4970
4826,102
5024,2786
3372,4579
1659,2979
2909,2086
1031,4355
776,314
946,118
1816,2078
260,2084
2125,1167
1728,1400
4771,318
4896,3762
3926,3795
4555,21
3111,3345
3056,1139
3462,401
2272,1474
1547,19
4432,4400
918,1719
3626,1130
2099,1725
465,3005
4195,2573
2927,1119
1367,4674
883,1317
4486,446
1581,2012
225,265
4863,994
4864,874
3202,335
2372,1012
3712,4674
5054,653
2515,4104
3430,3805
4139,4296
3430,2475
4670,2697
4496,355
86,2769
2765,3460
3833,2840
635,2989
1026,2942
3136,102
1963,1
614,1009
2729,4902
1920,3062
3071,1384
3101,51
3433,1327
3744,3090
1610,175
2640,2907
4514,1238
1531,1130
3294,3888
3402,2132
2582,2578
4512,3005
3912,3599
1777,2035
1532,420
1979,2459
4114,2831
4981,1
4560,381
1423,4353
826,3103
4545,463
2268,5057
3936,426
4959,308
3977,1400
3705,355
4739,3387
3290,3161
3752,3972
2474,1119
2732,1135
4003,44
611,876
4713,4469
3904,397
4745,1225
2969,384
1640,509
2788,854
2162,1820
4638,3300
4836,4738
395,2706
354,3795
2209,4855
2661,3121
3913,648
3536,4584
1625,504
851,59
2964,3262
2636,3077
3389,2625
2088,2035
4974,2497
140,868
117,4272
4285,88
2281,4223
3442,1911
3852,5058
4369,1139
343,2288
4297,2420
2413,163
1318,326
2787,874
1472,940
1843,335
1285,4282
3260,2625
2212,629
3555,145
402,545
183,420
637,4294
137,724
4606,1902
69,423
3437,3525
3605,4584
3980,5
1249,2035
1503,2840
1641,3345
2636,2333
4537,2664
352,4674
2738,4855
3660,4674
3146,4296
4060,2032
3896,17
885,860
4190,509
2054,1719
4899,3795
3890,489
4917,1964
4973,906
880,3762
4730,4569
4716,1225
4756,3222
3122,1506
4343,1820
4658,994
2433,1520
1969,3595
171,2786
1334,5008
4711,3762
3835,245
1270,1942
4143,3968
4940,420
5004,4145
32,426
250,593
2024,2459
1697,3201
1862,2245
1507,3621
3982,2481
3647,2919
3080,577
162,318
2838,47
368,1111
3197,876
4815,2322
2529,4970
817,122
727,2855
4048,2578
336,3884
673,2132
1799,387
4148,2199
4526,479
3908,2086
4005,656
1875,3795
1636,1902
2406,2942
1872,33
4589,3675
2686,2614
3166,2134
1876,681
378,1247
4415,2339
3932,519
2183,1238
3278,2167
4796,1222
3256,970
4705,639
2674,567
3026,4490
821,308
1698,4294
2138,2459
4386,4083
3501,88
849,3879
2903,4223
4932,3762
757,3254
4523,3868
2382,2552
2227,143
2213,2740
2963,921
4482,163
3737,4584
4711,2664
1035,51
503,2195
5033,1280
4908,2196
66,326
1545,1556
4793,3621
1344,2035
1593,4371
3699,4282
1607,2386
3327,342
2513,1155
4095,4405
1807,3888
3780,1280
4880,1098
3135,3762
952,4817
5022,4724
4611,2132
412,1832
400,854
4629,4201
2387,2786
4093,876
1931,1461
1717,326
1688,2614
278,811
1781,2791
3168,509
2234,4749
4137,44
4213,345
3391,61
2294,2167
3139,44
2703,4600
700,3888
4844,141
1968,3262
3306,519
1037,463
1100,4083
1948,4469
60,4674
3293,2721
2923,2167
4711,639
2693,85
2234,2032
2019,2865
4448,4584
3253,941
168,1658
658,2989
1535,1353
2091,1384
2787,3019
685,1712
4863,401
4649,797
4978,1149
2830,1
3509,2064
1336,940
4432,1999
3521,414
1310,2840
3082,3025
3882,113
627,5008
4153,3109
209,1866
3333,3595
3050,2064
4269,219
1411,2697
3859,163
4998,4653
3574,4902
3917,979
1118,3972
4764,2124
1545,876
1141,1775
1673,1179
2525,2781
1860,19
1224,245
4703,687
4705,3268
4132,2064
2060,2648
2729,477
4374,745
4491,2625
4372,267
2039,559
772,643
1861,2907
1671,2987
4701,868
2410,226
162,2055
886,4738
2582,226
3468,2459
2362,1783
902,1377
74,2195
3568,347
2540,3268
4163,1050
902,1520
5061,387
2748,3460
1262,222
3399,4731
3563,4223
258,2206
1607,4294
4629,4855
4882,2865
364,25
2953,234
4755,1327
98,173
2325,93
1643,2339
454,4920
1777,1113
2544,2614
3699,355
281,2101
3225,232
3136,477
2892,489
919,2898
4960,4353
4916,908
4572,1098
4465,414
3594,940
2582,1712
1607,2064
3470,35
4024,1
3940,2815
2215,4854
3086,1556
3907,4314
393,3879
2049,1845
1313,3096
4882,4640
2695,1280
4797,2012
981,2068
4533,4731
1008,656
3638,1498
1031,2648
624,3842
4843,1820
1460,394
2801,643
1716,4201
3810,2371
3267,1158
1703,1360
4804,639
3877,1111
1825,1790
3271,994
1058,7
781,876
1432,2032
4597,1506
2755,3403
3617,2084
2516,583
3817,3595
2668,196
56,4920
3203,2439
3539,1461
855,4452
4986,2648
834,73
2873,243
2709,1783
1250,577
3130,4738
2548,2475
195,4201
2236,3841
1478,335
3676,4294
2887,648
2164,4817
4422,4083
3243,102
1013,1248
4944,4223
930,4223
469,3842
2207,143
1722,572
2906,2946
3155,1167
3263,248
4566,3687
2496,2852
831,2132
1741,4724
4471,2573
549,1247
3995,1761
4797,1149
2150,3206
1396,1400
1234,1391
2864,61
4954,124
2574,1400
4649,906
4847,1003
4939,1658
4767,4600
2240,4970
4042,3165
3306,2557
1196,73
4074,3
3750,2288
1416,1563
4911,3254
732,3121
3187,166
2391,177
3053,440
601,3525
2565,940
1073,3775
2400,3888
3348,1235
1494,797
3717,310
2886,118
875,1139
610,656
2314,2245
673,4355
3475,4319
290,1693
224,1327
1146,1050
4011,3868
1919,3729
689,3381
2004,51
348,3968
3189,4294
2688,1693
4244,1006
3151,2064
2522,559
2504,1400
1929,738
331,255
3532,4282
2510,2008
1376,3687
3858,1476
3832,387
3409,876
2145,519
1507,1127
1864,2288
3471,1712
678,2831
3660,629
4146,1719
907,401
5026,4936
3484,1111
4661,2199
2757,4145
3562,15
3912,2942
271,3206
1485,4615
4028,1556
4819,1111
2997,2322
4820,1488
4663,2084
3128,1790
3159,446
4492,1327
4763,4731
1019,687
568,2907
4647,3687
733,267
82,4314
3199,1400
478,1552
3176,4092
3343,420
689,941
2908,467
3317,1939
4955,1845
2220,941
2477,132
4193,3972
411,870
3794,7
4830,1661
120,3405
4093,3215
252,4646
3576,4831
3406,2358
708,519
2912,756
2966,59
3174,764
341,4738
3574,3024
3505,2815
140,2322
3051,1243
585,479
2892,93
932,1502
3218,2497
532,2288
2327,1502
3359,1661
4903,1248
3098,3841
3593,463
4144,4223
4564,5058
1349,1195
2259,2245
368,118
2844,15
1530,1502
3915,724
1697,19
1538,1317
3394,1319
4251,1204
4183,177
2859,4831
1378,4565
2031,545
1217,989
5061,1820
3967,355
4631,2008
2153,166
2161,3281
1777,47
133,860
4135,387
1714,1461
180,2907
4357,1769
3659,2245
4129,3610
2051,2625
3681,463
2623,4854
4798,970
3276,3281
2289,1113
2668,4970
3288,1003
4782,1911
678,2245
3951,1498
4210,3062
1278,1658
3132,286
1497,1009
235,1790
2158,51
1351,2086
1571,2475
2666,2898
1342,3787
4937,1693
3523,21
4026,1098
2486,2475
3169,3709
3305,4223
4031,373
2394,2035
225,5057
1941,1009
244,1783
3307,113
4547,1238
1518,3795
2635,674
1665,1179
663,4584
1051,1488
1253,2740
898,310
4951,1377
3145,255
2905,232
2338,145
344,1204
2811,1400
1388,3762
1233,1783
1582,1204
5050,4653
3803,265
2205,2052
4953,1820
1031,2946
2000,3281
959,715
2406,1353
1739,913
3858,4675
3612,1533
436,994
3234,2101
4308,1012
5055,2769
4781,4294
1509,825
2901,446
1854,2710
744,1533
4994,35
3539,564
273,1391
914,2295
97,245
918,387
1572,326
1049,4145
924,1552
4009,1474
1898,5008
217,870
2615,2135
2006,2195
1284,1210
1182,2481
4379,874
903,1360
1644,414
2238,234
2338,2178
3091,448
3449,4738
2868,1999
2049,1567
1922,1498
3351,868
770,61
1882,2068
480,1391
2845,51
968,4097
3676,1149
4215,4104
3758,545
3812,1783
677,500
4468,1235
3852,2032
128,1567
1265,2865
4426,3941
2149,3024
2496,2126
1237,381
1773,2333
3427,2035
4509,2649
272,1517
935,648
4029,4731
662,2068
4473,2333
1467,5057
26,504
1229,4353
1704,3019
4034,222
3467,221
1451,448
3150,4929
2574,47
3151,2791
3701,2322
3174,1316
3907,1167
4508,196
4750,639
1307,827
1798,4294
2597,71
3572,829
2184,2206
2469,724
382,145
2221,2055
4788,1317
5059,2055
3761,4400
2092,2135
4797,3397
1020,4083
3369,7
4245,1006
1209,874
2323,9
3322,33
781,4675
4359,940
1289,3252
1182,1225
4582,3709
3020,4296
4959,1222
4642,4646
4157,2386
4481,1111
1063,827
3283,913
755,868
2490,150
3448,2852
2004,989
5054,2245
1065,2815
4814,110
4532,2386
3097,597
1716,5060
690,2101
242,2068
4897,3060
2713,860
628,1179
184,308
3692,2420
3542,1911
1379,2649
2030,196
4995,55
2098,2008
5054,2132
3887,671
3834,265
1965,145
3823,2475
4952,248
576,997
4301,2697
2575,243
1710,4855
1241,2697
3317,2578
4281,118
2803,2196
4172,361
4975,1520
935,1461
1471,2557
238,479
1190,868
1286,1225
856,2032
5011,196
1427,3045
3383,1225
4396,2032
3174,1238
1070,681
3285,2573
2210,221
2818,870
1652,25
239,1428
1909,2178
2543,3201
1961,2781
4552,51
2885,1658
1972,2086
2356,166
4151,3841
2355,3341
1157,764
1641,3879
388,1533
3604,567
2080,288
4866,710
5013,1839
2380,4929
4339,122
3671,1769
3545,2439
2096,1238
1220,1783
203,3060
3108,825
2498,994
3688,2907
1496,2101
4743,55
1137,4201
1952,442
3166,756
3990,314
1445,1939
2565,25
4497,4579
4257,2377
3963,1790
4779,4565
1325,467
2693,2710
1967,996
1363,1098
3398,2573
1441,2946
4865,2840
1737,3387
295,2831
843,222
661,59
1752,752
3876,1390
872,724
2100,1661
1886,671
4388,2358
2325,710
4712,710
128,30
3362,1179
2976,1602
900,318
3099,2132
2082,51
266,420
2692,1832
758,4539
2524,426
5062,4929
3853,559
1189,240
2271,2865
832,11
3073,243
617,1119
3532,394
4113,4731
3996,25
2426,4588
1896,1327
2191,1552
4698,21
3637,3215
1908,4579
146,4674
3189,2134
3061,4353
2690,318
2657,1243
2227,2126
3046,4405
4348,4579
4808,2206
3123,994
4564,4092
295,3621
152,545
3014,2195
1418,4223
2839,240
2447,4724
4624,3262
2125,3300
1747,3121
4847,288
3048,1377
1701,2008
1785,2578
1724,3125
3594,248
1749,4936
2662,2008
667,2120
4254,3300
4804,21
4302,3254
4572,1317
4149,1556
4575,1832
4243,3795
1281,1964
1438,3125
3398,3403
4629,4854
4032,122
1977,3281
3735,96
2211,4083
1425,345
1483,175
2112,2120
3184,4749
3876,3060
4766,3884
3645,1533
679,4353
195,55
3427,1130
3629,1498
298,4588
2825,2012
309,35
273,2979
1545,4817
1037,989
2804,4104
3591,3592
404,2938
2326,226
3325,3090
3796,3103
340,288
4339,674
5024,1130
2024,4092
1577,4223
1357,1939
3734,373
4871,2196
1044,3309
2428,3103
3521,2126
126,4936
4027,1520
2833,2124
2747,318
1073,2064
1966,3805
4954,569
2240,1238
4888,2195
2081,1016
2909,3762
4938,1476
4632,4049
1915,4920
2303,2035
2713,243
354,3595
241,756
148,288
3914,1167
1143,265
3543,373
3362,310
372,262
2592,1712
4833,509
3014,3345
4247,1517
3499,243
666,2322
2827,2288
2182,711
3315,2855
4874,5008
1603,4490
4449,15
2859,1761
4581,3610
536,738
1821,173
2993,1719
2239,643
64,797
4613,989
4207,3062
2975,3805
704,3445
3790,4272
3244,724
2544,1119
2863,1012
1218,671
3482,3005
1457,715
3209,3452
3457,15
2427,1552
2984,477
3848,1586
3328,4223
3319,161
1879,3201
3156,3025
1389,2721
62,1562
488,3405
1905,166
1941,96
5061,2439
722,2852
1732,59
2133,489
655,3090
3967,4355
2930,21
4942,756
4325,1506
3561,2649
1601,1204
324,1890
3031,3910
2611,2664
3072,384
2231,4272
1756,702
2947,3254
4688,1476
2813,2068
3961,262
540,3381
2271,2648
4693,3787
3098,2919
3293,345
4707,2919
303,3109
3461,1149
689,3025
3515,1725
2771,1353
2597,4970
1507,355
1075,1533
2486,4859
611,1280
3379,1498
4148,671
4467,3281
2394,3452
2416,1820
4982,1476
705,4936
1450,1
2816,5060
471,1964
112,3795
3957,2552
4875,997
4180,1845
1969,30
3022,2855
2043,1517
861,4854
1258,2721
2016,1225
4267,143
1584,2791
1818,2831
3964,5008
3349,3201
3137,1517
1886,1012
4434,113
3560,1012
498,3729
2883,1247
3085,2333
1867,15
1407,222
3833,1769
727,2322
1836,104
3271,1839
1599,3090
4393,5058
1574,394
78,4539
4305,643
275,876
237,71
3858,3795
3163,479
837,2786
3439,122
2081,1151
3462,1939
2587,1845
4596,1845
3796,3968
3425,2831
501,355
70,3262
2413,1319
3443,748
3899,1712
3006,1790
3744,361
211,5057
3415,1016
369,3675
2789,2206
2676,3610
2400,4539
2908,2386
2631,2671
320,2671
2790,4646
4636,1360
4135,1595
3142,2721
1015,4854
1626,1474
2287,2706
2923,1845
2115,4817
3000,1248
4380,3775
2043,1
2074,2907
4264,4579
391,1498
4238,671
1221,2439
944,2557
1409,1243
691,3460
3333,1139
1808,3905
890,2339
115,342
4130,687
1190,3729
762,2035
1021,656
4176,177
4630,2740
2684,3300
795,3841
3767,11
991,1390
358,2463
2283,1155
3916,473
675,3381
4389,2671
87,373
2652,2132
2624,255
3690,1210
4377,1135
1010,104
4021,908
1621,2386
794,51
2493,1562
761,854
137,122
3347,1567
4297,314
3831,997
4456,4877
3537,1225
1938,288
659,221
1736,3841
1122,479
2676,643
1224,4640
576,3795
1969,724
955,1712
3548,463
3699,825
3569,854
3330,940
834,13
3495,426
3799,248
4755,3252
4218,25
2953,71
998,4272
2810,440
3947,2769
3724,3841
22,1506
3756,827
767,2322
1124,4371
917,4859
851,2032
3480,710
3190,4738
3296,3795
4035,30
4358,21
2528,401
4756,3905
3071,4653
1528,248
3086,1280
4379,2942
366,4724
4744,752
762,2598
1061,1384
1242,2706
4008,3972
3692,1890
1100,1384
4863,1127
3270,648
527,5058
5056,2573
2372,401
77,4646
2742,2697
1983,2008
336,2196
3415,748
94,30
3289,1832
1274,710
190,423
1426,141
2551,3077
3154,150
3852,219
4910,5
3340,941
4066,4584
2684,2557
4215,2557
2574,1319
374,681
3955,1506
483,3910
3780,373
4893,196
2737,593
1787,1149
2756,221
962,166
3836,572
4230,1461
5003,797
2756,876
3565,648
1515,85
3282,2898
235,633
4964,318
328,143
2608,593
4620,3060
3105,2649
1916,715
615,44
3053,175
1121,175
1371,2032
1804,318
370,1567
4293,577
2519,2086
3679,222
2941,1562
2892,2710
928,989
3863,7
57,2178
2930,3445
317,2598
3742,122
3908,262
2718,3968
3126,593
1191,4600
1511,1113
178,829
4555,577
4499,793
3354,420
4055,1658
3630,1999
164,1602
224,829
3318,4469
3016,35
2616,3165
3098,827
1646,3525
2314,4970
4421,4049
570,96
4950,335
2544,1890
808,1461
77,1222
402,2288
547,2386
2814,913
1077,1567
484,118
3802,5060
3609,2671
2683,4104
3845,2497
5004,104
4024,3060
1452,21
1840,3595
2191,2135
2022,4970
4207,3381
482,4353
673,4584
1772,2463
3932,1204
1747,2124
5015,3341
4691,21
4046,3062
1055,3206
916,1719
461,2946
991,3879
3371,4104
2265,2035
2011,44
1082,2710
4298,633
1513,2135
1202,4083
1412,2463
1057,414
1436,633
475,4855
4760,2781
1112,1552
1148,1238
2567,5060
1961,2333
2328,4675
2480,2671
4741,1243
4155,1832
2586,1235
955,3452
3047,724
1092,509
3401,96
136,440
1840,2086
2161,4584
4941,88
462,2206
2640,1502
179,122
2284,1964
4896,401
4202,1016
89,3201
4595,3309
1454,4296
3810,2865
2884,3968
359,4885
2183,463
704,756
3852,3968
1209,2245
100,687
4077,4400
445,3254
4032,1222
594,4083
4771,381
2694,2459
1768,2086
3816,4859
4547,477
2010,979
4963,3345
1903,3062
1259,3281
68,1820
3012,4646
1787,3381
2518,4539
791,150
2069,4584
2151,825
4472,4569
2138,104
1797,1562
747,1902
5050,2769
2254,1390
3656,166
2950,145
589,1151
5009,2064
3435,243
4665,1622
4373,2649
212,2178
2774,3024
1732,240
4418,1280
3953,629
2888,477
3113,132
1002,3201
3369,3460
1688,118
858,711
1264,2008
895,288
39,2946
4473,394
2237,2578
735,2791
3098,2721
1076,2721
3243,124
1188,3281
4966,702
199,996
2533,3309
2843,874
1624,141
3670,3165
4838,3341
2252,3805
1465,4674
912,2195
4999,3222
3159,1050
1757,463
4630,3381
3443,597
730,1400
4626,2358
2001,1225
1605,3077
3730,559
3399,262
1578,463
2555,3879
1169,2339
1421,4584
1328,88
3393,3841
513,4929
1701,2815
675,633
1579,1835
950,347
4647,4539
4002,564
960,113
2654,2865
2181,4565
157,13
1425,25
1639,1480
2949,1725
4798,4902
1786,2648
1644,756
4444,240
2785,2199
2522,221
1023,143
1091,2987
1413,1517
611,3775
2701,2481
3233,979
4540,3201
179,4588
1905,1719
4317,633
2212,852
4067,996
2529,1602
1580,4877
1159,2124
4835,1247
4596,423
1194,245
1157,2497
1472,1155
4809,504
1133,1130
178,2068
3883,141
4909,567
3624,4685
1250,572
1262,1098
1087,1353
3748,3077
491,267
4045,2786
4396,2124
4698,2196
1031,2855
2343,3090
3075,1461
3251,913
808,4724
2406,2178
2406,2840
3902,656
4560,25
3858,3262
1254,3311
879,2671
2776,308
2217,3687
5014,397
2121,687
1772,4749
4697,2035
4932,2124
4410,2084
2473,4223
2916,4565
1185,2557
2303,446
4480,3005
557,3125
435,414
3138,145
1457,3311
2918,4083
3071,4294
146,2989
3646,1155
2893,2649
4969,4936
3685,3687
1828,2126
683,59
3654,2134
2515,941
1397,2481
1633,671
4176,262
1305,1790
2807,1520
2495,2322
4935,2938
2224,643
588,4569
3510,687
48,1911
3366,643
3705,653
2513,3405
4480,59
4048,811
1267,423
199,59
1074,3621
3784,245
649,3062
2234,2697
785,4885
3292,564
3008,4319
3772,2784
815,3795
2106,397
1857,2786
1110,1204
3665,71
5018,2199
3183,1204
1688,710
2228,3252
985,243
3279,1247
706,3988
1500,1238
92,1845
1194,25
1424,4731
3983,221
4524,2206
3487,1506
1628,288
3337,4319
3224,3968
1185,2078
2504,1839
4971,30
4841,4936
819,2769
2442,1139
3995,2124
2616,3460
488,73
2390,4083
3678,2245
845,51
3399,2012
3994,3762
1947,4640
3912,4569
1869,3222
964,3709
1532,3729
4070,221
3363,3309
3946,71
3930,1498
3272,1280
523,384
1794,1911
4033,3621
3369,996
2044,3879
3144,420
672,1243
2778,110
2686,559
1998,3024
278,4145
2198,1327
956,629
3802,3525
4943,2322
214,2557
3241,671
3966,4569
2066,245
322,1179
2569,908
3166,4646
1909,1006
3446,1428
2073,93
1987,3842
1585,3910
140,473
4852,286
598,3941
4451,489
3327,1602
3544,1291
4835,2865
4649,102
2889,876
730,440
3000,1235
67,2786
1492,3254
218,1658
2587,2671
801,3941
2499,1247
1301,970
2015,248
2849,4092
117,3595
4328,870
443,2178
2058,124
2943,1195
1538,1139
4851,2064
4563,1562
99,3201
2679,1661
3873,3300
2366,310
2168,687
2948,3309
259,1832
2906,267
602,234
2348,4490
1320,219
171,4569
4586,3452
496,2919
3946,1247
791,222
953,4319
4484,3045
4689,3709
942,1476
3080,811
3648,3405
4593,1428
3818,143
268,4817
1881,1761
1116,748
2376,1476
1644,4738
705,4565
4914,643
1609,1839
4080,387
3264,2578
1352,426
2202,4223
63,3309
3518,255
3102,1360
3247,265
4930,1327
4657,1111
2715,3842
3638,1098
2440,2032
4524,3062
202,2371
2432,3868
1759,4355
4930,4314
3948,4929
980,2358
5019,245
4679,3341
2873,4902
4357,4920
2640,4855
2690,2573
1246,1520
4051,96
1470,2578
2847,3381
3179,3795
2445,4970
3100,748
5065,1050
821,4569
3598,4400
4943,3161
2856,342
1584,2710
1429,3621
3756,1520
1286,4539
1780,2386
1794,687
4781,1247
3080,1327
946,4749
2236,2781
1425,1725
4876,4588
2082,1003
938,4588
1530,4584
4657,440
2877,940
4289,102
1896,1384
2956,2475
3571,4685
5010,852
350,4353
3609,3787
2350,3397
3655,1210
3083,2946
2923,989
2502,2206
3598,4294
4837,2132
3034,232
3682,2614
2985,2288
1409,572
468,764
2007,2598
730,4569
1363,1845
2142,3884
1738,5
134,745
1961,724
23,2135
517,440
5022,61
295,420
3124,288
4455,1790
3013,373
1025,3709
3408,243
2998,1567
3202,5060
3825,3972
3305,653
5025,248
4545,3062
1916,145
1458,473
212,479
2763,73
3360,4685
4671,1009
1399,3060
1764,1111
1416,61
2368,255
476,2784
3344,308
301,1353
3554,3941
4814,567
3569,401
3731,4405
1394,384
2384,479
4005,940
4986,3254
3459,2132
578,597
3348,267
1393,2786
3547,1552
3244,420
552,860
2733,681
2385,827
296,1050
4763,4854
3887,3729
3774,876
4603,2386
3059,3525
4870,2178
2301,994
3922,3868
4428,1693
3802,748
3619,1006
3904,4097
556,674
1571,793
4856,2769
1716,4929
1027,1003
1268,811
788,2855
4524,3103
1435,420
4156,4097
4167,145
2616,150
4979,33
4813,671
4962,187
1423,3215
80,3121
2612,3610
1088,448
229,4223
3489,793
4238,1712
686,345
3844,2907
3777,1384
4678,3096
1346,1391
2738,702
4230,3610
1203,308
1755,355
4121,2135
3285,2855
1614,1360
3916,4539
4713,175
1564,1725
3141,870
2627,2134
4976,5060
951,2120
3217,564
2993,852
2388,874
2819,326
1237,4400
2564,3
1455,3795
3745,384
3738,4646
1122,2769
3116,2831
3899,1179
4833,25
771,4854
1918,2979
2013,1225
591,3905
2960,175
568,970
588,1461
1969,870
3952,426
650,996
2584,3024
490,1939
4155,979
4456,4970
2145,104
842,2068
1110,811
3435,1327
1720,715
4921,648
1651,2721
1277,314
3027,1248
2863,2199
3283,2791
3216,1832
993,1179
3492,59
2903,994
1884,629
2229,671
3385,2721
5076,3729
2472,3268
4881,827
1794,3868
2944,3610
4335,2196
1749,674
4638,3595
4577,3795
2507,4097
3030,1480
4829,3300
4898,509
4309,564
4641,4653
1834,243
2674,1563
3996,150
4587,4640
4063,4539
682,1016
4310,104
4766,2942
2893,2740
3989,1319
2742,970
3365,2781
301,3584
358,997
2712,9
4056,1832
843,401
2073,593
4000,1210
1663,1353
4235,2463
898,2664
2337,1390
3147,2333
3138,940
4031,4565
1269,2706
1780,4817
3257,860
3050,674
4406,35
2464,3387
3212,1248
2584,5060
4335,1820
4079,1158
691,2989
1180,2055
805,567
3026,2784
777,448
604,4049
779,420
2675,2195
1350,797
3513,3090
466,3311
1833,373
2585,467
2524,1661
3659,2371
4985,1658
2875,4817
2432,2942
4593,219
1027,347
2163,104
1667,4674
2435,793
2221,738
770,4831
4796,73
4909,1360
4246,110
731,141
474,414
3008,1488
4711,1712
4790,1533
2259,1238
365,2377
151,102
1857,3805
2532,226
2688,226
1956,2055
2188,3988
2794,3972
3267,1942
386,85
625,2987
4114,177
4192,3121
3547,1488
1965,4294
4572,15
3974,567
1943,314
1853,440
3106,3077
4864,1693
850,1291
1579,4371
206,509
281,1790
4227,525
1941,187
4051,1661
3802,1725
915,17
1882,2979
4036,113
3210,397
4748,1139
4005,2706
3532,2084
1993,702
1909,4490
306,4092
3433,4223
4889,21
3142,2245
4246,3309
3955,2032
4563,4615
4941,793
4283,569
1444,1243
2272,113
1329,1113
3063,47
4460,2979
2913,1556
444,3397
140,1890
1989,1222
4522,5008
3299,4929
4460,262
4964,2288
1632,3601
3352,633
3516,308
3154,979
1475,3005
1068,1533
4987,639
1778,4469
4180,3311
2434,3300
1223,3381
4456,2614
3545,3621
4581,3687
2112,141
879,3
1372,4579
4237,2671
3777,860
3000,940
1331,3584
3736,2124
4978,4929
646,51
1381,222
4662,473
4369,870
856,1661
4027,1016
3002,1693
3959,509
1407,1552
1087,1210
4609,3972
2418,4319
4959,414
2354,3988
5035,326
4013,448
2434,240
2366,3841
3892,345
3987,2035
3477,4640
95,1769
4776,448
279,1384
2502,629
3803,4653
3057,226
4042,4527
948,93
2687,4749
3768,2840
4471,559
2127,1384
2270,2195
4276,559
871,1911
2085,2120
2766,3005
1244,3941
514,3460
1728,4674
4778,745
3267,448
1655,3005
573,1461
2993,33
114,1316
3752,970
1852,1377
2103,1280
2467,326
4927,345
3674,1127
4963,262
1525,583
1840,653
4826,876
3878,1317
4592,3024
176,234
2468,2086
2833,3687
5034,401
1020,1719
1929,73
2954,3161
4644,3024
3489,1832
3379,1602
1105,4854
2652,1902
579,710
4939,1400
1166,2740
4800,104
331,1291
1817,4452
3141,2288
1007,2946
4008,1195
4477,1428
1871,970
3583,3121
2862,2124
1026,2245
1266,2132
4847,1999
4522,1602
2563,1839
1672,3
890,4539
2369,2124
366,414
590,3300
4419,1428
2158,2648
3704,110
1697,4371
162,643
4784,756
5040,500
2056,326
4682,2781
2094,104
2827,2035
4872,4282
5049,394
1121,3381
603,1902
3784,1291
1509,2706
4439,1911
4779,4355
2175,724
1475,4049
5019,73
1504,232
1969,2126
4562,906
2774,2942
4861,102
3210,3397
3760,3775
3421,51
3331,941
2589,4201
2466,1835
2461,3125
4721,1360
4174,2786
3861,2989
5070,381
1036,2625
2332,989
1106,2648
3192,3675
2832,509
969,3222
1777,161
4410,674
4744,564
4890,232
3140,355
2607,132
20,2852
2600,3268
3608,1225
4098,7
4422,1235
1631,829
4253,681
3557,748
663,61
2465,4749
2021,2573
4464,4579
4216,3460
3213,1488
2051,4831
4373,906
576,4970
858,1003
821,11
4860,1562
1049,1238
256,477
992,2625
4162,2781
630,1113
4759,3024
712,3842
2873,3268
1388,1377
3362,1280
1055,525
4708,2371
1846,166
2556,525
2213,2134
2982,335
543,2815
4513,3775
2714,15
5038,2890
404,825
4507,3988
239,2786
476,2288
3954,1595
203,1783
2443,4353
133,2938
3412,2831
3147,940
4757,173
1172,525
3382,3161
3873,1238
2205,2206
1558,4588
3953,286
672,401
4149,1769
2595,2386
4140,1476
2368,226
478,141
1697,1151
1998,3787
3157,4569
4550,361
2686,1050
1647,397
1762,1769
4166,3905
685,3268
4767,656
1574,4223
937,4092
2144,2055
2236,2671
2460,545
3793,633
3099,2078
2208,1316
4119,1563
2117,5058
1074,3252
3432,569
1934,240
621,687
834,2475
4447,15
2396,854
502,2245
1283,1204
2296,2852
4419,860
547,347
2430,173
1743,1391
2963,1832
1653,569
1015,2791
540,3300
1666,4371
2146,764
2509,440
4053,143
1656,1149
709,51
2536,2078
2892,255
3509,3775
1223,3045
4316,4685
331,15
3951,47
2906,825
1737,711
3258,2068
1899,3525
3522,1119
1934,3268
23,2134
771,545
2922,921
3860,221
449,979
2319,519
3321,2295
2589,347
647,35
3829,1775
2320,2890
2046,1845
2579,221
2173,104
3817,1461
4577,110
1301,226
2364,245
2180,1050
1951,1238
1056,2865
3980,4049
1468,629
2903,314
579,262
1702,908
730,870
3896,4469
3315,724
2599,1719
4315,3254
2844,2578
4638,1050
1930,3595
1950,288
5070,4272
1720,219
781,37
391,4319
2034,2068
4352,1890
199,4855
4617,3884
984,318
2501,996
4995,2124
1273,3090
224,243
3943,2086
2733,3045
2244,752
1519,2987
5068,255
2030,876
3942,3060
3989,4646
832,2339
3852,1820
311,88
1772,2377
3409,3525
1763,1942
4645,4646
2565,145
637,2196
2388,5057
1278,4584
1163,384
4286,3019
3489,5
3499,4353
2547,2786
3173,3381
3833,3988
3793,55
2521,85
3318,970
3539,2377
3839,1384
2532,489
499,860
2033,2439
1825,118
3937,1520
2744,59
890,1533
1136,509
1117,1248
3951,4097
1425,2740
5075,1506
4251,1866
1606,1400
1606,150
3954,1195
2407,2946
2029,2475
121,2557
939,3345
2940,4817
4075,3103
2503,4653
4829,426
417,2671
3797,2078
2985,1725
306,1360
1166,3610
2018,355
2785,489
3548,4731
4711,906
1844,3045
2968,55
3574,2625
734,2386
973,906
4151,1113
4944,5
4496,2245
139,2942
4174,702
4178,175
3197,1761
2889,286
3148,2987
1409,381
3290,4400
647,2199
4365,1238
3834,2295
3566,2439
1411,414
4178,1127
2973,2721
3177,234
4773,1210
3353,3311
2416,3988
4503,4731
1511,17
1909,4646
3132,2552
2197,921
609,387
897,2649
3239,71
4746,1135
3100,545
842,1377
2776,2199
4246,4097
4380,2919
2396,4569
2678,3103
4887,2322
579,2178
4026,4353
1794,4831
4632,4294
1841,3968
3417,166
2746,2786
138,1167
359,2195
3113,1725
3369,3787
1076,61
468,102
1995,1111
4336,2132
1445,854
4668,143
1472,2078
864,797
2272,2167
2993,1775
370,234
4428,4584
4973,854
3492,519
3723,4049
3996,1149
3860,5058
767,467
1007,1312
1254,2815
4316,4579
4529,994
2182,921
3383,687
5068,61
4478,3687
3786,2178
4434,55
1571,2786
2201,3595
4127,104
4273,1225
4358,2919
2613,854
4981,3905
1301,1661
3579,2439
1601,1235
402,979
539,702
58,3601
3102,4685
4907,525
1041,2322
2888,2852
3137,355
2772,3062
4768,47
2512,318
4470,4049
2973,479
3299,4724
4687,326
4610,3215
1624,906
626,3841
4094,504
2943,2012
3749,61
1333,852
4502,2199
637,3805
5066,2769
2835,1533
1226,1130
2961,2890
3432,1835
751,597
236,876
2969,51
1624,143
1854,3062
1619,3045
3604,1195
4265,3019
624,3381
5051,2852
2396,1498
58,1939
3764,347
4036,448
3828,4877
570,1775
4821,2132
3850,3300
4541,4371
28,381
4500,1761
3015,2855
1800,681
1322,143
4440,1400
1504,2890
1841,1783
3451,5058
4484,2815
157,996
5011,2987
1600,572
2870,2339
3946,222
1143,752
4805,3403
560,387
2067,3345
40,4319
4115,997
1940,906
4630,3972
889,2573
4838,653
3624,3879
3660,2781
517,827
5022,702
4668,4749
2688,1
1022,1050
4081,4092
2462,4738
703,145
1515,33
2354,262
4761,33
4358,177
4985,2199
2366,219
460,1480
4585,1319
1610,446
4620,4097
1209,3729
3406,4854
5045,921
3123,2386
521,4469
2034,504
1610,3910
3136,51
2117,4685
1366,4272
4018,177
954,226
2034,5008
1105,702
474,2206
2830,245
3515,2245
2225,1050
4069,2710
1718,2012
270,1602
3685,55
4284,3968
4172,2710
4288,1
4912,1009
2343,500
491,3019
1656,4049
2814,2333
4373,1790
1414,1506
772,825
4462,4469
3824,756
4173,2463
3390,2573
1962,2786
4058,4527
2751,4353
4447,262
1615,1016
3921,2086
2750,1902
2547,989
388,1839
1305,4083
4297,55
160,3910
2411,122
4914,5008
2703,2120
3425,3592
1457,3309
3031,4539
4033,4319
2223,347
2832,1712
4520,3405
3494,232
4769,1712
2586,477
1213,1012
2091,35
2455,2664
4938,4646
1329,629
498,829
5072,3599
3959,2625
2856,913
2731,467
5003,1139
588,1480
4900,2333
957,2865
2292,173
4807,1391
2452,4469
4643,4353
1833,2012
1372,1480
866,2199
2418,711
1010,989
204,2578
4163,265
481,1769
5000,4817
3753,5
2430,3762
4589,479
3238,463
4774,1999
4758,3262
2927,1964
3728,1195
3391,93
4196,3311
3048,267
4440,219
2192,567
2303,3345
1904,860
3147,2295
4742,1890
244,4201
695,175
842,545
937,1119
3625,2706
4754,2664
1779,4970
552,4452
1901,1003
2426,1400
1624,4104
1106,4049
2045,342
959,347
1239,387
2673,2648
4762,426
2353,2199
4594,232
2709,940
1778,1119
2036,997
2492,3206
918,1602
64,1167
220,4400
1649,970
1290,5008
4079,3125
3741,906
4218,3621
609,3795
613,85
481,124
2893,4083
4812,509
3258,2578
1698,3888
4434,13
1052,318
775,577
3705,3910
582,85
1355,1661
2505,1911
2034,314
4577,1327
984,1390
1888,1222
2025,3729
291,1222
4807,3121
1202,2322
304,1127
1244,639
3334,7
4983,394
1548,653
3726,3161
5079,829
533,4675
1973,222
4412,2786
4925,13
4333,2557
3321,1155
685,2890
2882,113
3162,1839
4304,4145
3235,559
1603,4588
4014,1139
563,2938
4252,1622
4986,124
1457,118
42,1179
1185,361
2065,442
901,4929
544,2339
4087,1016
241,1391
3912,1316
1604,426
293,132
1401,715
3577,3403
2256,401
4678,1693
1829,1291
555,423
1365,96
796,1111
1666,21
3590,3103
4850,2008
4888,1135
3536,764
3419,681
1653,2386
1745,3025
2886,442
4394,5
885,994
4710,2942
2165,2032
3620,2648
3446,1195
2,88
205,639
1864,1712
755,3252
91,3805
3938,1127
2856,2649
1153,793
5016,583
760,4817
3523,1783
3449,504
1587,3972
1399,1556
2262,71
4710,2648
1608,4294
4279,2086
4672,1384
3638,35
460,1506
1398,1474
2630,232
1691,4539
2698,4970
3741,2078
3226,1149
596,4929
91,262
4983,265
3820,1317
1414,564
4214,2322
4725,2086
4062,132
3130,519
3336,868
3126,401
2188,3045
3573,1502
4708,1783
2294,4371
3097,653
3659,3445
4705,4970
4068,4674
3688,4400
3899,150
5010,545
2650,1391
4987,4855
1814,825
922,4731
783,567
341,1280
261,3787
1929,1391
1395,2481
4300,1488
1331,4353
790,1130
2842,940
4271,3045
620,4936
3395,2648
4990,187
585,3252
824,2012
4997,177
4480,2840
192,4749
4872,4296
1415,2032
787,4355
727,1658
2445,3988
2275,4817
390,3109
2543,913
679,1353
203,234
2812,1502
298,1316
4185,420
2610,1506
4464,93
4477,2784
3033,3309
3753,4400
3257,4539
3693,3262
319,479
892,1247
1936,4400
2229,1839
789,219
92,1149
3253,2012
3115,5058
3041,3729
4224,1158
5069,124
2637,519
1064,381
4173,7
154,4490
741,2199
991,384
1742,2987
65,738
4595,3090
1807,854
2049,825
370,4569
570,93
4806,3968
2240,3090
934,3262
4845,572
2301,1719
857,2625
2683,4223
89,643
1862,3077
885,2195
2767,3062
2949,3077
4287,2855
4286,4405
2652,2032
1613,473
3919,222
928,2898
2889,4272
2309,175
4166,1783
3522,3884
3427,4646
2879,141
2606,2339
3227,4296
2238,4600
5067,4970
5003,132
3874,860
4471,752
3081,4405
561,267
1484,4569
2375,2055
2211,2196
1887,940
4102,1204
1765,448
284,4314
3912,102
3822,745
2472,2064
1045,4685
29,1552
4370,288
3636,629
2464,4920
2970,150
2330,361
4312,47
4373,752
1444,440
2849,2919
3464,326
4089,85
2678,426
3355,745
4626,874
2181,3262
1625,1291
3567,2008
4793,913
987,4097
2190,30
1162,4272
3658,4749
783,373
3565,5008
3115,4929
1121,4646
2122,2199
967,3019
3538,1517
1492,2124
2043,3252
3046,326
3844,335
3627,73
3147,681
125,3775
329,4584
3881,2295
3012,3610
2143,2068
4609,1661
4955,361
4140,2979
1757,827
383,420
2090,2989
1748,3988
3284,3905
1471,1775
574,1533
3014,1502
760,559
3542,1317
3779,1820
3739,715
515,71
3587,3025
4250,1222
1418,226
3293,764
4199,4282
148,3709
1336,2946
896,3103
3208,3879
527,2919
1109,4817
4350,2052
3511,2840
2982,752
1718,3584
3947,240
1214,219
1086,748
459,1009
901,234
3985,979
296,1719
183,3077
1989,997
3892,4738
1494,2831
4812,2086
2447,1866
1478,2078
1268,2012
2970,267
2949,1050
1641,3300
1215,1113
4252,2989
4234,2784
2280,1319
2583,2439
2599,738
14,2664
3851,583
1001,2989
2379,145
4361,161
2074,577
557,1390
340,4565
471,3019
1407,2288
4550,671
4719,906
2988,4920
1777,3445
1662,4490
486,1602
1951,4855
1737,4452
3662,4885
3596,913
4034,44
4365,1428
4271,1391
3031,132
2269,1533
3874,1832
3786,748
3703,5058
3661,1520
2555,1098
4925,643
4928,1769
5034,1280
957,3311
4399,3024
561,4817
4753,3972
2604,1155
3116,4885
688,4685
3282,4653
4340,4855
1824,150
778,420
561,572
3312,234
270,248
4542,1622
2153,4855
1512,2697
4209,4600
4141,2919
523,504
1024,35
2308,4724
3383,2840
1438,2439
3812,702
2674,1866
782,1533
4638,908
925,2288
3619,908
1110,827
3778,3125
3310,473
1311,1520
4231,479
2999,4294
1876,2852
3439,3222
3604,4854
4107,1480
588,1050
491,1602
1947,2989
3779,4405
856,504
2000,473
678,145
2369,2475
1767,55
2220,35
3108,1280
3007,3775
3954,118
1094,423
87,989
939,3452
4052,1195
3413,163
4596,1291
978,1712
549,4282
2945,2697
640,3775
4086,2086
3854,2831
319,3262
1823,2625
3376,177
4417,1119
2320,4272
1822,314
3918,345
907,681
1048,2907
1021,597
1054,3729
3751,477
3570,2206
1705,3161
1666,1009
2657,1247
1156,1533
358,868
1870,1835
2824,4282
510,85
2088,4640
462,1964
3627,2938
4301,1725
109,51
208,3252
3026,2625
1990,19
818,1783
211,265
4066,51
4819,2035
3733,2784
3668,355
48,2697
3101,1866
4598,240
697,2938
4017,3125
3897,941
1611,577
3522,4674
1242,906
5072,2035
2494,4569
1576,4452
4322,4646
3895,639
4637,4584
3882,1866
3369,2831
688,1790
4068,17
4911,1149
4183,1312
495,423
2859,3125
2912,5060
1941,3090
3358,1210
919,3888
1133,4877
1706,4817
1842,633
3723,4319
4730,3709
1450,3341
3224,2064
433,3103
2689,175
4237,3090
3998,752
4844,2942
592,852
2961,1839
4571,288
2103,2084
4422,1006
3651,2552
855,1119
1465,145
1074,2245
4603,2035
4394,4527
3607,643
121,187
2923,2459
3352,55
465,2295
4034,559
1664,2815
3697,1327
3221,1461
1852,2475
2238,4355
3797,1942
4029,1204
4085,310
1460,2497
2524,73
3334,3405
1726,3941
4013,2206
928,3
562,2475
779,4877
976,2865
4949,500
4652,2855
3707,3090
4028,9
1355,2979
3455,1839
766,118
3834,2710
787,825
1239,4640
421,3445
2115,2086
1485,2206
4872,4731
4732,2855
45,373
64,994
2121,3687
4993,2101
3773,2055
4370,2358
1952,2938
1267,710
1864,2134
2510,473
3488,243
2914,175
3535,3222
581,479
3517,2333
1771,4296
4698,2358
625,1377
2608,3201
4809,811
2225,633
2863,5060
3223,827
1042,2206
3150,1783
759,4685
4307,1790
2813,3610
1484,1461
3649,4600
408,1384
4328,2135
1407,2377
4363,1790
2695,4539
1229,1839
2301,3775
4171,4929
794,1316
571,3941
1091,1488
291,4314
2122,2333
5016,2987
1441,11
2429,3941
4553,633
624,593
1672,355
3838,1658
5076,643
3875,288
127,2084
36,3045
4401,1291
4692,3905
1961,4674
2789,4920
1324,1835
1348,4920
2165,1712
680,1158
2950,908
3677,463
4435,1942
2718,504
337,143
4228,2333
3903,2721
3612,2840
3549,124
2683,2648
734,308
4530,3621
1934,4083
3745,141
3289,825
1122,648
1870,3201
4975,93
2153,811
1859,5008
464,4600
2694,1552
3248,1586
578,989
116,908
4284,3345
217,3121
1116,1195
2730,1552
302,2439
3673,1658
2039,2831
3231,1890
771,2598
191,35
1433,4104
4026,1520
1743,913
3895,3460
2544,326
4977,4296
3448,222
3911,1377
415,3024
1797,2322
4262,21
4925,715
4982,1902
2233,96
2309,1839
206,1155
1952,1149
3900,1939
855,2578
1630,3610
254,21
938,2890
5032,4353
3916,4640
3505,3595
164,3387
3828,1725
3855,4296
1708,811
3688,572
246,4097
2586,2578
4147,21
1491,1247
4479,232
2985,2068
2906,2295
1002,1520
3333,166
807,1517
4632,2907
1799,423
2860,1016
4967,2245
698,3403
2000,4469
1477,219
1980,2784
4856,874
703,2987
4767,262
1507,226
4790,941
3982,2206
1171,2791
1211,2578
4066,597
1060,196
350,4296
1763,1195
1876,764
2579,4579
2956,989
828,1658
2392,234
2156,3
4047,17
4387,4579
1178,1556
3376,234
1838,3972
3915,1119
277,1783
3859,113
1000,1130
909,124
294,4738
1901,3762
862,420
4270,265
826,3206
1128,1562
276,1179
3286,2078
4878,1480
1131,519
3717,132
3613,3729
1136,5
70,2697
2298,335
947,572
831,4452
802,1151
158,559
400,1149
3009,3601
4900,2769
991,593
596,797
1749,61
3493,1391
3036,2132
2039,4282
2702,3842
2332,2245
2629,255
1089,2134
1858,2195
609,2614
4062,2697
3076,3268
3360,2865
4210,4294
1823,504
843,2459
3321,2459
1402,1502
4445,2126
1466,3879
2651,1890
637,335
4243,564
3171,2439
2619,150
2569,941
4077,3309
258,4092
589,2840
3401,994
3689,4674
1392,4452
1667,1761
4298,44
4246,2288
2527,4314
3480,633
99,2781
2045,2126
1411,2439
4735,318
1857,2781
115,1204
831,448
3769,1461
4888,2463
3292,1586
2366,5057
3903,104
320,3610
2730,401
2184,373
4220,1480
1664,710
2556,1135
3754,1902
2801,876
3764,3387
1213,2459
4789,1016
115,702
4543,2086
544,1204
1542,2012
4999,1179
523,4579
3023,1866
3998,1622
4399,267
4709,4527
4618,4724
1654,4104
531,3341
3721,3941
2013,463
3444,1476
1436,3096
3373,854
4989,2086
1071,55
655,2740
4029,2377
172,519
27,504
2029,569
1076,671
655,1820
749,913
1326,2721
4001,572
4336,7
665,3103
3880,1942
2502,2078
4373,2339
87,2068
4589,572
1851,1009
3761,633
1826,3045
1030,1498
3659,908
3538,3060
4694,2101
3622,1552
4313,394
2965,1179
3685,1222
550,33
1122,702
4106,2035
4198,1377
4810,1135
4438,420
4546,1280
3036,4885
2138,1835
217,4749
4307,4653
2519,1222
3681,3403
2645,2840
3802,47
274,3341
2163,2898
4076,724
1578,2890
4447,335
2468,187
4331,2938
1437,2135
4558,1562
2515,1964
3767,876
4212,2865
3493,797
779,1235
3586,4314
4241,3090
4067,3972
3715,1312
2094,196
70,4490
2400,4653
3898,860
3274,908
3367,345
1112,4920
444,3905
2264,3309
2389,4272
4453,1248
806,2769
4538,4749
5025,715
2438,1999
590,2120
1979,3968
2397,4902
268,1012
2889,2497
1844,4854
4812,4653
3767,3787
2215,187
369,3005
208,1533
1584,4092
2798,1210
562,166
1448,1009
4089,245
1625,381
511,2333
620,2497
16,3525
1038,3090
660,414
4310,3024
3880,2697
1286,724
1896,30
2182,738
2362,3595
4513,124
780,1661
2571,4588
3703,583
744,3311
2083,2245
792,4565
823,979
2436,711
1162,3787
1475,384
2704,1533
2853,3090
3078,597
285,448
4336,2134
3426,2907
770,4731
3531,1939
4634,3090
1221,829
1706,37
178,13
1884,3775
3903,1127
4329,2132
4521,577
411,2132
3105,3888
5061,71
838,4319
460,1127
1588,1195
1363,420
4064,113
1634,2167
3719,3941
1444,793
2057,4817
3170,908
1646,3381
3844,4885
657,1111
2644,177
2923,1316
1793,118
3832,124
513,1562
2619,1775
4249,504
5007,3445
739,2068
1680,2178
2005,3709
695,1474
3817,232
2510,940
712,1291
2440,222
4408,1517
2564,3161
2538,55
4155,994
1080,2784
4514,3460
834,4314
2444,4738
848,1098
4493,504
4313,196
1575,870
2502,3841
4631,2946
5050,2377
2425,4282
2272,102
3820,113
2546,979
4365,2898
3469,243
3718,1210
5071,1964
4911,941
612,2377
193,4588
3708,3868
1373,3968
999,3795
2438,2989
3501,51
3483,1474
1184,2339
1241,970
4158,4539
3383,51
1833,1556
1500,1149
4785,989
4250,96
1236,715
832,1127
2820,4685
2991,124
2294,1476
1793,166
4732,4731
1040,2068
1169,3610
1960,913
2554,3405
406,4353
3251,2196
2285,979
1687,710
4380,504
3523,2649
1230,4272
3984,5060
1612,941
2238,4738
1812,2625
3760,738
2095,4223
3585,3109
1571,2706
1787,177
3604,1769
901,1312
2480,2898
1572,2987
1512,5060
3987,3090
3493,1319
239,4831
512,940
1245,342
1258,3096
1672,1556
1207,1461
3926,583
4479,2358
109,1480
698,2791
1110,2012
5009,187
3728,2552
777,102
4446,2648
2537,1113
3367,163
3816,1155
4445,583
4133,3775
461,1050
4843,572
4344,3300
1221,110
3692,2648
499,5
4514,3842
5006,2377
2510,2697
147,715
4487,2979
1052,1586
2462,1210
4020,1658
889,2898
4267,9
1871,85
2866,3268
1638,2740
2379,2938
469,3077
2873,3060
3481,9
4229,989
3105,1567
189,3206
4893,102
4760,2890
3216,656
2292,2032
188,11
2272,3215
2885,1319
4791,1533
4388,196
4030,61
1620,583
4664,1111
2353,827
3826,318
3919,145
1740,232
1610,3077
4992,4859
1132,4929
2022,2664
2418,4314
2119,3795
1996,639
1279,3405
3350,519
2319,61
3271,2475
2332,2938
4882,1428
1431,2386
4638,4859
3404,1890
2795,970
2353,997
4924,4049
3520,1517
1217,3601
2864,577
3362,448
1433,2784
136,2598
1907,1866
1192,219
4379,477
1052,639
2440,2008
2197,3599
668,222
579,941
2651,2124
1816,314
3320,335
4167,3762
1695,2124
4524,479
1896,104
4989,141
667,648
1063,2664
2726,1939
2302,1179
2693,196
3973,4970
2218,2064
4311,854
3716,420
4477,1312
3517,2475
1415,4452
4963,489
4943,1693
3872,874
761,2831
990,243
1855,2979
692,921
156,3019
4147,3005
2841,639
1023,73
2362,448
2894,2439
2194,4452
1802,2322
3696,1377
2639,3868
3470,166
4617,913
330,1693
2951,1533
1914,1139
1585,177
812,2979
4558,3729
1573,970
2476,4588
4403,3675
3965,1248
529,4675
1217,1158
4402,764
784,2671
3826,1384
379,3775
2153,2195
4779,940
3948,1
3911,143
808,2135
3324,177
1068,3309
1965,3405
1682,1243
4740,17
3478,1316
1074,3795
628,3397
2911,3584
357,1149
1976,479
1295,113
2151,2068
714,1832
1450,868
5004,1179
3505,1127
863,1225
4275,3805
4323,1312
2202,1820
1409,5060
2229,479
1701,2101
4374,93
3544,2134
2242,3096
4162,3601
4683,941
3407,3387
2083,1474
3382,674
4121,2078
2539,414
1405,3795
65,3309
451,1098
1967,2101
112,1384
1168,3262
3421,4640
4765,2475
2970,764
3128,1390
2773,1119
654,2784
337,825
1858,5058
4304,2649
1542,2907
4633,2979
487,93
1914,1964
2270,173
1161,2196
3330,1567
1464,2481
3850,1222
1423,4296
2494,1520
4899,93
4841,3077
413,262
3242,1384
5001,1999
1146,448
3529,310
2014,3403
2263,756
3798,1820
186,141
4562,2068
562,906
466,141
3570,3309
562,2124
99,2625
5063,2989
2659,1556
1672,1820
431,196
2187,1712
640,4885
3936,559
2212,3397
1263,446
317,2815
967,423
1620,1127
4413,2199
2675,4579
2699,1179
1254,1517
1207,2625
266,1280
28,423
1060,3262
2630,4083
1052,2386
4895,1222
3876,4092
1413,3888
1660,1149
4091,4569
3834,3222
5050,387
4016,2295
1651,1016
649,5008
1836,196
2695,1360
4423,4319
3039,1506
38,1911
1402,2032
2280,37
14,2134
1388,85
2672,113
1634,797
5032,793
2748,446
147,71
2204,310
1512,255
655,2721
4829,150
2253,4145
918,1488
2416,3868
3513,2786
4893,633
2568,3161
3692,2946
1590,25
2541,4929
2462,1775
5064,25
4101,3268
1331,2064
1591,3254
1028,420
1370,2614
3699,4452
3745,2706
2104,4355
4511,525
2130,829
1579,2907
3882,1761
156,941
4725,583
87,711
2714,143
1729,1400
4850,4877
3251,860
1932,161
3691,3787
4665,2064
3475,1488
3863,1291
4662,88
730,489
1530,4674
1100,19
3600,347
203,3125
613,310
4460,567
638,2791
3652,519
2964,940
250,1902
417,163
377,5060
2460,643
135,345
3939,681
501,3525
3524,33
3559,648
3781,3592
4318,2459
1332,1658
203,4452
3328,3252
1254,2721
1927,13
5009,2206
2058,793
2860,2245
1069,3025
4896,2475
1642,1167
942,15
2488,2946
2759,3025
1046,1835
4430,1204
949,423
2749,997
3578,793
592,940
3023,876
4021,921
3159,702
1088,3675
3699,243
5011,1127
505,3621
620,876
5007,3201
3714,2710
1529,1390
4592,4405
540,827
2676,4584
1993,2649
1141,47
3636,2101
3710,2068
2641,3968
482,446
1926,4490
4404,577
3040,2706
2221,110
2111,4539
2368,3045
977,2135
4308,37
3658,448
4528,979
1604,3060
3519,4097
1884,3460
1810,2339
778,3460
728,2791
1680,1533
5059,3252
2145,3311
5075,4674
210,509
4766,4831
529,473
4449,2012
2634,3905
1014,4353
3984,3281
3684,2012
562,355
3831,3045
120,648
3050,3405
5064,2068
3367,4452
770,2358
4460,715
1298,2578
3848,3121
1667,423
544,4353
845,1377
4251,1562
4693,1775
1933,1474
1380,710
513,4588
2396,5008
1620,3125
5073,3165
2978,222
2927,161
889,2791
3259,2055
3123,1890
2819,104
2198,989
3716,33
3944,1390
3875,2614
2544,639
183,124
3434,710
1275,876
5024,2386
4631,1353
5071,3868
619,1280
5039,4646
2957,2055
620,1009
2886,3341
2895,51
788,2865
1380,33
4231,2199
1795,3884
3227,2420
2992,4831
1614,286
616,4640
3446,3300
3641,1280
578,150
1773,989
4063,569
708,3445
2589,5060
4284,44
3944,37
3217,3121
292,288
2216,2339
4038,489
1293,440
2869,1280
4684,525
2834,1327
1883,440
5034,326
2580,545
1626,3592
4199,3262
3782,994
3866,4452
450,3045
1940,3268
4295,1533
1504,1498
1401,3460
4897,941
1530,1248
5067,1533
2302,3787
2383,4646
4204,5060
4829,4920
1710,387
2369,446
581,1155
807,4355
1422,1009
1632,219
1686,504
1386,3281
2579,2333
2822,811
2609,1890
2014,30
291,2840
1145,829
3915,177
1083,2101
2798,51
4681,4104
1462,1658
2328,825
1060,4314
4670,4817
973,3729
1645,2481
650,756
2111,1474
2868,37
4651,1400
2071,4902
2692,267
550,243
4250,1563
4056,3090
4183,17
56,3281
2563,2890
4757,226
2961,286
1615,2012
831,4859
3010,2339
4431,1319
666,2475
1849,4527
4935,2769
2922,2625
518,1658
174,854
1792,1377
3464,1902
1046,738
405,4314
1468,1712
278,1050
3007,656
4513,1563
3742,3805
1829,559
3715,4902
2830,3445
2171,4296
4131,3687
3248,1006
2143,1248
1678,1942
3600,3729
1844,442
3539,2101
4868,326
4774,1533
158,355
3433,55
2806,2791
2446,308
4980,47
1687,1243
2854,1775
2476,2101
4677,9
4108,308
666,59
312,2322
2884,2012
1078,1622
159,3460
1372,681
3520,102
3359,3405
3451,420
4359,3103
3022,1562
4609,234
3719,2781
3439,2459
4651,2855
3613,572
1200,3045
4962,1360
1092,2195
831,2377
2986,2573
1936,221
1294,2625
4892,1210
2921,1139
3210,2134
3305,3910
3407,25
4085,1179
1619,423
2991,4724
1953,2459
2271,3387
1597,2840
931,1693
3353,85
3986,4565
803,314
1677,2890
1856,2012
3859,1247
1029,2852
2837,3381
3131,88
4555,226
1793,3675
3003,1319
4331,1761
1197,3879
765,4738
2213,4565
689,1552
1973,2552
783,748
770,221
382,161
705,3062
1323,1003
2935,593
4095,1769
4523,3103
858,3868
2656,3762
4481,997
309,970
1288,401
3026,3592
1047,2598
2349,479
2160,4749
2265,2012
2517,2035
180,2573
27,1783
2011,3675
3962,33
4785,1248
3441,1506
4647,1360
4027,3403
4449,1225
4671,756
923,4223
975,3941
1121,4600
1663,166
3772,401
842,3941
2246,509
3783,4097
638,35
4660,1502
1252,397
2962,4400
4016,4469
1650,3262
5074,756
2011,3222
1740,2710
3102,1563
2130,387
4397,2979
3274,656
4495,30
1026,3787
2880,4749
4942,941
3259,44
2067,504
3731,2786
76,286
1473,860
3891,3405
271,2578
3889,3405
3924,567
4636,671
1862,3879
2259,2557
574,756
1075,219
229,2035
1440,876
211,88
3367,2815
197,85
2679,1377
770,175
1241,4565
1799,124
1090,996
4617,2573
3797,1845
2033,764
4883,2781
4842,44
2,1012
4283,4749
1882,1247
2972,1602
3683,102
1479,4049
502,2463
3145,2055
747,4490
99,3
1437,509
543,196
925,265
3701,764
2138,381
4016,994
4377,442
1926,163
4732,1012
3324,33
3378,243
4767,141
481,711
980,1775
1315,132
1537,2068
3793,3972
4952,2035
2490,59
4895,583
3174,1725
4124,414
1893,2919
4691,3300
4746,2649
2374,3125
1895,4452
2975,2710
1607,4400
2125,221
3400,3879
4821,1835
2954,989
250,2578
4892,4920
483,1775
1015,2288
3317,1658
4783,355
4407,15
4391,1820
1989,4097
3208,17
1349,3201
5062,361
3012,265
4655,4600
1830,829
230,262
1980,2064
3425,752
307,913
1521,1003
3784,1119
2809,173
4511,1622
3945,2987
2293,1130
2105,4929
3653,3584
4009,1400
1478,3215
2317,4674
4508,318
2809,30
1543,5057
2995,583
4587,681
67,756
378,361
3938,2573
3049,4400
562,4646
2025,3601
4025,1999
1878,267
2679,3675
2129,2459
3017,876
4868,221
3813,3262
3902,577
4847,2710
4329,2671
2933,310
1473,2295
1886,4738
977,286
5038,3879
2292,2942
1569,1390
3145,860
1630,913
2780,143
3419,2987
4072,17
4396,1783
4024,1130
405,2008
2130,1130
4614,2377
3111,1390
4352,3311
4853,219
1558,827
4207,2979
1407,745
2240,4569
3176,245
1673,1783
2044,2664
3932,724
3800,5058
4069,3125
3479,583
4333,3381
3042,1488
4401,19
2352,1488
946,110
1401,4646
4687,1761
4363,2295
2659,255
2514,2086
1770,3387
4564,710
4678,1964
4965,3841
2151,797
1995,876
1678,1012
3013,2664
3384,2068
2553,2890
4081,2898
2893,44
1346,3206
2310,2386
3575,426
2140,4490
1290,1158
1169,479
3938,234
2650,3403
1733,1661
3723,4902
3612,2648
4875,4400
396,3842
3684,711
101,446
4367,2199
2632,3905
4821,124
1174,1775
3435,61
3028,381
2510,870
3771,913
4096,1317
3589,1280
4723,854
296,4817
2850,3077
4075,1235
1142,702
4320,4353
2787,2648
1605,1476
798,1248
3448,4615
1168,1225
1221,2791
4482,1835
2603,764
1165,4731
3280,4885
3148,234
964,161
3940,30
4727,1400
2796,2371
2684,3090
664,1139
1070,3775
202,868
4548,1939
4545,342
3264,3096
3390,1622
622,1222
2585,187
1665,4201
3505,876
184,748
5052,4653
2967,2459
1860,3096
2409,921
3285,4371
1802,4831
3350,738
2169,4817
4645,2865
1033,648
1988,2386
4453,1009
1698,308
4850,221
1884,175
2266,1009
948,2035
309,913
699,643
3823,1210
4332,175
1937,51
2830,671
4890,2625
2675,1712
725,3905
1483,681
1146,2979
4403,3972
2112,262
1381,500
2368,1712
4772,1783
3870,4400
4171,1902
1407,2786
4146,1939
2360,2710
2871,166
4335,3397
1738,161
1290,702
4808,13
98,1820
4016,4831
4111,674
4780,3879
4703,110
2675,2852
1684,3262
4575,1999
2636,1400
4923,2064
1404,4674
1342,1820
1161,1195
515,639
3164,2126
2313,1567
2023,17
4129,1725
4089,4738
4819,1832
3736,4083
3048,4579
225,3254
4782,1502
3878,1377
481,1520
3119,4831
3707,3795
154,674
2017,3045
4165,4527
3962,1502
3390,37
4725,1552
1175,1563
4895,446
1536,2339
2257,59
2150,1712
742,868
600,1939
3829,442
683,342
3618,2135
1318,2552
2231,1964
4495,2195
3688,219
3520,381
1855,1761
2403,3941
1524,653
1988,124
1385,827
3305,2625
887,1009
924,1661
1531,1999
3150,25
4562,4527
2799,1247
879,2055
4327,671
5037,3795
3809,384
823,4646
3240,1248
3686,2463
3480,3599
4867,597
4520,446
1631,2008
2842,426
3157,4920
924,2852
2797,2648
4478,3125
1382,3787
2201,1317
4230,1866
4917,1474
4305,2721
4174,4646
4971,4539
3034,2055
4969,2035
2966,2078
1784,2697
977,1135
1448,4355
2185,583
4317,467
620,397
370,4600
1422,2791
4152,3397
782,4588
976,827
3916,11
1267,4653
1206,1003
1051,4738
3756,3062
3099,355
3502,3888
2981,4400
4479,752
2687,1520
3504,4738
2777,2919
754,1149
4183,3968
4821,2987
1329,1783
3044,3445
1427,4929
765,3045
215,2322
1858,4282
1053,4646
2723,2840
3871,4319
2703,1658
2340,124
4605,4936
54,1622
1639,545
1187,4855
3752,1835
759,1149
740,17
238,2439
4442,639
2246,756
1636,2135
1483,1377
2389,3403
4008,4145
460,5008
2825,243
4094,519
352,55
1677,1835
4559,4731
4443,33
1352,738
856,4527
4807,19
4443,1316
4407,1391
2376,2898
4849,793
2374,3405
4152,1719
1168,122
2443,2831
1945,342
849,3025
4858,25
2436,1312
728,4201
1695,4092
149,175
2753,2614
2186,267
2693,3621
1165,355
2498,671
4769,4653
2818,702
4430,1319
3790,3206
3297,1839
4543,854
1361,504
2593,970
3169,1725
1114,326
2925,373
4622,4584
4204,4885
1949,318
2110,387
378,2339
464,93
4482,141
1066,1006
4906,1595
4824,1506
190,2865
5037,979
4976,4724
3976,5008
828,825
2243,1167
1722,245
4797,3687
4085,3599
2626,4294
651,4674
2150,1312
5025,868
4507,2573
1724,4579
4638,4490
791,4097
3427,1488
3956,2898
3069,3300
4470,1098
2746,1517
661,504
3308,2371
4961,4724
4142,381
914,3309
1550,1130
2010,347
810,1790
3450,4314
4230,1556
1472,3910
5023,173
2900,265
291,4272
2443,248
3479,2459
1646,1602
1812,196
1778,756
677,387
741,1360
3501,2371
2414,3090
2254,4685
1758,2481
1470,467
2204,908
3987,161
2732,4854
3990,446
3112,1113
5053,2598
1616,3281
1459,648
4709,234
1636,102
4077,2840
1430,941
4705,4314
2799,1719
1548,3884
4737,1009
813,997
358,2206
2269,3201
214,2084
281,1280
52,467
1925,150
2894,1506
520,143
4543,3201
81,1327
4529,15
3417,55
1871,3341
1538,2035
2609,196
3202,989
1453,2938
3108,4049
4732,1225
3824,3452
369,2206
419,1835
1274,5
632,440
2923,219
3589,96
1479,342
4427,825
4518,122
4242,4929
4438,2649
2436,4092
478,597
3848,2497
1777,1693
1537,1360
2461,1119
4593,702
749,2052
1355,477
3447,1327
370,745
5062,1942
2650,173
2407,854
871,2339
2286,177
4448,1248
2087,384
1559,1790
2715,3215
932,2831
439,1149
2081,1009
4174,1377
4906,1243
3545,4929
3498,1428
958,4272
2098,4831
174,1835
2960,1835
503,3621
2284,3905
3275,1316
1631,3709
3959,572
3690,653
371,3601
3799,61
1302,2245
170,1586
4219,525
368,2358
1882,5
468,2377
4895,4855
2654,414
1871,37
1104,141
2605,96
3658,3842
2864,166
3771,347
2867,797
762,2781
521,4936
4034,1003
3074,4855
918,3460
3661,1586
2180,2134
851,567
3831,3910
3549,442
3723,1235
1830,15
507,509
4297,4685
4276,2649
4683,2475
3876,1135
4251,3090
2301,597
1665,3592
4323,870
1530,1552
721,240
1041,47
3829,1006
853,1939
1190,1586
1577,2721
4614,1384
4673,940
443,2671
535,221
4464,4296
3067,1139
2366,104
4583,569
4117,2697
4051,397
1351,2865
1174,874
4487,1693
550,1552
1694,13
2308,3805
758,569
1405,1586
3630,3941
4616,1
2654,756
3229,96
2936,1167
439,1248
4905,1247
501,267
3389,1658
1605,234
3854,3888
2331,110
1941,4565
4240,1130
2314,234
3172,3599
3240,3988
2390,2195
129,1939
332,2084
2337,4201
2719,222
4160,4296
1958,2831
1481,3687
1131,2064
2394,1461
1094,4936
3453,2195
3434,3879
4170,1839
4281,288
3899,3025
2759,2288
4093,1113
1531,4831
130,110
900,1312
4131,88
2725,1769
2191,2459
1938,1280
2417,448
3305,73
2779,4371
3839,908
4455,1939
3799,3125
857,3252
1424,175
1576,572
4528,4569
1421,3775
2225,3387
2198,3842
441,715
4297,564
865,4272
126,1890
1293,3675
2002,519
3105,467
386,473
4348,941
1018,1488
5054,2855
4459,3601
148,1113
498,2124
992,463
3408,5060
4655,2740
3654,829
3375,2078
1074,2649
1525,2167
4374,3888
4887,2295
3721,656
4267,1210
1764,118
1767,913
2341,5058
4343,2855
2009,361
1265,2671
971,4272
3943,4724
4338,35
1854,1719
4917,35
2838,3090
568,2946
3124,2769
2257,3281
4349,1222
3401,1498
2872,572
2465,122
1995,104
4573,308
2701,3621
4237,3109
834,5057
3767,2420
2187,2199
3820,997
1457,633
1588,1139
2982,4749
1827,1127
1156,2463
376,3060
3625,2126
2077,2322
1727,1384
1492,85
3688,414
795,4490
3750,3842
3318,73
3302,2008
3216,3215
4699,648
4889,4405
1073,1552
4857,4355
4883,811
1157,4584
508,2245
2630,2697
3163,4859
1411,310
1402,681
2980,2573
365,4145
1331,1775
230,226
1376,1130
3427,710
3834,1316
2507,47
3067,3775
261,1480
3119,3884
4413,3729
1976,509
4743,1377
1851,1999
283,2578
2941,3252
1311,5008
3854,504
4102,1
75,150
4113,1602
2748,3905
275,4653
4172,381
2375,1003
2174,702
732,748
435,318
628,941
3041,1845
2889,4640
1047,3103
3139,4877
2888,118
4411,2322
1494,1498
1797,2791
4432,1661
826,1480
3718,4738
3929,347
4510,1360
2474,347
4804,921
4331,335
4697,4854
2073,639
43,73
2853,2648
875,3968
1807,3005
172,3121
803,979
1541,1461
4147,3968
2568,2064
4541,3621
2903,132
4961,1602
192,342
2619,2295
1762,1235
1120,1562
5072,2865
3078,3090
1240,3387
332,504
3732,221
280,825
2488,2786
1081,15
1064,1243
3156,17
3929,1769
772,448
2666,1247
1747,2322
5063,448
277,1210
1514,401
4901,1291
4906,2769
3433,2126
4511,5008
3794,1179
4966,355
2053,473
2811,11
3169,11
3097,342
2875,384
3818,648
1257,3968
2568,1400
1206,5058
1685,4859
2274,2815
4128,1902
3591,519
3014,597
3983,4353
785,1247
4922,2120
1731,2012
1307,232
1413,3201
3542,1119
1689,1520
3244,1135
4306,994
1351,4731
3660,2855
4806,3841
3752,308
2098,423
4847,811
305,921
3187,2573
2734,2132
2572,2135
2187,3161
4562,11
4782,2710
2328,3252
3315,93
4774,2598
1886,852
4789,4097
1173,1595
2095,4565
2372,3397
2382,710
4717,124
1733,1999
1893,3988
4107,2721
4053,5008
2480,724
1311,633
3368,177
358,113
1759,1151
902,4272
4415,267
4366,2481
97,643
2130,908
1876,2979
3447,3121
3617,4877
3863,2697
966,643
3736,4600
538,906
4862,243
4827,994
1946,4902
427,825
427,1517
3589,3103
4369,4646
4246,738
2272,1204
2933,3201
4348,1130
4860,2358
490,3090
2137,122
3850,2648
2871,85
1986,1890
1068,381
1734,1712
4273,913
4082,141
1020,3268
4538,3387
1081,868
3696,4223
3321,3309
1603,4294
2236,4640
3552,489
582,1658
1215,2890
2608,17
1988,870
2944,1775
1331,2865
1826,4724
3745,687
2821,633
538,3109
4181,255
3435,347
1287,1130
421,629
1965,2942
4872,1050
1543,1911
1721,3452
692,1658
4235,1866
1931,1119
2367,1006
1826,245
1004,3161
111,4353
526,3675
3416,3841
3745,2781
2882,997
4312,96
388,30
1990,37
1799,4201
1193,545
1338,442
3029,4539
4289,1498
436,1204
4336,4936
2527,3215
2873,4588
3143,473
1041,629
2287,1225
3862,3787
2869,2086
1313,4640
1607,3165
3330,2648
2077,3045
3973,4104
4568,1556
3398,1939
3063,196
2332,2008
2378,870
4177,414
39,2055
2850,4097
2089,1693
2492,852
858,3025
1919,1502
2141,1391
3753,3879
1008,102
4184,3795
3947,913
4771,643
3072,1775
2824,2721
1255,876
3956,1151
925,255
2575,1248
268,440
4656,577
3963,113
58,1790
406,2664
998,4749
4609,1319
1782,3201
1256,1563
369,1595
4794,979
378,2195
4589,1845
2287,653
2806,187
3951,1461
1657,3161
4242,7
1923,3090
3241,3262
686,3445
4023,4097
772,1506
971,335
3029,3281
2734,797
2259,21
578,423
2892,2497
4612,870
2432,1327
217,1119
1940,3
2655,467
109,47
4529,2206
2087,397
3360,3687
2057,2710
441,525
3140,2295
2296,1400
2830,335
4173,3005
5051,3525
4410,173
2764,1353
3646,2055
3521,724
2334,4294
3869,314
1994,4936
4809,3161
1013,1562
5043,1939
2047,1353
4719,724
3790,702
374,44
3438,19
640,2840
2562,3252
2863,2086
4844,11
806,4314
816,2439
2868,2288
1075,4831
828,2084
1896,2008
1885,4371
1346,245
570,4355
3361,4296
4154,2942
2321,1942
4025,3215
789,1009
1930,3709
4039,797
2026,124
4135,2740
1618,2784
1497,240
2080,2101
1660,2333
1716,3445
444,4490
3943,2439
1680,1783
3417,825
3817,2052
3723,143
2553,4854
4094,2552
4454,3397
129,639
2939,4092
550,687
2546,1835
4992,448
4955,500
1259,1003
3074,681
1895,1845
2176,2938
855,854
2541,122
1817,345
1970,2865
1577,4970
5001,1098
4289,3910
3692,3601
292,4223
5066,4296
2904,2333
4060,1502
3528,577
3219,314
3093,1783
52,2497
4340,2942
2016,908
3583,4685
453,442
1729,489
3827,4579
3043,166
4236,381
3416,2786
60,2126
1733,1719
4509,1839
2003,2740
434,3841
4794,1167
3012,2439
1980,1316
896,314
2054,1222
4018,47
2253,355
787,829
4438,1050
720,2946
3746,2420
4871,4569
3534,3387
305,2946
3803,1235
3137,1225
1290,4353
5052,110
4074,342
1432,1461
1887,4097
2604,4527
4050,3161
3647,1235
4510,2557
678,3060
2473,3165
590,2938
3192,1280
178,1204
3458,2052
1741,1845
2842,1839
2200,414
3502,1009
3975,4885
1836,2721
684,1902
2600,2497
3645,1769
4424,1291
3922,2840
1592,2245
502,3397
5073,994
897,467
5080,2840
846,1006
1072,1113
3220,145
3942,3024
3493,477
2485,308
1853,71
2307,1248
1147,2840
1550,473
1988,196
2519,2199
4431,4970
1137,2132
4154,104
2763,577
3350,1661
4458,674
2180,4490
289,2979
4006,2120
2820,1139
4617,1839
266,3972
628,1204
2730,4469
1580,3268
4775,1712
125,2840
1621,5008
2047,3161
1099,559
1300,1586
2041,1622
555,525
3524,3968
3065,989
4880,1712
4774,326
910,793
4265,342
4177,500
1985,1135
3873,37
4564,326
3379,1622
1566,2078
4511,473
92,4877
3629,3060
2208,3201
837,4272
2731,2245
3625,597
4435,2855
484,59
781,59
819,504
2160,219
2378,110
5019,1317
3072,1502
776,1595
3034,1113
732,3096
412,3077
297,4353
1816,711
765,1533
78,3262
424,3787
34,4353
5064,745
4692,2377
2637,51
3177,1400
1787,2697
2972,3206
788,1179
3363,559
3974,2919
4977,1127
965,3403
4245,161
86,1050
3181,2459
41,381
1878,265
456,3709
4258,44
1531,414
4494,1006
1846,1835
802,1006
2535,2135
283,2710
1588,3024
2939,21
890,381
3094,175
285,373
1665,2865
2800,2721
1446,500
3195,1130
2003,3309
2115,314
2565,3842
4477,1360
1491,4936
4943,347
3420,2463
885,3445
1655,255
4131,2989
4232,1761
2826,3888
3083,2377
1197,3311
3933,21
312,2938
798,1942
3012,1911
3241,2769
4009,4049
3056,1167
4025,2339
294,463
1597,4902
4619,3888
121,11
672,373
4101,1488
1239,2769
2832,3262
268,1498
3917,3161
1973,1552
2595,2055
1048,1195
2583,1158
2768,1139
1433,1353
2237,1488
484,2196
3913,827
4544,2938
3474,569
1884,1488
3571,2781
4410,3
2869,3805
3054,7
2798,5057
795,997
135,150
3409,3675
2961,1563
1887,970
3153,15
4835,1167
4889,1149
3417,2206
4658,1964
1029,1552
312,4049
2254,2706
1297,564
4923,710
4485,373
1984,132
2629,3675
2405,3387
4702,166
2799,3387
2246,3687
2294,4855
2114,4201
2122,715
2382,1939
4506,61
4011,4355
922,1820
2628,347
1504,4294
3052,145
4793,3381
81,4877
4361,25
2128,583
2127,401
4063,4929
3123,3592
1985,2979
3112,653
1131,715
2389,288
5017,2052
247,572
2881,4282
801,752
3095,1832
497,2463
845,113
4204,702
3878,173
2216,4817
2887,2012
2450,2101
2428,7
2600,3888
273,4314
4497,1520
544,4854
4794,4920
2349,2135
2661,3397
3128,764
1549,1390
111,3060
4331,479
4516,3341
5081,3841
760,2135
1884,4539
4399,3090
2509,467
1340,3687
4379,2697
2452,4817
4981,4615
369,1520
461,756
14,234
2362,2339
4132,656
449,51
2630,1890
4594,361
2155,2840
2210,4539
2896,2322
2400,1533
276,1658
1497,1488
3463,4885
28,113
436,564
3695,3584
3743,463
244,3019
1268,161
3260,5058
1385,1533
4477,1155
4011,15
2630,3888
1663,4319
537,2012
1896,793
944,222
1350,970
3994,124
1829,2195
4786,1520
570,104
296,71
236,3024
1344,2697
2496,9
1853,4569
2726,3397
3682,2055
4921,3709
3093,2740
2849,3125
3357,979
2348,653
1643,648
3170,4885
4476,1661
3810,1761
4708,3888
3652,3024
4962,3584
3010,4653
3002,868
12,1790
4753,2295
4290,1391
2311,4092
4438,3787
4750,2101
3963,3709
885,979
3020,2196
857,414
2229,85
2036,1622
4098,870
3772,3165
1601,1243
388,1520
1369,2831
3719,1195
1762,88
3594,1622
2054,1999
1837,2124
969,4731
4359,2784
2503,4565
1192,2497
1759,3795
1594,3165
2825,3262
31,3060
3192,3254
258,4452
3117,715
5073,463
3008,597
2960,1890
319,335
5052,1839
2932,166
1072,3311
2405,2358
3680,648
4078,55
582,2064
2519,2322
1854,3879
4779,394
252,145
4430,752
2931,102
1823,997
4271,384
4830,1003
1001,414
487,17
4221,3300
2750,633
2129,113
1967,314
2369,1428
3342,11
1088,2358
1249,4355
600,1384
3603,5008
5072,446
4069,748
1928,970
1584,2614
602,4104
4186,702
3880,509
1849,738
212,997
235,1586
3372,1353
4836,446
4593,1476
2219,145
2109,423
1752,1319
585,2786
2103,3403
1301,2178
3974,448
4207,3775
4501,222
1570,921
4932,2946
1883,124
4669,3077
108,2120
1827,2552
1634,1158
3290,1942
3147,1911
4521,1790
3887,711
1068,477
4601,2786
1433,104
4054,970
4287,3775
4000,4854
1094,265
4170,37
1445,1009
4973,3311
4858,150
2695,248
3695,1377
1013,1155
1315,1769
798,1119
1907,3309
4191,756
4764,1498
3692,3311
478,335
3269,1098
1827,118
2464,1327
392,2784
1924,1476
1944,314
4725,1533
2047,4749
4973,979
204,1661
4166,347
2393,1384
4064,3
1722,243
4315,2557
1614,1835
5001,96
1883,4097
4168,3405
4475,3675
4015,3060
4293,876
548,5060
4631,994
3689,1149
3404,2481
2300,4749
4507,3842
4968,2064
2276,500
722,756
1574,1390
4549,387
2672,267
4918,4749
2970,1312
4778,4685
4536,4400
1090,267
1784,2032
4524,4083
3933,1003
2473,2890
2760,702
156,1999
1451,1586
741,3868
4197,226
1986,1243
1206,4405
4889,4855
3897,3592
4148,1562
3067,33
2384,2064
1513,545
3978,2769
2934,4653
907,30
1022,1353
2045,4831
2660,1050
3673,3201
3857,1964
3182,21
4962,3941
4038,4314
4392,997
90,921
1064,1476
3029,4920
4840,345
1504,1179
4607,4584
3182,1712
948,2942
2999,994
3510,3795
4385,2697
3065,3252
1551,2898
823,2124
2909,2245
1338,2649
