2447,342
1128,3841
1246,4296
2712,3972
3724,2463
1191,2032
3542,4584
932,21
705,3019
4023,243
3194,4885
45,940
390,745
3384,648
3269,2439
4345,519
683,1498
3958,2791
4976,687
3294,30
783,2377
3023,5060
2431,3060
2741,1158
4432,653
4048,2386
3926,597
3503,1562
3415,3972
1641,13
1921,525
2961,477
3791,629
3662,2919
2207,997
2789,559
2306,2124
4450,1658
2479,3675
2007,2012
1526,827
3011,394
1486,2706
2491,4272
1669,1113
3313,2552
4577,1235
4350,2865
2572,4223
3069,4920
4489,5
3875,996
327,2120
2867,245
4086,3988
4191,3910
379,2167
227,2124
1479,1210
1731,545
4895,3610
4528,1622
2969,3309
484,1964
3753,715
2255,4615
3205,310
2765,489
4637,997
2306,1562
480,219
3803,1377
3422,163
757,2664
3540,3868
1254,2008
2327,1167
2294,1222
4014,4405
3293,2288
2210,3281
3732,4749
2266,1839
1457,3941
1212,1316
1321,2831
3639,401
1970,226
4044,583
1559,4145
3046,764
202,4588
1791,1658
3247,4970
1332,3709
4376,35
1620,166
2858,852
918,2664
1382,1179
3541,1319
2176,2199
838,3795
1780,1964
2905,4049
4108,569
2054,2784
1078,3687
3751,2463
1514,3610
2619,1384
1919,4675
2796,3165
2993,3341
3256,797
213,3968
1215,4201
1877,4854
2460,2890
2205,4724
433,426
1283,1280
4631,2710
3041,1839
3360,4049
4157,4855
4474,1835
4442,1009
3089,5008
3840,4296
1073,2671
2330,3125
1145,446
1326,639
2755,1942
530,4675
691,2032
714,4490
3079,1127
3551,442
2031,906
3038,11
2389,3262
2684,3311
3267,1247
590,288
3697,122
2965,4817
3596,3868
1166,2987
2365,4294
4926,1179
2106,629
4477,3452
2027,2942
2089,1167
4752,414
2259,827
1529,825
5042,2084
2406,1556
1081,384
2638,373
2811,3397
4983,1179
3375,1006
4564,913
1381,477
4250,4920
4761,17
3392,110
3160,1360
520,745
621,4294
302,629
1397,5008
2906,2288
2767,15
4475,2134
4202,1316
1131,446
4406,1942
1922,1003
5073,1
542,3165
1402,1195
4256,1567
264,593
2905,21
3937,906
1154,996
2981,232
1463,132
2501,1502
3052,2786
2921,4653
1086,47
4440,2333
3682,702
1762,3988
3259,1235
1005,3109
610,4929
4887,163
4,4314
5013,648
4266,827
1537,1775
3541,17
1032,3621
886,384
1146,2035
1762,2055
4502,2740
1958,1480
2252,288
4648,4353
1109,2614
2185,361
1512,852
562,2697
321,3687
4465,1050
3513,3599
3948,2199
1989,3005
636,4294
3625,2124
441,874
474,3381
2102,401
4767,1210
3623,3090
275,3161
1930,2907
3527,2557
3778,1563
2363,1280
4913,232
3214,3729
983,4319
1641,2831
1445,3121
1532,874
1296,104
1416,4565
4246,1902
3537,994
1905,2946
1131,4353
2281,166
2651,1942
3866,143
5034,479
991,4902
2504,825
3512,3592
3375,473
2373,4902
422,545
678,3775
4238,711
4481,2084
1322,3795
270,597
3978,314
4754,3103
2455,2907
4471,173
2881,30
3777,5057
4183,2573
1290,3222
4878,1835
1251,868
4361,5057
416,1167
4193,55
3098,1149
4198,1098
1169,4097
1144,175
1571,2942
537,921
2757,756
3326,145
4658,3805
2817,477
1389,265
2348,559
1365,1556
691,1661
2686,643
3811,234
893,639
3566,569
1831,583
4086,1050
553,906
2437,3311
3925,1866
3073,1769
3526,219
4335,1939
4666,710
2725,738
1667,347
1762,71
4691,255
3802,756
704,2671
1585,860
4457,3215
2805,4092
4194,4565
1636,4049
1031,2086
689,161
1794,2710
3368,2578
3486,3972
4711,1195
988,2439
4941,4201
1282,4452
3048,314
4636,4371
5037,3968
2571,569
2741,3387
4623,2420
2279,4646
3087,2206
3748,3300
1091,1247
3531,1210
1443,102
3975,593
4205,2195
2365,2938
1174,2740
563,1139
1847,145
3132,752
2300,2377
1680,5058
2861,1552
5007,3905
418,234
1401,3341
3189,4831
3694,122
553,3601
560,15
1868,2781
4993,477
1958,2907
1758,3687
287,394
4321,994
2806,1204
1720,4371
3442,2167
4700,1712
747,2178
1954,702
3861,1506
4098,1012
1431,4674
2728,1012
586,504
1102,122
4253,1506
1069,1533
2072,226
726,1248
4154,1113
2892,2120
2208,994
768,1622
4667,150
2856,88
3106,4646
337,2120
3750,3805
2704,4223
2696,1761
3678,2068
3746,3595
1343,1327
2780,1845
1190,2786
4200,4296
3571,1248
2622,868
338,3
3594,1360
2803,401
3563,3005
2384,3841
3087,267
3508,1098
3820,2852
2510,219
3166,752
1756,1006
4150,221
3916,1725
1099,3381
4119,504
935,1353
1304,489
830,1999
2422,248
4863,745
562,559
4853,2497
2344,318
1032,467
1572,4314
864,3103
411,1602
3917,756
4589,3403
4682,2890
4073,2786
2133,2459
458,3309
2423,989
2813,85
2536,255
4814,1517
4506,4936
3324,4527
2782,426
425,3103
2260,2578
897,1248
2187,2386
4366,1890
2002,1461
4861,1360
558,797
4181,2648
2061,33
1688,2078
935,4469
717,4738
2191,994
4563,1498
1601,827
606,2333
4275,738
2267,3025
731,3972
4923,30
2023,4817
4367,2084
2912,1790
1403,3868
4019,1195
1840,3206
3250,3968
3543,5
470,4674
3742,4565
2427,85
692,3125
392,1238
2246,3841
3474,2126
4300,1222
78,4600
2148,2989
5041,1016
3273,868
2000,177
23,2064
2966,3601
1980,2614
2893,2288
3278,748
2121,1488
1632,2288
1065,1661
2112,2245
22,3910
2733,51
3500,1520
4100,4738
2477,373
3754,1567
4996,764
2762,2481
422,639
1198,1158
2945,2578
2833,2008
410,811
1170,51
2947,1222
1955,3709
1021,1113
4375,326
2732,124
4142,55
755,11
2293,1556
895,3709
1888,3215
3205,3403
3033,1119
4430,1476
4760,2288
5040,738
3585,3215
2647,2196
2473,874
3100,2671
202,3096
2490,4817
3075,519
3348,687
2601,102
4994,2769
3196,1317
1946,504
441,3787
2073,4049
3757,4877
1767,2124
3013,1009
1187,1012
370,5060
4139,1661
3022,577
3912,989
2825,145
3308,1488
325,3842
1367,1113
755,4469
3881,3584
3258,2907
2043,2126
284,5008
4645,2086
2632,756
945,85
2346,1280
3277,4724
393,4920
3563,3599
1710,738
4794,21
211,764
4279,479
300,2907
4082,3599
228,3090
3312,4579
4186,1119
3449,4097
1830,310
1381,4854
4979,3968
2171,4092
2331,2784
4346,3599
3169,4405
773,671
4126,1135
1551,504
1348,243
4922,288
2747,2578
329,221
1325,1139
4214,5057
1920,387
2444,854
1189,232
4496,3345
1475,4527
1433,1520
3838,1135
538,314
294,262
4510,308
1437,852
3705,4831
1260,51
3260,559
942,3610
300,3121
1417,2084
4237,4083
4333,4371
1782,710
1728,3165
3877,648
3617,4319
305,2386
2983,1845
4067,908
3976,1111
2985,564
714,426
3502,711
4983,1832
3399,921
4363,1533
3279,2987
4818,3709
610,2135
1297,345
2356,51
3516,1179
4982,860
1028,479
1527,3341
3930,3599
4020,397
861,4092
4321,3254
2632,738
3498,4049
2011,2386
4217,1113
4019,1595
1094,4640
4125,854
4677,793
3522,3341
400,572
1035,1556
2252,3345
967,4490
4094,1567
4893,1622
3323,4831
2262,1820
1750,4490
1339,3403
2158,2339
2251,13
3559,3381
499,797
4166,11
2920,1238
2474,2064
4168,748
4499,3460
1889,996
1096,2815
2875,1360
3631,1761
1191,286
1099,1562
1345,4092
3712,361
14,4674
3202,827
2028,489
4598,4355
1532,2898
3685,1130
4246,1016
469,442
4983,1009
4373,1658
3507,1050
1489,3787
759,1693
2973,1866
320,876
1311,908
3629,829
3793,2135
2714,752
1968,1235
2825,979
3158,255
3468,643
3056,489
841,245
1446,572
4949,2815
3291,145
736,3109
2652,1595
1093,463
4722,1119
2312,4646
4577,1312
4594,1384
2955,2288
737,21
2236,3268
4435,3452
3189,509
5017,1964
1869,1243
3238,2979
471,1006
3919,4584
3179,187
2467,4400
1091,1127
3154,3125
2328,2358
447,2987
3471,2786
808,1719
3558,797
4864,2196
2361,3096
4360,3968
1275,921
4946,1520
4449,166
2763,1595
1692,1562
2568,1595
1105,1488
148,3345
1056,764
46,2012
1578,267
3139,2101
2933,2206
3471,860
137,267
3899,145
586,2196
1759,345
4318,979
3778,248
4618,1911
2261,3345
80,3341
4655,1050
1787,3222
3359,11
1879,1790
4996,2086
4360,4738
1324,4877
1077,3452
4383,4400
2002,1149
1913,2196
976,1839
1439,564
4069,2167
2224,3045
4040,55
1803,3525
1007,2068
202,2055
3831,2781
2737,4469
2299,3345
1799,2987
3583,2012
4352,854
449,85
1672,653
758,4920
1274,5057
3603,593
4858,4831
3456,870
5010,1149
2690,3222
1018,3601
1974,2086
1982,825
4752,2840
1802,387
2525,1317
4293,1480
4733,3387
4547,2008
1309,177
2422,825
4467,1533
3938,3103
2613,3868
2624,525
2662,163
1864,477
924,448
1058,738
483,1712
266,3222
4701,3025
2205,2055
4945,4646
4716,161
3490,1939
2057,1839
3934,3222
2155,2784
1870,748
3040,262
1637,687
3870,3268
1018,1939
1421,394
585,3884
1413,4296
1442,1009
4768,1839
3061,187
4523,414
1589,1761
2877,2420
787,3300
3501,4539
4102,2196
2340,2938
3313,2134
2818,1964
4576,394
4098,4600
1108,177
3619,3300
3531,1488
2749,4145
4088,4083
531,3592
1344,4469
630,4920
5056,1391
1392,906
2287,564
4261,255
1950,4469
2751,47
4240,2178
603,4749
2555,222
3793,940
1545,1317
3479,941
589,597
3763,30
2071,1586
53,1235
3520,2784
635,85
253,2420
1368,2064
2850,2475
4410,1225
2958,4902
1913,1210
1484,88
1214,177
5025,262
2170,874
649,255
3328,318
4013,1835
4026,4469
2130,2710
5059,35
4516,4371
2954,874
350,3
1683,913
858,3062
4958,477
253,1622
2486,745
2945,1939
3944,93
1582,85
5077,715
1088,745
171,1113
3792,17
3013,1316
834,2195
4689,1225
4905,2068
4509,2942
4922,4854
512,4877
539,908
476,2664
4649,989
3628,420
1043,1248
839,1003
2327,2573
2253,234
2776,2815
3342,1098
4370,3215
424,4929
2577,2784
5035,361
3834,854
2833,2942
1049,1210
4623,102
3800,2840
1233,2649
1815,3610
889,143
2316,221
4932,1130
790,55
474,1179
2454,2459
2311,748
3633,2625
4224,3729
4510,4817
1129,5008
4519,702
3590,4600
5043,3222
591,9
4131,1520
170,381
3253,44
2733,2815
4169,633
2406,47
465,1327
972,4104
3114,3592
4443,118
4031,509
431,118
3862,2740
1359,1890
1636,1127
4546,373
697,3884
435,4920
4012,3762
1811,2573
411,4674
368,141
4895,3775
1938,2552
4756,3775
4697,1939
554,825
1978,4223
2183,467
4493,572
3982,2625
4681,2439
2376,4579
4028,1712
4987,4527
1962,2598
379,243
2780,2120
4341,745
2525,33
2915,1567
3218,2012
4390,4877
5078,1222
3432,2865
1670,2288
1921,161
3833,567
2368,4097
2651,2781
3349,2196
3536,1003
4441,4272
790,1016
777,3675
1745,1999
5015,633
3638,876
362,232
885,3610
1449,4201
4135,2898
1532,3
2981,633
1737,4049
4458,3201
4951,326
2274,3387
481,545
2228,2032
2580,2573
5014,2740
4886,633
634,2459
2988,876
199,2439
3027,1006
1751,1155
3110,921
1869,3762
3773,941
1869,414
362,1783
2927,2035
2214,122
2592,1280
3040,4469
1847,1247
1929,4738
3829,118
4338,997
4392,11
2468,1009
1450,825
2642,122
4748,1586
3306,827
1492,710
4285,4600
3049,132
1807,9
1655,4731
907,1400
3173,2199
3241,1016
2568,110
554,811
3256,219
1044,2068
1807,1866
2014,854
544,1127
873,2557
1739,3584
4857,59
4040,401
3546,1360
3836,3884
1046,4970
1292,764
4220,1113
3607,519
487,2740
2926,906
3207,15
4901,4400
3394,1586
733,1556
1844,702
1591,387
3899,423
4243,793
1372,545
4280,163
1742,21
4167,3345
3080,797
4548,1312
3522,3024
2066,2134
4911,4653
4554,145
2193,1312
3266,1003
780,4920
1273,13
2187,1050
775,2035
3111,1151
410,3341
3847,221
3537,1552
1156,446
3002,569
2272,124
1154,1316
333,2497
1765,1476
1450,1317
254,2784
4471,2481
2299,143
389,1009
1101,870
4704,4646
4485,345
1838,15
2130,1845
4993,286
4847,1391
468,1911
2100,2199
695,240
3269,3045
5045,2784
630,177
522,262
2321,2625
444,118
2450,4049
4852,2206
3627,3675
1513,3345
845,1502
1709,2463
1418,2012
3713,1556
3469,4653
1737,2740
2502,93
3591,3599
1224,4405
1912,1498
3178,2840
3240,1725
2320,4294
3959,4049
2978,255
4590,2942
679,4859
3475,3729
1059,2068
609,1135
2324,989
3303,467
4313,175
4835,3460
2577,2481
2110,4653
4976,2919
2521,1725
2235,1
2041,177
573,1353
3567,671
45,2032
1975,738
704,3109
2070,711
1522,4097
4726,3161
2550,4920
1510,4936
918,2358
5011,4272
2641,1312
78,1319
1936,1725
2026,345
1843,1563
2444,3787
3703,545
4278,2086
607,96
2894,1693
131,1391
3049,96
4729,3595
4158,4527
3102,4565
2436,4584
4690,559
4315,1461
2568,1428
973,113
4382,593
2182,994
3858,2035
3036,4724
1218,310
1478,1238
1264,3060
1596,825
1120,226
4059,3005
3894,2068
2646,2786
3178,3300
1747,2195
5007,25
2770,2831
2065,1003
945,267
1523,994
465,4355
3190,4738
2095,2919
3253,1195
1346,1775
2976,1353
4061,442
544,3125
4377,145
697,113
1269,187
3293,3090
4867,4855
2673,2068
464,764
4027,3281
2360,55
3033,3215
2587,648
1249,797
4839,764
4030,4920
4880,423
1553,47
1728,3452
3130,1016
246,1783
1138,2371
4590,702
182,1009
4603,1517
2545,2178
2471,2206
4686,3988
2600,326
1229,639
4066,2459
4763,73
1588,2064
3925,1390
4197,1225
2550,2420
1379,3842
722,3
2685,381
57,2865
1570,2035
1740,423
894,1719
1169,2420
4130,4097
3470,4646
202,1135
3725,177
3358,426
1883,639
1185,2068
4322,519
1175,997
1896,994
4382,3381
2293,219
4238,1939
4459,674
386,1845
3816,2463
601,314
4029,908
2555,2852
432,1845
3816,989
787,653
3874,3621
2113,1428
2555,1149
3664,145
4533,756
1780,387
2503,545
1853,467
3393,941
3340,748
2939,1235
478,1725
2095,577
4827,656
2057,1661
4818,5008
5013,1119
341,4104
510,3805
960,940
1477,3675
4944,852
3489,3103
3615,3019
136,141
692,3096
2047,868
2429,724
2367,5008
605,21
1524,381
212,4490
4328,318
2024,797
1553,25
2758,827
3294,2035
3130,2124
4155,643
965,381
2605,1964
404,163
422,4885
2873,1248
573,2199
1256,2557
1049,1377
336,2068
4843,687
253,3941
985,2697
3270,5060
5069,33
1462,1911
4796,2769
2955,3621
4454,3841
3411,3025
741,440
1819,4749
3909,2648
4636,3125
3079,1488
4552,3281
1086,1316
1412,479
700,1127
4903,4936
4758,4319
578,583
2661,2697
3074,870
2407,1775
3310,2078
4878,2055
722,2938
133,1113
917,2852
3825,3
1640,3005
953,3675
81,310
2561,970
1642,2786
3251,9
2610,387
4981,3841
2885,913
1191,3387
3464,3254
3421,639
2711,387
1585,2008
4532,4970
3229,1474
4313,2497
4240,1839
3417,564
2686,583
4904,1658
1460,1006
4687,145
2283,326
27,572
4814,2481
3442,161
924,2648
2403,2339
4464,860
4462,827
465,2648
144,629
1509,4314
3143,4272
4869,1845
2718,3077
4129,318
434,4097
1792,150
2303,2475
2157,173
924,2942
4362,710
1522,1243
3217,1567
2127,3201
4113,994
1208,2552
2518,3452
4466,104
4068,1204
2632,3387
3358,1400
3755,2649
98,1360
2532,1098
4412,5060
558,1820
2661,4817
2577,3019
1579,2012
1022,477
48,4731
3330,4685
3860,1353
3466,3675
1971,854
3730,764
1659,1783
3676,3121
1855,2898
5043,1552
4383,19
619,150
69,979
3185,2946
2549,4201
776,4371
4829,2721
1644,5060
3433,868
1858,569
4153,4738
2348,970
2257,1179
1363,1761
3356,4902
533,4749
1791,545
1630,219
4754,414
2458,4929
3626,3601
1085,222
1168,4201
2661,940
3449,1400
151,1832
1673,1832
3642,73
598,1139
1538,448
3829,1225
2356,3452
4704,2890
4033,2012
2271,245
4039,674
2635,1476
5020,745
4954,2979
3303,1127
1209,4685
1854,3025
296,1480
3028,489
4530,51
4807,1119
3558,2552
1647,196
672,73
2584,1291
4174,1474
4151,3405
1495,2439
5034,477
1912,361
438,756
1253,997
2717,797
1073,489
4743,2648
3498,876
1686,2035
1784,163
1456,3968
2363,715
2016,1248
1600,373
3892,85
5027,1098
2668,467
1440,2288
3344,4314
3522,1506
644,724
3750,1006
2025,3452
1178,681
3867,3077
3132,288
2421,4145
4969,1113
953,681
2623,1
3287,3972
2406,93
1231,4569
3918,132
322,318
3977,572
4507,1319
1415,3262
1852,3687
735,4565
2273,5057
205,4640
1648,2919
4898,2781
4767,3300
405,1942
3497,3452
3111,3300
2229,414
2754,4877
2742,2791
1720,3405
4302,687
3871,1556
3638,1247
2561,1151
3895,4817
181,150
1471,3397
1726,4854
3037,4854
3683,1769
4467,2124
3874,4588
538,4970
4396,860
4613,4104
4463,2552
3613,3805
3366,1832
965,2245
1628,1725
1875,5008
1651,3206
3537,414
4736,3884
4057,13
626,3795
2276,1238
136,1009
2088,2598
4611,1210
4357,1602
549,1533
3208,1317
4192,994
3931,2135
2998,2938
917,4674
466,59
2595,1835
3056,567
3906,567
2996,4294
4253,440
4235,3311
1548,4405
5016,5008
2932,2497
1275,979
2317,1179
2911,2907
16,2784
1824,2078
406,3201
2217,2649
2053,3165
2644,3024
408,1866
3001,639
83,2288
2100,2178
3569,3005
4473,1939
2640,355
5002,2831
43,1248
4139,5057
4965,4282
2102,2557
1722,906
4391,3729
3026,4223
1239,3096
2605,150
4362,639
1857,1461
3948,500
2115,1890
920,104
2238,1845
4389,748
2857,2371
4520,3787
3318,1520
2496,4817
2821,724
3322,715
4163,4083
259,221
894,5060
2695,4296
4796,3077
4340,1517
2743,1235
1749,1839
2589,2055
312,71
2701,15
880,3805
309,4104
48,577
949,1769
1171,463
1041,1506
430,1135
2393,314
3894,3005
3174,854
3430,2064
3312,113
4071,4355
2147,4674
2996,876
4889,17
3572,387
375,2865
1741,1400
4657,93
2398,1602
2157,4272
2160,4854
2264,440
3511,288
3002,2052
1612,401
1972,572
5012,3621
4176,2831
4297,3096
3534,745
2525,559
3540,1390
4079,4400
2900,2865
3235,2126
3483,2135
2058,4685
2370,2942
2267,1964
1174,37
2529,1327
201,394
4544,166
1242,4584
1767,222
3730,2791
566,4104
4133,4569
3321,3599
561,1520
3764,5060
2034,161
1417,3675
1637,1130
418,2035
4236,187
2973,2035
4449,4877
837,2898
2031,764
843,347
357,4640
117,3024
224,489
1749,3729
3853,2068
2415,4527
891,477
534,4355
4254,4314
1114,3252
4544,1327
2570,1130
3769,2648
4558,3341
2243,1820
4906,1719
2538,401
4459,3868
973,3675
4207,4097
421,1012
3478,4201
3665,941
1669,477
4241,4527
202,3403
3767,1520
3940,3972
2140,387
2160,1783
1266,71
2298,4104
4055,1461
902,2135
4609,3795
4222,1502
4848,921
360,2064
215,222
4556,724
1874,387
4737,4579
2058,2987
3597,226
2163,3729
2296,2032
2001,3403
2426,9
4352,145
1073,4355
3324,4929
3576,33
2711,2552
4427,2064
879,4859
390,1127
2931,989
3035,2648
1356,314
4627,3345
1123,1
1749,1111
771,500
1418,2195
1898,47
877,3090
4336,442
714,2740
3313,1111
5016,854
4619,467
293,1693
1486,1384
2996,4749
2661,163
2877,3762
2715,4600
1796,3215
2211,564
4850,2769
2367,3345
2453,1769
1503,1517
204,17
4631,525
1756,1113
142,1149
3862,2078
3712,4855
2808,477
4682,2769
328,2721
3301,2598
321,132
1425,2134
1114,3403
4504,13
4510,3621
4417,874
2053,3005
395,2598
2903,825
2082,423
1405,401
2928,997
3664,3103
3359,2084
579,4855
3122,1167
4218,118
4753,161
4961,1384
2462,426
2304,2288
2268,2721
1262,245
2482,326
856,2625
3499,2721
2544,19
4288,104
2900,4584
4604,2598
4701,2288
3431,1942
3808,2199
1551,347
48,479
1095,3675
227,2890
215,93
2375,166
1884,4104
1033,906
4848,1563
4912,3381
2343,3888
743,401
3499,3125
3665,1719
2759,1238
2269,2052
1420,3222
3713,2101
2715,442
1202,2134
3467,17
3290,314
3459,2167
4686,2124
1434,2987
1052,1964
4755,1
3336,3941
1293,1280
3167,1247
5038,4584
2257,4936
2770,463
3730,3215
3785,1238
3249,2078
1022,3403
4212,3709
3588,1719
4647,2288
359,255
4303,1480
1743,681
2474,1783
1214,519
4025,2134
20,401
1486,2134
1501,2333
985,1317
125,756
2669,3268
4735,2288
1747,1563
1104,1783
4070,2078
2042,255
84,1353
1831,3121
1610,1719
3366,3729
4667,2178
2079,4831
2111,2890
885,4083
4244,4749
1142,852
2545,335
4722,4929
3046,71
5042,1098
2450,3842
781,1390
3054,2942
4140,3341
2250,1158
5047,2135
2043,3024
1445,3452
3961,1911
4085,979
4792,4371
1197,1719
4587,5060
610,1139
3323,110
4719,96
4649,854
2302,2781
3496,756
2033,1155
3453,4674
1780,870
2154,5057
1837,19
2988,234
4826,102
5024,2786
1659,2979
2265,1783
2909,2086
1031,4355
776,314
1816,2078
3993,2463
260,2084
1728,1400
4896,3762
4771,318
2968,3460
5009,629
4555,21
3111,3345
3056,1139
3462,401
1547,19
1472,1
4432,4400
918,1719
3626,1130
1132,1517
4195,2573
4367,3968
2927,1119
1367,4674
883,1317
4486,446
2329,3968
4864,874
4863,994
3202,335
3900,908
2372,1012
3712,4674
5054,653
4729,394
3430,3805
4139,4296
3430,2475
4670,2697
5029,71
1797,3879
2765,3460
3833,2840
635,2989
1026,2942
3136,102
1963,1
2729,4902
4521,1595
3071,1384
3101,51
3433,1327
376,4731
3848,2132
1610,175
2640,2907
4514,1238
1531,1130
3294,3888
2582,2578
275,308
2021,509
3912,3599
1777,2035
1532,420
2292,4579
4114,2831
4981,1
4560,381
1423,4353
4545,463
2268,5057
4250,3595
3936,426
2505,2898
3977,1400
3705,355
4739,3387
3290,3161
2474,1119
1430,2946
4874,2078
4003,44
611,876
4713,4469
3904,397
3589,4083
2969,384
1640,509
2788,854
2162,1820
4638,3300
160,2557
1946,827
354,3795
2209,4855
2661,3121
3913,648
2349,47
1625,504
851,59
4054,4371
2636,3077
2088,2035
140,868
3389,2625
2595,4083
117,4272
4285,88
2281,4223
3442,1911
3852,5058
763,1012
343,2288
4297,2420
2413,163
2279,4653
2714,150
1472,940
1843,335
1285,4282
3260,2625
1708,567
3555,145
402,545
183,420
637,4294
4606,1902
374,3121
1347,4724
3437,3525
3605,4584
3980,5
1249,2035
1503,2840
1641,3345
1613,639
1278,3096
352,4674
2738,4855
3660,4674
2776,2898
4060,2032
3896,17
885,860
2506,1775
2054,1719
4899,3795
3890,489
4917,1964
4973,906
4716,1225
2536,420
172,2196
4756,3222
4658,994
4343,1820
3835,245
2433,1520
4619,1474
171,2786
1334,5008
1270,1942
4143,3968
1778,2055
4940,420
5004,4145
32,426
39,4223
250,593
1161,345
1862,2245
1697,3201
3982,2481
1447,4565
3647,2919
3080,577
162,318
2838,47
368,1111
4621,2322
1947,4104
2529,4970
817,122
727,2855
4048,2578
673,2132
1799,387
609,504
4148,2199
1875,3795
4005,656
3016,448
305,3787
1636,1902
2406,2942
1872,33
2686,2614
3166,2134
378,1247
1605,187
4415,2339
3932,519
237,4831
3278,2167
2183,1238
3256,970
527,4049
2674,567
4705,639
821,308
4610,4646
4386,4083
3026,4490
2903,4223
849,3879
2002,1327
4053,2625
4932,3762
757,3254
4523,3868
2382,2552
2227,143
2963,921
4992,4970
549,96
3737,4584
4711,2664
1035,51
503,2195
5033,1280
4908,2196
5031,143
4793,3621
3180,2919
1593,4371
1344,2035
3699,4282
1607,2386
3327,342
1258,347
4095,4405
3780,1280
3006,827
4880,1098
3135,3762
1107,4615
5022,4724
4611,2132
412,1832
400,854
4629,4201
3933,2295
4916,745
1931,1461
1717,326
1688,2614
278,811
1781,2791
2234,4749
2963,85
3002,335
4213,345
3391,61
2294,2167
3139,44
2703,4600
4844,141
3250,3311
1968,3262
1037,463
3306,519
1948,4469
4978,583
3293,2721
5009,4355
2923,2167
2693,85
279,5057
2234,2032
2019,2865
4448,4584
168,1658
4154,1586
658,2989
2091,1384
4480,4685
2787,3019
685,1712
4863,401
4649,797
4978,1149
377,1243
3509,2064
4432,1999
4299,2386
3521,414
1310,2840
3082,3025
4247,2865
209,1866
4153,3109
3333,3595
3050,2064
3249,3096
4398,3841
1411,2697
3859,163
4998,4653
3574,4902
3917,979
4764,2124
2925,3381
4158,59
1141,1775
1673,1179
2525,2781
3750,11
1224,245
4703,687
4705,3268
4132,2064
4372,267
2729,477
4298,2552
4374,745
202,1563
2039,559
772,643
1861,2907
1671,2987
4239,335
2410,226
162,2055
2582,226
3468,2459
4697,1119
2362,1783
74,2195
2592,1586
3568,347
2540,3268
4163,1050
5061,387
4746,4104
2748,3460
1262,222
3399,4731
1129,4469
258,2206
2495,3941
4629,4855
4882,2865
364,25
2325,93
1643,2339
2984,4371
366,2721
98,173
454,4920
1777,1113
2544,2614
3699,355
3225,232
1598,1113
2892,489
919,2898
4960,4353
3458,1480
4572,1098
4465,414
3594,940
1059,2475
3656,1939
1607,2064
4024,1
3086,1556
3940,2815
2215,4854
3907,4314
735,4223
4266,1474
2049,1845
4882,4640
4797,2012
2695,1280
981,2068
1008,656
3217,1130
638,4355
3638,1498
4843,1820
624,3842
1507,4885
1460,394
2801,643
1716,4201
3810,2371
1703,1360
4342,262
4804,639
3877,1111
1825,1790
3271,994
579,248
781,876
1432,2032
2755,3403
3624,2890
1627,423
2516,583
3817,3595
2668,196
56,4920
3203,2439
855,4452
3489,994
4927,3879
834,73
2873,243
2709,1783
1250,577
3130,4738
2548,2475
1053,2008
1940,2578
1478,335
3676,4294
2887,648
2164,4817
3243,102
2059,3687
1013,1248
4944,4223
930,4223
2207,143
2540,3910
1722,572
3155,1167
3263,248
1881,3841
2496,2852
831,2132
1741,4724
4664,597
618,479
549,1247
3995,1761
4797,1149
2150,3206
1396,1400
1234,1391
4330,1964
2574,1400
3230,2358
4649,906
4847,1003
4939,1658
4767,4600
2691,1488
3306,2557
1416,1563
1196,73
4074,3
170,255
455,2371
4911,3254
732,3121
3187,166
2391,177
3053,440
601,3525
1080,2064
2400,3888
1092,921
1494,797
2886,118
3717,310
1279,3445
875,1139
3475,4319
2314,2245
673,4355
290,1693
1270,3096
224,1327
1146,1050
1919,3729
2763,1312
689,3381
2004,51
3911,145
3189,4294
2688,1693
4244,1006
3151,2064
4072,173
1929,738
1401,997
331,255
3532,4282
2510,2008
1376,3687
3858,1476
4876,1488
2145,519
1507,1127
1864,2288
4110,2946
3406,4584
678,2831
3660,629
4146,1719
907,401
5026,4936
2757,4145
3084,3941
3912,2942
2916,2295
1485,4615
271,3206
3562,15
4819,1111
2997,2322
2599,1384
4663,2084
2327,51
3159,446
3128,1790
4492,1327
3566,420
1019,687
568,2907
4647,3687
82,4314
4562,61
3199,1400
478,1552
3176,4092
689,941
2765,1248
3317,1939
812,3841
4955,1845
2220,941
2477,132
4193,3972
1296,764
4830,1661
2357,196
120,3405
4093,3215
252,4646
3576,4831
3406,2358
708,519
4284,752
3174,764
203,73
341,4738
3574,3024
3505,2815
3051,1243
585,479
1600,222
4836,674
932,1502
3218,2497
532,2288
2327,1502
3359,1661
134,648
3098,3841
3593,463
4144,4223
1349,1195
2842,1769
2259,2245
1660,47
1530,1502
1697,19
2844,15
4048,51
1538,1317
3394,1319
4251,1204
4183,177
2859,4831
616,1461
2611,4600
1217,989
5061,1820
3967,355
4631,2008
4884,913
4572,979
1777,47
133,860
4135,387
1714,1461
180,2907
4357,1769
3659,2245
2051,2625
215,4584
3331,1480
2623,4854
4798,970
3276,3281
2289,1113
4279,4646
3288,1003
4782,1911
678,2245
3951,1498
4210,3062
1183,1384
1497,1009
235,1790
2158,51
4150,2459
2896,104
1571,2475
3523,21
1342,3787
4937,1693
3305,4223
2486,2475
4837,2134
3169,3709
4031,373
2981,1719
2394,2035
1941,1009
3726,3121
244,1783
3307,113
4547,1238
1518,3795
2635,674
883,2008
534,1316
1051,1488
1253,2740
898,310
4951,1377
3145,255
2905,232
4897,3161
2811,1400
1100,2598
1388,3762
1233,1783
1582,1204
5050,4653
3803,265
3373,3968
1031,2946
2000,3281
959,715
4289,4600
2406,1353
1739,913
3492,2086
3612,1533
3586,2664
3234,2101
4308,1012
5055,2769
4781,4294
1509,825
1854,2710
4994,35
987,2475
2083,467
3539,564
273,1391
918,387
97,245
621,4353
1572,326
1049,4145
924,1552
4009,1474
4329,4565
217,870
4730,738
2006,2195
1284,1210
4379,874
2091,3201
903,1360
1644,414
2238,234
2338,2178
3091,448
3921,347
2049,1567
4725,1235
1922,1498
1396,1783
3351,868
1882,2068
480,1391
2845,51
968,4097
4215,4104
3758,545
2141,908
677,500
4468,1235
1468,187
128,1567
1265,2865
4426,3941
1097,2625
2149,3024
1237,381
3242,219
1773,2333
3427,2035
4509,2649
4903,4104
935,648
4029,4731
26,504
1229,4353
1467,5057
3129,2463
1704,3019
2906,3222
4034,222
3467,221
1451,448
3150,4929
2574,47
2062,2199
900,3005
3174,1316
3907,1167
4508,196
4750,639
1307,827
1798,4294
2970,4579
511,1563
2469,724
382,145
2184,2206
2221,2055
4788,1317
5059,2055
4845,852
5069,2890
4797,3397
1020,4083
3369,7
4245,1006
1209,874
1432,797
3322,33
781,4675
1289,3252
4582,3709
2143,793
2127,2938
3020,4296
4959,1222
4642,4646
4157,2386
1063,827
3283,913
4328,1248
2490,150
4657,2420
3448,2852
2004,989
5054,2245
1065,2815
4532,2386
4002,4920
3097,597
690,2101
242,2068
4897,3060
1090,2852
628,1179
184,308
4895,3005
3542,1911
1379,2649
4191,2898
2030,196
2098,2008
5054,2132
3887,671
1868,1939
3834,265
3823,2475
4952,248
4331,21
4958,1316
4301,2697
2575,243
1710,4855
1241,2697
2803,2196
4135,1225
4801,639
4172,361
4975,1520
935,1461
1471,2557
3431,4584
1190,868
1286,1225
2331,463
5011,196
3151,2463
1427,3045
3383,1225
4396,2032
4988,122
1070,681
3285,2573
2210,221
2818,870
1652,25
3212,1562
1909,2178
2543,3201
1961,2781
4570,2852
2356,166
4151,3841
1300,37
2355,3341
1157,764
2841,1622
1641,3879
388,1533
3604,567
2080,288
4866,710
728,1480
4046,3268
4339,122
3671,1769
3545,2439
2096,1238
1220,1783
203,3060
468,2120
3688,2907
3370,854
1496,2101
4743,55
1137,4201
1952,442
3990,314
4283,2032
2565,25
882,1533
4497,4579
4257,2377
3963,1790
4779,4565
2379,1902
1989,1238
1967,996
1363,1098
3398,2573
1441,2946
4865,2840
1737,3387
295,2831
4126,489
1752,752
3876,1390
1516,1939
872,724
2100,1661
4388,2358
1937,4282
4712,710
128,30
2325,710
3362,1179
3617,4565
1746,4653
3099,2132
2082,51
266,420
2692,1832
758,4539
1189,240
2659,161
3853,559
4813,5008
2271,2865
832,11
3073,243
3243,687
3532,394
4113,4731
3996,25
2191,1552
1896,1327
1678,3709
4698,21
2326,2573
146,4674
1908,4579
3061,4353
3189,2134
2690,318
646,4223
3046,4405
303,1761
4348,4579
4808,2206
3123,994
295,3621
152,545
3443,2625
1418,4223
90,373
2839,240
2447,4724
4624,3262
3048,1377
1785,2578
2960,797
1173,3165
1701,2008
4847,288
1724,3125
1749,4936
2662,2008
667,2120
5003,440
4804,21
4302,3254
4572,1317
3023,4877
390,2791
3130,2068
1281,1964
1438,3125
4575,1832
386,2120
4243,3795
4032,122
1977,3281
3735,96
2211,4083
1425,345
1483,175
3876,3060
3184,4749
943,4282
4766,3884
3645,1533
679,4353
2539,1353
3629,1498
298,4588
1781,381
2825,2012
309,35
273,2979
1545,4817
1185,1280
2285,970
3591,3592
404,2938
2326,226
3325,3090
3796,3103
340,288
630,2439
2024,4092
1577,4223
1357,1939
881,4817
3734,373
4871,2196
1044,3309
806,262
3521,2126
4027,1520
2833,2124
2298,3121
1477,2459
1073,2064
1966,3805
4954,569
2240,1238
2081,1016
2909,3762
1908,3062
502,1016
4632,4049
1915,4920
2303,2035
2713,243
4495,4319
241,756
148,288
1143,265
2640,4731
3543,373
3362,310
372,262
2592,1712
390,2769
4247,1517
3014,3345
3499,243
666,2322
2644,3062
3315,2855
4874,5008
2833,715
1603,4490
4449,15
4581,3610
536,738
4251,1195
2993,1719
4583,124
2239,643
64,797
4364,4565
4207,3062
2975,3805
704,3445
3244,724
2949,2032
2544,1119
2863,1012
1218,671
3482,3005
2974,55
3209,3452
3457,15
3607,1155
2984,477
3848,1586
3328,4223
1879,3201
2810,2439
3156,3025
562,384
62,1562
488,3405
1905,166
1941,96
5061,2439
722,2852
902,852
3627,545
655,3090
3967,4355
2930,21
80,4920
4942,756
324,1890
1601,1204
3031,3910
2611,2664
791,318
3072,384
2231,4272
1756,702
2947,3254
945,234
2813,2068
4394,473
540,3381
2271,2648
4693,3787
3293,345
4707,2919
1060,1012
303,3109
689,3025
3515,1725
181,559
2597,4970
1507,355
3624,1111
1075,1533
2486,4859
611,1280
3379,1498
1758,1602
2394,3452
2580,3595
2416,1820
4982,1476
2838,745
1450,1
2816,5060
471,1964
112,3795
3957,2552
4180,1845
3744,569
3022,2855
4955,141
861,4854
2043,1517
1258,2721
2016,1225
4267,143
2615,671
2851,310
3964,5008
3349,3201
3137,1517
1886,1012
498,3729
3560,1012
205,1009
3085,2333
1867,15
1407,222
3333,1693
727,2322
1836,104
1782,1602
3271,1839
1599,3090
1574,394
78,4539
1703,1476
4305,643
237,71
3858,3795
4129,711
3163,479
837,2786
3439,122
1745,51
2587,1845
4596,1845
3788,633
3796,3968
3425,2831
70,3262
165,4724
2413,1319
3054,335
3899,1712
3006,1790
3744,361
211,5057
369,3675
3214,1661
2789,2206
2676,3610
2908,2386
1903,941
2631,2671
320,2671
4636,1360
4135,1595
904,3403
1015,4854
897,2831
1626,1474
2287,2706
2923,1845
3000,1248
3466,639
4380,3775
3765,3311
2074,2907
4264,4579
4238,671
4836,2386
1221,2439
944,2557
1409,1243
691,3460
3333,1139
890,2339
4760,4675
115,342
4130,687
1190,3729
1152,797
4176,177
4630,2740
4751,2710
2684,3300
795,3841
3767,11
1272,2064
358,2463
3916,473
675,3381
2466,397
4389,2671
2652,2132
4474,3025
2624,255
4377,1135
1010,104
4021,908
1434,710
1621,2386
1891,3675
2493,1562
761,854
137,122
4297,314
2253,3103
3831,997
3342,4970
3537,1225
676,51
659,221
1122,479
2546,2008
1938,288
1224,4640
2676,643
576,3795
1969,724
834,13
3699,825
3569,854
4887,3968
3330,940
3495,426
1034,1622
4755,3252
333,2101
4218,25
2953,71
998,4272
3947,2769
3177,2907
3724,3841
3756,827
767,2322
282,1761
821,2710
851,2032
3480,710
22,1506
3296,3795
4035,30
4756,3905
2864,3201
3071,4653
1528,248
3086,1280
3653,4854
366,4724
5050,941
4744,752
762,2598
1061,1384
1242,2706
1100,1384
3139,1890
4863,1127
3270,648
2296,1820
527,5058
2372,401
2341,2008
77,4646
2742,2697
1983,2008
94,30
3415,748
773,1911
1274,710
428,1622
190,423
1426,141
2551,3077
3154,150
4910,5
3401,3311
3340,941
4066,4584
2684,2557
976,232
1722,1119
374,681
3955,1506
483,3910
3780,373
4893,196
2737,593
3935,61
962,166
2584,102
3836,572
4230,1461
5003,797
2756,876
3565,648
1704,860
3555,1498
235,633
4964,318
328,143
2608,593
4620,3060
3105,2649
374,1238
615,44
3053,175
1121,175
3818,1179
3399,764
370,1567
2519,2086
4293,577
2941,1562
3590,175
4871,2664
928,989
3863,7
57,2178
2930,3445
3742,122
317,2598
2718,3968
3126,593
4972,921
1191,4600
4295,2078
4555,577
4499,793
3354,420
4055,1658
3630,1999
3386,5008
1219,2938
224,829
3318,4469
3016,35
2616,3165
3098,827
1646,3525
2860,1498
1144,1243
570,96
4950,335
4777,4854
808,1461
77,1222
402,2288
547,2386
2814,913
1077,1567
484,118
202,5057
3609,2671
2683,4104
4968,122
5004,104
4024,3060
1452,21
1840,3595
4777,674
4207,3381
482,4353
1881,3610
673,4584
3932,1204
1747,2124
1819,3397
5015,3341
4691,21
4046,3062
1055,3206
2713,656
461,2946
4418,361
3371,4104
2265,2035
2011,44
1082,2710
4298,633
157,2199
2184,2557
1412,2463
1057,414
1436,633
475,4855
3428,1775
1112,1552
1148,1238
2567,5060
1961,2333
3565,1586
2480,2671
4741,1243
4155,1832
2586,1235
3246,2781
1092,509
1197,2625
1840,2086
136,440
2161,4584
4941,88
462,2206
372,2946
179,122
2640,1502
4896,401
1981,2497
3433,3019
89,3201
4595,3309
1454,4296
3810,2865
2884,3968
1341,3709
2183,463
704,756
3852,3968
100,687
1120,2552
445,3254
4032,1222
594,4083
1047,1999
4771,381
4547,477
1768,2086
3374,4738
2010,979
4963,3345
765,326
1903,3062
1259,3281
3012,4646
1787,3381
2348,3968
791,150
369,1761
2069,4584
2151,825
4472,4569
2138,104
1797,1562
1525,1835
1267,173
2254,1390
2950,145
5009,2064
3656,166
3435,243
4665,1622
2049,2946
365,4738
212,2178
2774,3024
1732,240
4418,1280
3511,1461
2888,477
3113,132
2835,3254
3369,3460
1688,118
858,711
1264,2008
895,288
39,2946
2579,4296
3136,4405
735,2791
3098,2721
1076,2721
1188,3281
2533,3309
4966,702
4733,1835
2254,33
2843,874
1624,141
3670,3165
4838,3341
2252,3805
4344,4854
912,2195
4999,3222
3159,1050
1757,463
3308,4565
730,1400
4626,2358
3249,166
2001,1225
1605,3077
3730,559
4889,3884
1578,463
1169,2339
2387,3254
1421,4584
1328,88
513,4929
1701,2815
675,633
3776,1210
2336,3060
950,347
4647,4539
4002,564
960,113
2654,2865
2181,4565
1827,3687
3426,1400
1639,1480
2949,1725
4798,4902
1786,2648
1644,756
4444,240
1260,3309
672,2552
1023,143
1091,2987
1413,1517
611,3775
2701,2481
3233,979
962,921
1905,1719
3497,2578
4317,633
2212,852
4067,996
2529,1602
1580,4877
2406,124
95,2614
4596,423
1194,245
1157,2497
1472,1155
4809,504
1133,1130
4689,3268
838,1586
4909,567
1250,572
1262,1098
1087,1353
4109,2371
1678,2852
491,267
4396,2124
4045,2786
1031,2855
4698,2196
3075,1461
3251,913
808,4724
3068,1839
2406,2178
3902,656
2646,4902
4560,25
3858,3262
1926,2064
879,2671
2776,308
2217,3687
5014,397
2121,687
2402,2358
893,2786
4932,2124
4410,2084
2473,4223
2916,4565
4170,2557
2303,446
4480,3005
494,2557
435,414
3138,145
1457,3311
3071,4294
146,2989
2918,4083
3644,797
4969,4936
3685,3687
2636,710
1828,2126
683,59
3654,2134
1397,2481
548,5058
3679,3403
4176,262
1305,1790
2807,1520
2495,2322
2736,1155
2224,643
588,4569
3510,687
48,1911
3366,643
2490,4527
4480,59
4048,811
2140,414
1267,423
199,59
1074,3621
3784,245
3783,2195
4267,3610
785,4885
3292,564
3008,4319
3772,2784
815,3795
2106,397
4525,4675
1846,1942
3665,71
5018,2199
2228,3252
3183,1204
3279,1247
706,3988
4669,1845
1509,2126
1500,1238
1688,710
3983,221
2716,3201
1194,25
3487,1506
3337,4319
4524,2206
4068,3775
3224,3968
1185,2078
5045,2671
4971,30
4841,4936
819,2769
2442,1139
3995,2124
2616,3460
3774,2481
3678,2245
845,51
3399,2012
4020,1135
3994,3762
1947,4640
1759,4092
2764,687
964,3709
1532,3729
4070,221
3363,3309
3930,1498
3272,1280
2110,1661
523,384
4033,3621
3369,996
2044,3879
4385,674
672,1243
2778,110
2686,559
1923,1866
1188,2671
278,4145
2198,1327
956,629
3802,3525
4943,2322
214,2557
2688,265
2066,245
1997,234
322,1179
2569,908
3166,4646
1909,1006
3446,1428
1118,4527
2025,1761
1585,3910
140,473
4852,286
598,3941
4451,489
1485,2195
3544,1291
341,2919
4649,102
2889,876
730,440
67,2786
1492,3254
218,1658
4755,1210
1776,1761
801,3941
2499,1247
1301,970
2015,248
2849,4092
117,3595
4470,545
443,2178
2058,124
2943,1195
1314,2815
806,577
99,3201
4563,1562
2679,1661
2168,687
2366,310
2187,1533
2948,3309
259,1832
2506,2497
602,234
2348,4490
1320,219
171,4569
4586,3452
1848,4490
791,222
1403,500
953,4319
4484,3045
690,463
942,1476
3080,811
3648,3405
4593,1428
3818,143
1881,1761
64,702
1116,748
2376,1476
1644,4738
2464,2614
4914,643
1609,1839
4080,387
821,2333
1352,426
2202,4223
63,3309
2641,345
2170,3345
3247,265
2827,3096
4930,1327
2715,3842
3638,1098
202,2371
4657,1111
4412,4083
2432,3868
1759,4355
4930,4314
3948,4929
2883,3309
5019,245
4679,3341
2873,4902
4357,4920
1030,3262
2690,2573
1246,1520
4082,3775
1470,2578
2847,3381
3179,3795
2445,4970
3100,748
4986,3381
3598,4400
4943,3161
2856,342
2121,629
4077,71
1429,3621
3756,1520
1286,4539
1780,2386
1794,687
3677,4282
3080,1327
3596,4731
2236,2781
1425,1725
4876,4588
2082,1003
1841,4097
1530,4584
4657,440
2877,940
4289,102
1896,1384
2864,825
5010,852
1314,401
350,4353
3609,3787
2350,3397
3655,1210
3083,2946
1479,2852
3034,232
4837,2132
4283,1009
3682,2614
2985,2288
1409,572
468,764
2842,1319
2007,2598
730,4569
2142,3884
2482,1280
134,745
4728,2557
1961,724
23,2135
1821,96
5022,61
295,420
3124,288
5056,4272
3013,373
1025,3709
3408,243
2998,1567
1913,1820
3825,3972
3305,653
5025,248
1916,145
2379,3595
1458,473
2763,73
3360,4685
1335,1225
1399,3060
4671,1009
1257,3019
1416,61
2368,255
476,2784
236,3709
301,1353
3554,3941
4814,567
3569,401
3731,4405
1380,1327
4310,1210
3459,2132
4986,3254
3348,267
578,597
1393,2786
3547,1552
2817,1139
2076,3968
552,860
2733,681
2385,827
296,1050
4763,4854
3774,876
3829,3445
3786,1586
3059,3525
4870,2178
2301,994
3922,3868
3802,748
3619,1006
4698,335
556,674
1571,793
1421,248
4856,2769
1716,4929
1268,811
3377,738
788,2855
4524,3103
1088,3941
4156,4097
4167,145
2616,150
4979,33
4813,671
194,3460
3713,4097
80,3121
2612,3610
1088,448
229,4223
3489,793
686,345
3324,4885
3777,1384
4678,3096
1346,1391
2738,702
2592,1384
1203,308
1755,355
4212,2064
3285,2855
802,221
1614,1360
3916,4539
4713,175
1564,1725
2627,2134
1621,572
4976,5060
951,2120
2993,852
1682,442
2388,874
2819,326
3776,1119
2564,3
1455,3795
3745,384
1122,2769
2056,4877
600,61
3899,1179
4833,25
1918,2979
771,4854
366,1400
591,3905
2960,175
568,970
588,1461
1969,870
2425,1009
2584,3024
490,1939
4155,979
3894,4400
3683,2664
2145,104
842,2068
1110,811
3435,1327
1720,715
3027,1248
3279,2064
1277,314
2910,1595
2863,2199
3283,2791
3216,1832
993,1179
3492,59
3408,3254
2066,61
2229,671
3385,2721
5076,3729
2472,3268
4881,827
1794,3868
2944,3610
922,671
4638,3595
4577,3795
2507,4097
2014,3888
1995,2578
4829,3300
4898,509
4309,564
4641,4653
1834,243
2674,1563
2574,3910
4587,4640
682,1016
4310,104
3400,7
4766,2942
2943,245
3989,1319
2742,970
301,3584
358,997
3365,2781
4159,715
843,401
2073,593
5043,710
1663,1353
4000,1210
898,2664
2337,1390
1559,756
1795,671
3138,940
4031,4565
1269,2706
1780,4817
3257,860
3050,674
5070,2358
461,4674
3212,1248
2584,5060
4335,1820
4079,1158
691,2989
805,567
2021,221
3026,2784
777,448
604,4049
857,3972
2944,463
3513,3090
1350,797
466,3311
1833,373
2524,1661
3659,2371
1194,1999
4985,1658
2875,4817
2432,2942
871,2167
1027,347
4378,47
1667,4674
2435,793
2221,738
317,1119
4796,73
4909,1360
4246,110
731,141
474,414
2520,4685
4700,2497
4790,1533
2259,1238
1857,3805
151,102
2532,226
1903,1360
2688,226
1956,2055
2794,3972
3267,1942
4343,113
2005,124
625,2987
4114,177
4192,3121
1965,4294
4507,4490
4572,15
3974,567
1943,314
1305,1602
3106,3077
4864,1693
1579,4371
206,509
1357,3787
281,1790
1941,187
4051,1661
4206,3300
3802,1725
3210,397
1882,2979
990,567
2472,1247
4748,1139
4005,2706
3532,2084
1993,702
1909,4490
306,4092
3433,4223
3141,414
929,4675
4246,3309
3955,2032
4563,4615
4283,569
3950,4749
1444,1243
2272,113
3063,47
160,3592
4460,2979
2913,1556
444,3397
4179,3005
1989,1222
4522,5008
3299,4929
4460,262
1632,3601
1781,1316
968,104
3516,308
3154,979
1475,3005
1068,1533
1778,4469
4180,3311
4814,1622
1223,3381
3136,335
4456,2614
3545,3621
4581,3687
879,3
4237,2671
1766,2979
1218,1111
3777,860
3736,2124
1331,3584
2579,2135
4978,4929
646,51
1381,222
4662,473
3095,2064
856,1661
4027,1016
3002,1693
3959,509
1407,1552
437,318
1191,4223
2418,4319
4959,414
2354,3988
3920,2055
4013,448
2434,240
2366,3841
3892,345
3987,2035
95,1769
2766,3090
4121,3795
279,1384
2502,629
3803,4653
3057,226
4339,88
948,93
2687,4749
3768,2840
4471,559
2127,1384
1150,504
4369,17
2766,3005
1244,3941
871,1911
407,2942
514,3460
1728,4674
4778,745
3267,448
4512,397
573,1461
114,1316
3752,970
1906,51
1852,1377
2467,326
4927,345
3331,2557
2103,1280
4963,262
1525,583
1840,653
3878,1317
728,1139
176,234
3689,1556
2468,2086
5034,401
1020,1719
1008,61
1929,73
2954,3161
4644,3024
4005,564
3379,1602
1105,4854
2652,1902
257,4490
1166,2740
4939,1400
4800,104
331,1291
1817,4452
1007,2946
4957,222
4477,1428
1871,970
1543,345
3583,3121
2862,2124
4912,4920
1266,2132
4847,1999
2563,1839
1672,3
901,2245
1989,3024
2369,2124
366,414
590,3300
4419,1428
2158,2648
1697,4371
694,1586
162,643
5040,500
2056,326
4620,1098
1735,1661
2094,104
2827,2035
4872,4282
5049,394
1121,3381
603,1902
2464,4877
1509,2706
4779,4355
3978,2497
2175,724
1475,4049
1104,88
1504,232
1969,2126
2774,2942
3951,1964
4861,102
3210,3397
3760,3775
3421,51
3331,941
529,381
2461,3125
223,1113
4721,1360
4174,2786
3861,2989
3518,44
1036,2625
2332,989
1106,2648
2535,1222
2832,509
969,3222
1777,161
4410,674
4744,564
1934,3599
3140,355
2146,3941
20,2852
2600,3268
3608,1225
4422,1235
1631,829
1361,1127
2465,4749
4464,4579
663,61
1778,4731
4186,764
2021,2573
4216,3460
3213,1488
2051,4831
3480,941
576,4970
858,1003
821,11
4860,1562
1049,1238
4184,1769
713,4314
4162,2781
630,1113
4759,3024
712,3842
1388,1377
261,3341
3362,1280
1055,525
1846,166
2556,525
3918,163
2213,2134
2982,335
4513,3775
4894,1222
2714,15
5038,2890
4507,3988
2876,2942
239,2786
476,2288
203,1783
4561,163
133,2938
2443,4353
3412,2831
3978,1602
909,267
1172,525
3382,3161
3873,1238
2205,2206
2662,2463
3953,286
672,401
4149,1769
2595,2386
788,2769
2368,226
478,141
1697,1151
1998,3787
3496,1390
4550,361
1479,3445
1647,397
1762,1769
685,3268
4786,59
4767,656
937,4092
1574,4223
2144,2055
3361,1384
2460,545
3793,633
2208,1316
1311,2196
4119,1563
2117,5058
1074,3252
1934,240
936,2786
621,687
1283,1204
4447,15
5071,479
502,2245
2296,2852
2843,401
4419,860
1743,1391
2430,173
2378,1506
1015,2791
2017,597
1653,569
540,3300
1666,4371
4053,143
2509,440
1656,1149
283,941
2536,2078
2892,255
3509,3775
5033,2475
4316,4685
331,15
3391,3775
2906,825
3951,47
3258,2068
1899,3525
5023,2377
3522,1119
2165,572
771,545
23,2134
2922,921
3860,221
2319,519
1582,226
2790,110
2589,347
647,35
3829,1775
2927,2167
2046,1845
2579,221
2320,2890
2496,4685
4577,110
1301,226
2364,245
2180,1050
1056,2865
1468,629
3066,11
1675,2907
2903,314
579,262
1702,908
730,870
3896,4469
3315,724
1281,30
2844,2578
4932,583
4638,1050
1930,3595
1950,288
5070,4272
1720,219
3706,4902
2034,2068
1041,113
4352,1890
199,4855
4617,3884
2501,996
984,318
3425,4272
3949,143
224,243
2733,3045
3943,2086
2244,752
3942,3060
5068,255
1610,2907
453,342
3989,4646
832,2339
3852,1820
311,88
1772,2377
1336,3165
1763,1942
4645,4646
2565,145
637,2196
3153,4831
2434,2167
1163,384
4286,3019
3499,4353
3489,5
3173,3381
2547,2786
4281,143
2802,1384
2521,85
3318,970
3539,2377
3839,1384
2532,489
1825,118
3076,1832
2033,2439
3937,1520
2251,1769
890,1533
1136,509
1117,1248
1425,2740
3602,1488
4251,1866
954,30
1606,1400
1606,150
3954,1195
2407,2946
121,2557
3527,4565
2940,4817
939,3345
2503,4653
3971,564
3335,4615
417,2671
3797,2078
2985,1725
306,1360
2018,355
2785,489
4739,4646
4711,906
4598,811
1844,3045
2968,55
734,2386
3574,2625
3745,3905
4151,1113
4496,2245
4850,3884
139,2942
4174,702
4178,175
2638,3905
2889,286
3148,2987
1409,381
3290,4400
647,2199
1549,1783
4609,4539
3566,2439
1411,414
4178,1127
2973,2721
3177,234
4491,500
3353,3311
1511,17
4503,4731
1909,4646
3956,2064
4195,248
2197,921
609,387
897,2649
3239,71
4746,1135
3100,545
2271,2339
4246,4097
4380,2919
2396,4569
3894,1247
4887,2322
4924,3096
579,2178
4026,4353
1794,4831
4632,4294
1841,3968
2142,4936
2746,2786
1076,61
359,2195
3113,1725
5029,345
1995,1111
4668,143
3553,1820
4336,2132
3219,3584
1445,854
1472,2078
864,797
2272,2167
2993,1775
370,234
182,2206
3492,519
3723,4049
4040,5057
3996,1149
767,467
1680,4936
1007,1312
4316,4579
4529,994
2182,921
4607,569
5068,61
4478,3687
3322,1113
3786,2178
4434,55
2201,3595
4127,104
2587,2420
4273,1225
4358,2919
3351,3452
4981,3905
2278,3988
3579,2439
1601,1235
402,979
539,702
1782,4353
3102,4685
4907,525
2888,2852
4082,3222
3137,355
2772,3062
1008,2697
2512,318
4470,4049
2973,479
3299,4724
2363,1317
4610,3215
1624,906
626,3841
4094,504
3749,61
2556,420
4744,3341
4502,2199
5066,2769
2835,1533
3094,2614
637,3805
3432,1835
751,597
236,876
2969,51
1624,143
4254,150
3625,2012
1619,3045
3604,1195
4265,3019
624,3381
5051,2852
820,1476
58,1939
3764,347
4036,448
3828,4877
2297,267
4275,860
3850,3300
4541,4371
28,381
4500,1761
4696,1316
1800,681
1322,143
4440,1400
1841,1783
4297,5
3451,5058
4484,2815
157,996
1600,572
2616,2132
1546,702
3946,222
1143,752
4805,3403
560,387
1990,639
40,4319
4115,997
1940,906
889,2573
4838,653
1892,387
3660,2781
3655,1009
517,827
5022,702
4668,4749
2688,1
2303,232
4081,4092
2462,4738
703,145
1515,33
1850,1130
2952,1179
4358,177
4985,2199
2366,219
4585,1319
2423,30
1610,446
4620,4097
3406,4854
5045,921
3644,1712
3123,2386
965,145
2034,504
1610,3910
3136,51
2117,4685
1366,4272
4969,1225
471,1556
2034,5008
1105,702
474,2206
2830,245
3515,2245
2225,1050
4284,3968
229,764
2282,989
270,1602
3685,55
4172,2710
4288,1
4912,1009
2343,500
1486,4615
4866,2740
2814,2333
4373,1790
1414,1506
772,825
4462,4469
3824,756
2393,764
1962,2786
4058,4527
2751,4353
4828,4831
804,764
1615,1016
3921,2086
2750,1902
2547,989
388,1839
4297,55
2173,1835
4914,5008
2411,122
3425,3592
3916,3787
1457,3309
3031,4539
1840,3405
4033,4319
2223,347
2832,1712
4520,3405
472,1009
4769,1712
1213,1012
2455,2664
2549,3709
1568,71
4938,4646
1329,629
498,829
5072,3599
2773,4902
2856,913
2731,467
5003,1139
4900,2333
4395,1712
957,2865
2292,173
4807,1391
1666,629
4643,4353
1833,2012
1372,1480
866,2199
204,2578
3041,1480
988,1327
4163,265
481,1769
5000,4817
3753,5
2430,3762
4707,3268
4774,1999
2036,1360
4758,3262
2927,1964
3728,1195
841,4565
4196,3311
3048,267
4440,219
2192,567
2303,3345
1171,47
4742,1890
2036,361
695,175
244,4201
937,1119
842,545
4754,2664
3143,1725
478,7
552,4452
1901,1003
2426,1400
1106,4049
2045,342
959,347
980,1098
4478,145
2673,2648
4762,426
2353,2199
4594,232
1778,1119
3512,4640
2036,997
399,1498
918,1602
64,1167
220,4400
1649,970
1290,5008
3741,906
1345,2671
4218,3621
609,3795
481,124
4074,2625
4812,509
3706,1158
3258,2578
1698,3888
4434,13
1052,318
186,1783
3705,3910
582,85
1355,1661
2505,1911
669,2614
4408,2126
984,1390
1888,1222
2025,3729
291,1222
4807,3121
1202,2322
4853,569
1244,639
4983,394
4413,1502
1548,653
3726,3161
5079,829
533,4675
4782,4294
4870,248
4925,13
4333,2557
3321,1155
685,2890
2882,113
3162,1839
2027,7
1603,4588
4014,1139
563,2938
4655,85
4986,124
1045,4970
1457,118
42,1179
1185,361
2065,442
901,4929
1031,1474
290,113
241,1391
1604,426
293,132
4264,4600
775,1280
3912,1316
4678,1693
1829,1291
2256,401
837,2865
796,1111
1365,96
3590,3103
4850,2008
3536,764
3786,314
3419,681
1653,2386
2886,442
4518,19
4394,5
885,994
4710,2942
1198,2126
3446,1195
2438,2358
3620,2648
205,639
1864,1712
755,3252
91,3805
3938,1127
1943,2032
1153,793
3492,3525
760,4817
3449,504
3523,1783
1587,3972
1399,1556
4710,2648
984,577
1608,4294
4279,2086
4024,3125
3638,35
4041,1595
1398,1474
2630,232
1691,4539
2698,4970
3741,2078
3226,1149
3733,3709
91,262
4599,3060
1414,564
3820,1317
4214,2322
3130,519
4062,132
3347,1377
2131,2322
3126,401
3573,1502
2294,4371
4708,1783
3385,2907
3097,653
3659,3445
4705,4970
4068,4674
3688,4400
5010,545
3283,4885
2650,1391
1814,825
3245,994
922,4731
341,1280
261,3787
2699,3842
1395,2481
555,423
4443,3403
4300,1488
1331,4353
790,1130
2842,940
4271,3045
4990,187
4470,2420
1640,2979
585,3252
824,2012
4997,177
192,4749
4872,4296
4900,908
1412,4854
787,4355
727,1658
2445,3988
2275,4817
390,3109
2543,913
290,1725
3730,163
2812,1502
298,1316
4185,420
2610,1506
4464,93
4673,143
3033,3309
3257,4539
4365,1939
3693,3262
319,479
892,1247
1936,4400
2229,1839
2473,3445
3253,2012
3115,5058
4340,4929
3041,3729
4412,1775
5069,124
1064,381
2637,519
4173,7
1383,3452
741,2199
991,384
1742,2987
65,738
4595,3090
2892,2625
2049,825
1574,3805
570,93
4806,3968
2240,3090
4845,572
2301,1719
3613,1390
3756,3709
2683,4223
89,643
1862,3077
885,2195
1825,310
2949,3077
4287,2855
4286,4405
2652,2032
1613,473
3859,3397
2650,4936
2889,4272
3289,3387
4166,1783
2309,175
3427,4646
2879,141
2606,2339
3227,4296
2238,4600
5067,4970
4471,752
4416,1658
3874,860
3466,2573
561,267
1484,4569
2211,2196
1887,940
2726,643
3660,3262
1765,448
284,4314
3912,102
3822,745
2472,2064
29,1552
2519,2852
4513,4588
3636,629
2464,4920
2970,150
2330,361
1092,653
4373,752
1444,440
2849,2919
3464,326
4089,85
953,387
4038,110
4626,874
2181,3262
1625,1291
1736,440
3567,2008
987,4097
2190,30
562,2245
3658,4749
783,373
3565,5008
1121,4646
2122,2199
967,3019
5006,5058
2040,19
1492,2124
2043,3252
3046,326
329,4584
3627,73
3147,681
4873,1111
3881,2295
3012,3610
4497,3096
2143,2068
4609,1661
4955,361
4140,2979
147,240
1142,219
2090,2989
1748,3988
3284,3905
2493,1312
574,1533
3014,1502
760,559
3542,1317
3779,1820
3739,715
1031,221
4250,1222
1418,226
3293,764
251,21
148,3709
2276,442
1336,2946
4172,1502
3208,3879
527,2919
1109,4817
4350,2052
2982,752
3745,852
1718,3584
3947,240
4851,4319
1086,748
459,1009
901,234
3985,979
1102,3941
183,3077
1989,997
3892,4738
1494,2831
2447,1866
1963,96
3696,2625
1268,2012
2970,267
2949,1050
1641,3300
1215,1113
2280,1319
3892,2386
4234,2784
14,2664
2599,738
3071,1291
1001,2989
2019,345
2379,145
4361,161
2364,811
557,1390
340,4565
471,3019
1407,2288
4550,671
2988,4920
2655,1179
2151,3077
1426,2035
1662,4490
1737,4452
3662,4885
486,1602
3596,913
4034,44
2965,4653
4271,1391
3031,132
2269,1533
3874,1832
3786,748
3703,5058
3822,166
2555,1098
4925,643
4928,1769
1355,175
957,3311
688,4685
561,4817
2678,96
3228,1235
2604,1155
3116,4885
3282,4653
1824,150
778,420
3312,234
729,3762
4963,1111
270,248
4542,1622
2153,4855
1512,2697
4209,4600
3686,4738
523,504
2308,4724
2121,102
1438,2439
3812,702
2674,1866
782,1533
4638,908
2308,1098
925,2288
496,996
1110,827
3778,3125
3310,473
4231,479
2999,4294
956,423
4998,4314
3439,3222
3604,4854
4107,1480
588,1050
491,1602
2845,1195
3779,4405
856,504
2000,473
872,4539
2369,2475
1767,55
2220,35
3007,3775
3604,141
3954,118
1094,423
4017,222
939,3452
4052,1195
4596,1291
290,2199
978,1712
549,4282
3854,2831
640,3775
767,3842
4086,2086
3459,593
1823,2625
3376,177
4417,1119
1822,314
2564,3762
3918,345
907,681
1048,2907
1021,597
2829,2578
3570,2206
779,2035
1666,1009
2657,1247
1870,1835
358,868
838,132
1705,3161
2824,4282
510,85
462,1964
157,3884
4301,1725
109,51
208,3252
4682,994
1990,19
818,1783
211,265
1014,1506
4066,51
3733,2784
3668,355
1588,2196
4214,1167
3101,1866
4598,240
697,2938
4017,3125
3897,941
3522,4674
2175,643
5072,2035
2494,4569
1576,4452
4582,1586
3852,3905
3895,639
4637,4584
3882,1866
3369,2831
4687,629
4068,17
4911,1149
4183,1312
495,423
2859,3125
3757,373
634,4565
3358,1210
919,3888
1133,4877
1706,4817
1842,633
3723,4319
4629,567
3224,2064
4629,1693
433,3103
2689,175
4237,3090
4844,2942
592,852
2256,2552
4422,1006
4571,288
3651,2552
2416,1712
894,1999
855,1119
1465,145
1074,2245
4603,2035
2858,4600
3607,643
121,187
2923,2459
3352,55
1664,2815
2435,3525
3697,1327
2422,569
3221,1461
1852,2475
2238,4355
3279,355
4029,1204
4085,310
2524,73
3212,1158
3334,3405
1726,3941
4013,2206
562,2475
779,4877
1386,4223
3806,2625
4949,500
4652,2855
3707,3090
4028,9
1355,2979
3527,2386
3834,2710
2353,3842
787,825
1239,4640
421,3445
2115,2086
1485,2206
4872,4731
64,994
618,73
981,243
2121,3687
4993,2101
3773,2055
4370,2358
1267,710
2454,347
1864,2134
3488,243
4279,2671
2914,175
3535,3222
581,479
1227,3403
1771,4296
4698,2358
625,1377
2608,3201
1462,3709
2863,5060
1333,3729
3223,827
1042,2206
759,4685
2813,3610
4307,1790
311,243
2266,4469
3649,4600
408,1384
4328,2135
1407,2377
4363,1790
2695,4539
4031,593
2157,1595
4171,4929
794,1316
571,3941
1091,1488
291,4314
2122,2333
3906,2907
1812,110
2429,3941
4553,633
624,593
1672,355
3838,1658
3875,288
2863,564
4148,1602
4401,1291
36,3045
1961,4674
2789,4920
2889,55
1324,1835
1348,4920
2165,1712
680,1158
4435,1942
4911,3599
2576,71
2718,504
4228,2333
3903,2721
3612,2840
3549,124
4467,829
2683,2648
1934,4083
4530,3621
4733,1204
3745,141
1122,648
54,3460
1870,3201
4975,93
2153,811
1859,5008
3290,3795
2694,1552
3009,226
578,989
116,908
4284,3345
217,3121
1116,1195
2730,1552
3706,643
3673,1658
2039,2831
3231,1890
2888,860
191,35
4026,1520
4556,1353
1743,913
3895,3460
3448,222
4977,4296
471,3281
1114,989
415,3024
1797,2322
4262,21
4982,1902
2233,96
2309,1839
336,3381
206,1155
1952,1149
3900,1939
2168,4584
1460,2358
254,21
938,2890
5032,4353
3916,4640
4843,489
164,3387
3828,1725
3855,4296
1708,811
1662,3300
246,4097
4147,21
3418,143
1491,1247
4479,232
2985,2068
2906,2295
3333,166
4978,3045
807,1517
4632,2907
1799,423
2642,3805
4967,2245
698,3403
2000,4469
3320,1942
4191,1247
4856,874
703,2987
4767,262
1507,226
3982,2206
4079,308
1171,2791
4066,597
1060,196
350,4296
3035,2573
1876,764
3181,2898
2579,4579
2956,989
828,1658
2392,234
2156,3
427,3687
1178,1556
3376,234
792,113
1838,3972
2647,829
277,1783
1000,1130
3859,113
909,124
294,4738
862,420
650,1942
4505,2339
1128,1562
826,3206
3286,2078
923,288
1131,519
3613,3729
1323,4817
1136,5
70,2697
4878,1480
2298,335
802,1151
1023,243
947,572
158,559
400,1149
3009,3601
3727,479
1749,61
596,797
2643,2831
3493,1391
3036,2132
2039,4282
5062,2245
2332,2245
2629,255
1089,2134
609,2614
4870,2086
4062,2697
3076,3268
4536,4579
4210,4294
1823,504
4678,567
3321,2459
1402,1502
4445,2126
1466,3879
2651,1890
3171,2439
1669,1832
3722,73
2619,150
2569,941
4077,3309
589,2840
2260,1400
3401,994
1392,4452
2678,3121
1667,1761
4298,44
4246,2288
2527,4314
1679,3592
99,2781
2045,2126
1857,2781
4735,318
736,2339
831,448
3769,1461
4888,2463
3140,4970
2366,5057
3292,1586
2334,3584
320,3610
2730,401
2184,373
4220,1480
1664,710
4555,219
2801,876
2972,2855
4789,1016
1213,2459
115,702
4543,2086
544,1204
4999,1179
3241,2664
4064,4749
523,4579
3023,1866
3998,1622
3507,25
4709,4527
4618,4724
1654,4104
531,3341
3481,1480
2013,463
2373,3005
1436,3096
3373,854
4989,2086
3810,1119
655,2740
172,519
672,2035
27,504
2029,569
1076,671
655,1820
1326,2721
4001,572
4336,7
1031,1658
3933,2078
3880,1942
2502,2078
4373,2339
87,2068
4589,572
1851,1009
4909,989
3181,2068
1030,1498
3659,908
3622,1552
4694,2101
4313,394
2982,2919
2965,1179
3685,1222
4198,1377
1122,702
4972,1400
2699,221
4438,420
4810,1135
4546,1280
3384,13
3036,4885
217,4749
4307,4653
2519,1222
2312,2938
2645,2840
3802,47
2163,2898
4076,724
1578,2890
2276,5060
4447,335
2468,187
4331,2938
369,310
2515,1964
3767,876
3404,764
4212,2865
3493,797
4067,3972
3586,4314
3338,222
3715,1312
2915,2135
2094,196
70,4490
2400,4653
3898,860
3274,908
2832,2459
1944,248
444,3905
2264,3309
2389,4272
4453,1248
806,2769
4538,4749
3287,1400
590,2120
5032,1391
1979,3968
2397,4902
268,1012
4963,3
1844,4854
4812,4653
3767,3787
2215,187
369,3005
1644,1158
2082,1280
2798,1210
562,166
1448,1009
4089,245
1625,381
511,2333
2962,3161
1463,477
1038,3090
660,414
4310,3024
3880,2697
1286,724
2182,738
2324,3910
3418,996
4513,124
780,1661
2571,4588
3703,583
744,3311
792,4565
3454,3675
2436,711
2310,3090
1162,3787
1475,384
2704,1533
2853,3090
3078,597
1471,2552
1929,177
3426,2907
770,4731
3531,1939
4634,3090
1221,829
1706,37
3792,3525
4316,2769
4329,2132
4521,577
411,2132
719,414
3105,3888
838,4319
5061,71
460,1127
1363,420
4064,113
4174,2124
4908,2852
3719,3941
2057,4817
1646,3381
1444,793
3844,4885
657,1111
3100,3621
3315,2322
2923,1316
1793,118
3832,124
513,1562
1065,85
4249,504
5007,3445
3817,232
1680,2178
1524,414
2944,3161
712,1291
2510,940
2110,860
2440,222
4408,1517
2564,3161
4122,3121
2538,55
4155,994
4514,3460
834,4314
1007,3405
4507,2907
848,1098
4493,504
4313,196
1575,870
962,2420
4631,2946
5050,2377
2425,4282
2272,102
3820,113
739,166
3436,1488
3469,243
3718,1210
5071,1964
4911,941
612,2377
193,4588
4277,221
3504,5057
999,3795
2438,2989
3501,51
3483,1474
1184,2339
1241,970
4577,2648
1833,1556
1170,2786
1500,1149
4785,989
4250,96
832,1127
2820,4685
1626,479
2860,2578
2294,1476
1793,166
4732,4731
1040,2068
1169,3610
4101,33
406,4353
2285,979
3251,2196
4325,1661
1687,710
3523,2649
1230,4272
3984,5060
3761,2791
4259,1719
2238,4738
1812,2625
3760,738
2095,4223
3585,3109
1787,177
3251,473
3210,3905
901,1312
2480,2898
1572,2987
3987,3090
296,748
3493,1319
239,4831
1672,1556
1245,342
1258,3096
4656,827
1207,1461
3926,583
3818,308
4479,2358
698,2791
1110,2012
5009,187
2593,11
4446,2648
2537,1113
3367,163
1850,373
4133,3775
3816,1155
585,4675
461,1050
4843,572
499,5
1221,110
4811,448
1064,423
4514,3842
5006,2377
2510,2697
147,715
4487,2979
4020,1658
2536,1602
889,2898
4267,9
4901,3687
2866,3268
1871,85
2379,2938
469,3077
476,4749
298,4675
3481,9
4229,989
3105,1567
189,3206
4760,2890
2496,2907
3216,656
2292,2032
2272,3215
1850,3165
2885,1319
4791,1533
4388,196
2822,1012
1620,583
2353,827
3826,318
581,381
3919,145
1740,232
1610,3077
4992,4859
2992,1832
962,234
2418,4314
2119,3795
1996,639
1279,3405
3350,519
2319,61
2184,3206
455,829
4882,1428
1431,2386
4638,4859
3404,1890
2795,970
2353,997
1494,2648
1217,3601
4548,1563
2864,577
3362,448
1433,2784
136,2598
1907,1866
2669,4970
592,145
1052,639
2440,2008
2197,3599
668,222
579,941
2047,3888
1816,314
1261,3045
4167,3762
1695,2124
4524,479
1896,104
4989,141
1063,2664
3188,752
2302,1179
2693,196
3973,4970
4420,559
4311,854
4047,2784
3716,420
4477,1312
3517,2475
1415,4452
4963,489
2533,4469
3872,874
761,2831
1855,2979
188,25
692,921
156,3019
4147,3005
1030,811
2351,4675
2362,448
2894,2439
2194,4452
1802,2322
3696,1377
3470,166
4688,1179
4617,913
330,1693
2951,1533
3301,738
1585,177
812,2979
1375,3805
1573,970
2476,4588
390,4565
3965,1248
529,4675
1217,1158
4402,764
2180,4600
3826,1384
379,3775
3753,2598
4779,940
3948,1
3324,177
808,2135
1965,3405
1192,3595
1682,1243
3503,4319
4740,17
3478,1316
1074,3795
2314,797
2911,3584
357,1149
1976,479
1295,113
714,1832
3822,3024
1323,1790
3505,1127
4230,232
4275,3805
4323,1312
5004,1179
2202,1820
1409,5060
2229,479
4374,93
193,2855
3544,2134
2242,3096
4162,3601
3407,3387
725,793
4231,4469
3382,674
4121,2078
2539,414
1405,3795
1168,3262
451,1098
362,525
112,1384
4473,921
3421,4640
213,4355
2970,764
3128,1390
2773,1119
654,2784
337,825
1858,5058
4304,2649
3706,2855
4633,2979
487,93
1914,1964
899,1317
3330,1567
2065,989
1464,2481
3850,1222
1423,4296
4899,93
4841,3077
4167,1719
413,262
1525,1775
5001,1999
1146,448
3529,310
2263,756
4595,825
3798,1820
4458,1533
4562,2068
562,906
466,141
3570,3309
562,2124
5063,2989
3698,2459
2659,1556
1672,1820
431,196
3987,1119
3471,88
3936,559
2212,3397
1263,446
317,2815
967,423
1620,1127
1927,3775
3029,240
2699,1179
1254,1517
266,1280
4762,2288
1207,2625
1060,3262
2630,4083
1052,2386
4895,1222
1413,3888
2807,3281
4106,4877
4091,4569
3834,3222
5050,387
2148,4685
1651,1016
649,5008
1836,196
2695,1360
4423,4319
38,1911
4052,2245
419,2481
2280,37
14,2134
1388,85
2672,113
5032,793
4797,519
2748,446
2127,2815
2204,310
1512,255
4829,150
2253,4145
918,1488
2416,3868
2323,96
4893,633
627,724
5064,25
3692,2946
1590,25
2541,4929
4101,3268
2300,286
1331,2064
1591,3254
1028,420
1424,2664
3699,4452
1759,4588
3745,2706
2104,4355
4511,525
2130,829
1579,2907
2688,745
4127,4565
4725,583
87,711
2714,143
1729,1400
4850,4877
4665,2064
475,2459
3691,3787
5007,569
3475,1488
3863,1291
4662,88
730,489
1100,19
1548,913
203,3125
613,310
4460,567
1300,1488
2191,748
3652,519
2964,940
250,1902
417,163
377,5060
2460,643
3959,2420
3663,3805
501,3525
3524,33
3559,648
3781,3592
4318,2459
4516,711
203,4452
3328,3252
1927,13
5009,2206
1251,500
2604,3525
2860,2245
4896,2475
1069,3025
1642,1167
4394,2740
2488,2946
2759,3025
1046,1835
1264,1235
949,423
2749,997
3578,793
592,940
3023,876
1550,17
1088,3675
757,1210
3699,243
5011,1127
505,3621
2281,2979
5007,3201
3714,2710
1529,1390
4592,4405
2676,4584
1549,4640
1141,47
632,1127
3636,2101
3710,2068
2641,3968
482,446
4230,4831
3040,2706
4142,4749
2221,110
2111,4539
2368,3045
977,2135
4308,37
43,1391
4528,979
3519,4097
2429,3206
1884,3460
1810,2339
778,3460
1680,1533
128,2989
5059,3252
2145,3311
210,509
4766,4831
3230,4319
529,473
1440,3460
2634,3905
1014,4353
3984,3281
120,648
562,355
1351,1167
3050,3405
3052,2649
5064,2068
3367,4452
770,2358
1298,2578
3848,3121
4461,30
4297,4615
544,4353
845,1377
4251,1562
4693,1775
1933,1474
4344,2322
513,4588
2396,5008
1620,3125
2978,222
1138,2126
889,2791
2819,104
89,941
3123,1890
3259,2055
2198,989
2190,3787
3944,1390
3875,2614
2544,639
740,1391
3434,710
1275,876
4389,2008
4631,1353
5071,3868
619,1280
5039,4646
620,1009
142,85
409,3599
2895,51
788,2865
1380,33
4231,2199
1795,3884
3227,2420
2705,3165
616,4640
3483,2288
3446,3300
3641,1280
578,150
1773,989
4063,569
857,85
4284,44
872,3109
3944,37
3217,3121
292,288
4038,489
1732,572
1293,440
2869,1280
4684,525
3649,2938
1883,440
5034,326
5055,44
1626,3592
4199,3262
3782,994
3866,4452
1940,3268
1107,1769
4434,163
1504,1498
1401,3460
4897,941
1530,1248
5067,1533
2302,3787
1267,3
4829,4920
261,2614
1710,387
2369,446
581,1155
807,4355
1422,1009
2792,4600
1686,504
2579,2333
2822,811
3440,1050
2014,30
291,2840
3813,4201
1145,829
3915,177
1083,2101
4681,4104
3026,1050
4821,35
2328,825
4670,4817
973,3729
3266,2371
1645,2481
2111,1474
650,756
2868,37
4651,1400
2138,262
2692,267
550,243
4056,3090
4183,17
2568,3905
2563,2890
4757,226
4612,145
2961,286
831,4859
672,2987
3010,2339
4431,1319
666,2475
1849,4527
2922,2625
424,102
4794,345
174,854
1792,1377
3464,1902
1046,738
405,4314
278,1050
2719,1520
4513,1563
3742,3805
1829,559
4975,1149
3715,4902
2830,3445
4131,3687
4966,876
2143,1248
2457,361
1678,1942
3600,3729
3539,2101
4868,326
4774,1533
4619,572
4270,326
3433,55
2806,2791
2446,308
1687,1243
2854,1775
897,756
2476,2101
4677,9
2884,2012
666,59
830,384
1078,1622
3115,2120
159,3460
1372,681
3520,102
3022,1562
3451,420
4100,4600
4609,234
3719,2781
4961,577
3439,2459
3613,572
936,1400
1200,3045
4962,1360
1092,2195
2935,124
2986,2573
1936,221
1294,2625
4892,1210
2921,1139
2897,4049
3476,567
3407,25
4085,1179
1619,423
2991,4724
2271,3387
2390,1353
1597,2840
931,1693
3353,85
3986,4565
1218,3601
1856,2012
3859,1247
2606,3345
1029,2852
2837,3381
783,2979
4555,226
1793,3675
517,921
4331,1761
1197,3879
765,4738
2213,4565
689,1552
1973,2552
2077,3601
770,221
382,161
1323,1003
129,633
2935,593
4095,1769
858,3868
4260,1902
2656,3762
2688,3024
309,970
1288,401
2949,2625
1047,2598
2349,479
2160,4749
2265,2012
2517,2035
180,2573
331,4817
1367,3775
3962,33
4785,1248
3441,1506
4647,1360
4449,1225
179,397
4671,756
923,4223
975,3941
1121,4600
3958,2946
842,3941
2246,509
3783,4097
963,525
4660,1502
1764,827
1252,397
2962,4400
4016,4469
1650,3262
1740,2710
2011,3222
4213,88
3102,1563
2130,387
1854,4355
3720,1238
4495,30
1026,3787
2880,4749
4942,941
3259,44
3731,2786
2260,3687
76,286
271,2578
3891,3405
4512,222
2903,397
3924,567
4636,671
1862,3879
2259,2557
1075,219
229,2035
3154,3610
5069,3601
211,88
3367,2815
197,85
2679,1377
1799,124
1241,4565
4001,3841
1090,996
4617,2573
2033,764
2882,2206
4842,44
2753,420
4283,4749
2,1012
2972,1602
3683,102
1479,4049
1137,1552
502,2463
3828,4653
747,4490
99,3
1437,509
543,196
3701,764
999,262
4026,3452
4016,994
4377,442
1926,163
4732,1012
3324,33
1473,265
4767,141
481,711
980,1775
1537,2068
4051,232
4952,2035
2490,59
4895,583
3856,906
4124,414
2765,4569
1893,2919
4691,3300
4746,2649
2374,3125
1073,4405
2975,2710
1607,4400
2125,221
4821,1835
443,764
2603,4371
250,2578
4892,4920
483,1775
1015,2288
3317,1658
2311,345
4407,15
4391,1820
1989,4097
2190,2068
1349,3201
2277,196
3012,265
4655,4600
1830,829
230,262
1980,2064
307,913
1592,3621
3216,2295
3784,1119
2809,173
4511,1622
3945,2987
2293,1130
4146,1820
3653,3584
2632,2064
1478,3215
2317,4674
4508,318
2809,30
2995,583
4587,681
3402,1939
4515,3262
378,361
3938,2573
3049,4400
562,4646
2025,3601
4025,1999
2737,2032
2129,2459
1811,318
3017,876
4868,221
3813,3262
3902,577
4329,2671
2839,401
2933,310
1473,2295
1886,4738
977,286
3216,1890
1569,1390
3145,860
2122,3445
485,15
2780,143
3419,2987
4072,17
4396,1783
4024,1130
2130,1130
2259,648
3111,1390
4779,446
4853,219
1407,745
4207,2979
2212,1586
4352,3311
2240,4569
2271,1999
1673,1783
2044,2664
3932,724
3800,5058
4069,3125
3479,583
1198,593
4401,19
2352,1488
946,110
4172,44
1401,4646
5075,47
4363,2295
2514,2086
2659,255
1770,3387
2276,1845
4678,1964
4965,3841
1678,1012
1995,876
3419,2557
1335,633
3384,2068
2893,44
2553,2890
4676,489
4081,2898
3575,426
2310,2386
2140,4490
1290,1158
1169,479
167,2890
1678,1474
1733,1661
3723,4902
3612,2648
4875,4400
101,446
3684,711
4774,2791
4367,2199
4821,124
2952,288
1174,1775
3435,61
2510,870
3771,913
4944,3381
4096,1317
4723,854
296,4817
1774,3988
4075,1235
1142,702
4320,4353
23,318
866,1533
1605,1476
798,1248
3448,4615
3350,17
1221,2791
4482,1835
2603,764
1165,4731
915,4749
3148,234
964,161
4727,1400
2560,2199
2796,2371
2684,3090
664,1139
4545,342
202,868
4708,4104
3264,3096
3828,1003
3390,1622
622,1222
2585,187
3505,876
4289,711
5052,4653
2967,2459
184,748
1860,3096
1851,3805
1748,4877
1802,4831
3350,738
2169,4817
4645,2865
1033,648
436,2740
4453,1009
1698,308
4850,221
1884,175
948,2035
640,420
699,643
3823,1210
3101,3121
2688,1312
1937,51
2830,671
4890,2625
2675,1712
725,3905
1146,2979
3195,653
2112,262
4772,1783
2368,1712
4146,1939
2485,3109
4171,1902
4422,440
3870,4400
1407,2786
2871,166
1738,161
4317,2288
125,656
1290,702
4808,13
98,1820
4016,4831
3980,4653
4780,3879
4703,110
2675,2852
1684,3262
4575,1999
4495,3905
1404,4674
4544,1835
1342,1820
1161,1195
515,639
3158,3805
2313,1567
2023,17
4129,1725
4089,4738
4819,1832
3048,4579
3155,73
1315,4854
4782,1502
3878,1377
481,1520
3707,3795
2587,4646
154,674
1723,426
4165,4527
3962,1502
3390,37
4725,1552
1175,1563
4895,446
3622,2032
2515,1195
2150,1712
742,868
600,1939
3829,442
683,342
3918,1498
1318,2552
2231,1964
4495,2195
3688,219
438,1248
2403,3941
1524,653
3271,1902
1988,124
1385,827
887,1009
924,1661
1351,940
1531,1999
4562,4527
2799,1247
209,4674
4327,671
5037,3795
3809,384
2323,2625
2900,1119
3240,1248
3686,2463
3480,3599
4867,597
4520,446
2842,426
617,1562
924,2852
2797,2648
1600,15
3946,423
2201,1317
4478,3125
4230,1866
4917,1474
4305,2721
4174,4646
4971,4539
2731,1235
977,1135
1784,2697
3622,1939
1448,4355
2185,583
2886,1661
4317,467
620,397
370,4600
1422,2791
4152,3397
2396,4929
2939,811
3916,11
1267,4653
1206,1003
1051,4738
3756,3062
3099,355
2143,2055
634,384
4479,752
2687,1520
3504,4738
1081,583
754,1149
4183,3968
4821,2987
1329,1783
3044,3445
1883,860
4977,113
215,2322
1858,4282
765,3045
3871,4319
4887,446
2703,1658
2340,124
4605,4936
1639,545
1187,4855
3752,1835
1878,593
740,17
238,2439
4442,639
3644,597
2246,756
4227,265
1483,1377
2389,3403
460,5008
389,5057
2825,243
4094,519
352,55
1677,1835
4559,4731
4531,3687
2684,4855
856,4527
4807,19
4443,1316
4407,1391
2376,2898
4849,793
601,143
4152,1719
1168,122
2443,2831
4557,234
2841,124
2436,1312
4858,25
728,4201
1695,4092
149,175
2753,2614
2242,361
4066,1586
1165,355
4769,4653
2498,671
2818,702
416,1586
3790,3206
3297,1839
1361,504
4712,2386
2593,970
3169,1725
1114,326
2925,373
4204,4885
3331,2840
2110,387
378,2339
4801,3121
464,93
4482,141
190,2865
2783,1016
4824,1506
4906,1595
5037,979
4976,4724
1385,44
3204,906
2243,1167
4797,3687
2626,4294
1722,245
3573,347
651,4674
2150,1312
5025,868
4507,2573
1724,4579
1138,1225
3427,1488
4266,384
3069,3300
4470,1098
3956,2898
2746,1517
661,504
3860,2288
3084,3381
4142,381
914,3309
810,1790
2010,347
3450,4314
2985,1480
4230,1556
1472,3910
2900,265
595,3
291,4272
4964,3125
3479,2459
1646,1602
1812,196
1778,756
677,387
3501,2371
4611,1502
2960,1111
2254,4685
1758,2481
1470,467
2204,908
3987,161
3990,446
3112,1113
2672,748
1616,3281
1459,648
3113,2126
1636,102
4077,2840
2799,1719
937,994
4705,4314
4596,1567
1548,3884
4737,1009
813,997
3264,4049
2269,3201
214,2084
281,1280
52,467
1925,150
2593,1377
2609,196
4543,3201
3416,756
4529,15
3417,55
1871,3341
3202,989
2730,2852
2201,4452
1453,2938
3108,4049
4732,1225
369,2206
1928,2377
419,1835
1274,5
632,440
2923,219
2159,2697
1479,342
4518,122
4242,4929
1536,3201
4438,2649
478,597
303,2132
1777,1693
3848,2497
1537,1360
4593,702
749,2052
1791,3281
5005,3805
3447,1327
5062,1942
370,745
2650,173
1634,71
871,2339
2286,177
4448,1248
2087,384
1559,1790
5044,308
439,1149
2081,1009
4174,1377
3991,3445
4906,1243
3545,4929
958,4272
4123,37
4141,446
174,1835
2960,1835
503,3621
2284,3905
1631,3709
2357,1595
3959,572
3690,653
3799,61
1302,2245
2991,1098
1257,394
4219,525
1882,5
368,2358
4895,4855
2654,414
949,1158
1871,37
1104,141
2605,96
2864,166
1459,1139
83,326
2867,797
762,2781
521,4936
3074,4855
918,3460
3661,1586
1510,342
851,567
3831,3910
3614,2898
3549,442
3723,1235
1830,15
4297,4685
1656,30
4683,2475
3876,1135
4251,3090
203,4675
1868,3795
1665,3592
4323,870
1530,1552
721,240
853,1939
3829,1006
3995,1050
1577,2721
2482,2124
4614,1384
4673,940
443,2671
4464,4296
3908,2865
3067,1139
2366,104
4583,569
2285,104
4051,397
4712,347
1174,874
2184,3077
550,1552
4487,1693
2308,3805
758,569
1405,1586
1441,1111
4616,1
2654,756
3229,96
2936,1167
439,1248
4905,1247
1981,710
4787,73
1605,234
1941,4565
2331,110
5003,2078
4240,1130
2314,234
3172,3599
2390,2195
2949,564
129,1939
332,2084
2337,4201
2719,222
1958,2831
1511,648
1131,2064
3593,3341
2394,1461
1094,4936
3453,2195
200,2134
4170,1839
4281,288
3899,3025
2759,2288
4093,1113
1455,2032
1321,2649
900,1312
4131,88
2725,1769
2191,2459
1938,1280
2417,448
3678,1238
3839,908
3507,175
4455,1939
3799,3125
3850,2497
1424,175
1576,572
4528,4569
1421,3775
4841,1498
2198,3842
441,715
4297,564
126,1890
1293,3675
1546,175
3821,3687
3105,467
386,473
4348,941
1018,1488
4459,3601
148,1113
3575,2032
992,463
3408,5060
2044,3601
498,2124
3654,829
1074,2649
1525,2167
637,1461
4887,2295
3721,656
4591,262
4267,1210
4222,3888
1767,913
2341,5058
4343,2855
2009,361
1265,2671
971,4272
3949,4855
1854,1719
960,1127
4917,35
2838,3090
568,2946
3124,2769
2257,3281
2744,519
2872,572
2465,122
2246,11
4454,5057
1995,104
2701,3621
4237,3109
834,5057
3767,2420
2187,2199
3820,997
1645,232
2982,4749
728,1761
1827,1127
1156,2463
376,3060
3625,2126
2077,2322
5011,2245
3153,255
640,326
795,4490
3688,414
3318,73
3302,2008
3216,3215
4699,648
4889,4405
1073,1552
4883,811
3081,2055
508,2245
2251,1130
2630,2697
3163,4859
2130,827
1402,681
2980,2573
365,4145
1331,1775
2484,326
3427,710
1376,1130
3834,1316
2507,47
4621,906
261,1480
3119,3884
2708,2199
1976,509
4743,1377
1851,1999
283,2578
4303,286
1311,5008
4102,1
75,150
4113,1602
4784,3584
2748,3905
2174,702
4172,381
1295,196
2375,1003
732,748
435,318
3874,381
2889,4640
204,577
1047,3103
3139,4877
2888,118
4411,2322
1494,1498
1483,2697
2915,4929
826,1480
3929,347
2474,347
4510,1360
4804,921
4331,335
4067,2865
3745,643
2073,639
43,73
2853,2648
875,3968
2615,3381
172,3121
803,979
1541,1461
4147,3968
4541,3621
295,1911
2903,132
2595,687
192,342
2619,2295
1762,1235
5072,2865
3078,3090
4348,4400
1240,3387
3732,221
280,825
2560,1003
2488,2786
1081,15
1064,1243
2293,2989
772,448
3124,397
2666,1247
1747,2322
5063,448
1815,4400
1514,401
4906,2769
4760,177
3433,2126
4511,5008
3794,1179
4966,355
2053,473
1802,2938
3169,11
4441,4855
2875,384
3743,715
1257,3968
1206,5058
3818,648
1685,4859
2274,2815
4357,3687
3591,519
3014,597
3983,4353
785,1247
4922,2120
2039,33
1307,232
1413,3201
3542,1119
1689,1520
4462,2288
1865,4738
1351,4731
3660,2855
4806,3841
3752,308
2098,423
1239,308
305,921
1089,1725
2734,2132
2187,3161
2572,2135
4562,11
4782,2710
1403,567
3315,93
1173,1595
1886,852
2372,3397
3418,4854
2095,4565
3286,1520
2382,710
1893,3988
1733,1999
3524,1113
4107,2721
4053,5008
375,1377
1311,633
3368,177
358,113
1759,1151
902,4272
4415,267
3009,355
2130,908
1876,2979
3447,3121
4396,4282
5050,118
3863,2697
966,643
3736,4600
538,906
4862,243
4827,994
3548,345
807,5058
427,1517
3589,3103
4369,4646
4246,738
148,245
2933,3201
4348,1130
4860,2358
490,3090
2137,122
1888,267
4174,1498
1986,1890
1068,381
1734,1712
4273,913
4082,141
1020,3268
1462,141
3696,4223
3321,3309
3681,19
1603,4294
3552,489
582,1658
1215,2890
1492,921
1988,870
2944,1775
1331,2865
1084,355
3745,687
1804,2706
538,3109
4181,255
2821,633
421,629
1287,1130
2021,4855
65,2721
4872,1050
1543,1911
1721,3452
692,1658
4235,1866
1931,1119
3898,118
1066,3910
1004,3161
111,4353
526,3675
1216,73
3745,2781
2882,997
4312,96
388,30
1990,37
1193,545
3217,4201
3029,4539
4289,1498
885,3841
436,1204
2527,3215
2873,4588
3143,473
1264,724
3862,3787
2287,1225
346,397
705,3584
2869,2086
1313,4640
3973,4104
3330,2648
3398,1939
3581,401
2077,3045
2332,2008
393,756
2378,870
4177,414
39,2055
2169,2055
2089,1693
2492,852
858,3025
1919,1502
2729,1139
3753,3879
1008,102
4184,3795
115,764
4771,643
3072,1775
2824,2721
1255,876
3956,1151
1080,442
268,440
4656,577
1322,629
3963,113
58,1790
406,2664
998,4749
1677,489
1782,3201
1988,852
369,1595
4794,979
378,2195
4589,1845
2287,653
4385,1712
3951,1461
2526,3005
4242,7
1923,3090
3241,3262
686,3445
2232,876
772,1506
971,335
3029,3281
4348,1939
2259,21
4641,2463
2892,2497
4612,870
2432,1327
1940,3
160,1902
2655,467
109,47
2087,397
2057,2710
3360,3687
4130,1111
441,525
2587,3345
2830,335
4173,3005
2296,1400
5051,3525
1060,2740
2764,1353
84,3025
3521,724
3166,4685
3869,314
1994,4936
4809,3161
1013,1562
5043,1939
2047,1353
4719,724
3330,104
374,44
3438,19
640,2840
2562,3252
3367,1622
806,4314
2958,1480
816,2439
2868,2288
828,2084
1896,2008
1885,4371
3087,1461
570,4355
3361,4296
4154,2942
2307,61
769,1130
4025,3215
1930,3709
4039,797
789,1009
2513,1476
4135,2740
1618,2784
1497,240
2080,2101
1660,2333
4783,318
3943,2439
1680,1783
3417,825
486,3096
1628,2573
3723,143
2939,4092
4094,2552
4454,3397
4270,342
3965,3910
550,687
2546,1835
4992,448
4955,500
1259,1003
909,2648
1895,1845
2176,2938
855,854
2541,122
753,308
1970,2865
1577,4970
5001,1098
4289,3910
3692,3601
772,1127
2904,2333
2448,4490
4060,1502
3528,577
3219,314
3093,1783
4340,2942
111,4490
2016,908
755,1964
1729,489
3827,4579
3416,2786
3659,1016
2950,3884
453,442
1733,1719
4509,1839
60,2126
434,3841
2003,2740
928,118
3012,2439
1980,1316
896,314
787,829
4018,47
3059,656
295,3206
4438,1050
720,2946
3746,2420
4871,4569
3534,3387
3803,1235
4063,525
3137,1225
5052,110
3997,25
4074,342
1887,4097
3523,2840
2604,4527
4050,3161
3647,1235
4510,2557
678,3060
4464,1391
1978,141
3192,1280
178,1204
3458,2052
1741,1845
422,2195
2200,414
3502,1009
386,51
684,1902
1836,2721
2748,3709
3645,1769
2600,2497
3922,2840
1592,2245
502,3397
5073,994
897,467
2711,2625
1072,1113
4930,3525
3220,145
3942,3024
3493,477
2485,308
4060,3345
2307,1248
1147,2840
1550,473
1988,196
2417,4353
4431,4970
1137,2132
2763,577
1962,577
152,1248
4458,674
2180,4490
289,2979
4006,2120
2820,1139
266,3972
29,2078
628,1204
2730,4469
900,1911
4775,1712
1539,102
1621,5008
2047,3161
1099,559
1300,1586
2041,1622
3524,3968
2992,3121
3065,989
4880,1712
4774,326
1539,2987
4177,500
550,414
1985,1135
3873,37
4564,326
3379,1622
1566,2078
1045,3729
601,1384
3629,3060
2208,3201
837,4272
2731,2245
4435,2855
4899,970
484,59
781,59
2160,219
2378,110
2038,811
3072,1502
776,1595
3034,1113
1064,2052
412,3077
410,3125
297,4353
1816,711
765,1533
78,3262
34,4353
2153,477
3789,572
4692,2377
2637,51
3177,1400
1787,2697
2972,3206
788,1179
4903,1461
1389,2989
4977,1127
965,3403
4245,161
86,1050
41,381
1878,265
4080,1312
4952,2573
4258,44
1531,414
4494,1006
1846,1835
802,1006
283,2710
3220,4653
2939,21
2653,1769
890,381
3094,175
285,373
1665,2865
1446,500
3021,519
2662,173
2003,3309
2115,314
2565,3842
4477,1360
1491,4936
3420,2463
2014,1327
1655,255
293,811
4232,1761
4131,2989
2826,3888
3083,2377
1197,3311
312,2938
4495,970
798,1942
3012,1911
999,2815
3056,1167
3189,1195
4025,2339
294,463
1597,4902
4619,3888
1687,2245
672,373
4101,1488
1239,2769
2832,3262
2130,2245
3653,7
1973,1552
2595,2055
1048,1195
2768,1139
484,2196
1433,1353
2275,633
2422,1602
3913,827
3474,569
2703,793
3571,2781
4544,2938
4410,3
2869,3805
3054,7
1323,852
795,997
135,150
3409,3675
2961,1563
3406,989
3153,15
4889,1149
1601,355
3417,2206
4658,1964
1029,1552
312,4049
1297,564
798,509
4485,373
1984,132
2405,3387
1284,3060
2476,73
4702,166
2799,3387
2246,3687
3850,1291
2294,4855
2122,715
2382,1939
4506,61
4011,4355
922,1820
3895,265
1504,4294
3117,1139
4793,3381
81,4877
4361,25
2128,583
2127,401
646,979
3696,326
1985,2979
3112,653
1131,715
5017,2052
247,572
2881,4282
4195,308
3095,1832
497,2463
2436,525
845,113
1417,1316
3878,173
2216,4817
2887,2012
2450,2101
273,4314
4497,1520
655,1658
3140,1098
544,4854
4794,4920
2349,2135
2661,3397
3128,764
1549,1390
650,240
4516,3341
1916,3252
5081,3841
760,2135
4399,3090
2509,467
1340,3687
4379,2697
4230,3281
2960,941
369,1520
461,756
4869,996
14,234
2362,2339
4132,656
449,51
4594,361
2155,2840
2400,1533
3233,161
4512,1506
2896,2322
276,1658
3463,4885
28,113
2357,3381
436,564
3695,3584
3743,463
1268,161
1677,3387
1385,1533
722,61
4477,1155
4011,15
2630,3888
537,2012
1896,793
3619,3884
2434,4584
1350,970
3994,124
1829,2195
4786,1520
296,71
236,3024
1344,2697
550,3062
2496,9
1853,4569
14,3005
3682,2055
4921,3709
2849,3125
1240,2791
3357,979
2348,653
4476,1661
1809,724
2216,4831
4708,3888
4962,3584
3652,3024
3810,1761
2395,196
3002,868
12,1790
4753,2295
4290,1391
2163,288
4750,2101
5005,1248
3963,3709
885,979
3020,2196
857,414
2229,85
4999,1050
4098,870
3772,3165
1601,1243
3290,1890
1369,2831
1762,88
3594,1622
2054,1999
3104,860
1837,2124
2503,4565
4359,2784
3294,1845
1192,2497
1594,3165
2794,4569
2825,3262
31,3060
3192,3254
258,4452
4619,71
3617,643
3008,597
2960,1890
319,335
5052,1839
2932,166
1072,3311
4288,2942
3680,648
1854,3879
582,2064
657,2769
3955,2898
4779,394
252,145
4430,752
2931,102
1823,997
2201,2055
4830,1003
2613,2288
487,17
4221,3300
2750,633
2129,113
2369,1428
3342,11
1899,1552
1213,3601
1249,4355
600,1384
3603,5008
5072,446
4069,748
337,4724
1584,2614
602,4104
4186,702
3286,2120
1849,738
212,997
235,1586
3372,1353
3466,104
1379,559
2219,145
2109,423
1752,1319
585,2786
2103,3403
1301,2178
1240,5060
4501,222
1570,921
4221,1155
4932,2946
1883,124
108,2120
1827,2552
5030,2791
2096,1832
3290,1942
3147,1911
4521,1790
1966,1902
1068,477
4601,2786
1433,104
4054,970
4287,3775
4000,4854
2934,4674
1076,2648
1445,1009
4973,3311
4858,150
2695,248
1013,1155
1584,2497
1315,1769
798,1119
1907,3309
4764,1498
2056,1562
3692,3311
3269,1098
1827,118
438,4859
2471,4646
392,2784
1924,1476
1944,314
2047,4749
2532,1942
4973,979
204,1661
4166,347
2393,1384
4064,3
2996,593
4315,2557
3694,2481
1883,4097
4168,3405
5001,96
4015,3060
4293,876
3518,3842
3329,401
4631,994
3689,1149
3404,2481
1489,141
4507,3842
4968,2064
2276,500
722,756
1574,1390
4549,387
1255,4527
4918,4749
3915,2786
4536,4400
4641,827
1784,2032
4778,4685
3933,1003
4524,4083
2760,702
156,1999
2473,2890
1767,1942
3897,3592
4197,226
257,1502
1986,1243
1206,4405
826,3599
4148,1562
3067,33
2384,2064
1513,545
3978,2769
2436,4296
1022,1353
2045,4831
2660,1050
3290,11
3673,3201
3182,21
4427,2840
4962,3941
4392,997
3813,221
90,921
1064,1476
3029,4920
4840,345
4607,4584
2242,2012
3740,3254
948,2942
2999,994
3510,3795
4385,2697
3065,3252
823,2124
1302,3201
1338,2649
4389,643
