2798,203
3324,1060
2877,797
2407,97
3156,2650
1299,2520
976,2323
1075,2292
1609,2009
3437,2752
2459,1891
88,1097
3407,699
2690,977
1367,5
2555,1537
2333,2013
841,1460
2380,2381
1911,2411
2990,1081
1104,136
2519,2109
1370,2144
2329,282
855,2304
1071,2247
2821,512
3219,1261
2621,1838
1051,712
1495,2360
2889,2086
2873,414
2466,1884
2820,115
4,2053
2543,1886
2359,2109
1136,1660
2131,2242
2166,264
2530,793
129,2343
2165,1010
2546,395
2342,2094
1462,1081
2881,2360
635,577
2567,256
1729,1996
3400,2764
2257,298
828,2801
3345,512
1959,2223
1121,366
2277,364
3157,136
2400,7
713,2391
2487,1065
379,1970
1549,241
2985,241
2680,97
1530,2320
2974,2340
3428,1951
3172,1633
937,1037
2317,2520
825,280
2818,2549
1339,1548
3410,1988
3161,332
2900,2013
2977,264
3061,5
2571,1650
815,528
216,2154
2282,2085
2059,522
1262,1162
1634,2089
2028,2029
2904,1755
64,39
239,555
3030,1316
421,1109
1000,2098
1947,1
3192,2664
2936,210
10,1028
279,2015
2910,3
2351,512
1729,1348
80,54
911,491
2246,2050
2610,2611
3196,1070
2159,445
1084,2368
1910,2795
3243,146
838,50
984,2247
2672,1988
2645,2646
3078,2411
682,1383
2248,1034
1676,2136
1351,1427
544,1360
2510,175
2253,1287
2158,1774
1007,2660
1621,1932
2071,269
2930,928
1368,1138
3336,2199
1250,1884
2621,2622
3091,699
580,2011
3381,2307
2020,1037
1397,520
2513,120
2336,977
307,12
398,256
2661,22
1406,787
2047,2048
3268,1002
2003,850
1218,1993
3007,1545
2904,124
1410,370
2655,2062
3322,931
920,2009
3018,2031
2457,2048
3446,329
196,2220
2642,1971
910,1716
3313,2213
330,1092
3149,99
2860,909
1508,1348
4,2320
2225,1023
2315,2007
2854,793
580,1402
916,2406
2253,414
1378,1070
213,210
358,1061
2193,2194
980,2007
1562,2094
3329,2060
2075,846
1136,1545
1011,2074
1223,280
3362,941
2162,70
1462,907
1680,115
2706,2549
23,909
468,1156
2102,2549
272,2182
3199,509
1196,2209
1054,800
2905,2488
456,2752
1100,25
1317,1645
1424,2178
2813,17
1710,12
3309,2439
2315,1633
220,1261
45,1823
2591,2592
2035,575
2010,117
2538,1534
2237,445
3259,2575
2741,386
2101,3069
2296,2138
3439,2406
2686,677
374,70
3122,1023
2686,2500
3417,1750
2864,2311
2358,1026
975,2040
3002,1755
1729,2422
2787,1994
535,29
1223,166
1582,2009
2084,2032
1345,1650
88,2403
2335,333
2906,1886
133,1557
3389,1325
1673,528
2192,1555
1215,289
2017,2018
3023,2171
2915,2626
3247,2267
421,2271
2290,364
2069,2070
1375,2468
620,429
3263,2043
2224,2043
2754,269
2631,1427
2531,2493
2838,2652
899,506
2299,2300
2427,2428
3019,364
1112,522
3163,1774
1714,2031
3340,2157
3027,2343
1369,2183
3202,813
217,1775
1541,54
363,1400
572,2087
2175,2176
2769,305
1299,146
2042,2043
3350,2424
2458,2106
2612,2613
2246,619
2253,2660
1679,1109
826,2588
2401,1103
2992,2081
3060,221
3037,2764
896,1002
2835,1206
3190,29
125,1253
1127,1858
2186,1545
2166,1891
3120,166
721,2056
2888,120
2114,1065
2760,2220
1004,461
2919,364
834,2194
1953,1005
3328,813
2335,271
2217,2218
2853,665
1688,366
1670,322
1499,944
2901,1023
3422,677
2392,876
2771,256
3206,2323
804,2058
1272,745
1399,1823
3253,512
2120,1996
1697,2522
668,606
1429,2274
1074,17
1352,72
3055,1650
628,462
3058,1354
3297,1026
3298,2032
2998,1945
2026,2468
307,2397
3353,1490
1237,1569
3395,2209
2696,319
3384,1689
2855,575
594,2482
1485,1886
3426,2178
2180,2081
489,1985
3162,1537
2590,1070
2933,1078
2163,1937
967,1138
566,2215
2544,1109
2632,2428
2951,2795
978,117
2826,2013
1518,2461
1800,1988
2285,1
1685,2074
2315,1061
3171,2622
179,2488
1466,1195
1966,2592
467,2326
3432,3047
3137,60
1014,619
1437,973
2981,29
2636,1507
2596,2592
1825,52
965,189
942,1017
2478,1741
1610,2194
2923,2173
1522,2202
2678,1010
3310,282
1014,551
1553,2060
2702,928
792,2168
1822,1970
1802,1993
642,2023
2150,1065
1408,27
2114,115
2268,2269
2568,1206
2725,2488
2465,2031
1651,2360
702,2140
1179,401
2584,1858
2962,1065
584,1809
2485,806
3250,876
3357,520
827,2226
3287,2038
2385,2078
3097,282
3134,458
2408,1809
1813,12
2471,2472
2614,2207
3285,2482
2724,335
473,1971
2227,506
2884,2671
2322,1809
2618,745
2615,1070
2722,909
2179,1555
3138,2594
3160,2070
538,2118
2517,2002
947,2484
457,2381
2994,86
1396,1750
2515,2461
3067,2325
2462,2050
2879,2416
1227,1
2258,166
2239,1741
2627,3175
2423,1645
2499,2500
2443,2220
2829,512
2714,2323
1856,2106
362,1060
3118,2320
1015,445
399,117
483,1195
2272,2343
1459,2168
3036,2018
2312,1427
2808,1709
1288,199
3011,2032
2700,106
1997,308
2277,124
3271,150
3351,813
2692,2048
2957,2113
1123,2050
778,305
1747,806
3320,2182
2608,478
964,143
3165,854
868,1945
3010,44
1154,1625
2620,800
2020,386
2669,1034
527,15
3246,2269
2736,370
2812,370
3169,1507
2108,2109
3330,1534
3237,2040
2867,2360
2749,2070
2259,450
2927,2343
2984,2011
3392,1283
2465,1716
2448,2247
1984,1985
2496,2497
1415,512
2709,800
2809,1823
3425,2391
3126,2522
2124,1886
6,1165
1154,1858
2848,414
3181,745
2941,335
3116,2300
2245,797
3312,2439
923,2493
2347,166
3423,298
2722,526
3244,66
894,9
3109,82
453,461
2134,944
1297,1985
2328,249
2944,2029
77,551
374,2311
3054,2031
3442,2611
2014,2015
3071,2684
2708,2586
2167,2099
2828,2580
1744,773
3003,2292
3191,2213
1578,395
2004,2005
2414,677
1678,1645
2640,1468
2585,1388
2878,2684
3212,401
239,50
1958,2287
2920,2202
2505,2060
3265,414
3251,1298
2822,3175
1949,2493
1328,2271
2361,1650
627,2468
2187,2074
1972,2396
2654,1360
1757,1625
1573,289
670,281
3153,2509
3360,157
1922,2416
1248,2368
3418,3035
3415,746
894,1333
3306,1319
2675,2070
2931,2381
1096,2182
2912,1886
2527,2432
2816,97
3318,2196
2498,2269
292,797
2410,2411
1725,338
898,1065
2907,2005
2582,2476
2458,2368
2908,745
2156,1023
1978,491
3013,2650
1648,2613
385,1383
2989,349
3239,2833
2280,2106
1664,2588
3401,1319
2638,124
3100,849
1543,2575
3215,2626
795,850
1906,1061
3367,850
3308,2015
2759,458
2228,50
2364,2323
3168,1500
3170,2394
28,210
1030,1097
2734,106
1609,1723
2649,2064
3266,1616
883,2269
2547,2141
1859,25
1357,1156
133,2087
1915,2360
1897,9
2162,806
2536,2013
965,1500
661,1383
867,2267
3299,1400
2526,2337
2266,2267
2987,1156
2972,1002
1986,1633
3258,1858
2105,2106
1449,2320
720,2191
3273,2072
3347,2155
3155,606
3026,2657
668,2289
3292,2558
1100,2016
1286,2588
2116,47
2899,2833
3110,1951
2079,1103
1184,2098
1286,2164
3140,2106
3316,2652
2846,60
3059,1283
2526,2201
2718,658
2046,429
2097,2098
3131,2164
2222,1023
780,2209
2354,1858
1539,1325
1760,2613
1013,189
1157,755
1574,1809
2434,1838
848,1388
129,2274
1707,2468
855,241
2172,2173
785,349
2710,876
451,319
374,2089
608,2182
180,2664
3226,3047
1753,1109
1969,944
1800,2086
2715,2300
1813,1741
3153,2628
2534,677
2160,2161
2548,665
3048,66
2093,2094
1295,1507
2063,606
2903,2472
899,1426
2880,805
848,143
2305,1884
2819,551
3209,5
728,2963
2278,2589
2926,115
2024,1195
19,2074
536,1999
2553,2304
879,2173
3119,2493
695,609
796,2060
2331,99
3164,2468
2437,773
1207,458
2883,800
3043,2752
2506,199
3008,269
2137,2138
1795,1951
3098,2155
950,2013
2924,2154
1063,797
2139,2140
2445,2271
2417,1999
2799,1261
1747,70
2351,1529
2884,2885
2898,15
2211,577
2083,210
2197,2154
3057,249
1681,729
2008,876
3092,1775
2672,120
2668,2345
2790,335
1074,106
2069,25
100,458
1801,192
3169,822
564,150
3372,2011
1107,2311
2988,1996
2399,1616
848,2589
3145,2588
1966,461
1584,2652
803,370
898,2509
2973,332
1868,1988
1484,2045
2670,2242
1335,1709
2687,458
2299,2273
2390,2391
2212,2213
2378,2189
740,1156
2314,1388
2716,2184
635,528
2703,2482
2414,526
1125,2326
294,2476
2431,2432
2187,2764
260,349
2413,86
2259,850
453,319
513,117
936,450
1717,52
2128,2129
2438,2439
2378,813
2725,2343
2768,264
3180,2406
3006,2207
3012,54
3201,2045
2460,2087
2349,1460
2774,32
1413,2205
3427,1932
2634,1741
3136,2360
2512,599
1397,2563
3178,2223
2836,1162
1721,1280
2724,2650
762,2058
2330,2000
2814,1010
2960,2034
1286,5
2668,1672
565,2432
770,1970
2629,1932
3279,414
1960,2111
3252,2144
155,2000
3248,1078
3155,1689
2980,793
2095,50
3235,2202
2680,2207
1894,1010
2617,478
2721,1625
2851,84
549,2157
2639,2497
474,2111
1274,264
2130,2182
3335,528
3187,1283
2800,2016
571,1221
1079,428
2545,2157
2453,1165
3370,1348
2607,2082
2456,2194
2317,462
2830,2194
2817,2287
2539,2176
2508,1970
3081,1809
2076,27
821,203
3300,2209
2405,2274
889,2204
316,50
2444,2594
3386,1070
2648,2482
1143,575
3289,210
3435,264
2882,2622
3307,2307
2427,1325
2728,745
371,1400
2436,2006
2312,1019
2263,2264
2305,97
1590,606
2534,1988
2998,599
2837,501
2606,2213
2625,2201
2733,1070
178,699
2581,157
3391,2650
720,2684
2455,1716
3195,2381
2329,2189
2874,2078
1972,2323
3135,2018
2259,32
2607,1060
792,2155
1714,599
2152,526
2978,201
1052,29
3064,2106
2788,1723
2541,2086
2707,15
2694,2178
3260,1838
1401,2242
2685,2031
2143,2144
1696,2044
3096,1545
2784,2326
2560,2043
3143,2613
1805,2468
2434,414
216,2064
828,520
1929,2154
2640,86
2803,79
2102,2343
1384,2098
3278,462
3164,44
3305,428
2880,609
1519,2043
2233,1456
3264,704
3080,2391
760,2289
750,1945
101,755
422,2051
2185,2058
2975,2038
2214,1689
2866,1971
1511,1206
2995,1985
240,120
3077,509
2479,2575
2174,1932
2092,2018
3051,241
2364,1348
1016,1650
2583,715
2954,1325
3082,2892
2783,150
2665,1195
3213,2194
129,2056
1544,115
3209,249
3049,281
2902,2563
3144,184
2573,269
3117,941
552,12
2849,1616
2947,2218
2821,2098
2430,2204
3123,729
3355,1988
2321,665
2068,520
430,1716
2120,1456
2367,2368
1380,2601
1873,2953
2925,1026
444,2000
313,338
2188,2189
8,1537
3152,2141
2037,1187
2478,2476
3093,1456
2999,2497
3208,2161
2169,2274
3327,1886
1133,2133
3004,1316
1454,2000
33,1996
702,509
2867,2885
999,1061
3074,1996
3276,715
2658,1858
1371,192
2122,1023
981,2580
2147,1078
2559,1555
2785,2032
2151,1060
1679,2045
2627,2397
2645,2086
94,1555
1099,2232
1908,2340
2653,175
2750,289
3364,1468
2431,2173
2758,2472
3326,1280
3158,941
3319,829
2793,298
1995,2081
479,333
2914,99
2030,2031
1185,1500
1635,745
3420,2138
2870,2111
2054,2032
484,2689
2570,520
724,2199
2784,1402
2998,2189
3314,1026
1193,745
2115,181
2634,501
1776,1280
554,2074
2301,1092
3031,70
2208,1917
2597,2089
2942,1402
1191,2394
2052,2053
3068,3069
2238,931
2707,2650
2373,1970
436,2986
2965,1156
2508,2801
2533,181
1916,2048
1094,3035
2514,1109
692,79
2291,2292
2732,712
3431,462
1339,2740
212,1557
3274,1261
1389,136
1113,2575
1739,2232
2443,428
2569,166
626,2199
1810,2304
3199,166
3050,491
679,2189
2699,1460
2234,1709
1458,2558
669,2106
1762,1988
3198,1709
1669,2652
3204,2304
302,1500
1816,2099
1361,115
3254,2594
3433,699
2339,54
1722,2199
2789,1809
380,2262
581,813
2341,52
1542,2168
2217,1156
2663,2664
1399,2247
2711,850
2578,97
357,478
2389,2164
2843,2292
88,3047
1946,282
1481,2671
871,1529
2206,1660
831,3035
2341,2287
1519,9
2598,2267
1938,1480
1503,2005
1670,2415
3380,1070
1776,1165
635,1500
363,973
2239,907
2504,2072
2625,86
1997,1998
2956,39
1550,2183
3079,2343
3121,2594
1007,2086
2151,1026
353,2215
2122,349
3194,82
3234,2522
3165,1937
2470,1316
2103,2032
2090,2091
3065,1028
2012,2013
2436,1221
2084,2085
2641,2027
2875,1932
1673,2070
387,1460
2798,2406
1930,973
2319,800
244,2652
735,333
3090,1500
1051,273
2727,1937
2102,2027
3382,1426
2682,2157
570,2027
580,2752
640,54
1089,2168
172,308
3124,2476
3193,2194
1035,1468
1631,2415
448,849
1509,1081
1769,2289
2265,1103
493,478
45,2025
237,1996
3262,2273
2022,2689
2970,99
1356,2406
2332,2262
3032,99
110,506
3306,3035
2804,2472
1465,1858
2346,2141
2039,2040
562,20
2483,2484
1327,2011
1208,2226
2966,1005
2037,2038
3220,1026
567,2006
3354,2013
2469,2476
2559,2422
3385,800
1540,1078
1983,478
2831,677
2780,551
133,2013
3066,1689
3342,520
2353,677
447,829
2128,1002
2486,1046
2355,2247
2369,909
3221,2007
2797,2289
2297,461
1265,1187
3166,2628
3414,609
812,553
2177,2178
2275,386
3206,7
3230,2048
1930,1287
3344,2018
2938,1545
2521,2522
3150,2267
662,391
2554,269
3275,281
2756,2113
2698,124
2395,2396
2576,2023
2413,54
252,370
2677,876
2822,658
3294,7
756,1261
1116,491
1291,66
3388,1500
2556,931
3403,445
2076,2051
923,2032
2244,184
2507,1176
2890,189
2982,271
3053,2613
2080,60
2585,3069
3309,2220
314,308
3125,256
2014,256
1368,806
2224,1858
967,2023
2256,2428
1959,2009
2420,2439
2562,1206
3014,2018
1412,428
621,2087
2147,2138
2896,120
2212,2337
1368,1716
2669,2113
664,2056
875,2622
1673,1135
2295,2652
2440,822
2974,2051
1355,9
2501,1650
3257,2072
2609,2164
1810,977
1068,2082
2036,2023
251,522
796,2689
1511,1195
2845,2000
2110,1261
2656,2657
1556,2007
2569,1755
2170,2171
3399,2613
3227,2011
3217,298
2221,1081
2728,2176
3099,199
3182,289
1718,370
3076,2199
1039,1097
2447,1838
2494,658
2931,1490
2193,787
3293,1886
2214,1985
2824,2218
948,715
1086,1611
1085,22
2334,1162
1752,269
2491,2053
250,1991
645,2038
3404,9
286,1755
868,829
927,3069
2312,2264
2950,2034
1029,813
2840,2201
696,1070
3112,7
1595,805
81,1709
1021,79
1121,97
3408,1426
2452,1741
2893,2476
1846,2626
2026,2027
925,2173
2231,106
2900,1400
3210,231
2540,1838
3128,2064
2886,2304
388,429
2587,298
1369,2011
1338,2155
2338,281
781,2345
1831,3069
2409,166
3375,79
1257,2764
2279,1402
2983,2497
613,1937
2602,1741
873,2044
3133,2176
48,289
3083,2016
3303,203
2119,189
2891,44
1833,755
1198,2013
77,1611
1481,2074
2566,1097
297,271
1527,2173
2939,2060
2965,1507
3216,1569
2603,800
2334,522
3041,1065
1466,166
772,1633
2891,2892
2372,203
3374,2045
3429,1187
3409,1061
2103,528
1015,2044
2524,2218
431,501
3398,800
2725,2072
2257,1569
1576,1993
3073,2885
1768,2247
1031,1500
2921,2360
529,17
2846,1709
610,2586
1012,1325
2887,32
3102,928
468,120
2763,1858
3332,1775
3302,2016
1084,1557
1338,1951
3267,2482
2521,2011
2125,1480
2940,2362
2945,797
3028,1775
496,1741
2475,2381
2334,1388
3311,2509
2302,2062
2290,1061
2181,12
3361,273
433,2168
2949,2432
3286,1537
2104,2432
1644,66
2571,2289
2449,2406
2617,849
311,17
1844,575
2876,2050
761,1019
1779,1932
1767,2111
2518,2013
1419,2287
1899,1490
2997,2136
2065,1298
3413,335
544,2613
485,1611
2850,671
1137,20
2998,677
2800,2294
3197,1569
794,2091
2498,1625
2445,1951
2825,1555
3333,2141
2561,52
3103,2269
3224,1917
1882,462
1992,599
2865,414
2030,2424
1286,1886
3243,2461
844,658
402,509
735,1809
2726,1165
255,793
678,27
1877,1616
2747,2601
1363,203
3412,2416
2235,1985
2738,1858
2447,1187
2174,29
2576,1660
2283,1633
1016,333
1343,2136
3247,1991
2742,221
3038,1060
2278,849
2979,2340
628,2129
1713,1092
2688,124
2386,2337
763,512
1602,516
2322,2006
1817,391
2057,2058
2859,800
790,2094
2574,2138
107,1755
2723,2182
2681,86
2284,1109
1604,2023
2542,17
2767,1005
481,2007
3227,658
3086,2439
2781,2613
1585,1537
870,1557
1941,745
1375,2267
2674,2652
1370,1937
3369,2628
1180,231
3393,2795
2760,2320
1482,2953
711,2164
2937,491
2862,298
2466,1993
403,2045
2659,32
2946,2622
2076,1065
2276,2199
2286,2287
2112,1065
2412,1034
3121,699
2703,773
2552,2111
3021,2091
2481,2482
890,2136
2190,221
3105,2051
2731,2381
3242,2628
2529,876
749,364
1943,2140
2599,2592
474,2141
782,729
73,609
2585,2586
2123,1985
3377,2476
2371,797
2419,1165
3186,72
2714,2032
2856,944
2568,2213
1443,1019
1558,2740
2916,1650
932,335
1972,2251
163,2869
359,1796
35,82
53,2091
1093,2043
468,370
2768,280
193,1569
3233,2689
2206,120
2593,2594
1122,2589
2293,1135
1914,2164
2616,1383
1888,2580
1977,658
654,25
1943,2038
631,2013
726,2064
700,2051
304,2199
2145,50
1191,2611
2127,70
2757,2223
3057,1945
1878,2045
1897,2015
3426,2520
585,569
2313,1548
2186,1993
2884,189
2943,2411
2814,609
3229,199
2794,2795
2857,2209
1920,2580
2117,2118
2619,1775
2122,1037
3283,17
2519,305
2318,1383
2961,20
2255,522
1578,47
2224,32
1458,60
2643,1187
2243,2032
984,86
2724,1195
1901,1750
2964,2157
287,2396
1769,429
3295,491
185,2148
2673,2247
2448,2340
1808,2622
3424,755
2227,154
3062,271
2775,52
1950,2129
467,729
2766,2415
2630,2232
1854,1951
1439,2201
2279,2986
3072,201
622,99
2537,729
3053,32
148,27
1622,414
1574,2148
3174,520
2469,2086
3029,386
2835,2171
2477,2086
3214,97
2319,1287
1898,2362
2655,2164
2843,322
1770,854
223,2091
1182,2362
2214,2215
3016,2689
176,1187
720,2326
3352,2168
2107,977
377,846
2433,2311
899,1796
209,849
2244,1579
1434,2451
3022,2204
2316,2223
2240,2287
2073,575
3033,1298
2945,2628
3231,2074
2255,619
839,2622
2206,2207
2492,1070
827,2795
2088,231
296,2161
3087,154
3177,2311
3367,2292
3179,2087
3228,370
2322,2294
2210,755
2033,2034
1126,189
3222,854
2203,526
2897,2215
3148,2176
2993,2601
3070,2196
1819,1971
2373,941
2523,391
1398,1156
718,1775
77,9
3184,2963
2101,1383
2503,445
2777,2549
3323,1046
1509,2051
2425,2109
1856,1750
1888,928
3000,115
1043,1019
2252,5
2365,2070
3039,1078
2464,944
2802,1468
1848,2199
2712,97
916,1775
3255,461
2375,2205
1812,2199
302,2129
2426,699
3315,1970
1822,931
742,1886
576,395
2874,715
2755,2397
2433,1354
1668,319
1450,2422
434,491
2495,800
2564,414
1367,2271
2119,658
2532,909
3337,157
565,2601
3339,1633
515,1010
3356,84
2952,2953
1522,221
3284,124
2402,2213
139,787
3005,5
2639,1937
2861,203
3220,2202
489,2764
2382,1221
2723,1741
1675,712
2019,2199
842,2320
1989,82
2525,928
2649,2650
1102,2113
2600,829
1479,1994
2404,2050
2234,1741
2635,338
2651,2652
2799,1809
3304,1017
3085,386
3181,729
858,2294
1542,2111
3296,269
3046,2207
492,2085
1785,2138
1226,2094
2770,1555
2811,2155
3282,2652
2667,2421
2847,1283
2922,797
251,1065
1995,1996
3207,221
3200,136
1587,2155
2146,551
587,1991
2405,671
2637,2007
2700,1633
2336,2048
2913,2509
3341,47
3307,1206
3448,1187
1597,2476
561,2070
2899,1078
1596,2138
1204,47
3290,2406
109,2325
1676,2274
394,2213
2250,2251
3113,366
1090,82
739,1005
1140,2136
3402,428
666,1023
2366,907
3445,458
3414,2589
687,338
1607,2300
2604,1917
2356,210
2551,210
649,2362
2895,1723
818,461
2035,1065
1434,366
2384,849
1965,1187
1987,1534
3240,2484
1281,1490
3115,1176
3106,2309
2203,2204
3341,854
2852,2343
1043,2025
1614,2416
3052,1774
3154,2626
3167,1383
2494,1187
3185,2432
1352,2048
672,1138
2778,201
53,221
2637,2416
2730,2360
2117,1081
3165,1633
2610,1971
2195,1026
1222,1005
83,333
1236,60
2441,2360
3390,1970
3142,175
2286,264
3317,280
1925,2007
3129,2289
2359,1034
3146,7
2815,1427
2841,677
1909,2045
3139,2622
1140,2592
1154,1280
403,1775
3036,2657
3176,2129
2679,2086
3111,2326
2055,2056
1738,124
339,1195
2295,166
1830,773
2829,1569
2374,787
2149,553
2401,1996
556,231
2667,1065
2723,1426
3416,280
2172,2337
3387,241
1912,2274
1957,20
240,1838
2071,813
3236,2484
489,1996
2773,1971
1286,2025
2823,1070
2462,79
1137,2451
2914,2345
2807,2411
2550,2213
1368,2201
247,2062
2658,941
2384,2144
1084,2157
28,909
562,2133
3084,2601
981,1645
1450,553
1594,15
3378,2009
40,1996
920,2204
1036,2298
380,1993
641,516
217,2592
653,370
2130,1138
2979,2064
1995,1650
910,2050
2490,166
1514,86
2648,2421
198,2416
954,2136
3225,1917
2444,1633
1620,2038
3277,813
2142,2094
2261,2262
3191,1660
2511,1109
627,1838
2644,512
3039,1932
1291,2205
2683,106
760,909
2597,2138
2570,3035
3101,2522
1281,1985
2813,27
2502,2099
1849,1162
2824,2199
2792,1996
771,1280
2388,181
2911,329
1014,1402
2192,1886
2827,931
2376,1023
1486,15
2068,2086
2779,715
2674,850
2692,1507
1454,52
2303,2304
2735,2064
2080,2081
2832,2833
2871,1616
301,1165
3044,712
2352,1886
2250,1709
276,450
2969,2520
2378,2549
1916,2439
2511,528
2967,2343
218,280
1769,366
2633,2415
3178,1645
661,66
3365,1709
3211,2176
2959,2411
3288,2403
2579,2178
3334,1932
1327,1971
2177,203
1974,1557
3359,491
3438,2833
2897,2664
2200,2461
1224,1
1269,289
1530,329
2772,2007
2528,528
1075,1507
2142,2072
1136,391
759,2183
1844,1005
3430,2660
447,82
3331,2273
1326,2232
948,2752
484,2220
2041,1569
2216,146
2887,2472
2075,1891
2704,332
2049,2050
3447,793
1829,1187
3396,124
2260,1996
1848,2493
259,1750
2662,2118
2420,2421
2624,1017
368,931
3371,509
2393,2394
356,2320
3107,2482
1540,2484
1003,1005
2066,1750
3443,2300
693,2421
2219,2129
2254,2226
2135,2397
1511,231
1684,2027
1141,1065
2492,335
2342,2201
2160,117
108,849
2236,2337
2377,2194
3444,1092
103,520
3163,86
2211,2488
3034,2040
2112,2113
2936,264
1731,332
1857,1507
1556,1017
2720,2267
3280,1316
2824,2016
3270,2058
2200,2201
100,12
2929,2563
1161,977
2834,201
2306,2242
3201,1884
2666,2164
371,2558
