122,271
683,7
957,39
156,157
40,22
1535,5
1536,7
1628,72
1577,203
1554,1555
477,333
968,7
1384,39
230,15
713,39
705,66
1700,7
1449,32
248,1917
1159,15
814,17
1818,86
499,1103
173,445
1738,289
1892,86
628,5
275,32
1788,7
469,7
942,22
1472,192
631,746
1640,22
139,9
78,1383
1182,86
1285,52
926,522
754,755
98,271
750,52
1049,72
1234,52
547,192
1869,25
98,181
1570,86
1030,86
1503,25
1379,7
11,15
1561,86
1471,32
1950,7
527,528
714,9
1740,52
1940,25
1248,52
278,54
1828,15
1408,7
403,366
1336,47
578,32
1074,7
834,86
1967,9
760,72
1580,52
1140,22
81,97
1370,72
495,72
207,9
823,12
1856,9
1278,25
1229,22
737,22
1642,305
803,32
170,7
1175,157
1157,39
505,39
81,184
261,15
172,17
1284,25
230,909
1948,32
385,106
1576,39
286,25
1790,7
629,52
1931,458
1780,25
182,973
1865,15
905,52
717,25
375,22
1127,7
913,52
1375,12
733,22
627,66
65,5
432,154
1108,70
1401,52
367,199
1411,39
615,86
1547,25
42,1
1981,25
161,66
1110,52
142,401
207,22
588,52
390,39
229,5
365,1402
533,1187
946,7
1282,22
886,7
749,7
1404,27
173,115
1620,72
1706,86
149,1037
1186,39
1452,52
1668,9
1328,106
915,7
581,7
239,32
204,70
24,47
161,15
153,154
346,5
1076,7
440,66
98,280
1571,7
1806,52
1483,15
1919,32
304,391
306,1098
494,395
866,7
1405,72
1210,86
1627,364
1347,52
1440,39
354,52
940,1092
23,175
499,54
1525,7
260,395
218,15
145,146
93,39
530,281
713,15
87,17
534,47
1087,15
55,72
1148,47
997,154
1649,25
247,154
238,181
24,54
268,1500
515,516
2,1028
942,157
71,72
30,12
114,32
317,72
618,7
964,47
214,15
180,395
64,12
83,280
1296,54
1608,7
89,52
1067,15
92,7
1306,115
1435,86
587,7
938,106
1969,7
968,22
1015,72
1304,5
593,66
460,1253
751,7
1593,52
872,7
673,106
543,25
1326,66
595,52
1801,7
1105,47
898,39
1516,15
422,7
1193,52
81,60
961,154
1885,1886
209,7
1394,7
642,32
197,54
1322,22
19,20
510,7
41,7
149,1689
448,15
129,12
339,157
21,22
1934,7
1721,7
330,47
525,27
422,66
758,39
688,47
1502,5
631,1010
443,22
859,54
465,5
1240,52
1564,1156
216,39
960,25
552,22
676,677
37,7
1225,86
1395,25
247,15
1107,86
358,22
1146,7
307,1645
939,15
340,72
879,15
1000,15
113,47
369,370
459,7
1100,15
1074,22
6,7
769,25
232,54
1416,86
781,25
1191,7
1312,7
1864,458
248,249
1016,1017
827,106
59,273
1410,52
1040,25
476,25
937,70
94,7
131,27
967,52
473,349
1887,106
473,715
935,15
404,120
248,528
455,7
1469,32
1217,15
1953,72
772,1945
111,9
662,395
703,1891
363,364
961,289
1746,52
240,241
917,25
1606,7
287,7
408,7
172,32
74,7
544,25
627,39
1371,25
782,7
367,1098
23,66
263,1156
373,9
1291,86
78,806
1542,86
217,66
597,12
263,264
1205,146
496,7
1346,39
1066,5
733,7
65,54
1982,15
111,66
1760,52
183,106
23,22
993,5
1054,671
207,7
1064,1298
195,154
1690,25
65,66
916,154
972,15
111,22
1471,39
1260,1261
500,501
1133,15
434,39
261,25
1713,25
420,22
710,86
912,25
1241,86
753,9
1979,25
867,1
622,7
1177,7
457,458
835,575
285,364
1915,458
250,5
1454,32
958,5
1573,22
331,332
514,7
118,52
1341,7
38,39
404,280
416,25
119,349
852,52
176,66
24,25
792,793
1139,66
863,25
258,15
404,82
178,72
61,15
1501,47
673,66
938,5
1517,12
268,1537
1012,12
1185,12
1476,72
1513,52
617,15
220,221
581,17
119,401
1928,9
1511,787
1983,86
285,450
4,22
1943,12
573,5
16,17
1551,12
856,7
1093,7
1230,7
814,39
1089,47
1890,86
149,1354
1358,1283
688,7
238,60
195,25
1062,7
1825,25
163,32
925,52
1898,25
1870,70
464,54
2,3
527,553
119,120
427,428
1913,9
1120,86
1013,52
1301,15
1519,269
268,1858
173,333
296,54
795,12
706,52
1720,15
882,39
1307,458
1462,50
87,192
1377,39
610,5
999,86
548,395
1343,7
378,20
480,52
1781,86
1267,7
36,15
1693,106
1612,25
1116,86
1418,15
614,25
246,7
1802,52
1246,25
171,25
1767,52
883,72
1789,7
705,22
473,273
320,52
549,12
1101,5
207,106
961,47
1080,1081
1488,86
634,39
1338,15
180,154
419,332
1575,15
1115,52
122,84
228,17
1216,7
1117,54
527,619
36,54
392,7
156,32
477,729
974,9
885,7
234,86
959,106
1912,52
1810,47
1300,395
1512,52
914,7
473,282
1222,25
581,175
900,54
508,928
109,52
1674,86
590,72
1641,25
1778,458
410,52
877,47
541,106
988,86
533,829
1096,1097
1328,32
786,787
122,1098
1451,15
1525,12
682,192
23,7
895,106
1102,86
1624,157
140,289
426,39
1293,25
1783,86
76,876
812,813
737,9
49,281
403,928
803,7
1652,5
541,47
381,15
1133,32
724,86
716,27
265,47
672,52
1791,7
681,15
1256,32
23,72
1101,154
732,22
1960,72
1227,52
1817,52
1086,1427
1251,25
690,86
232,66
503,458
1878,86
586,7
723,7
122,526
1157,7
815,32
1946,22
695,86
892,264
45,15
1908,7
1367,15
1160,39
862,5
1691,555
675,154
1229,106
1862,15
279,658
600,52
887,7
1334,25
1245,7
1382,7
970,106
1753,25
1684,17
304,82
1572,7
337,115
83,60
122,97
593,39
268,269
1794,9
415,5
339,5
990,395
1933,7
1016,876
440,22
1642,445
341,7
1266,52
1403,22
814,22
862,12
639,7
792,1010
219,15
653,15
24,15
404,491
567,52
413,99
1583,15
365,512
1841,47
1978,47
654,86
260,39
1853,7
1831,52
85,86
140,154
730,157
1752,1360
610,32
1894,52
339,175
460,17
880,52
59,60
472,52
634,15
1161,1325
93,7
554,555
235,72
474,54
38,32
1761,47
415,54
1396,70
279,1135
24,22
306,181
949,7
962,17
1050,25
284,5
1877,25
1860,39
1212,755
1669,458
831,39
1430,86
1566,52
1939,7
1842,787
1184,575
453,86
1699,47
767,555
1055,395
1574,7
990,32
844,1
431,52
1437,52
625,203
537,7
1364,7
252,15
896,5
1032,7
129,39
285,281
413,271
34,27
1662,7
207,175
978,52
1930,72
782,106
98,60
1218,52
1762,1
703,428
742,52
2,1741
1439,86
1305,86
1197,32
819,501
170,72
868,39
754,1078
1976,7
873,52
807,154
1128,86
548,15
1001,15
55,9
818,7
1605,52
1733,15
1209,931
859,22
1758,609
1315,25
1515,106
1152,32
938,395
482,72
1161,1557
467,27
440,154
33,15
860,15
45,39
1294,47
736,5
515,1971
218,5
1022,25
664,52
738,7
277,52
1929,47
660,32
1161,1162
1179,106
139,154
367,445
753,154
707,7
348,12
424,15
81,82
405,406
992,7
98,1098
791,52
379,39
1465,32
1229,7
228,22
1459,86
1849,47
754,1023
294,12
1489,5
160,32
188,273
605,1010
824,7
346,154
1514,7
420,15
821,72
1393,52
200,201
328,329
1168,54
493,7
1477,52
1732,86
718,15
161,7
523,47
164,52
871,72
1170,52
1137,47
1614,86
635,52
1332,86
1813,86
1805,25
23,54
1644,7
227,52
989,32
279,1026
1958,52
1413,22
1824,72
251,9
1118,7
111,54
304,491
638,15
1317,5
498,25
1524,52
1840,72
1479,7
1688,15
160,39
61,22
1169,22
1974,7
1686,70
442,7
382,7
419,27
1160,154
331,1162
1772,52
190,32
1874,12
1432,7
1257,22
278,47
176,54
1508,12
1335,32
214,7
1139,22
360,5
748,86
1846,25
1223,800
832,25
83,401
1288,106
1442,52
352,17
895,22
1231,7
147,22
377,15
1923,7
1589,7
1726,7
119,210
1009,47
449,450
155,86
867,364
507,52
653,25
104,54
304,478
24,5
276,52
669,22
571,39
952,22
318,1319
990,7
1345,52
433,15
296,47
1544,25
1071,52
757,22
268,1287
372,52
1290,39
1852,106
315,47
1843,7
1226,15
114,7
1190,25
685,7
343,32
1845,5
122,199
891,575
774,154
888,458
134,5
218,25
611,25
385,1548
1935,52
517,7
899,1
95,47
442,9
216,47
2,1280
328,1480
529,12
374,181
1085,15
1359,15
984,52
959,72
1765,5
961,54
105,66
1335,54
343,72
464,66
1792,7
1224,52
312,25
865,5
274,154
975,72
127,25
845,52
21,39
1779,52
1337,9
1385,7
437,52
720,5
638,32
1073,124
36,47
1142,15
130,52
194,25
582,86
1113,86
1671,72
861,5
918,52
547,175
1219,25
222,12
847,86
687,66
165,166
691,7
943,52
1851,25
1036,25
367,478
961,15
1088,555
413,333
1326,32
481,7
1122,15
1621,39
484,52
976,7
1350,7
1696,47
1137,7
1916,458
759,22
1505,1937
1642,271
1826,86
1015,47
392,39
1634,5
207,15
1380,39
774,39
539,52
174,25
1924,27
279,84
2,150
1146,17
488,39
270,84
191,192
862,39
1836,52
1827,25
607,7
1396,22
1450,395
1164,1165
1715,39
1318,289
304,1002
239,25
656,22
740,281
1584,52
1052,39
149,370
560,7
1387,7
268,577
1062,72
1178,54
229,7
1770,25
362,47
389,52
1233,86
1295,7
183,15
441,15
1082,7
1317,22
1909,7
1657,86
815,15
936,15
1975,25
545,52
811,39
105,154
541,15
160,22
26,27
858,86
1373,458
1866,47
1303,52
975,39
1972,72
172,157
123,124
694,501
98,282
172,66
990,47
1627,1109
1391,52
153,5
471,86
1648,72
178,7
739,72
363,1
814,47
1093,15
673,7
1198,52
1673,25
1368,106
1047,7
104,25
1306,143
1613,1
1661,7
547,66
1844,86
1737,52
479,7
1496,305
10,7
798,52
1063,32
670,1109
547,289
1793,72
111,157
578,15
1038,52
236,106
768,22
235,7
4,5
557,25
952,5
990,22
1189,25
270,271
1250,25
67,7
1821,25
646,154
508,793
987,86
1297,1298
21,15
1499,289
702,32
362,17
605,520
1455,25
830,86
1600,17
473,333
119,462
1701,15
1361,54
851,47
651,25
1546,86
1911,7
1764,9
63,7
1344,25
1559,22
1609,86
561,289
138,15
466,39
837,52
622,32
1926,54
682,157
1126,15
1414,7
585,52
98,82
247,72
1406,72
796,52
1747,12
55,47
697,1716
538,7
1964,86
1857,52
657,72
1882,52
1692,555
1784,7
872,12
417,25
1664,12
291,72
1712,22
339,66
1277,555
626,7
1591,52
1121,7
1428,72
1178,70
646,5
548,32
100,7
1123,25
309,47
556,32
667,47
299,9
1977,7
267,32
367,60
1963,52
1016,322
474,17
57,47
1904,52
956,7
306,491
932,395
473,60
1073,1545
1763,86
374,305
350,72
1834,25
226,106
433,289
48,32
59,491
747,27
1973,7
511,512
874,9
666,15
470,25
381,7
230,70
1129,72
1654,15
1447,7
1045,458
490,52
1396,5
304,526
1025,32
908,52
30,47
1137,9
1535,7
487,289
119,715
446,66
240,264
43,1046
621,27
125,86
297,298
173,391
1847,15
21,395
1381,86
993,7
1607,86
824,32
238,445
48,39
1773,1774
1334,17
603,25
268,551
666,22
1244,52
87,15
1355,27
642,15
1123,7
853,12
438,106
1043,52
233,25
840,15
719,15
1543,52
578,39
1938,22
102,7
720,106
324,5
1598,52
686,25
1338,32
454,319
268,1060
1314,25
1631,52
1724,39
1707,25
878,72
1768,25
1749,25
67,47
1797,458
824,39
954,192
416,7
121,32
653,7
1134,15
666,17
1552,15
144,25
1515,12
1883,1884
631,606
504,7
303,52
1309,52
397,15
1879,22
1729,17
1392,27
647,5
1520,32
334,335
1232,47
1471,22
374,491
1638,86
756,15
1461,12
1053,15
1337,22
1829,22
1397,52
573,7
838,72
1681,39
1411,32
73,66
655,106
119,181
442,39
740,322
542,7
1867,70
1618,86
532,25
997,5
736,15
186,32
756,66
98,715
903,7
1247,15
734,86
1039,1
1251,72
374,115
1596,52
807,54
1630,25
927,32
1804,9
786,1460
1861,72
608,609
1188,52
1018,1019
991,7
88,7
460,461
940,941
1743,52
1047,54
933,39
404,715
1273,7
1872,86
986,72
732,15
374,168
563,22
149,806
345,86
59,1660
1585,15
138,66
451,25
1588,12
1057,25
1077,86
772,773
104,22
1171,17
169,17
80,47
1808,52
141,72
1358,9
1269,7
365,746
304,333
423,52
1073,1650
299,106
37,106
248,944
754,1070
1024,39
864,7
1896,52
1509,52
1016,450
770,25
37,72
592,25
1163,25
839,72
550,5
1006,22
439,5
487,15
1523,7
1757,52
708,47
1398,47
400,1187
248,1360
513,15
8,9
1586,1616
1756,47
870,25
374,210
83,1187
1703,458
1236,72
1143,15
527,1060
182,458
392,5
1033,25
1279,106
195,5
576,1
452,39
81,168
579,12
1665,25
1713,7
158,52
307,977
207,192
73,9
83,462
728,25
76,50
692,7
107,52
1201,86
435,22
841,12
1873,47
1863,52
402,86
801,86
1961,52
390,289
1431,72
1194,1932
1560,15
802,106
306,199
40,39
1711,146
314,7
1044,5
1200,25
1695,52
279,280
463,47
254,7
1203,52
1274,1162
270,1660
612,7
23,5
867,281
889,86
1832,25
1068,32
205,12
173,99
765,52
13,47
896,39
1377,15
1207,32
464,25
111,5
1467,1468
296,154
676,797
195,54
1526,86
804,805
137,22
111,106
413,715
316,52
1875,86
327,9
1705,32
1053,39
149,79
59,282
969,52
451,12
1237,72
895,17
1086,458
1903,72
1905,22
1389,712
404,115
35,7
426,32
725,7
862,7
466,395
1850,25
721,47
1417,7
111,175
1871,86
1242,52
449,364
766,52
396,7
405,1569
958,66
409,25
1311,15
307,665
622,47
278,39
215,32
474,106
1239,154
1052,7
1560,192
51,52
1369,458
1895,32
288,175
152,7
1493,86
53,54
979,7
951,86
828,86
1337,7
527,1611
1140,7
542,106
291,9
687,157
733,12
901,86
135,136
1966,86
713,32
562,25
610,192
1011,25
432,32
975,7
87,175
778,154
643,7
505,22
518,47
74,5
547,54
81,1002
236,7
347,12
1151,15
139,22
727,66
594,7
731,7
983,52
399,39
1089,7
194,66
323,39
1079,12
81,462
1522,52
43,1034
413,391
786,931
1521,9
833,15
1735,25
636,15
517,15
574,575
1685,106
1328,15
934,25
499,32
741,86
613,27
356,52
11,12
302,72
432,39
1362,52
743,32
466,12
1594,52
1519,1625
105,175
149,150
1558,22
596,52
1602,52
197,47
604,52
45,72
1272,22
547,154
1941,7
1639,395
946,72
771,15
438,25
21,47
486,7
1725,72
1177,5
1495,86
1956,15
1786,86
1415,7
1464,47
1759,15
1064,1065
1142,7
1270,72
674,25
1112,86
119,184
848,849
1004,47
1708,52
1601,22
425,32
1355,458
558,39
562,154
691,15
13,7
961,7
1739,15
1540,52
1357,22
36,106
492,450
1025,54
1830,7
927,39
1617,7
188,829
371,47
1663,86
1006,175
103,17
675,39
1130,86
1600,72
73,70
611,15
1795,47
957,7
1466,52
669,72
881,7
365,366
1659,15
1613,281
216,5
254,22
998,52
502,9
1104,25
678,12
628,17
447,32
1351,72
188,280
922,47
455,32
96,15
140,32
477,414
1263,52
830,52
108,39
687,192
888,27
248,1060
1271,52
1980,52
1014,7
293,86
403,746
583,22
326,5
707,5
113,5
385,854
236,32
1322,39
1321,175
474,5
1506,86
367,391
508,1221
1679,22
381,39
1701,5
730,192
511,1402
468,7
1174,157
924,32
963,7
213,39
1213,17
138,5
875,907
167,47
647,154
362,106
300,7
809,86
1812,289
313,25
795,7
1139,15
418,86
1820,289
1968,47
1632,319
1541,86
1590,106
301,32
122,82
242,32
1578,1579
190,192
381,32
897,15
992,395
709,52
1651,25
87,47
531,22
1736,7
833,39
455,22
530,1
578,7
950,52
1914,52
1481,52
170,39
732,106
1900,7
1666,52
760,1348
1623,52
142,506
1349,501
1730,25
1906,72
958,39
1901,32
123,506
927,70
1656,7
1141,22
562,47
1868,12
937,395
519,106
1299,86
90,39
1444,32
1337,106
188,850
1458,86
1106,12
1731,86
916,54
242,15
1491,7
336,72
1473,72
803,9
668,289
400,506
1835,52
1080,1388
1776,52
953,47
215,39
760,106
398,54
163,5
981,52
1922,70
59,84
394,395
1635,86
547,12
245,86
1366,876
1710,25
1131,72
1667,52
937,54
374,391
266,52
496,15
1235,86
1734,12
1155,7
733,15
653,32
385,386
538,15
81,115
1365,15
698,699
1727,39
360,54
540,9
1798,32
1204,32
985,9
397,395
151,25
1386,72
971,106
780,52
958,70
920,370
160,15
536,72
605,606
188,189
783,25
1837,47
1925,52
843,52
1399,27
1436,7
1390,52
1484,9
966,17
610,39
1083,52
1167,52
1143,22
1676,39
351,47
122,478
1027,70
380,32
624,52
775,17
268,822
105,25
1751,25
568,329
1962,712
1321,192
202,203
511,520
1769,52
1897,15
703,1316
413,478
198,289
1563,370
1888,52
268,1823
1101,39
527,1672
930,931
456,7
263,241
77,52
693,7
1281,86
647,15
1378,72
76,364
1528,1529
650,47
1893,15
113,22
1276,7
730,175
1771,7
376,7
786,1176
1292,25
689,52
121,39
330,15
1095,25
701,12
14,15
444,27
825,15
101,86
75,47
1603,7
875,876
566,32
98,305
1457,47
208,7
1199,15
534,25
1694,15
1445,395
587,72
290,72
1422,32
40,7
965,22
632,22
122,210
1228,52
1374,47
464,106
355,86
560,5
1342,52
820,52
1119,15
346,66
562,7
1811,15
744,745
947,12
1035,52
1881,52
1531,72
1582,52
898,5
330,54
489,7
381,17
1059,25
1310,9
1132,25
1714,154
1006,192
112,47
1018,305
359,22
860,70
652,72
580,32
1318,72
128,25
789,289
955,25
1254,32
1653,72
1139,5
1313,5
430,32
497,12
178,9
1754,39
676,1206
1324,54
361,154
295,52
1419,458
1047,5
1268,25
826,52
393,52
1539,22
790,22
1538,907
524,70
1727,15
954,66
535,52
464,157
825,25
207,39
1238,72
762,298
1665,7
921,86
598,52
384,27
81,199
1258,7
1533,1534
1337,39
425,106
1340,52
46,47
255,256
147,395
1151,106
1424,7
460,1333
1144,522
59,271
1549,25
1172,52
995,52
270,184
1565,22
590,12
910,47
1463,47
144,15
1157,22
1450,32
1352,27
1815,25
452,32
627,9
565,32
1833,52
180,66
1420,7
511,1221
1604,27
134,66
1239,32
580,22
1072,25
1075,52
198,47
45,192
2,1809
307,308
1247,32
126,7
1055,7
153,17
769,12
661,22
244,86
40,395
112,9
98,84
647,39
407,52
18,7
38,66
413,280
1318,54
1907,22
436,175
104,5
727,39
1880,52
1807,86
1085,39
1441,22
735,39
440,7
1855,72
257,15
489,395
559,39
1008,15
679,17
703,704
1249,52
323,12
1409,25
948,86
411,25
1482,25
568,569
31,25
1440,72
1505,1569
496,12
663,25
1814,52
268,1775
685,12
91,52
1839,52
1171,39
620,154
1117,9
1453,7
243,12
785,22
831,66
1902,52
1159,22
1876,47
1208,32
337,338
1910,52
464,17
230,231
24,7
149,1755
1399,458
1239,54
1196,25
284,54
447,15
1497,70
668,15
1433,289
1704,7
1136,52
339,54
1639,106
1918,39
763,86
