683,7
156,157
40,22
593,32
965,39
1535,5
1536,7
1628,72
1554,1555
968,7
1384,39
268,1611
1016,1
230,15
713,39
705,66
814,17
248,1917
1159,15
601,17
1220,15
1818,86
499,1103
1892,86
1738,289
122,1002
275,32
1788,7
469,7
81,273
942,22
1472,192
1640,22
139,9
1334,47
1182,86
1285,52
466,70
926,522
754,755
750,52
1234,52
1094,7
547,192
1869,25
98,181
1492,52
1030,86
1503,25
11,15
1471,32
477,282
361,70
1950,7
527,528
714,9
1740,52
1248,52
278,54
78,478
1828,15
1215,47
403,366
1336,47
1074,7
834,86
1967,9
1637,66
215,5
760,72
1580,52
1140,22
1370,72
1498,5
495,72
823,12
1856,9
1278,25
1944,52
1229,22
737,22
170,7
1175,157
110,7
1157,39
412,72
505,39
149,1028
81,184
172,17
1284,25
230,909
1576,39
385,106
259,154
1790,7
629,52
994,70
1931,458
1780,25
905,52
717,25
375,22
1125,364
584,32
1127,7
913,52
733,22
1819,7
627,66
65,5
367,199
1401,52
42,1
1411,39
1592,86
1729,32
615,86
1547,25
1981,25
161,66
207,22
588,52
527,1750
1646,106
390,39
229,5
533,1187
946,7
404,391
749,7
886,7
1404,27
1620,72
1785,15
1706,86
149,1037
1186,39
420,7
1452,52
1328,106
915,7
1051,25
239,32
204,70
161,15
153,154
272,22
262,25
346,5
1076,7
440,66
1571,7
1806,52
1610,86
1483,15
1919,32
306,1098
866,7
758,25
932,9
1405,72
1210,86
1347,52
354,52
1440,39
1407,86
23,175
8,7
499,54
1525,7
260,395
145,146
93,39
713,15
1173,22
87,17
1149,52
534,47
55,72
149,3
1148,47
248,269
997,154
247,154
238,181
24,54
268,1500
71,72
2,1028
1655,7
30,12
114,32
317,72
964,47
1859,106
1264,72
214,15
180,395
64,12
83,280
89,52
894,5
1067,15
92,7
1435,86
1255,52
587,7
1376,22
938,106
1969,7
968,22
1304,5
460,1253
1567,12
751,7
1593,52
872,7
543,25
1181,47
216,32
595,52
1326,66
1105,47
898,39
422,7
519,32
1193,52
81,60
1885,1886
209,7
904,52
1562,66
1394,7
642,32
197,54
1322,22
510,7
954,12
41,7
149,1689
339,157
21,22
920,305
1265,32
1934,7
525,27
330,47
422,66
688,47
1502,5
608,575
785,17
443,22
859,54
1240,52
465,5
1564,1156
160,154
216,39
676,677
37,7
1225,86
972,25
546,52
1395,25
247,15
1107,86
307,1645
340,72
939,15
1854,7
879,15
283,86
1000,15
1434,15
459,7
113,47
1074,22
1100,15
6,7
1416,86
781,25
1615,192
633,25
1191,7
1312,7
1016,1017
1864,458
1957,52
59,273
1410,52
225,9
1040,25
937,70
94,7
131,27
1887,106
473,349
541,17
1728,86
473,715
935,15
248,528
455,7
1469,32
1953,72
1448,72
772,1945
1702,22
111,9
703,1891
1308,7
363,364
961,289
1746,52
917,25
1803,7
1606,7
287,7
408,7
544,25
627,39
485,39
1371,25
223,47
367,1098
23,66
782,7
373,9
193,72
1291,86
78,806
217,66
400,115
263,264
375,7
1205,146
496,7
1346,39
1066,5
1982,15
1160,66
111,66
1760,52
183,106
932,17
993,5
1054,671
1064,1298
454,813
195,154
1519,1360
1690,25
65,66
916,154
111,22
1272,72
1471,39
500,501
1133,15
1192,52
434,39
261,25
420,22
912,25
1241,86
1799,72
321,52
753,9
1979,25
867,1
622,7
457,458
285,364
645,52
1020,52
1915,458
250,5
1454,32
1573,22
304,184
331,332
514,7
1341,7
404,280
416,25
331,1480
119,349
852,52
330,12
24,25
792,793
1139,66
368,52
258,15
863,25
61,15
1501,47
1243,32
810,72
673,66
938,5
1517,12
1012,12
1513,52
617,15
220,221
28,29
1214,52
1647,52
581,17
119,401
1928,9
1511,787
1983,86
285,450
573,5
367,271
16,17
288,289
1551,12
856,7
1093,7
814,39
1089,47
1474,54
149,1354
1358,1283
1661,15
688,7
238,60
195,25
163,32
925,52
1169,32
827,25
1898,25
1870,70
464,54
2,3
427,428
1913,9
247,39
1120,86
278,25
1519,269
1013,52
268,1858
173,333
113,7
296,54
795,12
1720,15
963,72
1307,458
1462,50
87,192
761,52
610,5
999,86
576,322
548,395
378,20
480,52
1781,86
62,52
36,15
238,199
1693,106
1612,25
1116,86
1418,15
246,7
779,52
1246,25
171,25
883,72
675,66
1789,7
1275,52
705,22
473,273
320,52
207,106
1080,1081
1488,86
224,5
634,39
1414,15
1338,15
419,332
1115,52
122,84
477,478
228,17
1216,7
521,522
1117,54
36,54
392,7
156,32
58,7
477,729
974,9
959,106
1912,52
1965,86
1048,7
1810,47
1300,395
1512,52
473,282
1619,175
1222,25
900,54
508,928
1816,12
109,52
1674,86
1641,25
1778,458
1073,146
410,52
1274,1162
877,47
533,829
1323,1283
1096,1097
893,12
1328,32
786,787
122,1098
682,192
1525,12
404,401
23,7
1102,86
112,395
1624,157
140,289
812,813
1293,25
76,876
477,491
1586,787
737,9
49,281
403,928
1652,5
381,15
1133,32
1262,395
258,39
724,86
716,27
672,52
1791,7
250,32
681,15
23,72
1101,154
732,22
1719,52
1960,72
1227,52
1086,1427
1328,39
690,86
1921,22
122,526
503,458
1878,86
1553,106
586,7
723,7
1946,22
695,86
45,15
892,264
488,9
460,575
1908,7
1367,15
862,5
1691,555
645,86
675,154
1862,15
887,7
600,52
140,175
1245,7
1382,7
1936,298
1334,25
1753,25
572,25
1684,17
304,82
1572,7
337,115
122,97
177,7
268,269
1794,9
339,5
990,395
1642,280
1933,7
1016,876
148,146
440,22
1642,445
1266,52
814,22
533,462
862,12
1478,9
639,7
792,1010
219,15
404,491
567,52
923,39
413,99
83,84
1583,15
1841,47
1587,72
654,86
260,39
1853,7
1831,52
85,86
730,157
1626,86
1752,1360
808,575
610,32
1894,52
339,175
59,60
1180,25
472,52
2,1383
634,15
1161,1325
93,7
474,54
292,17
38,32
1761,47
307,1400
415,54
1396,70
279,1135
949,7
962,17
571,54
49,50
1050,25
1860,39
284,5
1212,755
261,5
831,39
1669,458
1566,52
1939,7
78,1490
1184,575
453,86
1150,25
767,555
1055,395
1574,7
844,1
413,414
431,52
1437,52
869,7
625,203
1364,7
252,15
896,5
1421,72
129,39
285,281
413,271
43,44
207,175
978,52
1930,72
782,106
187,52
98,60
589,25
1218,52
1762,1
703,428
1439,86
697,72
1305,86
1197,32
819,501
640,86
868,39
754,1078
906,907
873,52
807,154
1001,15
548,15
56,47
55,9
818,7
1605,52
179,12
1209,931
31,32
859,22
1758,609
1515,106
1152,32
938,395
216,7
1161,1557
467,27
307,1838
33,15
440,154
218,5
1294,47
736,5
789,5
515,1971
488,17
1022,25
664,52
277,52
1929,47
1687,72
660,32
1161,1162
367,445
4,25
753,154
707,7
1486,9
348,12
424,15
405,406
992,7
1252,27
791,52
98,1098
1465,32
162,86
1229,7
1459,86
1259,1109
1849,47
754,1023
1489,5
160,32
985,395
605,1010
824,7
1514,7
420,15
836,47
1787,25
821,72
1393,52
328,329
1168,54
2,429
493,7
1477,52
718,15
523,47
164,52
1920,72
871,72
1170,52
1614,86
892,1061
190,154
635,52
1332,86
1805,25
1644,7
227,52
887,72
989,32
279,1026
1958,52
1329,86
1824,72
251,9
425,25
1118,7
304,491
638,15
498,25
1056,15
1524,52
610,395
1840,72
1479,7
160,39
61,22
1974,7
784,52
442,7
1686,70
1331,52
1160,154
382,7
311,25
331,1162
1772,52
1874,12
1432,7
278,47
618,15
176,54
1508,12
214,7
1139,22
1090,27
711,712
748,86
360,5
1846,25
1223,800
83,401
1096,1557
1442,52
352,17
895,22
616,72
147,22
238,526
377,15
1923,7
1589,7
155,86
1009,47
449,450
1677,12
527,822
867,364
507,52
104,54
304,478
276,52
196,17
669,22
1533,1633
571,39
952,22
318,1319
990,7
296,47
1544,25
1202,32
932,39
81,1098
757,22
1290,39
372,52
1852,106
315,47
1843,7
549,12
114,7
884,106
1190,25
1320,72
685,7
343,32
1845,5
891,575
774,154
253,5
134,5
218,25
611,25
1935,52
474,32
517,7
1443,52
899,1
442,9
353,15
216,47
2,1280
529,12
374,181
1359,15
984,52
403,520
959,72
788,86
1765,5
961,54
1335,54
197,39
343,72
464,66
1224,52
274,154
865,5
1595,7
98,99
975,72
127,25
845,52
1779,52
1385,7
1532,677
437,52
681,32
720,5
638,32
1073,124
36,47
130,52
133,25
194,25
582,86
861,5
1947,54
547,175
307,1426
1219,25
1363,370
222,12
687,66
847,86
165,166
943,52
367,478
1851,25
1518,7
961,15
1088,555
1335,15
413,333
1326,32
1122,15
484,52
976,7
1697,52
1350,7
1289,52
1696,47
1137,7
1916,458
1642,271
81,99
1826,86
1015,47
1634,5
207,15
1041,47
1324,66
1380,39
539,52
174,25
564,52
1924,27
279,84
2,150
488,39
191,192
862,39
799,800
1822,70
1836,52
1827,25
1396,22
1450,395
419,973
1164,1165
304,1002
239,25
656,22
1372,15
740,281
996,86
1584,52
1052,39
560,7
320,86
1387,7
268,577
1178,54
238,82
229,7
1770,25
362,47
389,52
1306,715
183,15
441,15
1082,7
803,39
1317,22
1909,7
541,15
936,15
545,52
1489,15
1115,86
811,39
105,154
160,22
26,27
1373,458
1942,47
1866,47
1303,52
975,39
172,157
483,7
57,72
123,124
694,501
98,282
172,66
1627,1109
98,1970
153,5
471,86
236,39
1648,72
739,72
363,1
1093,15
673,7
1143,289
1198,52
362,22
1673,25
1368,106
1047,7
1613,1
68,39
1661,7
1147,52
1844,86
547,66
479,7
10,7
726,12
798,52
1063,32
670,1109
547,289
1745,52
111,157
578,15
236,106
296,175
768,22
623,54
235,7
4,5
952,5
990,22
1189,25
142,143
270,271
1250,25
646,154
508,793
1643,25
1519,528
987,86
1297,1298
21,15
1499,289
605,520
1455,25
1429,22
279,715
830,86
1600,17
473,333
851,47
1701,15
1084,7
651,25
1546,86
1911,7
927,289
1764,9
1344,25
1559,22
561,289
337,84
138,15
275,15
466,39
622,32
752,15
1926,54
682,157
1414,7
585,52
98,82
1800,86
1406,72
796,52
1485,146
55,47
1747,12
538,7
1166,72
1964,86
657,72
1882,52
1784,7
596,86
872,12
417,25
919,72
1277,555
291,72
626,7
339,66
1591,52
1099,52
1121,7
1183,52
1428,72
646,5
1678,86
548,32
100,7
309,47
556,32
1952,25
667,47
299,9
267,32
367,60
381,66
1963,52
474,17
1904,52
601,66
956,7
43,12
306,491
473,60
1073,1545
1763,86
392,54
374,305
350,72
433,289
48,32
670,671
59,491
747,27
119,333
1973,7
511,512
874,9
381,7
230,70
648,86
1597,52
1129,72
1654,15
1447,7
1045,458
1396,5
1025,32
149,1709
908,52
30,47
1535,7
425,15
911,25
487,289
119,715
446,66
240,264
125,86
297,298
795,39
173,391
644,86
1847,15
21,395
993,7
1607,86
207,5
238,445
48,39
4,106
1773,1774
1334,17
268,551
666,22
757,106
87,15
469,5
1355,27
642,15
853,12
438,106
827,9
719,15
840,15
344,52
1543,52
1043,52
578,39
102,7
279,1951
720,106
324,5
1338,32
454,319
1031,7
268,1060
1314,25
1631,52
1707,25
586,54
878,72
1848,52
1768,25
67,47
1797,458
954,192
774,32
416,7
1158,25
121,32
653,7
666,17
1552,15
144,25
1883,1884
1899,7
631,606
504,7
649,72
397,15
1211,25
1309,52
1729,17
1879,22
1471,22
1520,32
334,335
842,52
816,15
1232,47
374,491
1638,86
1829,22
1053,15
1337,22
1327,15
215,7
1397,52
573,7
838,72
73,66
655,106
119,181
1145,52
442,39
362,32
740,322
1867,70
1353,7
1618,86
532,25
997,5
186,32
1470,52
756,66
98,715
1247,15
1039,1
1251,72
1556,157
374,115
1596,52
260,22
1630,25
1188,52
1804,9
786,1460
794,25
1861,72
400,401
608,609
1018,1019
991,7
940,941
1743,52
659,7
1047,54
46,39
933,39
1273,7
1661,54
986,72
732,15
374,168
563,22
149,806
1550,52
59,1660
1585,15
138,66
1091,322
1588,12
1057,25
772,773
104,22
139,66
1171,17
890,72
169,17
141,72
1808,52
1682,72
1358,9
365,746
591,47
304,333
423,52
1073,1650
37,106
754,1070
1302,47
1024,39
864,7
1896,52
1016,450
398,32
119,282
770,25
37,72
592,25
839,72
550,5
439,5
487,15
173,526
18,15
1523,7
708,47
400,1187
248,1360
513,15
8,9
777,458
570,72
1586,1616
870,25
83,1187
857,52
1703,458
374,210
1143,15
527,1060
392,5
1033,25
1042,52
1949,27
1279,106
576,1
195,5
81,168
1665,25
1713,7
394,7
158,52
307,977
81,414
207,192
83,462
76,50
692,7
1153,72
1326,154
107,52
1201,86
435,22
841,12
402,86
801,86
419,569
1889,12
1961,52
390,289
1431,72
1560,15
306,199
310,72
40,39
1711,146
1044,5
1200,25
206,9
1636,52
1695,52
463,47
254,7
194,154
1203,52
889,86
612,7
684,47
867,281
1832,25
205,12
1068,32
173,99
13,47
380,22
896,39
1377,15
211,47
1207,32
111,5
296,154
1326,157
676,797
1766,7
195,54
1526,86
804,805
137,22
316,52
1875,86
817,12
1510,15
327,9
1705,32
149,79
59,282
451,12
1959,7
1237,72
895,17
1111,52
1086,458
1903,72
1905,22
35,7
426,32
328,27
814,9
725,7
862,7
1417,7
442,15
466,395
1871,86
111,175
1505,406
1242,52
449,364
405,1569
396,7
958,66
1311,15
637,86
421,25
307,665
278,39
215,32
1239,154
474,106
916,5
1052,7
51,52
680,25
1369,458
1895,32
152,7
53,54
979,7
1058,72
1302,12
951,86
828,86
1337,7
527,1611
1782,9
291,9
687,157
733,12
901,86
861,154
1966,86
713,32
562,25
242,5
1011,25
1326,175
432,32
975,7
87,175
778,154
518,47
74,5
1683,146
547,54
116,117
81,1002
236,7
1151,15
727,66
855,9
594,7
731,7
983,52
263,1061
1089,7
703,1716
194,66
1079,12
81,462
1522,52
1006,157
43,1034
413,391
1521,9
182,27
833,15
1735,25
1748,7
934,25
574,575
1685,106
1328,15
1717,555
741,86
568,332
613,27
356,52
11,12
1362,52
432,39
492,1
1594,52
743,32
982,86
105,175
149,150
1558,22
596,52
1602,52
185,7
604,52
45,72
1286,27
1272,22
1639,395
1941,7
946,72
1927,52
771,15
438,25
1725,72
237,25
1495,86
46,25
1177,5
1956,15
1786,86
1759,15
1064,1065
1339,7
1142,7
1270,72
674,25
119,184
57,9
848,849
1742,124
1004,47
1708,52
425,32
1355,458
1680,72
558,39
562,154
13,7
1739,15
764,7
1540,52
1357,22
492,450
1955,47
865,22
1830,7
927,39
1617,7
508,509
188,829
371,47
1663,86
1006,175
675,39
361,5
1600,72
73,70
1795,47
957,7
198,72
248,551
1466,52
669,72
1659,15
593,192
881,7
1613,281
254,22
998,52
502,9
387,70
678,12
1675,25
628,17
447,32
1351,72
188,280
96,15
140,32
69,70
630,27
1263,52
830,52
687,192
1494,15
108,39
248,1060
888,27
1980,52
1014,7
212,5
403,746
583,22
81,305
326,5
707,5
385,854
236,32
1321,175
374,273
474,5
1506,86
1412,52
508,1221
859,154
1679,22
381,39
1701,5
511,1402
468,7
774,66
924,32
963,7
1213,17
138,5
1124,7
1044,54
875,907
167,47
647,154
362,106
1812,289
313,25
1052,54
325,25
795,7
1139,15
418,86
1968,47
993,39
1632,319
1590,106
301,32
242,32
132,7
1578,1579
190,192
56,7
381,32
992,395
709,52
974,15
288,106
531,22
1736,7
1651,25
833,39
455,22
578,7
950,52
1504,22
1914,52
170,39
732,106
1666,52
1568,7
505,7
760,1348
1623,52
142,506
1730,25
1906,72
1901,32
230,846
123,506
927,70
1527,575
1141,22
562,47
1868,12
1423,72
519,106
1299,86
90,39
279,1005
1444,32
1337,106
1458,86
916,54
1622,86
242,15
1021,9
1491,7
336,72
1245,12
1473,72
803,9
668,289
1835,52
1776,52
953,47
367,462
142,599
215,39
760,106
163,5
981,52
59,84
394,395
477,445
929,22
1635,86
245,86
547,12
1131,72
1667,52
937,54
647,25
696,25
374,391
266,52
496,15
1235,86
733,15
1007,15
653,32
385,386
1191,1283
538,15
1365,15
1722,1723
698,699
1727,39
360,54
1798,32
1204,32
415,66
397,395
218,47
151,25
971,106
780,52
958,70
602,52
160,15
536,72
188,189
1074,175
783,25
1837,47
1925,52
318,319
843,52
1390,52
1436,7
966,17
610,39
304,305
1083,52
618,39
1167,52
1676,39
351,47
776,671
122,478
1027,70
624,52
1670,86
775,17
105,25
605,1456
1751,25
568,329
1962,712
202,203
1194,1195
511,520
1897,15
1769,52
1888,52
198,289
1356,7
1563,370
159,54
268,1823
1101,39
930,931
456,7
383,25
263,241
77,52
647,15
1330,66
1378,72
475,146
76,364
650,47
1893,15
113,22
730,175
1771,7
1475,25
376,7
400,1796
786,1176
1292,25
689,52
1095,25
701,12
1154,86
14,15
388,86
444,27
825,15
101,86
1603,7
566,32
98,305
722,52
0,1
208,7
534,25
1199,15
1694,15
342,86
587,72
290,72
1422,32
945,876
965,22
632,22
1438,7
122,210
1228,52
958,15
560,5
355,86
1342,52
820,52
775,7
1119,15
562,7
744,745
947,12
1035,52
23,154
1446,86
1881,52
1582,52
1531,72
898,5
381,17
1059,25
628,22
1310,9
1132,25
867,1109
1714,154
112,47
1018,305
149,1138
860,70
652,72
580,32
188,715
128,25
1658,32
789,289
955,25
1653,72
1139,5
1313,5
980,7
430,32
676,1206
1754,39
1475,7
1324,54
42,322
361,154
295,52
1419,458
1047,5
826,52
1539,22
112,106
727,17
790,22
1538,907
1727,15
464,157
825,25
535,52
367,491
207,39
473,84
1665,7
1238,72
921,86
641,52
598,52
384,27
81,199
1533,1534
1629,52
1337,39
1340,52
46,47
142,1507
255,256
1144,522
1424,7
460,1333
357,70
1487,52
59,271
1172,52
1549,25
270,184
590,12
700,175
910,47
1003,52
144,15
1463,47
1450,32
1352,27
1235,52
452,32
627,9
565,32
1833,52
1530,32
1420,7
511,1221
238,184
1604,27
134,66
1718,7
580,22
1072,25
307,308
1247,32
45,192
2,1809
1069,86
126,7
153,17
895,39
769,12
244,86
112,9
40,395
296,192
98,84
647,39
0,364
18,7
38,66
413,280
1744,15
1318,54
1907,22
727,39
1425,17
1880,52
1698,7
1807,86
1085,39
1441,22
1855,72
440,7
669,106
489,395
559,39
1008,15
193,39
703,704
1249,52
962,7
323,12
948,86
411,25
568,569
1029,25
31,25
1581,52
1440,72
1505,1569
663,25
1814,52
685,12
91,52
254,15
1114,52
1839,52
620,154
1117,9
1453,7
78,79
243,12
785,22
831,66
1876,47
1208,32
902,5
697,106
337,338
1910,52
464,17
24,7
1399,458
1954,72
1239,54
1196,25
447,15
1497,70
1044,192
371,15
668,15
1433,289
1704,7
339,54
1639,106
1599,32
763,86
1777,15
