2798,203
2877,797
1299,2520
2600,2601
976,2323
1075,2292
1609,2009
2459,1891
3063,1092
2555,1537
1367,5
2333,2013
841,1460
887,2801
1370,2144
1104,136
2329,282
855,2304
2996,1065
3219,1261
1495,2360
2889,2086
2359,2109
2539,60
1136,1660
2131,2242
2166,264
2530,793
442,1994
129,2343
1462,1081
2567,256
828,2801
2695,282
2073,575
2257,298
1729,1996
2277,364
2991,2274
3158,941
3345,512
3400,2764
713,2391
2617,2113
2985,241
2680,97
1530,2320
2974,2340
3394,79
3428,1951
2317,2520
825,280
1339,1548
2473,822
3161,332
2900,2013
2977,264
2059,522
2456,2269
1634,2089
2028,2029
239,555
421,1109
1574,401
1947,1
2936,210
2351,512
911,491
2765,273
2159,445
2246,2050
2610,2611
3196,1070
1679,2089
1910,2795
838,50
2645,2646
682,1383
2347,9
1676,2136
1351,1427
544,1360
2158,1774
893,1891
1621,1932
2071,269
1368,1138
3336,2199
2920,2613
1397,520
3381,2307
2020,1037
2513,120
2402,2403
1406,787
2047,2048
3268,1002
2003,850
2967,2111
1218,1993
3007,1545
2904,124
2655,2062
3147,2646
3018,2031
2457,2048
3446,329
2642,1971
1248,1500
3313,2213
330,1092
2860,909
1508,1348
2423,168
2225,1023
2315,2007
2854,793
580,1402
1817,308
2253,414
1378,1070
2193,2194
980,2007
2903,1221
1562,2094
3329,2060
1136,1545
1011,2074
3263,2138
3362,941
1462,907
2706,2549
468,1156
2819,506
272,2182
3199,509
1196,2209
1054,800
1958,2141
2905,2488
1100,25
1317,1645
1424,2178
3410,273
1710,12
3309,2439
45,1823
2035,575
3009,2168
2237,445
2741,386
2101,3069
3439,2406
2643,429
3122,1023
3417,1750
2358,1026
3002,1755
2359,298
1582,2009
535,29
2787,1994
1345,1650
2442,280
88,2403
2335,333
2906,1886
3389,1325
2733,2015
1215,289
3023,2171
2915,2626
3247,2267
3256,509
620,429
3263,2043
2224,2043
2754,269
3238,2043
2838,2652
2299,2300
2427,2428
3019,364
3089,806
3163,1774
1714,2031
3340,2157
1369,2183
2955,175
572,2087
2175,2176
1299,146
2458,2106
2132,2133
2612,2613
2253,2660
1679,1109
826,2588
3017,1884
3037,2764
896,1002
2835,1206
3190,29
2693,2461
2186,1545
1127,1858
2166,1891
2888,120
2534,1991
834,2194
1004,461
2760,2220
2217,2218
2699,599
2901,1023
3422,677
2392,876
1272,745
595,1993
668,606
1399,1823
3253,512
2120,1996
1992,1061
3058,1354
3297,1026
3298,2032
2998,1945
2791,2368
2026,2468
1237,1569
3395,2209
3384,1689
198,1716
2855,575
594,2482
1485,1886
2180,2081
2719,1023
489,1985
2933,1078
2163,1937
566,2215
287,2360
2632,2428
1800,1988
1685,2074
2315,1061
367,189
1437,973
1966,2592
3432,3047
1014,619
3205,2497
965,189
2636,1507
2596,2592
2981,29
2894,1951
942,1017
2478,1741
1610,2194
2923,2173
3368,575
792,2168
2678,1010
1553,2060
1822,1970
1693,2650
1408,27
2568,1206
2465,2031
1651,2360
3421,599
2584,1858
2962,1065
584,1809
2485,806
2971,99
2385,2078
2408,1809
1813,12
2614,2207
1475,931
2227,506
2724,335
2322,1809
2618,745
2984,20
2179,1555
3138,2594
3160,2070
2517,2002
2761,281
947,2484
1396,1750
2515,2461
3067,2325
3045,977
2879,2416
1227,1
2627,3175
2423,1645
1808,1037
2714,2323
2829,512
362,1060
399,117
2948,1998
2272,2343
2312,1427
1997,308
3351,813
2398,551
1123,2050
778,305
3320,2182
964,143
3189,1858
868,1945
3010,44
2669,1034
527,15
3406,520
2108,2109
3330,1534
3237,2040
2867,2360
2330,1388
2448,2247
2465,1716
2709,800
2809,1823
552,44
3126,2522
2124,1886
1154,1858
2347,166
2460,2461
894,9
453,461
2328,249
77,551
945,941
2167,2099
2828,2580
3003,2292
2004,2005
2135,189
2585,1388
2640,1468
3212,401
239,50
2092,2858
1958,2287
2505,2060
1949,2493
1328,2271
2077,2078
2361,1650
627,2468
1972,2396
2654,1360
897,1002
3360,157
1922,2416
1248,2368
894,1333
2163,2136
2675,2070
2931,2381
1096,2182
2912,1886
2270,1005
292,797
2907,2005
2582,2476
2908,745
3434,2287
2989,349
385,1383
1664,2588
2638,124
2435,1996
3100,849
3215,2626
795,850
3367,850
403,577
2364,2323
3168,1500
3170,2394
28,210
2631,2144
1915,2360
1357,1156
133,2087
1897,9
1273,1319
2536,2013
965,1500
661,1383
867,2267
2514,1354
2526,2337
2266,2267
1986,1633
1449,2320
2917,52
720,2191
3347,2155
3155,606
668,2289
3343,20
1286,2588
2116,47
3110,1951
2079,1103
2806,1490
3059,1283
2526,2201
2718,658
2046,429
1990,773
1760,2613
3131,2164
780,2209
1013,189
3232,2439
2434,1838
848,1388
129,2274
1707,2468
2370,1660
855,241
2172,2173
785,349
2710,876
1864,2292
608,2182
180,2664
3226,3047
1813,1741
2604,2018
2548,665
3048,66
1295,1507
2063,606
410,349
2903,2472
899,1426
2880,805
848,143
2387,800
728,2963
2278,2589
2024,1195
19,2074
3188,298
2553,2304
695,609
2331,99
1207,458
2156,2157
2506,199
3008,269
3098,2155
2924,2154
820,1316
2445,2271
1063,797
2417,1999
2351,1529
3094,364
2211,577
2197,2154
1681,729
2008,876
1220,184
3092,1775
2672,120
2668,2345
2069,25
2240,2171
1801,192
1107,2311
803,370
1868,1988
2418,2025
1484,2045
2687,458
2299,2273
2390,2391
1521,201
740,1156
2314,1388
2716,2184
635,528
2450,2451
2703,2482
2414,526
294,2476
2187,2764
2786,2289
2128,2129
260,349
2259,850
1717,52
2868,2869
2378,813
2725,2343
2768,264
3180,2406
0,461
3006,2207
3012,54
3201,2045
2460,2087
637,2064
2634,1741
3136,2360
2836,1162
2724,2650
1091,806
2330,2000
2814,1010
2960,2034
2668,1672
2697,79
770,1970
2629,1932
1960,2111
155,2000
2958,2011
3155,1689
2980,793
3235,2202
2680,2207
1077,271
2617,478
2639,2497
474,2111
1274,264
631,1097
2800,2016
3187,1283
1079,428
2453,1165
1748,941
2456,2194
2317,462
2830,2194
2508,1970
1411,2611
2076,27
3300,2209
889,2204
2444,2594
2918,2226
1143,575
2648,2482
3289,210
3435,264
229,1645
2427,1325
2728,745
2436,2006
2312,1019
2071,2072
1590,606
2534,1988
2998,599
2837,501
2067,115
2733,1070
3391,2650
720,2684
2455,1716
2241,850
3195,2381
2874,2078
1972,2323
3135,2018
690,2111
792,2155
1714,599
2152,526
2978,201
1628,2397
3064,2106
2788,1723
2694,2178
3143,2613
3436,2164
216,2064
2640,86
2803,79
1384,2098
3269,854
3164,44
1519,2043
2233,1456
3264,704
3348,2476
760,2289
101,755
2975,2038
240,120
2934,319
2174,1932
3051,241
1016,1650
2583,715
1768,298
129,2056
2665,1195
3209,249
2902,2563
1727,1195
3144,184
2573,269
2849,1616
2947,2218
87,1480
3123,729
3355,1988
2120,1456
1380,2601
3088,2885
8,1537
313,338
3152,2141
2478,2476
2932,787
2169,2274
3327,1886
33,1996
702,509
2187,512
999,1061
3074,1996
3276,715
2658,1858
2551,2091
2559,1555
2785,2032
1679,2045
1099,2232
2742,1660
2653,175
1908,2340
2750,289
3326,1280
993,2029
1635,745
1995,2081
2914,99
724,2199
3152,491
2784,1402
2115,181
2634,501
1776,1280
3108,106
2942,1402
1191,2394
3068,3069
2707,2650
2928,1672
436,2986
2508,2801
2533,181
692,79
3078,977
2732,712
3431,462
1339,2740
212,1557
31,2099
3274,1261
2443,428
1810,2304
679,2189
2174,2053
2234,1709
3198,1709
302,1500
1816,2099
1990,1991
2339,54
1722,2199
2789,1809
1542,2168
3366,941
2663,2664
1399,2247
2711,850
2843,2292
546,1545
1481,2671
88,3047
831,3035
2598,2267
1442,2040
1938,1480
1670,2415
1776,1165
635,1500
2248,1060
363,973
2625,86
2956,39
3079,2343
3397,2869
353,2215
3165,1937
2103,2032
2436,1221
111,1507
1930,973
2641,2027
1673,2070
387,1460
2595,658
3382,1426
2727,1937
2102,2027
2682,2157
1549,491
1089,2168
172,308
1509,1081
1769,2289
2249,2111
2265,1103
45,2025
237,1996
1356,2406
1621,1348
110,506
3306,3035
2804,2472
2346,2141
2667,210
2483,2484
562,20
2966,1005
2037,2038
2544,1886
2469,2476
2559,2422
3385,800
1540,1078
2531,2183
1983,478
133,2013
3066,1689
3342,520
2648,308
2353,677
447,829
2486,1046
2355,2247
2382,461
2297,461
3166,2628
2275,386
3230,2048
2314,305
662,391
2554,269
3275,281
2395,2396
1666,27
3294,7
2413,54
252,370
2822,658
777,1333
1291,66
2556,931
3403,445
923,2032
1653,1065
2507,1176
2080,60
2585,3069
2014,256
1613,2307
2224,1858
2256,2428
2562,1206
3014,2018
3183,349
621,2087
2896,120
664,2056
875,2622
1690,2650
3257,2072
1355,9
2501,1650
2609,2164
2365,332
1511,1195
2569,1755
2170,2171
3399,2613
2423,1162
3217,298
2221,1081
2728,2176
3099,199
1022,241
3076,2199
2494,658
2931,1490
2193,787
2463,2087
2214,1985
2824,2218
2334,1162
250,1991
3173,86
868,829
927,3069
1029,813
2840,2201
2528,2320
3112,7
1595,805
1021,79
1121,97
2842,1081
3408,1426
2452,1741
2026,2027
2900,1400
3281,2795
2886,2304
2587,298
1831,3069
2409,166
2324,2325
613,1937
873,2044
3133,2176
48,289
2717,2051
3303,203
1198,2013
77,1611
1481,2074
2276,2191
1527,2173
2939,2060
3216,1569
2334,522
337,3
1466,166
772,1633
3374,2045
3429,1187
2429,2109
1015,2044
2524,2218
431,501
2725,2072
1712,1500
3073,2885
1768,2247
529,17
3102,928
2260,1400
1338,1951
1084,1557
2521,2011
2125,1480
2150,2070
3028,1775
496,1741
2334,1388
3311,2509
3025,445
2181,12
2290,1061
3361,273
433,2168
3040,1994
3286,1537
1644,66
2449,2406
2617,849
2474,1548
2876,2050
761,1019
1767,2111
2518,2013
2729,1176
2997,2136
3413,335
2850,671
1137,20
2429,512
2998,677
2800,2294
794,2091
2445,1951
393,1529
2561,52
3333,2141
3224,1917
2865,414
3363,491
3243,2461
2726,1165
255,793
678,27
752,271
1363,203
3412,2416
2447,1187
2576,1660
2753,2056
2283,1633
1016,333
2742,221
3038,1060
2565,450
1602,516
1713,1092
2386,2337
2979,2340
3249,15
1817,391
2057,2058
2859,800
2574,2138
3101,2488
2284,1109
1604,2023
2542,17
2767,1005
2350,2213
481,2007
2781,2613
870,1557
1941,745
2810,2161
1180,231
3393,2795
1482,2953
711,2164
2389,2202
2466,1993
2659,32
2076,1065
2286,2287
2746,977
2412,1034
3121,699
2552,2111
2731,2381
1599,2273
1068,2082
3021,2091
3105,2051
2599,2592
2759,335
3156,2650
3242,2628
1943,2140
782,729
1674,146
3377,2476
2371,797
3186,72
2856,944
2796,2326
1443,1019
1972,2251
359,1796
35,82
2812,2267
1093,2043
53,2091
193,1569
2206,120
3024,2025
631,2013
700,2051
1191,2611
3057,1945
3411,1985
2186,1993
2313,1548
2884,189
2814,609
431,2157
2857,2209
1920,2580
2117,2118
2619,1775
979,2109
2519,305
3283,17
2122,1037
2255,522
2459,17
2224,32
1458,60
2243,2032
984,86
2623,715
1769,429
185,2148
2673,2247
2448,2340
3440,329
2227,154
3424,755
1950,2129
1854,1951
2572,2045
3072,201
2537,729
3053,32
1574,2148
2679,2032
3174,520
2469,2086
3029,386
2835,2171
856,1103
2319,1287
1898,2362
2843,322
1770,854
2846,973
3016,2689
720,2326
3352,2168
377,846
2690,66
1434,2451
899,1796
3022,2204
3033,1298
3020,166
3231,2074
2255,619
2492,1070
827,2795
2632,273
2033,2034
3179,2087
3228,370
3367,2292
1201,2406
2993,2601
1126,189
2203,526
2897,2215
67,555
2373,941
2523,391
718,1775
77,9
2739,609
3000,115
1888,928
2464,944
2802,1468
969,1028
1848,2199
2712,97
916,1775
2426,699
2021,1165
576,395
1668,319
434,491
2564,414
1762,2133
2119,658
3337,157
515,1010
1522,221
1767,1253
3284,124
3339,1633
3356,84
2402,2213
2100,366
489,2764
139,787
3220,2202
2382,1221
2643,528
842,2320
1675,712
2019,2199
1989,82
2104,269
2600,829
1479,1994
2404,2050
2234,1741
975,1999
3046,2207
492,2085
1785,2138
1226,2094
1337,2081
3282,2652
251,1065
3207,221
1587,2155
2001,2002
2146,551
2405,671
2700,1633
2913,2509
1295,99
3448,1187
2899,1078
1596,2138
1204,47
1817,1545
1140,2136
1090,82
739,1005
3402,428
1133,2183
3445,458
3414,2589
1607,2300
2604,1917
2110,1010
2551,210
818,461
2035,1065
1965,1187
2163,2628
1987,1534
3115,1176
3106,2309
2203,2204
206,1206
3341,854
1614,2416
3052,1774
3154,2626
2602,1287
3167,1383
3185,2432
1352,2048
53,221
2149,2360
1236,60
2610,1971
1222,1005
83,333
3095,2764
1925,2007
3390,1970
2286,264
3317,280
904,2307
3146,7
2815,1427
1154,1280
3176,2129
1364,146
2295,166
2679,2086
1738,124
339,1195
3383,1529
1830,773
2401,1996
556,231
2667,1065
1511,1427
1957,20
2723,1426
2172,2337
3387,241
2816,2340
240,1838
2071,813
3236,2484
2773,1971
1731,2136
1137,2451
2462,79
2550,2213
2384,2144
2884,428
28,909
1084,2157
562,2133
1450,553
3338,322
3378,2009
380,1993
641,516
2130,1138
1748,2885
1995,1650
910,2050
1514,86
198,2416
1977,2589
3225,1917
1620,2038
2511,1109
2597,2138
917,401
3101,2522
2813,27
2502,2099
1849,1162
2519,1034
2911,329
771,1280
2827,931
2779,715
818,60
2692,1507
2068,2086
2674,850
2735,2064
2272,2273
301,1165
2250,1709
218,280
1769,366
3223,2646
3365,1709
2959,2411
2579,2178
1327,1971
996,1023
1974,1557
3438,2833
1269,289
1530,329
688,822
759,2183
1844,1005
3430,2660
447,82
3127,2588
3331,2273
1326,2232
2887,2472
3447,793
960,2016
2260,1996
3396,124
259,1750
2662,2118
213,2070
356,2320
2393,2394
3371,509
3107,2482
1068,2320
1540,2484
1003,1005
2066,1750
2254,2226
2348,1081
1511,231
1684,2027
2160,117
108,849
95,32
3163,86
2211,2488
3034,2040
1556,1017
179,509
3280,1316
2824,2016
3270,2058
2200,2201
2527,2326
2929,2563
100,12
2834,201
3201,1884
3261,931
1094,3035
371,2558
3324,1060
2407,97
3007,2009
2690,977
3437,2752
88,1097
3407,699
1839,1165
2380,2381
1911,2411
2990,1081
2519,2109
3045,1937
1071,2247
2821,512
2621,1838
1051,712
1101,2326
2873,414
2466,1884
2820,115
4,2053
2019,1098
2543,1886
2165,1010
2546,395
2342,2094
3104,2070
2772,2007
2881,2360
635,577
1959,2223
2288,1886
379,1970
1121,366
2400,7
2487,1065
2647,2292
1549,241
3157,136
3172,1633
937,1037
2008,1650
2818,2549
3410,1988
3061,5
2571,1650
2516,977
815,528
216,2154
2282,2085
1262,1162
1453,2136
2904,1755
64,39
3030,1316
1000,2098
1857,189
3192,2664
10,1028
279,2015
2910,3
2776,2202
1729,1348
80,54
1084,2368
3243,146
844,2081
984,2247
2672,1988
3078,2411
2248,1034
1025,2660
2253,1287
2510,175
1007,2660
2930,928
212,2362
1250,1884
2621,2622
3091,699
580,2011
640,2183
2336,977
307,12
398,256
2661,22
2802,1507
1410,370
3322,931
920,2009
196,2220
2676,2086
910,1716
3149,99
4,2320
916,2406
2103,2267
213,210
358,1061
2075,846
1223,280
3224,793
2162,70
1680,115
23,909
2102,2549
1787,82
456,2752
2315,1633
220,1261
2591,2592
734,2381
2010,117
2538,1534
3259,2575
2296,2138
2240,1611
2686,677
374,70
2686,2500
2864,2311
2805,115
1729,2422
975,2040
1223,166
2084,2032
545,2223
1673,528
133,1557
2192,1555
2017,2018
2489,395
421,2271
2290,364
2069,2070
1375,2468
2419,2129
2631,1427
2531,2493
899,506
1112,522
2713,5
3027,2343
3202,813
217,1775
1541,54
730,1616
363,1400
2769,305
2042,2043
3350,2424
691,829
2246,619
2401,1103
2992,2081
3060,221
2524,2476
125,1253
3120,166
721,2056
2114,1065
2308,2309
1953,1005
2919,364
3328,813
2335,271
3075,203
1499,944
2853,665
1688,366
1670,322
2839,175
2771,256
3206,2323
804,2058
1697,2522
2898,1775
1429,2274
1074,17
1352,72
3055,1650
1785,520
628,462
307,2397
3353,1490
2696,319
2131,1388
3426,2178
3162,1537
2590,1070
967,1138
605,1
2544,1109
2951,2795
978,117
2826,2013
2535,322
1518,2461
2285,1
3171,2622
179,2488
162,2368
1466,1195
467,2326
3137,60
1825,52
2010,2011
1522,2202
3310,282
1014,551
2702,928
1617,699
1802,1993
642,2023
2150,1065
2114,115
3405,2072
2268,2269
2725,2488
702,2140
1179,401
1780,2000
3250,876
3357,520
827,2226
3287,2038
1955,1886
3097,282
3134,458
2471,2472
3285,2482
3042,575
2884,2671
473,1971
2615,1070
2722,909
3056,1625
538,2118
457,2381
2994,86
2462,2050
535,99
2239,1741
2258,166
2499,2500
2443,2220
3441,2575
3118,2320
1856,2106
1015,445
483,1195
3349,189
1459,2168
3036,2018
2808,1709
1288,199
2152,1660
3011,2032
2700,106
2277,124
3271,150
1900,1480
2692,2048
2957,2113
1747,806
2608,478
2379,2274
3165,854
1154,1625
2620,800
2020,386
1013,2087
2736,370
3246,2269
2812,370
3169,1507
108,1280
2749,2070
2259,450
2927,2343
2984,2011
2910,146
3392,1283
1984,1985
2496,2497
1415,512
3218,25
3425,2391
6,1165
2848,414
3181,745
2281,755
2722,526
2245,797
2941,335
3116,2300
3291,319
3244,66
3312,2439
923,2493
3423,298
2198,822
2944,2029
2134,944
1297,1985
3109,82
1992,1993
2014,2015
374,2311
3054,2031
3442,2611
2236,2118
3071,2684
2708,2586
3191,2213
1578,395
2632,2594
2414,677
1744,773
1678,1645
2878,2684
2160,2133
3265,414
2920,2202
3251,1298
2822,3175
3130,2262
2187,2074
1757,1625
1573,289
670,281
905,2182
3153,2509
3418,3035
3415,746
3306,1319
2994,280
2527,2432
2816,97
3318,2196
2498,2269
603,1
1725,338
2410,2411
898,1065
2458,2368
796,117
2156,1023
1978,491
3013,2650
1648,2613
2067,333
3239,2833
2280,2106
3401,1319
1543,2575
3346,1625
1906,1061
3308,2015
2759,458
2228,50
3114,2396
3266,1616
1030,1097
2734,106
1609,1723
833,1081
1859,25
883,2269
2547,2141
2649,2064
2145,136
2162,806
3299,1400
2987,1156
2972,1002
2745,2201
3258,1858
2105,2106
3273,2072
3026,2657
3245,1709
3292,2558
1100,2016
2899,2833
1184,2098
2241,1028
2846,60
1286,2164
3140,2106
3316,2652
2206,1061
2097,2098
2222,1023
2354,1858
1539,1325
2480,2403
1157,755
1574,1809
451,319
374,2089
2233,366
1800,2086
1969,944
1753,1109
2715,2300
2754,846
2534,677
3153,2628
2160,2161
2093,2094
1811,1135
2305,1884
2819,551
3209,5
2926,115
3044,1774
536,1999
879,2173
3119,2493
796,2060
3015,2242
3164,2468
2437,773
2883,800
3043,2752
3276,364
2137,2138
1795,1951
950,2013
2139,2140
2121,154
2799,1261
1747,70
2884,2885
2898,15
1461,2184
2083,210
3057,249
2790,335
1074,106
1069,2262
100,458
3169,822
564,150
3372,2011
2743,2006
2988,1996
2399,1616
848,2589
1966,461
650,2002
1584,2652
3145,2588
898,2509
2973,332
2135,609
1335,1709
2670,2242
2212,2213
2378,2189
3373,2141
1125,2326
2431,2432
2413,86
513,117
1343,2269
2438,2439
936,450
453,319
2349,1460
2993,2011
1413,2205
2774,32
3427,1932
2512,599
2169,39
1397,2563
3178,2223
1721,1280
762,2058
701,2415
1286,5
565,2432
3279,414
3252,2144
2988,1400
3248,1078
2095,50
1894,1010
2721,1625
1281,2171
2851,84
549,2157
2130,2182
3335,528
261,2592
571,1221
2545,2157
3370,1348
2607,2082
2720,82
2817,2287
2539,2176
3081,1809
821,203
2780,2381
2405,2274
316,50
3386,1070
2882,2622
608,909
3307,2307
371,1400
2263,2264
2305,97
1255,2051
2625,2201
2606,2213
178,699
2581,157
2983,729
2329,2189
2259,32
2607,1060
1052,29
1228,2360
2541,2086
2707,15
3260,1838
1401,2242
3106,2575
2685,2031
2143,2144
1696,2044
3096,1545
1614,2300
2560,2043
2784,2326
1805,2468
2434,414
1933,2011
828,520
1929,2154
2102,2343
3278,462
3230,1176
3305,428
2880,609
3080,2391
750,1945
2193,619
2185,2058
422,2051
2214,1689
2866,1971
774,1709
1511,1206
2995,1985
3077,509
2479,2575
2229,1998
2092,2018
2364,1348
2954,1325
3082,2892
2479,2091
1544,115
2783,150
3213,2194
3049,281
997,2660
3117,941
552,12
2821,2098
2430,2204
1448,2141
2321,665
2068,520
430,1716
2367,2368
3285,973
2925,1026
1873,2953
444,2000
2188,2189
675,512
2037,1187
3093,1456
2999,2497
3208,2161
2316,619
1133,2133
3004,1316
1454,2000
2867,2885
1619,66
2122,1023
1371,192
981,2580
2147,1078
456,1996
2151,1060
2627,2397
2645,2086
94,1555
779,551
2431,2173
3364,1468
2758,2472
3319,829
2789,120
2793,298
479,333
2030,2031
1185,1500
3079,1468
3420,2138
2870,2111
2054,2032
484,2689
2126,86
2570,520
2998,2189
3314,1026
1193,745
2125,166
554,2074
2301,1092
3031,70
2208,1917
2467,2468
2597,2089
2052,2053
2238,931
2373,1970
2153,2154
2965,1156
1916,2048
2514,1109
2291,2292
2356,729
1389,136
1113,2575
1739,2232
2569,166
2627,2628
626,2199
3199,166
3050,491
2699,1460
735,2594
1669,2652
1458,2558
669,2106
1762,1988
3001,931
3204,2304
1361,115
3254,2594
3433,699
2490,2337
581,813
380,2262
2341,52
2217,1156
956,282
2578,97
357,478
2389,2164
1946,282
3379,2461
871,1529
2206,1660
2341,2287
1519,9
2383,2340
1503,2005
3380,1070
2239,907
2504,2072
3281,2182
1997,1998
1550,2183
3121,2594
1007,2086
1533,1037
2122,349
3194,82
3234,2522
2470,1316
3321,2155
2090,2091
3065,1028
2012,2013
2084,2085
524,1991
2319,800
2875,1932
2798,2406
735,333
2222,2223
570,2027
3090,1500
244,2652
1051,273
820,2575
580,2752
640,54
3124,2476
3193,2194
2935,619
1035,1468
1631,2415
448,849
493,478
2782,2060
3262,2273
2022,2689
2970,99
2332,2262
2022,501
3032,99
1465,1858
2039,2040
1327,2011
2976,512
1208,2226
3220,1026
567,2006
3354,2013
127,977
2780,551
2831,677
2128,1002
2369,909
2024,1750
3221,2007
2797,2289
1265,1187
3414,609
350,2002
812,553
2177,2178
3206,7
1930,1287
2935,157
3344,2018
2938,1545
2521,2522
3150,2267
1920,1061
2677,876
2756,2113
2698,124
2576,2023
3159,1028
756,1261
1116,491
3388,1500
2076,2051
2216,2025
2244,184
2890,189
2982,271
3053,2613
1252,2016
3309,2220
314,308
3125,256
1368,806
63,366
967,2023
1959,2009
2420,2439
1412,428
662,1298
2147,2138
2212,2337
1368,1716
2669,2113
2863,2050
1673,1135
2295,2652
2440,822
2974,2051
205,1253
1810,977
2036,2023
251,522
796,2689
81,516
2110,1261
2656,2657
2845,2000
1556,2007
910,2289
3227,2011
3182,289
1718,370
1039,1097
508,1709
2447,1838
3293,1886
948,715
1086,1611
1401,2394
1085,22
1752,269
2491,2053
645,2038
2231,2232
3404,9
286,1755
2312,2264
2950,2034
3325,478
696,1070
81,1709
2893,2476
1846,2626
3151,184
2540,1838
2231,106
925,2173
3210,231
1691,1138
3128,2064
388,429
1369,2011
1338,2155
1501,2050
2338,281
781,2345
3375,79
1257,2764
2909,2461
2279,1402
2983,2497
2602,1741
3083,2016
1225,773
1833,755
2891,44
2119,189
2566,1097
592,715
297,271
2965,1507
2603,800
3041,1065
2096,1689
2891,2892
2372,203
3409,1061
2103,528
2446,2015
2257,1569
3398,800
1576,1993
1031,1500
2968,822
2921,2360
2846,1709
610,2586
1012,1325
3272,665
2887,32
468,120
2763,1858
3332,1775
2844,2601
3302,2016
3267,2482
2940,2362
2945,797
3301,168
2475,2381
2302,2062
2949,2432
2104,2432
248,192
2571,2289
311,17
1844,575
1779,1932
1911,44
1419,2287
1899,1490
2065,1298
544,2613
3241,2580
485,1611
3197,1569
2498,1625
2825,1555
2731,1645
1882,462
3103,2269
1992,599
2030,2424
1451,1750
735,1809
1286,1886
844,658
402,509
2327,800
1877,1616
2747,2601
2235,1985
2738,1858
2932,2488
2174,29
1343,2136
3247,1991
2278,849
2147,2148
628,2129
2688,124
763,512
2322,2006
1473,2202
790,2094
107,1755
2723,2182
2681,86
2061,2062
3227,658
3086,2439
1585,1537
1375,2267
1662,671
2674,2652
1370,1937
3369,2628
2760,2320
897,1023
2862,298
2937,491
403,2045
2946,2622
1153,2034
2276,2199
2112,1065
2703,773
2190,221
3419,2141
2374,787
890,2136
2481,2482
749,364
2310,2311
73,609
2529,876
474,2141
2585,2586
2748,2613
2123,1985
2419,1165
2714,2032
2568,2213
2735,944
1558,2740
2916,1650
932,335
163,2869
2579,86
468,370
2768,280
3233,2689
2593,2594
2418,2381
2293,1135
1122,2589
1914,2164
2616,1383
3141,2053
1977,658
1888,2580
654,25
1943,2038
927,2601
726,2064
304,2199
2145,50
2127,70
2363,849
2757,2223
1878,2045
1897,2015
3426,2520
2230,2081
585,569
2943,2411
3229,199
2794,2795
1680,931
2318,1383
2961,20
1578,47
2643,1187
2761,1388
2724,1195
1901,1750
2964,2157
287,2396
1646,2058
3295,491
1808,2622
3062,271
2775,52
2872,1187
467,729
2766,2415
2630,2232
2279,2986
2483,973
622,99
1439,2201
148,27
1622,414
2630,551
2477,2086
3214,97
2655,2164
223,2091
2605,364
1182,2362
2214,2215
176,1187
2107,977
678,66
2433,2311
209,849
2244,1579
2316,2223
2107,846
2240,2287
2945,2628
839,2622
2206,2207
2288,506
2088,231
296,2161
3087,154
3177,2311
1069,2326
2813,17
2322,2294
2210,755
3148,2176
2357,2038
3070,2196
3222,854
1819,1971
1398,1156
845,2801
2777,2549
3184,2963
2101,1383
2503,445
2691,1348
3323,1046
1509,2051
2425,2109
1856,1750
3132,746
1043,1019
2252,5
2365,2070
3039,1078
2701,787
2375,2205
3255,461
1812,2199
302,2129
307,370
3315,1970
1822,931
742,1886
2874,715
2254,1109
2755,2397
2433,1354
1450,2422
2495,800
2212,2205
1367,2271
2532,909
565,2601
2952,2953
1885,2500
3005,5
2639,1937
2861,203
2723,1741
1229,1625
2525,928
2649,2650
1102,2113
2635,338
2577,2062
2651,2652
2799,1809
3304,1017
3085,386
897,2220
3181,729
858,2294
1542,2111
3296,269
1559,745
2770,1555
2811,2155
2667,2421
2847,1283
2241,192
2922,797
1995,1996
3200,136
587,1991
2620,1951
2336,2048
2637,2007
3341,47
3307,1206
3203,1333
1597,2476
561,2070
3290,2406
109,2325
3376,2060
1676,2274
394,2213
2250,2251
3113,366
2344,2345
2366,907
666,1023
687,338
2356,210
545,2078
2384,849
2895,1723
649,2362
1434,366
2221,322
3240,2484
1281,1490
2852,2343
1043,2025
3009,2294
2494,1187
672,1138
2778,201
2637,2416
2705,1333
2195,1026
2730,2360
2117,1081
3165,1633
954,1994
2441,2360
3142,175
3129,2289
2359,1034
2454,1932
2841,677
1909,2045
3139,2622
1140,2592
2739,1061
403,1775
3036,2657
3111,2326
2055,2056
1587,2196
2149,553
2829,1569
3416,280
1912,2274
735,2082
489,1996
1286,2025
2823,1070
2914,2345
2737,7
2807,2411
1368,2201
247,2062
2658,941
1236,1988
3084,2601
981,1645
1594,15
920,2204
2492,2416
1036,2298
40,1996
217,2592
653,370
2338,1026
2979,2064
2490,166
2648,2421
954,2136
3358,2273
2444,1633
3277,813
2142,2094
2261,2262
2777,2482
3191,1660
627,1838
2644,512
1291,2205
327,1092
2683,106
3039,1932
760,909
2570,3035
2206,2439
1281,1985
2824,2199
2792,1996
2388,181
2557,2558
2192,1886
1014,1402
2376,1023
1486,15
901,800
1454,52
2303,2304
2080,2081
2832,2833
2762,2411
2871,1616
3044,712
2352,1886
276,450
2350,1138
2969,2520
2378,2549
1916,2439
2511,528
0,2461
2967,2343
2633,2415
3178,1645
661,66
2256,599
3211,2176
3288,2403
3334,1932
2177,203
1522,2304
2897,2664
3359,491
2200,2461
1224,1
2574,2106
2528,528
1075,1507
2142,2072
1136,391
1315,117
948,2752
484,2220
2041,1569
2216,146
2751,2752
2075,1891
2704,332
2049,2050
1829,1187
434,2176
1848,2493
2420,2421
2624,1017
368,931
933,2045
2219,2129
3443,2300
693,2421
2135,2397
1471,2362
1141,1065
2492,335
2342,2201
2236,2337
2744,1996
2377,2194
3444,1092
103,520
2112,2113
2511,2171
2720,2267
2936,264
1731,332
1857,1507
2116,516
2666,2164
1161,977
2306,2242
2151,1026
