122,271
683,7
957,39
593,32
965,39
1535,5
1536,7
1628,72
1577,203
1554,1555
477,333
268,1611
1016,1
230,15
713,39
705,66
1700,7
1449,32
814,17
601,17
1220,15
1818,86
499,1103
173,445
1892,86
122,1002
628,5
275,32
469,7
81,273
942,22
1472,192
631,746
1640,22
78,1383
1334,47
1285,52
466,70
926,522
754,755
98,271
750,52
1049,72
1094,7
547,192
1869,25
1492,52
1570,86
1030,86
1503,25
1379,7
1561,86
477,282
361,70
1950,7
527,528
714,9
1740,52
1940,25
78,478
1828,15
1215,47
1408,7
403,366
1336,47
578,32
1074,7
1637,66
215,5
760,72
1580,52
1140,22
81,97
1498,5
495,72
207,9
823,12
1856,9
1944,52
1229,22
737,22
1642,305
803,32
1157,39
110,7
412,72
505,39
149,1028
261,15
81,184
1284,25
230,909
1948,32
1576,39
286,25
259,154
1790,7
1931,458
994,70
1780,25
182,973
1865,15
905,52
1125,364
584,32
1127,7
913,52
1375,12
1819,7
733,22
65,5
432,154
1108,70
367,199
42,1
1592,86
1729,32
615,86
1547,25
1981,25
161,66
1110,52
142,401
527,1750
1646,106
390,39
229,5
365,1402
946,7
404,391
1282,22
886,7
749,7
1404,27
173,115
1785,15
149,1037
1186,39
420,7
1452,52
1668,9
1328,106
581,7
1051,25
239,32
24,47
204,70
272,22
262,25
346,5
1076,7
440,66
98,280
1806,52
1610,86
1483,15
1919,32
304,391
494,395
758,25
932,9
1405,72
1210,86
1627,364
1347,52
354,52
1407,86
940,1092
8,7
499,54
1525,7
260,395
218,15
145,146
530,281
87,17
1173,22
1149,52
55,72
1087,15
149,3
1148,47
248,269
1649,25
238,181
997,154
24,54
268,1500
515,516
1655,7
942,157
71,72
114,32
317,72
618,7
1859,106
1264,72
214,15
180,395
64,12
83,280
1296,54
1608,7
894,5
1067,15
92,7
1306,115
1255,52
1376,22
938,106
1969,7
968,22
1015,72
1304,5
593,66
1567,12
872,7
543,25
673,106
1181,47
216,32
595,52
1326,66
1801,7
1105,47
898,39
1516,15
519,32
81,60
209,7
961,154
904,52
1562,66
1394,7
642,32
197,54
1322,22
19,20
954,12
41,7
149,1689
448,15
129,12
920,305
1265,32
1934,7
1721,7
330,47
525,27
422,66
758,39
608,575
785,17
631,1010
443,22
859,54
1240,52
1564,1156
160,154
216,39
960,25
552,22
676,677
972,25
546,52
1395,25
247,15
1107,86
358,22
1146,7
340,72
1854,7
879,15
283,86
1000,15
369,370
1434,15
113,47
1074,22
1100,15
769,25
6,7
232,54
1615,192
633,25
1191,7
1312,7
248,249
1864,458
827,106
1957,52
1410,52
225,9
1040,25
476,25
94,7
131,27
1887,106
967,52
541,17
1728,86
473,715
935,15
404,120
455,7
1469,32
1217,15
1448,72
772,1945
1702,22
662,395
111,9
1308,7
363,364
961,289
1746,52
240,241
1803,7
1606,7
287,7
408,7
172,32
74,7
485,39
1371,25
223,47
367,1098
23,66
263,1156
782,7
193,72
1291,86
78,806
1542,86
597,12
400,115
1205,146
375,7
496,7
1346,39
1066,5
733,7
65,54
1160,66
111,66
183,106
23,22
932,17
993,5
1054,671
207,7
454,813
1519,1360
1690,25
65,66
916,154
972,15
1272,72
1471,39
1260,1261
500,501
1192,52
434,39
261,25
1713,25
420,22
710,86
1799,72
321,52
753,9
1979,25
867,1
622,7
1177,7
835,575
645,52
1020,52
1915,458
250,5
958,5
1454,32
304,184
331,332
514,7
118,52
1341,7
38,39
331,1480
119,349
852,52
176,66
330,12
24,25
792,793
368,52
258,15
404,82
178,72
863,25
1243,32
810,72
673,66
938,5
268,1537
1517,12
1185,12
1476,72
28,29
1214,52
1647,52
581,17
1012,12
119,401
1928,9
1511,787
1983,86
285,450
4,22
1943,12
367,271
288,289
1551,12
856,7
1093,7
1230,7
814,39
1890,86
1474,54
149,1354
1661,15
688,7
238,60
195,25
1062,7
1825,25
1169,32
827,25
1898,25
1870,70
464,54
2,3
527,553
119,120
247,39
1120,86
278,25
1301,15
1013,52
268,1858
173,333
113,7
296,54
795,12
706,52
882,39
963,72
1462,50
87,192
761,52
1377,39
999,86
576,322
548,395
1343,7
378,20
1781,86
1267,7
62,52
238,199
1693,106
1612,25
1116,86
1418,15
614,25
779,52
1802,52
1246,25
1767,52
883,72
675,66
1275,52
705,22
473,273
320,52
1101,5
207,106
961,47
224,5
634,39
1414,15
1338,15
180,154
1115,52
1575,15
122,84
477,478
228,17
521,522
527,619
1117,54
392,7
156,32
58,7
477,729
974,9
885,7
234,86
1965,86
1048,7
1810,47
1300,395
1512,52
914,7
1619,175
1222,25
581,175
900,54
1816,12
109,52
1674,86
590,72
1778,458
1073,146
410,52
877,47
541,106
988,86
1323,1283
893,12
1328,32
786,787
122,1098
1451,15
682,192
404,401
23,7
895,106
112,395
1624,157
140,289
426,39
812,813
1783,86
477,491
1586,787
737,9
49,281
403,928
803,7
1652,5
541,47
1262,395
258,39
724,86
716,27
265,47
1791,7
250,32
681,15
1256,32
1101,154
732,22
1719,52
1960,72
1227,52
1817,52
1328,39
1251,25
1921,22
232,66
690,86
122,526
1553,106
586,7
723,7
1157,7
815,32
695,86
45,15
488,9
460,575
1908,7
1367,15
1160,39
1691,555
645,86
675,154
1229,106
1862,15
279,658
887,7
140,175
1245,7
1334,25
1936,298
970,106
572,25
1684,17
304,82
1572,7
337,115
83,60
1794,9
593,39
177,7
268,269
415,5
1642,280
1933,7
1016,876
148,146
440,22
341,7
1642,445
1403,22
533,462
862,12
1478,9
639,7
792,1010
219,15
653,15
24,15
923,39
413,99
83,84
1583,15
365,512
654,86
1978,47
1587,72
260,39
1831,52
85,86
140,154
1626,86
1752,1360
808,575
610,32
1894,52
339,175
460,17
880,52
1180,25
2,1383
634,15
1161,1325
93,7
554,555
235,72
292,17
38,32
307,1400
415,54
1396,70
279,1135
24,22
306,181
571,54
1050,25
49,50
1877,25
284,5
1212,755
1669,458
261,5
831,39
1430,86
1939,7
78,1490
1842,787
453,86
1150,25
1699,47
767,555
1055,395
844,1
990,32
413,414
431,52
869,7
625,203
537,7
252,15
896,5
1032,7
1421,72
285,281
413,271
34,27
1662,7
43,44
207,175
978,52
187,52
98,60
589,25
1218,52
1762,1
703,428
742,52
2,1741
697,72
1305,86
1197,32
170,72
640,86
754,1078
906,907
1976,7
873,52
807,154
1128,86
1001,15
56,47
55,9
1605,52
1733,15
179,12
31,32
859,22
1515,106
1315,25
1152,32
938,395
216,7
482,72
1161,1557
440,154
307,1838
33,15
860,15
45,39
218,5
789,5
515,1971
488,17
1022,25
664,52
738,7
1929,47
1687,72
660,32
1161,1162
1179,106
139,154
4,25
707,7
1486,9
348,12
424,15
81,82
405,406
1252,27
98,1098
791,52
379,39
162,86
1229,7
228,22
1259,1109
1849,47
294,12
754,1023
1489,5
985,395
188,273
605,1010
824,7
346,154
836,47
1787,25
821,72
1393,52
200,201
1168,54
2,429
493,7
1477,52
1732,86
718,15
161,7
1920,72
871,72
1170,52
1137,47
892,1061
190,154
635,52
1332,86
1813,86
1805,25
23,54
1644,7
887,72
279,1026
1958,52
1329,86
1413,22
251,9
1118,7
425,25
111,54
304,491
638,15
1317,5
1056,15
1840,72
610,395
1479,7
1688,15
160,39
61,22
1169,22
784,52
1686,70
1331,52
419,27
382,7
311,25
331,1162
1772,52
190,32
1874,12
1432,7
1257,22
618,15
176,54
1335,32
214,7
1090,27
711,712
748,86
360,5
1846,25
1223,800
832,25
1096,1557
1288,106
1442,52
895,22
616,72
1231,7
238,526
377,15
1923,7
1589,7
1726,7
119,210
155,86
1677,12
527,822
867,364
507,52
653,25
304,478
276,52
24,5
196,17
1533,1633
571,39
952,22
318,1319
990,7
1345,52
433,15
1202,32
932,39
1071,52
81,1098
268,1287
757,22
1290,39
1852,106
315,47
1843,7
1226,15
884,106
549,12
1320,72
685,7
343,32
1845,5
122,199
774,154
888,458
253,5
218,25
611,25
385,1548
474,32
517,7
1443,52
95,47
216,47
353,15
899,1
2,1280
328,1480
529,12
374,181
1085,15
403,520
959,72
788,86
1765,5
961,54
105,66
197,39
343,72
464,66
1792,7
274,154
312,25
1595,7
98,99
975,72
127,25
845,52
21,39
1779,52
1337,9
1532,677
681,32
720,5
638,32
1073,124
36,47
1142,15
133,25
194,25
582,86
1113,86
1671,72
1947,54
918,52
307,1426
1363,370
222,12
847,86
687,66
165,166
691,7
943,52
367,478
1036,25
1518,7
1088,555
1335,15
413,333
481,7
1326,32
1122,15
1621,39
1697,52
1350,7
1289,52
1696,47
1137,7
1916,458
759,22
1505,1937
81,99
1826,86
1015,47
392,39
1041,47
1324,66
1380,39
774,39
539,52
564,52
1924,27
279,84
2,150
1146,17
488,39
270,84
799,800
1822,70
1836,52
1827,25
607,7
1450,395
419,973
1164,1165
1715,39
1318,289
304,1002
239,25
1372,15
996,86
1584,52
1052,39
149,370
320,86
1387,7
268,577
1062,72
238,82
229,7
1770,25
362,47
389,52
1233,86
1295,7
1306,715
441,15
1317,22
803,39
1909,7
1657,86
815,15
1115,86
1975,25
1489,15
811,39
105,154
541,15
160,22
26,27
858,86
1942,47
1918,39
1303,52
975,39
1972,72
483,7
57,72
123,124
694,501
98,282
172,66
990,47
98,1970
1391,52
153,5
236,39
1648,72
178,7
739,72
1093,15
814,47
1143,289
1198,52
362,22
1673,25
1368,106
1047,7
104,25
1306,143
68,39
547,66
1147,52
479,7
1737,52
1063,32
1496,305
726,12
798,52
670,1109
547,289
1745,52
1793,72
111,157
578,15
1038,52
296,175
235,7
623,54
4,5
557,25
952,5
990,22
142,143
270,271
1250,25
67,7
1821,25
1643,25
1519,528
987,86
1297,1298
21,15
1499,289
702,32
362,17
1429,22
279,715
830,86
1600,17
473,333
119,462
851,47
1361,54
1084,7
1546,86
1911,7
927,289
1764,9
63,7
1344,25
1609,86
337,84
138,15
275,15
837,52
466,39
752,15
1926,54
682,157
1126,15
1414,7
98,82
1800,86
247,72
796,52
1485,146
55,47
697,1716
1747,12
1166,72
1857,52
1964,86
657,72
596,86
1692,555
872,12
417,25
919,72
1664,12
1277,555
1712,22
626,7
1591,52
1099,52
1121,7
1183,52
1428,72
1178,70
1678,86
548,32
100,7
1123,25
309,47
1952,25
667,47
299,9
1977,7
367,60
381,66
1016,322
1963,52
57,47
601,66
474,17
43,12
306,491
932,395
473,60
1763,86
392,54
374,305
350,72
1834,25
226,106
433,289
670,671
747,27
119,333
1973,7
511,512
874,9
666,15
470,25
648,86
1597,52
1129,72
1654,15
1447,7
1045,458
490,52
304,526
149,1709
908,52
30,47
1137,9
425,15
911,25
487,289
119,715
446,66
240,264
43,1046
621,27
795,39
173,391
644,86
1847,15
21,395
1381,86
993,7
824,32
207,5
48,39
4,106
1773,1774
268,551
603,25
666,22
1244,52
757,106
469,5
1355,27
642,15
1123,7
853,12
827,9
1043,52
233,25
719,15
344,52
1543,52
578,39
1938,22
279,1951
720,106
324,5
1598,52
686,25
1338,32
1031,7
1314,25
1631,52
1724,39
586,54
878,72
1848,52
1768,25
1749,25
67,47
1797,458
824,39
774,32
1158,25
121,32
1134,15
653,7
666,17
1552,15
1515,12
1899,7
631,606
504,7
303,52
649,72
1211,25
1309,52
1729,17
1879,22
1392,27
647,5
1471,22
842,52
816,15
1232,47
374,491
1638,86
756,15
1461,12
1829,22
1327,15
215,7
1397,52
573,7
838,72
1681,39
1411,32
73,66
1145,52
442,39
362,32
740,322
542,7
1353,7
1618,86
532,25
997,5
736,15
1470,52
756,66
98,715
903,7
1247,15
734,86
1556,157
374,115
1596,52
260,22
807,54
1630,25
927,32
1188,52
794,25
1861,72
400,401
608,609
1018,1019
991,7
88,7
460,461
659,7
1047,54
933,39
46,39
404,715
1661,54
1872,86
986,72
732,15
374,168
563,22
1550,52
345,86
59,1660
138,66
1091,322
451,25
1588,12
1057,25
1077,86
139,66
1171,17
890,72
169,17
80,47
141,72
1682,72
1358,9
1269,7
304,333
591,47
423,52
1073,1650
299,106
37,106
248,944
1302,47
864,7
1896,52
1509,52
398,32
119,282
770,25
592,25
1163,25
839,72
550,5
1006,22
173,526
18,15
1757,52
1523,7
1398,47
708,47
400,1187
248,1360
777,458
570,72
1756,47
1586,1616
870,25
374,210
857,52
1236,72
1703,458
1143,15
527,1060
182,458
1042,52
1279,106
1949,27
576,1
195,5
452,39
81,168
579,12
394,7
158,52
307,977
81,414
73,9
207,192
83,462
728,25
1153,72
1326,154
107,52
1201,86
435,22
841,12
1873,47
1863,52
419,569
1889,12
1961,52
390,289
1431,72
1194,1932
1560,15
802,106
310,72
40,39
1711,146
314,7
1695,52
206,9
1636,52
279,280
254,7
1203,52
194,154
1274,1162
270,1660
684,47
23,5
867,281
889,86
1832,25
205,12
173,99
765,52
380,22
896,39
1377,15
211,47
1207,32
464,25
111,5
1467,1468
1326,157
1766,7
195,54
1526,86
804,805
137,22
111,106
413,715
817,12
1510,15
327,9
1705,32
1053,39
59,282
451,12
969,52
1959,7
895,17
1111,52
1086,458
1903,72
1905,22
1389,712
404,115
328,27
814,9
725,7
862,7
1850,25
721,47
442,15
466,395
111,175
1505,406
1242,52
449,364
766,52
405,1569
958,66
409,25
637,86
421,25
307,665
622,47
278,39
215,32
1239,154
916,5
1052,7
1560,192
680,25
1369,458
1895,32
288,175
152,7
1493,86
1058,72
1302,12
951,86
828,86
1337,7
527,1611
1140,7
542,106
1782,9
733,12
901,86
135,136
861,154
1966,86
562,25
242,5
610,192
432,32
1326,175
975,7
87,175
778,154
643,7
505,22
1683,146
547,54
116,117
81,1002
236,7
347,12
1151,15
139,22
855,9
983,52
731,7
263,1061
399,39
194,66
703,1716
323,39
1079,12
81,462
1006,157
43,1034
413,391
786,931
182,27
833,15
1735,25
636,15
517,15
1748,7
934,25
1328,15
1717,555
499,32
568,332
613,27
356,52
11,12
302,72
1362,52
492,1
466,12
743,32
1519,1625
982,86
105,175
149,150
1558,22
596,52
185,7
197,47
45,72
1286,27
1272,22
547,154
1639,395
946,72
1927,52
771,15
438,25
21,47
486,7
237,25
46,25
1177,5
1956,15
1415,7
1464,47
1786,86
1759,15
1339,7
1142,7
1270,72
1112,86
57,9
848,849
1742,124
1004,47
425,32
1601,22
1355,458
1680,72
558,39
562,154
691,15
961,7
764,7
1540,52
1357,22
36,106
1955,47
1025,54
865,22
1830,7
927,39
508,509
188,829
371,47
1663,86
1006,175
103,17
361,5
1130,86
1600,72
73,70
611,15
198,72
248,551
1466,52
365,366
669,72
593,192
881,7
216,5
1613,281
998,52
502,9
387,70
1104,25
1675,25
628,17
447,32
1351,72
188,280
922,47
455,32
477,414
69,70
630,27
1263,52
1494,15
830,52
108,39
248,1060
1271,52
888,27
1980,52
293,86
212,5
583,22
81,305
326,5
707,5
113,5
1321,175
1322,39
374,273
474,5
1506,86
367,391
1412,52
859,154
1679,22
381,39
1701,5
730,192
468,7
774,66
1174,157
924,32
963,7
213,39
1124,7
1044,54
875,907
167,47
647,154
362,106
300,7
809,86
1052,54
325,25
795,7
1139,15
1820,289
418,86
1632,319
993,39
1541,86
1590,106
301,32
122,82
132,7
190,192
56,7
381,32
897,15
709,52
1651,25
974,15
87,47
288,106
1736,7
833,39
455,22
530,1
578,7
1504,22
1914,52
1481,52
170,39
1900,7
1568,7
505,7
760,1348
1623,52
142,506
1349,501
1730,25
958,39
230,846
123,506
927,70
1527,575
1656,7
562,47
1868,12
937,395
1423,72
1299,86
90,39
279,1005
1444,32
1337,106
188,850
1106,12
1731,86
1622,86
242,15
1021,9
1491,7
1245,12
1473,72
803,9
400,506
668,289
1080,1388
1835,52
367,462
142,599
215,39
760,106
398,54
163,5
981,52
1922,70
929,22
477,445
1635,86
547,12
245,86
1366,876
1710,25
1131,72
647,25
696,25
374,391
266,52
496,15
1235,86
1734,12
1155,7
1007,15
385,386
1191,1283
538,15
81,115
1722,1723
698,699
1727,39
360,54
540,9
1798,32
415,66
985,9
151,25
218,47
1386,72
971,106
958,70
536,72
920,370
602,52
160,15
605,606
1074,175
783,25
1925,52
318,319
843,52
1399,27
1390,52
966,17
1484,9
304,305
1083,52
618,39
1167,52
1143,22
1676,39
776,671
122,478
1027,70
380,32
1670,86
775,17
268,822
605,1456
1751,25
568,329
1962,712
1321,192
1194,1195
511,520
1769,52
1888,52
703,1316
413,478
1356,7
1563,370
159,54
268,1823
527,1672
1101,39
930,931
383,25
263,241
77,52
693,7
1281,86
1330,66
475,146
76,364
1528,1529
650,47
1893,15
113,22
1276,7
1475,25
376,7
400,1796
786,1176
1292,25
689,52
121,39
330,15
1154,86
14,15
388,86
444,27
825,15
101,86
75,47
875,876
722,52
208,7
1457,47
0,1
1199,15
534,25
1694,15
1445,395
342,86
587,72
290,72
40,7
945,876
965,22
1438,7
122,210
1228,52
1374,47
464,106
958,15
560,5
820,52
775,7
1119,15
346,66
562,7
1811,15
744,745
23,154
1446,86
1881,52
1582,52
1531,72
330,54
898,5
489,7
628,22
1310,9
1132,25
867,1109
1714,154
1006,192
1018,305
359,22
149,1138
652,72
580,32
1318,72
188,715
1658,32
789,289
955,25
1254,32
1653,72
1139,5
980,7
430,32
497,12
178,9
676,1206
1475,7
42,322
361,154
295,52
1419,458
1047,5
1268,25
112,106
393,52
727,17
790,22
464,157
524,70
1727,15
954,66
825,25
367,491
207,39
473,84
762,298
1238,72
921,86
641,52
598,52
384,27
81,199
1258,7
1629,52
1337,39
425,106
1340,52
142,1507
255,256
147,395
1151,106
1144,522
357,70
1487,52
59,271
1172,52
995,52
1549,25
270,184
1565,22
700,175
1003,52
1463,47
144,15
1157,22
1352,27
1235,52
1815,25
452,32
565,32
1833,52
180,66
1530,32
1420,7
238,184
1604,27
134,66
1239,32
1718,7
1072,25
1075,52
198,47
307,308
1247,32
1069,86
126,7
1055,7
895,39
769,12
661,22
244,86
112,9
296,192
98,84
647,39
0,364
407,52
18,7
38,66
1744,15
1318,54
1907,22
436,175
104,5
1425,17
1698,7
1807,86
1085,39
1441,22
735,39
1855,72
669,106
257,15
489,395
1008,15
679,17
193,39
1249,52
962,7
323,12
1409,25
948,86
411,25
1482,25
1029,25
1581,52
1440,72
1505,1569
496,12
663,25
1814,52
268,1775
254,15
1114,52
1839,52
1171,39
620,154
1117,9
78,79
243,12
785,22
831,66
1902,52
1159,22
902,5
697,106
337,338
1910,52
464,17
230,231
1399,458
149,1755
1954,72
1239,54
1497,70
284,54
1044,192
371,15
668,15
1433,289
339,54
1136,52
1639,106
1599,32
37,72
1777,15
