1736,4792
176,4969
632,2790
4004,1732
3250,2779
36,4912
3863,1833
1978,2847
458,4888
4698,4996
2365,2788
2165,50
1119,4673
4467,5064
2638,2783
4246,2808
3216,4831
3496,4906
1749,131
3047,5
3302,4887
1158,2786
2306,4953
1338,2858
554,4695
1054,4888
500,4784
2094,2812
162,2856
718,4729
844,4876
4639,4965
1666,2826
1620,7
4868,4684
2100,4873
1280,4671
3006,2835
1669,4929
2694,4250
3555,2820
821,2776
3583,4829
2103,4765
4106,4249
217,2855
1100,68
2403,2790
2132,3880
1295,4676
3081,4876
3519,4929
2033,6
3068,2846
3387,84
2931,80
3867,4870
1358,2765
1320,4265
302,1857
3902,2858
863,4888
3520,4944
228,1846
1965,4904
410,3879
3098,1808
3841,4800
806,2867
569,4880
3428,3881
4151,49
4274,4824
1540,114
4128,4728
3367,2808
3327,4720
3472,4962
983,5077
2515,45
3928,4801
1377,4829
1478,2862
4009,4941
2577,5064
4423,4995
2028,4879
802,4873
1534,4910
2589,1737
3725,4676
1939,2767
4494,4672
2577,4697
4426,4250
2997,4720
2095,1843
4134,4685
3823,2825
755,4693
4144,4934
441,4747
4583,4847
3113,5064
2157,4890
4213,4989
289,4996
3157,4862
4505,4877
1687,2773
1708,1726
3829,3877
608,3
3567,4912
3167,4992
1762,4720
3567,1837
1963,4964
4725,283
2412,13
3551,132
135,3878
4402,4878
1165,4773
2096,2812
2724,4685
696,4792
4711,4735
4425,4775
1569,2658
1113,114
3925,4673
4170,1837
1344,4696
2436,4815
3949,4901
4329,4860
4101,115
266,5019
1097,5073
2694,2765
3008,42
1324,2858
1707,4786
635,2781
1665,2786
3086,5020
4338,4920
3480,4742
2205,21
3674,2844
837,116
4280,2839
2943,4771
4003,3505
2380,2825
4590,4872
1398,319
3020,4264
1648,6
1332,1847
4591,34
2495,4937
3755,2856
3528,4940
1182,3913
4043,4997
5012,2773
3992,1837
2415,5000
829,4718
2151,2827
4120,54
428,2812
647,4669
3202,4955
797,4741
3304,47
2521,4944
3543,1726
2936,2781
714,4939
1322,4913
1249,4855
347,4687
1070,4249
169,4963
1892,13
3381,2788
1399,15
4361,2783
1799,4668
651,47
2256,4909
347,4860
521,4889
1804,4776
1058,4253
3142,2857
3859,2867
4219,3886
2036,4770
3809,46
1502,4695
3845,56
3889,4670
18,5019
2100,3914
3785,4861
2638,58
2956,4799
541,4952
4874,2838
4618,4860
2150,4957
3772,4797
399,3
3438,4915
3335,1837
1824,114
3431,2866
2896,4731
2771,4729
4865,1734
5039,2838
1358,4906
2714,4763
231,2799
2654,3886
3911,4742
3199,4784
3203,2772
1819,38
869,4696
1927,1849
1782,48
686,117
4377,4994
3250,4936
2399,4734
3343,4687
2454,1731
3120,2847
4547,54
605,4819
1744,2846
4216,4251
2435,4788
3508,4797
1254,2841
4498,4956
4814,4800
4497,1860
259,4847
78,4831
372,4675
1351,4961
388,2853
3340,218
4518,2837
3022,4966
3302,4766
3044,4858
181,4830
2207,2841
2756,4696
884,2821
2116,4962
1500,4678
3478,4832
720,2796
1942,4995
1543,283
3217,4829
4608,2808
651,4828
2624,2764
1375,2811
1964,4753
4648,1841
3716,2783
4980,1732
2976,4968
392,5018
4899,4676
2575,4753
3982,124
750,4991
401,4775
1593,2867
2755,4884
2628,4996
1347,4926
24,4880
4626,2823
1398,4912
1208,4791
592,2772
272,2767
4295,54
3284,4815
308,4964
4103,4797
5079,4690
1535,1
153,4957
4043,4266
4532,4940
711,4251
2050,4926
1233,4962
2992,4694
2615,2773
25,4737
2342,13
3312,4820
1413,54
4261,4961
440,3883
1624,11
71,4820
3983,4759
2132,4888
4585,3912
4833,4987
4370,5019
2379,2774
2893,4902
3054,2849
1514,46
3904,3882
386,4697
457,5073
1345,4682
2979,2823
3510,2781
1657,54
1575,4855
4299,4870
1350,4782
4238,1835
2414,4266
31,2855
2879,4777
3360,4691
3473,4670
3383,4738
4867,4991
1887,4918
2649,116
1599,4963
236,4938
1121,2848
459,4883
1512,4815
3478,1845
1059,4687
4408,4989
2961,4934
413,4765
1659,116
2207,1733
2586,4886
3502,4888
797,4919
4864,2847
1085,2798
4095,1731
3847,4267
455,2813
681,2822
4977,68
4859,4800
3922,13
4604,3915
1113,4831
2903,4913
3027,145
485,4882
4539,4787
710,4799
5037,4251
5084,53
2176,2865
2093,4754
4509,4674
4439,4737
3510,3878
865,1725
1910,65
4568,4908
2332,4832
4980,4654
813,1845
4637,2843
659,4776
2158,4733
660,5004
1688,113
1739,2857
811,2844
4108,2822
3953,4267
3773,4939
669,4789
4470,3913
1221,117
4307,4832
4165,4732
798,2840
2008,3881
4190,4748
3022,5075
3653,4817
2109,4820
3789,46
1208,5
2247,7
5060,5019
941,2832
4351,115
1071,3880
1767,63
927,4729
4395,4908
1422,40
2287,2767
2161,2833
1086,4781
369,4914
2009,4848
2904,4787
815,4856
3907,2826
515,4779
3321,5004
3097,64
930,131
2132,4723
300,4944
2460,5069
3035,4799
246,4742
4798,4946
434,4746
257,4824
2071,4816
3589,2853
1756,4746
3640,2779
3274,4934
3838,40
2887,4679
4373,4968
384,4991
4490,4695
2255,1840
1601,62
1279,4970
770,1818
492,2786
2229,4788
1922,4989
1372,4914
4210,2818
4491,283
4087,4954
3647,4887
3034,1840
1703,3880
4043,4941
3432,45
2410,4964
4548,2857
577,1818
3633,4672
2686,3882
4102,66
3753,4753
840,4966
2384,2840
4623,1840
2181,4265
3569,69
1931,4753
3081,2829
477,4732
1866,2865
851,4816
1630,4674
2352,1725
1309,2783
979,1740
721,4857
1863,2826
759,4929
795,4872
3937,4800
4381,2671
1866,4732
2022,69
2927,4890
2251,2846
3711,4265
4928,2772
3684,40
653,3886
852,4737
1094,4992
3464,4733
1981,4675
992,4681
561,1837
4194,2853
3804,4940
3166,318
4700,5075
2741,5075
1911,1732
3998,283
3693,55
828,49
2043,1838
4056,2812
125,4766
1355,2812
3252,4926
3298,65
980,2858
2533,4751
4020,2812
1167,4882
188,2811
819,4992
1216,2814
3230,2788
3301,4797
234,5
4518,1833
1873,38
609,55
3261,4692
874,1817
4726,2821
3636,4939
4642,4672
2041,4877
2454,4947
1025,2825
815,5065
3583,4697
4597,145
435,45
199,60
1335,4920
3704,4682
365,2838
1355,4912
2418,4736
589,4801
3546,2812
103,4772
4173,4966
1754,69
655,2856
200,4946
1443,48
3957,6
1721,3912
1035,4728
3130,2855
761,3881
3002,70
2092,66
2249,4896
1035,1732
2548,1846
2804,4885
4181,4769
781,132
3109,4953
2944,4907
2971,68
1796,4953
4173,4680
1925,4731
3916,42
1702,3877
3816,1860
3058,320
827,1857
3753,5070
2532,2867
2158,4958
1645,15
2704,1788
2453,4931
1356,1842
3256,2851
1221,1843
5046,4870
4048,4953
411,5064
4354,4654
1492,46
1677,4727
4058,4987
4134,2845
831,4265
2631,4748
338,4879
4113,2848
1384,2848
2916,68
1686,4912
3322,3881
85,5020
4406,7
4633,65
1441,4779
2578,4267
119,4749
1100,2849
1174,80
2382,1848
3622,1730
1078,1862
547,2864
2592,4797
3434,4828
3825,4879
4836,4914
496,4929
789,1834
3565,4946
3569,4793
2679,1856
4269,3924
2770,2782
3446,4768
3937,52
3941,3880
2679,4249
762,2776
4120,1896
526,2847
2721,4739
3608,4668
2579,4816
622,4248
162,4692
3734,51
3113,285
649,4991
1186,4911
534,1857
2263,4920
1888,4887
2248,4687
3902,4877
3614,4987
959,38
1485,4972
2185,4783
277,2839
4081,4766
1591,4669
2806,133
1364,7
3291,145
1450,4692
4390,2765
3064,4779
2171,2786
1811,3882
1199,4879
4798,50
348,114
2566,1833
187,52
2662,2856
3047,58
2125,5070
1244,2858
345,2776
3096,16
3496,64
2664,4778
3758,2866
900,4718
906,4920
3661,2823
4596,1833
4398,2787
3466,5065
220,4979
1915,4800
4529,4815
557,4684
4492,4783
2435,1827
528,4735
3246,1861
1089,2800
605,4735
3910,2794
3923,1849
362,1742
2010,4906
4726,4746
1820,2835
1040,145
3165,6
1312,1728
3572,56
2291,3877
3685,4819
748,2783
192,48
1599,4952
3037,2840
2119,145
306,8
2638,41
3825,4635
1904,2835
887,5063
2686,4792
2492,5
4591,4987
1081,4784
1636,4668
393,3912
2736,4936
4570,4738
2830,4731
1151,4251
4573,4759
641,4860
3998,4723
3500,4746
3141,4956
3443,2839
4455,4872
2232,1855
740,4669
3255,4787
2198,66
158,4885
1110,1837
1633,4695
2134,1808
3706,1896
4404,2826
3437,3879
3456,4906
4498,4681
2571,2779
2881,2795
290,4753
1723,2781
274,4992
1648,2795
25,4772
4585,4916
516,1861
1255,2822
4192,4685
1429,5001
3049,4671
3321,40
2237,133
3236,1835
2369,2785
3345,1732
2359,4723
1459,4907
1685,2810
1576,66
627,4742
942,2846
3216,4969
4077,4654
3792,4957
3654,53
2463,4785
2728,4958
3594,4917
3946,3886
1804,114
3939,4850
4865,284
1915,2816
2686,4955
2561,5016
650,2856
3298,5075
358,5000
400,2794
3264,4911
2350,318
2537,4800
2521,2808
1089,4987
330,4998
1298,68
1970,4900
999,2809
1908,61
1905,1834
1332,1730
1592,2671
4943,4914
4821,2832
3170,4879
3545,1839
2232,4971
741,60
1620,4964
445,1733
3289,47
311,4690
2614,2786
4794,4916
4419,3885
3441,4682
642,2837
2348,1740
1507,4904
2266,69
3166,4958
2556,4679
2517,5063
1332,4964
3714,2798
1943,4882
5010,55
4006,2790
1992,2796
3811,2848
2948,1742
473,1740
1430,2798
2303,4849
3898,62
880,4917
3797,2768
3947,4789
3183,2820
961,3915
1127,4669
1418,4995
44,2824
2926,4817
4587,1730
4411,2866
1882,1835
186,11
3136,2781
2926,285
4625,2835
1805,1849
3738,1846
2949,4903
3834,2857
4445,54
204,4946
2759,4831
1237,2822
4461,5001
2973,2841
2985,4774
2326,2816
2474,2787
2401,4824
3724,1748
3900,4732
1153,4913
4657,2817
3895,41
1083,4784
3011,117
2672,21
1239,2785
3167,2772
2180,2848
1524,3885
2068,4730
1643,1735
2695,2837
4106,4747
952,4690
422,4860
3197,4820
1273,4696
2995,4763
1438,4957
1243,4749
2077,13
309,4912
4839,5002
5012,1861
4514,1848
3820,5002
5032,3877
2601,1849
1093,4680
3381,4760
1496,5065
4278,4803
3091,4831
929,4780
1370,67
4424,4829
5068,4894
3457,4764
196,4952
3018,4672
3647,4931
399,4944
2218,4265
2157,1
1165,2860
2244,4966
3677,319
1697,1841
2947,4939
2567,4697
2509,4753
383,4694
4487,4926
3270,4994
1218,2671
4277,5073
4875,1842
4444,5004
2010,4880
4579,2779
198,4878
146,4896
1250,4688
619,1834
1718,1816
4127,4690
3553,1818
2187,5000
3623,4891
1792,4952
4263,4697
3350,4772
2142,4817
583,2800
4184,4267
2077,4847
731,41
1168,4903
4518,4969
2598,4786
692,4793
3477,4911
4339,4902
4648,12
878,4723
3599,2658
3789,1860
936,4768
3764,4788
4020,4958
593,4993
2114,5002
3104,4824
4089,1862
2006,3913
2480,4763
328,1725
1780,4773
3481,4693
770,4997
1053,4688
2651,2781
403,4904
1112,4926
995,4738
1682,4931
4641,1846
2392,4860
4576,4792
274,4679
3529,2864
3494,2818
2242,4963
1536,4773
405,4741
4239,4681
1667,4880
4554,4919
248,4791
3686,4634
105,4870
3242,4995
795,1833
153,60
550,4819
2896,4742
4379,4993
1233,4947
3419,2811
406,5069
341,21
4333,4953
4977,4861
3405,4848
163,3615
161,4997
1909,4831
3211,4762
4180,4691
3896,4684
2875,34
3384,5077
2241,56
1968,2827
3868,4753
940,116
383,4676
4082,2789
1393,62
730,4926
4506,3883
4557,4765
4980,4988
1747,4896
4429,3913
1083,3615
4661,4754
3901,2832
77,2860
2162,1731
511,8
3519,2823
2101,4955
1444,4947
4871,1817
1442,3882
2653,2849
139,2839
505,1851
3535,285
1523,3
213,4780
3572,4849
36,4894
2471,4739
2440,4675
2131,4818
949,21
1713,1788
4440,5074
1975,4779
36,2788
3925,2658
3340,2822
4716,1843
983,4669
693,2782
3687,2814
2183,4848
161,1737
2691,6
3868,1838
614,4790
3612,46
4719,4750
3752,1839
918,21
930,4720
4526,4979
1260,2860
2117,4786
5027,2814
1702,4789
3656,63
697,2816
3945,2800
715,4750
257,4970
2292,4965
1516,2857
1633,1729
2393,4797
900,124
3123,3881
2539,4747
1859,1837
4179,4688
4361,4771
3843,1748
2893,1861
1400,4687
692,3924
2241,4818
834,4672
293,1849
3133,4856
1781,4742
1465,4680
3228,4761
3854,4989
2511,4785
497,4751
3244,1730
667,4673
3782,1832
826,1
2956,2848
715,1896
2530,40
4945,4829
4928,4909
1282,3914
5032,41
516,4986
583,5
4118,1832
5038,3
573,47
1599,2847
2302,4760
1789,1861
2730,5065
2807,4990
1533,7
3272,4673
1236,2818
976,2814
4127,2803
542,4788
1460,4929
1426,4785
492,2867
5014,4878
3042,62
2336,4818
1377,4934
199,4912
4370,60
2755,4944
1508,4738
4480,2856
899,1732
3126,3615
3129,4828
3239,5065
1036,2837
4834,4861
3454,320
2898,4952
1354,6
2158,7
1300,62
4623,4832
2117,4883
474,1832
2444,4831
1557,1734
1672,3878
4495,1733
3088,4935
556,4995
2016,1788
3506,2774
1068,1857
4700,2846
4238,2783
3235,1728
1309,41
1523,5073
594,5063
3150,283
3862,2803
3862,5063
3578,1732
1000,4689
1136,4691
490,4739
4289,2817
2960,1841
4034,2855
2381,1849
3291,2866
2889,4739
4638,1833
3936,4782
2472,4862
1374,3505
1604,4940
1650,51
2366,4912
494,4693
899,4681
2059,5016
1247,131
3380,5074
2166,2826
337,4891
2137,4777
3704,4905
1514,132
646,4779
1567,4723
388,4815
3262,34
2004,2827
2059,2781
4443,4688
5017,5069
3483,4830
2529,4829
3999,4862
2295,4914
3463,116
2282,4830
2147,2838
2271,4755
3771,47
2579,1831
2286,2823
4826,5065
2758,2782
3580,2831
1350,4248
1813,4934
396,4855
767,3615
1642,4965
5017,48
4101,319
1277,4669
2508,64
925,4862
2197,4680
381,4683
2751,4987
3758,2849
974,4730
2104,1847
3294,2782
1936,4687
5013,2800
354,2821
2999,4888
361,4934
2033,4932
3965,2843
1016,62
3283,4786
4325,4741
4495,2786
1009,4937
1864,4897
3357,4861
5079,2774
3391,69
1494,4753
3756,4678
2685,3924
2192,4994
1945,4251
2620,4788
365,2823
2005,4678
2654,1831
4868,4829
4809,2829
1378,2781
1697,3
4014,4991
2031,4685
3742,4963
1144,4870
3710,4905
2625,4688
2489,4818
4442,4936
1001,4752
3798,3883
637,1817
198,3505
326,4858
1288,4901
5036,2825
1555,2782
3815,46
3075,4790
2522,4954
1202,1839
2549,65
4500,4917
3606,15
2417,4897
2372,1742
1793,132
3472,5077
889,3886
1114,4913
610,56
1050,2829
3261,4900
4809,70
768,4733
2805,5075
1891,4856
4008,1827
4170,2846
2427,4952
3917,4249
2391,4861
3747,52
369,65
2248,4831
4398,2822
856,1731
276,4968
1470,4862
549,284
4205,5066
229,4803
2198,2786
2473,2843
834,60
4658,4249
4080,48
2166,4913
3185,4916
3661,2822
2472,2867
3795,4921
488,4936
1252,3884
2988,4682
1165,2837
4376,84
2778,4687
1934,3915
2026,4930
673,4995
1942,4251
2819,4791
360,319
3124,4765
28,2767
4095,4790
5003,1748
1225,4689
3738,4900
1151,4793
150,2854
493,3881
2982,4954
4528,1816
2685,4818
4045,2829
372,4760
2026,2832
3944,5066
1003,2845
1659,4938
2368,2782
1527,2808
1452,54
3056,4818
3224,4884
4357,4830
741,9
2271,4966
269,4737
437,4250
1031,4762
1258,2855
5027,4759
1289,2825
714,4789
3910,2841
3272,51
1552,4910
3112,2790
1899,4883
1458,5002
2227,4690
3976,4877
3194,4919
3571,2768
2681,4952
3947,4905
5043,4772
3148,2841
2141,11
388,4944
2718,4971
4624,218
92,2811
2933,3883
2976,318
3244,5066
2358,3914
3518,4850
1558,2847
864,4727
2683,4669
314,4786
962,4819
3376,1855
3096,5063
416,4781
3636,4926
4017,4884
1124,4858
1629,2764
3579,4689
4881,4857
3747,1725
4184,21
557,21
682,2857
1925,1834
1261,3885
422,4253
367,4738
1236,4889
524,4858
1893,1740
2373,4914
1651,4613
1061,4787
2602,4920
4924,64
2327,4684
434,117
1083,34
3399,2818
3377,47
800,4727
801,4888
4522,4862
1026,4797
3997,4253
271,4695
3003,5077
1184,53
4388,133
3152,131
3405,1733
2056,1748
2761,4848
2328,131
4163,3881
1444,4249
512,4266
2946,4930
3032,1
2908,2810
3571,3882
634,1843
3804,4998
3607,4862
2120,5069
1964,4908
4725,2658
5052,2844
438,4688
97,4946
755,1740
2627,2835
4161,1831
2726,4908
3703,4870
4138,4672
1372,4954
2434,5073
1712,4742
251,1
3958,1816
1229,56
1987,2848
5033,4917
4630,4849
4181,55
2758,4971
1633,5073
659,4750
1873,4788
459,124
4712,5075
3840,4970
1308,4654
1325,5000
1191,124
2593,4765
612,2783
724,4676
429,4682
502,3880
4658,2817
1443,5016
574,1836
86,2786
3981,4771
4756,2786
1277,4917
2937,2796
4294,2782
4446,4668
329,2845
3176,2814
4504,4685
586,4788
990,4787
4099,1742
501,4947
2643,1832
3046,4773
2309,2832
457,2831
4344,3879
375,1835
1906,2789
4270,4914
3047,4761
3976,1726
2089,16
2686,4938
4638,2846
2037,5074
192,2849
2907,4248
1107,3879
3283,2833
177,4939
3034,319
3692,4914
3826,2867
3098,1860
3115,1838
1186,4930
389,4918
706,4888
3437,4734
3771,4872
2341,4771
4122,4690
1321,4896
4705,67
864,4917
2218,4747
3620,5000
4205,2787
1393,1735
1217,3505
4010,4729
3243,2849
3573,2768
1363,4832
2369,4766
2941,4965
4203,2823
1419,1834
1667,1846
2089,4879
2107,4728
911,2814
3417,4787
3099,1836
4744,21
1299,4972
1153,4860
3575,4728
3013,2824
3000,63
2500,2781
3837,1735
3927,1861
175,4249
2636,4877
3939,4736
965,4779
2976,56
4559,4992
892,2838
1125,4952
4136,116
3252,4746
1790,4682
1011,2838
4437,3878
3439,4755
3683,4743
2580,4932
2730,4675
3624,69
1315,1742
2414,4264
3388,2840
3763,4264
4653,2764
1080,51
2278,4936
3164,4779
4808,2849
1128,2817
4871,4889
1377,5064
3366,55
3597,319
3726,1847
323,4613
1886,4908
3206,4914
2904,40
946,1827
4216,4861
1936,4936
3934,4264
389,4920
3825,3615
2010,4770
328,1726
4099,4777
2733,3879
480,133
1368,12
3662,2658
4481,1855
1667,4994
2309,42
2038,3885
732,4253
2999,2827
450,3924
507,1837
189,4673
1024,2795
483,4777
2977,4902
3459,1842
4347,319
4214,3914
4296,133
2195,4961
697,4988
1623,4947
556,4911
448,2837
2186,4971
449,4730
2926,4850
177,4779
2211,4961
3968,13
3946,4786
3174,4963
3070,49
2140,46
3863,2810
3419,4671
3853,84
1471,1857
4392,2776
3142,2794
3937,4955
1016,4613
2362,2847
3637,2788
2063,1735
1692,4686
2802,2847
4933,4764
4550,4997
3679,4801
2265,4746
3235,2831
1510,2803
4355,4857
4129,54
1555,80
3438,1732
1062,64
2618,1727
3608,4675
725,1842
898,4676
1003,48
2332,5074
4461,2764
3945,283
420,1788
1420,4878
665,2865
1568,52
2770,4250
1096,4679
549,2820
4509,4690
3072,4857
1807,4830
874,4870
3012,4815
3054,4696
4329,2824
2034,4250
3126,132
3947,2839
4150,50
3862,2790
2631,5064
1323,3914
2331,1818
3748,1737
3613,4914
875,3615
3601,4765
554,4752
370,4613
23,3881
3848,4861
417,2848
923,1737
1661,4890
2869,3885
1956,3883
963,2776
3548,4914
3660,4789
357,4831
5059,12
742,5065
614,1725
1481,4687
1491,1808
773,1841
3049,117
3034,1731
366,5016
1381,4691
759,4931
657,1816
1013,4735
136,3912
2189,4264
1097,4799
1030,2779
3745,2845
2224,2799
3722,4736
2257,1742
3539,4971
1666,1841
2695,4265
3300,2845
1991,1844
1437,1849
2112,4672
4493,4994
2424,4946
4845,4781
3131,64
903,4896
4141,1817
3314,4920
3825,2816
984,4773
3152,4669
3870,4988
605,2860
2585,1729
3855,4978
393,2847
3336,145
3257,4264
1975,4792
2969,2844
4433,2831
3761,4850
824,2866
3612,61
4294,4801
4479,4250
3132,4995
1686,4900
1013,1732
907,1845
3522,4792
2734,4738
2260,4913
3067,4771
975,4986
4168,4986
480,4951
1442,4784
25,2832
1189,4677
486,2795
3105,4763
1110,4782
4492,4741
3130,4741
4599,2837
4083,4995
527,4969
3356,3885
3923,4906
3079,4694
4155,1857
4522,318
2666,4734
2192,1847
3301,4248
2125,4763
3450,4904
3730,4902
4415,1844
4181,2840
241,2820
3266,4944
2307,4815
1337,2846
4196,15
4796,5001
3215,2783
3105,4969
4025,4904
2211,1841
187,2844
2626,2854
4656,4965
3763,3881
389,16
1496,60
3534,2788
4708,49
342,16
3969,4913
959,4908
3509,4937
3429,1844
4589,4775
2637,4818
4050,4723
1270,114
2565,4251
1045,4779
2070,4956
3156,4815
2056,4688
523,4785
4585,2785
714,4720
1762,4264
2655,4782
5080,4718
228,3884
1347,5001
427,4955
3185,4921
2738,4979
4022,4935
1469,4774
4345,4688
2550,4760
5028,4882
2362,2787
5009,63
303,2854
1029,4692
1336,2851
1075,4736
300,4727
3671,13
1179,2839
2123,4970
795,218
3995,2773
887,4674
2688,4902
1217,1737
2706,1842
870,283
20,4914
3138,4847
744,2853
3585,4926
955,2839
2625,56
4139,4776
1955,42
4975,1845
3965,4735
3420,2851
668,4885
872,4883
1477,4736
2251,4882
3651,4849
3513,284
3212,5000
3293,2854
165,4995
5050,2843
1034,1860
2184,2860
4208,4990
4623,62
4445,4735
3799,3912
2583,5000
2120,1844
1658,4677
3179,4820
2702,3886
5011,4992
1543,113
610,283
938,124
4390,4773
1916,1843
1065,5018
1812,1818
4556,4789
4657,4819
4463,2838
3159,4817
701,4883
387,4791
2333,4682
2439,2866
1000,4671
4853,4894
4067,4671
291,2856
597,2764
3643,4937
2194,53
2778,4684
4057,1788
1921,4962
904,2862
820,4695
1370,4888
4137,4955
1101,4696
1892,4968
3352,2844
612,4932
849,4734
2979,4690
2228,4828
2379,1844
1638,2808
2251,4693
4422,145
1770,4681
4081,2799
3515,61
3279,12
3208,1849
3845,2788
1432,285
3931,2849
1415,2816
945,4679
4744,4929
1280,4910
2214,5077
703,4685
624,21
4795,2820
3791,4979
263,4779
1385,1848
1374,2764
3395,4687
2048,53
3766,4856
1036,4251
1384,4940
656,1732
623,52
3147,3877
834,5064
1270,47
4222,1832
710,5077
1988,4680
1310,2786
3351,4995
4141,3505
4013,2781
818,60
2619,1727
1385,2764
4065,4735
3400,2788
4708,4733
3345,51
640,4768
1797,4682
2146,2867
1663,4720
1994,2764
2198,51
863,283
2535,4787
2863,1735
3082,4820
2964,4723
2521,2818
2270,4947
3723,1843
1662,4998
4225,2786
2285,4781
3578,3924
1582,2768
4450,4799
325,4998
897,4848
3667,4861
4544,4743
3043,4670
1256,4265
450,1837
2382,1818
2222,1731
2130,63
1461,4817
4340,4932
3146,131
4618,3881
3138,5073
3544,4862
4716,4788
3627,4894
4436,2776
637,4958
1905,4938
2801,4926
3724,4934
3631,4746
2219,4634
1875,4761
4513,4266
4019,1847
461,2783
2252,1833
4628,55
2252,4916
4525,4909
757,4635
3970,2783
2332,4938
3721,1731
896,56
3738,5065
2476,2776
3297,4613
3518,2833
3265,4860
4483,2823
1153,64
3336,218
4426,4936
2377,4891
3551,4733
2147,2851
3799,4764
1546,4816
1913,4915
205,4986
892,41
1696,2795
3642,3877
1718,5001
3151,4946
4517,67
2460,2789
3233,4738
4309,4793
410,4634
618,4935
5023,3913
1681,62
3997,4800
3041,4847
3149,70
4659,4847
2547,4856
1529,4884
700,1728
3902,4760
813,11
1797,3881
2996,55
2125,4929
751,4891
3742,116
4624,1731
2148,2788
2138,4995
1924,4951
1049,4718
4577,1831
4602,4906
1584,1735
2163,1845
3072,2785
1539,4654
2718,1729
1100,4770
92,4990
1526,4785
2683,4249
4536,2810
522,4793
1220,4750
4559,60
1905,5077
4813,4892
2636,4862
1482,2839
3907,5018
4044,2838
613,4681
2385,2803
1217,12
1175,2794
2096,1732
1201,285
1401,1733
1450,4870
3350,4635
2443,1731
2201,4793
2040,4932
2662,4992
2553,4801
4053,69
1275,2853
1761,4829
1137,4749
4539,4681
3966,1848
3006,4635
1297,5
2320,11
2065,3912
1961,46
2597,41
1303,4723
3716,4997
4319,4848
1426,4987
2938,1833
90,4681
3449,4749
3097,2784
545,115
4495,2823
2220,4907
4270,1833
2562,4987
871,4951
2746,4978
2250,4677
1404,49
1709,4994
701,4937
1060,2671
3564,5063
2462,2818
2941,5077
724,4683
256,1831
3089,2785
3997,2764
2183,1840
3389,4685
2105,4673
169,4915
4295,4675
1931,2855
1449,2849
3783,4909
4967,5016
2654,1788
2568,1735
2644,2866
982,2816
1745,2820
2401,4991
3337,4889
4352,2837
3827,4947
3701,4918
2581,4737
782,4754
2379,2857
913,4897
2891,2774
1298,2810
690,1831
3335,4729
2966,4878
3491,1842
2400,5063
2139,49
975,4818
2082,2658
2476,3882
2890,5065
17,4847
2692,4797
455,4832
112,5066
653,2798
2564,133
923,4729
2704,4989
1327,2794
3814,4953
1890,5069
3449,4654
1304,4941
2403,4688
4570,2855
2358,1729
2443,2776
4219,4962
3442,2814
2458,4915
194,4762
2301,4902
3755,4775
3119,1836
1198,1727
3055,4855
1085,5075
2598,2827
679,4774
2481,4770
299,4695
291,63
3439,4957
3903,5016
609,40
3163,5
2965,2823
3078,46
296,4900
3254,4963
558,3882
3921,4777
780,5019
1081,4914
892,4669
4322,3915
1242,3877
4131,4905
2517,2794
3487,2839
2686,4997
1016,4759
3509,4784
2239,2851
1744,4883
2474,4904
2288,2827
1875,4818
3529,2785
184,1734
933,1831
3946,2796
4177,4735
930,47
202,60
2006,2773
456,2820
3854,2826
4218,4737
2071,4732
2995,2823
3524,4882
2250,6
4147,4743
1114,4937
1760,4817
727,4820
1117,4674
3209,4785
1142,2813
428,1725
4621,4991
3443,116
600,3882
1592,4830
1983,1734
4488,3
2082,4787
2292,2808
4595,1838
1544,62
3143,4958
4648,4733
2279,4880
1537,4902
4561,1740
3251,64
530,4264
470,4673
898,2798
4651,4686
237,4885
3598,4872
1123,4900
1511,2798
4384,5018
865,1740
4114,4930
387,1844
3586,1748
144,4994
1946,4738
1103,4801
4525,4785
1429,4958
754,4966
3983,4935
1410,34
500,4815
600,4789
4029,4784
3423,4801
1230,4970
2437,4267
2455,4828
1325,4718
2719,4979
3087,4793
381,63
1307,2867
4841,41
685,2811
3147,4739
786,4829
627,2809
3854,4931
2770,4831
1070,4930
2285,319
2908,1862
2555,4858
2194,4694
2999,4677
2601,2831
1582,4979
2328,4987
3816,84
2173,2774
1007,61
4352,4613
1790,1840
4435,2816
3706,4720
2416,4697
3991,2835
3932,4671
1955,4697
907,4677
485,4689
4331,284
36,4878
3891,4760
1810,2845
3007,4685
3280,1850
3503,1842
1222,5069
399,68
2900,49
1190,4613
3086,1846
4642,4989
3851,1860
614,4774
4948,1748
2228,4916
1951,2767
1389,4955
0,3505
879,4934
4097,6
2201,4993
2043,4997
4446,115
3473,5069
4080,4979
4611,4964
1005,4791
2395,4820
3702,1816
1986,2790
1990,8
1775,84
706,1832
2053,4267
1869,47
353,5073
3682,4801
209,4930
3568,4731
2922,1838
5051,4676
3573,4688
4493,115
1265,2810
4288,4873
144,4879
3945,3615
3971,2843
2365,4688
2473,46
1037,2818
400,2820
3576,4880
4505,4774
629,4990
2022,4675
886,4905
1771,4929
585,285
4207,4690
763,4677
871,4828
3211,2799
3215,69
3856,2776
2747,5020
3352,3913
1919,3879
2036,3
28,4695
323,4673
4854,4654
821,3913
4722,1862
661,5002
3270,4856
2182,4749
497,2765
4505,40
4625,2811
4383,2847
1822,1729
312,4668
2956,5063
4809,4739
869,4781
3382,4944
1754,1896
4834,4749
2701,50
4423,49
3527,4692
619,4775
3740,4817
1102,2832
1043,4915
4233,4930
2356,2786
4551,4735
459,53
584,4913
3580,45
3411,4737
4577,2849
3286,4693
1124,4800
2151,2787
280,4755
3706,53
5011,4947
3728,1855
2932,1816
2285,4697
5051,4690
3675,2796
578,84
3251,4249
4236,4785
2918,4962
28,2811
4004,4675
4713,50
670,4946
1154,4731
307,4830
722,1
2343,4675
1142,4887
4423,2831
1131,2853
2974,4771
4004,5074
2739,4784
394,1808
122,2839
333,49
3446,4775
1619,4739
142,2837
2187,5074
1469,6
4507,4696
827,4792
2121,3912
3657,4917
2731,285
22,2798
2080,4742
4641,8
4133,4783
1207,4736
3011,2825
146,3881
470,4765
642,4997
1401,4860
2096,3877
3204,4678
3692,1729
1654,4908
4745,4904
3057,4907
3708,4265
2589,4673
1682,2781
4134,2818
2736,2799
4515,4720
3441,4749
4535,2788
412,68
4278,4763
4640,46
1258,4880
5041,1725
1549,218
2303,4783
748,4934
2378,4978
4950,4914
4285,2658
4714,4884
2100,9
534,4968
902,4876
3383,4998
1346,4696
2569,6
3607,4248
1041,4763
4839,2857
3781,4682
5050,1844
4122,2817
471,4671
4228,1732
3997,117
981,4675
3422,4939
152,45
3554,4793
1174,4907
4295,1846
1751,4941
1227,1862
3235,4613
4078,3915
2170,4889
601,4816
902,4654
4336,4677
1055,68
984,2811
2894,4850
2291,4955
1965,4997
4066,2839
499,4920
420,3
2579,1748
3589,61
2272,4930
3909,4958
1618,131
275,7
2648,69
22,1808
4142,2829
2219,2787
2025,4926
3486,4784
755,1728
4660,1861
3842,2862
3075,4932
2205,1733
3923,3881
4124,4862
2683,4686
3839,4969
1961,66
3223,1835
1882,4672
3687,4894
4400,4249
1694,4761
2420,4751
1745,46
441,4904
4643,2789
1199,2779
3550,4730
1079,4880
1852,3
3317,40
4160,145
2299,4720
2705,4885
3145,4695
3621,4995
1929,1
4534,4909
3697,2855
1500,4829
643,3882
3119,4800
2180,4251
3794,2833
828,4751
1889,115
1610,2798
729,1857
3934,2826
3539,1856
2496,34
3056,42
4076,4878
3205,133
584,1857
832,4729
2415,131
2979,4769
2115,1835
4585,1847
4347,1840
2288,4790
626,4733
1756,116
3412,4742
707,4785
297,2855
5034,5000
109,2817
238,2783
3753,1730
634,2838
4063,3877
2200,1732
2236,1832
4116,5002
4067,4988
1011,1846
967,4266
1232,4750
2943,53
4260,2817
679,4797
2309,69
3950,2864
4135,4993
2414,5075
1910,2829
1104,4680
527,2837
2959,63
4028,3912
4271,4860
26,5064
267,1729
376,2776
2889,4991
1805,84
2323,4737
2159,4997
2452,4654
3244,4681
1379,4677
1992,1817
1009,4965
4715,4781
3110,4966
1289,67
5015,4957
4575,4954
876,5016
2345,4683
1146,4779
648,4914
641,42
4366,3924
1088,1731
2355,4737
176,4728
2889,4697
1195,1817
1266,4791
234,3915
2321,42
1052,4733
5047,3883
343,61
2409,4694
372,4862
4167,4775
3336,4253
4020,4772
738,4750
764,2809
2703,4913
3074,4775
2129,8
4199,117
5007,34
3164,80
2025,5001
4391,1849
4950,1860
3261,4952
485,4763
1670,5004
4483,4890
1964,4892
2282,1827
4124,4691
2683,4861
2131,4776
2150,4818
4330,4926
5023,2823
2311,1734
490,4998
237,4912
1323,4695
414,319
633,4993
1205,2768
442,2794
1936,2862
729,4937
290,4784
3099,1838
1555,5018
1882,2787
4017,4918
4045,61
1488,4916
378,7
3577,4879
4898,4879
563,2817
4054,1845
4238,2838
2879,3915
2749,2844
4717,1847
4487,3886
1621,3924
4863,285
2894,4670
2474,4903
1640,4790
57,4997
3542,4986
598,2821
3271,4850
86,4935
1865,5
2103,3878
1018,70
3295,320
3770,4818
1025,4918
3802,52
3818,4774
2669,133
2546,4730
561,4684
36,1816
20,133
947,4695
4448,4264
3020,5001
4843,1843
858,2841
4018,4897
4390,2862
950,2826
1907,2846
5081,4779
2937,4734
304,2858
2406,4892
1610,4816
2387,69
1192,5065
1416,4872
1540,54
1774,2816
2890,84
903,4828
2167,2854
2138,4819
1680,2855
1668,4861
278,1731
4447,4934
915,4956
4276,4991
1164,4697
111,1855
1736,3882
1927,1817
1412,2810
2270,4926
1685,3505
1547,4978
3142,4890
4527,2796
4311,2821
631,2853
3952,1834
1479,4890
1283,4781
2360,4753
2929,3883
3412,4958
1204,2795
1328,4695
1013,4937
1700,5004
2430,4734
1886,4691
2934,2812
2019,2864
3300,4738
1874,4820
1381,4830
2368,4694
2460,2847
5025,4728
1660,4799
3750,1857
1395,4728
743,2853
993,4966
4573,66
3112,3879
3326,4766
4020,113
33,4958
2645,13
2271,4907
4052,4250
4826,4929
4149,2811
577,4880
2443,4905
4224,4952
4703,4858
1117,4673
2325,4746
949,2768
1664,1732
121,52
1768,5020
4128,4675
1920,4994
439,2866
5052,4799
4060,1860
3537,4966
3776,4736
2903,49
4134,1
276,4929
3149,2811
3592,4264
847,114
2895,4750
2505,1831
4381,4891
1474,4669
1789,4956
273,1737
3381,1851
1708,4679
1943,4790
891,13
1900,1861
3840,4934
2385,4952
1633,1734
3702,4747
2510,41
1481,4883
4144,3885
860,4773
275,4991
2043,4820
2375,47
557,4739
4865,4749
3858,3886
1467,2803
2320,4759
1510,67
2164,2794
1527,4934
3107,2865
1214,45
668,1733
3471,1740
3211,3914
4596,3884
111,2774
93,2855
4895,2854
476,4784
292,4613
1441,2829
1373,1748
2642,4876
3933,4938
2089,124
4077,114
4319,2841
3097,2818
2037,4998
2698,4765
1273,4905
2721,4692
2219,1840
3454,3884
3792,4678
3608,4691
623,12
3994,4788
3794,4994
4174,4932
201,4936
2461,63
2582,2853
3713,4751
2661,4728
595,4994
995,4946
2885,4885
3644,4654
1261,4968
912,4793
3473,46
996,1
1706,318
3986,4876
1357,56
1577,4962
1616,4872
616,116
4823,4782
3122,4678
964,3884
2738,4991
2560,4670
1753,3880
4949,7
3943,1896
608,2658
1055,1834
1981,2843
817,6
3982,4991
1252,1732
4215,1730
4362,50
1553,1845
5051,4679
685,7
1669,4954
3247,2856
3786,1838
2033,3885
3643,4764
528,4774
1115,4730
4042,1835
2129,4672
441,4684
2649,2811
1559,4730
1395,2765
3932,1856
1972,47
536,4671
1053,2866
2411,4926
2943,4265
3039,2862
2694,4800
2896,4887
2000,2849
4562,4848
1899,5019
906,4673
2225,4890
2645,3884
88,4800
2998,4799
3181,1834
1146,1849
3673,5002
4647,3
3568,11
4234,4894
2668,1729
3249,4966
5011,2867
1762,1833
192,4782
3284,319
4810,2867
4133,4877
601,4870
1087,2796
4610,13
3971,2781
4309,4753
3605,4876
431,1742
1019,4886
3518,1734
618,4991
2956,65
1104,4735
768,2841
1300,2658
1143,4764
1688,48
958,4904
4561,34
4403,2671
3238,4761
140,4734
1005,4776
3888,4820
4156,2829
3762,4776
2641,2841
3729,4891
4345,4694
2378,4929
1409,1748
4186,4690
3708,4986
3675,1847
3180,2799
3401,2798
4344,2855
732,4861
784,2824
4000,4792
508,2838
4591,3615
1196,4915
3842,5069
2742,2866
1521,3
4071,1841
520,70
4745,4857
3023,2831
721,4680
758,2865
480,2840
3568,4936
103,4903
2196,4907
4396,4773
1212,4930
2706,70
332,4734
4389,2843
4577,4693
468,2764
767,3880
1491,4752
3457,3885
1622,4876
3383,4727
689,4929
3008,2789
4180,5074
554,4896
2975,1827
3486,4679
3165,4689
3975,4768
2429,4765
1319,4954
3299,4781
4395,3912
2525,2866
2216,4907
937,4771
4530,4752
3844,4727
2081,4680
1956,4931
2392,4791
2920,113
2708,4741
4341,4850
1197,4800
2062,2794
4255,5064
2769,284
3042,2824
3585,80
2406,21
3982,4955
4704,2832
905,2846
481,5065
4798,1808
1457,1838
1966,2774
2890,2789
745,4968
816,5000
4281,4742
601,4774
4515,4926
4317,4906
1029,5077
127,4791
3768,4801
3603,4736
1761,61
3165,4880
1379,56
3377,50
4948,2839
106,4901
567,4688
1638,3879
4161,4748
3446,4790
1273,4966
3812,1808
961,4677
2420,2826
2010,4680
214,5063
573,66
4023,12
4239,115
201,4741
4055,4749
2382,4962
4010,3
3005,4901
1023,4830
1089,4894
4057,1808
1891,34
593,7
4175,4675
3119,4992
2742,1808
29,11
1508,4695
1642,4917
4609,4934
3483,62
736,2787
2159,4752
1689,4777
611,4908
3899,5016
2070,12
2533,4817
3024,62
3113,1808
532,5020
1339,4778
1902,1818
2184,4732
783,68
3899,4873
5076,1841
4386,1855
314,4896
1415,4774
803,1
3413,1832
4597,67
1657,1818
418,2765
1520,4879
2910,4965
1912,4684
465,2798
3738,4917
1255,2784
3253,1856
1382,70
861,4777
1982,4969
950,5018
1079,34
1216,1840
3129,5070
2925,4861
4090,1841
3511,4890
2230,4683
217,4904
4103,4887
358,2821
17,2799
3206,2867
2046,2796
885,4730
3926,54
2830,4830
2495,58
3292,8
1107,4879
4205,1735
722,4265
3750,3505
4703,4896
3284,4695
1189,2783
872,2796
4814,2788
3163,5074
2557,1844
889,4902
3416,2821
1663,4755
4255,4750
3705,4986
637,4736
2090,4788
5040,4762
4001,4906
252,1735
2150,4784
649,4729
1149,5019
4639,124
722,1827
4503,2768
788,4920
1904,1833
3107,4820
645,4749
1220,4955
2259,4888
3649,1842
1458,4765
194,4694
2514,4775
2956,1726
3580,64
1921,1728
1858,4731
2596,65
1131,1862
4822,4992
520,4729
3347,4937
355,4697
103,4763
3652,4676
1549,1850
4434,4772
2753,4783
4307,4792
2211,3880
5006,4940
1106,4743
3305,5002
3854,5019
4150,3879
2878,132
2309,2845
4618,5001
356,1834
3524,4777
848,4906
3633,284
1083,53
1703,1836
4583,2776
480,2866
3892,3915
1096,1842
2232,2839
267,1842
1456,4792
1626,4870
170,4829
1975,5074
1502,1734
1886,4251
2313,4792
432,4747
3724,4692
3000,4755
3450,4672
2077,4746
740,4686
3659,2838
298,4755
4609,4913
1398,114
3242,4731
2893,4765
1521,4908
1402,113
515,4944
1950,4824
2305,1857
668,4856
2101,1838
4984,9
1162,2853
2481,4901
4319,4850
4165,1862
1001,1827
2090,4774
2122,1816
841,16
3491,4787
4628,4774
4550,133
4196,4971
1494,1827
3322,4952
1254,4681
2521,48
184,4894
3511,2847
3066,4916
3303,4803
3648,2773
85,4801
891,4978
1557,4993
3798,1841
4710,4693
1267,4248
2594,4962
78,4739
4458,4887
4478,4249
1204,4914
85,4786
1285,4266
1144,4818
3929,4900
4220,4861
4566,5073
1296,2856
2234,3
2540,4850
526,1728
4102,3885
5061,4828
1669,34
2039,62
2739,1833
2731,4991
1636,2788
627,4996
1362,4251
3971,4882
4967,16
3178,116
638,4723
1625,1845
4618,4765
257,4801
2005,5070
3911,4675
298,4741
3713,4770
3046,4265
1877,2773
3922,4965
2330,61
2527,2789
2569,4860
2714,4681
4563,4888
384,4966
4302,2860
3629,124
1290,4910
3681,2854
3289,2799
1773,4734
2879,53
2317,4671
738,283
3173,4904
548,4267
1943,1855
4645,4683
3780,15
4214,145
1495,4759
3308,2790
4409,4986
950,4775
3440,1818
2474,4250
4076,4253
2572,4989
4346,4816
3426,1861
4812,4790
2174,4742
545,4994
3339,3882
1970,54
35,4684
1081,4912
4302,4848
3997,4691
4562,4952
851,2820
3527,4249
1235,2776
1366,4883
2333,4769
3129,4890
1628,4770
4404,4906
1514,4946
3414,2835
2490,8
3926,4732
1909,4940
402,4267
5054,1837
4043,4784
4023,4676
2793,2848
4378,46
2520,4829
582,4907
4182,1740
90,4253
2937,1848
2404,1861
236,4902
2255,4778
938,5016
694,50
2921,4862
5032,2813
4533,2858
407,4986
2036,4753
2802,1731
1419,3880
3695,2773
26,1827
2931,4677
1027,4968
2050,3885
4542,4266
980,124
4074,4820
993,4679
2135,2811
4290,1733
192,4675
1068,41
2870,4832
207,2671
428,4931
4177,4264
1173,2784
4129,4890
1065,1845
887,2795
1113,2840
3418,4803
3696,4681
1613,5019
1478,4862
2472,1844
1978,4830
930,2821
2058,4886
1235,4788
910,1725
4073,13
4136,4248
3642,2862
214,4696
3024,2858
1943,4785
4655,4766
2194,3886
1342,4759
1404,2851
1890,1834
4607,2764
669,4738
4234,116
1854,5016
4570,2808
317,4904
1755,4750
1585,1735
1157,16
4255,2867
2446,5074
1530,284
3758,5069
2968,4761
2450,2768
22,4754
593,4790
3827,4736
3164,2855
2579,4682
229,4887
2231,4857
1105,4741
223,4978
4164,5064
1133,2788
3893,3912
1278,4989
2467,4777
3229,4930
733,4941
1087,4738
2103,4693
29,2767
1879,4888
827,1846
4802,2790
3090,12
2123,4670
414,4693
2542,4755
4652,1848
631,4905
3335,68
706,4941
4512,1855
2193,4684
1660,1837
3195,2847
3519,4766
789,4909
2566,1862
2422,2838
3387,2854
4556,2821
345,1
2980,1846
799,4916
3646,4755
29,4782
316,1836
1553,49
2544,4849
19,5001
4588,4730
5081,2789
2939,2860
1028,5069
2584,4686
689,67
834,4782
612,1831
3486,1818
3868,4849
1724,2782
4162,2822
1080,113
797,2825
3057,1728
4598,4251
539,2822
1928,319
3078,4994
3715,1737
1815,4847
803,4678
3228,4634
4959,2826
2515,2825
4841,1851
3061,2785
515,4746
2566,4746
1197,5018
4399,1731
3961,2764
869,1816
459,4896
2133,4969
527,1862
3935,4909
1824,4940
5033,2845
3436,4754
4922,4778
2960,2812
2170,3915
2546,41
2086,4954
1250,4964
3382,64
2177,2773
3728,4934
3855,4941
4833,2838
3790,4901
4804,1733
3953,2813
2944,4686
214,4762
1264,4957
150,48
2507,2844
2982,4862
4328,4787
4844,4817
2340,1846
3932,4909
2675,4735
2948,4860
4015,4856
2170,4800
481,4941
2009,4965
3394,1844
360,4755
1741,2856
2544,4847
381,80
4185,3882
1873,4732
2286,4670
804,4819
782,2820
289,5004
4089,1734
2935,4994
2686,5073
1149,4791
128,1861
1446,5019
1824,4732
3469,4971
518,4819
1773,2774
3293,5074
2500,4691
590,62
1698,2783
3553,4749
3848,4971
2526,3913
4090,4873
4503,4994
2941,64
4489,4970
847,4998
2883,4723
2868,5000
2975,4692
4597,1841
1167,4654
2522,4902
1910,2794
4826,1849
1566,4737
4842,4613
4656,2864
1290,4996
1491,4755
4384,4729
906,4720
2703,4990
3148,4679
4441,2790
2559,4684
4256,1862
1216,4746
3392,2826
4001,5020
3951,4654
118,4693
3919,4817
4190,4251
2954,133
1765,4784
4036,4850
622,2820
3977,2773
1307,4876
4289,4781
2239,4954
791,2825
2736,2785
3526,2772
3575,1748
255,4916
2538,3
2522,1842
4318,1740
2172,4735
3855,2829
44,2849
5067,4778
2587,1844
4875,2789
3996,5066
3671,4765
1166,4992
3180,2782
3377,4786
3999,4907
1704,46
3469,4876
3414,4727
4082,4994
1480,4886
3143,2829
4852,4734
1171,4955
371,1851
1540,4782
862,4671
1417,2840
205,3882
2355,4820
3773,4688
1014,66
783,2841
2295,4989
3380,4897
3649,4947
2557,4727
3429,4672
3492,4989
1276,4882
2744,4883
1351,4654
5017,4958
2451,2803
4725,4885
2677,2837
3361,4689
3027,4677
997,3886
371,4879
2461,4684
3396,2796
206,4940
4207,5063
4116,4998
703,4908
2336,4991
4712,4954
1433,4919
2957,2796
2971,5018
1608,5069
1424,2789
612,3880
1515,4936
1944,4890
3359,4952
2280,5074
1365,4773
3264,63
3787,4885
3449,117
3970,4952
2543,2768
348,2840
911,4748
3888,4849
2650,56
4028,3883
1219,3924
174,4952
1448,4755
2819,4777
2967,4800
3538,4732
2372,3
2922,46
3559,4886
3454,5074
140,1833
3179,4978
934,1861
3338,1730
3004,4683
2018,3913
4553,117
3285,5020
4502,46
3125,4931
4110,2831
782,4789
2558,4819
515,4679
3672,4992
444,2808
1758,2843
1680,4971
257,1827
3169,4729
3254,2840
4983,4727
3790,2764
1652,7
4147,4815
4382,4828
427,4731
1482,4957
518,49
456,3877
2608,2866
4454,1861
3370,4797
767,2854
965,1840
4667,4920
778,4784
1014,4684
316,2844
3404,4940
3416,2822
4555,4918
919,1833
4000,4998
2859,4986
4211,2799
4823,4832
3719,42
3643,5000
477,2831
2201,3914
2033,4997
3055,4685
1944,4968
4072,4738
954,4759
1158,4907
1380,55
2468,4886
824,4674
3176,4828
2472,5020
887,1
3522,4718
3383,2776
1623,4920
1042,2858
1094,4723
3892,1818
75,49
248,1861
3415,4962
2376,116
3009,4850
4666,2783
302,2764
1098,4801
2254,117
2688,4964
1336,4918
2715,2825
3429,4738
3399,285
1288,4964
1976,116
2477,4791
23,4735
1151,4654
1219,2826
3498,4678
3191,4855
2946,4769
4181,2781
4895,2799
1418,1843
4177,2840
2870,50
3065,5070
371,5069
2901,4902
1638,145
945,4251
272,3505
2558,4908
1873,3912
2189,3886
3751,4696
2010,4828
3699,4955
3858,1862
349,4879
1529,5065
5067,4966
3716,4992
2695,1737
555,42
2484,4249
843,4677
3139,4768
3120,4958
2927,2772
1900,1740
849,4894
4541,4958
190,4913
2187,2817
1074,2835
603,4766
4567,70
4488,4955
2041,4969
3000,84
556,4917
3579,4992
4585,4891
872,4781
2993,11
969,4803
924,3
3786,4885
4922,2788
4629,4816
1583,1737
237,318
530,4958
3463,2856
752,5074
1552,1735
3535,4783
3291,285
3235,283
93,4903
3440,2853
2493,4989
2075,4686
4084,2808
2925,4687
1054,2856
2103,4803
1261,8
1720,2796
4009,2847
691,2794
1417,2854
1539,4782
3366,5070
2656,4673
2328,116
762,65
2457,4915
1560,1818
78,2785
2383,285
3481,4783
4433,4877
1252,4799
4973,4747
4571,2816
1492,4848
1031,1838
4011,4773
3024,5000
4433,4766
2336,1837
2900,4989
4503,320
1627,2846
1263,4819
2673,4944
289,4747
770,4913
1222,46
1284,4267
1712,4774
4371,2844
3666,4696
4507,50
2877,2847
4590,4920
3435,131
3947,2845
2634,2784
3498,5001
3810,60
1174,47
2686,5000
4144,1730
1515,4672
175,4267
4392,4947
4502,4882
4557,3880
3350,2790
5024,4969
1121,1728
4666,2803
1045,1842
3529,2790
3696,2764
2863,2833
2419,1896
1478,4937
3653,2789
1525,4791
434,2779
2640,1730
3768,4858
3050,5070
1584,2767
4221,1742
4069,4897
3698,117
5028,52
1807,133
3763,4993
2296,4777
1889,1816
2449,1896
5082,4763
4960,2816
159,4911
4622,4763
5068,2846
2550,4253
1221,4769
3433,51
2193,4689
1360,3879
816,1861
1417,4673
4191,50
1325,4920
4454,4966
4475,5019
4278,4913
2576,4681
4562,132
138,4857
4140,4914
306,4829
3411,4729
2706,3912
706,2776
2138,2822
77,1837
1347,131
2540,2843
2029,2767
2599,56
2640,55
3162,2786
3693,1734
2030,4250
399,2856
4372,4870
3168,4752
4365,51
4321,4970
2110,1843
1339,4674
111,4741
4621,4778
3850,2787
5039,4783
1913,4777
3344,4742
4898,2813
1664,4800
1231,56
375,4991
933,1861
1630,4789
378,4919
5021,4683
187,4944
557,4882
4477,4824
3859,2816
4960,4862
1879,2811
3739,4681
656,2833
256,4987
4118,1837
2888,4801
2877,9
4572,4951
4632,4944
4193,4782
1750,80
4517,4952
4051,4920
1497,1856
4545,4774
3774,80
1769,4670
1936,4889
2870,4672
2517,4760
4318,4748
471,2867
929,2841
4474,4829
3678,4919
707,4747
134,4693
2171,4909
1077,4969
2807,2816
1195,4789
2669,2847
773,4733
2667,4998
1756,4613
2498,4912
4006,4996
2424,2824
4164,2858
4016,4996
3488,1817
2306,4264
2072,3505
770,4885
1487,4992
774,4917
5060,4784
2930,1818
3958,1860
4235,1729
1658,68
3223,4769
693,4678
3010,56
1968,4935
517,4963
699,4736
899,4782
1380,4775
4407,2821
940,4820
4210,1731
3094,2658
509,8
3963,1839
4029,4831
2106,4931
3081,3914
987,2855
161,2867
4234,4782
484,2840
1629,4910
186,2800
4422,4876
1903,4773
1490,116
4376,4692
469,4718
2930,4672
4000,4635
2449,42
2495,4755
774,2826
1575,4743
1086,8
1917,1846
1963,2839
4558,4768
4650,1729
2641,4793
4487,4764
1772,4860
1680,4882
805,8
3109,4931
1276,5016
3728,3877
3570,4739
269,4760
3759,4887
3335,4684
89,2867
3713,4718
457,4803
1578,51
2815,2865
1045,40
2683,2823
3529,4816
3274,4885
998,4791
3665,4694
2147,2845
971,4850
1003,16
4552,5016
3468,2862
1595,4654
3730,47
1458,68
2876,4995
2682,4958
3676,4788
150,4872
2371,4742
2970,48
4838,2671
4744,66
357,2768
3255,4939
3053,4911
965,4685
1306,3913
260,45
3988,7
4840,5064
2083,70
2258,4914
3621,4891
3473,4941
3920,2835
3692,4779
3635,116
1467,1846
3272,2788
3337,2765
1010,2829
1283,4857
3319,5002
1341,4958
1106,4783
1918,1731
1299,113
3749,5073
4328,1855
1322,50
1115,4682
1989,64
2131,4916
4146,4737
498,4695
2686,4897
1645,2839
1974,4920
3434,49
3150,4894
2523,4879
143,4789
3826,1841
918,5075
3223,1731
4420,4791
1527,5077
5030,2841
3148,4849
4337,4876
2645,2789
3525,2811
2929,4781
4643,1732
401,4913
1394,3924
4232,4783
2202,4654
1607,4800
1394,4996
3156,4970
1943,2862
3655,4830
4254,4671
2348,4849
2340,56
408,4748
5027,4989
4719,4686
903,4753
1023,1855
1934,145
2898,4921
2113,4759
4556,2779
4309,4769
3159,4732
4311,4765
852,4993
1069,1850
2131,3886
1863,5063
3832,4803
1140,4915
2709,2865
2183,4694
3063,4742
2603,6
2966,62
4592,1831
2162,2860
1873,4828
4018,70
2066,5074
3020,4669
4270,4776
3964,4691
3339,4934
2920,4900
4581,4969
2110,4908
1662,4986
4272,1733
1223,2837
815,4952
1243,4885
625,1834
2312,2765
990,2786
3796,4929
2180,3505
2301,1
1490,4755
3895,4858
1590,4779
3938,4654
4177,4676
3037,4763
1505,4962
3721,2829
637,114
3281,2822
1057,4887
2554,4733
3753,4995
3037,4876
1964,4772
3635,4908
542,63
2123,4730
1529,4675
3535,4920
4514,1727
581,2840
1067,285
1119,218
1905,4760
2834,4989
1197,2856
2538,1847
2588,1855
525,4781
4156,4253
2197,4727
5055,4912
2417,4737
257,4900
1032,4896
1626,4862
3215,4797
366,1856
3312,4783
3861,4784
3871,1817
3771,4670
1698,4803
4117,4748
287,4831
1171,2837
3165,3880
4177,60
2917,2865
1517,4997
1670,4693
5022,2774
2085,5070
1346,1
4017,4760
3777,2853
2023,4938
1240,4769
3090,4936
2499,4954
3559,2813
3463,1730
1649,4900
3465,2855
253,4689
1234,2784
4331,42
2052,5065
1251,4685
2275,4970
2234,1832
3660,145
3175,2783
1987,1843
400,4697
1058,1733
349,4634
2901,4883
3786,2847
3644,4850
3645,4775
3449,2846
765,4829
508,4848
3799,4907
3006,4738
3961,2809
1717,4990
3809,4680
1583,1896
728,4855
2251,4914
2692,4692
1799,4968
3444,3886
4242,52
2752,52
2256,41
1018,4736
2769,2816
2511,21
1819,4909
475,4938
2778,2814
3596,1732
816,1851
3805,4248
558,4917
3701,4754
4093,58
2394,4793
3997,4828
2292,4921
1885,2782
2955,4799
3010,3924
1391,4669
1009,4890
1878,4732
264,2854
1210,2823
739,2779
4064,4919
4387,4910
5037,320
1775,4763
4282,4686
5056,4885
3079,4762
4411,4910
4088,1818
4,2765
3035,5002
564,4668
2007,2837
1569,9
1980,319
95,2845
843,132
3029,2773
940,2798
4454,3878
1464,4849
4165,145
224,1816
719,1845
2432,4920
1294,13
2445,70
1621,4766
4442,4778
1240,2785
2487,2829
2647,4778
1091,2848
1058,5000
3271,2776
294,320
4229,2810
679,4831
3561,4946
1506,1851
4306,11
1137,4882
2755,15
2754,1734
766,2831
151,4765
838,1834
173,4752
657,4931
2151,145
1828,1727
2203,4732
2012,3878
925,2822
3609,4861
4106,133
897,1827
2019,1836
1423,4781
2663,58
32,4911
1584,3913
750,4819
4377,4248
3501,4676
1805,67
2307,5066
5033,124
2459,4743
2643,54
2143,2772
2486,4769
627,2785
2231,2809
2288,2833
3015,116
421,4991
671,2856
344,61
3976,1730
273,7
2630,4678
3577,1727
1011,2845
3041,3505
2570,4910
3148,4778
4002,2789
3383,4763
5062,2799
1706,4860
2267,4771
667,64
1622,1748
752,4785
272,4720
1905,60
1398,4731
3442,2840
2649,4248
4065,2811
4709,1862
4806,2784
3296,4876
4275,1730
1645,50
3631,5000
2336,1727
882,4680
1491,4682
2303,21
1696,5064
4637,48
1895,2772
3144,13
186,1729
2525,4958
416,2840
2348,4793
4040,4799
1348,2843
1474,4791
1970,2832
2451,1827
1133,4829
2891,4878
3331,1818
3099,2838
3334,2821
1652,1850
2617,2768
1632,4847
2674,4751
620,4679
3976,4779
2970,2838
4357,3885
1664,114
3075,53
628,4765
1705,2812
5008,4763
1829,1816
4644,4249
722,4668
1129,4996
4123,69
1578,1844
2697,5
3082,4681
396,5000
172,117
346,4952
1286,5074
4190,47
295,4687
2411,2821
98,4735
4511,5001
3274,4749
2569,67
1957,4946
648,116
788,4668
3532,80
4717,4915
5060,4994
2510,4884
2974,4697
3712,2658
3828,4251
2667,2829
427,1896
2210,8
1550,4697
3416,4880
812,4979
3617,15
2325,1833
1195,2849
2034,4819
2368,42
4122,4753
4399,1833
3872,4777
1039,1838
662,4673
224,4887
1349,4932
3564,1851
984,4828
1991,56
5022,4936
4143,4799
4074,4818
93,4683
3589,2862
4079,4946
1430,1734
563,4832
4390,4913
2017,4801
3351,5063
3383,1860
24,4979
265,3886
3255,4849
2941,4755
1478,4860
856,4763
1108,2837
714,4697
2899,1733
1145,1735
930,4746
4615,2820
594,4668
3720,2865
4627,3914
835,4635
3176,4760
2191,2808
1721,145
3568,1733
337,1735
2294,4635
4346,4832
546,2837
4500,34
4223,2867
2174,4790
35,4732
2011,1832
1371,3615
2675,2826
4566,4992
3339,1735
2254,49
1884,4900
4439,2782
3629,4749
4034,5065
363,2825
1035,4675
947,46
3089,4897
3027,5070
43,4759
2331,2795
3410,4904
1787,1730
2065,1851
1369,9
221,4720
1086,4934
2531,4952
2687,2844
1620,1848
571,1845
2936,3878
2031,4885
1270,2671
2287,4800
1055,15
4933,4634
1403,4971
2298,2795
1398,4679
4758,4266
1723,4931
595,1726
4598,4770
3079,2816
3196,4996
1367,2794
191,3913
2088,54
97,2800
4494,4946
961,4750
249,4748
2462,4733
2400,3878
325,4761
966,4761
4231,4912
4796,1729
3925,4997
2141,47
4151,4772
2601,4672
4593,4858
1157,4720
4026,58
4323,4896
393,4816
2285,4818
3363,1843
3452,1856
3636,4946
1272,4693
4126,4678
1168,4779
3713,2787
1388,4878
818,4972
393,4897
4394,5069
974,1817
4472,4932
2473,4682
135,2835
1240,4856
1883,4779
934,1837
3442,4671
914,1896
2328,3883
2249,4952
2231,4696
4397,2837
4115,4951
747,4793
4527,1840
3213,5069
526,4793
1666,4990
843,2851
1942,5075
1063,4676
4093,4770
2929,1818
370,2814
2411,4915
4583,2786
3849,4775
3070,4824
5082,53
4111,45
1197,5016
4472,4753
2213,1836
5083,4889
566,218
25,4870
3064,2820
4380,2798
3002,4785
4478,115
4101,2812
1780,2799
4170,2838
2665,2810
4383,1842
4202,113
369,1725
146,4773
4473,4678
2038,4752
3557,4781
1614,6
1583,4735
3362,5069
4218,145
3845,4731
4846,1731
3613,4815
143,4890
2534,1838
2887,1730
3270,2781
4305,1725
1464,4987
1408,4685
3833,2823
74,5074
3802,4680
1312,4995
2318,4770
2148,2783
2629,2818
491,2854
2428,1855
5076,4694
5047,2858
1710,4688
3148,4876
3030,4815
1343,2671
2083,4734
3903,4748
3497,4266
3317,4831
1395,4790
1211,67
5010,4746
151,2788
3699,4693
1507,66
3918,4849
4644,1833
4566,45
3351,4778
882,4782
1743,2773
112,4904
4593,65
2578,4816
2380,2782
3356,2779
4022,1862
2696,2855
125,4697
783,4915
2361,4739
3909,4968
3459,3886
3362,4861
289,56
440,1896
4313,3505
3475,4733
1136,4265
893,4862
1426,2820
453,4760
1792,1740
5051,7
4568,5069
2012,4743
3818,2838
2202,6
33,2786
2660,4861
1883,1850
1658,4686
1977,3505
59,4718
1019,2773
4384,4953
4194,1833
4283,4742
2489,5019
1212,4737
876,2827
2664,4753
5045,4849
2209,2827
1937,4817
339,4766
3133,2781
2379,4830
1128,4971
374,2768
2284,1734
1776,4732
625,4781
1996,1832
472,9
280,4884
4187,4986
2736,3882
3418,1850
3172,4882
785,4992
935,4679
2607,4860
3292,2773
1116,2767
644,1846
3219,4931
2039,65
428,4688
3425,4800
2657,4670
932,4747
3968,4891
4278,2841
1247,114
4445,1896
728,4987
1558,4815
4372,4862
4303,4746
4198,2814
1287,1817
3431,4958
1872,2773
1670,1816
2298,2833
1302,1728
2666,1730
4585,218
4374,4697
2662,4968
4152,2833
3236,4783
4116,4992
2207,4876
263,4932
161,4742
2676,3878
674,2658
883,4800
3685,284
4410,6
2792,4677
2538,4936
2135,4734
2007,113
2667,69
4119,3883
1886,2772
3309,4763
4022,4900
2172,4751
3807,4749
1692,1857
3369,4671
4852,4776
420,4830
213,46
712,1731
2761,2779
1607,2849
1492,1730
2185,1827
4471,2781
3468,1862
4307,4783
811,4762
3269,4858
4101,1850
4373,1733
207,3913
3064,2785
2154,4634
3269,66
4509,5
1540,4766
2090,4991
1222,2856
1610,2794
3424,2809
4366,4691
101,4748
1885,2846
4331,5064
863,218
1073,66
3552,2789
4985,4769
2770,4914
3048,4752
460,4668
1935,4762
5058,145
448,4993
88,4670
2157,4791
91,2785
1252,4741
1519,2772
161,2765
2053,4785
992,1841
2650,4936
0,145
3645,4887
1965,2846
4141,4969
2325,4817
3655,4797
690,3914
425,4941
5024,1851
3504,1840
3450,84
3497,4930
1798,4956
3429,4946
1235,4751
2930,38
1440,4266
2,1849
538,13
5017,4680
3971,133
2666,4753
4420,4968
1720,5073
3819,1855
2174,4969
3318,4782
3773,1836
1083,3882
2938,4849
3498,218
1692,1734
1134,4776
1224,4879
4145,2853
3659,4968
3658,4749
2534,4832
4150,4816
1758,4779
3115,4929
1972,115
2373,1851
4619,5016
3597,4894
1875,4778
3304,1827
138,4894
3002,4887
3925,4860
815,53
636,1788
3637,4994
163,4970
3951,4988
1018,2789
3897,2817
1217,7
3532,4669
2284,4765
3209,4760
2545,4654
4518,41
3956,2764
2736,4971
3715,4953
4407,4828
1528,1733
1139,4772
2290,4986
3719,133
2105,84
2780,4876
5037,1834
3061,7
3497,4940
3222,4789
3332,2812
3224,7
3399,4972
3715,4727
3272,4971
2654,4764
3702,1831
2052,4857
243,4692
827,55
31,4742
4195,4739
256,4723
3863,2786
522,4978
2622,1834
2815,4728
1938,4883
1224,1840
3323,4764
1234,4779
3275,2790
3107,2841
482,4915
4073,1729
372,4697
3482,2848
4004,47
4089,4728
3280,4862
5038,4824
3576,4954
2777,6
3741,2838
921,4941
419,1725
26,2823
1716,2866
1332,4786
781,4926
1351,21
2450,1827
3062,4856
2174,2837
2964,67
363,8
3985,4905
4477,4884
3404,5004
3103,48
4358,1855
2598,4789
4492,4909
1392,4962
4616,4788
2180,4855
1321,4747
922,4816
3599,1840
3769,3913
1568,60
2372,4992
522,2786
3337,3886
839,4800
3335,4890
1691,4686
94,4910
1642,4870
1953,4817
997,4824
4009,4988
1160,318
4065,4776
4101,4800
4334,1748
908,2824
2734,16
2248,4972
1433,2821
4633,12
1190,1731
3106,2796
653,4872
2073,116
3064,1
878,2857
1215,1856
396,2818
2528,1748
1768,54
375,4971
935,2823
2503,4850
4125,4748
4139,2849
2495,4729
2871,4793
647,116
3986,1834
805,3881
857,4791
3918,1727
4160,4917
1147,4953
448,4940
2012,5000
5022,3883
4875,2816
4303,4829
2447,2823
3060,4870
3256,1846
2431,64
4088,21
1156,11
3862,4734
3385,4816
2448,4997
2191,4951
1960,4738
3545,132
576,4914
3180,4774
2150,4963
1261,4978
4136,4989
703,3
4216,4992
3765,4941
2526,4248
4351,2817
2995,4860
2032,4831
2943,4754
3940,4914
219,4755
3466,4952
4,4791
2264,2851
4975,3880
1508,2773
953,1845
4598,65
756,132
859,4886
2360,4916
2509,4684
2255,4248
3840,4954
4211,6
506,5001
633,1740
618,52
1075,4778
1296,2808
3183,4720
2553,4892
676,4678
2554,58
2109,4862
1396,4738
1972,1730
1513,2787
1415,4728
3599,4995
1533,2784
936,318
2614,5074
4660,2867
1577,1733
2578,21
2134,4953
4425,4736
831,2856
1296,4682
1311,4861
2084,5064
3872,4792
2088,2794
293,4941
1853,2837
4626,4743
3826,2800
3047,4670
2022,4788
4704,5002
1114,4900
870,4888
3421,4686
3382,4264
2288,4850
825,4892
453,4771
1451,4784
2629,4912
2156,4775
4708,4689
332,38
1450,2803
3740,4777
3872,4998
3041,4680
3160,4760
1614,53
4627,4992
888,4737
4923,2824
1219,5063
3476,4753
1527,1860
402,4953
1588,4917
1724,4962
1272,2765
1045,4997
1793,1735
3318,2812
4381,5018
3888,1837
3087,2865
815,5073
1034,3915
2341,4944
4575,4873
1712,2857
3688,4929
970,4941
3656,4970
355,4754
1478,4888
2165,2833
204,1847
4639,2837
1638,4687
2379,4883
3323,4790
1080,4764
4438,2843
4371,4957
1705,4995
37,2765
4186,124
2792,1834
2914,4727
4653,2844
2167,4917
4204,4990
3343,5074
3792,4761
4433,1851
598,4746
4656,5004
1027,4920
3103,4904
4284,2782
2208,4952
4455,2765
4000,13
3743,4952
4725,3883
1987,4762
911,133
43,4249
3529,4775
4453,2794
1119,4680
4131,54
3456,116
4254,4674
1651,145
3369,67
991,4752
4278,4883
2537,4926
2058,1850
676,4917
2032,1742
3570,2837
2374,2810
3499,4248
395,13
1557,4693
2220,320
74,2858
4354,4936
4838,2812
3409,4779
2529,4900
1196,4248
899,4766
4405,1731
708,283
1486,1838
123,4777
4142,4817
167,4693
4716,4686
3514,2785
3550,4797
1209,2848
2199,4992
946,284
4182,4733
3957,1836
4271,2800
1999,1841
4355,4792
1395,2783
987,4954
1584,4741
3284,4953
625,5020
1288,4908
3201,3886
871,2840
1606,4992
74,50
3701,2781
4191,5069
290,2851
3751,145
4195,2855
3433,4760
3339,4793
2276,2813
4351,4747
3461,4785
1425,1728
3531,1833
473,5075
4170,2841
1109,5064
4515,3880
2735,2781
5048,4877
3637,1727
2509,1735
3240,4892
3864,4940
2013,4857
489,4870
2136,319
4129,4917
520,4963
3007,4861
2026,4267
2266,1844
4130,4828
759,2844
1525,60
2119,4920
3423,4720
3392,4946
1219,11
2443,1818
510,4906
3893,4997
3559,4671
1615,1735
2909,13
295,4737
2511,2816
104,4991
2492,3912
3939,4735
2396,4687
3121,4697
3228,4955
865,4903
4472,4961
579,1808
3438,2825
3829,3884
3984,1831
3839,2817
2261,4883
4170,5001
1755,4861
4286,2831
1501,4797
2912,4879
3895,319
3992,1734
503,2827
312,4880
1640,4832
3019,54
4421,4947
3128,4964
2964,1835
2702,9
4070,4730
4520,1838
152,4968
1082,4887
4725,4961
2539,4991
495,318
2256,2781
359,4940
3021,4816
3369,5000
2129,4930
157,65
2533,2831
1454,4992
617,4676
3736,4940
4482,4782
1153,4958
1815,5074
2769,4978
1868,2658
3675,5018
1983,4989
169,4782
1216,4763
2238,4693
3079,1
206,4947
2277,3505
4116,4993
5003,4686
1215,4692
1101,116
3767,4941
3199,4789
1956,4989
3427,4889
933,4773
4268,4768
470,2843
2198,4876
404,4671
1022,8
872,4788
2393,4941
391,4894
3352,4728
3294,5073
385,115
2363,3915
866,4817
1530,5074
4052,58
2850,4989
2715,1729
2981,4267
839,4251
4417,4996
2992,4737
2150,4249
741,2816
2300,4877
2484,4946
1399,6
305,4909
3961,4886
3964,4818
1526,4793
2570,4872
3857,4998
1351,2767
4211,284
1569,4790
4553,4968
950,1818
2477,1818
3000,4634
4376,4911
2247,4775
1212,4962
2568,4787
1568,4752
2400,4267
1770,4916
1172,5019
382,2765
188,50
4104,2818
2625,4951
921,4754
3401,4872
2530,2785
1225,4919
1667,4264
2561,4786
2216,2803
172,4819
3354,4939
4656,4917
1042,4775
1908,2789
3357,4889
2374,218
403,4884
3420,3878
2777,4682
1674,319
2210,4829
529,5001
2007,145
1634,2783
2567,4908
2360,2853
4041,5065
2168,4762
2405,4755
1095,2835
2131,2658
3301,52
850,4752
3316,4872
2312,1862
3852,4969
3736,1855
1027,66
2422,4738
799,4873
457,3912
3095,4886
2109,4694
1640,4670
3053,60
2562,45
930,1827
2205,4877
2904,4994
807,5075
1621,5065
3361,4915
3005,1849
156,4748
1552,1740
144,4940
2309,4991
2990,4912
1080,3879
2055,4769
232,2785
4629,4668
928,4690
4985,1740
2766,4876
3689,4829
4211,2860
677,2784
2450,2825
1035,4792
2652,4901
3252,12
2467,4739
3305,4776
1875,4890
44,4998
4927,113
2154,4911
3864,4760
1109,16
4050,4265
4618,4759
1603,4964
5027,4792
3838,1857
3086,2794
1992,4888
727,4799
3645,4904
1267,1862
3782,4926
276,4266
1224,2845
1139,4692
2603,4876
898,4765
1308,4996
1317,1861
207,4249
2255,1748
3683,4929
4559,2784
4810,1836
4745,5066
4100,2810
3322,2783
2763,2849
1812,38
5043,4918
1624,4780
2322,63
2080,4264
1388,4918
3097,4797
3560,2851
2655,4989
855,4755
4304,3914
4442,2781
3662,4728
1420,4819
1342,124
612,1817
5015,2785
3238,1851
1854,4723
4574,2809
2590,4850
3623,4994
2520,4819
2463,4765
4227,4790
1012,1816
2323,3879
4378,4989
3713,4996
387,4264
2692,58
1457,4994
1295,4743
4193,4743
1449,4684
3802,5074
602,2841
420,4896
4380,4760
3921,2867
1468,1808
4893,51
557,2809
1207,4694
4481,5070
3379,1851
293,4921
2428,47
1830,66
3535,1896
573,4941
4292,4793
2223,4691
561,4816
1406,4882
3774,4690
3046,1733
415,4897
4220,4939
4527,4793
830,4681
2255,1845
3524,2788
862,285
3122,2854
2643,4672
3308,4918
3626,4994
4124,133
1299,4882
3727,4771
1646,2840
2802,145
4664,4921
2172,4770
1414,1748
168,2835
3145,1855
200,3505
3611,54
445,2843
844,4931
3641,4759
1494,2846
1072,2826
1722,4929
3550,4820
4024,283
1341,2847
2195,4676
4252,4917
17,1845
3544,4782
1300,1788
3244,1732
2704,2816
3257,4692
295,2826
2320,4909
1463,4946
1360,4940
997,1860
4217,4939
3821,4749
4519,1839
2971,4635
3235,4800
10,4752
3840,2862
4441,4735
732,5077
4303,4828
1231,4934
4298,1742
753,4995
5024,4682
3556,5004
4017,46
2248,4654
2770,2851
3229,4861
2583,3615
203,4773
3329,2864
3238,3914
1931,5065
3889,116
4549,4691
220,1845
4208,4955
2584,4919
4313,52
4107,4850
510,4786
2530,4932
2323,40
3217,5074
1303,69
1936,318
2339,2794
1900,7
3126,2781
4950,3883
2414,2827
4154,56
149,4916
3347,4870
2057,2786
1487,62
3498,4966
959,1837
4805,4250
1588,4678
4201,4900
3863,2817
1404,4730
3753,4760
1333,4786
2204,2790
3542,62
4871,4692
3516,4690
3025,2853
4576,4891
3576,4872
5035,3505
1514,11
991,4979
396,1818
1804,4762
2895,1834
371,1730
456,4946
3719,2833
2760,2779
3985,4987
2571,4761
4334,2781
957,4880
3937,4831
2435,15
708,4935
3441,4904
4561,5002
3349,1846
1306,4797
3892,4916
2626,4267
44,4952
624,65
2029,4668
2079,4918
2065,4694
917,2822
3130,2799
3088,2783
1018,4695
4078,1860
2708,4991
1998,4818
1045,4770
1477,1843
4524,4818
2043,4906
3028,4915
1476,4824
5084,4941
2038,124
2382,4682
2988,1831
535,4911
3586,4783
4201,4741
3508,4815
1222,4720
3861,4856
4040,2671
2239,2812
2275,15
352,1856
850,67
4557,4695
2324,5016
1288,4801
519,4749
4201,4886
4455,4781
1189,1816
4002,4971
608,113
3291,2826
1395,2851
4146,1727
4040,4879
2181,1732
2281,4955
4426,4683
2706,4908
3078,4998
4716,64
3691,3615
548,4751
1538,84
3838,4733
4874,4972
1049,1
3316,4754
2396,4921
1562,4780
4103,4937
438,4803
4950,4820
1948,4978
3768,4872
1472,5077
2742,52
2958,4787
3109,5073
377,4728
3509,4897
1854,131
3151,4800
1289,2837
1980,5000
969,4956
3975,3877
4020,4872
407,4728
3171,4613
4398,4741
2323,68
3044,1838
1181,2837
3547,4870
1810,4676
2538,4946
3222,4978
1903,46
2395,2818
4050,1844
3510,4995
1012,2765
4134,4681
191,4765
5068,4815
3795,4915
4210,4921
3890,4760
2678,4972
3747,4961
4529,4820
3978,56
155,4938
4169,4958
2369,2844
1284,2837
5056,4926
2366,1860
2230,2783
2469,4669
970,4988
4647,2772
1528,4926
1420,4763
3768,1733
1358,4742
1715,4953
4717,4253
1147,4997
1128,2865
3792,4857
3192,4265
1958,2825
505,2768
4924,2783
4560,4912
2607,4697
2233,133
819,1818
3898,4963
4233,54
513,4787
5061,4897
1762,1861
896,1726
4845,4746
22,2784
1276,4888
4296,4996
2047,4779
3686,4969
1196,53
2158,2814
1296,1737
1676,4986
223,4720
3751,2855
1967,4671
1972,2846
3768,4997
2078,4860
4724,4903
4209,4696
1206,4690
4070,1847
3957,4784
2452,1735
3009,1834
1872,4750
447,1726
1050,3882
2869,50
1939,1834
3632,1862
121,2832
3511,4849
1352,4684
4399,84
2901,2843
4859,2809
3189,2818
1813,4801
3817,4872
3176,4693
4699,5063
3887,1835
3702,4939
2893,2860
4124,4996
1495,318
1804,4686
2500,2803
498,4962
5068,4940
949,4990
3778,4896
2962,41
3180,4907
1228,42
1294,4930
3419,4732
2355,4779
3036,4914
4037,2788
606,2860
4516,69
792,4635
1778,1860
4517,5018
4122,4772
694,4957
3698,41
790,4673
1869,3924
4047,16
4796,12
4663,4850
3984,1734
478,2799
1622,1836
2380,4679
4351,1808
2676,2782
2018,2827
3779,2827
1414,4736
3098,1896
743,2809
2041,4742
2298,2847
1595,4830
748,4733
3703,5019
144,4755
3851,4914
2113,1728
2925,1845
662,4862
2705,2856
140,15
1496,2867
3554,115
3955,4934
369,2823
4974,4766
3430,284
249,4792
302,4676
2237,2837
3898,66
1620,4669
3321,4781
3896,4941
900,4790
4548,5016
5083,4613
1553,4634
2178,15
274,62
1717,2855
1019,5065
174,4738
2209,4862
2731,47
2910,4684
525,4778
4537,4918
2250,3915
3202,1788
2085,2832
2938,4986
2422,4785
4316,4680
3971,38
3891,4887
2697,4773
2572,4919
917,1848
2513,2820
1353,4749
4758,4884
1335,4965
2343,2837
587,4971
4049,4934
4170,16
3856,4739
4242,2843
186,4937
4651,2813
468,1856
3046,4771
3125,4830
2406,4793
1234,3913
142,4803
456,4891
3650,2853
3420,1862
4506,4857
3587,4994
3326,4730
3230,1839
1676,45
438,3505
948,4769
4104,3882
5057,4932
4090,4905
1356,2821
479,4824
3241,2782
2489,15
2455,3878
4030,4786
2643,3924
432,4754
1621,2803
3018,2824
878,132
3162,2845
3599,64
645,3885
4247,4963
3999,2774
2383,1734
2344,4264
2656,2832
3023,4754
3307,4693
3010,4687
4656,1849
2478,4968
4138,4680
3444,4729
3807,114
249,1727
1243,2835
2902,4784
3453,4896
609,5
333,2855
613,2671
4244,1861
2484,2789
2443,1849
1513,3885
2557,5075
1443,4992
3636,4884
4498,1742
3155,2843
1489,4961
2460,1896
1870,2790
2510,5004
2180,67
2243,4934
1685,4748
590,2658
965,2856
608,4887
1031,4931
799,4654
1466,4969
983,2772
3627,58
1945,2779
2753,4947
792,4727
868,4696
1636,34
2863,2798
1511,4733
1436,2790
2204,1733
142,4988
1707,3505
1782,4887
2388,12
343,2794
1350,2826
3900,2857
3607,4759
262,4789
2068,116
1223,4932
4228,5018
3952,1728
4522,4731
4069,5018
4232,4732
3032,1835
4138,67
293,2832
1482,2800
2949,4689
1611,66
398,4729
205,4965
2079,2767
3209,4691
4478,4689
2458,4904
2902,2855
4005,2810
373,4772
3116,4784
3192,4790
2870,1727
4413,4741
926,2849
3589,4997
1441,4857
3929,1860
3166,4800
2998,5018
2195,4955
3719,2809
3755,1728
2464,38
787,4856
3839,5016
3239,2783
1018,2865
1387,4696
2199,1836
2162,319
2239,2773
2234,2796
325,4963
1190,4947
4286,4961
4074,4907
1932,4955
390,2813
495,2782
959,4816
2106,4872
3890,4915
3646,1855
2474,4897
4364,4778
1494,4672
4058,2841
1957,4926
3622,2820
1548,2785
1980,4849
1008,4932
101,6
2504,2764
198,62
737,1842
3377,67
4263,4688
1432,2658
5057,1843
1858,2818
414,5075
1640,4954
4513,4930
1867,2768
3215,2658
4228,5000
3152,4681
3224,4934
1546,4972
4448,3879
3292,1845
1041,4889
1505,284
2635,4824
3940,4799
86,4266
35,4996
4304,4679
858,84
3734,3885
2391,4797
1043,4878
289,4751
767,4908
1360,4763
1594,11
475,4779
731,1733
4594,319
1535,4673
2908,4882
4067,4847
2426,283
2712,2844
4449,283
1921,4914
3874,64
1357,2866
3500,3883
3693,4873
1565,4676
1414,4250
1188,116
3202,2811
4276,5019
1640,4635
4230,2781
1925,4971
685,1816
3672,4944
677,2866
4611,1748
2182,4734
3009,4818
1690,5
4226,4908
2997,4944
3093,4907
4182,1729
2095,69
2090,4931
4925,2789
3987,1
2777,1834
1587,5074
813,4887
1826,4774
4150,4909
3039,2864
241,2785
32,4749
1522,4935
2423,4730
632,2773
3387,4790
3794,5002
889,80
3791,1837
2050,3878
1448,2829
3104,4847
1472,4729
269,1742
1665,4955
3751,4728
1315,4958
4010,4786
2233,4832
2713,3886
1897,1726
119,218
1204,2866
3533,84
3416,4768
887,2790
709,4926
539,1851
767,5074
3449,4786
495,4672
2286,1848
849,4990
4117,66
4009,4861
2090,117
2541,4873
2163,4682
3630,3912
650,5064
1373,49
1249,3
4080,3877
1359,66
1649,4743
796,54
3575,4692
1453,4892
2549,4676
1961,1726
732,46
3662,4693
4207,2824
4365,2772
2152,1840
3352,4896
4600,2794
3415,1831
3471,113
2430,2843
191,1835
1441,1848
5041,4915
4182,4695
4478,2767
1011,4774
4277,46
2017,1817
4702,4969
3131,5004
1325,80
2467,4831
33,2824
4141,4732
3016,114
2990,5070
4838,1838
3830,4793
4095,285
198,4850
3547,283
661,2810
3438,4870
3768,13
3136,4266
57,2671
710,16
332,4918
670,2811
3751,4718
4708,4691
3400,1836
4319,4786
3079,4891
971,4681
1451,4803
994,4906
2882,4682
2748,116
2760,4861
1471,62
4092,2841
1688,2794
1462,2837
264,1849
3012,4901
1673,1896
4655,1726
2064,4931
3600,4993
2690,2816
1980,2671
2251,2810
934,4759
4274,5020
758,4939
2923,4729
2724,4990
1994,4988
1280,4668
3634,4951
3695,12
2672,1840
95,4996
810,4880
2465,2768
478,4770
683,2774
2228,4800
1098,4786
1444,5018
3018,4248
1376,4912
1051,3882
3661,61
3521,4860
1117,2787
3358,4787
264,284
2045,4677
815,4913
2933,1742
2334,4934
755,114
148,12
643,2764
3973,4969
3990,2788
3617,40
3954,4742
1608,1841
358,4987
1619,2784
2161,4877
4942,4739
2027,5066
1736,4771
3750,4777
870,4872
4000,15
3993,4831
176,4964
178,4728
3718,4934
3524,5004
3526,5016
4188,4250
4646,4972
1092,2772
3251,52
1542,4883
394,2821
1416,4824
4188,63
175,2838
1569,4972
3638,4685
600,2854
3489,2864
3749,2860
4110,2808
4484,4634
1768,2835
3334,4953
970,5019
419,4989
3516,7
4510,4743
4596,1837
4500,4858
3994,5077
3985,8
3984,2789
95,1896
1764,4776
542,4971
3031,4884
4188,4789
1927,2832
1193,4991
3154,4991
4315,66
3916,1737
404,4987
2589,4891
401,6
2146,1843
1107,38
303,4884
106,2835
409,1831
3390,1835
2510,4929
4456,4819
3684,4920
3637,6
1025,5063
4403,1834
3813,4764
2343,3880
4483,4635
4541,4816
3111,1737
4942,2795
923,54
4536,115
1868,116
3381,4251
374,2838
2258,2831
3430,1
3404,4679
1761,4686
4559,2847
255,115
4468,15
3009,2814
4222,2776
4045,4768
2761,4780
2422,1731
274,1835
1964,1846
1985,2787
829,4894
4364,4941
4199,4966
1057,4731
4021,4790
3365,5069
942,5016
3421,4267
4276,2781
1678,4743
737,3880
2268,4891
1160,2855
1883,1855
402,4904
994,5070
2171,2812
556,5065
1557,2840
3018,4817
1826,63
3756,1818
915,4250
3113,1832
2869,2788
1287,2832
29,4749
1559,4929
4767,2846
2678,4991
3675,4829
534,4963
340,3885
3896,4766
4078,4746
3255,5066
4758,4891
1451,319
4839,2854
582,4682
4038,1845
1124,2779
2407,2821
3544,4856
1520,1818
3498,116
658,9
4337,2796
3328,4670
2220,2858
1188,4692
746,4669
3094,4801
3963,2838
3276,1
5015,124
478,4905
4351,4677
1016,4677
1128,2848
5049,4755
3398,2782
568,4728
237,4754
241,4695
674,1732
2570,319
4043,2864
552,2808
575,1832
1621,2784
3156,4885
3996,2794
3916,1836
3270,4831
3360,4882
85,2824
86,1733
1162,4684
1118,4912
628,2824
1766,2764
2979,1818
1377,4747
937,4870
1507,4900
1260,9
693,46
2084,1834
2428,2866
759,4691
1203,4988
922,4888
4796,4747
1077,4955
4130,4989
859,4786
1057,283
1711,4961
2638,2822
2390,46
134,4790
2053,54
2872,4929
3044,63
1360,2776
4240,1816
1412,4736
2771,4946
615,2784
1791,3913
1036,4672
4061,4884
4980,4734
4184,1817
5058,4941
454,4697
139,46
101,2811
4236,4861
3624,4731
2992,2840
1611,4780
3161,2825
43,4914
2491,285
110,2827
1665,4830
3490,1735
4233,4673
110,4752
739,4938
3279,117
2596,2798
4160,1835
2948,4994
5041,4987
2726,80
1050,1838
2227,4892
2089,1729
3449,4920
308,4820
570,4771
4270,5016
1526,4910
1882,5000
902,4770
1809,4921
1590,4904
43,2837
4827,1727
4313,4862
3848,1730
3927,1788
4074,80
5017,4915
5034,4979
4377,2790
808,3615
629,1731
1087,4694
1088,4816
371,4832
4367,4755
2098,4917
2478,4969
1680,2866
2517,5069
4148,1808
4529,1842
4165,4971
3452,4752
3281,61
4456,4961
5044,4884
885,4887
1337,5
2428,4739
2928,4731
605,4791
4141,3879
4300,2800
2527,4884
2898,4776
2940,2764
2044,4691
3551,4264
2930,4770
1999,4675
5029,113
4188,1847
735,4720
4096,4971
418,13
3509,4772
974,46
547,4957
4069,4694
2597,1847
3176,4944
2737,4978
3333,41
1704,2851
1376,64
2209,4954
1416,65
417,4987
1141,4989
708,13
1458,1840
3047,4752
3805,4696
2532,4771
3296,4995
4699,67
2240,1847
1562,4978
2760,2818
1028,69
776,2794
2736,55
2745,4954
387,319
1581,3505
679,4682
1499,40
4585,4691
3609,4918
3767,4749
2275,2862
1346,2823
2205,1841
3787,145
3103,2824
3192,4680
2272,4820
3361,4720
4794,2813
463,2837
1759,69
1631,1850
2883,4990
4006,4963
679,115
4518,4695
2876,4935
2294,4992
2058,4988
3750,5075
952,115
2428,4753
802,4914
2990,115
148,2786
4005,12
2642,4718
3800,4634
4524,4888
4580,4784
4366,4961
43,4993
3048,4957
1141,48
1812,4680
1279,4697
4795,5064
2355,3881
701,4786
3624,4695
2934,2789
5053,4747
4928,2853
3064,4908
2175,1731
883,1834
4098,2808
2301,4858
4464,4850
3852,1731
521,1837
1967,1846
1463,4958
4431,4855
4560,4970
2,4882
3320,5
1294,4824
1538,4820
1215,2810
4348,2773
3694,1
2501,4879
2314,52
2417,4887
4290,4888
2558,1735
4076,4969
315,4790
1646,4764
3259,4634
3665,4723
5056,4788
1452,1837
4497,320
384,5069
3126,4755
1746,2783
180,4914
2530,1861
839,4797
1006,4919
4364,4885
4595,124
3524,2790
3294,2671
4153,4773
4390,4746
3667,4689
3738,1730
3149,145
3898,1861
4504,1816
3126,3883
1739,4793
1408,4759
3652,4736
2141,4934
776,283
440,4936
3440,1808
2673,3881
4296,2764
371,4634
2660,49
3201,4686
2354,4753
1135,4737
3149,4880
4898,1837
2664,1896
1892,4953
83,1846
455,4892
1802,4919
4704,3912
4072,218
4187,4918
1535,4774
2918,114
3727,4675
3997,54
3513,4654
3452,283
3614,4734
4339,4832
1572,34
196,2783
1055,116
3008,4733
125,5070
1228,1896
1307,4765
1864,4686
4257,4952
4366,4668
4036,1737
3165,4946
1170,5004
1716,4855
973,67
3484,3882
2023,283
4306,2658
1398,4681
4618,1845
2922,4910
3838,1808
981,4966
601,4994
3975,4918
2447,4910
1446,4784
1687,5074
4158,4763
4386,1725
1236,4761
2536,4801
758,2671
3821,5
1118,4872
2429,4832
3630,2817
1105,4920
1603,5075
3219,1827
3253,4748
2335,2782
4134,4816
4113,2865
2309,3
233,4250
2920,46
794,117
3573,4916
2104,2813
571,4731
4445,2824
2623,4996
837,49
1823,4915
2664,4683
3298,53
3199,4687
2672,4769
1633,4264
2374,4791
589,4979
2199,4763
5033,51
1918,4251
3329,4885
3585,2776
1613,4855
4794,4815
1470,64
1717,1845
4004,1896
3832,4732
1940,4739
2049,4921
2110,1844
853,66
4721,320
4594,16
2261,4970
1641,319
1010,3615
589,2782
3089,1808
698,4940
3946,4668
2344,4815
3854,4939
3572,2829
2945,56
5015,69
5082,4692
776,4962
871,4774
3012,1836
2576,4879
3660,4669
3181,2826
4427,5069
1356,5077
4172,1839
3892,4918
1787,4792
557,4249
2372,4688
786,4870
2931,4697
4758,11
749,2825
5011,4862
3382,4958
4496,4689
118,4675
963,4770
4242,4929
1068,21
2159,4727
4019,3881
3396,1896
3556,4754
777,4887
1663,4689
3146,4754
2537,4913
4441,1748
2008,1
1912,4939
4540,4684
1109,4883
669,4861
3871,1842
4571,5077
1622,2840
2649,1861
2909,4766
2171,115
2544,4855
4290,4746
3141,4654
4495,2790
2721,4265
2710,40
2529,1735
3091,4992
3153,4635
3817,4684
2547,2782
4260,4882
1895,2854
2738,3886
4701,3881
368,66
3697,2817
1820,2818
713,2788
1880,4876
2982,1851
2996,4720
1904,4817
1090,80
3178,5063
4950,4731
4582,4737
4157,1748
921,4920
661,4897
3815,1862
4425,4791
3684,5018
1301,4816
3706,5002
2859,4728
827,4770
1181,4773
2665,4921
3469,4693
1454,4971
3033,4848
2775,2800
195,4781
658,4677
3140,2767
3341,4849
4745,48
3744,5
3088,2767
3929,15
4373,4753
268,4682
3962,4870
4088,4789
2895,4858
1587,4732
3732,4739
5047,5073
4094,2798
4077,1808
2551,52
1313,69
1145,4820
4065,2826
1899,4687
3622,4908
1288,1851
1775,4879
1462,4894
4396,2824
2068,4890
2157,2818
326,4935
4484,2835
4325,4747
2521,114
129,4791
1991,4903
3809,5073
5039,1
4151,4692
608,2790
5003,2843
543,84
1794,3886
104,4995
197,4742
3479,4732
3980,4986
2299,4938
3322,1726
3043,1833
1278,4912
1056,2858
2355,1729
1981,4762
3423,2848
3114,66
2393,3914
3710,4774
3327,4870
4004,4905
4649,4673
2534,4904
1296,4777
4448,4878
1959,4774
641,4686
3589,51
2881,5074
1578,46
3046,4248
315,4862
685,5064
3480,4885
3453,80
2341,4739
3564,53
515,4879
1376,4764
724,58
2023,4751
1236,4803
3440,2783
2035,80
2204,4938
593,2795
3691,1788
1019,4940
4088,4803
1246,1860
4363,4850
5017,8
3203,2788
1710,1725
5084,4947
2502,4905
3552,4992
2548,55
1605,1861
1019,1838
4296,1835
4167,1862
665,4678
4042,4690
4278,4755
3474,4935
1056,1727
3971,58
4400,5016
3186,2784
3125,4697
335,4856
545,4684
3118,2803
5056,4878
3671,4872
2710,2789
1211,1808
574,5020
1579,58
2132,4969
2030,4686
3499,4780
675,2789
2140,2776
330,4872
20,4954
2126,4849
4868,1728
640,1818
3424,2799
1636,8
2894,51
3310,4996
2252,1836
4657,1835
2391,4264
1390,4952
1022,4886
3281,4738
1430,4900
425,1788
694,1862
3111,2838
2737,2843
686,4919
1911,7
315,1847
902,9
2126,2826
158,2799
750,2821
536,4753
2357,60
2423,4669
3051,4931
2621,53
887,4937
3211,61
4237,2833
272,1846
4047,4765
1543,4880
2640,5018
4089,4897
1830,4803
1695,13
4062,1732
3129,1896
3526,4997
903,4738
2508,15
3241,4768
3525,2826
1117,4253
272,2783
184,4762
2674,218
4868,4248
2548,5
875,4783
4555,4751
966,4730
1357,1843
4556,4828
3670,5077
5022,4774
3646,283
3760,48
3380,4857
2327,2865
3819,1861
1709,1817
4949,54
1375,2853
2131,132
2287,4266
2568,5065
2643,4857
776,4828
1238,1856
2211,4910
2524,4613
4270,4799
1585,4969
2213,145
4084,2786
3901,4800
769,1839
782,4876
3724,4991
447,1816
2958,21
1720,2774
78,4936
3644,4888
499,1737
1545,4737
2544,4990
2339,3914
1805,4762
258,4692
4193,49
4081,48
4351,4776
796,4766
1830,4861
4871,5069
3941,4914
2348,4818
3278,65
4387,2866
24,4878
4365,4765
2097,4694
3127,4801
908,4861
4349,4994
3335,4685
1558,4671
3776,4829
933,4803
4398,4785
1893,4735
3688,2776
2572,4801
257,5016
1299,1725
3241,2831
3041,45
1756,5066
3078,1862
3666,4718
3017,4265
4573,4992
626,2865
987,3882
4124,4987
4376,11
4185,4931
3647,1726
4026,4748
1882,2841
4827,4738
3189,4878
4427,4679
2344,1860
3549,62
2101,4778
2287,5063
3600,4697
4523,4952
3466,4253
3727,4718
4540,4954
3438,2856
1616,1836
3695,4876
716,1844
3518,1856
1224,4994
404,56
311,2844
2695,2779
2892,4858
2580,4792
4432,5065
548,2811
493,4880
3237,1848
243,4889
1208,1848
3304,1831
2666,2810
4004,2776
2599,4971
4094,1842
91,4829
4431,4753
4967,4675
602,1748
2179,45
4976,4681
574,3924
4503,1846
4537,4697
2793,41
4622,4737
368,4987
391,2844
136,4880
2725,4770
78,2824
1571,1861
806,4850
3930,4916
1676,4878
597,1856
1496,2833
2505,8
2335,2789
1409,4678
734,4944
3908,4963
842,5018
1869,2813
2753,4253
3795,2838
416,66
4644,4971
2624,65
3128,4676
2762,5019
317,15
3904,2845
4218,4249
1983,4801
1196,4963
3179,5063
171,5066
155,2784
159,4720
609,2865
743,1860
1106,4720
3797,1727
903,4266
501,4907
2759,4913
5010,3881
4324,1855
321,4683
1116,4954
2719,1
808,4654
20,4876
3625,4911
4566,4955
3402,4909
961,5019
2520,4677
452,4890
551,4677
3093,133
1089,4956
17,2764
4147,4736
3379,4992
2232,2860
2720,4989
2537,2822
2117,4264
2315,4678
3566,4747
2581,4857
3140,2790
1674,4689
1970,4686
4418,4971
497,4939
4340,11
2376,1855
2042,4675
3753,4989
1905,4824
3080,21
1182,62
1250,4920
1647,1838
2930,2827
3028,4890
1555,4818
1903,4920
737,2765
4038,1729
1912,4250
2778,1833
3387,2835
3947,4861
2707,133
3520,4786
2793,4938
2923,4878
2296,3884
1227,4882
1263,4686
3230,5004
3901,124
1646,2847
3545,4964
3689,52
2939,2841
2967,2824
4117,4797
2254,2811
2128,2849
3653,4916
1506,4963
4415,4727
4277,2795
2115,4720
2613,3878
3917,4788
742,4986
1478,4912
194,4900
1068,2824
3025,2856
4604,68
2433,4889
1035,4680
3027,5063
2609,4768
2613,4861
4062,4776
2171,4678
1535,4918
273,2840
1815,4800
1142,2856
2713,4930
2345,4920
1616,13
3735,2841
4875,2820
4310,13
417,4855
1710,2803
791,1841
2731,4962
1481,4820
3639,4994
4593,63
252,21
3341,4987
796,4673
3074,4739
226,1730
1153,4970
268,4266
4174,4930
3110,80
3654,5075
1162,4613
3490,4870
1972,4675
4587,4773
3097,5075
765,4735
1083,4678
3763,4773
2886,3
2138,69
2992,4250
2597,2848
4113,2864
4010,4675
1570,145
1416,2820
4415,2844
3159,1732
1924,4733
3501,4737
615,1856
5014,2786
3765,4858
289,2838
4111,4884
3526,4956
4370,2853
3669,2773
3284,1
573,2826
4532,4916
4853,4926
2221,49
2111,283
524,62
2909,68
1589,4743
2428,4901
1336,5000
4049,4979
1868,4961
499,6
4426,45
3488,4818
2691,1726
3030,4772
3858,3878
2319,4903
4031,4916
934,2764
3692,2794
1104,4920
2828,2784
692,4674
4702,8
2639,5066
1051,4848
2665,4797
43,4635
1571,4723
4112,114
1888,2849
1710,5002
4127,5064
1508,4902
225,4695
4327,2790
2426,4861
1127,2808
2377,4937
2877,116
1084,5064
3413,34
3788,114
4418,1856
3673,4992
339,3
3274,1748
3317,2832
2042,2867
3919,4858
1777,4751
367,1837
586,4926
222,4969
2754,4789
2989,4772
2528,145
4153,4800
1147,2826
2229,4746
5010,114
1721,1845
270,1847
1440,2818
3153,49
3360,2843
670,4687
2491,116
1765,2800
488,4951
3307,1832
4421,1808
2568,4896
3537,2785
793,4903
2874,1727
4086,132
3239,2803
2534,4674
2054,1847
3218,3878
301,5075
4432,4979
1158,4996
2878,4780
4,5063
635,4686
796,4880
3918,4729
4835,4993
3071,4752
4881,1
489,4828
3961,4972
4198,4962
4020,4678
1587,4995
2685,4803
3488,2851
2770,2784
2525,4732
550,4903
3575,4938
97,4695
2523,1848
3145,4963
3514,4873
4010,4978
4703,4785
1724,4770
1960,4819
2645,41
2040,4886
1830,12
139,2860
2514,4884
2154,4962
4721,5074
3104,54
4315,4989
413,4679
902,1831
4216,4913
4584,4789
2992,4957
649,5066
1572,4695
1023,1847
4040,7
4056,2774
3551,2837
1809,1732
538,4728
848,4774
3425,1731
1663,4678
1722,4769
4660,53
3670,2865
2863,1845
785,4830
3570,2833
1316,2843
4871,63
4648,5073
1338,4889
2433,4693
3493,319
4554,11
462,1855
2113,2765
465,4267
437,1847
4038,21
3462,4788
372,284
4431,5000
2961,2843
4160,61
4625,2865
3841,3924
2997,4883
4461,4886
796,4966
1117,4988
2666,62
2071,2864
299,4934
2221,1847
807,4891
3010,5077
2754,4939
4586,4780
4948,61
950,1842
32,4682
4217,2799
1166,116
4198,4847
1183,1856
1062,5
3972,2813
3421,2833
793,2832
1900,4884
754,1846
2740,4684
5038,42
3165,4743
1473,218
4557,4921
3478,4790
778,6
4326,4789
4404,1856
3005,4907
4589,16
496,2831
2275,2822
2412,4746
4034,4731
2322,4916
3100,4824
2037,4883
1413,4969
3315,114
3922,54
2523,1748
703,4903
4647,4673
2657,4978
1293,49
3965,4951
1547,4820
2334,2864
197,1856
512,132
2103,1857
1509,4929
4663,4876
3416,3914
1666,4785
722,1847
3605,52
4835,2809
1758,1818
361,2843
3773,8
1329,4672
192,4946
622,4832
3576,4695
2698,4887
1487,4883
4949,4972
3314,2772
1760,2818
1888,1847
1950,2779
1285,41
2382,42
3227,4789
3678,46
1494,113
3903,3877
3249,4862
3939,2794
1625,4793
4652,2823
712,1833
1051,5004
344,2821
3377,4779
4085,40
3960,2816
751,4847
357,67
2649,2783
254,1827
728,5073
2614,5004
747,4905
2930,4251
3477,2851
3806,4880
3215,4969
4479,2841
166,2860
1662,2866
1336,4735
2730,4994
1494,1730
203,4753
292,4774
1277,1842
842,45
1275,2835
842,1817
1558,4787
1598,4732
1283,4265
4594,4742
3265,4969
3119,5000
2460,1728
350,4819
827,4670
4313,4963
3865,4727
171,2800
2529,117
700,50
4943,4694
4216,2867
1503,4786
309,4896
766,2837
1268,4771
2793,4963
1752,4634
1772,4883
1509,4979
578,4737
643,1842
3708,1844
5083,2858
2457,65
1502,2853
1701,55
3560,4901
5043,4830
3203,2658
3356,5065
3509,66
3101,4746
1854,5064
2759,3877
2651,4830
3253,1831
2871,4909
3554,4817
4100,2848
400,4785
1967,4248
4460,4749
3848,4799
1250,4672
3074,45
2927,2827
4235,4788
1627,4904
3736,4992
727,4935
3701,4952
94,6
2274,113
4378,2831
417,4824
2912,4992
1116,61
3415,4683
2152,4672
575,4784
2921,4777
1993,4828
3947,1725
3845,4889
3077,4783
1600,4906
3483,4741
1637,4918
2082,1839
3843,1850
1970,4779
3167,2794
726,2846
2562,2865
4899,4677
1270,55
4614,4733
750,4990
583,2854
1119,2800
39,4932
995,4754
2718,4913
2538,4884
3215,2857
107,4761
1210,4774
2959,145
3230,4870
1952,4886
4666,2837
939,4939
3520,15
2189,4697
2173,4788
2392,4763
3538,4935
3781,4249
129,4723
3842,4761
4185,4930
1418,2787
196,4958
2214,4786
361,3886
1775,1837
3822,4670
1873,1735
3845,2860
251,4752
2454,2825
440,5004
1672,1851
2203,4738
4116,2833
4024,4682
86,4930
3307,132
2274,2812
1604,2822
1250,4690
3998,4910
2016,2772
3689,4801
1550,4679
59,5075
1182,4669
3858,4635
78,4955
3366,2787
3569,4675
3186,4819
3720,4253
2030,1737
3925,4743
202,5065
1644,4879
2065,4732
3391,1833
4545,2811
2946,4907
4119,4680
3736,1732
3389,2838
3032,1838
2153,4735
2740,4773
522,2813
1072,56
1567,21
1039,2840
4109,4770
2892,1851
4444,2864
2708,54
3740,11
1533,4693
3018,4754
1374,4683
4447,4955
2485,3882
2752,4831
2403,4797
4291,4752
3953,4941
172,2845
3569,2765
744,4954
1918,4728
2990,113
2318,132
849,4768
2368,4787
1741,68
994,4693
704,5063
4974,5019
3601,117
551,3914
4540,4858
3654,4634
1554,4938
798,2843
3290,4815
43,4880
79,2840
5068,4961
790,3885
4269,1730
3712,15
4854,4908
4660,4926
2301,64
5029,2862
4331,4890
3776,1840
1504,5
331,2779
1259,4788
5076,51
263,2853
4191,4963
333,5063
2749,4635
656,2860
3237,1833
4059,4890
660,4688
2496,4783
3185,4266
1003,4969
1301,4776
1133,1841
2978,13
2366,4720
3368,3879
2778,5069
2116,4820
2525,1850
4153,5065
970,61
1287,66
4475,2658
3232,2838
1217,1848
2436,4742
3230,4672
2623,4786
1331,2864
1192,1846
421,2840
611,2782
3920,4673
3451,3879
143,5001
2346,4759
3828,69
2938,5069
4538,115
3989,5075
3676,49
4073,4885
3925,4956
4504,2800
3421,1844
1691,42
3477,4742
2778,51
1821,4816
4981,2835
1859,4783
1495,2864
2597,4939
2100,4917
3759,3914
4119,2851
844,4991
240,4731
3947,4634
3696,4992
955,4932
999,4886
4509,69
4105,4768
3523,4889
493,4962
3135,1735
822,1848
906,1726
179,80
162,40
1310,4803
189,4265
2745,2849
3415,5004
785,80
1716,4849
4578,1831
4428,4738
3146,1733
837,4991
2322,4684
1966,4883
1820,4695
2922,4908
2019,40
3644,4770
761,2784
3632,4250
2690,4761
787,5066
532,4751
2040,4970
4833,2818
2156,4782
4131,1837
4853,4635
4101,4780
383,2821
2624,4909
2655,4654
4480,3505
2989,4785
2327,5070
265,4754
3990,4860
772,3615
3121,4900
979,53
5014,2787
4159,4778
2252,4789
558,4965
373,4918
313,2821
1317,4749
3696,4911
1919,4830
2113,2784
2229,4697
3282,5069
4205,4763
4534,4979
4012,4991
3788,318
395,2837
3980,4944
202,4669
861,1788
2120,4803
491,1732
1984,4248
656,2824
712,4668
1779,4992
3459,4903
3499,4978
1891,4731
3675,4918
