1736,4792
176,4969
632,2790
2338,4830
3250,2779
36,4912
3863,1833
1978,2847
3556,4877
458,4888
5011,2860
4698,4996
2165,50
4467,5064
4106,4677
2638,2783
4246,2808
3216,4831
1108,2849
1749,131
3047,5
3302,4887
2306,4953
1338,2858
835,285
554,4695
3592,2810
500,4784
2094,2812
620,4769
162,2856
844,4876
4639,4965
1666,2826
1450,117
4868,4684
1280,4671
3006,2835
1669,4929
2694,4250
20,4817
3555,2820
3583,4829
4328,1848
2103,4765
4106,4249
3118,5069
1100,68
2132,3880
1295,4676
2224,2799
1688,4896
3081,4876
3519,4929
2033,6
3068,2846
2931,80
3319,11
166,2817
3867,4870
1358,2765
3902,2858
863,4888
3520,4944
228,1846
4578,4918
1670,1846
1965,4904
3841,4800
410,3879
569,4880
3428,3881
4151,49
368,4996
274,4847
4274,4824
4128,4728
3367,2808
3327,4720
983,5077
730,4267
2515,45
3928,4801
1478,2862
2135,2820
4009,4941
2577,5064
1675,1834
4423,4995
802,4873
1534,4910
3725,4676
4570,3880
1939,2767
4494,4672
2577,4697
4426,4250
619,4654
2095,1843
2997,4720
4567,7
755,4693
4144,4934
2591,4743
4583,4847
3113,5064
4213,4989
289,4996
1356,4742
3157,4862
1687,2773
1376,1861
1708,1726
3829,3877
3567,4912
3167,4992
533,1842
1762,4720
3567,1837
660,4761
4725,283
2412,13
135,3878
1825,4891
4402,4878
2096,2812
2724,4685
696,4792
4711,4735
1141,4267
4425,4775
783,4921
1113,114
3925,4673
4170,1837
1344,4696
4198,4735
3949,4901
4101,115
4079,4267
266,5019
1097,5073
2694,2765
1324,2858
1707,4786
623,4848
2485,2808
635,2781
3086,5020
4338,4920
1290,13
3480,4742
2205,21
837,116
1696,4965
4280,2839
2943,4771
2380,2825
4590,4872
2581,4882
3020,4264
1648,6
1332,1847
810,4817
2495,4937
3755,2856
3528,4940
1182,3913
4043,4997
2464,4882
2418,4934
3992,1837
829,4718
2151,2827
428,2812
647,4669
3202,4955
2934,1856
1438,4781
797,4741
3304,47
2521,4944
2936,2781
2187,11
1322,4913
1249,4855
3061,4993
347,4687
1070,4249
3381,2788
1399,15
2350,318
548,4696
4361,2783
651,47
2256,4909
347,4860
521,4889
3580,4870
1804,4776
4045,2817
1058,4253
3859,2867
4219,3886
4262,4939
2036,4770
3809,46
1502,4695
3845,56
3270,4931
2100,3914
3785,4861
2638,58
541,4952
2381,51
4874,2838
3182,4880
2150,4957
3772,4797
399,3
3335,1837
3229,2858
1824,114
3431,2866
2323,4248
2771,4729
4865,1734
2051,2776
5039,2838
1358,4906
231,2799
2654,3886
4581,4689
3199,4784
3203,2772
1819,38
869,4696
1927,1849
2102,5065
1143,2784
686,117
3250,4936
2399,4734
3343,4687
96,21
3120,2847
4547,54
1744,2846
4216,4251
2435,4788
2200,4773
3508,4797
3125,4777
4498,4956
4814,4800
4497,1860
78,4831
635,4731
372,4675
388,2853
3340,218
4120,4635
4518,2837
3022,4966
2253,4763
3044,4858
3302,4766
3245,1831
2207,2841
2756,4696
1500,4678
3478,4832
720,2796
1942,4995
2019,4729
4871,1850
1543,283
4608,2808
2624,2764
1375,2811
1964,4753
4648,1841
3649,3882
2735,4915
3716,2783
4980,1732
392,5018
2575,4753
3982,124
521,283
750,4991
401,4775
1593,2867
2755,4884
2258,4686
1347,4926
4104,84
4626,2823
2988,1733
2628,4996
1208,4791
592,2772
4295,54
3670,5002
3284,4815
308,4964
1535,1
153,4957
4043,4266
4532,4940
1244,5002
4598,2865
711,4251
1233,4962
2992,4694
25,4737
282,4913
2342,13
1413,54
4261,4961
440,3883
1624,11
4446,4761
3968,61
71,4820
3983,4759
4833,4987
4370,5019
3157,2845
2379,2774
2893,4902
3054,2849
3904,3882
386,4697
112,4762
1345,4682
2979,2823
4014,9
3660,4759
457,5073
1657,54
888,2783
1350,4782
4238,1835
1575,4855
31,2855
2879,4777
3360,4691
3383,4738
2677,1833
1887,4918
3189,4831
4867,4991
1599,4963
236,4938
459,4883
1512,4815
2667,4742
3478,1845
1059,4687
4408,4989
2961,4934
2241,2774
413,4765
2207,1733
3502,4888
4758,80
4474,4799
797,4919
4864,2847
4095,1731
455,2813
681,2822
1777,1732
4977,68
3922,13
777,5070
4604,3915
1113,4831
2903,4913
3769,2840
3027,145
4539,4787
5037,4251
5084,53
2176,2865
1767,4830
2053,4687
2093,4754
4509,4674
4439,4737
3510,3878
865,1725
1910,65
5009,4730
3715,2833
4980,4654
813,1845
4637,2843
4564,1837
659,4776
660,5004
1739,2857
811,2844
4108,2822
3386,4937
3773,4939
4470,3913
1148,65
1221,117
4307,4832
4165,4732
2008,3881
4190,4748
3730,1849
414,4917
3022,5075
3653,4817
2109,4820
1208,5
2247,7
5060,5019
462,2829
1871,124
941,2832
1071,3880
4395,4908
1422,40
2287,2767
2161,2833
1621,4920
792,4681
1086,4781
369,4914
815,4856
3907,2826
515,4779
3321,5004
790,4723
702,4849
3097,64
930,131
300,4944
2460,5069
3035,4799
4798,4946
3516,4888
434,4746
2071,4816
3589,2853
683,4734
3700,4930
1756,4746
3274,4934
3838,40
2887,4679
384,4991
648,4764
4490,4695
2255,1840
1279,4970
2326,62
770,1818
492,2786
2229,4788
1922,4989
4893,4957
4210,2818
2859,64
4491,283
3034,1840
1703,3880
3069,2789
4043,4941
3432,45
2410,4964
577,1818
3633,4672
1542,2773
2925,80
2686,3882
4102,66
840,4966
4623,1840
4525,4694
2181,4265
3569,69
1931,4753
3081,2829
1866,2865
2940,4765
851,4816
1630,4674
2352,1725
2432,4972
3928,4953
979,1740
1863,2826
759,4929
3937,4800
4381,2671
1809,4987
1866,4732
2022,69
2966,4887
2251,2846
3711,4265
4928,2772
3766,4876
3684,40
852,4737
1094,4992
2112,38
3464,4733
992,4681
561,1837
4194,2853
3804,4940
4418,4987
4700,5075
2233,60
2741,5075
1911,1732
828,49
1672,4791
2043,1838
125,4766
1355,2812
3252,4926
3298,65
4976,2839
1112,4889
980,2858
2533,4751
1167,4882
188,2811
3443,4800
1216,2814
819,4992
3301,4797
169,4730
234,5
1873,38
3261,4692
3979,2825
874,1817
4726,2821
471,4777
4642,4672
2041,4877
3636,4939
1385,5073
1025,2825
815,5065
3583,4697
4597,145
435,45
4083,4993
365,2838
1355,4912
2418,4736
589,4801
1168,2847
154,4803
3546,2812
103,4772
1754,69
655,2856
2615,1
1443,48
3957,6
1721,3912
1035,4728
1916,4921
761,3881
2092,66
2249,4896
4652,4820
1035,1732
2548,1846
4181,4769
781,132
1010,4728
4196,13
3109,4953
2944,4907
4173,4680
1925,4731
3916,42
863,4885
1702,3877
3816,1860
1509,4681
827,1857
2532,2867
2158,4958
4454,70
1645,15
2704,1788
2453,4931
1356,1842
3256,2851
1341,1848
4006,4909
5046,4870
4048,4953
1492,46
1677,4727
4058,4987
4454,4872
4134,2845
1936,4671
831,4265
2631,4748
4113,2848
1384,2848
2916,68
1686,4912
3278,4749
4710,4926
3322,3881
4406,7
1441,4779
2578,4267
1100,2849
4441,4883
1174,80
2382,1848
3773,4961
3622,1730
2592,4797
3434,4828
3825,4879
4515,4876
4836,4914
3228,4860
496,4929
789,1834
3565,4946
3569,4793
2770,2782
271,4720
3446,4768
3937,52
2544,4903
3941,3880
762,2776
2791,4931
4120,1896
526,2847
2579,4816
622,4248
162,4692
3037,4896
3734,51
3113,285
5014,7
1186,4911
534,1857
2263,4920
845,42
1888,4887
2248,4687
959,38
1485,4972
2185,4783
4238,4932
633,4965
277,2839
4081,4766
2806,133
3291,145
1450,4692
4390,2765
4107,4885
3064,4779
2171,2786
1811,3882
549,285
1199,4879
2566,1833
763,5018
187,52
2662,2856
2125,5070
1244,2858
1115,1848
3096,16
3286,4849
2664,4778
345,2776
3496,64
906,4920
3661,2823
240,320
4596,1833
3257,3
3466,5065
220,4979
1915,4800
557,4684
4492,4783
2208,4768
388,3881
528,4735
2435,1827
1089,2800
605,4735
3923,1849
362,1742
1935,2781
2010,4906
4434,2782
4726,4746
1040,145
1312,1728
3572,56
1789,2837
2291,3877
748,2783
192,48
1599,4952
4802,4790
4047,2813
3037,2840
2119,145
2638,41
3825,4635
887,5063
1823,3882
2686,4792
4591,4987
1081,4784
1636,4668
4139,4772
393,3912
2631,4690
4570,4738
2830,4731
4573,4759
947,4761
641,4860
3998,4723
3500,4746
3141,4956
4455,4872
3989,2765
3861,2808
2232,1855
740,4669
158,4885
1110,1837
1633,4695
4648,320
2134,1808
3931,4781
3706,1896
4404,2826
3456,4906
4498,4681
2881,2795
2021,2839
290,4753
1956,1856
1723,2781
1648,2795
25,4772
516,1861
1255,2822
4192,4685
4,113
239,2794
1429,5001
3321,40
2237,133
3236,1835
2369,2785
3345,1732
3059,2837
2729,4250
2359,4723
1576,66
942,2846
3216,4969
4077,4654
2899,5063
3792,4957
2469,114
3654,53
2728,4958
3594,4917
3946,3886
1804,114
4865,284
2324,80
1126,2835
1915,2816
2561,5016
2686,4955
3298,5075
358,5000
400,2794
2084,5001
1371,4987
3264,4911
2521,2808
1089,4987
330,4998
1298,68
3005,5066
999,2809
1908,61
647,4979
1970,4900
4236,2788
4943,4914
4821,2832
3170,4879
2232,4971
741,60
3248,4792
445,1733
1620,4964
2614,2786
4794,4916
3129,4772
3412,1827
4419,3885
3441,4682
1507,4904
2266,69
3166,4958
981,5004
2517,5063
1332,4964
3858,84
1943,4882
2497,319
3714,2798
5010,55
4006,2790
2948,1742
473,1740
1430,2798
2303,4849
777,80
4269,5063
3898,62
880,4917
3183,2820
961,3915
1127,4669
1418,4995
3264,8
1505,52
44,2824
4587,1730
4411,2866
1882,1835
3838,2853
3136,2781
2926,285
1805,1849
3738,1846
1706,2790
2949,4903
4445,54
204,4946
4449,51
2759,4831
4222,2846
1237,2822
4461,5001
2985,4774
2326,2816
2401,4824
3724,1748
4512,4692
2493,2846
3900,4732
1153,4913
3895,41
1083,4784
2672,21
1682,1788
1239,2785
3167,2772
4298,5001
1524,3885
2068,4730
1643,1735
3676,1732
4106,4747
952,4690
4390,124
3197,4820
422,4860
2995,4763
1438,4957
1119,4760
2077,13
309,4912
5012,1861
4514,1848
3820,5002
618,1847
3383,2829
5032,3877
1093,4680
3381,4760
1496,5065
4278,4803
4479,4904
929,4780
1370,67
1623,4930
5068,4894
3457,4764
2230,4998
196,4952
3018,4672
399,4944
2157,1
1165,2860
2244,4966
4223,5074
780,4730
3677,319
1697,1841
2509,4753
383,4694
4487,4926
2908,84
3270,4994
1218,2671
5039,1843
4875,1842
4444,5004
4579,2779
198,4878
4119,4964
146,4896
1250,4688
1718,1816
4127,4690
3561,4783
3553,1818
2187,5000
1792,4952
1456,2839
4263,4697
2142,4817
583,2800
1121,2855
1813,145
4184,4267
2077,4847
1168,4903
3956,4250
4518,4969
2598,4786
692,4793
4339,4902
4648,12
878,4723
2233,2789
3789,1860
1468,4695
936,4768
4020,4958
593,4993
2114,5002
2738,4730
2146,1728
3764,4788
2006,3913
328,1725
3481,4693
770,4997
1053,4688
2651,2781
2042,4783
2202,4751
995,4738
1630,2785
1682,4931
1112,4926
4641,1846
4576,4792
3529,2864
3494,2818
2242,4963
1577,2814
1536,4773
4239,4681
1667,4880
4554,4919
2155,4783
405,4741
105,4870
3242,4995
1813,4850
954,2841
3686,4634
2896,4742
550,4819
4379,4993
3419,2811
406,5069
1617,60
341,21
4333,4953
4313,2867
3405,4848
163,3615
161,4997
1909,4831
2019,4905
4180,4691
2875,34
3384,5077
796,4921
2241,56
1414,2857
3868,4753
2576,133
1968,2827
383,4676
4082,2789
730,4926
4506,3883
4557,4765
2323,3885
1747,4896
4429,3913
4661,4754
3901,2832
2778,4952
77,2860
1351,5077
2162,1731
202,62
511,8
2101,4955
4871,1817
1442,3882
2653,2849
505,1851
3535,285
597,4773
1523,3
3572,4849
36,4894
234,4963
3868,2821
2471,4739
2440,4675
949,21
1713,1788
4491,2814
1975,4779
36,2788
3925,2658
3340,2822
4716,1843
895,4751
100,45
693,2782
3687,2814
161,1737
2691,6
3868,1838
614,4790
1111,4251
4719,4750
3752,1839
930,4720
3088,4937
4646,2795
4526,4979
2117,4786
5027,2814
1702,4789
1123,2824
697,2816
3945,2800
257,4970
2292,4965
1588,4815
1516,2857
1633,1729
2135,4766
900,124
2539,4747
1859,1837
4179,4688
3228,4970
2435,4737
3843,1748
2893,1861
1400,4687
3662,3878
4361,4771
2241,4818
834,4672
3133,4856
1465,4680
3228,4761
2616,42
3854,4989
2511,4785
3676,4965
3244,1730
667,4673
826,1
2956,2848
715,1896
1804,58
2530,40
3722,4736
4928,4909
4631,1847
1282,3914
516,4986
583,5
4118,1832
651,4760
1620,1842
5038,3
1599,2847
2302,4760
3623,41
1789,1861
2807,4990
3272,4673
1236,2818
976,2814
4127,2803
1598,3
1590,4890
1426,4785
492,2867
5014,4878
3904,4689
542,4788
1460,4929
1377,4934
199,4912
2623,4770
2755,4944
1508,4738
1253,4673
4480,2856
899,1732
3129,4828
1036,2837
4834,4861
4087,4613
3454,320
2898,4952
2530,4958
2158,7
1300,62
2117,4883
1584,65
474,1832
2444,4831
1672,3878
3979,4914
4495,1733
3088,4935
1180,5075
556,4995
2016,1788
1068,1857
4700,2846
3235,1728
3160,2854
1309,41
594,5063
3150,283
3862,2803
618,2798
3862,5063
942,4800
1000,4689
1136,4691
4289,2817
2960,1841
3863,51
4034,2855
2381,1849
3291,2866
2889,4739
251,4940
4638,1833
2729,4970
1374,3505
1604,4940
1650,51
2366,4912
494,4693
4478,2800
4350,2821
2059,5016
1247,131
2166,2826
2137,4777
3704,4905
1562,4917
1514,132
3873,4951
646,4779
1567,4723
2004,2827
2059,2781
4443,4688
5017,5069
3630,4780
2,2796
3483,4830
3999,4862
2295,4914
5047,4921
3463,116
2282,4830
2271,4755
3771,47
2286,2823
2056,4266
4826,5065
3580,2831
2078,4746
1350,4248
1813,4934
767,3615
1642,4965
5017,48
1897,4768
4101,319
3626,5073
2508,64
2197,4680
381,4683
1321,5002
2751,4987
3758,2849
974,4730
2130,4723
2104,1847
3294,2782
354,2821
2999,4888
766,4903
2033,4932
361,4934
1016,62
418,4784
3283,4786
4325,4741
3863,3914
4495,2786
1864,4897
5079,2774
3391,69
1494,4753
3756,4678
1367,4765
2685,3924
3173,4692
1945,4251
2620,4788
2005,4678
1859,4890
2654,1831
3787,3885
4868,4829
4809,2829
1697,3
4014,4991
3742,4963
3848,2817
3710,4905
2625,4688
1144,4870
4442,4936
4048,4763
1001,4752
637,1817
198,3505
3734,65
1288,4901
1212,4935
1555,2782
807,4855
326,4858
3815,46
3075,4790
1202,1839
2549,65
641,4720
3606,15
2417,4897
2372,1742
4074,4783
3472,5077
889,3886
610,56
1050,2829
3261,4900
4360,2811
4984,4885
4809,70
768,4733
1891,4856
4170,2846
2427,4952
3917,4249
2091,9
1645,2767
3747,52
369,65
4398,2822
856,1731
276,4968
1470,4862
1058,2671
549,284
229,4803
824,4915
2198,2786
2473,2843
834,60
4658,4249
1573,1835
739,4727
2166,4913
3185,4916
3795,4921
488,4936
1252,3884
2068,4902
2988,4682
1165,2837
4441,4892
4376,84
2778,4687
152,4820
1934,3915
1942,4251
2819,4791
3124,4765
28,2767
4095,4790
2486,9
1716,3881
5003,1748
1151,4793
1225,4689
493,3881
2982,4954
876,5065
4528,1816
2685,4818
372,4760
1340,1725
2026,2832
1003,2845
1659,4938
1615,50
2368,2782
372,4879
1527,2808
1452,54
4357,4830
741,9
2215,4750
2271,4966
437,4250
1031,4762
1258,2855
5027,4759
4539,114
1289,2825
3805,1857
714,4789
3910,2841
1552,4910
1899,4883
794,4684
1458,5002
2227,4690
4468,2809
3194,4919
3571,2768
2681,4952
4406,113
5043,4772
2141,11
388,4944
2718,4971
4203,2843
92,2811
2933,3883
2976,318
2195,4919
2358,3914
932,4929
3244,5066
3518,4850
2683,4669
314,4786
1576,2787
962,4819
3376,1855
3096,5063
2963,4816
416,4781
4017,4884
1124,4858
3579,4689
568,13
4881,4857
3747,1725
4392,4997
557,21
682,2857
1925,1834
1261,3885
422,4253
4601,4932
3461,11
367,4738
1893,1740
2373,4914
1651,4613
2602,4920
4924,64
1980,1728
1949,4889
2327,4684
434,117
3399,2818
3377,47
502,4693
801,4888
4522,4862
1026,4797
3997,4253
271,4695
2769,4681
1574,1862
3003,5077
3152,131
3405,1733
2761,4848
2328,131
4163,3881
1662,2865
2090,2862
1444,4249
3032,1
512,4266
3571,3882
634,1843
3804,4998
4465,49
1593,4848
3607,4862
1964,4908
4725,2658
3556,4817
5052,2844
97,4946
755,1740
2627,2835
3421,4910
2726,4908
3703,4870
4138,4672
2434,5073
1712,4742
2654,3884
890,2837
251,1
3958,1816
1987,2848
5033,4917
4630,4849
4083,4954
3016,4832
1633,5073
659,4750
4181,55
1873,4788
3840,4970
1308,4654
3455,2658
1191,124
2593,4765
612,2783
4225,2813
1948,1831
1325,5000
724,4676
429,4682
574,1836
86,2786
2957,1816
3981,4771
4756,2786
3682,4747
1277,4917
4294,2782
4446,4668
329,2845
4504,4685
3744,3882
586,4788
990,4787
994,4782
4099,1742
501,4947
2643,1832
1460,4730
2309,2832
457,2831
1906,2789
4270,4914
3047,4761
4959,2865
3976,1726
884,2823
2686,4938
4638,2846
3744,4797
2037,5074
2907,4248
3283,2833
177,4939
3034,319
3692,4914
248,2808
3826,2867
1689,1
3115,1838
1186,4930
389,4918
706,4888
1201,3885
3437,4734
2341,4771
1321,4896
4705,67
2586,4789
4443,1850
864,4917
3620,5000
4205,2787
1393,1735
2566,65
4010,4729
3243,2849
1363,4832
2369,4766
2941,4965
4553,4781
1097,4909
4203,2823
1419,1834
2089,4879
911,2814
3417,4787
3099,1836
2989,4730
4744,21
3700,4797
1153,4860
3013,2824
3000,63
2500,2781
1989,4766
3837,1735
175,4249
2636,4877
3333,4971
3939,4736
2976,56
4559,4992
892,2838
914,4900
4136,116
3252,4746
1790,4682
3862,4872
2793,2865
1011,2838
4437,3878
2580,4932
2730,4675
3624,69
1315,1742
2414,4264
2215,4674
608,5020
4653,2764
4532,2764
3388,2840
1080,51
3164,4779
4808,2849
4871,4889
1377,5064
3366,55
2288,2810
3188,51
3597,319
3726,1847
3206,4914
2904,40
946,1827
4216,4861
4358,4936
3032,1841
1936,4936
3934,4264
3825,3615
328,1726
1426,4829
4099,4777
2733,3879
480,133
3662,2658
4481,1855
2371,4792
1667,4994
2038,3885
3757,4792
732,4253
2999,2827
4416,4723
450,3924
189,4673
1024,2795
483,4777
2977,4902
3153,4791
4428,4957
4347,319
4214,3914
4296,133
697,4988
2933,4878
556,4911
448,2837
2186,4971
1784,1862
2926,4850
177,4779
2211,4961
3055,5066
3946,4786
3174,4963
2140,46
3863,2810
2905,2785
3419,4671
1471,1857
4392,2776
1142,4920
3142,2794
3937,4955
2744,4730
2362,2847
3637,2788
2063,1735
2802,2847
4933,4764
162,132
819,1835
4550,4997
3679,4801
3235,2831
4355,4857
4129,54
3487,8
1555,80
3438,1732
2618,1727
3608,4675
3295,4781
4045,4754
725,1842
1003,48
2332,5074
4461,2764
1241,4683
3945,283
1420,4878
1568,52
2770,4250
1096,4679
1085,131
1789,5
549,2820
3072,4857
1807,4830
874,4870
3012,4815
3054,4696
3225,4908
2034,4250
3126,132
19,2799
4150,50
4200,4669
3862,2790
1323,3914
2331,1818
3748,1737
3802,4634
875,3615
3601,4765
554,4752
23,3881
281,4679
3848,4861
839,4970
417,2848
1661,4890
2869,3885
1956,3883
963,2776
297,4890
3548,4914
357,4831
5059,12
2579,4681
614,1725
1481,4687
267,4613
773,1841
3049,117
366,5016
1381,4691
125,1846
759,4931
657,1816
1013,4735
4927,13
2189,4264
1864,2855
1030,2779
3745,2845
351,1726
1097,4799
2257,1742
3539,4971
3809,84
2695,4265
3300,2845
1991,1844
1723,58
653,3884
4493,4994
2424,4946
4845,4781
1666,1841
2112,4672
4141,1817
856,4678
3314,4920
984,4773
3152,4669
4158,4764
605,2860
2585,1729
393,2847
3336,145
3051,4879
3257,4264
2969,2844
4433,2831
3761,4850
146,4790
257,4697
824,2866
3612,61
4479,4250
1686,4900
1013,1732
907,1845
264,1841
2595,1735
3522,4792
2734,4738
3067,4771
975,4986
4168,4986
3936,4673
1442,4784
25,2832
486,2795
3105,4763
1487,4917
3073,4879
1110,4782
4492,4741
4083,4995
527,4969
3356,3885
4415,2814
3923,4906
4155,1857
4522,318
2666,4734
2373,4971
1889,4749
2192,1847
3301,4248
3450,4904
4415,1844
4181,2840
241,2820
3354,4729
3266,4944
1337,2846
3795,1840
4196,15
4796,5001
3105,4969
4025,4904
3622,4858
1481,1843
187,2844
2626,2854
4656,4965
389,16
1496,60
1267,4797
3534,2788
3444,2658
4708,49
342,16
959,4908
3429,1844
4589,4775
2637,4818
4050,4723
3046,2818
3432,2844
1270,114
2070,4956
2565,4251
2056,4688
3388,1861
523,4785
714,4720
1762,4264
2655,4782
4233,4931
873,1737
5080,4718
228,3884
1347,5001
427,4955
3185,4921
2599,2658
1469,4774
4345,4688
5028,4882
2362,2787
631,41
5009,63
303,2854
1029,4692
610,4694
1075,4736
3671,13
2740,4900
1179,2839
2123,4970
3995,2773
82,2853
887,4674
2688,4902
4120,4771
2706,1842
870,283
20,4914
4631,38
744,2853
955,2839
2625,56
1067,1841
4139,4776
1955,42
4975,1845
3420,2851
2728,1737
668,4885
872,4883
2316,4991
2251,4882
3651,4849
3513,284
3212,5000
3293,2854
1474,4979
5050,2843
2184,2860
2556,4669
4208,4990
1510,1857
4445,4735
3799,3912
2583,5000
2120,1844
3797,1855
3179,4820
2702,3886
5011,4992
2373,4764
610,283
938,124
4390,4773
1109,1843
1065,5018
1812,1818
4556,4789
4657,4819
1573,1834
3159,4817
701,4883
2333,4682
3401,2825
2439,2866
1000,4671
4853,4894
4067,4671
986,4734
4837,2848
597,2764
3643,4937
501,3879
2778,4684
4057,1788
904,2862
820,4695
1370,4888
1568,2837
1101,4696
1892,4968
3352,2844
849,4734
955,4979
2979,4690
2228,4828
1638,2808
2251,4693
587,5077
4422,145
1757,58
4081,2799
3515,61
3279,12
3088,4817
3208,1849
1432,285
3845,2788
945,4679
4948,2837
1280,4910
1769,2824
4744,4929
2214,5077
624,21
3791,4979
263,4779
1385,1848
1020,5004
3649,4958
1374,2764
2048,53
1718,2808
1036,4251
1384,4940
656,1732
623,52
1474,5074
3147,3877
1270,47
4222,1832
710,5077
3077,4824
834,5064
3351,4995
4141,3505
4013,2781
3252,4979
2619,1727
4501,49
1385,2764
4065,4735
3345,51
640,4768
1797,4682
2146,2867
4339,5020
623,4962
1663,4720
2198,51
863,283
2535,4787
858,4734
2863,1735
2521,2818
2270,4947
3723,1843
1434,4748
1662,4998
4225,2786
4209,4787
2285,4781
3578,3924
4450,4799
325,4998
897,4848
220,4265
5029,1837
4544,4743
3043,4670
450,1837
2222,1731
2130,63
1461,4817
32,4990
1942,4266
4340,4932
3146,131
3544,4862
4716,4788
2425,4734
3627,4894
4436,2776
637,4958
1478,4988
2801,4926
3724,4934
3631,4746
1875,4761
991,4930
4513,4266
461,2783
2252,1833
4628,55
3928,4883
4063,1896
2252,4916
4525,4909
791,4849
3970,2783
2332,4938
3721,1731
2476,2776
3297,4613
3518,2833
4165,52
3265,4860
2712,2796
4483,2823
1153,64
2377,4891
3551,4733
2147,2851
4373,2774
3799,4764
1913,4915
205,4986
892,41
197,2823
1166,3878
1696,2795
3642,3877
3151,4946
2460,2789
3233,4738
4309,4793
3592,4972
2390,4918
410,4634
618,4935
3997,4800
3041,4847
3149,70
4659,4847
1758,60
2547,4856
700,1728
409,4770
3902,4760
878,2824
813,11
1797,3881
2996,55
2125,4929
2297,4946
3742,116
2148,2788
2138,4995
625,2783
1049,4718
4577,1831
4602,4906
4881,4987
1584,1735
2163,1845
3072,2785
2718,1729
1655,2846
92,4990
2683,4249
4113,4990
4536,2810
522,4793
1220,4750
2225,4674
1905,5077
4813,4892
2451,1730
2636,4862
1482,2839
4044,2838
613,4681
185,49
1217,12
1175,2794
838,4957
1201,285
1401,1733
4337,1835
2096,1732
2443,1731
2201,4793
1450,4870
2040,4932
3826,2864
2553,4801
1275,2853
1761,4829
4539,4681
3966,1848
3226,4748
3006,4635
1388,66
2320,11
2065,3912
1961,46
1297,5
3716,4997
2355,4986
1344,56
4319,4848
1426,4987
2938,1833
3097,2784
545,115
4659,4940
4495,2823
2220,4907
1756,3885
4270,1833
871,4951
2250,4677
1404,49
1709,4994
1599,4776
445,1832
701,4937
1060,2671
2941,5077
724,4683
256,1831
134,4917
3089,2785
3997,2764
73,2827
3389,4685
2105,4673
169,4915
2579,2795
4295,4675
3783,4909
4967,5016
2654,1788
2568,1735
286,4862
2196,4978
2644,2866
982,2816
1745,2820
2401,4991
4263,3
3827,4947
2581,4737
782,4754
2379,2857
913,4897
1716,65
1298,2810
690,1831
3335,4729
89,4729
4967,4734
2891,2774
2966,4878
975,4818
3491,1842
246,4747
2476,3882
2890,5065
17,4847
2561,1816
455,4832
112,5066
653,2798
2066,1816
923,4729
2704,4989
1327,2794
1445,4820
3814,4953
3449,4654
2403,4688
4570,2855
2358,1729
2443,2776
3552,318
3905,64
4219,4962
194,4762
2301,4902
3755,4775
398,1788
3442,2814
1198,1727
1085,5075
2598,2827
3792,1726
679,4774
4510,4790
299,4695
291,63
3439,4957
3903,5016
1813,4848
3163,5
3078,46
296,4900
3254,4963
5060,4832
1745,5
558,3882
780,5019
1081,4914
892,4669
2496,1742
1242,3877
4131,4905
2517,2794
1528,2786
2686,4997
1016,4759
2239,2851
1744,4883
4662,63
2474,4904
2288,2827
3529,2785
2744,2855
184,1734
3946,2796
547,4830
4177,4735
930,47
202,60
456,2820
2968,2782
3854,2826
2070,4695
4218,4737
2071,4732
2995,2823
2250,6
1114,4937
4315,4870
1760,4817
1117,4674
3209,4785
1142,2813
1743,4786
428,1725
3929,4675
3443,116
600,3882
1592,4830
1983,1734
1269,1844
2082,4787
403,115
2292,2808
4595,1838
4648,4733
2279,4880
1537,4902
4561,1740
720,84
3975,4828
470,4673
898,2798
3251,64
237,4885
3598,4872
2815,1
4278,117
530,4264
1511,2798
865,1740
387,1844
3586,1748
144,4994
1946,4738
3679,145
2948,4781
1103,4801
4525,4785
3983,4935
1410,34
500,4815
600,4789
2815,4992
1026,5073
4029,4784
1230,4970
2437,4267
2455,4828
1325,4718
4581,4934
2719,4979
1307,2867
100,4750
685,2811
4841,41
786,4829
627,2809
3157,4677
3854,4931
2770,4831
658,1845
1070,4930
2555,4858
2194,4694
2999,4677
590,3914
2601,2831
2328,4987
4284,1846
3816,84
1007,61
4352,4613
1790,1840
4435,2816
4469,3878
234,4800
3706,4720
3991,2835
3932,4671
1955,4697
3247,1847
485,4689
4331,284
36,4878
4589,1840
1810,2845
3280,1850
3503,1842
1222,5069
399,68
463,4754
2355,4919
2900,49
3086,1846
4642,4989
3851,1860
2999,319
614,4774
4948,1748
1389,4955
0,3505
879,4934
2120,1896
4097,6
2043,4997
3857,4858
3473,5069
4080,4979
3362,4910
4611,4964
1005,4791
2395,4820
219,4635
3702,1816
1775,84
706,1832
1684,21
1869,47
353,5073
3682,4801
1826,3914
209,4930
3568,4731
2922,1838
567,4783
3573,4688
4493,115
1265,2810
4288,4873
20,4815
2690,3886
144,4879
3971,2843
2365,4688
400,2820
3576,4880
4505,4774
2933,4253
629,4990
3775,12
886,4905
1771,4929
774,2839
2022,4675
4207,4690
871,4828
3215,69
3856,2776
2747,5020
3743,4671
3352,3913
1919,3879
255,68
28,4695
323,4673
5082,41
4854,4654
821,3913
3270,4856
2182,4749
3055,41
497,2765
4625,2811
4383,2847
4468,1742
1822,1729
312,4668
2956,5063
869,4781
3763,283
3382,4944
1754,1896
2701,50
4423,49
3267,4679
1932,4791
3527,4692
3740,4817
1102,2832
4233,4930
2356,2786
2617,5070
4551,4735
459,53
584,4913
649,69
3411,4737
1388,1788
4577,2849
3286,4693
280,4755
3706,53
4586,3883
5011,4947
2932,1816
2285,4697
5051,4690
1262,4889
3675,2796
578,84
400,4956
3251,4249
4236,4785
28,2811
2754,2799
4713,50
1154,4731
307,4830
722,1
3190,4675
2343,4675
1142,4887
3396,4755
1131,2853
2974,4771
4004,5074
2739,4784
394,1808
533,55
333,49
620,2865
1619,4739
142,2837
4439,4870
2187,5074
4507,4696
827,4792
2121,3912
2731,285
22,2798
864,1734
157,4780
2080,4742
1207,4736
4133,4783
146,3881
470,4765
642,4997
2414,2658
1401,4860
2096,3877
3204,4678
1978,4887
3278,4979
1654,4908
3057,4907
3708,4265
4381,4929
2589,4673
1682,2781
4515,4720
3441,4749
4535,2788
412,68
5028,3880
2031,1849
4278,4763
4640,46
1549,218
2303,4783
748,4934
2378,4978
5060,113
2395,4912
4950,4914
4285,2658
4714,4884
2100,9
4553,2853
3383,4998
902,4876
2569,6
3607,4248
4839,2857
840,4900
4577,4885
3781,4682
5050,1844
4122,2817
3997,117
981,4675
3422,4939
181,1737
152,45
3636,4680
1174,4907
4295,1846
1751,4941
559,2800
1227,1862
3235,4613
4078,3915
601,4816
4336,4677
925,4914
4806,40
1055,68
984,2811
2291,4955
4066,2839
499,4920
420,3
696,4907
2579,1748
1819,4668
3589,61
3909,4958
1618,131
275,1843
275,7
22,1808
4142,2829
2025,4926
3486,4784
1665,2790
3368,2844
755,1728
3842,2862
3075,4932
4701,2671
2205,1733
3923,3881
2683,4686
3839,4969
2668,2765
3223,1835
1882,4672
1167,4929
3687,4894
4400,4249
1694,4761
1745,46
982,1856
4643,2789
1199,2779
1021,5020
3550,4730
1852,3
3317,40
4160,145
2299,4720
2705,4885
2724,4761
3621,4995
970,318
1929,1
1500,4829
643,3882
3119,4800
1503,4879
2180,4251
3794,2833
1770,4792
828,4751
1889,115
729,1857
3539,1856
2496,34
2328,2858
2026,60
3056,42
4076,4878
584,1857
832,4729
2979,4769
2115,1835
2185,284
4585,1847
2288,4790
626,4733
469,4969
1756,116
707,4785
3699,4939
297,2855
5034,5000
238,2783
3753,1730
2276,4879
634,2838
1720,4847
2200,1732
2236,1832
4116,5002
3137,4681
1011,1846
967,4266
1232,4750
2943,53
4260,2817
1897,4748
4417,1848
2309,69
3950,2864
4135,4993
2414,5075
3302,4897
1104,4680
2959,63
4271,4860
26,5064
3269,5070
267,1729
35,9
376,2776
2889,4991
2323,4737
2159,4997
843,4787
2452,4654
1379,4677
1992,1817
1009,4965
4069,133
3110,4966
2343,2829
1289,67
4575,4954
876,5016
241,4888
2345,4683
648,4914
641,42
1514,4992
4366,3924
2355,4737
1088,1731
2889,4697
495,113
1266,4791
234,3915
4487,4954
2321,42
1052,4733
343,61
372,4862
4167,4775
3314,4753
3336,4253
1967,4997
4020,4772
738,4750
2703,4913
3074,4775
4199,117
4518,4978
5007,34
3164,80
125,4723
2025,5001
4950,1860
3261,4952
1342,2835
1670,5004
4483,4890
1964,4892
1295,1861
4124,4691
2683,4861
4555,48
2131,4776
2150,4818
5023,2823
490,4998
230,1856
237,4912
1323,4695
633,4993
1205,2768
1383,4831
442,2794
729,4937
290,4784
2551,1840
3099,1838
1882,2787
4017,4918
4045,61
1894,4792
1488,4916
378,7
3577,4879
1075,4938
563,2817
74,284
4238,2838
2879,3915
2749,2844
4717,1847
4487,3886
2220,1742
1828,8
2894,4670
1640,4790
2474,4903
3542,4986
3897,4953
598,2821
3271,4850
86,4935
3139,4944
1865,5
3295,320
3770,4818
1629,4764
1025,4918
3818,4774
2669,133
2546,4730
1784,34
561,4684
1304,1836
36,1816
947,4695
4448,4264
3020,5001
4843,1843
858,2841
1250,4785
963,1861
4018,4897
4390,2862
5081,4779
304,2858
2406,4892
1511,4955
1610,4816
2387,69
1416,4872
165,4954
1540,54
1774,2816
903,4828
2249,1842
2167,2854
4061,4783
2138,4819
1680,2855
1668,4861
915,4956
4276,4991
1164,4697
575,4880
111,1855
1927,1817
1412,2810
3279,4253
2270,4926
2416,2841
1547,4978
3142,4890
4527,2796
1913,80
4311,2821
1479,4890
1283,4781
2360,4753
3003,4786
2929,3883
3412,4958
1204,2795
3204,2829
1013,4937
2382,1857
1700,5004
1886,4691
2934,2812
2019,2864
1874,4820
1595,285
1381,4830
1428,1850
2460,2847
2368,4694
5025,4728
3750,1857
2049,4848
743,2853
993,4966
3112,3879
3326,4766
1040,5070
4020,113
3813,4829
33,4958
2271,4907
4052,4250
4826,4929
577,4880
2443,4905
3257,4915
2072,69
4224,4952
1117,4673
949,2768
1664,1732
121,52
1768,5020
4967,4860
3234,4760
4128,4675
439,2866
4060,1860
3537,4966
3776,4736
3906,4723
2903,49
4556,3885
4134,1
276,4929
847,114
2895,4750
1616,3885
2505,1831
1474,4669
1789,4956
273,1737
3381,1851
1245,4265
360,4790
1708,4679
1943,4790
3840,4934
2385,4952
1633,1734
138,2843
3702,4747
1481,4883
4144,3885
2160,4935
860,4773
275,4991
2375,47
179,38
557,4739
2225,4797
4865,4749
1467,2803
1510,67
2164,2794
912,1742
1527,4934
3107,2865
1214,45
3984,12
668,1733
3211,3914
4596,3884
111,2774
4051,4937
93,2855
476,4784
292,4613
1441,2829
4239,2782
3113,3912
1373,1748
3933,4938
4077,114
3097,2818
2037,4998
2698,4765
3103,4926
1787,4771
1273,4905
2721,4692
3454,3884
3792,4678
3608,4691
3328,4891
3994,4788
4174,4932
201,4936
2461,63
4524,4678
554,4940
2582,2853
3713,4751
595,4994
2885,4885
3644,4654
1261,4968
428,4912
3080,4689
912,4793
3473,46
3986,4876
1357,56
1577,4962
1616,4872
1823,1839
2306,4266
616,116
3122,4678
964,3884
2738,4991
3440,4686
1753,3880
3943,1896
608,2658
1055,1834
4626,42
1981,2843
817,6
1252,1732
190,4776
4215,1730
4182,3877
4362,50
1553,1845
685,7
1669,4954
3247,2856
3665,55
2033,3885
3643,4764
1115,4730
4042,1835
495,56
2218,2858
2129,4672
2649,2811
1559,4730
1395,2765
1972,47
536,4671
4168,4782
1053,2866
3441,4903
2943,4265
2694,4800
2896,4887
2000,2849
4562,4848
2440,4755
2973,4749
1899,5019
906,4673
88,4800
2998,4799
3181,1834
1146,1849
2068,4686
2467,4901
3673,5002
4647,3
2668,1729
3249,4966
5011,2867
1762,1833
903,4769
4212,56
192,4782
3284,319
4133,4877
1087,2796
4610,13
2545,4931
3971,2781
3605,4876
431,1742
885,4903
1019,4886
3518,1734
3080,4654
2956,65
768,2841
1300,2658
1143,4764
1688,48
1434,4790
958,4904
1476,4944
4149,4926
4403,2671
3238,4761
140,4734
1005,4776
3888,4820
4156,2829
2804,4818
3762,4776
3729,4891
4345,4694
1409,1748
4186,4690
4871,84
3675,1847
1546,5
3401,2798
4344,2855
732,4861
784,2824
3246,4914
508,2838
3672,4741
4591,3615
3842,5069
2742,2866
1521,3
1307,2846
4071,1841
4745,4857
721,4680
758,2865
480,2840
998,4673
3997,1855
3568,4936
103,4903
1212,4930
2706,70
332,4734
4389,2843
1173,6
484,2658
4577,4693
468,2764
1491,4752
3457,3885
3383,4727
689,4929
1161,1737
2394,4997
3008,2789
4180,5074
554,4896
3486,4679
2873,1833
3165,4689
2429,4765
1319,4954
3299,4781
749,4878
4395,3912
937,4771
3859,4248
4530,4752
3844,4727
2533,4783
2081,4680
1956,4931
2920,113
2708,4741
1197,4800
2062,2794
3209,283
4255,5064
1630,4963
3042,2824
3585,80
2406,21
2469,4691
4704,2832
481,5065
4798,1808
1457,1838
1201,132
1966,2774
2890,2789
3158,4770
816,5000
4281,4742
601,4774
4515,4926
3780,4249
1029,5077
3768,4801
3603,4736
1761,61
2676,113
2217,12
3165,4880
1379,56
4948,2839
567,4688
1638,3879
3582,117
3446,4790
1619,4752
4161,4748
3812,1808
961,4677
2420,2826
214,5063
573,66
2863,114
142,4878
4023,12
4239,115
4055,4749
2382,4962
4010,3
4974,1896
3005,4901
4057,1808
1891,34
4143,1837
593,7
4175,4675
1121,4944
2742,1808
1508,4695
1642,4917
4609,4934
1067,283
3483,62
736,2787
5034,4886
2159,4752
3899,5016
2070,12
2533,4817
3024,62
3953,1729
4395,4762
3113,1808
532,5020
2184,4732
783,68
3899,4873
5076,1841
4642,2813
1556,3
4386,1855
314,4896
803,1
4597,67
1657,1818
418,2765
2311,16
4447,4770
1520,4879
2910,4965
3738,4917
1255,2784
3253,1856
1382,70
861,4777
1392,2846
1982,4969
1079,34
1526,4773
820,285
1216,1840
3129,5070
4090,1841
3511,4890
217,4904
3158,2817
4103,4887
1294,61
358,2821
3206,2867
2046,2796
885,4730
541,4947
3926,54
2495,58
3292,8
4205,1735
2627,4691
722,4265
4703,4896
4874,3912
3284,4695
1189,2783
4465,3881
872,2796
4814,2788
3163,5074
2557,1844
889,4902
3646,4680
3416,2821
3705,4986
2090,4788
5040,4762
4358,4749
4001,4906
4548,4993
2150,4784
1149,5019
4639,124
2405,1855
722,1827
788,4920
1904,1833
4090,4832
3107,4820
645,4749
2259,4888
3649,1842
1458,4765
4009,4669
194,4694
2956,1726
3580,64
4807,49
1921,1728
2264,320
1858,4731
1131,1862
520,4729
3347,4937
355,4697
889,4849
103,4763
1146,1725
3652,4676
4434,4772
4307,4792
2211,3880
5006,4940
3010,4992
2683,4906
1106,4743
3305,5002
2878,132
2309,2845
4618,5001
1196,2851
356,1834
548,2812
3524,4777
3633,284
1083,53
4583,2776
480,2866
3892,3915
4068,4731
1047,4917
1096,1842
2232,2839
267,1842
1456,4792
1626,4870
1865,4761
1975,5074
3108,2795
1502,1734
1886,4251
432,4747
3724,4692
712,2786
2077,4746
740,4686
3659,2838
3365,4888
298,4755
1398,114
3242,4731
1524,3881
1521,4908
2893,4765
515,4944
690,21
1950,4824
668,4856
2101,1838
4235,1831
1162,2853
4984,9
4319,4850
3517,4670
1001,1827
2122,1816
841,16
3491,4787
4628,4774
4120,4897
4088,4693
4550,133
4196,4971
3322,4952
1254,4681
2521,48
746,3877
3511,2847
3769,4785
184,4894
3066,4916
85,4801
891,4978
1557,4993
1226,4787
4710,4693
2624,3879
1267,4248
78,4739
4458,4887
4478,4249
85,4786
2133,1816
1285,4266
1144,4818
1950,4878
4220,4861
1296,2856
2234,3
742,4896
2540,4850
526,1728
4102,3885
548,2786
5061,4828
2039,62
2731,4991
1636,2788
627,4996
2255,4693
1362,4251
4967,16
3178,116
1291,1845
2277,1851
638,4723
1625,1845
2005,5070
3911,4675
298,4741
614,4905
3713,4770
1877,2773
3922,4965
2330,61
4202,45
2527,2789
3229,4736
2569,4860
4563,4888
384,4966
4302,2860
2703,2790
3629,124
3289,2799
1773,4734
778,4695
2879,53
2317,4671
3173,4904
548,4267
287,2824
4172,3886
1943,1855
3780,15
4214,145
1495,4759
2593,2833
4409,4986
3440,1818
2474,4250
4076,4253
2572,4989
3565,2857
4346,4816
4812,4790
2174,4742
29,4987
2354,4759
545,4994
1970,54
35,4684
3339,3882
653,1816
3997,4691
4562,4952
851,2820
4473,1831
1235,2776
1366,4883
2333,4769
3129,4890
1628,4770
186,2783
5006,1845
3527,4249
4404,4906
3926,4732
1909,4940
2054,4634
402,4267
4043,4784
2793,2848
4378,46
2520,4829
377,4990
4154,4788
582,4907
4182,1740
90,4253
2937,1848
788,4769
236,4902
694,50
2921,4862
5032,2813
4533,2858
2149,2773
407,4986
192,2816
2802,1731
1419,3880
3695,2773
1741,4784
2931,4677
1027,4968
694,4787
492,4786
4542,4266
2050,3885
4074,4820
993,4679
2135,2811
1068,41
2870,4832
207,2671
428,4931
529,5074
4067,4920
4177,4264
1173,2784
1065,1845
887,2795
1113,2840
3418,4803
1773,4720
304,5020
1613,5019
1478,4862
930,2821
2058,4886
1235,4788
4421,4829
910,1725
4136,4248
3642,2862
214,4696
1594,4910
1245,4264
3024,2858
4655,4766
2194,3886
1342,4759
1890,1834
4607,2764
3742,49
3928,13
669,4738
1854,5016
4570,2808
317,4904
1755,4750
27,5070
1585,1735
2446,5074
1530,284
1238,69
3758,5069
2450,2768
22,4754
1761,6
593,4790
3164,2855
2579,4682
229,4887
945,4654
2231,4857
1086,2779
223,4978
4164,5064
1436,4919
1133,2788
3893,3912
2467,4777
3229,4930
733,4941
1087,4738
3824,4782
3037,1732
29,2767
827,1846
4802,2790
3090,12
2123,4670
2542,4755
302,114
3536,2824
4652,1848
631,4905
4512,1855
2193,4684
1660,1837
1088,3615
3519,4766
3195,2847
3168,4687
2566,1862
2422,2838
3387,2854
1608,4264
345,1
2980,1846
939,5019
799,4916
3646,4755
1553,49
2544,4849
19,5001
695,60
4588,4730
5081,2789
3034,4995
1028,5069
2584,4686
689,67
627,4771
612,1831
3486,1818
1031,2837
3868,4849
1724,2782
1080,113
797,2825
3057,1728
3698,4891
539,2822
120,4847
1928,319
3078,4994
803,4678
3228,4634
4959,2826
2515,2825
3295,4989
2556,4932
4841,1851
3061,2785
515,4746
2566,4746
1197,5018
1659,4883
3961,2764
4807,4793
459,4896
2133,4969
527,1862
3935,4909
4229,84
869,1816
1824,4940
4922,4778
4298,4730
5033,2845
3436,4754
1250,4964
3382,64
1792,1788
2177,2773
3855,4941
4833,2838
3790,4901
3201,4887
3032,4828
3953,2813
4804,1733
214,4762
1264,4957
150,48
1199,63
2982,4862
4328,4787
2340,1846
3932,4909
500,4879
479,2773
2675,4735
2948,4860
2170,4800
481,4941
3394,1844
4133,4248
360,4755
1741,2856
4643,4250
381,80
4185,3882
4261,4900
1873,4732
2286,4670
804,4819
782,2820
2657,2779
4089,1734
2686,5073
1149,4791
1446,5019
1824,4732
3469,4971
1401,4919
1220,4775
518,4819
3293,5074
590,62
1698,2783
3553,4749
4133,4683
3848,4971
4090,4873
4503,4994
4268,4979
1720,1849
2941,64
847,4998
2883,4723
2975,4692
4597,1841
1167,4654
4482,4654
488,4848
2522,4902
4826,1849
1566,4737
1277,1831
4842,4613
4656,2864
4384,4729
906,4720
22,2796
2703,4990
4441,2790
2559,4684
4256,1862
5037,4690
1216,4746
126,2864
3392,2826
3951,4654
3919,4817
4190,4251
2945,4917
2954,133
4036,4850
622,2820
3977,2773
1307,4876
4526,4914
4809,4892
4289,4781
2736,2785
3526,2772
2239,4954
5017,4718
255,4916
2538,3
4318,1740
2172,4735
3855,2829
44,2849
3166,4737
5067,4778
4875,2789
1326,51
1256,1
3996,5066
1166,4992
3377,4786
3999,4907
1704,46
3469,4876
2602,2856
3414,4727
1480,4886
4190,4681
3143,2829
4852,4734
1171,4955
371,1851
2144,4907
862,4671
1931,4782
1417,2840
205,3882
3773,4688
783,2841
637,115
2295,4989
3380,4897
3649,4947
3429,4672
2079,4892
3184,4998
3492,4989
1276,4882
5017,4958
2451,2803
4725,4885
2677,2837
1711,2658
1046,4886
3361,4689
799,2764
371,4879
2461,4684
3396,2796
997,3886
4207,5063
4116,4998
206,4940
3889,2810
4712,4954
1433,4919
4415,4929
2957,2796
1608,5069
1424,2789
2722,5065
612,3880
3359,4952
2280,5074
1365,4773
3264,63
4630,2822
3449,117
3787,4885
2543,2768
777,1734
1799,3913
911,4748
348,2840
3888,4849
4028,3883
2608,1832
1219,3924
1448,4755
2819,4777
2967,4800
3538,4732
4146,1734
1525,4944
2372,3
3559,4886
3454,5074
140,1833
4386,4817
3338,1730
3004,4683
4553,117
3285,5020
4201,5001
4502,46
3125,4931
4277,4969
4110,2831
2558,4819
515,4679
3572,1808
1758,2843
444,2808
257,1827
3169,4729
3254,2840
692,4770
4983,4727
4182,4964
1652,7
3790,2764
427,4731
3854,131
1482,4957
518,49
456,3877
2608,2866
3057,4932
4454,1861
965,1840
4667,4920
778,4784
3123,1808
316,2844
3404,4940
4169,4789
2962,4817
1014,4684
919,1833
4000,4998
2859,4986
4823,4832
1711,4968
3719,42
3643,5000
3301,55
477,2831
2201,3914
3055,4685
4072,4738
954,4759
1158,4907
5082,4931
3213,124
1380,55
2468,4886
3176,4828
606,4947
2472,5020
3522,4718
3383,2776
1042,2858
1094,4723
3892,1818
3692,84
75,49
1156,2865
248,1861
3009,4850
4666,2783
302,2764
2515,4751
1098,4801
2254,117
4945,4858
1336,4918
2715,2825
3429,4738
1288,4964
1976,116
476,4824
202,4735
2477,4791
1151,4654
1219,2826
3629,4954
3191,4855
2946,4769
4438,16
3498,4678
4181,2781
4895,2799
2870,50
3065,5070
1924,131
371,5069
1638,145
945,4251
4202,1855
2558,4908
2189,3886
3751,4696
2010,4828
3699,4955
583,4772
3858,1862
1529,5065
2094,5000
3716,4992
5067,4966
2030,5020
555,42
2484,4249
843,4677
3083,5064
3120,4958
3139,4768
1900,1740
849,4894
190,4913
2257,2776
2187,2817
603,4766
1578,4634
4567,70
4488,4955
1165,1856
3000,84
556,4917
4585,4891
872,4781
3405,1847
2993,11
3137,4987
969,4803
924,3
4629,4816
1583,1737
237,318
3871,2837
3463,2856
752,5074
1552,1735
605,4688
286,2779
530,4958
3535,4783
3291,285
2493,4989
2075,4686
4084,2808
2534,4764
2925,4687
718,56
1054,2856
2103,4803
1720,2796
691,2794
1417,2854
1539,4782
3366,5070
2137,4855
2656,4673
3260,4671
762,65
2457,4915
4351,4849
78,2785
2383,285
2211,4787
3481,4783
4433,4877
4973,4747
4571,2816
1031,1838
4141,2776
4011,4773
3024,5000
4433,4766
2900,4989
4548,4951
3899,4676
4503,320
1627,2846
289,4747
770,4913
1222,46
571,4694
1284,4267
4371,2844
3946,1808
4507,50
3666,4696
4590,4920
3435,131
3947,2845
324,56
2634,2784
1189,4670
3810,60
1174,47
2686,5000
439,2786
1515,4672
175,4267
4502,4882
2322,4787
4557,3880
3350,2790
1121,1728
2177,1835
4666,2803
1045,1842
3696,2764
2863,2833
2419,1896
3873,117
1478,4937
2144,5075
1525,4791
434,2779
2640,1730
3148,4831
3050,5070
4221,1742
4069,4897
3698,117
5028,52
271,4741
1807,133
1041,1732
2296,4777
1889,1816
2449,1896
5082,4763
97,1838
159,4911
2342,4958
4622,4763
5068,2846
1221,4769
3433,51
4011,4755
2193,4689
816,1861
1417,4673
4191,50
1325,4920
186,4801
4454,4966
4278,4913
4080,2781
4562,132
4140,4914
306,4829
3411,4729
1900,1840
2706,3912
2138,2822
36,3881
77,1837
1693,2845
1347,131
2029,2767
2599,56
3162,2786
2685,3915
3693,1734
2030,4250
399,2856
4372,4870
4365,51
4609,7
3857,1818
4321,4970
2110,1843
4621,4778
3850,2787
5039,4783
1913,4777
3577,4905
3685,8
3344,4742
1664,4800
375,4991
933,1861
1630,4789
378,4919
2732,4857
5021,4683
3197,4929
557,4882
4477,4824
3859,2816
4960,4862
766,4729
3739,4681
256,4987
4118,1837
423,4801
2888,4801
1040,4670
2877,9
4572,4951
4193,4782
1750,80
2521,4780
4051,4920
1497,1856
2354,70
4545,4774
3774,80
2870,4672
2517,4760
2339,4248
4318,4748
471,2867
929,2841
640,2772
4474,4829
707,4747
2171,4909
1077,4969
2807,2816
969,4926
1195,4789
1131,2796
773,4733
2667,4998
2498,4912
4006,4996
2424,2824
3806,2849
4164,2858
1916,1835
3488,1817
2306,4264
2072,3505
1487,4992
774,4917
4041,5020
341,67
5060,4784
2930,1818
4235,1729
1658,68
3356,2816
693,4678
3010,56
1968,4935
517,4963
699,4736
3896,4862
1380,4775
4407,2821
940,4820
1110,4770
1715,2790
4210,1731
3963,1839
4029,4831
1685,4695
2106,4931
987,2855
161,2867
684,4817
4234,4782
484,2840
186,2800
4422,4876
1149,4772
1490,116
469,4718
2930,4672
4000,4635
1284,4668
2449,42
1541,1841
2495,4755
774,2826
1575,4743
1917,1846
3245,4956
4558,4768
4650,1729
4487,4764
1772,4860
1075,4692
1680,4882
805,8
3109,4931
3566,4668
3728,3877
3570,4739
269,4760
2925,1731
3335,4684
1161,4917
89,2867
3713,4718
457,4803
2815,2865
3329,4786
2683,2823
3529,4816
3274,4885
998,4791
2147,2845
2990,1731
971,4850
1216,4797
4552,5016
3468,2862
1595,4654
4056,2768
1458,68
2876,4995
2682,4958
150,4872
2371,4742
4091,1832
2970,48
3669,4952
4744,66
357,2768
3053,4911
965,4685
1306,3913
3551,4954
3960,4847
260,45
3988,7
2083,70
2258,4914
3621,4891
3473,4941
2459,4831
3920,2835
1467,1846
703,2858
3272,2788
3337,2765
1283,4857
3996,4964
3319,5002
4230,4765
1341,4958
1106,4783
1299,113
4328,1855
1322,50
1115,4682
1230,1729
1989,64
3746,2786
2131,4916
2686,4897
1645,2839
3701,4986
1974,4920
3434,49
3150,4894
3081,4917
143,4789
3826,1841
918,5075
4420,4791
1527,5077
3934,3914
3907,284
4337,4876
5030,2841
3148,4849
2929,4781
641,4683
4643,1732
401,4913
1394,3924
2202,4654
1607,4800
5046,4987
3324,2845
1394,4996
1943,2862
3655,4830
4254,4671
2340,56
408,4748
2083,2813
4719,4686
5027,4989
1023,1855
3543,68
1934,145
4703,1896
2898,4921
2113,4759
1610,2855
4309,4769
4311,4765
852,4993
1069,1850
2131,3886
3832,4803
768,4752
3600,4954
1140,4915
2183,4694
3063,4742
2603,6
2966,62
2162,2860
2269,4680
1873,4828
3062,3880
2066,5074
3020,4669
3964,4691
3339,4934
2920,4900
671,42
1823,4668
1662,4986
4272,1733
3917,4674
4581,4969
1243,4885
625,1834
3828,5077
1223,2837
815,4952
990,2786
2301,1
1490,4755
3895,4858
1590,4779
4434,319
5040,1838
3938,4654
3037,4763
1505,4962
1637,5001
3721,2829
637,114
1057,4887
2554,4733
2686,4770
3753,4995
1964,4772
3635,4908
542,63
1529,4675
1088,1847
3535,4920
2350,16
4514,1727
1067,285
1905,4760
2834,4989
2212,4793
1197,2856
4344,4993
2538,1847
525,4781
4156,4253
2197,4727
5055,4912
2417,4737
257,4900
924,1827
2930,1840
1626,4862
366,1856
3312,4783
3861,4784
3871,1817
923,4958
3771,4670
2673,5019
287,4831
1171,2837
1542,40
3165,3880
4177,60
1517,4997
1670,4693
5022,2774
1193,4951
2085,5070
4017,4760
672,48
2023,4938
1240,4769
3090,4936
4495,4878
3559,2813
3463,1730
3513,4860
1649,4900
253,4689
3465,2855
2052,5065
1251,4685
2275,4970
3857,4992
4405,4669
2234,1832
3660,145
3175,2783
1058,1733
349,4634
2901,4883
4603,4765
3786,2847
3645,4775
802,4819
765,4829
3449,2846
3799,4907
2850,21
3006,4738
3961,2809
2327,4905
3809,4680
1583,1896
728,4855
1637,2838
2692,4692
3444,3886
4242,52
3601,4879
2752,52
2256,41
2769,2816
2511,21
4744,2783
1819,4909
3965,4961
475,4938
2778,2814
3596,1732
3805,4248
1274,4970
3701,4754
4093,58
2394,4793
972,2824
2292,4921
1885,2782
2955,4799
1258,4979
3010,3924
1009,4890
1878,4732
264,2854
739,2779
4064,4919
2129,1860
2078,4870
1775,4763
4387,4910
4282,4686
3079,4762
4411,4910
74,4682
2372,3886
4088,1818
4,2765
564,4668
1569,9
3994,114
1980,319
95,2845
843,132
3029,2773
3349,4885
4454,3878
4063,4937
4165,145
224,1816
719,1845
3690,4748
2432,4920
1294,13
4442,4778
1240,2785
2487,2829
2647,4778
797,4926
3899,4824
1058,5000
3271,2776
4229,2810
679,4831
3561,4946
4278,4906
1506,1851
4306,11
2755,15
710,4932
2754,1734
2504,2829
766,2831
151,4765
173,4752
657,4931
3894,7
1828,1727
2203,4732
2012,3878
3609,4861
4106,133
5084,4799
2019,1836
2118,4914
2663,58
3847,4687
1584,3913
897,1827
4377,4248
3501,4676
32,4911
3104,4882
5033,124
750,4819
3748,4781
2459,4743
2143,2772
2486,4769
627,2785
2288,2833
3015,116
3244,1748
1624,5064
421,4991
671,2856
273,7
2630,4678
3577,1727
1982,1844
1011,2845
2570,4910
1166,2767
3148,4778
4002,2789
3383,4763
1706,4860
2267,4771
667,64
1745,4882
1622,1748
272,4720
4093,4733
3175,4986
1905,60
1398,4731
3442,2840
1787,4760
2649,4248
4065,2811
4275,1730
1645,50
3631,5000
2336,1727
1448,2844
3909,4897
882,4680
2303,21
1696,5064
4637,48
3382,4990
1895,2772
186,1729
2525,4958
2323,1860
2348,4793
4040,4799
1474,4791
1970,2832
1358,1818
2451,1827
1133,4829
4710,4891
3331,1818
3099,2838
3334,2821
4593,1733
1652,1850
2674,4751
620,4679
3976,4779
2970,2838
2018,4734
972,2860
3075,53
628,4765
4357,3885
5008,4763
1254,4729
1664,114
722,4668
1129,4996
4123,69
2182,2843
4644,4249
2697,5
1417,38
396,5000
172,117
346,4952
3354,2773
1286,5074
295,4687
2411,2821
98,4735
3274,4749
4721,4672
1957,4946
655,4682
648,116
3532,80
4717,4915
5060,4994
2510,4884
2062,3924
1143,1848
2974,4697
3828,4251
2667,2829
198,2795
427,1896
1550,4697
812,4979
3617,15
4975,4673
2325,1833
1195,2849
2034,4819
2356,4966
4122,4753
4399,1833
1039,1838
662,4673
4417,4766
224,4887
4810,3877
1349,4932
984,4828
1991,56
5022,4936
415,2831
4074,4818
93,4683
3589,2862
4297,4670
4079,4946
563,4832
2017,4801
3351,5063
2013,2843
3383,1860
24,4979
2717,4690
3255,4849
2941,4755
1478,4860
856,4763
873,4803
2899,1733
1145,1735
930,4746
4615,2820
644,4857
594,4668
4627,3914
1132,4727
835,4635
3176,4760
2191,2808
3283,4764
1721,145
337,1735
4539,1848
4346,4832
546,2837
4500,34
2174,4790
3405,4764
35,4732
4187,62
2011,1832
1371,3615
3339,1735
2254,49
1884,4900
4606,4954
4439,2782
4034,5065
461,67
363,2825
1035,4675
947,46
349,4768
3089,4897
43,4759
2331,2795
24,1
1787,1730
2065,1851
1369,9
2753,4916
1086,4934
2531,4952
2687,2844
5025,2764
1620,1848
2031,4885
1270,2671
2287,4800
1055,15
4272,4673
920,4248
4933,4634
1403,4971
2298,2795
4758,4266
2966,2816
595,1726
4598,4770
3079,2816
383,4903
1367,2794
191,3913
3126,4987
2088,54
4494,4946
961,4750
249,4748
2165,40
2462,4733
2400,3878
4231,4912
4796,1729
3925,4997
3258,49
1876,4723
2141,47
2601,4672
1157,4720
4323,4896
1532,61
393,4816
2285,4818
3363,1843
3636,4946
1272,4693
3814,2768
4126,4678
3402,4613
3713,2787
1388,4878
818,4972
4500,4696
4394,5069
974,1817
3578,5001
4472,4932
2473,4682
1240,4856
934,1837
2032,4921
914,1896
2328,3883
2249,4952
2231,4696
4397,2837
1390,5065
4115,4951
747,4793
3213,5069
3736,3879
526,4793
843,2851
2509,3877
1942,5075
1063,4676
1381,4672
2929,1818
370,2814
2411,4915
4583,2786
2205,2853
3849,4775
4111,45
1197,5016
3609,1727
4472,4753
1506,4831
2213,1836
5083,4889
3064,2820
4380,2798
3002,4785
4478,115
3275,56
4101,2812
1780,2799
2511,4944
2665,2810
4241,4872
4383,1842
4202,113
4473,4678
2038,4752
5052,3913
1614,6
3557,4781
3362,5069
4218,145
3845,4731
1279,4249
2581,4870
4846,1731
3613,4815
2534,1838
3270,2781
4144,9
4305,1725
1464,4987
3833,2823
74,5074
3802,4680
763,3915
2223,5070
1312,4995
2318,4770
491,2854
2428,1855
2868,12
5076,4694
5047,2858
1710,4688
776,4747
3030,4815
2083,4734
3903,4748
3497,4266
3317,4831
3023,2824
1523,4803
1395,4790
5010,4746
151,2788
3699,4693
1507,66
4644,1833
3641,62
4566,45
2713,4901
882,4782
1743,2773
1997,1733
112,4904
4593,65
3356,2779
4022,1862
2696,2855
125,4697
1781,4998
428,1788
783,4915
2361,4739
3362,4861
289,56
440,1896
4313,3505
4975,4824
1989,2864
3475,4733
1136,4265
1426,2820
1792,1740
5051,7
4,4730
4568,5069
3818,2838
2202,6
2025,38
33,2786
716,4789
2660,4861
1883,1850
1977,3505
59,4718
1019,2773
4384,4953
147,1850
4283,4742
2128,2774
2489,5019
876,2827
2664,4753
2209,2827
1937,4817
4444,4787
339,4766
2379,4830
1128,4971
616,2848
2006,4848
374,2768
1776,4732
625,4781
1996,1832
472,9
4328,1838
4187,4986
4225,4697
2736,3882
3172,4882
785,4992
3772,41
935,4679
2607,4860
1116,2767
644,1846
157,5016
2039,65
428,4688
3425,4800
2488,3882
932,4747
3968,4891
1247,114
4445,1896
728,4987
4338,4686
4486,2858
1558,4815
4303,4746
4198,2814
3431,4958
1229,2844
1872,2773
2298,2833
1302,1728
2666,1730
3077,4803
4585,218
4374,4697
3577,4772
4152,2833
3236,4783
2207,4876
263,4932
3669,5002
2676,3878
1231,4690
161,4742
674,2658
4410,6
2792,4677
2538,4936
2135,4734
3111,4917
453,2853
2007,113
4119,3883
3309,4763
4022,4900
2172,4751
493,1735
1692,1857
3369,4671
4852,4776
420,4830
4646,1838
2063,145
213,46
2761,2779
1607,2849
2185,1827
4471,2781
3468,1862
263,132
4562,4880
4307,4783
3269,4858
4101,1850
207,3913
4666,4903
3064,2785
3269,66
4509,5
1540,4766
2090,4991
1462,2787
3121,4773
1222,2856
3424,2809
4366,4691
101,4748
1885,2846
3864,4634
863,218
1073,66
3135,5019
4985,4769
2770,4914
3327,4926
3048,4752
460,4668
1935,4762
448,4993
2157,4791
91,2785
1113,68
824,3879
1252,4741
1519,2772
161,2765
992,1841
2650,4936
372,5002
3645,4887
949,4752
1965,2846
4141,4969
3655,4797
690,3914
2552,5065
5024,1851
3504,1840
879,1816
3450,84
3497,4930
3429,4946
2930,38
1440,4266
2,1849
2876,1850
359,4790
538,13
3971,133
4420,4968
1720,5073
3819,1855
2174,4969
4825,70
3318,4782
1990,84
3773,1836
2938,4849
1692,1734
1134,4776
1224,4879
3833,4887
4145,2853
3418,21
3658,4749
2534,4832
4150,4816
2362,2821
3115,4929
2373,1851
4619,5016
3597,4894
1875,4778
2976,4994
175,1841
3304,1827
138,4894
3925,4860
815,53
636,1788
3637,4994
1489,4766
913,1855
3951,4988
3897,2817
3532,4669
2284,4765
3209,4760
2545,4654
858,2835
415,2858
4518,41
3956,2764
2736,4971
4407,4828
1528,1733
2290,4986
475,4906
3719,133
1233,16
2780,4876
5037,1834
1110,1856
3061,7
3497,4940
3332,2812
3399,4972
3715,4727
3272,4971
3611,4979
265,4828
2654,4764
3702,1831
827,55
31,4742
3380,1849
4195,4739
256,4723
3863,2786
568,47
2622,1834
2815,4728
1224,1840
3323,4764
1234,4779
511,4736
1543,1737
3275,2790
482,4915
4073,1729
2007,2858
372,4697
3482,2848
4004,47
4089,4728
5038,4824
3576,4954
2914,4673
3654,4803
3741,2838
419,1725
26,2823
1716,2866
1332,4786
4111,1838
1351,21
2450,1827
3062,4856
2174,2837
1717,4896
363,8
1919,4979
4477,4884
1820,60
3103,48
2964,67
2598,4789
2284,4755
3404,5004
4358,1855
2180,4855
1321,4747
922,4816
3769,3913
1531,4739
1568,60
2372,4992
2473,3885
3337,3886
839,4800
3335,4890
1691,4686
4659,4912
1642,4870
3369,1833
997,4824
4009,4988
1160,318
2616,4963
4065,4776
4101,4800
908,2824
2248,4972
1433,2821
4812,1817
4633,12
1190,1731
3732,4668
3106,2796
3064,1
878,2857
1215,1856
396,2818
161,2837
226,4787
2528,1748
1768,54
2503,4850
4125,4748
4139,2849
2495,4729
1268,47
1170,4990
2871,4793
647,116
3986,1834
805,3881
3918,1727
3039,4904
1147,4953
4580,1838
448,4940
2012,5000
4303,4829
2447,2823
3060,4870
3340,4944
3256,1846
848,5016
2431,64
4088,21
3862,4734
3385,4816
2598,4775
2191,4951
1960,4738
576,4914
3180,4774
2150,4963
4639,1837
1261,4978
1342,2867
703,3
3765,4941
2526,4248
4351,2817
1987,4687
2995,4860
2032,4831
3940,4914
219,4755
881,4788
3466,4952
4,4791
2460,2772
4975,3880
953,1845
4598,65
756,132
3460,4897
3225,4918
859,4886
2509,4684
3840,4954
4211,6
506,5001
633,1740
2208,69
618,52
1124,4792
1296,2808
3183,4720
2553,4892
2368,283
2554,58
2109,4862
1396,4738
1972,1730
2990,4953
1415,4728
1530,4732
1513,2787
936,318
2614,5074
5051,4907
4660,2867
2578,21
2134,4953
4425,4736
831,2856
1296,4682
1288,34
2084,5064
2539,2844
2088,2794
293,4941
1416,5066
1853,2837
4626,4743
3047,4670
4704,5002
1114,4900
870,4888
1025,4743
3556,1845
3421,4686
2288,4850
453,4771
1451,4784
174,60
2629,4912
2156,4775
2115,2794
4708,4689
332,38
1450,2803
3338,4952
3872,4998
3041,4680
4627,4992
888,4737
4923,2824
1219,5063
3605,4870
2386,2837
3476,4753
1527,1860
1588,4917
1724,4962
3307,1844
1045,4997
1793,1735
3318,2812
4495,2789
4381,5018
3087,2865
815,5073
86,4759
1034,3915
1712,2857
3688,4929
970,4941
978,15
3656,4970
355,4754
4515,4870
2165,2833
204,1847
4639,2837
4277,50
2379,4883
3323,4790
1080,4764
4438,2843
1744,4739
1705,4995
37,2765
3799,4994
4186,124
4653,2844
2167,4917
4204,4990
3343,5074
2258,2847
4277,4785
3792,4761
4433,1851
4656,5004
3103,4904
4284,2782
3727,1726
2208,4952
4455,2765
3743,4952
2226,60
4725,3883
911,133
43,4249
1183,4682
3529,4775
4453,2794
4131,54
3456,116
3449,4831
407,1846
4254,4674
1651,145
2383,4799
3369,67
4278,4883
2537,4926
676,4917
2032,1742
3570,2837
2374,2810
4409,3881
4038,4654
395,13
1557,4693
2220,320
4354,4936
4419,1834
3409,4779
2529,4900
1196,4248
899,4766
4405,1731
3859,4972
1486,1838
4236,61
2544,2808
4142,4817
4716,4686
3514,2785
370,2831
3550,4797
1209,2848
751,4829
2199,4992
4182,4733
3957,1836
3069,4815
4271,2800
1999,1841
1395,2783
1584,4741
2896,4970
625,5020
1288,4908
3201,3886
871,2840
3647,1839
74,50
3084,133
1606,4992
4191,5069
3751,145
4195,2855
3433,4760
3339,4793
3188,113
3381,5016
2276,2813
4351,4747
894,4884
1425,1728
3531,1833
4170,2841
1109,5064
2735,2781
5048,4877
3637,1727
3220,4956
2283,4731
2509,1735
2013,4857
3240,4892
489,4870
3301,4680
4129,4917
520,4963
3007,4861
2266,1844
4130,4828
4252,1808
759,2844
3066,2781
2119,4920
3423,4720
3392,4946
1801,4855
2443,1818
3893,4997
3559,4671
1615,1735
2909,13
938,2781
1053,4915
295,4737
2511,2816
3939,4735
2396,4687
3121,4697
233,2820
865,4903
4472,4961
3228,4955
3438,2825
1919,2846
1139,1834
3829,3884
3984,1831
3839,2817
2261,4883
4365,2796
4286,2831
1501,4797
2912,4879
273,5066
3992,1734
503,2827
2680,4816
312,4880
1640,4832
4421,4947
3128,4964
2702,9
4070,4730
715,4876
3086,4683
4520,1838
152,4968
4725,4961
2539,4991
495,318
4582,1834
2256,2781
3021,4816
2129,4930
157,65
4588,2783
2533,2831
1405,2765
1454,4992
3736,4940
1153,4958
1815,5074
4928,4668
2769,4978
1868,2658
3675,5018
1983,4989
890,1845
169,4782
3079,1
206,4947
2524,285
4064,4718
2277,3505
4116,4993
1101,116
3767,4941
3199,4789
3520,61
1956,4989
183,2853
3427,4889
933,4773
470,2843
404,4671
1022,8
872,4788
1765,46
2393,4941
874,4952
3352,4728
391,4894
3294,5073
1026,132
866,4817
1530,5074
4052,58
2715,1729
2257,3881
2981,4267
839,4251
2479,64
4417,4996
2150,4249
2300,4877
2484,4946
1399,6
1724,4730
305,4909
3811,1838
3964,4818
1526,4793
187,5018
3857,4998
1351,2767
2570,4872
4211,284
2905,4978
950,1818
2477,1818
3000,4634
4376,4911
1819,4752
1212,4962
2568,4787
1568,4752
1777,67
1770,4916
1172,5019
2121,4890
188,50
4104,2818
383,4969
2625,4951
3401,4872
2530,2785
1225,4919
1667,4264
598,4883
2216,2803
2561,4786
3354,4939
4656,4917
1268,3913
4106,4737
1908,2789
2374,218
3420,3878
2777,4682
1674,319
2210,4829
4048,4907
439,16
529,5001
1634,2783
2567,4908
4041,5065
2168,4762
2353,3615
2405,4755
1095,2835
2131,2658
3301,52
1918,4682
4299,4692
3316,4872
2312,1862
3736,1855
2422,4738
799,4873
3773,4926
457,3912
3095,4886
5029,115
2109,4694
1640,4670
3053,60
2562,45
930,1827
457,4957
2336,3877
2205,4877
2904,4994
156,4748
1552,1740
144,4940
1702,1860
2309,4991
2990,4912
2592,4847
2055,4769
232,2785
4629,4668
274,1742
4985,1740
2766,4876
3689,4829
2967,4672
4211,2860
1035,4792
2652,4901
3252,12
4017,2803
2467,4739
3305,4776
44,4998
2552,4858
4927,113
2154,4911
1240,2787
1109,16
4050,4265
4618,4759
2777,2839
5027,4792
3838,1857
3086,2794
727,4799
1554,2764
3645,4904
3782,4926
276,4266
1224,2845
5038,1838
4394,4803
1139,4692
2603,4876
1308,4996
1317,1861
2255,1748
4973,2788
3683,4929
4559,2784
1338,4962
4745,5066
4100,2810
4171,1818
3322,2783
2763,2849
1624,4780
2322,63
4172,2845
2080,4264
1388,4918
3097,4797
3560,2851
2655,4989
1703,4995
4304,3914
2243,4267
1420,4819
3662,4728
1342,124
3467,2772
612,1817
3238,1851
4574,2809
2590,4850
3019,115
3623,4994
237,1740
2463,4765
2520,4819
1012,1816
4378,4989
3553,2768
3713,4996
387,4264
2692,58
1295,4743
4193,4743
1052,1740
1542,4634
1449,4684
3802,5074
602,2841
420,4896
4088,8
3921,2867
557,2809
1207,4694
4481,5070
3379,1851
209,319
4075,4887
293,4921
2428,47
3535,1896
573,4941
4412,1857
4292,4793
561,4816
1406,4882
3046,1733
415,4897
1360,3884
2113,4780
4220,4939
4527,4793
2255,1845
3524,2788
3122,2854
3334,4994
2643,4672
3626,4994
4124,133
1299,4882
4030,4890
3727,4771
2673,3883
1646,2840
2172,4770
1414,1748
168,2835
2457,3886
3145,1855
200,3505
2282,67
3611,54
445,2843
844,4931
1617,69
3641,4759
1722,4929
4024,283
1341,2847
2195,4676
3376,4770
317,117
4252,4917
17,1845
1300,1788
3244,1732
3257,4692
295,2826
5040,1817
3951,2803
2320,4909
1463,4946
997,1860
4217,4939
3821,4749
3766,5016
4519,1839
3235,4800
10,4752
3840,2862
1375,115
3247,1726
732,5077
4303,4828
4298,1742
753,4995
5024,4682
4017,46
3607,4792
515,1838
2248,4654
3229,4861
2583,3615
383,4265
203,4773
3238,3914
3889,116
4549,4691
220,1845
4208,4955
2112,80
468,4860
2584,4919
4107,4850
510,4786
2323,40
3217,5074
1303,69
4359,117
938,145
1936,318
2339,2794
3126,2781
2414,2827
4154,56
149,4916
2399,4683
3347,4870
1487,62
3498,4966
4700,1833
342,4718
959,1837
4805,4250
4201,4900
1404,4730
3753,4760
1333,4786
3666,4971
2204,2790
4871,4692
3516,4690
3025,2853
1290,1727
3693,2838
4576,4891
3576,4872
991,4979
396,1818
1804,4762
4756,4958
2895,1834
1036,132
456,4946
2760,2779
3985,4987
2571,4761
4928,66
4334,2781
957,4880
2435,15
708,4935
3558,41
3441,4904
849,41
4561,5002
3892,4916
2626,4267
44,4952
3921,2847
624,65
2029,4668
2065,4694
917,2822
913,4752
3979,4684
3130,2799
1018,4695
2708,4991
1998,4818
1045,4770
3706,4956
1477,1843
2508,4786
4524,4818
3028,4915
5084,4941
2038,124
2382,4682
1533,3912
2988,1831
3586,4783
4201,4741
3508,4815
1588,4773
667,4873
1222,4720
3861,4856
2239,2812
2275,15
149,84
352,1856
850,67
1288,4801
1965,4857
519,4749
4201,4886
4455,4781
1189,1816
3731,2821
608,113
3291,2826
4146,1727
408,65
4040,4879
3378,5002
2181,1732
4426,4683
3078,4998
4716,64
3691,3615
548,4751
134,42
1538,84
3838,4733
4276,4764
1049,1
3316,4754
1562,4780
4103,4937
1926,4878
2456,5001
293,4990
3768,4872
1472,5077
438,4803
4950,4820
2958,4787
3109,5073
377,4728
3509,4897
1167,4693
3743,2768
1854,131
3151,4800
1980,5000
3975,3877
407,4728
3171,4613
4398,4741
2945,3884
4258,4766
2323,68
3044,1838
1181,2837
3547,4870
3222,4978
3652,4953
1903,46
2395,2818
2899,4820
3510,4995
1012,2765
4134,4681
191,4765
1062,4968
3795,4915
3890,4760
2678,4972
3747,4961
4405,1730
3340,4793
4529,4820
155,4938
2369,2844
1284,2837
5056,4926
3614,4772
2366,1860
2469,4669
970,4988
4647,2772
4256,4737
1528,4926
4114,4674
3768,1733
1358,4742
3283,5016
1715,4953
1147,4997
1128,2865
3792,4857
2275,283
3192,4265
1958,2825
505,2768
4278,2829
2607,4697
2233,133
3898,4963
4233,54
4841,1833
513,4787
168,1896
5061,4897
1762,1861
4845,4746
22,2784
3148,4675
1276,4888
2047,4779
3686,4969
195,4761
2158,2814
1296,1737
1676,4986
1272,4902
223,4720
3751,2855
1967,4671
225,4847
1972,2846
4724,4903
4209,4696
1206,4690
4070,1847
4451,2867
3271,1834
3957,4784
1872,4750
447,1726
3009,1834
2869,50
205,4896
3632,1862
3511,4849
1352,4684
4399,84
3875,320
4859,2809
3189,2818
2476,1850
2901,2843
1813,4801
4699,5063
3887,1835
4211,66
4138,1838
3702,4939
2893,2860
4124,4996
1804,4686
4366,4901
2500,2803
949,4990
3778,4896
2962,41
3180,4907
4608,4772
1228,42
3419,4732
3822,3912
2355,4779
3036,4914
4037,2788
2959,1730
4516,69
792,4635
4899,2866
4517,5018
4122,4772
694,4957
4377,4674
790,4673
1869,3924
4047,16
4663,4850
3984,1734
651,4778
478,2799
822,4635
2380,4679
4351,1808
2676,2782
2018,2827
3779,2827
1414,4736
3098,1896
4308,4929
5011,4793
743,2809
1595,4830
963,4861
748,4733
144,4755
3851,4914
215,4696
2925,1845
662,4862
2972,4786
2705,2856
140,15
3955,4934
369,2823
4974,4766
652,4987
249,4792
3430,284
2237,2837
3898,66
1559,2825
1620,4669
3896,4941
900,4790
4038,4856
4548,5016
497,4249
5083,4613
1553,4634
274,62
1717,2855
1019,5065
174,4738
868,2772
3828,4753
2209,4862
2910,4684
3202,1788
2085,2832
3109,1808
2938,4986
2422,4785
417,3881
3971,38
3891,4887
2697,4773
917,1848
2513,2820
2960,4684
349,2822
1353,4749
1335,4965
2343,2837
587,4971
4170,16
3856,4739
347,4697
1200,4733
4242,2843
4651,2813
468,1856
968,84
3046,4771
3125,4830
142,4803
456,4891
3650,2853
3425,2814
3420,1862
4506,4857
2321,50
3587,4994
1676,45
438,3505
948,4769
4104,3882
2156,1862
5057,4932
1356,2821
518,4674
479,4824
3241,2782
2616,2839
2489,15
2643,3924
432,4754
1621,2803
3818,4831
3018,2824
3162,2845
3599,64
645,3885
4237,2821
271,2794
4247,4963
3999,2774
2383,1734
3023,4754
3307,4693
2185,4850
3010,4687
2478,4968
4138,4680
3444,4729
4118,2829
249,1727
3293,3882
1243,2835
2902,4784
3453,4896
3422,4732
333,2855
4244,1861
2484,2789
2443,1849
3528,4964
1513,3885
2557,5075
1669,4876
3636,4884
3155,2843
1489,4961
2460,1896
1870,2790
4379,4909
2510,5004
43,4897
2180,67
590,2658
965,2856
608,4887
1031,4931
1265,70
3499,318
799,4654
983,2772
3627,58
1945,2779
792,4727
868,4696
1665,3879
1636,34
1511,4733
2725,4930
1436,2790
1424,4679
2204,1733
1707,3505
1782,4887
2415,4855
2388,12
343,2794
3900,2857
3607,4759
262,4789
1223,4932
3105,3877
4228,5018
4522,4731
4069,5018
1348,67
4232,4732
4138,67
293,2832
895,4754
1310,3
1482,2800
2949,4689
1611,66
205,4965
4333,2832
2079,2767
4478,4689
2902,2855
4005,2810
3975,4849
3116,4784
2870,1727
4413,4741
210,1857
926,2849
3589,4997
4037,1861
1441,4857
3929,1860
2998,5018
1798,4831
2195,4955
3755,1728
2464,38
745,2795
3839,5016
3239,2783
1387,4696
2199,1836
2162,319
4026,4752
1787,2847
2239,2773
325,4963
1190,4947
4286,4961
534,4888
1932,4955
390,2813
495,2782
612,1818
2106,4872
3890,4915
2474,4897
2328,4855
4364,4778
1494,4672
1957,4926
3622,2820
1548,2785
3407,4887
1980,4849
1008,4932
101,6
4181,4737
1162,4915
198,62
737,1842
4263,4688
1432,2658
1858,2818
414,5075
1373,4686
1640,4954
3045,4872
4513,4930
4228,5000
3152,4681
3224,4934
3228,4265
1546,4972
4448,3879
1041,4889
1505,284
204,2827
2635,4824
618,4992
86,4266
4304,4679
858,84
3734,3885
2136,4785
2391,4797
1043,4878
767,4908
1098,1848
1360,4763
1594,11
731,1733
4594,319
4333,3881
4355,4901
1535,4673
2908,4882
2426,283
4449,283
1921,4914
3874,64
1442,4887
4413,2786
1357,2866
3693,4873
1565,4676
1414,4250
1188,116
3202,2811
3353,1833
4276,5019
356,4969
4230,2781
1925,4971
3356,4695
3672,4944
677,2866
3009,4818
1690,5
722,4957
4226,4908
2997,4944
3093,4907
5062,113
4182,1729
2090,4931
4925,2789
4483,3886
2095,69
813,4887
1826,4774
4150,4909
3039,2864
2557,4682
241,2785
1522,4935
2423,4730
2314,4250
976,2809
632,2773
3794,5002
3791,1837
2050,3878
1448,2829
3485,4754
3104,4847
1472,4729
1702,2844
1665,4955
3751,4728
1315,4958
2998,4676
2233,4832
2713,3886
2145,4873
1897,1726
1204,2866
3533,84
3416,4768
709,4926
3496,4921
539,1851
767,5074
3608,284
3449,4786
495,4672
2286,1848
2629,4718
4009,4861
2090,117
2163,4682
1511,54
3630,3912
650,5064
1249,3
4080,3877
1359,66
1921,4876
1649,4743
4140,4684
3575,4692
1453,4892
2549,4676
1961,1726
732,46
3662,4693
4422,4886
204,2813
4365,2772
2152,1840
3182,1730
4600,2794
3415,1831
3471,113
2430,2843
191,1835
1441,1848
5041,4915
4182,4695
4098,285
661,4783
4478,2767
1011,4774
3131,5004
1325,80
2654,4253
1036,133
2467,4831
33,2824
2990,5070
4838,1838
4520,4782
3830,4793
4095,285
198,4850
3547,283
3438,4870
4179,56
4702,4747
3768,13
3136,4266
710,16
332,4918
1347,4965
670,2811
4708,4691
3400,1836
5080,1734
3079,4891
971,4681
1451,4803
424,4884
994,4906
2748,116
1471,62
1394,4990
4092,2841
1688,2794
1462,2837
3475,1845
264,1849
1673,1896
4655,1726
1859,65
3600,4993
2690,2816
1980,2671
934,4759
4274,5020
1490,5001
4476,4768
758,4939
2923,4729
1280,4668
3634,4951
3695,12
2647,318
2672,1840
2109,4765
95,4996
810,4880
478,4770
683,2774
2228,4800
1033,55
1444,5018
3018,4248
553,3915
1376,4912
3521,4860
1117,2787
3358,4787
264,284
4427,2837
3934,2855
2045,4677
815,4913
2933,1742
755,114
148,12
643,2764
87,4266
4439,4873
3990,2788
3954,4742
1608,1841
358,4987
1619,2784
2161,4877
952,4917
3160,4682
2027,5066
1736,4771
4000,15
3993,4831
176,4964
178,4728
3644,4683
3718,4934
4602,1731
3526,5016
4188,4250
4646,4972
249,4771
3251,52
1542,4883
394,2821
1416,4824
4188,63
1302,4761
455,4672
1569,4972
3638,4685
3489,2864
4110,2808
773,51
4484,4634
1768,2835
970,5019
419,4989
3516,7
4511,4926
4510,4743
409,4860
4596,1837
3994,5077
3984,2789
95,1896
1764,4776
4615,56
187,2768
542,4971
3031,4884
1927,2832
1193,4991
3020,3882
4315,66
404,4987
2589,4891
401,6
2146,1843
4081,4902
1107,38
2922,70
106,2835
3390,1835
2510,4929
4456,4819
207,4733
3684,4920
3637,6
2496,2825
4403,1834
3813,4764
2343,3880
4452,2814
4541,4816
3111,1737
4942,2795
4536,115
1868,116
1279,2823
3170,1737
3381,4251
374,2838
3430,1
3404,4679
1761,4686
4559,2847
1820,4750
3126,4779
4468,15
3009,2814
4222,2776
4045,4768
2761,4780
2422,1731
2468,4746
1985,2787
436,4953
829,4894
4199,4966
1057,4731
885,4738
3365,5069
942,5016
3421,4267
4276,2781
1278,4732
737,3880
966,4856
2268,4891
1883,1855
994,5070
2171,2812
556,5065
1557,2840
3899,4992
921,2794
3018,4817
1826,63
915,4250
3113,1832
4050,1831
1287,2832
29,4749
1559,4929
4507,2818
2678,4991
534,4963
340,3885
3896,4766
2944,2848
4078,4746
3255,5066
868,2821
4758,4891
4839,2854
582,4682
2947,4971
4038,1845
2407,2821
1520,1818
3498,116
658,9
1126,4696
3328,4670
4572,2779
1188,4692
4337,2796
2220,2858
3963,2838
3276,1
2644,4761
3416,4956
5015,124
4351,4677
1016,4677
3094,4784
1128,2848
3398,2782
568,4728
241,4695
674,1732
1573,4904
2570,319
2996,4858
4043,2864
552,2808
1621,2784
3156,4885
2891,3615
3916,1836
3270,4831
3360,4882
85,2824
86,1733
924,4930
1118,4912
1766,2764
2979,1818
1377,4747
937,4870
4263,2838
1507,4900
3135,1857
3287,4676
2084,1834
2428,2866
3007,4764
1203,4988
693,46
759,4691
1077,4955
4107,3880
4796,4747
859,4786
1711,4961
2638,2822
3931,4775
134,4790
2053,54
2872,4929
3236,2837
3044,63
1360,2776
1412,4736
5042,4685
2771,4946
1791,3913
1036,4672
3403,4860
4980,4734
5058,4941
454,4697
139,46
3307,4885
4236,4861
101,2811
2996,2799
2992,2840
1611,4780
3161,2825
4361,1849
2491,285
3624,4731
110,2827
4322,4733
4233,4673
739,4938
3279,117
2596,2798
1623,2786
4160,1835
1569,115
2948,4994
5041,4987
1050,1838
2089,1729
452,4901
3449,4920
308,4820
4270,5016
1526,4910
1882,5000
3918,2817
902,4770
1774,4815
1809,4921
43,2837
4313,4862
3848,1730
3927,1788
2689,4685
4074,80
3426,4894
5034,4979
4377,2790
629,1731
4263,2820
1087,4694
371,4832
4367,4755
2098,4917
437,1740
2478,4969
1680,2866
4148,1808
4529,1842
4302,3505
1979,2798
4165,4971
3452,4752
3281,61
5044,4884
885,4887
1166,4935
2428,4739
605,4791
4141,3879
2930,4947
4300,2800
2898,4776
2940,2764
1509,5064
2044,4691
2930,4770
1999,4675
5029,113
2724,1842
2639,4803
4188,1847
735,4720
4096,4971
974,46
547,4957
4069,4694
474,3879
2597,1847
4542,4781
2737,4978
1704,2851
1376,64
2209,4954
1416,65
4898,117
1344,2840
417,4987
708,13
1458,1840
3805,4696
2532,4771
3296,4995
4037,60
2217,2822
4699,67
2240,1847
2760,2818
1028,69
2519,1835
776,2794
2745,4954
387,319
679,4682
383,4889
1499,40
3661,4916
4585,4691
3609,4918
2275,2862
1346,2823
736,2838
2205,1841
3103,2824
2272,4820
3361,4720
4794,2813
656,131
463,2837
1631,1850
2883,4990
4628,3915
1014,3877
4006,4963
679,115
2876,4935
2294,4992
3750,5075
1509,4969
952,115
2428,4753
1667,4908
2990,115
148,2786
4005,12
1467,4761
3800,4634
4524,4888
4580,4784
1426,1725
43,4993
1141,48
1812,4680
1279,4697
4795,5064
2527,116
1524,2798
2355,3881
3624,4695
2934,2789
4928,2853
782,21
3064,4908
2175,1731
883,1834
4332,4668
4098,2808
4464,4850
3852,1731
233,4858
521,1837
1967,1846
4431,4855
1018,65
2,4882
1294,4824
1538,4820
1215,2810
4348,2773
2780,4680
1444,4951
2501,4879
2314,52
4290,4888
2558,1735
4076,4969
315,4790
1439,4828
1947,1847
1646,4764
3259,4634
5056,4788
4497,320
384,5069
3126,4755
2465,4681
2971,133
1746,2783
180,4914
1006,4919
4364,4885
1044,1836
4595,124
3524,2790
4153,4773
4390,4746
3667,4689
1569,1841
74,4921
3738,1730
3898,1861
4504,1816
1454,4750
3126,3883
1739,4793
3652,4736
2141,4934
776,283
440,4936
1342,4847
2673,3881
4296,2764
4187,4249
2660,49
3201,4686
2354,4753
1135,4737
4898,1837
4510,145
2664,1896
83,1846
4950,4989
455,4892
4704,3912
4072,218
4187,4918
739,2811
2227,4264
1535,4774
2918,114
3513,4654
3452,283
3614,4734
4339,4832
939,1838
3940,2658
1572,34
3008,4733
196,2783
1228,1896
1307,4765
1864,4686
4257,4952
3327,4988
4036,1737
165,1834
2500,4742
4366,4668
3165,4946
3484,3882
2023,283
1170,5004
1398,4681
4618,1845
265,2782
3838,1808
981,4966
601,4994
4197,2844
2162,2782
3975,4918
1446,4784
1687,5074
4158,4763
174,49
4386,1725
758,2671
3821,5
1118,4872
2429,4832
3290,1737
2503,4249
3630,2817
1105,4920
3253,4748
2335,2782
1026,1733
4134,4816
4113,2865
233,4250
2920,46
794,117
1888,4694
1219,34
571,4731
3573,4916
4445,2824
837,49
1823,4915
2664,4683
4346,4733
3298,53
2672,4769
1633,4264
3408,4955
3435,116
2374,4791
589,4979
5033,51
1918,4251
3329,4885
3585,2776
1920,4694
3697,3880
1470,64
4364,283
4004,1896
3832,4732
1613,4855
1717,1845
1940,4739
853,66
3782,4693
4594,16
2261,4970
1010,3615
589,2782
3089,1808
3416,1856
1544,4741
698,4940
3946,4668
3854,4939
2945,56
5015,69
1872,5
5082,4692
776,4962
3012,1836
3968,4901
2576,4879
3660,4669
3293,4729
4427,5069
1356,5077
4172,1839
1787,4792
557,4249
1078,2764
2372,4688
3485,2796
786,4870
4758,11
749,2825
5011,4862
3382,4958
4496,4689
118,4675
3292,4824
946,4672
963,4770
2159,4727
3396,1896
828,1808
3556,4754
777,4887
1663,4689
679,5
2537,4913
2008,1
1912,4939
4540,4684
4178,4939
1109,4883
3664,4901
669,4861
3871,1842
4571,5077
2649,1861
4175,4917
2171,115
4290,4746
3141,4654
3866,3880
4495,2790
927,54
2721,4265
2529,1735
3091,4992
3817,4684
2547,2782
4472,4936
4260,4882
1895,2854
3364,4911
2738,3886
368,66
3697,2817
966,4953
713,2788
1880,4876
2982,1851
1904,4817
1090,80
1569,53
822,4994
3178,5063
4950,4731
4582,4737
4157,1748
921,4920
4425,4791
3356,53
3684,5018
432,4858
3706,5002
2859,4728
18,5064
827,4770
1181,4773
1454,4971
3033,4848
2775,2800
195,4781
4838,2822
4624,2814
658,4677
3341,4849
4745,48
1151,2829
3744,5
3088,2767
4373,4753
3962,4870
4088,4789
2895,4858
1233,4741
196,284
1587,4732
5047,5073
4094,2798
2551,52
1313,69
2270,4988
1145,4820
1899,4687
3622,4908
1288,1851
1488,45
4627,2772
1775,4879
1462,4894
2068,4890
2157,2818
4525,4749
4484,2835
4325,4747
2521,114
3876,4677
1991,4903
5039,1
4151,4692
608,2790
4715,2785
5003,2843
543,84
4183,4754
104,4995
197,4742
3479,4732
2299,4938
3322,1726
1198,2817
1278,4912
3982,320
3043,1833
2355,1729
1981,4762
4380,4691
3114,66
2393,3914
3710,4774
4004,4905
4649,4673
2311,4992
1150,4832
2534,4904
4448,4878
1959,4774
2544,2856
641,4686
2881,5074
1578,46
3046,4248
315,4862
3480,4885
4863,1855
2638,4669
3453,80
3564,53
515,4879
2341,4739
2881,4931
2023,4751
1236,4803
791,5066
2035,80
2204,4938
593,2795
3691,1788
3747,62
4088,4803
1246,1860
4740,3615
4363,4850
3203,2788
1710,1725
5084,4947
2502,4905
3552,4992
3362,115
1605,1861
1268,4803
1019,1838
665,4678
4042,4690
4278,4755
3474,4935
4044,4965
3237,4857
1056,1727
4400,5016
3186,2784
335,4856
1936,2794
545,4684
3118,2803
2185,1845
5056,4878
2710,2789
574,5020
1579,58
2132,4969
1257,4894
2030,4686
3499,4780
4294,69
675,2789
330,4872
20,4954
2126,4849
640,1818
2130,4876
3424,2799
2894,51
3310,4996
2252,1836
308,1748
4270,50
4657,1835
1022,4886
3281,4738
1430,4900
2391,4264
4213,2794
72,2845
694,1862
2737,2843
686,4919
1911,7
1565,133
315,1847
2126,2826
750,2821
536,4753
2146,4991
2357,60
3676,4727
2423,4669
3051,4931
887,4937
3368,4265
4237,2833
272,1846
1188,4250
1543,4880
2640,5018
3211,61
4047,4765
4089,4897
3129,1896
3894,4799
3526,4997
903,4738
2651,4992
2508,15
1117,4253
272,2783
603,4635
184,4762
2674,218
4868,4248
2548,5
875,4783
2342,2764
4210,5064
4555,4751
966,4730
5022,4774
3646,283
3760,48
3380,4857
4402,4675
2327,2865
3819,1861
3972,4690
1709,1817
2131,132
2287,4266
1627,6
2568,5065
2643,4857
2872,4768
1238,1856
2211,4910
2524,4613
1670,3881
1585,4969
2213,145
4084,2786
1975,4919
769,1839
3724,4991
447,1816
2958,21
1720,2774
439,4966
1903,2821
78,4936
499,1737
1545,4737
2544,4990
3493,1841
1805,4762
258,4692
4193,49
4809,4800
4351,4776
796,4766
4871,5069
3941,4914
514,2858
2348,4818
3278,65
3031,2862
4387,2866
4365,4765
24,4878
3127,4801
908,4861
1510,1818
450,4955
1558,4671
3776,4829
4398,4785
1893,4735
3688,2776
2572,4801
246,3885
2045,5064
1299,1725
3041,45
1756,5066
2083,4929
3241,2831
3017,4265
4573,4992
359,4786
626,2865
987,3882
4376,11
4185,4931
3647,1726
4026,4748
4108,2838
2291,1835
1882,2841
4427,4679
3189,4878
2101,4778
2287,5063
520,1788
3600,4697
4523,4952
3466,4253
3727,4718
1236,4913
205,4789
3438,2856
3695,4876
716,1844
3518,1856
2052,2867
404,56
311,2844
2695,2779
2892,4858
2877,4831
1224,4994
548,2811
1794,1
493,4880
243,4889
1208,1848
3184,4858
3304,1831
2666,2810
4094,1842
91,4829
4431,4753
856,62
1476,2855
4967,4675
602,1748
4976,4681
4503,1846
1782,2831
4537,4697
2793,41
1319,4249
4622,4737
391,2844
2725,4770
78,2824
1571,1861
1778,4746
806,4850
436,4876
3930,4916
1676,4878
1496,2833
2505,8
4338,4944
1409,4678
734,4944
2504,2866
3908,4963
842,5018
2753,4253
416,66
4644,4971
2624,65
2932,4789
2938,4764
3128,4676
317,15
3904,2845
3413,4781
4218,4249
1983,4801
3179,5063
171,5066
2144,21
159,4720
743,1860
1106,4720
3797,1727
1714,4979
903,4266
2403,2781
501,4907
2759,4913
4324,1855
321,4683
2719,1
808,4654
1604,4860
20,4876
4566,4955
3735,2827
3402,4909
961,5019
452,4890
694,4873
551,4677
1089,4956
4417,4743
4147,4736
3379,4992
17,2764
2720,4989
2537,2822
1771,5004
1453,2837
2117,4264
2581,4857
2315,4678
1674,4689
3927,4971
1970,4686
4418,4971
204,4697
4340,11
497,4939
2376,1855
3753,4989
1905,4824
1182,62
1780,4776
3267,2813
1250,4920
2930,2827
3028,4890
1903,4920
1721,4900
737,2765
4038,1729
1912,4250
2778,1833
3387,2835
3947,4861
1411,4907
2130,4752
2707,133
2923,4878
2296,3884
879,2835
1227,4882
3230,5004
3901,124
3545,4964
3689,52
3203,4961
2049,4910
2939,2841
4117,4797
2254,2811
3653,4916
1506,4963
4415,4727
3207,1834
1453,4904
2115,4720
4277,2795
742,4986
1478,4912
194,4900
1068,2824
1923,4677
3025,2856
4008,13
2433,4889
3027,5063
2609,4768
2613,4861
4062,4776
2888,4938
1624,2799
2171,4678
1535,4918
1142,2856
2713,4930
2345,4920
1616,13
2538,2844
3735,2841
2666,2782
4875,2820
417,4855
1710,2803
791,1841
2731,4962
3431,4877
2509,5018
3639,4994
4593,63
252,21
2283,2784
796,4673
226,1730
268,4266
4174,4930
3110,80
1546,4892
3654,5075
2182,4905
1162,4613
1972,4675
4587,4773
2502,4673
3097,5075
765,4735
3763,4773
2138,69
2992,4250
2597,2848
2216,145
2182,2796
4113,2864
1570,145
4415,2844
3159,1732
1924,4733
3501,4737
615,1856
3429,4964
979,50
5014,2786
4111,4884
3526,4956
4370,2853
1441,4763
688,4957
3765,4858
3284,1
573,2826
2221,49
2111,283
524,62
1179,4990
2909,68
1589,4743
1336,5000
4184,40
4049,4979
499,6
4426,45
5021,4820
3488,4818
2691,1726
832,4972
3030,4772
4031,4916
934,2764
3692,2794
1104,4920
5023,4961
3075,2818
2828,2784
692,4674
2639,5066
1051,4848
43,4635
1571,4723
4813,2813
4112,114
5052,2808
1888,2849
4127,5064
1508,4902
4327,2790
2426,4861
1127,2808
2377,4937
1646,4793
1138,4250
1466,4735
2877,116
1084,5064
3788,114
339,3
3274,1748
3317,2832
2172,5004
2042,2867
1777,4751
2412,4917
367,1837
586,4926
222,4969
2754,4789
966,319
2528,145
365,38
4153,4800
2229,4746
1721,1845
270,1847
1440,2818
3153,49
4601,4681
1403,4669
3360,2843
670,4687
1765,2800
488,4951
3307,1832
2568,4896
1829,1831
4600,4773
3537,2785
2874,1727
4086,132
3239,2803
5029,4815
2054,1847
2534,4674
4432,4979
1399,1837
1158,4996
2878,4780
635,4686
796,4880
2575,4889
3918,4729
3071,4752
4881,1
489,4828
4656,4770
3961,4972
2433,4965
4198,4962
2685,4803
3488,2851
2086,4723
2770,2784
2525,4732
550,4903
97,4695
2523,1848
3605,4801
3849,1896
3145,4963
4010,4978
4703,4785
1724,4770
1960,4819
2454,4779
2040,4886
1830,12
4529,4251
2514,4884
2154,4962
4721,5074
3104,54
3791,4886
413,4679
902,1831
4644,6
4584,4789
2992,4957
649,5066
1023,1847
4040,7
1581,2803
4056,2774
1809,1732
258,4250
538,4728
848,4774
3425,1731
1722,4769
2970,58
4272,68
4660,53
3670,2865
785,4830
3570,2833
4871,63
4648,5073
4149,4870
2619,5065
1338,4889
3493,319
4554,11
2403,4931
462,1855
2113,2765
4038,21
3462,4788
372,284
4431,5000
3040,40
3660,4988
4625,2865
3841,3924
2997,4883
4461,4886
2044,2789
4160,61
2666,62
2071,2864
796,4966
1117,4988
1743,2851
3010,5077
2754,4939
4586,4780
1806,4781
4948,61
3204,5018
950,1842
4217,2799
4198,4847
1183,1856
1062,5
4204,4968
3972,2813
1606,4996
3421,2833
1900,4884
754,1846
2740,4684
3366,4872
5038,42
1473,218
4557,4921
4404,52
778,6
4326,4789
4404,1856
3005,4907
3506,4816
496,2831
1916,2829
2412,4746
4034,4731
426,124
2322,4916
3100,4824
3315,114
3922,54
2523,1748
5015,1727
703,4903
4647,4673
2520,4955
2657,4978
1547,4820
2334,2864
4260,2838
512,132
2937,4783
1509,4929
197,1856
2103,1857
3416,3914
1666,4785
1866,5065
722,1847
4835,2809
1758,1818
3773,8
2168,4849
1329,4672
1955,4907
192,4946
3576,4695
2698,4887
1487,4883
3314,2772
1060,2782
1760,2818
1950,2779
1285,41
2382,42
4480,4832
3243,4996
3227,4789
1494,113
3903,3877
3249,4862
3939,2794
1625,4793
3999,4880
712,1833
3549,2838
4652,2823
1051,5004
344,2821
3963,1726
3960,2816
357,67
254,1827
728,5073
2614,5004
1306,320
1384,2774
747,4905
2930,4251
3806,4880
3215,4969
166,2860
1662,2866
1036,2812
1336,4735
1800,4803
1494,1730
203,4753
292,4774
4719,2841
842,45
1275,2835
1558,4787
1598,4732
1636,4791
1283,4265
2470,4695
4594,4742
3265,4969
2460,1728
350,4819
1918,2841
4313,4963
171,2800
2529,117
700,50
3083,2858
4943,4694
1503,4786
309,4896
4048,1860
766,2837
2793,4963
3719,45
1752,4634
1772,4883
1509,4979
2316,4677
643,1842
3708,1844
5083,2858
1502,2853
3532,4939
1701,55
3560,4901
1750,4926
3203,2658
3356,5065
3509,66
3101,4746
789,4670
2759,3877
1013,4970
2651,4830
3253,1831
3554,4817
4100,2848
437,4820
1967,4248
4460,4749
3848,4799
3595,4672
1250,4672
3074,45
4235,4788
2005,4816
3736,4992
3701,4952
94,6
2274,113
4378,2831
2557,4753
417,4824
1116,61
3415,4683
4313,4691
196,1860
575,4784
1993,4828
3947,1725
2921,4777
4593,4792
3077,4783
1600,4906
3483,4741
1637,4918
1708,2858
3843,1850
3764,4772
1970,4779
3167,2794
726,2846
1270,55
4614,4733
750,4990
1270,2779
1951,132
583,2854
39,4932
995,4754
2718,4913
4053,42
2538,4884
107,4761
2959,145
3230,4870
1952,4886
1073,4997
4666,2837
3520,15
3367,4940
2189,4697
2173,4788
3353,4780
3538,4935
129,4723
3842,4761
4185,4930
885,4998
1418,2787
985,4937
196,4958
2214,4786
361,3886
3822,4670
3845,2860
3215,4670
251,4752
2454,2825
3333,2773
440,5004
4116,2833
4024,4682
86,4930
3307,132
4058,46
1965,2776
1250,4690
3998,4910
2089,4789
2274,2812
1604,2822
2016,2772
59,5075
1182,4669
4706,2826
78,4955
3366,2787
3569,4675
3186,4819
2484,5075
2030,1737
3925,4743
3852,4777
202,5065
3391,1833
4545,2811
2946,4907
861,4693
4119,4680
3389,2838
3032,1838
2741,3914
2153,4735
2740,4773
1072,56
1567,21
4636,5075
1267,4991
1039,2840
4109,4770
2892,1851
4444,2864
687,4739
1533,4693
1374,4683
4447,4955
2485,3882
2752,4831
2980,56
4495,2825
3953,4941
2403,4797
4291,4752
744,4954
1918,4728
4569,5065
2990,113
2807,4828
2318,132
849,4768
2368,4787
704,5063
4974,5019
3601,117
1960,4957
1105,3884
551,3914
4540,4858
798,2843
3290,4815
43,4880
4332,4783
79,2840
606,1728
790,3885
5068,4961
4269,1730
4854,4908
2301,64
5029,2862
2868,2845
2574,4993
4331,4890
1504,5
331,2779
1259,4788
5076,51
691,4886
3776,1840
4191,4963
454,4965
2749,4635
656,2860
3237,1833
4059,4890
3136,1728
1003,4969
1301,4776
1133,1841
2978,13
2051,4735
2366,4720
2414,131
2778,5069
2116,4820
2525,1850
4153,5065
1664,5000
2176,4759
970,61
1287,66
1217,1848
2436,4742
3230,4672
1331,2864
1192,1846
1678,4818
1440,4679
421,2840
3920,4673
3451,3879
2346,4759
3828,69
2938,5069
1168,2803
4538,115
3676,49
362,5066
4073,4885
3925,4956
4504,2800
1691,42
4615,4906
2734,21
3477,4742
2778,51
4981,2835
1495,2864
2597,4939
2100,4917
1002,4877
79,319
3759,3914
3226,2824
844,4991
240,4731
3947,4634
3696,4992
999,4886
4509,69
3555,5070
4105,4768
493,4962
3135,1735
1805,5069
822,1848
179,80
162,40
1310,4803
353,4781
2745,2849
2156,48
3415,5004
785,80
4428,4738
3146,1733
837,4991
2106,4731
2322,4684
1966,4883
2922,4908
2729,41
2019,40
3644,4770
3632,4250
2690,4761
3351,4972
787,5066
2040,4970
3317,2829
4833,2818
2156,4782
4131,1837
4101,4780
2381,2831
1307,1849
383,2821
2624,4909
2989,4785
2327,5070
265,4754
525,4766
772,3615
3990,4860
4658,4961
979,53
5014,2787
2063,1818
3121,4900
558,4965
373,4918
313,2821
1780,2854
3696,4911
1919,4830
2113,2784
438,53
3282,5069
4534,4979
4012,4991
3982,2831
3788,318
395,2837
202,4669
1992,2821
861,1788
2120,4803
1984,4248
656,2824
2898,4251
712,4668
1779,4992
3499,4978
3675,4918
