1736,4792
176,4969
2338,4830
3250,2779
4004,1732
36,4912
3556,4877
458,4888
5011,2860
4698,4996
2365,2788
2165,50
1119,4673
4106,4677
2638,2783
4246,2808
1108,2849
3496,4906
1749,131
3047,5
3302,4887
1158,2786
835,285
554,4695
3592,2810
1054,4888
500,4784
620,4769
162,2856
718,4729
844,4876
4639,4965
1450,117
4868,4684
1620,7
2100,4873
1280,4671
1669,4929
20,4817
3555,2820
821,2776
3583,4829
4328,1848
2103,4765
3118,5069
217,2855
1100,68
2403,2790
2132,3880
1688,4896
3081,4876
3519,4929
2033,6
3387,84
3319,11
166,2817
3867,4870
1358,2765
1320,4265
302,1857
3902,2858
863,4888
4578,4918
1965,4904
1670,1846
410,3879
3098,1808
3841,4800
806,2867
569,4880
368,4996
274,4847
4274,4824
1540,114
4128,4728
3367,2808
3472,4962
983,5077
730,4267
3928,4801
1377,4829
1478,2862
2135,2820
4009,4941
1675,1834
4423,4995
2028,4879
1534,4910
2589,1737
3725,4676
4570,3880
1939,2767
4494,4672
619,4654
2997,4720
4134,4685
2095,1843
3823,2825
4567,7
4144,4934
441,4747
2591,4743
4583,4847
3113,5064
2157,4890
4213,4989
1356,4742
3157,4862
4505,4877
1376,1861
1708,1726
3829,3877
608,3
3567,4912
533,1842
1762,4720
660,4761
1963,4964
4725,283
2412,13
3551,132
1825,4891
4402,4878
1165,4773
2096,2812
2724,4685
1141,4267
4425,4775
1569,2658
783,4921
1113,114
3925,4673
2436,4815
1344,4696
4198,4735
3949,4901
4329,4860
4079,4267
266,5019
1097,5073
3008,42
1324,2858
623,4848
2485,2808
635,2781
1665,2786
3086,5020
3480,4742
1290,13
2205,21
3674,2844
1696,4965
4280,2839
2943,4771
4003,3505
2581,4882
4590,4872
1398,319
3020,4264
1648,6
810,4817
2495,4937
3755,2856
4043,4997
4591,34
5012,2773
2464,4882
2418,4934
3992,1837
2415,5000
829,4718
2151,2827
4120,54
428,2812
2934,1856
1438,4781
797,4741
3304,47
2521,4944
3543,1726
714,4939
2187,11
1322,4913
3061,4993
347,4687
1070,4249
169,4963
1892,13
3381,2788
548,4696
4361,2783
651,47
1799,4668
2256,4909
3580,4870
1804,4776
4045,2817
1058,4253
3142,2857
3859,2867
4262,4939
2036,4770
3809,46
3889,4670
3845,56
18,5019
3270,4931
3785,4861
2956,4799
2638,58
2381,51
4874,2838
4618,4860
3182,4880
2150,4957
3772,4797
399,3
3438,4915
3229,2858
1824,114
2323,4248
2896,4731
2771,4729
2051,2776
5039,2838
1358,4906
2714,4763
231,2799
4581,4689
3911,4742
3199,4784
3203,2772
1819,38
1782,48
2102,5065
1143,2784
686,117
4377,4994
3250,4936
3343,4687
2454,1731
96,21
3120,2847
4547,54
605,4819
1744,2846
2200,4773
3508,4797
3125,4777
1254,2841
4498,4956
4814,4800
259,4847
78,4831
635,4731
372,4675
1351,4961
3340,218
4120,4635
2253,4763
3302,4766
3044,4858
181,4830
3245,1831
2207,2841
2756,4696
884,2821
2116,4962
1500,4678
3478,4832
2019,4729
4871,1850
1543,283
3217,4829
4608,2808
651,4828
2624,2764
1964,4753
3649,3882
2735,4915
3716,2783
4980,1732
2976,4968
392,5018
4899,4676
2575,4753
521,283
750,4991
1593,2867
2258,4686
2628,4996
1347,4926
4104,84
2988,1733
24,4880
1398,4912
1208,4791
592,2772
272,2767
3284,4815
3670,5002
308,4964
4103,4797
5079,4690
1535,1
153,4957
1244,5002
4598,2865
711,4251
2050,4926
1233,4962
2992,4694
2615,2773
282,4913
2342,13
1413,54
4261,4961
4446,4761
3312,4820
3968,61
71,4820
3983,4759
2132,4888
4585,3912
4833,4987
3157,2845
2379,2774
2893,4902
1514,46
3904,3882
112,4762
457,5073
1345,4682
3510,2781
4014,9
3660,4759
1657,54
1575,4855
888,2783
1350,4782
4299,4870
2414,4266
31,2855
2879,4777
3473,4670
3383,4738
2677,1833
4867,4991
3189,4831
2649,116
1599,4963
236,4938
1121,2848
459,4883
2667,4742
3478,1845
4408,4989
2241,2774
413,4765
1659,116
2207,1733
2586,4886
4758,80
4474,4799
797,4919
4864,2847
1085,2798
4095,1731
3847,4267
455,2813
1777,1732
4977,68
4859,4800
777,5070
4604,3915
1113,4831
3769,2840
3027,145
485,4882
4539,4787
710,4799
5037,4251
1767,4830
2053,4687
2093,4754
4509,4674
4439,4737
5009,4730
865,1725
4568,4908
3715,2833
2332,4832
813,1845
2158,4733
4637,2843
4564,1837
659,4776
660,5004
1688,113
1739,2857
811,2844
3953,4267
3386,4937
3773,4939
669,4789
1148,65
1221,117
4307,4832
798,2840
2008,3881
3730,1849
414,4917
3022,5075
3653,4817
2109,4820
3789,46
4351,115
2247,7
462,2829
941,2832
1871,124
1071,3880
1767,63
927,4729
4395,4908
1422,40
1621,4920
1086,4781
792,4681
369,4914
2009,4848
2904,4787
815,4856
515,4779
790,4723
702,4849
3097,64
930,131
2132,4723
300,4944
2460,5069
246,4742
3516,4888
434,4746
257,4824
2071,4816
683,4734
3700,4930
1756,4746
3274,4934
3640,2779
3838,40
2887,4679
4373,4968
648,4764
4490,4695
1601,62
1279,4970
2326,62
770,1818
1372,4914
2229,4788
4893,4957
4210,2818
2859,64
4491,283
4087,4954
3647,4887
3034,1840
3069,2789
4043,4941
3432,45
4548,2857
577,1818
1542,2773
2925,80
2686,3882
4102,66
3753,4753
840,4966
2384,2840
4525,4694
2181,4265
3081,2829
1931,4753
477,4732
2940,4765
851,4816
1630,4674
1309,2783
2432,4972
3928,4953
979,1740
721,4857
1863,2826
759,4929
795,4872
4381,2671
1809,4987
1866,4732
2927,4890
2966,4887
2251,2846
3711,4265
3684,40
3766,4876
653,3886
852,4737
2112,38
3464,4733
1981,4675
992,4681
561,1837
3166,318
4418,4987
4700,5075
2233,60
2741,5075
1911,1732
3998,283
3693,55
1672,4791
2043,1838
125,4766
4056,2812
3252,4926
4976,2839
1112,4889
980,2858
2533,4751
4020,2812
188,2811
3443,4800
1216,2814
819,4992
3230,2788
169,4730
234,5
4518,1833
1873,38
609,55
3979,2825
874,1817
471,4777
3636,4939
4642,4672
2454,4947
1385,5073
1025,2825
3583,4697
435,45
4597,145
199,60
4083,4993
1335,4920
3704,4682
365,2838
1355,4912
1168,2847
154,4803
3546,2812
103,4772
4173,4966
655,2856
200,4946
2615,1
1443,48
1035,4728
1721,3912
3130,2855
1916,4921
761,3881
3002,70
2092,66
4652,4820
1035,1732
2804,4885
4181,4769
1010,4728
4196,13
3109,4953
2944,4907
2971,68
1796,4953
4173,4680
3916,42
863,4885
3816,1860
1509,4681
3058,320
827,1857
3753,5070
2532,2867
4454,70
1645,15
2704,1788
1221,1843
1356,1842
1341,1848
4006,4909
5046,4870
4048,4953
411,5064
4354,4654
1492,46
1677,4727
4454,4872
1936,4671
831,4265
2631,4748
338,4879
4113,2848
1384,2848
85,5020
3278,4749
4710,4926
3322,3881
4406,7
4633,65
119,4749
2578,4267
1100,2849
4441,4883
2382,1848
3773,4961
3622,1730
1078,1862
547,2864
2592,4797
3825,4879
4515,4876
3228,4860
496,4929
789,1834
3569,4793
2679,1856
4269,3924
2770,2782
271,4720
3937,52
2544,4903
3941,3880
2791,4931
2679,4249
4120,1896
526,2847
2721,4739
3608,4668
2579,4816
622,4248
3037,4896
3113,285
5014,7
649,4991
1186,4911
534,1857
845,42
1888,4887
2248,4687
3902,4877
3614,4987
959,38
4238,4932
633,4965
277,2839
4081,4766
1591,4669
2806,133
1364,7
3291,145
4107,4885
3064,4779
1811,3882
4798,50
549,285
1199,4879
348,114
2566,1833
763,5018
2662,2856
3047,58
2125,5070
1115,1848
3286,4849
3096,16
345,2776
3496,64
3758,2866
900,4718
906,4920
240,320
4596,1833
4398,2787
3257,3
3466,5065
220,4979
1915,4800
4529,4815
2208,4768
388,3881
2435,1827
528,4735
3246,1861
1089,2800
3910,2794
3923,1849
1935,2781
2010,4906
4434,2782
4726,4746
1820,2835
1040,145
3165,6
1312,1728
1789,2837
2291,3877
3685,4819
192,48
4802,4790
4047,2813
3037,2840
2119,145
306,8
2638,41
3825,4635
1904,2835
2686,4792
1823,3882
2492,5
4591,4987
4139,4772
393,3912
2736,4936
2631,4690
4570,4738
2830,4731
1151,4251
947,4761
641,4860
3500,4746
3141,4956
3443,2839
3989,2765
3861,2808
2232,1855
740,4669
3255,4787
2198,66
158,4885
1110,1837
4648,320
3931,4781
3706,1896
4404,2826
3437,3879
3456,4906
2571,2779
2881,2795
2021,2839
1956,1856
1723,2781
274,4992
1648,2795
25,4772
4585,4916
516,1861
4,113
239,2794
1429,5001
3049,4671
3321,40
2237,133
3236,1835
3059,2837
2729,4250
2359,4723
1459,4907
1685,2810
1576,66
627,4742
942,2846
3216,4969
2899,5063
2469,114
3654,53
2463,4785
2728,4958
1804,114
3946,3886
3939,4850
2324,80
1126,2835
1915,2816
2561,5016
2686,4955
3298,5075
2084,5001
1371,4987
3264,4911
2350,318
650,2856
2521,2808
1089,4987
3005,5066
1298,68
1970,4900
1905,1834
1332,1730
647,4979
1592,2671
4236,2788
4943,4914
4821,2832
3170,4879
3545,1839
2232,4971
3248,4792
1620,4964
3289,47
311,4690
2614,2786
3129,4772
3412,1827
4419,3885
3441,4682
642,2837
2348,1740
1507,4904
3166,4958
981,5004
2517,5063
3714,2798
3858,84
2556,4679
2497,319
5010,55
4006,2790
1992,2796
3811,2848
2948,1742
473,1740
777,80
4269,5063
3898,62
880,4917
3797,2768
3947,4789
3183,2820
961,3915
3264,8
1505,52
44,2824
2926,4817
4587,1730
4411,2866
186,11
3838,2853
3136,2781
2926,285
4625,2835
3738,1846
1706,2790
2949,4903
3834,2857
204,4946
4449,51
4222,2846
1237,2822
4461,5001
2973,2841
2985,4774
2326,2816
2474,2787
4512,4692
2493,2846
3900,4732
1153,4913
4657,2817
3011,117
1083,4784
2672,21
1682,1788
1239,2785
4298,5001
2180,2848
1524,3885
1643,1735
3676,1732
4106,4747
2695,2837
4390,124
3197,4820
422,4860
1273,4696
2995,4763
1243,4749
1119,4760
2077,13
309,4912
4839,5002
5012,1861
618,1847
3383,2829
5032,3877
2601,1849
1093,4680
1496,5065
4278,4803
3091,4831
4479,4904
1370,67
1623,4930
4424,4829
5068,4894
2230,4998
196,4952
3018,4672
3647,4931
399,4944
2218,4265
1165,2860
4223,5074
780,4730
3677,319
1697,1841
2947,4939
2567,4697
2509,4753
383,4694
2908,84
3270,4994
5039,1843
4875,1842
4444,5004
4277,5073
2010,4880
198,4878
4119,4964
1250,4688
619,1834
1718,1816
3561,4783
3553,1818
2187,5000
3623,4891
1456,2839
4263,4697
3350,4772
2142,4817
1121,2855
1813,145
4184,4267
2077,4847
731,41
3956,4250
4518,4969
2598,4786
692,4793
3477,4911
3599,2658
4648,12
2233,2789
3789,1860
1468,4695
936,4768
4020,4958
3764,4788
2738,4730
3104,4824
2146,1728
2006,3913
4089,1862
328,1725
2480,4763
1780,4773
3481,4693
1053,4688
2042,4783
2202,4751
995,4738
1630,2785
1112,4926
4641,1846
403,4904
2392,4860
4576,4792
274,4679
3529,2864
2242,4963
1577,2814
1536,4773
4239,4681
405,4741
2155,4783
248,4791
3686,4634
105,4870
1813,4850
954,2841
795,1833
550,4819
2896,4742
153,60
4379,4993
1233,4947
341,21
1617,60
4333,4953
4977,4861
4313,2867
161,4997
3211,4762
1909,4831
2019,4905
4180,4691
3896,4684
2875,34
796,4921
1414,2857
1968,2827
3868,4753
2576,133
940,116
383,4676
4082,2789
1393,62
730,4926
4980,4988
4557,4765
2323,3885
1747,4896
4429,3913
1083,3615
2778,4952
77,2860
1351,5077
2162,1731
202,62
511,8
3519,2823
1444,4947
4871,1817
1442,3882
139,2839
505,1851
597,4773
1523,3
213,4780
3572,4849
234,4963
3868,2821
2471,4739
2440,4675
2131,4818
949,21
4491,2814
4440,5074
1975,4779
36,2788
983,4669
3340,2822
895,4751
100,45
693,2782
3687,2814
2183,4848
161,1737
2691,6
3612,46
1111,4251
4719,4750
3752,1839
918,21
3088,4937
4646,2795
4526,4979
1260,2860
2117,4786
1702,4789
3656,63
1123,2824
697,2816
3945,2800
715,4750
257,4970
1588,4815
1633,1729
2393,4797
2135,4766
900,124
3123,3881
2539,4747
1859,1837
3228,4970
2435,4737
4361,4771
2893,1861
692,3924
3662,3878
2241,4818
834,4672
293,1849
3133,4856
1781,4742
1465,4680
2616,42
3854,4989
497,4751
3676,4965
3244,1730
667,4673
3782,1832
826,1
1804,58
2530,40
4945,4829
4928,4909
4631,1847
1282,3914
5032,41
516,4986
651,4760
1620,1842
5038,3
573,47
1599,2847
1789,1861
3623,41
2730,5065
2807,4990
1533,7
3272,4673
1236,2818
1598,3
1590,4890
542,4788
1460,4929
1426,4785
492,2867
3904,4689
3042,62
2336,4818
199,4912
4370,60
2623,4770
2755,4944
1253,4673
4480,2856
899,1732
3126,3615
3129,4828
3239,5065
1036,2837
4087,4613
2898,4952
2530,4958
2158,7
1300,62
1354,6
4623,4832
1584,65
474,1832
2444,4831
1557,1734
3979,4914
4495,1733
1180,5075
556,4995
2016,1788
3506,2774
1068,1857
4700,2846
4238,2783
3160,2854
1309,41
1523,5073
594,5063
618,2798
3862,5063
942,4800
3578,1732
1000,4689
1136,4691
490,4739
4289,2817
4034,2855
3863,51
2381,1849
4638,1833
3936,4782
251,4940
2729,4970
2472,4862
1374,3505
1604,4940
899,4681
2366,4912
4478,2800
4350,2821
2059,5016
1247,131
3380,5074
2166,2826
337,4891
2137,4777
1562,4917
3873,4951
646,4779
1567,4723
388,4815
3262,34
2004,2827
4443,4688
3630,4780
2,2796
3483,4830
2529,4829
3999,4862
5047,4921
3463,116
2282,4830
2147,2838
2271,4755
3771,47
2579,1831
2056,4266
4826,5065
2758,2782
2078,4746
1350,4248
1813,4934
396,4855
767,3615
1897,4768
4101,319
1277,4669
3626,5073
2508,64
925,4862
2197,4680
1321,5002
2751,4987
3758,2849
2130,4723
2104,1847
3294,2782
1936,4687
5013,2800
2999,4888
766,4903
361,4934
3965,2843
1016,62
418,4784
3283,4786
1009,4937
3863,3914
4495,2786
1864,4897
3357,4861
5079,2774
3391,69
1367,4765
2685,3924
2192,4994
3173,4692
2620,4788
365,2823
2005,4678
1859,4890
3787,3885
4868,4829
4809,2829
1378,2781
1697,3
2031,4685
3742,4963
3848,2817
3710,4905
1144,4870
2489,4818
4048,4763
1001,4752
3798,3883
637,1817
198,3505
3734,65
1212,4935
807,4855
326,4858
5036,2825
3815,46
3075,4790
2522,4954
1202,1839
4500,4917
641,4720
3606,15
2372,1742
1793,132
4074,4783
3472,5077
889,3886
1114,4913
610,56
4360,2811
4984,4885
4809,70
768,4733
2805,5075
1891,4856
4008,1827
4170,2846
2091,9
1645,2767
3747,52
369,65
4398,2822
2391,4861
2248,4831
856,1731
1058,2671
549,284
4205,5066
229,4803
824,4915
2473,2843
4080,48
834,60
1573,1835
739,4727
2166,4913
3185,4916
3661,2822
2472,2867
3795,4921
488,4936
2068,4902
2988,4682
4441,4892
4376,84
152,4820
1934,3915
2026,4930
673,4995
1942,4251
2819,4791
360,319
3124,4765
2486,9
1716,3881
5003,1748
1225,4689
1151,4793
3738,4900
493,3881
150,2854
4528,1816
876,5065
4045,2829
372,4760
1340,1725
2026,2832
3944,5066
1003,2845
1615,50
372,4879
1527,2808
1452,54
3056,4818
3224,4884
4357,4830
269,4737
2215,4750
2271,4966
437,4250
1031,4762
4539,114
1289,2825
3805,1857
714,4789
3910,2841
3272,51
1552,4910
3112,2790
794,4684
2227,4690
4468,2809
3976,4877
3194,4919
3571,2768
4406,113
3947,4905
5043,4772
3148,2841
2141,11
388,4944
4203,2843
92,2811
4624,218
2976,318
2195,4919
3244,5066
932,4929
3518,4850
1558,2847
2683,4669
864,4727
1576,2787
962,4819
3376,1855
2963,4816
416,4781
3636,4926
4017,4884
1629,2764
3579,4689
568,13
4881,4857
4392,4997
557,21
682,2857
4184,21
1236,4889
1261,3885
4601,4932
3461,11
367,4738
524,4858
1893,1740
2373,4914
1061,4787
2602,4920
1980,1728
2327,4684
1949,4889
434,117
1083,34
502,4693
3377,47
800,4727
801,4888
1026,4797
1184,53
3997,4253
2769,4681
1574,1862
3003,5077
4388,133
3152,131
3405,1733
2056,1748
2761,4848
1662,2865
2090,2862
1444,4249
512,4266
2946,4930
3032,1
2908,2810
3571,3882
4465,49
1593,4848
3607,4862
2120,5069
1964,4908
3556,4817
5052,2844
438,4688
97,4946
2627,2835
4161,1831
3421,4910
2726,4908
3703,4870
4138,4672
1372,4954
2654,3884
890,2837
251,1
3958,1816
1229,56
1987,2848
2758,4971
4630,4849
4083,4954
3016,4832
1633,5073
4181,55
1873,4788
459,124
4712,5075
3840,4970
3455,2658
1325,5000
502,3880
2593,4765
4225,2813
1948,1831
724,4676
429,4682
4658,2817
1443,5016
574,1836
2957,1816
3981,4771
3682,4747
1277,4917
2937,2796
4294,2782
4446,4668
3176,2814
4504,4685
3744,3882
586,4788
994,4782
3046,4773
501,4947
2643,1832
1460,4730
2309,2832
457,2831
4344,3879
375,1835
1906,2789
4959,2865
3976,1726
884,2823
2686,4938
2089,16
3744,4797
2037,5074
192,2849
2907,4248
1107,3879
3283,2833
177,4939
248,2808
3826,2867
1689,1
3115,1838
1186,4930
3437,4734
706,4888
1201,3885
3098,1860
3771,4872
4122,4690
1321,4896
2586,4789
4443,1850
864,4917
2218,4747
3620,5000
1393,1735
2566,65
1217,3505
4010,4729
3243,2849
3573,2768
2369,4766
4553,4781
1097,4909
4203,2823
1419,1834
1667,1846
2089,4879
2107,4728
911,2814
2989,4730
4744,21
3700,4797
1299,4972
1153,4860
3575,4728
3013,2824
3000,63
1989,4766
3837,1735
3927,1861
3333,4971
2636,4877
3939,4736
965,4779
2976,56
914,4900
1125,4952
4136,116
3252,4746
3862,4872
2793,2865
1011,2838
4437,3878
3439,4755
3683,4743
2580,4932
2730,4675
1315,1742
2215,4674
608,5020
3388,2840
1080,51
4532,2764
3763,4264
2278,4936
3164,4779
4808,2849
1128,2817
4871,4889
2288,2810
3188,51
3597,319
3726,1847
323,4613
1886,4908
3206,4914
2904,40
4358,4936
3032,1841
1936,4936
3934,4264
389,4920
3825,3615
2010,4770
1426,4829
4099,4777
480,133
1368,12
3662,2658
2371,4792
1667,4994
2309,42
2038,3885
3757,4792
732,4253
4416,4723
450,3924
507,1837
189,4673
3459,1842
483,4777
3153,4791
4428,4957
4347,319
4214,3914
4296,133
2195,4961
2933,4878
1623,4947
556,4911
2186,4971
449,4730
1784,1862
2926,4850
2211,4961
3968,13
3055,5066
3946,4786
3174,4963
3070,49
2140,46
2905,2785
3419,4671
3853,84
1471,1857
1142,4920
3937,4955
1016,4613
2744,4730
2362,2847
3637,2788
2063,1735
1692,4686
162,132
819,1835
4550,4997
3679,4801
3235,2831
2265,4746
1510,2803
4129,54
3487,8
1555,80
1062,64
2618,1727
3295,4781
4045,4754
725,1842
898,4676
1003,48
2332,5074
1241,4683
3945,283
1420,4878
420,1788
665,2865
2770,4250
1085,131
1789,5
549,2820
4509,4690
3072,4857
1807,4830
874,4870
4329,2824
3225,4908
2034,4250
3126,132
19,2799
3947,2839
4200,4669
3862,2790
2631,5064
1323,3914
2331,1818
3613,4914
3802,4634
875,3615
554,4752
370,4613
23,3881
281,4679
839,4970
417,2848
923,1737
1661,4890
1956,3883
963,2776
297,4890
3548,4914
357,4831
2579,4681
3660,4789
614,1725
267,4613
742,5065
773,1841
3049,117
1491,1808
3034,1731
366,5016
125,1846
759,4931
1013,4735
4927,13
136,3912
1864,2855
1097,4799
2224,2799
3745,2845
351,1726
3722,4736
2257,1742
1437,1849
3809,84
2695,4265
3300,2845
1666,1841
1723,58
653,3884
2112,4672
2424,4946
3131,64
903,4896
4141,1817
856,4678
3314,4920
3152,4669
3825,2816
4158,4764
605,2860
3870,4988
2585,1729
3855,4978
393,2847
3051,4879
3257,4264
1975,4792
2969,2844
146,4790
257,4697
824,2866
3612,61
4294,4801
4479,4250
3132,4995
1686,4900
264,1841
2595,1735
3522,4792
2734,4738
2260,4913
3067,4771
975,4986
480,4951
3936,4673
1442,4784
1189,4677
486,2795
1487,4917
3073,4879
1110,4782
4492,4741
3130,4741
4599,2837
4083,4995
527,4969
4415,2814
3923,4906
3079,4694
4155,1857
2373,4971
1889,4749
2192,1847
3301,4248
2125,4763
3450,4904
3730,4902
4181,2840
3354,4729
3266,4944
2307,4815
1337,2846
3795,1840
4196,15
3215,2783
3105,4969
3622,4858
1481,1843
187,2844
2211,1841
2626,2854
4656,4965
3763,3881
1496,60
1267,4797
3444,2658
4708,49
342,16
3969,4913
959,4908
3509,4937
4589,4775
2637,4818
3046,2818
1270,114
3432,2844
2565,4251
1045,4779
3156,4815
2056,4688
3388,1861
523,4785
4585,2785
714,4720
4233,4931
873,1737
5080,4718
228,3884
1347,5001
427,4955
2738,4979
4022,4935
2599,2658
4345,4688
2550,4760
5028,4882
631,41
5009,63
303,2854
610,4694
1336,2851
1075,4736
300,4727
3671,13
2740,4900
1179,2839
2123,4970
795,218
82,2853
2688,4902
4120,4771
1217,1737
2706,1842
870,283
3138,4847
4631,38
744,2853
3585,4926
955,2839
1067,1841
4139,4776
1955,42
4975,1845
3965,4735
2728,1737
668,4885
2316,4991
1477,4736
2251,4882
3651,4849
165,4995
3293,2854
1474,4979
5050,2843
1034,1860
2184,2860
2556,4669
1510,1857
4445,4735
3799,3912
4623,62
2120,1844
1658,4677
3797,1855
3179,4820
1543,113
5011,4992
2373,4764
610,283
938,124
1916,1843
1109,1843
1065,5018
4556,4789
4463,2838
4657,4819
1573,1834
701,4883
387,4791
2333,4682
3401,2825
1000,4671
4853,4894
291,2856
986,4734
4837,2848
597,2764
3643,4937
501,3879
2194,53
4057,1788
1921,4962
904,2862
1370,4888
4137,4955
1568,2837
1101,4696
3352,2844
612,4932
849,4734
955,4979
2228,4828
2379,1844
1638,2808
587,5077
4422,145
1757,58
1770,4681
4081,2799
3515,61
3088,4817
3208,1849
3845,2788
1432,285
3931,2849
1415,2816
4948,2837
4744,4929
1769,2824
2214,5077
703,4685
624,21
4795,2820
3791,4979
1020,5004
3649,4958
1374,2764
3395,4687
2048,53
1718,2808
1036,4251
1384,4940
1474,5074
3147,3877
834,5064
3766,4856
1270,47
1988,4680
710,5077
3077,4824
1310,2786
4141,3505
4013,2781
3252,4979
818,60
4501,49
1385,2764
4065,4735
3400,2788
4708,4733
3345,51
640,4768
4339,5020
623,4962
1663,4720
1994,2764
2198,51
2535,4787
858,4734
2863,1735
3082,4820
2964,4723
2521,2818
3723,1843
1434,4748
1662,4998
4209,4787
2285,4781
3578,3924
1582,2768
4450,4799
3667,4861
220,4265
5029,1837
4544,4743
3043,4670
1256,4265
450,1837
2382,1818
2222,1731
32,4990
1942,4266
4340,4932
3146,131
4618,3881
3138,5073
3544,4862
2425,4734
3627,4894
4436,2776
1905,4938
1478,4988
2801,4926
3631,4746
2219,4634
1875,4761
991,4930
4513,4266
4019,1847
461,2783
3928,4883
2252,4916
4063,1896
4525,4909
791,4849
3970,2783
757,4635
3721,1731
896,56
3738,5065
2476,2776
3297,4613
4165,52
2712,2796
4483,2823
1153,64
3336,218
4426,4936
2377,4891
2147,2851
4373,2774
3799,4764
1546,4816
197,2823
205,4986
1166,3878
1696,2795
3642,3877
1718,5001
3151,4946
4517,67
2460,2789
3592,4972
2390,4918
410,4634
618,4935
5023,3913
1681,62
3997,4800
3041,4847
2547,4856
1758,60
1529,4884
700,1728
409,4770
878,2824
813,11
1797,3881
2125,4929
751,4891
2297,4946
3742,116
4624,1731
2148,2788
625,2783
1924,4951
1049,4718
4577,1831
4881,4987
1584,1735
2163,1845
1539,4654
1100,4770
2718,1729
1655,2846
92,4990
1526,4785
4113,4990
4536,2810
1220,4750
2225,4674
1905,5077
2451,1730
4559,60
2636,4862
1482,2839
3907,5018
4044,2838
2385,2803
185,49
1217,12
838,4957
2096,1732
1201,285
3350,4635
4337,1835
1450,4870
2443,1731
2662,4992
2040,4932
3826,2864
2553,4801
4053,69
1275,2853
1137,4749
4539,4681
3226,4748
3006,4635
1388,66
2320,11
1297,5
1961,46
2597,41
1303,4723
2355,4986
1344,56
4319,4848
1426,4987
2938,1833
90,4681
3449,4749
3097,2784
4659,4940
2220,4907
1756,3885
4270,1833
2562,4987
871,4951
2746,4978
2250,4677
1599,4776
445,1832
701,4937
1060,2671
3564,5063
2462,2818
2941,5077
724,4683
134,4917
3089,2785
73,2827
2183,1840
3389,4685
2105,4673
2579,2795
4295,4675
1931,2855
1449,2849
3783,4909
2654,1788
286,4862
2196,4978
2644,2866
982,2816
1745,2820
3337,4889
4263,3
4352,2837
3827,4947
3701,4918
2581,4737
782,4754
1716,65
89,4729
2891,2774
1298,2810
690,1831
2966,4878
4967,4734
3491,1842
2400,5063
2139,49
2082,2658
246,4747
2476,3882
17,4847
2692,4797
2561,1816
455,4832
112,5066
2564,133
2066,1816
923,4729
1327,2794
1445,4820
3814,4953
3449,4654
1890,5069
1304,4941
2403,4688
3552,318
2358,1729
3905,64
4219,4962
3442,2814
2458,4915
3119,1836
3755,4775
398,1788
1198,1727
3055,4855
1085,5075
3792,1726
679,4774
4510,4790
2481,4770
299,4695
291,63
3439,4957
609,40
1813,4848
3163,5
2965,2823
3078,46
5060,4832
1745,5
558,3882
3921,4777
780,5019
1081,4914
2496,1742
4322,3915
1242,3877
4131,4905
1528,2786
2686,4997
1016,4759
3487,2839
3509,4784
1744,4883
4662,63
2474,4904
2288,2827
1875,4818
2744,2855
184,1734
933,1831
547,4830
4177,4735
202,60
2006,2773
456,2820
2968,2782
2070,4695
4218,4737
2071,4732
2995,2823
3524,4882
4147,4743
1114,4937
4315,4870
1760,4817
727,4820
3209,4785
1743,4786
428,1725
3929,4675
3443,116
4621,4991
1592,4830
1983,1734
1269,1844
4488,3
403,115
2292,2808
4595,1838
1544,62
3143,4958
4648,4733
2279,4880
4651,4686
720,84
3975,4828
3251,64
470,4673
530,4264
1123,4900
237,4885
4278,117
2815,1
1511,2798
4384,5018
865,1740
4114,4930
387,1844
3586,1748
3679,145
2948,4781
1103,4801
4525,4785
1429,4958
754,4966
3983,4935
500,4815
2815,4992
1026,5073
4029,4784
3423,4801
1230,4970
2437,4267
2455,4828
4581,4934
2719,4979
3087,4793
381,63
100,4750
4841,41
685,2811
3147,4739
786,4829
3157,4677
2770,4831
658,1845
1070,4930
2285,319
2908,1862
2555,4858
2194,4694
590,3914
2601,2831
1582,4979
4284,1846
3816,84
2173,2774
1007,61
4352,4613
4469,3878
234,4800
3706,4720
2416,4697
3991,2835
3932,4671
3247,1847
907,4677
485,4689
36,4878
4589,1840
3891,4760
1810,2845
3007,4685
3280,1850
3503,1842
463,4754
2355,4919
2900,49
1190,4613
3086,1846
3851,1860
2999,319
614,4774
4948,1748
2228,4916
1951,2767
1389,4955
2120,1896
4097,6
2201,4993
2043,4997
3857,4858
3473,5069
4446,115
3362,4910
4611,4964
1005,4791
1986,2790
219,4635
3702,1816
1990,8
1775,84
1684,21
2053,4267
1869,47
353,5073
1826,3914
209,4930
2922,1838
5051,4676
567,4783
3573,4688
144,4879
1265,2810
3945,3615
20,4815
2690,3886
3971,2843
2365,4688
2473,46
1037,2818
400,2820
4505,4774
2933,4253
3775,12
2022,4675
886,4905
585,285
774,2839
4207,4690
763,4677
871,4828
3211,2799
3215,69
3856,2776
3743,4671
3352,3913
2036,3
255,68
28,4695
5082,41
4854,4654
821,3913
4722,1862
661,5002
3270,4856
3055,41
497,2765
4505,40
4625,2811
4468,1742
1822,1729
2956,5063
4809,4739
869,4781
3763,283
3382,4944
4834,4749
2701,50
3267,4679
1932,4791
3527,4692
619,4775
3740,4817
1102,2832
1043,4915
4233,4930
2617,5070
4551,4735
584,4913
649,69
3580,45
1388,1788
4577,2849
3286,4693
1124,4800
2151,2787
280,4755
4586,3883
5011,4947
3728,1855
2932,1816
5051,4690
1262,4889
3675,2796
400,4956
3251,4249
4236,4785
2918,4962
4004,4675
2754,2799
4713,50
670,4946
1154,4731
307,4830
3190,4675
2343,4675
4423,2831
3396,4755
1131,2853
2974,4771
4004,5074
122,2839
533,55
333,49
620,2865
1619,4739
3446,4775
4439,4870
2187,5074
1469,6
4507,4696
827,4792
2121,3912
3657,4917
864,1734
157,4780
2080,4742
1207,4736
4133,4783
146,3881
4641,8
3011,2825
2414,2658
1401,4860
3692,1729
3204,4678
1978,4887
3278,4979
1654,4908
3057,4907
4745,4904
4381,4929
2589,4673
1682,2781
4134,2818
2736,2799
4515,4720
3441,4749
5028,3880
2031,1849
4278,4763
4640,46
1258,4880
1549,218
2303,4783
5060,113
5041,1725
2395,4912
4950,4914
2100,9
4714,4884
534,4968
4553,2853
3383,4998
902,4876
2569,6
1346,4696
1041,4763
840,4900
4577,4885
3781,4682
5050,1844
4122,2817
471,4671
4228,1732
981,4675
181,1737
152,45
3554,4793
3636,4680
1174,4907
1751,4941
559,2800
1227,1862
3235,4613
4078,3915
2170,4889
902,4654
925,4914
4806,40
1055,68
984,2811
2894,4850
2291,4955
1965,4997
4066,2839
696,4907
2579,1748
1819,4668
3589,61
2272,4930
3909,4958
275,1843
275,7
2648,69
22,1808
2219,2787
2025,4926
1665,2790
3368,2844
755,1728
4660,1861
3842,2862
4701,2671
2205,1733
3923,3881
4124,4862
2683,4686
2668,2765
3223,1835
1961,66
1167,4929
3687,4894
4400,4249
1694,4761
2420,4751
441,4904
982,1856
4643,2789
1021,5020
3550,4730
1079,4880
1852,3
3317,40
4160,145
3145,4695
2724,4761
3621,4995
970,318
1929,1
4534,4909
3697,2855
1500,4829
3119,4800
1503,4879
3794,2833
1770,4792
828,4751
1889,115
1610,2798
729,1857
3934,2826
2328,2858
2026,60
3056,42
4076,4878
3205,133
832,4729
2415,131
2979,4769
2185,284
4585,1847
4347,1840
2288,4790
469,4969
1756,116
3412,4742
707,4785
3699,4939
297,2855
5034,5000
109,2817
2276,4879
634,2838
4063,3877
1720,4847
2200,1732
2236,1832
4067,4988
3137,4681
1011,1846
1232,4750
679,4797
4260,2817
1897,4748
4417,1848
2309,69
3950,2864
4135,4993
1910,2829
3302,4897
1104,4680
527,2837
2959,63
4028,3912
3269,5070
26,5064
35,9
376,2776
2889,4991
1805,84
2323,4737
3244,4681
843,4787
2452,4654
4715,4781
1992,1817
1009,4965
4069,133
2343,2829
1289,67
5015,4957
4575,4954
241,4888
2345,4683
1146,4779
648,4914
1514,4992
4366,3924
2355,4737
1088,1731
176,4728
1195,1817
495,113
1266,4791
4487,4954
2321,42
1052,4733
5047,3883
343,61
2409,4694
372,4862
3314,4753
1967,4997
4020,4772
738,4750
764,2809
2703,4913
2129,8
4199,117
4518,4978
5007,34
125,4723
2025,5001
4391,1849
4950,1860
485,4763
1342,2835
1670,5004
4483,4890
1295,1861
2282,1827
4124,4691
4555,48
2131,4776
2150,4818
4330,4926
5023,2823
2311,1734
230,1856
237,4912
1323,4695
414,319
1383,4831
1205,2768
442,2794
1936,2862
729,4937
2551,1840
3099,1838
1555,5018
1882,2787
1894,4792
1488,4916
3577,4879
4898,4879
1075,4938
563,2817
74,284
4054,1845
4238,2838
4487,3886
4717,1847
1621,3924
2220,1742
4863,285
1828,8
2894,4670
1640,4790
2474,4903
57,4997
3897,4953
598,2821
86,4935
3139,4944
1865,5
2103,3878
1018,70
3295,320
1629,4764
1025,4918
3802,52
3818,4774
2546,4730
1784,34
1304,1836
36,1816
947,4695
20,133
4448,4264
950,2826
4843,1843
1250,4785
963,1861
4018,4897
4390,2862
1907,2846
5081,4779
2937,4734
2406,4892
1511,4955
1610,4816
1192,5065
1416,4872
165,4954
1774,2816
2890,84
903,4828
2249,1842
4061,4783
2138,4819
1680,2855
1668,4861
278,1731
4447,4934
915,4956
575,4880
111,1855
1736,3882
1927,1817
3279,4253
2270,4926
2416,2841
1685,3505
1547,4978
3142,4890
1913,80
4311,2821
631,2853
3952,1834
1479,4890
1283,4781
3003,4786
3412,4958
1204,2795
1328,4695
3204,2829
2382,1857
1700,5004
2430,4734
1886,4691
2934,2812
2019,2864
3300,4738
1595,285
1428,1850
2460,2847
2368,4694
5025,4728
1660,4799
2049,4848
1395,4728
743,2853
993,4966
4573,66
3112,3879
1040,5070
33,4958
3813,4829
2645,13
2271,4907
4826,4929
4149,2811
577,4880
3257,4915
2072,69
4224,4952
4703,4858
1117,4673
2325,4746
949,2768
1664,1732
4967,4860
3234,4760
4128,4675
1920,4994
439,2866
5052,4799
4060,1860
3537,4966
3906,4723
4556,3885
4134,1
276,4929
3149,2811
3592,4264
847,114
1616,3885
2505,1831
4381,4891
1474,4669
273,1737
1245,4265
360,4790
1708,4679
1943,4790
891,13
1900,1861
3840,4934
1633,1734
138,2843
3702,4747
2510,41
1481,4883
2160,4935
860,4773
2043,4820
2375,47
179,38
2225,4797
4865,4749
3858,3886
1467,2803
2320,4759
1510,67
912,1742
1527,4934
3107,2865
3984,12
668,1733
3471,1740
3211,3914
4596,3884
4051,4937
93,2855
4895,2854
476,4784
2642,4876
4239,2782
3113,3912
1373,1748
3933,4938
2089,124
4077,114
4319,2841
3097,2818
3103,4926
1787,4771
1273,4905
2721,4692
2219,1840
3454,3884
3792,4678
3328,4891
623,12
3994,4788
3794,4994
4174,4932
4524,4678
554,4940
2582,2853
3713,4751
2661,4728
595,4994
995,4946
2885,4885
428,4912
3080,4689
912,4793
3473,46
996,1
1706,318
3986,4876
1577,4962
1823,1839
2306,4266
616,116
4823,4782
3122,4678
964,3884
3440,4686
1753,3880
2560,4670
3943,1896
608,2658
4949,7
4626,42
1981,2843
3982,4991
1252,1732
190,4776
4182,3877
4362,50
1553,1845
5051,4679
685,7
1669,4954
3786,1838
3665,55
3643,4764
528,4774
1115,4730
495,56
2218,2858
2129,4672
441,4684
2649,2811
1559,4730
1395,2765
3932,1856
4168,4782
1053,2866
2411,4926
3441,4903
2943,4265
3039,2862
2694,4800
2896,4887
2440,4755
2973,4749
1899,5019
906,4673
2225,4890
2645,3884
88,4800
2998,4799
2068,4686
2467,4901
3673,5002
4647,3
3568,11
4234,4894
2668,1729
3249,4966
903,4769
4212,56
192,4782
3284,319
4810,2867
4133,4877
601,4870
4610,13
2545,4931
3971,2781
4309,4753
3605,4876
885,4903
3518,1734
618,4991
3080,4654
2956,65
1104,4735
768,2841
1300,2658
1434,4790
958,4904
1476,4944
4149,4926
4403,2671
4561,34
140,4734
2641,2841
3888,4820
4156,2829
2804,4818
3762,4776
3729,4891
4345,4694
2378,4929
3708,4986
4871,84
3675,1847
1546,5
3180,2799
3401,2798
4344,2855
784,2824
3246,4914
3672,4741
4591,3615
4000,4792
1196,4915
3842,5069
1521,3
1307,2846
4071,1841
520,70
4745,4857
3023,2831
721,4680
998,4673
3997,1855
3568,4936
103,4903
2196,4907
4396,4773
1212,4930
2706,70
1173,6
484,2658
4577,4693
468,2764
767,3880
1491,4752
3457,3885
1622,4876
1161,1737
2394,4997
3008,2789
4180,5074
2975,1827
3486,4679
2873,1833
3165,4689
3975,4768
2429,4765
2525,2866
3299,4781
749,4878
4395,3912
2216,4907
3859,4248
4530,4752
2081,4680
2533,4783
1956,4931
2392,4791
2708,4741
4341,4850
1197,4800
3209,283
4255,5064
2769,284
1630,4963
3042,2824
2406,21
2469,4691
3982,4955
4704,2832
905,2846
481,5065
4798,1808
1201,132
1966,2774
3158,4770
745,4968
816,5000
4281,4742
601,4774
4317,4906
3780,4249
1029,5077
127,4791
3768,4801
2676,113
2217,12
3165,4880
1379,56
3377,50
4948,2839
106,4901
567,4688
3582,117
4161,4748
1619,4752
1273,4966
3812,1808
961,4677
2420,2826
2010,4680
2863,114
142,4878
4023,12
4239,115
201,4741
4055,4749
2382,4962
4974,1896
3005,4901
1023,4830
1089,4894
4057,1808
4143,1837
4175,4675
1121,4944
3119,4992
2742,1808
29,11
1508,4695
4609,4934
1067,283
3483,62
5034,4886
2159,4752
1689,4777
611,4908
3899,5016
2070,12
3953,1729
4395,4762
3113,1808
532,5020
1339,4778
1902,1818
2184,4732
783,68
4642,2813
1556,3
4386,1855
314,4896
1415,4774
803,1
3413,1832
4597,67
2311,16
4447,4770
1520,4879
2910,4965
1912,4684
465,2798
3738,4917
1255,2784
861,4777
1392,2846
1982,4969
950,5018
1526,4773
820,285
1216,1840
3129,5070
2925,4861
4090,1841
2230,4683
217,4904
3158,2817
1294,61
358,2821
3206,2867
17,2799
885,4730
541,4947
3926,54
2830,4830
2495,58
1107,4879
4205,1735
2627,4691
722,4265
3750,3505
4874,3912
3284,4695
4465,3881
872,2796
4814,2788
3163,5074
2557,1844
3416,2821
3646,4680
1663,4755
4255,4750
637,4736
2090,4788
4358,4749
4001,4906
252,1735
4548,4993
2150,4784
649,4729
1149,5019
2405,1855
722,1827
4503,2768
788,4920
4090,4832
3107,4820
645,4749
1220,4955
2259,4888
4009,4669
2514,4775
194,4694
2956,1726
4807,49
1921,1728
2264,320
1858,4731
2596,65
1131,1862
4822,4992
520,4729
889,4849
103,4763
1146,1725
3652,4676
1549,1850
4434,4772
2753,4783
4307,4792
3010,4992
2683,4906
1106,4743
3305,5002
3854,5019
4150,3879
2878,132
2309,2845
1196,2851
548,2812
3524,4777
848,4906
3633,284
1083,53
1703,1836
4583,2776
4068,4731
1047,4917
1096,1842
2232,2839
267,1842
1456,4792
170,4829
1865,4761
3108,2795
1502,1734
1886,4251
2313,4792
432,4747
3000,4755
712,2786
3450,4672
2077,4746
298,4755
3659,2838
3365,4888
4609,4913
1524,3881
2893,4765
1521,4908
1402,113
515,4944
690,21
1950,4824
2537,4800
668,4856
4984,9
4235,1831
1162,2853
2305,1857
2481,4901
3517,4670
4165,1862
1001,1827
2090,4774
2122,1816
841,16
4120,4897
4088,4693
4550,133
4196,4971
1494,1827
184,4894
1254,4681
2521,48
746,3877
3769,4785
3066,4916
3303,4803
3648,2773
85,4801
891,4978
3798,1841
1226,4787
2624,3879
1267,4248
2594,4962
78,4739
4458,4887
1204,4914
85,4786
2133,1816
1285,4266
3929,4900
1950,4878
4220,4861
4566,5073
1296,2856
742,4896
2540,4850
526,1728
548,2786
5061,4828
1669,34
2039,62
2739,1833
1636,2788
2255,4693
1362,4251
3971,4882
4967,16
1291,1845
2277,1851
638,4723
1625,1845
4618,4765
257,4801
2005,5070
3713,4770
298,4741
614,4905
3046,4265
3922,4965
4202,45
2527,2789
3229,4736
2569,4860
4563,4888
384,4966
2703,2790
3629,124
2714,4681
1290,4910
3681,2854
1773,4734
778,4695
2879,53
2317,4671
738,283
287,2824
4172,3886
1943,1855
4645,4683
3780,15
4214,145
2593,2833
3308,2790
4409,4986
950,4775
3440,1818
4076,4253
3565,2857
4346,4816
3426,1861
4812,4790
29,4987
2354,4759
545,4994
3339,3882
1970,54
1081,4912
4302,4848
653,1816
3997,4691
4562,4952
4473,1831
1235,2776
1366,4883
2333,4769
186,2783
3527,4249
4404,4906
5006,1845
1514,4946
3414,2835
3926,4732
2490,8
2054,4634
402,4267
5054,1837
4043,4784
4023,4676
2793,2848
377,4990
4154,4788
582,4907
2404,1861
90,4253
2937,1848
788,4769
236,4902
2255,4778
938,5016
694,50
2921,4862
2149,2773
407,4986
2036,4753
192,2816
2802,1731
1419,3880
26,1827
1741,4784
2931,4677
694,4787
492,4786
2050,3885
4542,4266
980,124
993,4679
2135,2811
4290,1733
192,4675
1068,41
2870,4832
529,5074
4067,4920
4177,4264
1173,2784
4129,4890
1065,1845
887,2795
3696,4681
1773,4720
304,5020
1613,5019
1478,4862
2472,1844
1978,4830
930,2821
2058,4886
4421,4829
910,1725
4073,13
4136,4248
1594,4910
3024,2858
1245,4264
1943,4785
4655,4766
2194,3886
1404,2851
1890,1834
3742,49
3928,13
669,4738
4234,116
1854,5016
4570,2808
317,4904
27,5070
1585,1735
1157,16
4255,2867
2446,5074
1238,69
3758,5069
2968,4761
2450,2768
1761,6
593,4790
3827,4736
3164,2855
945,4654
2231,4857
1086,2779
1105,4741
223,4978
1436,4919
1133,2788
3893,3912
1278,4989
2103,4693
3229,4930
733,4941
3824,4782
3037,1732
29,2767
1879,4888
827,1846
4802,2790
2123,4670
414,4693
302,114
3536,2824
4652,1848
631,4905
3335,68
706,4941
4512,1855
1088,3615
1660,1837
3195,2847
789,4909
3168,4687
2566,1862
2422,2838
4556,2821
1608,4264
345,1
939,5019
799,4916
3646,4755
29,4782
316,1836
1553,49
19,5001
695,60
5081,2789
3034,4995
2939,2860
1028,5069
2584,4686
627,4771
834,4782
612,1831
1031,2837
3868,4849
1724,2782
4162,2822
1080,113
797,2825
4598,4251
3698,4891
120,4847
1928,319
3078,4994
3715,1737
1815,4847
803,4678
3228,4634
3295,4989
2556,4932
4841,1851
3061,2785
515,4746
2566,4746
4399,1731
1659,4883
869,1816
4807,4793
459,4896
1824,4940
4229,84
3935,4909
5033,2845
3436,4754
2960,2812
4922,4778
4298,4730
2170,3915
2546,41
2086,4954
1250,4964
1792,1788
2177,2773
3728,4934
4833,2838
3201,4887
3032,4828
3953,2813
4804,1733
214,4762
1264,4957
1199,63
2944,4686
2982,4862
2507,2844
4844,4817
2340,1846
500,4879
479,2773
2675,4735
2948,4860
4015,4856
2170,4800
481,4941
2009,4965
4133,4248
360,4755
2544,4847
4643,4250
381,80
4261,4900
1873,4732
2286,4670
804,4819
289,5004
2657,2779
4089,1734
2935,4994
2686,5073
128,1861
1446,5019
1824,4732
1401,4919
518,4819
1220,4775
1773,2774
3293,5074
2500,4691
4133,4683
1698,2783
3848,4971
2526,3913
4090,4873
4268,4979
1720,1849
2941,64
847,4998
4489,4970
2883,4723
2868,5000
2975,4692
4482,4654
488,4848
2522,4902
4826,1849
1910,2794
4842,4613
1277,1831
4656,2864
1290,4996
1491,4755
4384,4729
22,2796
2703,4990
3148,4679
4441,2790
2559,4684
5037,4690
126,2864
3392,2826
4001,5020
3951,4654
118,4693
3919,4817
2945,4917
2954,133
1765,4784
4036,4850
622,2820
4526,4914
4289,4781
4809,4892
2239,4954
791,2825
3526,2772
3575,1748
5017,4718
255,4916
2538,3
2522,1842
2172,4735
3855,2829
3166,4737
5067,4778
2587,1844
1326,51
1256,1
3996,5066
3671,4765
1166,4992
3180,2782
3377,4786
3999,4907
2602,2856
3414,4727
4082,4994
1480,4886
4190,4681
3143,2829
4852,4734
1540,4782
2144,4907
862,4671
1931,4782
1417,2840
205,3882
2355,4820
1014,66
783,2841
637,115
3380,4897
3649,4947
2557,4727
2079,4892
3184,4998
3492,4989
1276,4882
5017,4958
2451,2803
1711,2658
1046,4886
2744,4883
1351,4654
3361,4689
3027,4677
799,2764
371,4879
2461,4684
997,3886
206,4940
4207,5063
703,4908
2336,4991
3889,2810
4712,4954
4415,4929
2957,2796
2971,5018
1608,5069
2722,5065
612,3880
1515,4936
1944,4890
3359,4952
2280,5074
4630,2822
3787,4885
3449,117
3970,4952
777,1734
1799,3913
911,4748
348,2840
3888,4849
2650,56
2608,1832
1219,3924
174,4952
1448,4755
4146,1734
2967,4800
2922,46
1525,4944
2372,3
3559,4886
3454,5074
3179,4978
4386,4817
3338,1730
934,1861
3004,4683
2018,3913
4553,117
4201,5001
3125,4931
4277,4969
4110,2831
782,4789
2558,4819
3672,4992
3572,1808
1758,2843
444,2808
1680,4971
257,1827
692,4770
4983,4727
4182,4964
1652,7
3790,2764
4147,4815
4382,4828
3854,131
1482,4957
518,49
456,3877
3370,4797
3057,4932
4454,1861
767,2854
4667,4920
3123,1808
4169,4789
316,2844
1014,4684
3416,2822
2962,4817
919,1833
4555,4918
4000,4998
2859,4986
4211,2799
1711,4968
3719,42
3301,55
477,2831
2201,3914
2033,4997
3055,4685
1944,4968
4072,4738
5082,4931
3213,124
1380,55
2468,4886
824,4674
2472,5020
606,4947
887,1
3522,4718
3383,2776
1623,4920
1042,2858
3692,84
75,49
1156,2865
248,1861
3415,4962
2376,116
3009,4850
4666,2783
2515,4751
2254,117
2688,4964
4945,4858
1336,4918
2715,2825
3429,4738
3399,285
476,4824
202,4735
2477,4791
23,4735
1151,4654
3498,4678
3629,4954
3191,4855
4438,16
4181,2781
4895,2799
1418,1843
4177,2840
2870,50
1924,131
371,5069
2901,4902
1638,145
4202,1855
2558,4908
272,3505
1873,3912
2189,3886
3751,4696
583,4772
3858,1862
349,4879
1529,5065
2094,5000
5067,4966
2695,1737
2030,5020
555,42
843,4677
3083,5064
3120,4958
3139,4768
2927,2772
849,4894
4541,4958
190,4913
2257,2776
2187,2817
1074,2835
1578,4634
4488,4955
2041,4969
1165,1856
3000,84
556,4917
3579,4992
3405,1847
872,4781
3137,4987
969,4803
924,3
3786,4885
4922,2788
4629,4816
1583,1737
3871,2837
530,4958
3535,4783
1552,1735
605,4688
286,2779
3291,285
3235,283
93,4903
3440,2853
2493,4989
2075,4686
2534,4764
718,56
1054,2856
2103,4803
1261,8
1720,2796
4009,2847
1417,2854
3366,5070
2137,4855
2656,4673
3260,4671
2328,116
2457,4915
1560,1818
4351,4849
78,2785
2211,4787
3481,4783
4433,4877
1252,4799
4973,4747
4571,2816
1492,4848
4141,2776
4011,4773
4433,4766
2336,1837
4548,4951
3899,4676
4503,320
1627,2846
1263,4819
2673,4944
289,4747
571,4694
1222,46
1284,4267
1712,4774
3946,1808
4507,50
3666,4696
2877,2847
4590,4920
324,56
2634,2784
3498,5001
1189,4670
3810,60
1174,47
4144,1730
439,2786
1515,4672
175,4267
4392,4947
2322,4787
4557,3880
3350,2790
5024,4969
2177,1835
4666,2803
1045,1842
3529,2790
3696,2764
3873,117
1478,4937
3653,2789
2144,5075
1525,4791
434,2779
3768,4858
3148,4831
3050,5070
1584,2767
4221,1742
4069,4897
271,4741
1807,133
3763,4993
1041,1732
2296,4777
2449,1896
4960,2816
5082,4763
97,1838
2342,4958
4622,4763
5068,2846
2550,4253
1221,4769
4011,4755
2193,4689
1360,3879
816,1861
4475,5019
4191,50
1325,4920
186,4801
4454,4966
2576,4681
4080,2781
4562,132
138,4857
4140,4914
1900,1840
2706,3912
706,2776
2138,2822
36,3881
1693,2845
1347,131
2540,2843
2029,2767
2599,56
2640,55
2685,3915
3693,1734
2030,4250
3168,4752
4372,4870
4609,7
3857,1818
4321,4970
2110,1843
111,4741
4621,4778
3850,2787
3577,4905
3685,8
1339,4674
3344,4742
4898,2813
1664,4800
1231,56
375,4991
933,1861
2732,4857
5021,4683
187,4944
3197,4929
557,4882
4477,4824
4960,4862
766,4729
3739,4681
1879,2811
656,2833
256,4987
423,4801
1040,4670
2877,9
4572,4951
4193,4782
4632,4944
2521,4780
4517,4952
4051,4920
2354,70
4545,4774
3774,80
1769,4670
1936,4889
2870,4672
2339,4248
4318,4748
471,2867
640,2772
4474,4829
3678,4919
707,4747
134,4693
2171,4909
969,4926
1195,4789
2669,2847
1131,2796
773,4733
2667,4998
1756,4613
2498,4912
3806,2849
4164,2858
1916,1835
4016,4996
3488,1817
2072,3505
770,4885
1487,4992
4041,5020
341,67
5060,4784
2930,1818
3958,1860
4235,1729
3356,2816
693,4678
3010,56
3223,4769
899,4782
517,4963
3896,4862
1380,4775
4407,2821
1110,4770
4210,1731
1715,2790
3094,2658
509,8
3963,1839
1685,4695
2106,4931
3081,3914
987,2855
4234,4782
684,4817
484,2840
1629,4910
186,2800
1149,4772
1903,4773
1490,116
4376,4692
469,4718
2930,4672
1284,4668
1541,1841
2495,4755
774,2826
1575,4743
1086,8
1963,2839
3245,4956
4558,4768
4650,1729
2641,4793
4487,4764
1075,4692
1680,4882
3109,4931
1276,5016
3566,4668
3728,3877
3570,4739
3759,4887
2925,1731
1161,4917
89,2867
3713,4718
457,4803
1578,51
1045,40
3329,4786
2683,2823
3529,4816
998,4791
3665,4694
2990,1731
971,4850
1216,4797
1003,16
4552,5016
1595,4654
3730,47
4056,2768
1458,68
2876,4995
3676,4788
150,4872
4091,1832
2970,48
4838,2671
3669,4952
4744,66
357,2768
3255,4939
3053,4911
3551,4954
3960,4847
260,45
3988,7
4840,5064
2083,70
2258,4914
3692,4779
2459,4831
3920,2835
3635,116
1467,1846
703,2858
3272,2788
1010,2829
1283,4857
3996,4964
4230,4765
1341,4958
1106,4783
1918,1731
1299,113
3749,5073
4328,1855
1230,1729
1989,64
3746,2786
2131,4916
4146,4737
498,4695
2686,4897
3701,4986
1974,4920
3434,49
3081,4917
2523,4879
143,4789
918,5075
3223,1731
4420,4791
3934,3914
3907,284
5030,2841
4337,4876
3148,4849
2645,2789
3525,2811
641,4683
4643,1732
1394,3924
4232,4783
2202,4654
5046,4987
3324,2845
1394,4996
3156,4970
1943,2862
3655,4830
2348,4849
2340,56
2083,2813
5027,4989
4719,4686
903,4753
3543,68
1934,145
4703,1896
2898,4921
2113,4759
1610,2855
4556,2779
3159,4732
4311,4765
1069,1850
1863,5063
2131,3886
768,4752
3600,4954
1140,4915
2709,2865
2183,4694
3063,4742
4592,1831
2966,62
2269,4680
1873,4828
4018,70
3062,3880
2066,5074
3020,4669
4270,4776
3964,4691
671,42
1823,4668
4581,4969
2110,4908
1662,4986
3917,4674
1223,2837
815,4952
1243,4885
3828,5077
2312,2765
990,2786
3796,4929
2180,3505
2301,1
1490,4755
4434,319
5040,1838
3938,4654
4177,4676
3037,4763
1637,5001
3721,2829
637,114
3281,2822
1057,4887
2686,4770
3753,4995
3037,4876
1964,4772
3635,4908
2123,4730
1088,1847
3535,4920
2350,16
4514,1727
581,2840
1067,285
1119,218
1905,4760
2212,4793
4344,4993
2538,1847
2588,1855
525,4781
4156,4253
2197,4727
5055,4912
1032,4896
924,1827
2930,1840
1626,4862
3215,4797
366,1856
3312,4783
923,4958
3771,4670
1698,4803
4117,4748
2673,5019
287,4831
1542,40
3165,3880
4177,60
2917,2865
1517,4997
1670,4693
1193,4951
2085,5070
1346,1
3777,2853
672,48
2023,4938
1240,4769
4495,4878
3559,2813
2499,4954
3513,4860
1649,4900
3465,2855
253,4689
1234,2784
4331,42
2052,5065
3857,4992
4405,4669
2234,1832
3660,145
3175,2783
1987,1843
400,4697
349,4634
2901,4883
4603,4765
3786,2847
3644,4850
802,4819
3449,2846
508,4848
3799,4907
2850,21
3961,2809
2327,4905
1717,4990
3809,4680
728,4855
1637,2838
2251,4914
2692,4692
1799,4968
3444,3886
3601,4879
2752,52
2256,41
1018,4736
2511,21
4744,2783
3965,4961
475,4938
2778,2814
816,1851
3805,4248
1274,4970
558,4917
3701,4754
4093,58
972,2824
3997,4828
2292,4921
2955,4799
1258,4979
3010,3924
1391,4669
1210,2823
1878,4732
264,2854
2129,1860
2078,4870
4387,4910
1775,4763
5037,320
4282,4686
5056,4885
3079,4762
74,4682
2372,3886
4088,1818
4,2765
3035,5002
564,4668
2007,2837
3994,114
1980,319
843,132
3029,2773
3349,4885
4063,4937
940,2798
4165,145
1464,4849
224,1816
2432,4920
3690,4748
1294,13
2445,70
1621,4766
4442,4778
1240,2785
797,4926
3899,4824
1058,5000
1091,2848
3271,2776
294,320
4229,2810
679,4831
4278,4906
4306,11
1137,4882
2755,15
710,4932
2504,2829
766,2831
151,4765
838,1834
173,4752
3894,7
2151,145
1828,1727
2012,3878
925,2822
3609,4861
5084,4799
2118,4914
2019,1836
3847,4687
897,1827
32,4911
1584,3913
750,4819
4377,4248
1423,4781
1805,67
3104,4882
2307,5066
3748,4781
2459,4743
2643,54
2143,2772
2486,4769
2231,2809
2288,2833
3244,1748
1624,5064
421,4991
671,2856
273,7
2630,4678
1982,1844
1011,2845
344,61
3976,1730
3041,3505
1166,2767
3148,4778
3383,4763
5062,2799
1706,4860
1745,4882
1622,1748
752,4785
272,4720
4093,4733
3175,4986
1905,60
1787,4760
3442,2840
2649,4248
4065,2811
4709,1862
4806,2784
3296,4876
4275,1730
1645,50
1448,2844
3909,4897
882,4680
2303,21
1696,5064
1491,4682
3382,4990
1895,2772
3144,13
186,1729
416,2840
2323,1860
2348,4793
4040,4799
1348,2843
1474,4791
1358,1818
1133,4829
2891,4878
4710,4891
3331,1818
3334,2821
4593,1733
1652,1850
2617,2768
1632,4847
2674,4751
620,4679
2018,4734
972,2860
4357,3885
1664,114
3075,53
1705,2812
1829,1816
5008,4763
1254,4729
4644,4249
1578,1844
1129,4996
2182,2843
2697,5
1417,38
3082,4681
396,5000
172,117
3354,2773
1286,5074
4190,47
295,4687
2411,2821
4511,5001
4721,4672
2569,67
1957,4946
655,4682
648,116
788,4668
3532,80
4717,4915
2062,3924
2974,4697
1143,1848
3712,2658
3828,4251
198,2795
427,1896
1550,4697
2210,8
3416,4880
812,4979
4975,4673
2325,1833
1195,2849
2356,4966
4122,4753
4399,1833
2368,42
3872,4777
1039,1838
4417,4766
4810,3877
1349,4932
3564,1851
984,4828
1991,56
415,2831
4143,4799
4074,4818
3589,2862
4297,4670
4079,4946
1430,1734
563,4832
4390,4913
2017,4801
2013,2843
24,4979
2717,4690
265,3886
3255,4849
2941,4755
1478,4860
1108,2837
873,4803
714,4697
2899,1733
1145,1735
644,4857
594,4668
3720,2865
4627,3914
1132,4727
835,4635
2191,2808
3283,4764
1721,145
3568,1733
4539,1848
4346,4832
546,2837
4500,34
2294,4635
4223,2867
3405,4764
4187,62
2011,1832
1371,3615
2675,2826
4566,4992
3339,1735
4439,2782
1884,4900
4606,4954
3629,4749
461,67
363,2825
1035,4675
349,4768
3089,4897
3027,5070
43,4759
24,1
3410,4904
1787,1730
2065,1851
2753,4916
1086,4934
2531,4952
221,4720
5025,2764
1620,1848
571,1845
2936,3878
2031,4885
1270,2671
4272,4673
920,4248
4933,4634
2298,2795
1398,4679
4758,4266
2966,2816
595,1726
1723,4931
4598,4770
3196,4996
383,4903
1367,2794
3126,4987
2088,54
97,2800
4494,4946
961,4750
2165,40
2462,4733
2400,3878
325,4761
966,4761
4231,4912
3258,49
1876,4723
2141,47
4151,4772
2601,4672
4593,4858
1157,4720
4026,58
1532,61
393,4816
2285,4818
3452,1856
3636,4946
3814,2768
4126,4678
3402,4613
3713,2787
1168,4779
1388,4878
393,4897
4500,4696
4394,5069
3578,5001
4472,4932
2473,4682
135,2835
1240,4856
1883,4779
2032,4921
914,1896
2328,3883
1390,5065
2231,4696
4115,4951
747,4793
3442,4671
4527,1840
3736,3879
526,4793
1666,4990
843,2851
2509,3877
1063,4676
4093,4770
1381,4672
2929,1818
370,2814
2205,2853
4583,2786
3849,4775
3070,4824
5082,53
4111,45
3609,1727
1506,4831
2213,1836
5083,4889
566,218
25,4870
3064,2820
4380,2798
3275,56
4101,2812
1780,2799
2511,4944
4170,2838
4241,4872
4383,1842
4202,113
369,1725
146,4773
4473,4678
5052,3913
3557,4781
1614,6
1583,4735
3362,5069
1279,4249
2581,4870
4846,1731
3613,4815
143,4890
2534,1838
2887,1730
4144,9
4305,1725
1464,4987
1408,4685
3833,2823
763,3915
2223,5070
1312,4995
2318,4770
2148,2783
491,2854
2629,2818
2868,12
5076,4694
1710,4688
776,4747
3148,4876
3030,4815
1343,2671
2083,4734
3903,4748
3023,2824
1523,4803
1395,4790
1211,67
5010,4746
3699,4693
1507,66
3918,4849
3641,62
4566,45
3351,4778
2713,4901
882,4782
112,4904
1997,1733
4593,65
2578,4816
2380,2782
3356,2779
4022,1862
1781,4998
783,4915
428,1788
2361,4739
3909,4968
3459,3886
3362,4861
289,56
4975,4824
1989,2864
3475,4733
1136,4265
893,4862
1426,2820
453,4760
1792,1740
4,4730
4568,5069
2012,4743
3818,2838
2025,38
716,4789
2660,4861
1883,1850
1658,4686
1977,3505
4194,1833
1019,2773
147,1850
4283,4742
2128,2774
2489,5019
1212,4737
876,2827
5045,4849
2209,2827
4444,4787
339,4766
3133,2781
2379,4830
616,2848
2006,4848
374,2768
1776,4732
2284,1734
625,4781
280,4884
472,9
4328,1838
4225,4697
2736,3882
3418,1850
3172,4882
3772,41
935,4679
2607,4860
3292,2773
1116,2767
3219,4931
157,5016
2039,65
3425,4800
2657,4670
2488,3882
932,4747
3968,4891
4278,2841
1247,114
4338,4686
4486,2858
1558,4815
4303,4746
4198,2814
4372,4862
1287,1817
1229,2844
1872,2773
1670,1816
2298,2833
2666,1730
3077,4803
4585,218
2662,4968
3577,4772
4152,2833
3236,4783
4116,4992
2207,4876
3669,5002
161,4742
1231,4690
674,2658
883,4800
3685,284
4410,6
2538,4936
3111,4917
453,2853
2007,113
2667,69
4119,3883
1886,2772
3309,4763
4022,4900
493,1735
1692,1857
3807,4749
3369,4671
4646,1838
2063,145
213,46
712,1731
2761,2779
1607,2849
1492,1730
2185,1827
263,132
4562,4880
4307,4783
811,4762
3269,4858
4101,1850
4373,1733
2154,4634
4666,4903
3064,2785
3269,66
4509,5
1462,2787
3121,4773
1222,2856
1610,2794
3424,2809
1885,2846
101,4748
4331,5064
3864,4634
863,218
3135,5019
3552,2789
4985,4769
3327,4926
3048,4752
460,4668
1935,4762
5058,145
88,4670
2157,4791
1113,68
824,3879
1252,4741
1519,2772
161,2765
2053,4785
992,1841
372,5002
0,145
949,4752
1965,2846
4141,4969
2325,4817
3655,4797
2552,5065
425,4941
5024,1851
879,1816
3450,84
3497,4930
1798,4956
3429,4946
1235,4751
2930,38
2876,1850
359,4790
538,13
5017,4680
3971,133
2666,4753
4420,4968
3819,1855
4825,70
3318,4782
1990,84
3773,1836
1083,3882
2938,4849
3498,218
1692,1734
3833,4887
4145,2853
3418,21
3659,4968
3658,4749
4150,4816
1758,4779
2362,2821
3115,4929
1972,115
2373,1851
4619,5016
2976,4994
175,1841
3304,1827
138,4894
3002,4887
3925,4860
815,53
1489,4766
163,4970
913,1855
3951,4988
1018,2789
3897,2817
1217,7
3532,4669
3209,4760
858,2835
415,2858
4518,41
3956,2764
2736,4971
3715,4953
1528,1733
1139,4772
475,4906
3719,133
2105,84
1233,16
2780,4876
3061,7
1110,1856
3497,4940
3222,4789
3332,2812
3224,7
3715,4727
3611,4979
265,4828
2654,4764
3702,1831
2052,4857
243,4692
827,55
3380,1849
4195,4739
256,4723
568,47
522,4978
2622,1834
2815,4728
1938,4883
3323,4764
511,4736
3275,2790
1543,1737
3107,2841
482,4915
372,4697
2007,2858
3482,2848
4004,47
3280,4862
2777,6
5038,4824
2914,4673
3654,4803
3741,2838
921,4941
419,1725
26,2823
1716,2866
4111,1838
781,4926
2450,1827
3985,4905
2174,2837
1717,4896
363,8
1919,4979
2964,67
1820,60
3404,5004
4358,1855
2598,4789
2284,4755
4492,4909
1392,4962
2180,4855
1321,4747
4616,4788
3599,1840
3769,3913
1531,4739
2372,4992
522,2786
2473,3885
3337,3886
3335,4890
1691,4686
4659,4912
94,4910
1642,4870
3369,1833
997,4824
1953,4817
2616,4963
4065,4776
4101,4800
4334,1748
908,2824
2734,16
2248,4972
4812,1817
1190,1731
3732,4668
3106,2796
653,4872
2073,116
3064,1
878,2857
161,2837
226,4787
2528,1748
1768,54
375,4971
935,2823
2503,4850
4139,2849
1268,47
1170,4990
2871,4793
3986,1834
805,3881
857,4791
3918,1727
3039,4904
4160,4917
4580,1838
448,4940
2012,5000
5022,3883
4875,2816
4303,4829
2447,2823
3340,4944
848,5016
2431,64
4088,21
1156,11
3862,4734
2598,4775
2191,4951
1960,4738
2448,4997
3545,132
576,4914
4639,1837
1261,4978
4136,4989
1342,2867
703,3
4216,4992
3765,4941
2526,4248
1987,4687
2995,4860
2943,4754
3940,4914
881,4788
3466,4952
4,4791
2460,2772
4975,3880
2264,2851
1508,2773
953,1845
3460,4897
3225,4918
859,4886
2360,4916
2509,4684
2255,4248
3840,4954
4211,6
2208,69
618,52
1124,4792
1075,4778
1296,2808
3183,4720
2368,283
676,4678
2554,58
2109,4862
1396,4738
2990,4953
1513,2787
3599,4995
1530,4732
1533,2784
936,318
5051,4907
4660,2867
1577,1733
2578,21
4425,4736
1311,4861
831,2856
1288,34
2084,5064
3872,4792
2539,2844
2088,2794
1416,5066
1853,2837
4626,4743
3826,2800
3047,4670
2022,4788
4704,5002
3382,4264
1025,4743
3556,1845
3421,4686
2288,4850
825,4892
453,4771
174,60
2629,4912
2115,2794
4708,4689
1450,2803
3740,4777
3338,4952
3872,4998
3041,4680
3160,4760
1614,53
4627,4992
888,4737
3605,4870
2386,2837
3476,4753
1527,1860
402,4953
1588,4917
3307,1844
1045,4997
1272,2765
1793,1735
4495,2789
4381,5018
3888,1837
3087,2865
86,4759
1034,3915
2341,4944
4575,4873
1712,2857
978,15
970,4941
3656,4970
1478,4888
4515,4870
2165,2833
4639,2837
4277,50
2379,4883
3323,4790
1638,4687
4371,4957
4438,2843
1744,4739
1705,4995
4186,124
3799,4994
2792,1834
2914,4727
4653,2844
4204,4990
2258,2847
4277,4785
3792,4761
4433,1851
598,4746
4656,5004
1027,4920
4284,2782
3727,1726
2208,4952
4455,2765
4000,13
2226,60
4725,3883
1987,4762
911,133
1183,4682
4453,2794
1119,4680
4131,54
3449,4831
407,1846
4254,4674
3369,67
2383,4799
991,4752
4278,4883
2537,4926
2058,1850
676,4917
2032,1742
3499,4248
4409,3881
4038,4654
395,13
1557,4693
2220,320
74,2858
4838,2812
4419,1834
3409,4779
2529,4900
1196,4248
708,283
3859,4972
1486,1838
2544,2808
123,4777
4142,4817
167,4693
4716,4686
370,2831
3550,4797
751,4829
2199,4992
946,284
4182,4733
3069,4815
4271,2800
1999,1841
4355,4792
1395,2783
987,4954
3284,4953
2896,4970
625,5020
1288,4908
3201,3886
3647,1839
1606,4992
3701,2781
3084,133
4191,5069
290,2851
3751,145
4195,2855
3188,113
3381,5016
2276,2813
4351,4747
894,4884
1425,1728
3461,4785
473,5075
4170,2841
1109,5064
4515,3880
2735,2781
3220,4956
2283,4731
2509,1735
3240,4892
3864,4940
2013,4857
3301,4680
2136,319
4129,4917
3007,4861
2026,4267
2266,1844
4252,1808
759,2844
3066,2781
1525,60
2119,4920
3392,4946
1219,11
1801,4855
2443,1818
510,4906
3893,4997
3559,4671
938,2781
1053,4915
295,4737
2511,2816
104,4991
2492,3912
3939,4735
2396,4687
233,2820
865,4903
3228,4955
579,1808
1919,2846
1139,1834
3829,3884
3984,1831
3839,2817
4170,5001
1755,4861
4365,2796
4286,2831
1501,4797
3895,319
273,5066
3992,1734
2680,4816
312,4880
1640,4832
3019,54
4421,4947
3128,4964
2964,1835
715,4876
3086,4683
4520,1838
152,4968
1082,4887
4725,4961
2539,4991
4582,1834
2256,2781
359,4940
3369,5000
2129,4930
4588,2783
2533,2831
1405,2765
1454,4992
3736,4940
617,4676
4482,4782
1153,4958
4928,4668
2769,4978
890,1845
1983,4989
169,4782
1216,4763
2238,4693
3079,1
2524,285
4064,4718
2277,3505
4116,4993
5003,4686
1215,4692
1101,116
3767,4941
3520,61
183,2853
3427,4889
933,4773
4268,4768
470,2843
2198,4876
404,4671
1765,46
874,4952
391,4894
3352,4728
3294,5073
385,115
2363,3915
1026,132
866,4817
1530,5074
2850,4989
2715,1729
2257,3881
2981,4267
2479,64
4417,4996
2992,4737
2150,4249
741,2816
2300,4877
1724,4730
305,4909
3961,4886
3811,1838
3964,4818
187,5018
2570,4872
4211,284
1351,2767
1569,4790
2905,4978
4553,4968
950,1818
2477,1818
3000,4634
2247,4775
1819,4752
2568,4787
1568,4752
1777,67
1770,4916
2400,4267
382,2765
2121,4890
188,50
383,4969
2625,4951
921,4754
3401,4872
2530,2785
172,4819
1667,4264
598,4883
2216,2803
2561,4786
1268,3913
1042,4775
4106,4737
1908,2789
3357,4889
2374,218
403,4884
3420,3878
2777,4682
4048,4907
439,16
529,5001
2007,145
1634,2783
2567,4908
2360,2853
4041,5065
2353,3615
2405,4755
850,4752
2131,2658
1918,4682
4299,4692
3316,4872
2312,1862
3852,4969
3736,1855
1027,66
2422,4738
3773,4926
3095,4886
5029,115
2109,4694
1640,4670
3053,60
457,4957
2336,3877
2205,4877
2904,4994
807,5075
1621,5065
3361,4915
3005,1849
156,4748
1552,1740
1702,1860
2309,4991
2592,4847
2055,4769
232,2785
1080,3879
274,1742
928,4690
4985,1740
3689,4829
2967,4672
4211,2860
677,2784
2450,2825
1035,4792
2652,4901
4017,2803
2467,4739
1875,4890
44,4998
2552,4858
2154,4911
1240,2787
3864,4760
1109,16
4050,4265
1603,4964
2777,2839
5027,4792
3838,1857
1992,4888
727,4799
1554,2764
3645,4904
1267,1862
276,4266
5038,1838
4394,4803
1139,4692
2603,4876
898,4765
1308,4996
207,4249
2255,1748
4973,2788
3683,4929
4810,1836
1338,4962
4745,5066
3322,2783
4171,1818
2763,2849
1812,38
5043,4918
1624,4780
4172,2845
2080,4264
1388,4918
1703,4995
3560,2851
855,4755
4304,3914
4442,2781
2243,4267
1420,4819
3662,4728
3467,2772
612,1817
5015,2785
3238,1851
1854,4723
4574,2809
3019,115
237,1740
2463,4765
2520,4819
4227,4790
1012,1816
2323,3879
3553,2768
3713,4996
1457,4994
2692,58
1295,4743
1052,1740
1542,4634
602,2841
3802,5074
420,4896
4380,4760
4088,8
3921,2867
1468,1808
4893,51
557,2809
4481,5070
209,319
4075,4887
293,4921
2428,47
3535,1896
4412,1857
4292,4793
1830,66
2223,4691
561,4816
1406,4882
3774,4690
1360,3884
2113,4780
4220,4939
4527,4793
830,4681
2255,1845
862,285
3122,2854
3334,4994
2643,4672
3308,4918
4124,133
4030,4890
3727,4771
2673,3883
1646,2840
2802,145
4664,4921
2172,4770
1414,1748
2457,3886
200,3505
2282,67
844,4931
445,2843
3641,4759
1617,69
1494,2846
1072,2826
1722,4929
3550,4820
4024,283
3376,4770
317,117
4252,4917
17,1845
3544,4782
1300,1788
3244,1732
2704,2816
5040,1817
3951,2803
2320,4909
1463,4946
1360,4940
997,1860
3821,4749
3766,5016
4519,1839
3235,4800
1375,115
3247,1726
2971,4635
4441,4735
732,5077
4303,4828
1231,4934
4298,1742
3556,5004
5024,4682
3607,4792
515,1838
2248,4654
2770,2851
3229,4861
383,4265
203,4773
3329,2864
3238,3914
1931,5065
3889,116
4549,4691
2112,80
468,4860
2584,4919
4313,52
4107,4850
510,4786
2530,4932
2323,40
4359,117
938,145
1936,318
2339,2794
1900,7
3126,2781
4950,3883
2414,2827
2399,4683
3347,4870
2057,2786
1487,62
4700,1833
342,4718
959,1837
4805,4250
1588,4678
4201,4900
3863,2817
1404,4730
3666,4971
2204,2790
3542,62
4871,4692
3516,4690
1290,1727
3693,2838
4576,4891
3576,4872
5035,3505
1514,11
991,4979
4756,4958
2895,1834
371,1730
1036,132
456,4946
3719,2833
2760,2779
3985,4987
4928,66
4334,2781
957,4880
3937,4831
3558,41
3441,4904
849,41
4561,5002
3349,1846
1306,4797
3892,4916
44,4952
3921,2847
624,65
2029,4668
2079,4918
913,4752
3979,4684
3130,2799
3088,2783
1018,4695
4078,1860
2708,4991
1045,4770
3706,4956
2508,4786
4524,4818
2043,4906
3028,4915
1476,4824
5084,4941
2038,124
1533,3912
2988,1831
535,4911
3586,4783
1588,4773
667,4873
1222,4720
3861,4856
4040,2671
2239,2812
149,84
352,1856
850,67
4557,4695
2324,5016
1965,4857
519,4749
4201,4886
4455,4781
4002,4971
3731,2821
3291,2826
1395,2851
4146,1727
408,65
3378,5002
2181,1732
2281,4955
4426,4683
2706,4908
3078,4998
4716,64
134,42
1538,84
3838,4733
4874,4972
4276,4764
3316,4754
2396,4921
1562,4780
1926,4878
2456,5001
293,4990
438,4803
3768,4872
4950,4820
1948,4978
2742,52
2958,4787
1854,131
377,4728
1167,4693
3743,2768
3151,4800
1289,2837
1980,5000
969,4956
3975,3877
4020,4872
407,4728
2945,3884
4258,4766
2323,68
3044,1838
3547,4870
1810,4676
2538,4946
3222,4978
3652,4953
2395,2818
2899,4820
4050,1844
3510,4995
1012,2765
4134,4681
5068,4815
1062,4968
3795,4915
4210,4921
3890,4760
4405,1730
3340,4793
4529,4820
3978,56
155,4938
4169,4958
2369,2844
5056,4926
3614,4772
2366,1860
2230,2783
2469,4669
4256,4737
1528,4926
1420,4763
4114,4674
3768,1733
3283,5016
1715,4953
4717,4253
1147,4997
1128,2865
2275,283
3192,4265
1958,2825
4924,2783
4560,4912
4278,2829
2607,4697
2233,133
819,1818
3898,4963
4841,1833
168,1896
5061,4897
1762,1861
896,1726
4845,4746
3148,4675
1276,4888
4296,4996
2047,4779
1196,53
195,4761
2158,2814
1296,1737
1272,4902
223,4720
3751,2855
1972,2846
225,4847
3768,4997
2078,4860
4724,4903
4209,4696
2452,1735
4451,2867
3271,1834
3957,4784
3009,1834
1872,4750
1050,3882
1939,1834
2869,50
205,4896
3632,1862
121,2832
3511,4849
3875,320
2476,1850
2901,2843
4859,2809
1813,4801
3817,4872
3176,4693
4699,5063
4211,66
4138,1838
3702,4939
1495,318
4124,4996
1804,4686
4366,4901
2500,2803
498,4962
5068,4940
949,4990
3778,4896
4608,4772
1228,42
1294,4930
3419,4732
3822,3912
2355,4779
3036,4914
606,2860
2959,1730
4516,69
1778,1860
4899,2866
4517,5018
4122,4772
3698,41
4377,4674
790,4673
1869,3924
4047,16
4796,12
651,4778
478,2799
822,4635
1622,1836
2380,4679
4351,1808
2676,2782
4308,4929
743,2809
2041,4742
3098,1896
2298,2847
5011,4793
1595,4830
963,4861
748,4733
3703,5019
144,4755
2113,1728
215,4696
2925,1845
2972,4786
2705,2856
140,15
1496,2867
3554,115
3955,4934
369,2823
652,4987
3430,284
302,4676
2237,2837
1559,2825
1620,4669
3321,4781
3896,4941
4038,4856
497,4249
4548,5016
5083,4613
1553,4634
2178,15
274,62
1717,2855
868,2772
3828,4753
2209,4862
2731,47
2910,4684
525,4778
2250,3915
3202,1788
3109,1808
2938,4986
4316,4680
417,3881
3971,38
2697,4773
2572,4919
917,1848
2960,4684
349,2822
1353,4749
4758,4884
1335,4965
2343,2837
587,4971
4049,4934
347,4697
1200,4733
4242,2843
186,4937
4651,2813
968,84
3046,4771
3125,4830
2406,4793
1234,3913
142,4803
456,4891
3425,2814
4506,4857
2321,50
3587,4994
3326,4730
3230,1839
1676,45
438,3505
2156,1862
5057,4932
4090,4905
1356,2821
518,4674
3241,2782
2616,2839
2489,15
2455,3878
4030,4786
2643,3924
432,4754
3818,4831
3018,2824
878,132
3599,64
4237,2821
271,2794
4247,4963
3999,2774
2383,1734
2344,4264
2656,2832
3307,4693
2185,4850
3010,4687
4656,1849
4138,4680
4118,2829
249,1727
3807,114
3293,3882
1243,2835
3453,4896
3422,4732
609,5
333,2855
613,2671
4244,1861
2484,2789
3528,4964
2557,5075
1443,4992
1669,4876
3636,4884
4498,1742
3155,2843
1489,4961
4379,4909
2510,5004
43,4897
2180,67
2243,4934
1685,4748
590,2658
965,2856
1265,70
3499,318
799,4654
1466,4969
983,2772
3627,58
1945,2779
2753,4947
1665,3879
1636,34
2863,2798
1511,4733
2725,4930
1424,4679
2204,1733
142,4988
1707,3505
2388,12
2415,4855
343,2794
1350,2826
3900,2857
3607,4759
2068,116
3105,3877
4228,5018
3952,1728
4522,4731
1348,67
4232,4732
3032,1835
4138,67
895,4754
1310,3
1482,2800
2949,4689
1611,66
398,4729
2079,2767
4333,2832
3209,4691
4478,4689
2458,4904
2902,2855
373,4772
3975,4849
3116,4784
3192,4790
2870,1727
210,1857
3589,4997
4037,1861
1441,4857
3929,1860
3166,4800
1798,4831
2195,4955
3719,2809
3755,1728
787,4856
745,2795
3839,5016
3239,2783
1018,2865
1387,4696
4026,4752
1787,2847
2239,2773
2234,2796
325,4963
1190,4947
4074,4907
534,4888
1932,4955
390,2813
959,4816
612,1818
2106,4872
3890,4915
3646,1855
2328,4855
4364,4778
1494,4672
4058,2841
1957,4926
1980,4849
3407,4887
1008,4932
2504,2764
4181,4737
1162,4915
198,62
737,1842
3377,67
4263,4688
5057,1843
1858,2818
1373,4686
1640,4954
3045,4872
4513,4930
1867,2768
3215,2658
4228,5000
3152,4681
3228,4265
4448,3879
3292,1845
1041,4889
204,2827
2635,4824
618,4992
3940,4799
86,4266
35,4996
4304,4679
858,84
2136,4785
1043,4878
289,4751
767,4908
1098,1848
1360,4763
475,4779
731,1733
4333,3881
4355,4901
1535,4673
2908,4882
4067,4847
2426,283
2712,2844
4449,283
1442,4887
4413,2786
1357,2866
3500,3883
3693,4873
1565,4676
1414,4250
1640,4635
3353,1833
4276,5019
356,4969
685,1816
1925,4971
3356,4695
3672,4944
677,2866
4611,1748
2182,4734
3009,4818
722,4957
4226,4908
2997,4944
5062,113
4182,1729
2090,4931
2095,69
4483,3886
3987,1
2777,1834
1587,5074
813,4887
1826,4774
2557,4682
241,2785
32,4749
1522,4935
2314,4250
976,2809
632,2773
3387,4790
3794,5002
889,80
3791,1837
2050,3878
3485,4754
3104,4847
269,1742
1702,2844
1665,4955
3751,4728
4010,4786
2998,4676
2233,4832
1897,1726
2145,4873
119,218
1204,2866
3533,84
887,2790
709,4926
3496,4921
767,5074
3608,284
3449,4786
849,4990
2286,1848
4117,66
2629,4718
4009,4861
2090,117
2541,4873
1511,54
3630,3912
650,5064
1373,49
1249,3
1921,4876
1649,4743
4140,4684
796,54
3575,4692
1453,4892
1961,1726
732,46
4207,2824
4422,4886
204,2813
4365,2772
2152,1840
3182,1730
4600,2794
3352,4896
3471,113
4537,4918
191,1835
4098,285
5041,4915
661,4783
4478,2767
1011,4774
4277,46
2017,1817
4702,4969
3131,5004
2654,4253
1036,133
2467,4831
33,2824
4141,4732
3016,114
2990,5070
4520,4782
3830,4793
198,4850
661,2810
3547,283
4179,56
4702,4747
3768,13
3136,4266
57,2671
710,16
1347,4965
670,2811
3751,4718
4319,4786
3400,1836
5080,1734
3079,4891
971,4681
424,4884
994,4906
2882,4682
2748,116
2760,4861
1394,4990
4092,2841
1688,2794
3475,1845
264,1849
3012,4901
1673,1896
1859,65
2064,4931
3600,4993
2690,2816
1980,2671
2251,2810
1490,5001
4476,4768
758,4939
2923,4729
2724,4990
1994,4988
1280,4668
3634,4951
2647,318
2109,4765
95,4996
810,4880
2465,2768
478,4770
2228,4800
1033,55
3018,4248
1098,4786
553,3915
1376,4912
1051,3882
3521,4860
1117,2787
4427,2837
3661,61
3934,2855
2045,4677
815,4913
2933,1742
2334,4934
755,114
3973,4969
87,4266
4439,4873
3990,2788
3617,40
3954,4742
1608,1841
358,4987
4942,4739
952,4917
3160,4682
2027,5066
1736,4771
3750,4777
870,4872
4000,15
3993,4831
3644,4683
3718,4934
4602,1731
3524,5004
3526,5016
4188,4250
249,4771
3251,52
1092,2772
1542,4883
1302,4761
1416,4824
455,4672
175,2838
1569,4972
3638,4685
600,2854
3489,2864
3749,2860
773,51
4484,4634
1768,2835
3334,4953
970,5019
4511,4926
4510,4743
409,4860
4596,1837
4500,4858
3994,5077
3985,8
3984,2789
4615,56
187,2768
542,4971
3031,4884
4188,4789
1927,2832
3154,4991
3020,3882
4315,66
3916,1737
404,4987
2589,4891
4081,4902
1107,38
303,4884
2922,70
106,2835
409,1831
3390,1835
2510,4929
207,4733
3684,4920
3637,6
2496,2825
1025,5063
2343,3880
4452,2814
4541,4816
3111,1737
4942,2795
4483,4635
923,54
1279,2823
3170,1737
3381,4251
374,2838
2258,2831
3430,1
3404,4679
255,115
1820,4750
3126,4779
4468,15
3009,2814
274,1835
4045,4768
2761,4780
1964,1846
2468,4746
1985,2787
436,4953
829,4894
4364,4941
4199,4966
4021,4790
885,4738
3365,5069
942,5016
3421,4267
1678,4743
1278,4732
966,4856
2268,4891
1160,2855
1883,1855
402,4904
994,5070
2171,2812
3899,4992
921,2794
3018,4817
1826,63
3756,1818
915,4250
4050,1831
2869,2788
1287,2832
1559,4929
4507,2818
4767,2846
2678,4991
3675,4829
534,4963
340,3885
2944,2848
4078,4746
868,2821
4758,4891
4839,2854
1451,319
2947,4971
4038,1845
1124,2779
2407,2821
3544,4856
1520,1818
1126,4696
4572,2779
4337,2796
3328,4670
2220,2858
1188,4692
746,4669
3094,4801
2644,4761
3416,4956
5015,124
478,4905
4351,4677
1128,2848
3094,4784
5049,4755
3398,2782
568,4728
237,4754
241,4695
1573,4904
4043,2864
2996,4858
552,2808
575,1832
1621,2784
2891,3615
3996,2794
3916,1836
3270,4831
1162,4684
85,2824
924,4930
1118,4912
628,2824
1766,2764
4263,2838
1377,4747
1507,4900
1260,9
3135,1857
3287,4676
2084,1834
3007,4764
693,46
1203,4988
759,4691
4796,4747
922,4888
4107,3880
4130,4989
859,4786
1057,283
1711,4961
2390,46
3931,4775
134,4790
2053,54
3236,2837
3044,63
1360,2776
4240,1816
5042,4685
2771,4946
615,2784
1791,3913
4061,4884
3403,4860
4980,4734
4184,1817
5058,4941
454,4697
3307,4885
101,2811
2996,2799
2992,2840
3624,4731
3161,2825
4361,1849
43,4914
110,2827
1665,4830
4322,4733
3490,1735
4233,4673
110,4752
739,4938
3279,117
1623,2786
1569,115
2948,4994
5041,4987
2726,80
1050,1838
2227,4892
452,4901
3449,4920
308,4820
570,4771
4270,5016
3918,2817
902,4770
1774,4815
1809,4921
1590,4904
43,2837
4827,1727
4313,4862
2689,4685
4074,80
3426,4894
5034,4979
4377,2790
5017,4915
808,3615
4263,2820
1087,4694
1088,4816
371,4832
4367,4755
437,1740
2478,4969
2517,5069
4148,1808
4302,3505
1979,2798
4165,4971
3452,4752
3281,61
4456,4961
5044,4884
1166,4935
1337,5
2428,4739
2928,4731
605,4791
2930,4947
4300,2800
2527,4884
2898,4776
1509,5064
2044,4691
3551,4264
2930,4770
2724,1842
2639,4803
4188,1847
735,4720
4096,4971
418,13
3509,4772
974,46
474,3879
2597,1847
3176,4944
4542,4781
2737,4978
3333,41
1704,2851
2209,4954
4898,117
1344,2840
417,4987
1141,4989
708,13
1458,1840
3047,4752
3805,4696
4037,60
2217,2822
4699,67
2240,1847
1562,4978
2760,2818
2519,1835
776,2794
2736,55
2745,4954
1581,3505
679,4682
383,4889
3661,4916
4585,4691
3609,4918
3767,4749
2275,2862
736,2838
2205,1841
3787,145
3103,2824
3192,4680
2272,4820
656,131
463,2837
1759,69
1631,1850
4628,3915
1014,3877
4006,4963
679,115
4518,4695
2876,4935
2058,4988
3750,5075
1509,4969
952,115
1667,4908
802,4914
2990,115
148,2786
1467,4761
2642,4718
3800,4634
4524,4888
1426,1725
43,4993
4366,4961
3048,4957
1141,48
1812,4680
2527,116
1524,2798
2355,3881
701,4786
3624,4695
2934,2789
5053,4747
782,21
3064,4908
2175,1731
4098,2808
4332,4668
2301,4858
4464,4850
233,4858
521,1837
1967,1846
1463,4958
4560,4970
1018,65
2,4882
3320,5
1294,4824
1538,4820
2780,4680
1444,4951
2501,4879
3694,1
2314,52
2417,4887
4290,4888
2558,1735
1439,4828
1947,1847
1646,4764
3259,4634
3665,4723
5056,4788
1452,1837
4497,320
2465,4681
2971,133
1746,2783
180,4914
2530,1861
839,4797
1006,4919
1044,1836
4595,124
3524,2790
3294,2671
4153,4773
1569,1841
74,4921
3738,1730
3149,145
3898,1861
1454,4750
3126,3883
1739,4793
1408,4759
3652,4736
776,283
440,4936
1342,4847
2673,3881
3440,1808
371,4634
4187,4249
2660,49
3201,4686
3149,4880
1135,4737
4510,145
2664,1896
1892,4953
83,1846
4950,4989
455,4892
1802,4919
4704,3912
739,2811
2227,4264
1535,4774
2918,114
3727,4675
3997,54
3513,4654
3452,283
939,1838
1055,116
3940,2658
1572,34
196,2783
3008,4733
125,5070
1228,1896
3327,4988
1864,4686
4366,4668
1716,4855
165,1834
2500,4742
3165,4946
1170,5004
973,67
3484,3882
4306,2658
1398,4681
2922,4910
265,2782
3838,1808
981,4966
4197,2844
2162,2782
3975,4918
1446,4784
2447,4910
4158,4763
174,49
4386,1725
1236,4761
2536,4801
758,2671
3821,5
3290,1737
2503,4249
3630,2817
1105,4920
1603,5075
3219,1827
3253,4748
1026,1733
4134,4816
4113,2865
2309,3
2920,46
1888,4694
1219,34
3573,4916
571,4731
4445,2824
2104,2813
2623,4996
837,49
4346,4733
3298,53
3199,4687
2672,4769
3408,4955
3435,116
2374,4791
589,4979
2199,4763
5033,51
4794,4815
3329,4885
1920,4694
3697,3880
1613,4855
1470,64
4364,283
4004,1896
1717,1845
1940,4739
2049,4921
2110,1844
4721,320
3782,4693
4594,16
2261,4970
1641,319
1010,3615
3416,1856
1544,4741
698,4940
3946,4668
2344,4815
3854,4939
3572,2829
2945,56
1872,5
776,4962
871,4774
3012,1836
3968,4901
3660,4669
3293,4729
3181,2826
4427,5069
1356,5077
3892,4918
1787,4792
1078,2764
2372,4688
3485,2796
786,4870
2931,4697
4758,11
5011,4862
3382,4958
4496,4689
3292,4824
946,4672
963,4770
4242,4929
2159,4727
1068,21
828,1808
4019,3881
3556,4754
777,4887
3146,4754
679,5
2537,4913
4441,1748
1912,4939
4178,4939
1109,4883
3664,4901
1622,2840
3871,1842
4571,5077
2909,4766
2649,1861
4175,4917
2171,115
2544,4855
3141,4654
3866,3880
927,54
2721,4265
2710,40
2529,1735
3091,4992
3153,4635
3817,4684
4472,4936
4260,4882
3364,4911
2738,3886
4701,3881
368,66
1820,2818
966,4953
713,2788
2982,1851
2996,4720
1904,4817
1569,53
822,4994
3178,5063
4950,4731
4582,4737
4157,1748
661,4897
3815,1862
3356,53
3684,5018
432,4858
1301,4816
3706,5002
18,5064
827,4770
1181,4773
2665,4921
3469,4693
1454,4971
3033,4848
4838,2822
4624,2814
658,4677
3140,2767
3341,4849
1151,2829
3744,5
3088,2767
3929,15
4373,4753
268,4682
3962,4870
1233,4741
196,284
1587,4732
3732,4739
5047,5073
4094,2798
4077,1808
1313,69
2270,4988
1145,4820
4065,2826
1899,4687
1488,45
4627,2772
1775,4879
1462,4894
4396,2824
2068,4890
326,4935
4525,4749
4484,2835
129,4791
2521,114
3876,4677
1991,4903
3809,5073
5039,1
608,2790
4715,2785
5003,2843
1794,3886
4183,4754
104,4995
3479,4732
3980,4986
2299,4938
1198,2817
3043,1833
1278,4912
3982,320
1056,2858
2355,1729
3423,2848
4380,4691
3114,66
3710,4774
3327,4870
4004,4905
2311,4992
1150,4832
2534,4904
1296,4777
4448,4878
2544,2856
641,4686
3589,51
2881,5074
1578,46
315,4862
685,5064
4863,1855
2638,4669
3453,80
2341,4739
515,4879
1376,4764
2881,4931
724,58
2023,4751
1236,4803
791,5066
3440,2783
2204,4938
593,2795
1019,4940
3747,62
4088,4803
4740,3615
4363,4850
3203,2788
5017,8
5084,4947
2548,55
3552,4992
3362,115
1605,1861
1268,4803
1019,1838
4296,1835
4167,1862
665,4678
4042,4690
4044,4965
3237,4857
1056,1727
3971,58
4400,5016
3186,2784
3125,4697
1936,2794
545,4684
2185,1845
5056,4878
3671,4872
2710,2789
1211,1808
574,5020
1579,58
1257,4894
3499,4780
4294,69
675,2789
2140,2776
330,4872
20,4954
4868,1728
2130,4876
3424,2799
1636,8
2894,51
2252,1836
308,1748
4270,50
4657,1835
1022,4886
2391,4264
1390,4952
425,1788
4213,2794
72,2845
694,1862
3111,2838
2737,2843
686,4919
1565,133
315,1847
902,9
2126,2826
158,2799
750,2821
2146,4991
3676,4727
2423,4669
3051,4931
2621,53
3211,61
3368,4265
4237,2833
1188,4250
4047,4765
1543,4880
4089,4897
1830,4803
1695,13
4062,1732
3129,1896
3894,4799
903,4738
2651,4992
2508,15
3241,4768
3525,2826
1117,4253
603,4635
184,4762
2674,218
1357,1843
2548,5
2342,2764
4210,5064
4555,4751
966,4730
4556,4828
3670,5077
5022,4774
3760,48
4402,4675
2327,2865
3819,1861
3972,4690
1709,1817
4949,54
1375,2853
2287,4266
1627,6
2643,4857
776,4828
2872,4768
1238,1856
2211,4910
1670,3881
4270,4799
1585,4969
4084,2786
1975,4919
3901,4800
769,1839
782,4876
3724,4991
447,1816
439,4966
1903,2821
78,4936
3644,4888
499,1737
1545,4737
3493,1841
2339,3914
1805,4762
258,4692
4081,48
4809,4800
4351,4776
796,4766
1830,4861
3941,4914
514,2858
24,4878
3278,65
3031,2862
4387,2866
4365,4765
2097,4694
4349,4994
3335,4685
1510,1818
450,4955
1558,4671
3776,4829
933,4803
4398,4785
1893,4735
257,5016
246,3885
2045,5064
1299,1725
3041,45
3241,2831
2083,4929
3078,1862
3017,4265
359,4786
626,2865
3666,4718
987,3882
4124,4987
4376,11
4185,4931
4827,4738
4108,2838
2291,1835
1882,2841
3189,4878
4427,4679
2344,1860
3549,62
2101,4778
520,1788
4523,4952
4540,4954
3466,4253
1236,4913
205,4789
3438,2856
1616,1836
3695,4876
716,1844
1224,4994
2052,2867
2580,4792
311,2844
2695,2779
4432,5065
2877,4831
548,2811
1794,1
493,4880
3237,1848
1208,1848
3184,4858
3304,1831
2666,2810
4004,2776
2599,4971
4094,1842
856,62
1476,2855
4967,4675
602,1748
2179,45
4976,4681
574,3924
1782,2831
4537,4697
1319,4249
4622,4737
368,4987
391,2844
136,4880
2725,4770
1571,1861
1778,4746
436,4876
3930,4916
1676,4878
597,1856
1496,2833
2335,2789
4338,4944
1409,4678
2504,2866
3908,4963
842,5018
1869,2813
2753,4253
3795,2838
416,66
2932,4789
2938,4764
3128,4676
2762,5019
317,15
3413,4781
4218,4249
1983,4801
1196,4963
3179,5063
155,2784
2144,21
159,4720
609,2865
743,1860
3797,1727
1714,4979
5010,3881
2403,2781
501,4907
2759,4913
4324,1855
321,4683
1116,4954
1604,4860
20,4876
3625,4911
4566,4955
3735,2827
961,5019
2520,4677
452,4890
694,4873
551,4677
3093,133
17,2764
4417,4743
4147,4736
2232,2860
2720,4989
1771,5004
1453,2837
2117,4264
2315,4678
2581,4857
3566,4747
3140,2790
3927,4971
1970,4686
204,4697
497,4939
4340,11
2376,1855
2042,4675
3753,4989
3080,21
1780,4776
3267,2813
1250,4920
1647,1838
2930,2827
3028,4890
1555,4818
1721,4900
737,2765
4038,1729
1912,4250
2778,1833
1411,4907
2707,133
2130,4752
3520,4786
2793,4938
2296,3884
879,2835
1227,4882
1263,4686
3230,5004
1646,2847
3545,4964
3203,4961
2049,4910
2939,2841
4117,4797
2967,2824
2254,2811
2128,2849
3653,4916
3207,1834
1453,4904
2115,4720
4277,2795
2613,3878
742,4986
3917,4788
1478,4912
1923,4677
3025,2856
4604,68
4008,13
2433,4889
1035,4680
3027,5063
2609,4768
2888,4938
1624,2799
2171,4678
1535,4918
273,2840
1815,4800
1142,2856
2713,4930
2538,2844
3735,2841
2666,2782
4875,2820
4310,13
417,4855
1710,2803
1481,4820
3431,4877
2509,5018
3639,4994
4593,63
2283,2784
3341,4987
796,4673
3074,4739
226,1730
1153,4970
268,4266
4174,4930
1546,4892
2182,4905
1162,4613
3490,4870
1972,4675
2502,4673
3097,5075
765,4735
1083,4678
3763,4773
2886,3
2992,4250
2216,145
2182,2796
4113,2864
4010,4675
1570,145
1416,2820
4415,2844
3159,1732
3429,4964
979,50
615,1856
5014,2786
3765,4858
289,2838
3669,2773
3526,4956
1441,4763
688,4957
3284,1
573,2826
4532,4916
4853,4926
2221,49
2111,283
1179,4990
1589,4743
2428,4901
1336,5000
4184,40
4049,4979
1868,4961
4426,45
5021,4820
3488,4818
832,4972
3030,4772
3858,3878
2319,4903
4031,4916
934,2764
5023,4961
3075,2818
2828,2784
692,4674
4702,8
2639,5066
2665,4797
43,4635
4813,2813
4112,114
5052,2808
1888,2849
1710,5002
4127,5064
225,4695
4327,2790
1646,4793
2877,116
2377,4937
3413,34
1138,4250
1466,4735
1084,5064
3788,114
4418,1856
3673,4992
339,3
3274,1748
2172,5004
2042,2867
3919,4858
2412,4917
367,1837
586,4926
222,4969
2989,4772
966,319
365,38
4153,4800
1147,2826
2229,4746
5010,114
1721,1845
1440,2818
4601,4681
1403,4669
3360,2843
670,4687
2491,116
1765,2800
4421,1808
3307,1832
1829,1831
4600,4773
3537,2785
793,4903
2874,1727
3239,2803
5029,4815
2054,1847
2534,4674
3218,3878
301,5075
1399,1837
1158,4996
2878,4780
4,5063
796,4880
2575,4889
3918,4729
4835,4993
4881,1
4656,4770
3961,4972
2433,4965
4198,4962
4020,4678
1587,4995
2685,4803
2086,4723
2770,2784
2525,4732
3575,4938
97,4695
3605,4801
3849,1896
3145,4963
3514,4873
4010,4978
4703,4785
1724,4770
2645,41
2454,4779
1830,12
4529,4251
139,2860
2514,4884
2154,4962
4721,5074
4315,4989
3791,4886
413,4679
4644,6
4216,4913
4584,4789
2992,4957
1572,4695
1023,1847
1581,2803
4056,2774
3551,2837
1809,1732
258,4250
848,4774
1663,4678
3425,1731
2970,58
4272,68
4660,53
3670,2865
2863,1845
785,4830
3570,2833
1316,2843
4149,4870
2619,5065
1338,4889
2433,4693
3493,319
462,1855
2403,4931
2113,2765
465,4267
437,1847
4038,21
3462,4788
3040,40
3660,4988
4625,2865
4160,61
2997,4883
2044,2789
796,4966
1117,4988
2961,2843
2071,2864
299,4934
2221,1847
1743,2851
3010,5077
807,4891
2754,4939
1806,4781
4948,61
3204,5018
950,1842
32,4682
4217,2799
1166,116
4198,4847
4204,4968
3972,2813
1606,4996
3421,2833
1900,4884
754,1846
3366,4872
5038,42
793,2832
1473,218
3165,4743
3478,4790
4404,52
778,6
4326,4789
4404,1856
4589,16
3506,4816
2275,2822
1916,2829
2412,4746
426,124
2322,4916
3100,4824
2037,4883
1413,4969
3315,114
2523,1748
5015,1727
703,4903
2520,4955
2657,4978
1293,49
3965,4951
1547,4820
4260,2838
197,1856
2937,4783
2103,1857
1509,4929
4663,4876
3416,3914
1866,5065
722,1847
3605,52
4835,2809
361,2843
3773,8
2168,4849
1955,4907
192,4946
622,4832
3576,4695
1487,4883
4949,4972
1060,2782
1760,2818
1888,1847
1950,2779
1285,41
4480,4832
3243,4996
3227,4789
3678,46
1494,113
3903,3877
3249,4862
3999,4880
4652,2823
1051,5004
3549,2838
344,2821
3377,4779
4085,40
3963,1726
3960,2816
751,4847
357,67
2649,2783
254,1827
1306,320
1384,2774
747,4905
2930,4251
3477,2851
3806,4880
3215,4969
4479,2841
1036,2812
1336,4735
2730,4994
1800,4803
203,4753
1277,1842
292,4774
4719,2841
842,45
1275,2835
842,1817
1558,4787
1636,4791
4594,4742
2470,4695
3265,4969
3119,5000
2460,1728
827,4670
1918,2841
4313,4963
3865,4727
171,2800
2529,117
3083,2858
4943,4694
4216,2867
1503,4786
4048,1860
766,2837
1268,4771
3719,45
1752,4634
1772,4883
578,4737
2316,4677
643,1842
5083,2858
2457,65
1502,2853
3532,4939
1701,55
5043,4830
1750,4926
3203,2658
3356,5065
3101,4746
1854,5064
789,4670
1013,4970
2651,4830
3253,1831
2871,4909
3554,4817
400,4785
437,4820
1967,4248
3848,4799
3595,4672
1250,4672
3074,45
2927,2827
2005,4816
1627,4904
3736,4992
727,4935
3701,4952
94,6
2557,4753
417,4824
2912,4992
1116,61
4313,4691
196,1860
575,4784
1993,4828
2921,4777
2152,4672
3845,4889
4593,4792
3077,4783
1600,4906
1637,4918
1708,2858
2082,1839
3764,4772
1970,4779
3167,2794
726,2846
2562,2865
4899,4677
1270,55
1270,2779
1951,132
583,2854
1119,2800
39,4932
2718,4913
4053,42
2538,4884
3215,2857
107,4761
1210,4774
2959,145
1073,4997
4666,2837
939,4939
3520,15
3367,4940
2189,4697
2392,4763
3353,4780
3538,4935
3781,4249
129,4723
4185,4930
885,4998
985,4937
196,4958
2214,4786
1775,1837
3822,4670
1873,1735
3845,2860
3215,4670
2454,2825
3333,2773
440,5004
1672,1851
2203,4738
4116,2833
86,4930
4058,46
2274,2812
1965,2776
1250,4690
1604,2822
2089,4789
2016,2772
3689,4801
1550,4679
59,5075
3858,4635
4706,2826
78,4955
3366,2787
3186,4819
3720,4253
2484,5075
3925,4743
3852,4777
202,5065
1644,4879
2065,4732
3391,1833
4545,2811
4119,4680
861,4693
3736,1732
3389,2838
2741,3914
2153,4735
522,2813
1072,56
4636,5075
1267,4991
1039,2840
4109,4770
2892,1851
2708,54
3740,11
687,4739
1533,4693
3018,4754
1374,4683
2485,3882
2980,56
4495,2825
3953,4941
2403,4797
4291,4752
172,2845
744,4954
4569,5065
3569,2765
2807,4828
2318,132
849,4768
2368,4787
1741,68
994,4693
704,5063
1960,4957
1105,3884
551,3914
4540,4858
3654,4634
1554,4938
798,2843
3290,4815
4332,4783
5068,4961
606,1728
790,3885
4269,1730
3712,15
4660,4926
2301,64
2868,2845
2574,4993
4331,4890
1504,5
331,2779
691,4886
3776,1840
263,2853
4191,4963
333,5063
454,4965
2749,4635
656,2860
660,4688
4059,4890
3136,1728
2496,4783
3185,4266
1003,4969
1301,4776
2051,4735
2366,4720
3368,3879
2414,131
2778,5069
1664,5000
2525,1850
970,61
2176,4759
1287,66
4475,2658
3232,2838
1217,1848
2436,4742
2623,4786
1331,2864
1678,4818
1440,4679
421,2840
3920,4673
3451,3879
611,2782
143,5001
2346,4759
1168,2803
4538,115
3989,5075
3676,49
362,5066
4073,4885
3925,4956
3421,1844
4615,4906
2734,21
3477,4742
2778,51
1821,4816
4981,2835
1859,4783
2597,4939
1002,4877
79,319
3759,3914
3226,2824
844,4991
3947,4634
3696,4992
4119,2851
955,4932
999,4886
3555,5070
4105,4768
3523,4889
493,4962
1805,5069
822,1848
906,1726
179,80
162,40
353,4781
189,4265
2156,48
3415,5004
785,80
1716,4849
4578,1831
4428,4738
3146,1733
2106,4731
2322,4684
1820,4695
2922,4908
2729,41
3644,4770
761,2784
3632,4250
3351,4972
787,5066
532,4751
2040,4970
3317,2829
4833,2818
4131,1837
4853,4635
2655,4654
2381,2831
1307,1849
383,2821
2624,4909
4480,3505
2989,4785
265,4754
525,4766
3990,4860
4658,4961
979,53
2063,1818
3121,4900
4159,4778
2252,4789
558,4965
373,4918
1317,4749
1780,2854
3696,4911
2113,2784
438,53
2229,4697
3282,5069
4205,4763
4534,4979
3982,2831
3788,318
395,2837
3980,4944
1992,2821
861,1788
2120,4803
491,1732
1984,4248
2898,4251
712,4668
4236,61
3459,4903
3499,4978
1891,4731
