1736,4792
176,4969
632,2790
2338,4830
4004,1732
36,4912
3863,1833
1978,2847
3556,4877
5011,2860
2365,2788
2165,50
1119,4673
4467,5064
4106,4677
4246,2808
3216,4831
1108,2849
3496,4906
3047,5
3302,4887
1158,2786
2306,4953
1338,2858
835,285
3592,2810
1054,4888
500,4784
2094,2812
620,4769
718,4729
844,4876
1666,2826
1450,117
1620,7
2100,4873
1280,4671
3006,2835
1669,4929
2694,4250
20,4817
821,2776
3583,4829
4328,1848
4106,4249
3118,5069
217,2855
2403,2790
2132,3880
1295,4676
1688,4896
3519,4929
2033,6
3068,2846
3387,84
2931,80
3319,11
166,2817
1320,4265
302,1857
3902,2858
863,4888
3520,4944
228,1846
4578,4918
1670,1846
3098,1808
3841,4800
806,2867
569,4880
3428,3881
4151,49
368,4996
274,4847
1540,114
3367,2808
3327,4720
3472,4962
983,5077
730,4267
2515,45
1377,4829
1478,2862
2135,2820
4009,4941
2577,5064
1675,1834
2028,4879
802,4873
2589,1737
3725,4676
4570,3880
4494,4672
2577,4697
4426,4250
619,4654
2095,1843
4134,4685
3823,2825
4567,7
755,4693
441,4747
2591,4743
3113,5064
2157,4890
4213,4989
289,4996
1356,4742
4505,4877
1687,2773
1376,1861
1708,1726
608,3
3567,4912
3167,4992
533,1842
3567,1837
660,4761
1963,4964
4725,283
3551,132
135,3878
1825,4891
1165,4773
2096,2812
2724,4685
696,4792
4711,4735
1141,4267
1569,2658
783,4921
1113,114
4170,1837
1344,4696
4198,4735
2436,4815
4329,4860
4101,115
4079,4267
1097,5073
2694,2765
3008,42
1324,2858
1707,4786
623,4848
2485,2808
1665,2786
3086,5020
4338,4920
1290,13
2205,21
3674,2844
837,116
1696,4965
4003,3505
2380,2825
4590,4872
2581,4882
3020,4264
1398,319
1332,1847
810,4817
2495,4937
3755,2856
3528,4940
1182,3913
4591,34
5012,2773
2464,4882
2418,4934
2415,5000
2151,2827
4120,54
428,2812
647,4669
3202,4955
2934,1856
1438,4781
2521,4944
3543,1726
2936,2781
2187,11
1322,4913
1249,4855
714,4939
3061,4993
169,4963
1892,13
3381,2788
1399,15
548,4696
1799,4668
651,47
2256,4909
347,4860
521,4889
3580,4870
4045,2817
3142,2857
3859,2867
4219,3886
4262,4939
3809,46
1502,4695
3845,56
3889,4670
3270,4931
2100,3914
18,5019
2638,58
2956,4799
541,4952
2381,51
4618,4860
3182,4880
3772,4797
399,3
3438,4915
3335,1837
3229,2858
3431,2866
2323,4248
2896,4731
2771,4729
4865,1734
2051,2776
2714,4763
231,2799
2654,3886
4581,4689
3911,4742
3199,4784
1782,48
1819,38
869,4696
1927,1849
2102,5065
1143,2784
4377,4994
3250,4936
2399,4734
2454,1731
96,21
3120,2847
605,4819
1744,2846
4216,4251
2435,4788
2200,4773
3125,4777
1254,2841
4498,4956
4497,1860
259,4847
78,4831
635,4731
1351,4961
388,2853
3340,218
4120,4635
4518,2837
3022,4966
2253,4763
3044,4858
181,4830
3245,1831
884,2821
2116,4962
1500,4678
3478,4832
720,2796
1942,4995
2019,4729
4871,1850
3217,4829
651,4828
2624,2764
1375,2811
1964,4753
4648,1841
3649,3882
2735,4915
2976,4968
4899,4676
392,5018
2575,4753
3982,124
521,283
401,4775
1593,2867
2755,4884
2258,4686
1347,4926
4104,84
4626,2823
2988,1733
24,4880
1398,4912
272,2767
592,2772
4295,54
3670,5002
4103,4797
5079,4690
1535,1
153,4957
4043,4266
4532,4940
1244,5002
4598,2865
2050,4926
2992,4694
2615,2773
25,4737
282,4913
3312,4820
1413,54
4261,4961
440,3883
1624,11
4446,4761
3968,61
2132,4888
4585,3912
4833,4987
4370,5019
3157,2845
2379,2774
3054,2849
1514,46
3904,3882
386,4697
112,4762
1345,4682
2979,2823
4014,9
3660,4759
3510,2781
888,2783
1350,4782
4238,1835
4299,4870
2414,4266
2879,4777
3360,4691
3473,4670
3383,4738
2677,1833
1887,4918
3189,4831
2649,116
1599,4963
1121,2848
459,4883
1512,4815
2667,4742
1059,4687
4408,4989
2961,4934
2241,2774
1659,116
2207,1733
2586,4886
3502,4888
4758,80
4474,4799
1085,2798
4095,1731
3847,4267
455,2813
681,2822
1777,1732
4859,4800
3922,13
777,5070
1113,4831
2903,4913
3769,2840
485,4882
4539,4787
710,4799
5037,4251
5084,53
2176,2865
1767,4830
2053,4687
4439,4737
3510,3878
865,1725
1910,65
5009,4730
3715,2833
4980,4654
4568,4908
4637,2843
4564,1837
2158,4733
1688,113
1739,2857
811,2844
4108,2822
3386,4937
3953,4267
669,4789
4470,3913
1148,65
1221,117
4165,4732
798,2840
2008,3881
4190,4748
3730,1849
414,4917
3789,46
4351,115
2109,4820
1208,5
2247,7
5060,5019
462,2829
1871,124
1767,63
927,4729
4395,4908
1422,40
2287,2767
2161,2833
1621,4920
792,4681
2009,4848
2904,4787
815,4856
3907,2826
515,4779
3321,5004
790,4723
702,4849
2132,4723
300,4944
2460,5069
3035,4799
246,4742
4798,4946
3516,4888
257,4824
2071,4816
3589,2853
683,4734
3700,4930
3640,2779
3274,4934
3838,40
4373,4968
384,4991
648,4764
2255,1840
1601,62
1279,4970
2326,62
492,2786
2229,4788
1922,4989
1372,4914
4893,4957
2859,64
3647,4887
4087,4954
3034,1840
1703,3880
3069,2789
3432,45
2410,4964
4548,2857
577,1818
3633,4672
1542,2773
2925,80
3753,4753
840,4966
2384,2840
4623,1840
4525,4694
2181,4265
3569,69
1931,4753
477,4732
1866,2865
2940,4765
1630,4674
2352,1725
1309,2783
2432,4972
3928,4953
721,4857
759,4929
795,4872
3937,4800
4381,2671
1809,4987
2022,69
2927,4890
2966,4887
2251,2846
3711,4265
4928,2772
3766,4876
653,3886
1094,4992
2112,38
1981,4675
992,4681
561,1837
4194,2853
3804,4940
4418,4987
3166,318
4700,5075
2233,60
3998,283
3693,55
828,49
1672,4791
4056,2812
125,4766
1355,2812
3252,4926
3298,65
4976,2839
1112,4889
2533,4751
4020,2812
1167,4882
3443,4800
1216,2814
3230,2788
3301,4797
169,4730
4518,1833
1873,38
609,55
3261,4692
3979,2825
874,1817
4726,2821
471,4777
4642,4672
2041,4877
2454,4947
1385,5073
815,5065
199,60
4597,145
4083,4993
1335,4920
3704,4682
365,2838
1355,4912
2418,4736
589,4801
1168,2847
154,4803
103,4772
4173,4966
1754,69
200,4946
2615,1
1443,48
3957,6
1721,3912
3130,2855
1916,4921
3002,70
2092,66
2249,4896
4652,4820
2548,1846
2804,4885
4181,4769
781,132
1010,4728
4196,13
2971,68
1796,4953
4173,4680
1925,4731
3916,42
863,4885
1702,3877
1509,4681
3058,320
3753,5070
2532,2867
2158,4958
4454,70
2704,1788
2453,4931
1356,1842
3256,2851
1221,1843
1341,1848
4006,4909
411,5064
4354,4654
1492,46
1677,4727
4058,4987
4454,4872
4134,2845
1936,4671
338,4879
4113,2848
1384,2848
2916,68
1686,4912
3278,4749
4710,4926
85,5020
4633,65
1441,4779
2578,4267
119,4749
1100,2849
4441,4883
1174,80
3773,4961
1078,1862
547,2864
2592,4797
3434,4828
3825,4879
4515,4876
4836,4914
3228,4860
789,1834
3565,4946
2679,1856
4269,3924
2770,2782
271,4720
3446,4768
3937,52
2544,4903
2679,4249
762,2776
2791,4931
2721,4739
3608,4668
2579,4816
622,4248
162,4692
3037,4896
3734,51
5014,7
649,4991
1186,4911
2263,4920
845,42
1888,4887
3902,4877
3614,4987
959,38
1485,4972
2185,4783
4238,4932
633,4965
1591,4669
2806,133
1364,7
3291,145
1450,4692
4390,2765
4107,4885
3064,4779
2171,2786
4798,50
549,285
348,114
2566,1833
763,5018
187,52
3047,58
2125,5070
1244,2858
1115,1848
3096,16
3286,4849
2664,4778
3758,2866
900,4718
906,4920
3661,2823
240,320
4398,2787
3257,3
3466,5065
4529,4815
1915,4800
557,4684
4492,4783
2208,4768
388,3881
528,4735
3246,1861
605,4735
3910,2794
3923,1849
362,1742
1935,2781
4434,2782
1820,2835
1040,145
3165,6
1312,1728
3572,56
1789,2837
3685,4819
748,2783
192,48
1599,4952
4802,4790
4047,2813
306,8
2638,41
3825,4635
1904,2835
887,5063
1823,3882
2492,5
4591,4987
1081,4784
1636,4668
4139,4772
2736,4936
2631,4690
2830,4731
1151,4251
4573,4759
947,4761
641,4860
3998,4723
3443,2839
3141,4956
4455,4872
3989,2765
3861,2808
3255,4787
2198,66
158,4885
1110,1837
1633,4695
4648,320
2134,1808
3931,4781
3437,3879
3456,4906
4498,4681
2571,2779
2881,2795
2021,2839
290,4753
1956,1856
274,4992
25,4772
4585,4916
516,1861
1255,2822
4192,4685
4,113
239,2794
3049,4671
2237,133
3236,1835
2369,2785
3345,1732
3059,2837
2729,4250
1459,4907
1685,2810
627,4742
942,2846
3216,4969
4077,4654
2899,5063
3792,4957
2469,114
2463,4785
2728,4958
3594,4917
3946,3886
3939,4850
4865,284
2324,80
1126,2835
650,2856
2561,5016
2537,4800
3298,5075
358,5000
400,2794
2084,5001
1371,4987
1905,1834
2521,2808
1089,4987
330,4998
1298,68
3005,5066
999,2809
1908,61
647,4979
1332,1730
4236,2788
1592,2671
3545,1839
3170,4879
3289,47
2232,4971
741,60
3248,4792
445,1733
311,4690
2614,2786
4794,4916
3129,4772
3412,1827
642,2837
2348,1740
1507,4904
2266,69
3166,4958
981,5004
2517,5063
1332,4964
3858,84
1943,4882
2497,319
2556,4679
1992,2796
3811,2848
2948,1742
473,1740
1430,2798
2303,4849
777,80
4269,5063
3797,2768
3947,4789
3183,2820
961,3915
1127,4669
1418,4995
3264,8
1505,52
2926,4817
4587,1730
1882,1835
186,11
3838,2853
2926,285
4625,2835
1805,1849
3738,1846
1706,2790
3834,2857
4445,54
204,4946
4449,51
2759,4831
4222,2846
2973,2841
2985,4774
2326,2816
2474,2787
2401,4824
3724,1748
4512,4692
2493,2846
4657,2817
3895,41
1083,4784
3011,117
2672,21
1682,1788
3167,2772
4298,5001
2180,2848
1524,3885
2068,4730
3676,1732
4106,4747
952,4690
2695,2837
4390,124
3197,4820
1273,4696
1438,4957
1243,4749
1119,4760
309,4912
4839,5002
5012,1861
4514,1848
3820,5002
618,1847
3383,2829
2601,1849
1093,4680
3381,4760
1496,5065
3091,4831
4479,4904
929,4780
1623,4930
4424,4829
5068,4894
3457,4764
2230,4998
3018,4672
3647,4931
2218,4265
2157,1
1165,2860
2244,4966
4223,5074
780,4730
2947,4939
2567,4697
2509,4753
383,4694
4487,4926
2908,84
1218,2671
5039,1843
4277,5073
4444,5004
2010,4880
4579,2779
198,4878
4119,4964
146,4896
619,1834
1718,1816
4127,4690
3561,4783
3553,1818
3623,4891
1792,4952
1456,2839
3350,4772
2142,4817
583,2800
1121,2855
1813,145
2077,4847
731,41
1168,4903
3956,4250
3477,4911
692,4793
4339,4902
4648,12
878,4723
2233,2789
3789,1860
1468,4695
3599,2658
4020,4958
593,4993
2114,5002
2738,4730
2146,1728
3104,4824
4089,1862
2480,4763
1780,4773
3481,4693
770,4997
1053,4688
2651,2781
2042,4783
2202,4751
995,4738
1630,2785
1682,4931
403,4904
2392,4860
274,4679
3529,2864
3494,2818
2242,4963
1577,2814
248,4791
4239,4681
1667,4880
4554,4919
2155,4783
795,1833
105,4870
3242,4995
1813,4850
954,2841
153,60
2896,4742
4379,4993
1233,4947
3419,2811
406,5069
1617,60
4333,4953
4977,4861
4313,2867
3405,4848
163,3615
3211,4762
1909,4831
2019,4905
3896,4684
2875,34
3384,5077
796,4921
2241,56
1414,2857
3868,4753
2576,133
940,116
1393,62
730,4926
4506,3883
4557,4765
4980,4988
2323,3885
4429,3913
1083,3615
4661,4754
3901,2832
2778,4952
1351,5077
2162,1731
202,62
3519,2823
2101,4955
1444,4947
4871,1817
2653,2849
139,2839
505,1851
3535,285
597,4773
213,4780
3572,4849
36,4894
234,4963
3868,2821
2131,4818
949,21
1713,1788
4491,2814
4440,5074
36,2788
3925,2658
3340,2822
4716,1843
895,4751
100,45
983,4669
2183,4848
161,1737
2691,6
3868,1838
614,4790
1111,4251
3612,46
3752,1839
918,21
930,4720
3088,4937
4646,2795
1260,2860
2117,4786
5027,2814
3656,63
1123,2824
697,2816
715,4750
257,4970
2292,4965
1588,4815
1516,2857
2393,4797
2135,4766
3123,3881
2539,4747
1859,1837
4179,4688
3228,4970
2435,4737
3843,1748
2893,1861
1400,4687
3662,3878
692,3924
293,1849
3133,4856
1781,4742
1465,4680
3228,4761
2616,42
2511,4785
3676,4965
497,4751
667,4673
3782,1832
826,1
2956,2848
715,1896
1804,58
4945,4829
4928,4909
4631,1847
5032,41
516,4986
583,5
4118,1832
651,4760
1620,1842
573,47
1599,2847
2302,4760
3623,41
2730,5065
1533,7
3272,4673
1236,2818
976,2814
4127,2803
1598,3
1590,4890
1426,4785
492,2867
5014,4878
3904,4689
3042,62
2336,4818
1377,4934
4370,60
2623,4770
2755,4944
1508,4738
1253,4673
3126,3615
3129,4828
3239,5065
1036,2837
4834,4861
4087,4613
3454,320
2530,4958
1354,6
1300,62
4623,4832
2117,4883
1584,65
2444,4831
1557,1734
1672,3878
3979,4914
4495,1733
3088,4935
1180,5075
3506,2774
1068,1857
4700,2846
4238,2783
3235,1728
3160,2854
1523,5073
594,5063
3150,283
3862,2803
618,2798
942,4800
3578,1732
1136,4691
490,4739
4289,2817
2960,1841
3863,51
2381,1849
3291,2866
2889,4739
251,4940
3936,4782
2729,4970
2472,4862
1604,4940
1650,51
2366,4912
494,4693
4478,2800
4350,2821
899,4681
3380,5074
2166,2826
337,4891
2137,4777
3704,4905
1562,4917
1514,132
3873,4951
388,4815
3262,34
2004,2827
2059,2781
4443,4688
5017,5069
3630,4780
2,2796
2529,4829
3999,4862
2295,4914
5047,4921
2147,2838
2271,4755
3771,47
2579,1831
2286,2823
2056,4266
2758,2782
3580,2831
2078,4746
1813,4934
396,4855
767,3615
1642,4965
5017,48
1897,4768
1277,4669
3626,5073
925,4862
2197,4680
381,4683
1321,5002
2751,4987
974,4730
2130,4723
1936,4687
3294,2782
5013,2800
354,2821
2999,4888
766,4903
2033,4932
3965,2843
1016,62
418,4784
4325,4741
3863,3914
1009,4937
1864,4897
3357,4861
5079,2774
3391,69
1494,4753
3756,4678
1367,4765
2192,4994
3173,4692
1945,4251
365,2823
2005,4678
1859,4890
2654,1831
3787,3885
1378,2781
1697,3
4014,4991
2031,4685
3742,4963
3848,2817
3710,4905
2625,4688
2489,4818
4442,4936
4048,4763
3798,3883
637,1817
198,3505
3734,65
1288,4901
1212,4935
1555,2782
807,4855
5036,2825
2522,4954
1202,1839
2549,65
641,4720
4500,4917
3606,15
2417,4897
1793,132
4074,4783
3472,5077
1114,4913
610,56
1050,2829
3261,4900
4360,2811
4984,4885
2805,5075
1891,4856
4008,1827
4170,2846
2427,4952
3917,4249
2091,9
1645,2767
2391,4861
2248,4831
4398,2822
856,1731
276,4968
1470,4862
1058,2671
4205,5066
229,4803
824,4915
2198,2786
4080,48
834,60
4658,4249
1573,1835
739,4727
3661,2822
2472,2867
3795,4921
488,4936
1252,3884
2068,4902
1165,2837
4441,4892
4376,84
2778,4687
152,4820
2026,4930
673,4995
1942,4251
360,319
3124,4765
28,2767
4095,4790
2486,9
1716,3881
3738,4900
1151,4793
150,2854
493,3881
2982,4954
876,5065
2685,4818
4045,2829
372,4760
1340,1725
3944,5066
1003,2845
1659,4938
1615,50
2368,2782
372,4879
3056,4818
3224,4884
4357,4830
741,9
2215,4750
269,4737
437,4250
1031,4762
1258,2855
5027,4759
4539,114
3805,1857
714,4789
3272,51
1552,4910
3112,2790
1899,4883
794,4684
1458,5002
4468,2809
3976,4877
3194,4919
2681,4952
4406,113
3947,4905
3148,2841
2141,11
388,4944
2718,4971
4203,2843
4624,218
2933,3883
2976,318
2195,4919
2358,3914
932,4929
1558,2847
864,4727
2683,4669
314,4786
1576,2787
3376,1855
3096,5063
2963,4816
3636,4926
4017,4884
1124,4858
1629,2764
3579,4689
568,13
3747,1725
4392,4997
4184,21
682,2857
1925,1834
1261,3885
422,4253
4601,4932
3461,11
1236,4889
1893,1740
524,4858
1651,4613
1061,4787
2602,4920
4924,64
1980,1728
1949,4889
1083,34
3399,2818
3377,47
502,4693
800,4727
801,4888
4522,4862
1184,53
3997,4253
271,4695
2769,4681
1574,1862
4388,133
3405,1733
2056,1748
2761,4848
2328,131
4163,3881
1662,2865
2090,2862
2946,4930
3032,1
2908,2810
3571,3882
634,1843
3804,4998
4465,49
1593,4848
2120,5069
1964,4908
4725,2658
3556,4817
438,4688
97,4946
755,1740
4161,1831
3421,4910
2726,4908
3703,4870
1372,4954
2434,5073
1712,4742
2654,3884
890,2837
1229,56
1987,2848
5033,4917
4630,4849
4083,4954
3016,4832
1633,5073
659,4750
2758,4971
459,124
4712,5075
3840,4970
1308,4654
3455,2658
1191,124
2593,4765
612,2783
4225,2813
1948,1831
502,3880
4658,2817
1443,5016
574,1836
86,2786
2957,1816
3981,4771
4756,2786
3682,4747
2937,2796
4446,4668
329,2845
3176,2814
4504,4685
3744,3882
990,4787
994,4782
4099,1742
501,4947
3046,4773
1460,4730
4344,3879
457,2831
375,1835
1906,2789
4270,4914
3047,4761
4959,2865
884,2823
2686,4938
2089,16
4638,2846
3744,4797
192,2849
1107,3879
3283,2833
177,4939
3034,319
3692,4914
248,2808
1689,1
3115,1838
3098,1860
389,4918
706,4888
1201,3885
3771,4872
2341,4771
4122,4690
1321,4896
4705,67
2586,4789
4443,1850
2218,4747
3620,5000
4205,2787
2566,65
1217,3505
3243,2849
3573,2768
1363,4832
2369,4766
2941,4965
4553,4781
1097,4909
1667,1846
2089,4879
2107,4728
911,2814
3417,4787
3099,1836
2989,4730
3700,4797
1299,4972
3575,4728
3013,2824
3000,63
2500,2781
1989,4766
3927,1861
175,4249
2636,4877
3333,4971
965,4779
2976,56
4559,4992
892,2838
914,4900
1125,4952
3252,4746
1790,4682
3862,4872
2793,2865
3439,4755
3683,4743
2580,4932
2730,4675
3624,69
1315,1742
2414,4264
2215,4674
608,5020
4653,2764
4532,2764
3763,4264
2278,4936
4808,2849
1128,2817
4871,4889
1377,5064
3366,55
2288,2810
3188,51
323,4613
1886,4908
3206,4914
2904,40
946,1827
4216,4861
4358,4936
3032,1841
389,4920
3825,3615
2010,4770
328,1726
1426,4829
4099,4777
2733,3879
1368,12
3662,2658
4481,1855
2371,4792
2309,42
2038,3885
3757,4792
2999,2827
4416,4723
507,1837
189,4673
1024,2795
483,4777
2977,4902
3459,1842
3153,4791
4428,4957
4214,3914
2195,4961
697,4988
2933,4878
1623,4947
556,4911
448,2837
449,4730
1784,1862
2926,4850
177,4779
3968,13
3055,5066
3946,4786
3070,49
2140,46
3863,2810
2905,2785
3853,84
1471,1857
4392,2776
1142,4920
3142,2794
1016,4613
2744,4730
2362,2847
2063,1735
1692,4686
2802,2847
4933,4764
162,132
819,1835
2265,4746
3235,2831
1510,2803
4355,4857
4129,54
3487,8
3438,1732
1062,64
2618,1727
3608,4675
3295,4781
4045,4754
898,4676
1003,48
4461,2764
1241,4683
420,1788
1420,4878
665,2865
1568,52
2770,4250
1096,4679
1085,131
1789,5
4509,4690
1807,4830
874,4870
3012,4815
3054,4696
3225,4908
4329,2824
3126,132
19,2799
4150,50
4200,4669
3947,2839
2631,5064
1323,3914
3748,1737
3613,4914
3802,4634
875,3615
3601,4765
370,4613
23,3881
281,4679
3848,4861
839,4970
923,1737
1661,4890
2869,3885
963,2776
297,4890
3660,4789
357,4831
5059,12
2579,4681
742,5065
1481,4687
267,4613
773,1841
1491,1808
3034,1731
366,5016
1381,4691
125,1846
657,1816
1013,4735
4927,13
136,3912
2189,4264
1864,2855
1030,2779
3745,2845
351,1726
1437,1849
2257,1742
3539,4971
3809,84
2695,4265
3300,2845
1991,1844
1723,58
653,3884
4493,4994
2424,4946
4845,4781
3131,64
903,4896
4141,1817
856,4678
3825,2816
984,4773
4158,4764
3870,4988
2585,1729
3855,4978
393,2847
3336,145
3051,4879
1975,4792
2969,2844
4433,2831
3761,4850
146,4790
257,4697
4294,4801
4479,4250
3132,4995
1686,4900
1013,1732
907,1845
264,1841
2595,1735
2260,4913
3067,4771
975,4986
4168,4986
3936,4673
480,4951
25,2832
1189,4677
486,2795
3105,4763
1487,4917
3073,4879
3130,4741
4599,2837
4083,4995
527,4969
3356,3885
4415,2814
3079,4694
4155,1857
4522,318
2666,4734
2373,4971
1889,4749
2192,1847
2125,4763
3730,4902
4415,1844
4181,2840
241,2820
3354,4729
2307,4815
1337,2846
3795,1840
4796,5001
3215,2783
3105,4969
4025,4904
3622,4858
1481,1843
2211,1841
3763,3881
4656,4965
389,16
1496,60
1267,4797
3534,2788
3444,2658
342,16
3969,4913
3509,4937
3429,1844
4589,4775
2637,4818
4050,4723
3046,2818
3432,2844
1045,4779
2070,4956
3156,4815
2056,4688
3388,1861
4585,2785
714,4720
1762,4264
2655,4782
4233,4931
873,1737
228,3884
2738,4979
427,4955
3185,4921
4022,4935
2599,2658
1469,4774
2550,4760
5028,4882
2362,2787
631,41
303,2854
1029,4692
610,4694
1336,2851
300,4727
3671,13
2740,4900
2123,4970
795,218
3995,2773
82,2853
887,4674
4120,4771
1217,1737
2706,1842
3138,4847
20,4914
4631,38
3585,4926
955,2839
2625,56
1067,1841
4139,4776
4975,1845
3965,4735
3420,2851
2728,1737
872,4883
2316,4991
1477,4736
3651,4849
3513,284
3212,5000
3293,2854
165,4995
1474,4979
1034,1860
2184,2860
2556,4669
4208,4990
1510,1857
4623,62
3799,3912
2583,5000
1658,4677
3797,1855
2702,3886
5011,4992
1543,113
2373,4764
610,283
4390,4773
1109,1843
1065,5018
1812,1818
1916,1843
4657,4819
1573,1834
4463,2838
3159,4817
387,4791
2333,4682
3401,2825
2439,2866
4853,4894
4067,4671
291,2856
986,4734
4837,2848
2194,53
3643,4937
501,3879
2778,4684
1921,4962
904,2862
820,4695
4137,4955
1568,2837
1101,4696
1892,4968
612,4932
849,4734
955,4979
2979,4690
2379,1844
1638,2808
2251,4693
587,5077
1757,58
1770,4681
4081,2799
3515,61
3279,12
3088,4817
3931,2849
1432,285
1415,2816
945,4679
4948,2837
1280,4910
1769,2824
703,4685
624,21
4795,2820
3791,4979
263,4779
1385,1848
1020,5004
3649,4958
3395,4687
1718,2808
1036,4251
1384,4940
656,1732
623,52
1474,5074
3766,4856
1270,47
4222,1832
710,5077
3077,4824
1988,4680
3351,4995
1310,2786
4013,2781
3252,4979
818,60
2619,1727
4501,49
3400,2788
4708,4733
3345,51
640,4768
1797,4682
2146,2867
4339,5020
623,4962
1994,2764
2198,51
863,283
858,4734
3082,4820
2964,4723
2521,2818
2270,4947
3723,1843
1434,4748
4225,2786
4209,4787
2285,4781
1582,2768
3667,4861
4450,4799
325,4998
897,4848
220,4265
5029,1837
1256,4265
450,1837
2382,1818
2222,1731
2130,63
1461,4817
32,4990
1942,4266
4618,3881
3138,5073
3544,4862
4716,4788
2425,4734
3627,4894
637,4958
1478,4988
1905,4938
2801,4926
3724,4934
2219,4634
1875,4761
991,4930
4019,1847
461,2783
2252,1833
4628,55
3928,4883
4063,1896
791,4849
3970,2783
2332,4938
757,4635
896,56
3738,5065
2476,2776
3297,4613
3518,2833
4165,52
3265,4860
2712,2796
3336,218
4426,4936
2377,4891
3551,4733
2147,2851
4373,2774
1546,4816
1913,4915
205,4986
892,41
197,2823
1166,3878
1718,5001
3151,4946
4517,67
2460,2789
3233,4738
4309,4793
3592,4972
2390,4918
5023,3913
1681,62
3997,4800
3041,4847
3149,70
4659,4847
1758,60
1529,4884
700,1728
409,4770
3902,4760
878,2824
1797,3881
2996,55
751,4891
2297,4946
4624,1731
2148,2788
2138,4995
625,2783
1924,4951
4577,1831
4602,4906
4881,4987
1539,4654
2163,1845
3072,2785
1100,4770
2718,1729
1655,2846
1526,4785
2683,4249
4113,4990
4536,2810
522,4793
2225,4674
1905,5077
4813,4892
2451,1730
4559,60
3907,5018
4044,2838
613,4681
2385,2803
185,49
1217,12
1175,2794
838,4957
1201,285
1401,1733
4337,1835
3350,4635
2443,1731
2201,4793
2662,4992
3826,2864
4053,69
1275,2853
1761,4829
1137,4749
4539,4681
3966,1848
3226,4748
1388,66
2320,11
2065,3912
1961,46
2597,41
1303,4723
3716,4997
2355,4986
1344,56
2938,1833
90,4681
3449,4749
3097,2784
545,115
4659,4940
4495,2823
1756,3885
2562,4987
871,4951
2746,4978
2250,4677
1404,49
1709,4994
1599,4776
445,1832
3564,5063
2462,2818
2941,5077
724,4683
256,1831
134,4917
3997,2764
73,2827
2183,1840
3389,4685
169,4915
2579,2795
1931,2855
1449,2849
3783,4909
4967,5016
2654,1788
2568,1735
286,4862
2196,4978
3337,4889
1745,2820
2401,4991
4263,3
4352,2837
3701,4918
2581,4737
782,4754
2379,2857
913,4897
1716,65
1298,2810
690,1831
3335,4729
89,4729
4967,4734
2400,5063
2139,49
975,4818
2082,2658
246,4747
2476,3882
2890,5065
2692,4797
2561,1816
112,5066
653,2798
2066,1816
2564,133
923,4729
2704,4989
1445,4820
1890,5069
3449,4654
1304,4941
2403,4688
4570,2855
2358,1729
2443,2776
3552,318
3905,64
2458,4915
194,4762
2301,4902
3755,4775
398,1788
3119,1836
3055,4855
1085,5075
2598,2827
3792,1726
4510,4790
2481,4770
299,4695
609,40
3439,4957
3903,5016
1813,4848
2965,2823
3078,46
296,4900
3254,4963
5060,4832
1745,5
3921,4777
1081,4914
892,4669
2496,1742
4322,3915
1242,3877
2517,2794
1528,2786
2686,4997
3487,2839
3509,4784
2239,2851
1744,4883
4662,63
2288,2827
1875,4818
3529,2785
2744,2855
933,1831
3946,2796
547,4830
4177,4735
930,47
2006,2773
456,2820
2968,2782
3854,2826
2070,4695
2995,2823
3524,4882
2250,6
4147,4743
1114,4937
4315,4870
727,4820
1117,4674
3209,4785
1142,2813
1743,4786
3929,4675
3443,116
600,3882
4621,4991
1983,1734
1269,1844
2082,4787
403,115
4488,3
1544,62
3143,4958
4648,4733
2279,4880
1537,4902
4561,1740
720,84
3975,4828
470,4673
898,2798
4651,4686
237,4885
3598,4872
2815,1
4278,117
1123,4900
4384,5018
4114,4930
387,1844
3586,1748
144,4994
1946,4738
3679,145
2948,4781
1429,4958
754,4966
3983,4935
1410,34
500,4815
600,4789
2815,4992
1026,5073
3423,4801
1230,4970
3087,4793
2455,4828
1325,4718
4581,4934
381,63
1307,2867
100,4750
685,2811
3147,4739
786,4829
627,2809
3157,4677
3854,4931
658,1845
2285,319
2908,1862
2555,4858
2194,4694
2999,4677
590,3914
1582,4979
2328,4987
4284,1846
2173,2774
1007,61
4352,4613
1790,1840
4435,2816
4469,3878
234,4800
2416,4697
3991,2835
1955,4697
3247,1847
907,4677
485,4689
4331,284
4589,1840
3891,4760
3007,4685
3280,1850
3503,1842
1222,5069
399,68
463,4754
2355,4919
1190,4613
3086,1846
4642,4989
2999,319
4948,1748
2228,4916
1951,2767
1389,4955
0,3505
879,4934
2120,1896
2201,4993
2043,4997
3857,4858
4446,115
4080,4979
3362,4910
1005,4791
2395,4820
219,4635
1986,2790
1990,8
1775,84
706,1832
1684,21
2053,4267
353,5073
3682,4801
1826,3914
209,4930
3568,4731
5051,4676
567,4783
3573,4688
4493,115
1265,2810
4288,4873
20,4815
2690,3886
3945,3615
2473,46
1037,2818
400,2820
3576,4880
4505,4774
2933,4253
629,4990
3775,12
886,4905
1771,4929
774,2839
585,285
763,4677
3211,2799
3215,69
3856,2776
2747,5020
3743,4671
1919,3879
2036,3
255,68
28,4695
323,4673
5082,41
4722,1862
661,5002
3270,4856
2182,4749
3055,41
4505,40
4625,2811
4383,2847
4468,1742
1822,1729
312,4668
4809,4739
869,4781
3763,283
1754,1896
4834,4749
2701,50
4423,49
3267,4679
1932,4791
619,4775
1102,2832
1043,4915
4233,4930
2356,2786
2617,5070
459,53
584,4913
649,69
3580,45
3411,4737
1388,1788
1124,4800
2151,2787
280,4755
3706,53
4586,3883
3728,1855
2932,1816
2285,4697
5051,4690
1262,4889
578,84
400,4956
3251,4249
2918,4962
28,2811
4004,4675
2754,2799
670,4946
1154,4731
307,4830
722,1
3190,4675
1142,4887
4423,2831
3396,4755
2974,4771
4004,5074
2739,4784
394,1808
533,55
122,2839
620,2865
1619,4739
142,2837
3446,4775
4439,4870
1469,6
4507,4696
3657,4917
2121,3912
2731,285
22,2798
864,1734
157,4780
4641,8
1207,4736
3011,2825
146,3881
470,4765
642,4997
2414,2658
2096,3877
3204,4678
3692,1729
1978,4887
3278,4979
4745,4904
3057,4907
3708,4265
4381,4929
4134,2818
2736,2799
4515,4720
3441,4749
4535,2788
412,68
5028,3880
2031,1849
1258,4880
5041,1725
1549,218
2303,4783
748,4934
2378,4978
5060,113
2395,4912
4285,2658
4714,4884
534,4968
4553,2853
3383,4998
1346,4696
2569,6
3607,4248
1041,4763
4839,2857
840,4900
4577,4885
471,4671
4122,2817
4228,1732
3997,117
981,4675
3422,4939
181,1737
3554,4793
3636,4680
1174,4907
4295,1846
559,2800
2170,4889
3235,4613
4078,3915
902,4654
601,4816
4336,4677
925,4914
4806,40
2894,4850
2291,4955
1965,4997
4066,2839
499,4920
420,3
696,4907
2579,1748
1819,4668
2272,4930
1618,131
275,1843
2648,69
22,1808
4142,2829
2219,2787
2025,4926
3486,4784
1665,2790
3368,2844
4660,1861
3842,2862
3075,4932
4701,2671
4124,4862
2683,4686
3839,4969
2668,2765
3223,1835
1882,4672
1961,66
1167,4929
1694,4761
2420,4751
1745,46
982,1856
441,4904
4643,2789
1199,2779
1021,5020
1079,4880
1852,3
3145,4695
4160,145
2299,4720
2705,4885
2724,4761
970,318
4534,4909
3697,2855
1500,4829
643,3882
3119,4800
1503,4879
2180,4251
1770,4792
1889,115
1610,2798
729,1857
3934,2826
3539,1856
2496,34
2328,2858
2026,60
3056,42
3205,133
584,1857
2415,131
2979,4769
2115,1835
2185,284
4347,1840
2288,4790
626,4733
469,4969
3412,4742
707,4785
3699,4939
5034,5000
109,2817
238,2783
3753,1730
2276,4879
4063,3877
1720,4847
2200,1732
4116,5002
4067,4988
3137,4681
1011,1846
967,4266
2943,53
4260,2817
679,4797
1897,4748
4417,1848
1910,2829
4135,4993
2414,5075
3302,4897
1104,4680
527,2837
4028,3912
4271,4860
26,5064
3269,5070
267,1729
35,9
1805,84
2323,4737
2159,4997
843,4787
3244,4681
1379,4677
1992,1817
1009,4965
4715,4781
4069,133
3110,4966
2343,2829
5015,4957
4575,4954
876,5016
241,4888
1146,4779
648,4914
641,42
1514,4992
2355,4737
176,4728
2889,4697
1195,1817
495,113
1266,4791
234,3915
4487,4954
5047,3883
343,61
2409,4694
372,4862
4167,4775
3314,4753
3336,4253
1967,4997
764,2809
2703,4913
3074,4775
2129,8
4199,117
4518,4978
3164,80
125,4723
4391,1849
4950,1860
3261,4952
485,4763
1342,2835
1670,5004
1964,4892
1295,1861
2282,1827
4124,4691
2683,4861
4555,48
4330,4926
5023,2823
2311,1734
490,4998
230,1856
1323,4695
414,319
633,4993
1205,2768
1383,4831
1936,2862
729,4937
290,4784
2551,1840
1555,5018
1882,2787
4017,4918
4045,61
1894,4792
1488,4916
378,7
4898,4879
1075,4938
74,284
4054,1845
4238,2838
2879,3915
2749,2844
4717,1847
1621,3924
2220,1742
4863,285
1828,8
1640,4790
57,4997
3542,4986
3897,4953
598,2821
3271,4850
3139,4944
2103,3878
1018,70
3295,320
3770,4818
1629,4764
3802,52
3818,4774
2669,133
2546,4730
1784,34
561,4684
1304,1836
20,133
4448,4264
3020,5001
4843,1843
858,2841
1250,4785
963,1861
950,2826
1907,2846
5081,4779
2937,4734
304,2858
2406,4892
1511,4955
2387,69
1192,5065
1416,4872
165,4954
1540,54
2890,84
903,4828
2249,1842
2167,2854
4061,4783
1668,4861
278,1731
4447,4934
915,4956
4276,4991
1164,4697
575,4880
1736,3882
1927,1817
1412,2810
3279,4253
2416,2841
1685,3505
3142,4890
4527,2796
1913,80
631,2853
3952,1834
1479,4890
1283,4781
2360,4753
3003,4786
2929,3883
1204,2795
1328,4695
3204,2829
1013,4937
2382,1857
2430,4734
1886,4691
2934,2812
3300,4738
1874,4820
1595,285
1381,4830
1428,1850
2460,2847
1660,4799
3750,1857
2049,4848
1395,4728
993,4966
4573,66
3112,3879
3326,4766
1040,5070
4020,113
3813,4829
2645,13
2271,4907
4052,4250
4149,2811
577,4880
2443,4905
3257,4915
2072,69
4703,4858
2325,4746
949,2768
1664,1732
121,52
1768,5020
4967,4860
3234,4760
1920,4994
5052,4799
4060,1860
3537,4966
3776,4736
3906,4723
2903,49
4556,3885
3149,2811
3592,4264
847,114
2895,4750
1616,3885
4381,4891
1474,4669
1789,4956
273,1737
3381,1851
1245,4265
360,4790
891,13
1900,1861
3840,4934
2385,4952
1633,1734
138,2843
2510,41
1481,4883
4144,3885
2160,4935
275,4991
2043,4820
2375,47
179,38
557,4739
2225,4797
3858,3886
2320,4759
1510,67
2164,2794
912,1742
1527,4934
1214,45
3984,12
3471,1740
3211,3914
4596,3884
111,2774
4051,4937
4895,2854
476,4784
292,4613
1441,2829
4239,2782
3113,3912
2642,4876
2089,124
4077,114
4319,2841
3097,2818
2037,4998
2698,4765
3103,4926
1787,4771
2219,1840
3454,3884
3792,4678
3608,4691
3328,4891
623,12
3794,4994
4174,4932
201,4936
2461,63
4524,4678
554,4940
2661,4728
595,4994
995,4946
2885,4885
3644,4654
1261,4968
428,4912
3080,4689
996,1
1706,318
3986,4876
1357,56
1577,4962
1616,4872
1823,1839
2306,4266
4823,4782
3122,4678
2738,4991
3440,4686
2560,4670
4949,7
3943,1896
608,2658
1055,1834
4626,42
817,6
3982,4991
1252,1732
190,4776
4215,1730
4182,3877
5051,4679
685,7
1669,4954
3247,2856
3786,1838
3665,55
2033,3885
528,4774
1115,4730
4042,1835
495,56
2218,2858
441,4684
1559,4730
1395,2765
3932,1856
1972,47
536,4671
4168,4782
2411,4926
3441,4903
3039,2862
2694,4800
2896,4887
2000,2849
4562,4848
2440,4755
2973,4749
2225,4890
2645,3884
88,4800
2998,4799
3181,1834
1146,1849
2068,4686
2467,4901
3568,11
4234,4894
2668,1729
3249,4966
5011,2867
1762,1833
903,4769
4212,56
4810,2867
4133,4877
601,4870
1087,2796
4610,13
2545,4931
4309,4753
3605,4876
431,1742
885,4903
1019,4886
618,4991
3080,4654
1104,4735
768,2841
1300,2658
1143,4764
1688,48
1434,4790
1476,4944
4149,4926
4403,2671
3238,4761
4561,34
2641,2841
1005,4776
3888,4820
2378,4929
2804,4818
3708,4986
3729,4891
4345,4694
1409,1748
4186,4690
4871,84
1546,5
3180,2799
3401,2798
732,4861
784,2824
3246,4914
508,2838
3672,4741
4000,4792
1196,4915
3842,5069
2742,2866
1307,2846
520,70
4745,4857
3023,2831
721,4680
758,2865
480,2840
998,4673
3997,1855
2196,4907
4396,4773
1212,4930
2706,70
332,4734
4389,2843
1173,6
484,2658
767,3880
1491,4752
3457,3885
1622,4876
3383,4727
689,4929
1161,1737
2394,4997
4180,5074
554,4896
2975,1827
2873,1833
3975,4768
2429,4765
1319,4954
3299,4781
749,4878
2525,2866
2216,4907
937,4771
3859,4248
4530,4752
3844,4727
2533,4783
1956,4931
2392,4791
2920,113
4341,4850
1197,4800
2062,2794
3209,283
2769,284
1630,4963
3042,2824
3585,80
2469,4691
3982,4955
905,2846
481,5065
4798,1808
1457,1838
1201,132
2890,2789
3158,4770
745,4968
4281,4742
601,4774
4515,4926
4317,4906
3780,4249
127,4791
3768,4801
3603,4736
1761,61
2676,113
2217,12
3377,50
4948,2839
106,4901
567,4688
1638,3879
3582,117
3446,4790
1619,4752
1273,4966
961,4677
2420,2826
2010,4680
214,5063
573,66
2863,114
142,4878
201,4741
1023,4830
4055,4749
2382,4962
4010,3
4974,1896
1089,4894
4057,1808
1891,34
4143,1837
593,7
1121,4944
3119,4992
29,11
1508,4695
1642,4917
4609,4934
1067,283
736,2787
5034,4886
1689,4777
611,4908
3899,5016
2070,12
2533,4817
3024,62
3953,1729
4395,4762
1339,4778
1902,1818
2184,4732
783,68
3899,4873
5076,1841
4642,2813
1556,3
1415,4774
803,1
3413,1832
4597,67
1657,1818
418,2765
2311,16
4447,4770
1912,4684
465,2798
3738,4917
1255,2784
3253,1856
1382,70
861,4777
1392,2846
950,5018
1079,34
1526,4773
820,285
2925,4861
4090,1841
3511,4890
2230,4683
217,4904
3158,2817
4103,4887
1294,61
17,2799
3206,2867
2046,2796
541,4947
2830,4830
2495,58
3292,8
1107,4879
4205,1735
2627,4691
3750,3505
4703,4896
4874,3912
3284,4695
1189,2783
4465,3881
1663,4755
3163,5074
2557,1844
889,4902
3646,4680
4255,4750
637,4736
3705,4986
2090,4788
5040,4762
4358,4749
252,1735
4548,4993
649,4729
1149,5019
4639,124
2405,1855
4503,2768
788,4920
1904,1833
4090,4832
3107,4820
1220,4955
2259,4888
3649,1842
1458,4765
4009,4669
2514,4775
2956,1726
3580,64
4807,49
2264,320
2596,65
4822,4992
1131,1862
520,4729
3347,4937
355,4697
889,4849
1146,1725
1549,1850
4434,4772
2753,4783
4307,4792
2211,3880
5006,4940
3010,4992
2683,4906
3854,5019
4150,3879
2878,132
2309,2845
4618,5001
1196,2851
356,1834
548,2812
848,4906
1083,53
1703,1836
4583,2776
480,2866
3892,3915
4068,4731
1047,4917
267,1842
1456,4792
1626,4870
1865,4761
1975,5074
3108,2795
170,4829
2313,4792
432,4747
3724,4692
3000,4755
712,2786
3450,4672
2077,4746
740,4686
3659,2838
3365,4888
4609,4913
1398,114
3242,4731
1524,3881
1521,4908
1402,113
690,21
2305,1857
668,4856
2101,1838
4235,1831
1162,2853
2481,4901
4319,4850
3517,4670
4165,1862
2090,4774
2332,4832
2122,1816
841,16
3491,4787
4628,4774
4120,4897
4088,4693
1494,1827
3322,4952
1254,4681
2521,48
746,3877
3511,2847
3769,4785
3303,4803
3648,2773
85,4801
891,4978
1557,4993
1226,4787
3798,1841
4710,4693
2624,3879
2594,4962
78,4739
1204,4914
4478,4249
85,4786
2133,1816
1144,4818
3929,4900
1950,4878
4566,5073
1296,2856
2234,3
742,4896
2540,4850
4102,3885
548,2786
1669,34
2039,62
2739,1833
2731,4991
1636,2788
627,4996
2255,4693
3971,4882
4967,16
3178,116
1291,1845
2277,1851
4618,4765
257,4801
2005,5070
3911,4675
298,4741
614,4905
3046,4265
1877,2773
3922,4965
2330,61
4202,45
3229,4736
2714,4681
4563,4888
384,4966
4302,2860
2703,2790
1290,4910
3681,2854
3289,2799
1773,4734
778,4695
2879,53
738,283
3173,4904
548,4267
287,2824
4172,3886
4645,4683
3780,15
1495,4759
2593,2833
3308,2790
950,4775
3440,1818
2474,4250
4076,4253
2572,4989
3565,2857
3426,1861
4812,4790
2174,4742
29,4987
2354,4759
1081,4912
1970,54
35,4684
4302,4848
653,1816
4562,4952
851,2820
4473,1831
1235,2776
1366,4883
2333,4769
3129,4890
1628,4770
186,2783
5006,1845
1514,4946
3414,2835
2490,8
1909,4940
2054,4634
5054,1837
4043,4784
4023,4676
2793,2848
4378,46
2520,4829
377,4990
4154,4788
2404,1861
4182,1740
90,4253
788,4769
2255,4778
938,5016
694,50
2921,4862
5032,2813
4533,2858
2149,2773
2036,4753
192,2816
1419,3880
3695,2773
26,1827
1741,4784
2931,4677
1027,4968
694,4787
492,4786
4542,4266
980,124
4074,4820
4290,1733
192,4675
1068,41
2870,4832
207,2671
428,4931
529,5074
4067,4920
4129,4890
1065,1845
887,2795
1113,2840
3418,4803
3696,4681
1773,4720
304,5020
2472,1844
1978,4830
930,2821
2058,4886
1235,4788
4421,4829
4073,13
4136,4248
3642,2862
214,4696
1594,4910
1245,4264
1943,4785
2194,3886
1342,4759
1404,2851
1890,1834
4607,2764
3742,49
3928,13
4234,116
4570,2808
317,4904
1755,4750
27,5070
1157,16
4255,2867
2446,5074
1530,284
1238,69
2968,4761
2450,2768
22,4754
1761,6
3827,4736
3164,2855
2579,4682
229,4887
945,4654
1086,2779
1105,4741
223,4978
4164,5064
1436,4919
1278,4989
2467,4777
3229,4930
733,4941
1087,4738
2103,4693
3824,4782
3037,1732
1879,4888
827,1846
3090,12
2123,4670
414,4693
2542,4755
302,114
3536,2824
3335,68
706,4941
4512,1855
2193,4684
1660,1837
1088,3615
3519,4766
789,4909
3168,4687
2566,1862
3387,2854
4556,2821
1608,4264
345,1
2980,1846
939,5019
29,4782
316,1836
1553,49
2544,4849
19,5001
695,60
4588,4730
3034,4995
2939,2860
1028,5069
689,67
627,4771
834,4782
612,1831
3486,1818
1031,2837
4162,2822
1080,113
797,2825
3057,1728
4598,4251
3698,4891
539,2822
120,4847
3715,1737
1815,4847
803,4678
3228,4634
4959,2826
2515,2825
3295,4989
2556,4932
4399,1731
515,4746
2566,4746
1197,5018
1659,4883
3961,2764
4807,4793
459,4896
2133,4969
527,1862
3935,4909
4229,84
2960,2812
2170,3915
4922,4778
4298,4730
2546,41
2086,4954
1250,4964
3382,64
1792,1788
3728,4934
3855,4941
4833,2838
3790,4901
3201,4887
3032,4828
3953,2813
2944,4686
1264,4957
150,48
1199,63
2507,2844
4328,4787
4844,4817
2340,1846
3932,4909
500,4879
479,2773
4015,4856
2170,4800
481,4941
2009,4965
3394,1844
4133,4248
1741,2856
2544,4847
4643,4250
381,80
4185,3882
4261,4900
289,5004
2286,4670
782,2820
2657,2779
2935,4994
2686,5073
1149,4791
128,1861
1446,5019
1824,4732
3469,4971
1401,4919
1220,4775
1773,2774
2500,4691
590,62
1698,2783
3553,4749
4133,4683
2526,3913
4090,4873
4503,4994
4268,4979
1720,1849
4489,4970
2883,4723
2868,5000
2975,4692
4597,1841
1167,4654
4482,4654
488,4848
1910,2794
4826,1849
1566,4737
1277,1831
1290,4996
1491,4755
4384,4729
906,4720
22,2796
3148,4679
4441,2790
2559,4684
4256,1862
5037,4690
1216,4746
126,2864
4001,5020
118,4693
3919,4817
4190,4251
2945,4917
1765,4784
4036,4850
622,2820
3977,2773
1307,4876
4526,4914
4809,4892
791,2825
2736,2785
3526,2772
3575,1748
5017,4718
2538,3
2522,1842
4318,1740
2172,4735
3855,2829
44,2849
3166,4737
2587,1844
4875,2789
1326,51
1256,1
3671,4765
3180,2782
3377,4786
3999,4907
1704,46
3469,4876
2602,2856
4082,4994
1480,4886
4190,4681
4852,4734
1171,4955
371,1851
1540,4782
2144,4907
1931,4782
205,3882
2355,4820
3773,4688
1014,66
783,2841
637,115
2295,4989
3649,4947
2557,4727
3429,4672
2079,4892
3184,4998
2744,4883
1351,4654
5017,4958
2451,2803
4725,4885
2677,2837
1711,2658
1046,4886
3027,4677
799,2764
371,4879
2461,4684
3396,2796
703,4908
4207,5063
4116,4998
2336,4991
3889,2810
1433,4919
4415,4929
2971,5018
1608,5069
1424,2789
2722,5065
1515,4936
1944,4890
3359,4952
2280,5074
1365,4773
3264,63
4630,2822
3449,117
3970,4952
2543,2768
777,1734
1799,3913
911,4748
2650,56
4028,3883
2608,1832
174,4952
1448,4755
2819,4777
2967,4800
3538,4732
4146,1734
1525,4944
2922,46
3559,4886
3179,4978
140,1833
4386,4817
3338,1730
934,1861
2018,3913
4553,117
3285,5020
4201,5001
4502,46
4277,4969
782,4789
2558,4819
515,4679
3672,4992
3572,1808
1758,2843
1680,4971
257,1827
3169,4729
3254,2840
692,4770
4182,4964
1652,7
4147,4815
4382,4828
427,4731
3854,131
1482,4957
3370,4797
456,3877
2608,2866
3057,4932
767,2854
965,1840
4667,4920
778,4784
3123,1808
316,2844
3404,4940
4169,4789
2962,4817
3416,2822
4555,4918
4211,2799
2859,4986
4823,4832
1711,4968
3719,42
3643,5000
3301,55
2033,4997
3055,4685
1944,4968
4072,4738
954,4759
1158,4907
5082,4931
3213,124
2468,4886
824,4674
3176,4828
606,4947
887,1
3383,2776
1623,4920
1042,2858
1094,4723
3892,1818
3692,84
1156,2865
3415,4962
2376,116
3009,4850
4666,2783
302,2764
2515,4751
1098,4801
2688,4964
4945,4858
2715,2825
3429,4738
3399,285
1288,4964
1976,116
476,4824
202,4735
23,4735
1151,4654
1219,2826
3629,4954
3191,4855
2946,4769
4438,16
1418,1843
4177,2840
2870,50
3065,5070
1924,131
2901,4902
1638,145
945,4251
4202,1855
272,3505
1873,3912
2189,3886
3751,4696
2010,4828
3699,4955
583,4772
349,4879
1529,5065
2094,5000
3716,4992
2695,1737
2030,5020
555,42
2484,4249
3083,5064
3120,4958
2927,2772
1900,1740
849,4894
4541,4958
190,4913
2257,2776
1074,2835
603,4766
1578,4634
4567,70
2041,4969
1165,1856
556,4917
3579,4992
4585,4891
872,4781
3405,1847
2993,11
3137,4987
3786,4885
4922,2788
4629,4816
1583,1737
237,318
3871,2837
3463,2856
752,5074
1552,1735
605,4688
286,2779
3235,283
93,4903
3440,2853
2493,4989
2075,4686
4084,2808
2534,4764
2925,4687
718,56
1261,8
1720,2796
4009,2847
691,2794
1417,2854
1539,4782
3366,5070
2137,4855
2328,116
3260,4671
762,65
1560,1818
4351,4849
78,2785
2383,285
2211,4787
1252,4799
4973,4747
4571,2816
1492,4848
1031,1838
4141,2776
3024,5000
4433,4766
2336,1837
2900,4989
4548,4951
3899,4676
1263,4819
2673,4944
289,4747
770,4913
1222,46
571,4694
1712,4774
4371,2844
3946,1808
4507,50
2877,2847
4590,4920
3435,131
3947,2845
324,56
3498,5001
1189,4670
1174,47
2686,5000
439,2786
4144,1730
1515,4672
4392,4947
4502,4882
2322,4787
4557,3880
5024,4969
1121,1728
2177,1835
4666,2803
3529,2790
3696,2764
2863,2833
2419,1896
3873,117
3653,2789
2144,5075
1525,4791
2640,1730
3768,4858
3148,4831
1584,2767
4221,1742
4069,4897
3698,117
5028,52
271,4741
3763,4993
1041,1732
2296,4777
1889,1816
4960,2816
5082,4763
97,1838
159,4911
2342,4958
2550,4253
1221,4769
3433,51
4011,4755
1360,3879
816,1861
1417,4673
4191,50
1325,4920
186,4801
4475,5019
4278,4913
2576,4681
4080,2781
138,4857
4140,4914
306,4829
3411,4729
1900,1840
706,2776
2138,2822
36,3881
77,1837
1693,2845
2540,2843
2029,2767
2640,55
3162,2786
2685,3915
2030,4250
399,2856
4372,4870
3168,4752
4365,51
4609,7
3857,1818
1339,4674
111,4741
4621,4778
3850,2787
5039,4783
1913,4777
3577,4905
3685,8
4898,2813
1231,56
375,4991
933,1861
1630,4789
378,4919
2732,4857
187,4944
3197,4929
557,4882
3859,2816
4960,4862
766,4729
1879,2811
656,2833
256,4987
4118,1837
423,4801
2888,4801
1040,4670
4632,4944
4193,4782
1750,80
2521,4780
4517,4952
4051,4920
1497,1856
2354,70
1769,4670
1936,4889
2870,4672
2517,4760
2339,4248
4318,4748
929,2841
640,2772
3678,4919
707,4747
134,4693
2171,4909
1077,4969
2807,2816
969,4926
2669,2847
1131,2796
2667,4998
1756,4613
2498,4912
4006,4996
2424,2824
3806,2849
1916,1835
4016,4996
3488,1817
2306,4264
770,4885
1487,4992
774,4917
4041,5020
341,67
3958,1860
4235,1729
1658,68
3356,2816
693,4678
3223,4769
1968,4935
517,4963
699,4736
3896,4862
899,4782
4407,2821
940,4820
1110,4770
1715,2790
3094,2658
509,8
3963,1839
4029,4831
1685,4695
3081,3914
987,2855
161,2867
684,4817
1629,4910
186,2800
4422,4876
1149,4772
1903,4773
4376,4692
469,4718
2930,4672
4000,4635
1284,4668
2449,42
1541,1841
1575,4743
1086,8
1917,1846
1963,2839
3245,4956
2641,4793
4650,1729
4487,4764
1772,4860
1075,4692
805,8
3109,4931
1276,5016
3566,4668
3728,3877
3759,4887
269,4760
2925,1731
3335,4684
1161,4917
89,2867
1578,51
1045,40
2815,2865
3329,4786
3529,4816
3274,4885
998,4791
3665,4694
2147,2845
2990,1731
1216,4797
1003,16
4552,5016
3468,2862
3730,47
4056,2768
2876,4995
2682,4958
3676,4788
150,4872
2371,4742
4091,1832
4838,2671
3669,4952
4744,66
3255,4939
3053,4911
965,4685
1306,3913
3551,4954
3960,4847
4840,5064
2083,70
2258,4914
3621,4891
3473,4941
2459,4831
3692,4779
3635,116
1467,1846
703,2858
3337,2765
1010,2829
1283,4857
3996,4964
3319,5002
4230,4765
1918,1731
3749,5073
1299,113
4328,1855
1322,50
1115,4682
1230,1729
3746,2786
4146,4737
498,4695
2686,4897
1645,2839
3701,4986
3434,49
3150,4894
3081,4917
2523,4879
143,4789
3826,1841
3223,1731
4420,4791
1527,5077
3934,3914
3907,284
4337,4876
2645,2789
3525,2811
2929,4781
641,4683
4643,1732
401,4913
4232,4783
2202,4654
1607,4800
5046,4987
3324,2845
3156,4970
1943,2862
4254,4671
2348,4849
2340,56
408,4748
2083,2813
4719,4686
903,4753
1023,1855
3543,68
4703,1896
4556,2779
2113,4759
1610,2855
4309,4769
3159,4732
4311,4765
852,4993
1863,5063
2131,3886
3832,4803
768,4752
3600,4954
2709,2865
2183,4694
2603,6
2966,62
4592,1831
2162,2860
2269,4680
4018,70
3062,3880
2066,5074
4270,4776
3964,4691
3339,4934
2920,4900
671,42
1823,4668
1662,4986
4272,1733
3917,4674
2110,4908
1243,4885
625,1834
3828,5077
2312,2765
3796,4929
2180,3505
2301,1
1490,4755
3895,4858
1590,4779
4434,319
5040,1838
4177,4676
3037,4763
1505,4962
1637,5001
637,114
3281,2822
2554,4733
2686,4770
3037,4876
1964,4772
3635,4908
542,63
2123,4730
1529,4675
1088,1847
2350,16
581,2840
1067,285
1119,218
1905,4760
2834,4989
2212,4793
1197,2856
4344,4993
2588,1855
525,4781
2197,4727
1032,4896
2417,4737
257,4900
924,1827
2930,1840
3215,4797
1698,4803
366,1856
3312,4783
3861,4784
3871,1817
923,4958
4117,4748
2673,5019
287,4831
1171,2837
1542,40
2917,2865
1517,4997
1670,4693
5022,2774
1193,4951
1346,1
4017,4760
672,48
3777,2853
1240,4769
3090,4936
4495,4878
3559,2813
2499,4954
3463,1730
3513,4860
253,4689
1234,2784
4331,42
2052,5065
1251,4685
2275,4970
3857,4992
4405,4669
3175,2783
1987,1843
400,4697
1058,1733
349,4634
2901,4883
4603,4765
3644,4850
3645,4775
802,4819
765,4829
508,4848
3799,4907
2850,21
3006,4738
2327,4905
1717,4990
3809,4680
1583,1896
1637,2838
2251,4914
1799,4968
3444,3886
4242,52
3601,4879
2256,41
1018,4736
2769,2816
2511,21
4744,2783
1819,4909
3965,4961
816,1851
2778,2814
3596,1732
558,4917
1274,4970
3701,4754
2394,4793
972,2824
3997,4828
2292,4921
1885,2782
1258,4979
1391,4669
1009,4890
1878,4732
264,2854
1210,2823
739,2779
4064,4919
2129,1860
2078,4870
1775,4763
5037,320
5056,4885
3079,4762
4411,4910
74,4682
2372,3886
3035,5002
564,4668
2007,2837
1569,9
3994,114
1980,319
95,2845
3029,2773
3349,4885
4454,3878
4063,4937
940,2798
1464,4849
224,1816
719,1845
3690,4748
2445,70
1621,4766
4442,4778
1240,2785
2487,2829
2647,4778
797,4926
3899,4824
1091,2848
294,320
4229,2810
679,4831
3561,4946
4278,4906
1506,1851
1137,4882
2755,15
710,4932
2754,1734
2504,2829
838,1834
173,4752
657,4931
3894,7
2151,145
1828,1727
2203,4732
925,2822
3609,4861
4106,133
5084,4799
2019,1836
2118,4914
2663,58
3847,4687
1584,3913
1423,4781
4377,4248
3501,4676
1805,67
3104,4882
5033,124
2307,5066
3748,4781
2643,54
2486,4769
627,2785
2231,2809
2288,2833
3015,116
3244,1748
1624,5064
344,61
3976,1730
273,7
2630,4678
3577,1727
1982,1844
3041,3505
2570,4910
1166,2767
3148,4778
4002,2789
5062,2799
1706,4860
2267,4771
667,64
1745,4882
752,4785
272,4720
4093,4733
3175,4986
1398,4731
3442,2840
1787,4760
4709,1862
4806,2784
3296,4876
4275,1730
1645,50
3631,5000
2336,1727
1448,2844
3909,4897
1491,4682
2303,21
4637,48
3382,4990
3144,13
186,1729
2525,4958
416,2840
2323,1860
4040,4799
1348,2843
1474,4791
1970,2832
1358,1818
2451,1827
2891,4878
4710,4891
3331,1818
3099,2838
4593,1733
2617,2768
1632,4847
2674,4751
620,4679
3976,4779
2970,2838
2018,4734
972,2860
3075,53
628,4765
1705,2812
5008,4763
1254,4729
1829,1816
722,4668
1129,4996
4123,69
2182,2843
1578,1844
1417,38
3082,4681
172,117
346,4952
3354,2773
4190,47
295,4687
2411,2821
98,4735
4511,5001
3274,4749
4721,4672
2569,67
655,4682
788,4668
3532,80
4717,4915
5060,4994
2510,4884
2062,3924
1143,1848
3712,2658
3828,4251
2667,2829
198,2795
2210,8
3416,4880
812,4979
3617,15
4975,4673
2325,1833
2034,4819
2356,4966
2368,42
4399,1833
3872,4777
1039,1838
662,4673
4417,4766
224,4887
4810,3877
3564,1851
984,4828
5022,4936
415,2831
4074,4818
93,4683
4143,4799
4297,4670
1430,1734
563,4832
4390,4913
2017,4801
3351,5063
2013,2843
3383,1860
2717,4690
265,3886
1108,2837
1478,4860
856,4763
873,4803
714,4697
2899,1733
1145,1735
930,4746
4615,2820
644,4857
3720,2865
4627,3914
1132,4727
3176,4760
2191,2808
3283,4764
3568,1733
337,1735
4539,1848
4346,4832
546,2837
2294,4635
4223,2867
2174,4790
3405,4764
35,4732
4187,62
2675,2826
4566,4992
3339,1735
2254,49
1884,4900
4606,4954
3629,4749
4034,5065
461,67
1035,4675
947,46
349,4768
3027,5070
43,4759
2331,2795
24,1
3410,4904
1787,1730
1369,9
2753,4916
221,4720
2531,4952
2687,2844
5025,2764
571,1845
2936,3878
2031,4885
1270,2671
2287,4800
1055,15
4272,4673
920,4248
4933,4634
1403,4971
1398,4679
2966,2816
1723,4931
4598,4770
3079,2816
383,4903
1367,2794
191,3913
3126,4987
3196,4996
97,2800
961,4750
249,4748
2165,40
2400,3878
325,4761
966,4761
4231,4912
4796,1729
3925,4997
3258,49
1876,4723
4151,4772
2601,4672
4593,4858
4026,58
4323,4896
1532,61
2285,4818
3363,1843
3452,1856
3636,4946
1272,4693
3814,2768
3402,4613
1168,4779
1388,4878
818,4972
4500,4696
393,4897
4394,5069
974,1817
3578,5001
135,2835
1240,4856
1883,4779
934,1837
2032,4921
914,1896
2328,3883
2249,4952
2231,4696
4397,2837
1390,5065
3442,4671
4527,1840
3213,5069
3736,3879
1666,4990
843,2851
2509,3877
1942,5075
4093,4770
1381,4672
2929,1818
2411,4915
4583,2786
2205,2853
3070,4824
5082,53
4111,45
1197,5016
3609,1727
4472,4753
1506,4831
566,218
25,4870
3064,2820
4380,2798
3002,4785
4478,115
3275,56
4101,2812
4170,2838
2511,4944
2665,2810
4241,4872
369,1725
146,4773
4473,4678
2038,4752
5052,3913
1614,6
1583,4735
3362,5069
4218,145
3845,4731
1279,4249
2581,4870
143,4890
2534,1838
2887,1730
3270,2781
4144,9
1464,4987
1408,4685
3833,2823
74,5074
3802,4680
763,3915
2223,5070
2148,2783
2629,2818
491,2854
2428,1855
2868,12
5076,4694
5047,2858
776,4747
3148,4876
1343,2671
2083,4734
3903,4748
3497,4266
3317,4831
3023,2824
1523,4803
1211,67
5010,4746
151,2788
1507,66
3918,4849
4644,1833
3641,62
3351,4778
2713,4901
882,4782
1743,2773
1997,1733
2578,4816
2380,2782
3356,2779
4022,1862
2696,2855
125,4697
1781,4998
428,1788
3909,4968
3459,3886
3362,4861
289,56
440,1896
4313,3505
4975,4824
1989,2864
893,4862
1426,2820
453,4760
1792,1740
5051,7
4,4730
2012,4743
3818,2838
2202,6
2025,38
33,2786
716,4789
1658,4686
1977,3505
59,4718
1019,2773
4384,4953
4194,1833
147,1850
2128,2774
1212,4737
876,2827
2664,4753
5045,4849
2209,2827
1937,4817
4444,4787
3133,2781
2379,4830
1128,4971
616,2848
2006,4848
2284,1734
1776,4732
1996,1832
472,9
4328,1838
4187,4986
280,4884
4225,4697
3418,1850
3172,4882
785,4992
3772,41
3292,2773
1116,2767
644,1846
157,5016
2039,65
428,4688
3219,4931
2657,4670
2488,3882
3968,4891
4278,2841
1247,114
4445,1896
728,4987
4338,4686
4486,2858
4372,4862
4303,4746
1287,1817
3431,4958
1229,2844
1670,1816
2298,2833
1302,1728
2666,1730
3077,4803
4374,4697
2662,4968
3577,4772
3236,4783
4116,4992
2207,4876
263,4932
3669,5002
2676,3878
1231,4690
883,4800
3685,284
4410,6
2792,4677
2538,4936
2135,4734
3111,4917
453,2853
2667,69
1886,2772
3309,4763
4022,4900
2172,4751
493,1735
3807,4749
3369,4671
4852,4776
420,4830
4646,1838
2063,145
712,1731
1607,2849
1492,1730
2185,1827
4471,2781
3468,1862
263,132
4562,4880
811,4762
3269,4858
4373,1733
207,3913
4666,4903
2154,4634
3269,66
4509,5
1540,4766
2090,4991
1462,2787
3121,4773
1610,2794
3424,2809
4366,4691
101,4748
4331,5064
3864,4634
1073,66
3135,5019
3552,2789
4985,4769
2770,4914
3327,4926
1935,4762
5058,145
448,4993
88,4670
2157,4791
91,2785
1113,68
824,3879
1252,4741
2053,4785
992,1841
2650,4936
372,5002
3645,4887
0,145
949,4752
2325,4817
3655,4797
690,3914
2552,5065
425,4941
5024,1851
3504,1840
879,1816
1798,4956
3429,4946
1235,4751
2930,38
1440,4266
2,1849
2876,1850
359,4790
5017,4680
2666,4753
4420,4968
1720,5073
3819,1855
2174,4969
4825,70
1990,84
1083,3882
2938,4849
3498,218
1692,1734
1134,4776
1224,4879
3833,4887
3418,21
3659,4968
3658,4749
2534,4832
1758,4779
2362,2821
1972,115
2373,1851
4619,5016
3597,4894
1875,4778
2976,4994
175,1841
3002,4887
3925,4860
815,53
636,1788
3637,4994
1489,4766
913,1855
163,4970
1018,2789
1217,7
3532,4669
2284,4765
3209,4760
2545,4654
858,2835
415,2858
3956,2764
3715,4953
4407,4828
1528,1733
1139,4772
2290,4986
475,4906
2105,84
1233,16
2780,4876
5037,1834
1110,1856
3222,4789
3332,2812
3224,7
3399,4972
3715,4727
3272,4971
3611,4979
265,4828
2052,4857
243,4692
827,55
31,4742
3380,1849
4195,4739
3863,2786
568,47
522,4978
2815,4728
1938,4883
1224,1840
3323,4764
1234,4779
511,4736
1543,1737
3107,2841
482,4915
4073,1729
2007,2858
3280,4862
4004,47
4089,4728
2777,6
5038,4824
3576,4954
2914,4673
3654,4803
921,4941
26,2823
1716,2866
1332,4786
4111,1838
781,4926
1351,21
3062,4856
2174,2837
1717,4896
363,8
1919,4979
4477,4884
1820,60
3103,48
3985,4905
2598,4789
2284,4755
4492,4909
1392,4962
2180,4855
4616,4788
922,4816
3599,1840
3769,3913
1531,4739
1568,60
522,2786
2473,3885
3337,3886
839,4800
3335,4890
94,4910
4659,4912
3369,1833
997,4824
4009,4988
1953,4817
1160,318
2616,4963
4334,1748
908,2824
2734,16
2248,4972
1433,2821
4812,1817
4633,12
3732,4668
653,4872
2073,116
3064,1
878,2857
1215,1856
396,2818
161,2837
226,4787
375,4971
935,2823
2503,4850
4125,4748
4139,2849
2495,4729
1268,47
1170,4990
2871,4793
647,116
857,4791
3918,1727
3039,4904
4160,4917
1147,4953
4580,1838
5022,3883
4875,2816
4303,4829
2447,2823
3060,4870
3340,4944
3256,1846
848,5016
1156,11
3862,4734
3385,4816
2598,4775
2191,4951
2448,4997
3545,132
576,4914
3180,4774
2150,4963
4639,1837
4136,4989
1342,2867
4216,4992
3765,4941
2526,4248
4351,2817
1987,4687
2032,4831
2943,4754
3940,4914
219,4755
881,4788
4,4791
2460,2772
2264,2851
1508,2773
953,1845
4598,65
756,132
3460,4897
3225,4918
2360,4916
2255,4248
3840,4954
4211,6
506,5001
633,1740
2208,69
1124,4792
1075,4778
3183,4720
2553,4892
2368,283
676,4678
2109,4862
1396,4738
1972,1730
2990,4953
1415,4728
1530,4732
3599,4995
1533,2784
936,318
2614,5074
5051,4907
1577,1733
2578,21
2134,4953
1311,4861
831,2856
1296,4682
1288,34
3872,4792
2539,2844
2088,2794
293,4941
1416,5066
3826,2800
3047,4670
2022,4788
4704,5002
1114,4900
870,4888
1025,4743
3556,1845
3382,4264
825,4892
453,4771
1451,4784
174,60
2629,4912
2156,4775
2115,2794
4708,4689
332,38
3740,4777
3338,4952
3160,4760
1614,53
4627,4992
888,4737
4923,2824
1219,5063
3605,4870
2386,2837
402,4953
1588,4917
1724,4962
3307,1844
1272,2765
1793,1735
3318,2812
4495,2789
3888,1837
3087,2865
815,5073
86,4759
2341,4944
4575,4873
1712,2857
3688,4929
970,4941
978,15
355,4754
1478,4888
4515,4870
2165,2833
204,1847
4277,50
1638,4687
3323,4790
1080,4764
4438,2843
4371,4957
1744,4739
37,2765
3799,4994
2792,1834
2914,4727
4653,2844
2167,4917
4204,4990
3343,5074
2258,2847
4277,4785
598,4746
4656,5004
1027,4920
3103,4904
4284,2782
3727,1726
2208,4952
4000,13
3743,4952
2226,60
1987,4762
911,133
43,4249
1183,4682
3529,4775
1119,4680
4131,54
3456,116
3449,4831
407,1846
4254,4674
1651,145
2383,4799
991,4752
2058,1850
676,4917
2032,1742
3570,2837
2374,2810
3499,4248
4409,3881
4038,4654
2220,320
74,2858
4354,4936
4419,1834
4838,2812
2529,4900
1196,4248
899,4766
4405,1731
708,283
3859,4972
4236,61
2544,2808
123,4777
167,4693
4716,4686
3514,2785
370,2831
3550,4797
1209,2848
751,4829
946,284
4182,4733
3957,1836
3069,4815
4355,4792
1395,2783
987,4954
1584,4741
2896,4970
3284,4953
1288,4908
3201,3886
871,2840
3647,1839
74,50
3084,133
3701,2781
290,2851
3751,145
4195,2855
3433,4760
3339,4793
3188,113
3381,5016
894,4884
1425,1728
3531,1833
3461,4785
473,5075
4170,2841
4515,3880
2735,2781
5048,4877
3637,1727
3220,4956
2283,4731
3864,4940
2013,4857
489,4870
3301,4680
2136,319
4129,4917
520,4963
2026,4267
2266,1844
4130,4828
4252,1808
3066,2781
1525,60
2119,4920
3423,4720
1219,11
1801,4855
510,4906
3893,4997
3559,4671
1615,1735
2909,13
938,2781
1053,4915
104,4991
2492,3912
3939,4735
2396,4687
3121,4697
233,2820
865,4903
4472,4961
579,1808
3438,2825
1919,2846
1139,1834
4170,5001
3839,2817
2261,4883
1755,4861
4365,2796
1501,4797
2912,4879
3895,319
273,5066
3992,1734
503,2827
2680,4816
3019,54
4421,4947
3128,4964
2964,1835
2702,9
4070,4730
715,4876
3086,4683
1082,4887
4725,4961
2539,4991
495,318
4582,1834
359,4940
3021,4816
3369,5000
2129,4930
157,65
4588,2783
1405,2765
617,4676
3736,4940
4482,4782
1153,4958
1815,5074
4928,4668
1868,2658
3675,5018
1983,4989
890,1845
1216,4763
2238,4693
3079,1
206,4947
2524,285
4064,4718
5003,4686
1215,4692
1101,116
3767,4941
3199,4789
3520,61
1956,4989
183,2853
4268,4768
470,2843
2198,4876
404,4671
1022,8
872,4788
1765,46
2393,4941
874,4952
3352,4728
385,115
2363,3915
1026,132
866,4817
4052,58
2850,4989
2715,1729
2257,3881
839,4251
2479,64
2992,4737
2150,4249
741,2816
2300,4877
2484,4946
1399,6
1724,4730
3961,4886
3811,1838
3964,4818
1526,4793
187,5018
3857,4998
1351,2767
1569,4790
2905,4978
4553,4968
950,1818
3000,4634
4376,4911
2247,4775
1819,4752
1212,4962
2400,4267
1568,4752
1777,67
1172,5019
382,2765
2121,4890
188,50
4104,2818
383,4969
921,4754
2530,2785
1225,4919
1667,4264
598,4883
2216,2803
172,4819
3354,4939
4656,4917
1268,3913
4106,4737
1042,4775
3357,4889
403,4884
3420,3878
2777,4682
1674,319
2210,4829
4048,4907
439,16
2007,145
1634,2783
2360,2853
4041,5065
2168,4762
2353,3615
1095,2835
2131,2658
3301,52
1918,4682
4299,4692
850,4752
3852,4969
3736,1855
1027,66
2422,4738
799,4873
3773,4926
457,3912
5029,115
1640,4670
3053,60
2562,45
930,1827
457,4957
2336,3877
807,5075
1621,5065
3361,4915
3005,1849
156,4748
1552,1740
144,4940
1702,1860
2990,4912
2592,4847
1080,3879
232,2785
4629,4668
274,1742
928,4690
4985,1740
2766,4876
2967,4672
677,2784
2450,2825
1035,4792
2652,4901
3252,12
4017,2803
3305,4776
1875,4890
44,4998
2552,4858
4927,113
1240,2787
3864,4760
1109,16
4618,4759
1603,4964
2777,2839
5027,4792
3086,2794
1992,4888
727,4799
1554,2764
1267,1862
3782,4926
276,4266
1224,2845
5038,1838
4394,4803
898,4765
1308,4996
1317,1861
207,4249
2255,1748
4973,2788
4559,2784
4810,1836
1338,4962
4745,5066
4100,2810
4171,1818
1812,38
5043,4918
1624,4780
2322,63
4172,2845
2080,4264
3097,4797
3560,2851
2655,4989
1703,4995
855,4755
4442,2781
2243,4267
1420,4819
1342,124
3467,2772
5015,2785
3238,1851
1854,4723
4574,2809
2590,4850
3019,115
3623,4994
237,1740
4227,4790
1012,1816
2323,3879
4378,4989
3553,2768
387,4264
2692,58
1457,4994
1295,4743
4193,4743
1052,1740
1542,4634
1449,4684
3802,5074
4380,4760
4088,8
1468,1808
4893,51
557,2809
1207,4694
4481,5070
3379,1851
209,319
4075,4887
1830,66
3535,1896
573,4941
4412,1857
2223,4691
561,4816
1406,4882
3774,4690
3046,1733
415,4897
1360,3884
2113,4780
830,4681
2255,1845
3524,2788
862,285
3122,2854
3334,4994
3308,4918
3626,4994
4124,133
1299,4882
4030,4890
2673,3883
2802,145
4664,4921
2172,4770
1414,1748
168,2835
2457,3886
3145,1855
2282,67
3611,54
445,2843
1494,2846
1617,69
1072,2826
1722,4929
3550,4820
4024,283
1341,2847
2195,4676
3376,4770
317,117
3544,4782
1300,1788
3244,1732
2704,2816
3257,4692
295,2826
5040,1817
3951,2803
1360,4940
997,1860
4217,4939
3821,4749
3766,5016
2971,4635
3235,4800
10,4752
3840,2862
1375,115
3247,1726
4441,4735
1231,4934
4298,1742
753,4995
5024,4682
3556,5004
4017,46
3607,4792
515,1838
2770,2851
3229,4861
2583,3615
383,4265
3329,2864
1931,5065
3889,116
4549,4691
220,1845
4208,4955
2112,80
468,4860
4313,52
4107,4850
2530,4932
2323,40
3217,5074
1303,69
4359,117
938,145
2339,2794
1900,7
4950,3883
2414,2827
4154,56
149,4916
2399,4683
2057,2786
1487,62
3498,4966
4700,1833
342,4718
1588,4678
4201,4900
3863,2817
1404,4730
3753,4760
1333,4786
3666,4971
3542,62
4871,4692
3516,4690
3025,2853
1290,1727
3693,2838
5035,3505
1514,11
991,4979
396,1818
1804,4762
4756,4958
371,1730
1036,132
3719,2833
2760,2779
3985,4987
2571,4761
4928,66
4334,2781
3937,4831
2435,15
708,4935
3558,41
849,41
3349,1846
1306,4797
3892,4916
2626,4267
44,4952
3921,2847
2029,4668
2079,4918
2065,4694
917,2822
913,4752
3979,4684
3088,2783
4078,1860
2708,4991
1998,4818
1045,4770
3706,4956
1477,1843
2508,4786
2043,4906
1476,4824
5084,4941
2038,124
2382,4682
1533,3912
535,4911
3586,4783
4201,4741
3508,4815
1588,4773
667,4873
4040,2671
2239,2812
2275,15
149,84
4557,4695
850,67
2324,5016
1288,4801
1965,4857
519,4749
4201,4886
4002,4971
1189,1816
3731,2821
608,113
1395,2851
4146,1727
408,65
4040,4879
3378,5002
2281,4955
2706,4908
3078,4998
4716,64
3691,3615
548,4751
134,42
4874,4972
3838,4733
4276,4764
1049,1
2396,4921
1562,4780
4103,4937
1926,4878
2456,5001
293,4990
3768,4872
1472,5077
1948,4978
2742,52
2958,4787
3109,5073
377,4728
3509,4897
1167,4693
3743,2768
1289,2837
969,4956
3975,3877
4020,4872
407,4728
3171,4613
4398,4741
2945,3884
4258,4766
3044,1838
1181,2837
1810,4676
2538,4946
3222,4978
3652,4953
1903,46
2899,4820
4050,1844
3510,4995
4134,4681
191,4765
5068,4815
1062,4968
4210,4921
3890,4760
2678,4972
3747,4961
4405,1730
3340,4793
3978,56
4169,4958
2369,2844
1284,2837
5056,4926
3614,4772
2230,2783
2469,4669
970,4988
4647,2772
4256,4737
1420,4763
4114,4674
3768,1733
1358,4742
3283,5016
4717,4253
1128,2865
3792,4857
2275,283
1958,2825
505,2768
4924,2783
4560,4912
4278,2829
2607,4697
819,1818
3898,4963
4233,54
4841,1833
513,4787
168,1896
896,1726
4845,4746
22,2784
3148,4675
4296,4996
1196,53
2047,4779
3686,4969
195,4761
2158,2814
1676,4986
1272,4902
3768,4997
3751,2855
1967,4671
225,4847
2078,4860
4724,4903
4209,4696
1206,4690
4070,1847
4451,2867
3271,1834
2452,1735
1872,4750
447,1726
1050,3882
2869,50
1939,1834
205,4896
121,2832
3511,4849
1352,4684
4399,84
3875,320
4859,2809
3189,2818
2476,1850
3817,4872
3176,4693
4699,5063
3887,1835
4211,66
4138,1838
2893,2860
4124,4996
1495,318
4366,4901
498,4962
5068,4940
949,4990
3778,4896
2962,41
3180,4907
4608,4772
1294,4930
3419,4732
3822,3912
3036,4914
4037,2788
606,2860
2959,1730
792,4635
1778,1860
4899,2866
4122,4772
694,4957
3698,41
4377,4674
790,4673
4796,12
4047,16
4663,4850
3984,1734
651,4778
822,4635
1622,1836
4351,1808
2676,2782
2018,2827
3779,2827
1414,4736
3098,1896
4308,4929
5011,4793
2041,4742
2298,2847
963,4861
3703,5019
144,4755
3851,4914
215,4696
2925,1845
2113,1728
662,4862
2972,4786
1496,2867
3554,115
3955,4934
369,2823
4974,4766
652,4987
249,4792
302,4676
2237,2837
3898,66
1559,2825
3321,4781
3896,4941
900,4790
4038,4856
4548,5016
497,4249
2178,15
2731,47
274,62
1717,2855
1019,5065
174,4738
868,2772
3828,4753
525,4778
4537,4918
2250,3915
3202,1788
2085,2832
3109,1808
2422,4785
4316,4680
417,3881
3971,38
3891,4887
2572,4919
917,1848
2513,2820
2960,4684
349,2822
4758,4884
1335,4965
4049,4934
587,4971
4170,16
3856,4739
347,4697
1200,4733
186,4937
4651,2813
468,1856
968,84
2406,4793
1234,3913
142,4803
456,4891
3650,2853
3425,2814
3420,1862
2321,50
3326,4730
3230,1839
1676,45
438,3505
948,4769
4104,3882
2156,1862
4090,4905
1356,2821
518,4674
479,4824
2616,2839
2455,3878
4030,4786
2643,3924
432,4754
1621,2803
3818,4831
878,132
3162,2845
3599,64
645,3885
4237,2821
271,2794
3999,2774
2344,4264
2656,2832
3023,4754
3307,4693
2185,4850
4656,1849
2478,4968
4138,4680
3444,4729
4118,2829
3807,114
3293,3882
1243,2835
2902,4784
3422,4732
609,5
613,2671
4244,1861
2484,2789
2443,1849
3528,4964
1513,3885
1443,4992
1669,4876
4498,1742
3155,2843
1489,4961
2460,1896
1870,2790
4379,4909
43,4897
2243,4934
1685,4748
590,2658
965,2856
608,4887
1031,4931
1265,70
3499,318
1466,4969
3627,58
1945,2779
2753,4947
792,4727
868,4696
1665,3879
2863,2798
1511,4733
2725,4930
1436,2790
1424,4679
142,4988
1707,3505
1782,4887
2415,4855
1350,2826
3900,2857
3607,4759
262,4789
2068,116
1223,4932
3105,3877
3952,1728
4522,4731
4069,5018
1348,67
3032,1835
4138,67
293,2832
895,4754
1310,3
1482,2800
398,4729
205,4965
4333,2832
3209,4691
4478,4689
2458,4904
2902,2855
4005,2810
373,4772
3975,4849
3192,4790
2870,1727
4413,4741
210,1857
926,2849
3589,4997
4037,1861
3166,4800
2998,5018
1798,4831
3719,2809
3755,1728
2464,38
787,4856
745,2795
3839,5016
1018,2865
1387,4696
2199,1836
2162,319
4026,4752
1787,2847
2234,2796
325,4963
4286,4961
4074,4907
534,4888
1932,4955
495,2782
959,4816
612,1818
3890,4915
3646,1855
2474,4897
2328,4855
1494,4672
4058,2841
1957,4926
3622,2820
1548,2785
3407,4887
1008,4932
101,6
4181,4737
2504,2764
1162,4915
3377,67
4263,4688
1432,2658
5057,1843
1858,2818
414,5075
1373,4686
3045,4872
1867,2768
3215,2658
4228,5000
3152,4681
3224,4934
3228,4265
1546,4972
3292,1845
1041,4889
1505,284
204,2827
618,4992
3940,4799
35,4996
4304,4679
858,84
3734,3885
2136,4785
2391,4797
289,4751
767,4908
1098,1848
1594,11
475,4779
731,1733
4594,319
4333,3881
4355,4901
4067,4847
2426,283
2712,2844
4449,283
1921,4914
3874,64
1442,4887
4413,2786
3500,3883
1565,4676
1414,4250
1188,116
3202,2811
3353,1833
1640,4635
356,4969
4230,2781
1925,4971
685,1816
3356,4695
4611,1748
2182,4734
3009,4818
1690,5
722,4957
4226,4908
3093,4907
5062,113
3987,1
2090,4931
4925,2789
4483,3886
2777,1834
1587,5074
813,4887
1826,4774
4150,4909
3039,2864
2557,4682
32,4749
1522,4935
2423,4730
2314,4250
976,2809
3387,4790
889,80
3791,1837
2050,3878
1448,2829
3485,4754
1472,4729
1702,2844
269,1742
1665,4955
1315,4958
4010,4786
2998,4676
2233,4832
2713,3886
2145,4873
119,218
1204,2866
887,2790
3416,4768
709,4926
3496,4921
539,1851
3608,284
495,4672
2286,1848
849,4990
4117,66
2629,4718
2090,117
2541,4873
2163,4682
1511,54
650,5064
1373,49
1249,3
4080,3877
1359,66
1921,4876
4140,4684
796,54
1453,4892
2549,4676
4207,2824
732,46
3662,4693
4422,4886
204,2813
2152,1840
3182,1730
4600,2794
3415,1831
3352,4896
2430,2843
191,1835
1441,1848
5041,4915
4182,4695
4098,285
661,4783
4277,46
2017,1817
4702,4969
3131,5004
1325,80
2654,4253
1036,133
4141,4732
3016,114
2990,5070
4838,1838
4520,4782
3830,4793
4095,285
661,2810
3547,283
3438,4870
4179,56
4702,4747
57,2671
710,16
332,4918
1347,4965
3751,4718
4708,4691
3400,1836
4319,4786
5080,1734
971,4681
1451,4803
424,4884
2882,4682
2748,116
2760,4861
1471,62
1394,4990
1688,2794
1462,2837
3475,1845
3012,4901
1673,1896
4655,1726
1859,65
2064,4931
3600,4993
1980,2671
2251,2810
934,4759
4274,5020
1490,5001
4476,4768
2724,4990
1994,4988
1280,4668
3634,4951
3695,12
2647,318
2672,1840
2109,4765
2465,2768
478,4770
683,2774
2228,4800
1033,55
1444,5018
1098,4786
553,3915
1051,3882
3661,61
3521,4860
1117,2787
3358,4787
264,284
4427,2837
3934,2855
815,4913
2334,4934
3973,4969
755,114
148,12
643,2764
87,4266
4439,4873
3617,40
1608,1841
358,4987
1619,2784
2161,4877
952,4917
3160,4682
4942,4739
3750,4777
870,4872
4000,15
3993,4831
176,4964
178,4728
3644,4683
4602,1731
3524,5004
4188,4250
4646,4972
249,4771
1092,2772
1542,4883
394,2821
1416,4824
4188,63
1302,4761
455,4672
175,2838
600,2854
3489,2864
3749,2860
4110,2808
773,51
1768,2835
3334,4953
970,5019
419,4989
3516,7
4511,4926
409,4860
4500,4858
3994,5077
3985,8
3984,2789
95,1896
1764,4776
4615,56
187,2768
4188,4789
1927,2832
1193,4991
3154,4991
3020,3882
3916,1737
404,4987
2589,4891
401,6
2146,1843
4081,4902
303,4884
2922,70
409,1831
3390,1835
2510,4929
4456,4819
207,4733
1025,5063
3637,6
2496,2825
4403,1834
3813,4764
4452,2814
4483,4635
3111,1737
4942,2795
923,54
4536,115
1868,116
1279,2823
3170,1737
2258,2831
255,115
3430,1
3404,4679
1761,4686
4559,2847
1820,4750
3126,4779
274,1835
4222,2776
4045,4768
2761,4780
2422,1731
2468,4746
1964,1846
436,4953
4364,4941
4021,4790
4199,4966
1057,4731
885,4738
3365,5069
1678,4743
3421,4267
4276,2781
1278,4732
737,3880
966,4856
1160,2855
402,4904
994,5070
2171,2812
556,5065
1557,2840
3899,4992
921,2794
3756,1818
915,4250
3113,1832
4050,1831
2869,2788
1287,2832
29,4749
4507,2818
4767,2846
3675,4829
534,4963
340,3885
3896,4766
2944,2848
3255,5066
868,2821
1451,319
4839,2854
582,4682
2947,4971
1124,2779
2407,2821
3544,4856
1520,1818
3498,116
658,9
1126,4696
3328,4670
4572,2779
1188,4692
746,4669
3094,4801
3963,2838
3276,1
2644,4761
3416,4956
478,4905
4351,4677
1016,4677
3094,4784
5049,4755
568,4728
237,4754
241,4695
674,1732
1573,4904
2570,319
2996,4858
575,1832
1621,2784
3156,4885
2891,3615
3996,2794
3270,4831
3360,4882
85,2824
86,1733
1162,4684
924,4930
628,2824
1766,2764
2979,1818
1377,4747
937,4870
4263,2838
1260,9
3135,1857
3287,4676
2084,1834
2428,2866
3007,4764
1203,4988
922,4888
4130,4989
1077,4955
4107,3880
1057,283
1711,4961
2638,2822
3931,4775
2390,46
134,4790
2053,54
2872,4929
3236,2837
4240,1816
1412,4736
5042,4685
615,2784
1791,3913
1036,4672
4061,4884
3403,4860
4184,1817
5058,4941
454,4697
139,46
3307,4885
4236,4861
2996,2799
2992,2840
1611,4780
3161,2825
4361,1849
2491,285
43,4914
1665,4830
4322,4733
3490,1735
110,4752
739,4938
3279,117
2596,2798
1623,2786
4160,1835
1569,115
2726,80
1050,1838
2227,4892
2089,1729
452,4901
3449,4920
570,4771
4270,5016
1526,4910
1882,5000
3918,2817
1774,4815
1590,4904
43,2837
4827,1727
4313,4862
3848,1730
3927,1788
2689,4685
3426,4894
5034,4979
5017,4915
808,3615
629,1731
4263,2820
1088,4816
371,4832
4367,4755
2098,4917
437,1740
1680,2866
2517,5069
4148,1808
4529,1842
4302,3505
1979,2798
4456,4961
3281,61
1337,5
5044,4884
885,4887
1166,4935
2928,4731
605,4791
4141,3879
2930,4947
2527,4884
2898,4776
2940,2764
1509,5064
3551,4264
2930,4770
1999,4675
5029,113
2724,1842
2639,4803
4096,4971
418,13
3509,4772
974,46
547,4957
4069,4694
474,3879
3176,4944
4542,4781
3333,41
1704,2851
1376,64
2209,4954
1416,65
4898,117
1344,2840
1141,4989
708,13
3047,4752
3805,4696
2532,4771
3296,4995
4037,60
2217,2822
1562,4978
2760,2818
1028,69
2519,1835
2736,55
2745,4954
387,319
1581,3505
679,4682
383,4889
1499,40
3661,4916
3767,4749
3609,4918
1346,2823
736,2838
3787,145
3103,2824
3192,4680
2272,4820
3361,4720
4794,2813
656,131
1759,69
1631,1850
2883,4990
4628,3915
1014,3877
4518,4695
2876,4935
2294,4992
2058,4988
3750,5075
1509,4969
2428,4753
1667,4908
802,4914
2990,115
4005,12
1467,4761
2642,4718
4524,4888
4580,4784
1426,1725
4366,4961
3048,4957
1141,48
1812,4680
1279,4697
4795,5064
2527,116
1524,2798
701,4786
3624,4695
5053,4747
4928,2853
782,21
2175,1731
883,1834
4332,4668
2301,4858
4464,4850
3852,1731
233,4858
1967,1846
1463,4958
4431,4855
1018,65
4560,4970
3320,5
1294,4824
1538,4820
1215,2810
4348,2773
2780,4680
1444,4951
3694,1
2417,4887
4290,4888
2558,1735
4076,4969
315,4790
1439,4828
1947,1847
3665,4723
5056,4788
1452,1837
4497,320
384,5069
3126,4755
2465,4681
2971,133
2530,1861
839,4797
1006,4919
4364,4885
1044,1836
3294,2671
3524,2790
4153,4773
4390,4746
3667,4689
1569,1841
74,4921
3149,145
3898,1861
4504,1816
1454,4750
1408,4759
3652,4736
2141,4934
440,4936
1342,4847
3440,1808
4296,2764
371,4634
4187,4249
2660,49
2354,4753
1135,4737
3149,4880
4898,1837
4510,145
1892,4953
83,1846
4950,4989
1802,4919
4704,3912
4072,218
4187,4918
739,2811
2227,4264
3727,4675
3997,54
3513,4654
3452,283
3614,4734
4339,4832
939,1838
3940,2658
1055,116
3008,4733
125,5070
1228,1896
1307,4765
1864,4686
4257,4952
3327,4988
4036,1737
165,1834
2500,4742
1716,4855
973,67
3484,3882
2023,283
4306,2658
1398,4681
4618,1845
265,2782
2922,4910
981,4966
601,4994
4197,2844
2162,2782
2447,4910
1446,4784
1687,5074
174,49
1236,4761
2536,4801
758,2671
3821,5
1118,4872
2429,4832
3290,1737
2503,4249
1603,5075
3219,1827
3253,4748
2335,2782
1026,1733
4134,4816
2309,3
233,4250
2920,46
794,117
1888,4694
1219,34
571,4731
2104,2813
2623,4996
837,49
1823,4915
2664,4683
4346,4733
3199,4687
2672,4769
1633,4264
3408,4955
3435,116
2199,4763
5033,51
1918,4251
3329,4885
3585,2776
1920,4694
3697,3880
1470,64
4364,283
4004,1896
3832,4732
4794,4815
2049,4921
2110,1844
853,66
4721,320
3782,4693
4594,16
1641,319
1010,3615
589,2782
3089,1808
3416,1856
1544,4741
2344,4815
3854,4939
3572,2829
2945,56
5015,69
1872,5
5082,4692
871,4774
3012,1836
3968,4901
2576,4879
3293,4729
3181,2826
4427,5069
4172,1839
3892,4918
1787,4792
557,4249
1078,2764
3485,2796
2931,4697
4758,11
749,2825
4242,4929
3382,4958
4496,4689
118,4675
3292,4824
946,4672
1068,21
2159,4727
4019,3881
3396,1896
828,1808
777,4887
1663,4689
3146,4754
679,5
4441,1748
2008,1
1912,4939
4540,4684
4178,4939
3664,4901
669,4861
3871,1842
1622,2840
2909,4766
2649,1861
4175,4917
2544,4855
4290,4746
3141,4654
3866,3880
4495,2790
927,54
2710,40
2529,1735
3153,4635
3817,4684
2547,2782
4472,4936
4701,3881
1895,2854
3364,4911
368,66
3697,2817
1820,2818
966,4953
713,2788
1880,4876
2996,4720
1904,4817
1090,80
1569,53
822,4994
661,4897
4582,4737
4157,1748
921,4920
3815,1862
4425,4791
3356,53
432,4858
1301,4816
3706,5002
2859,4728
18,5064
2665,4921
3469,4693
1454,4971
3033,4848
2775,2800
195,4781
4838,2822
4624,2814
3140,2767
3341,4849
4745,48
1151,2829
3929,15
4373,4753
268,4682
3962,4870
4088,4789
2895,4858
1233,4741
196,284
3732,4739
5047,5073
4077,1808
2551,52
1313,69
2270,4988
4065,2826
1899,4687
3622,4908
1288,1851
1488,45
4627,2772
4396,2824
2068,4890
2157,2818
4525,4749
326,4935
4325,4747
2521,114
3876,4677
129,4791
3809,5073
5039,1
4151,4692
608,2790
4715,2785
543,84
1794,3886
4183,4754
104,4995
197,4742
3980,4986
2299,4938
3322,1726
1198,2817
1278,4912
3982,320
1056,2858
1981,4762
3423,2848
4380,4691
3114,66
2393,3914
3327,4870
4004,4905
4649,4673
2311,4992
1150,4832
1296,4777
4448,4878
1959,4774
2544,2856
3589,51
2881,5074
3046,4248
315,4862
685,5064
3480,4885
4863,1855
2638,4669
1376,4764
3564,53
515,4879
724,58
2881,4931
1236,4803
791,5066
2035,80
2204,4938
3440,2783
3691,1788
1019,4940
3747,62
4088,4803
1246,1860
4740,3615
5017,8
3203,2788
1710,1725
2502,4905
3552,4992
3362,115
2548,55
1268,4803
4296,1835
4167,1862
665,4678
4042,4690
4278,4755
3474,4935
4044,4965
3237,4857
3971,58
3186,2784
3125,4697
335,4856
1936,2794
545,4684
3118,2803
2185,1845
3671,4872
1211,1808
574,5020
1579,58
2132,4969
1257,4894
2030,4686
4294,69
2140,2776
4868,1728
330,4872
20,4954
2126,4849
640,1818
2130,4876
1636,8
2894,51
3310,4996
2252,1836
308,1748
4270,50
1390,4952
1022,4886
3281,4738
1430,4900
425,1788
4213,2794
72,2845
3111,2838
686,4919
1911,7
1565,133
902,9
2126,2826
158,2799
750,2821
536,4753
2146,4991
2357,60
3676,4727
3051,4931
2621,53
887,4937
3368,4265
4237,2833
272,1846
1188,4250
1543,4880
2640,5018
1830,4803
1695,13
4062,1732
3129,1896
3894,4799
3526,4997
2651,4992
3241,4768
3525,2826
1117,4253
272,2783
603,4635
2674,218
4868,4248
2548,5
875,4783
2342,2764
4210,5064
1357,1843
4556,4828
3670,5077
5022,4774
3646,283
3760,48
3380,4857
4402,4675
2327,2865
4949,54
3972,4690
1375,2853
2131,132
2287,4266
1627,6
2568,5065
776,4828
2872,4768
1238,1856
2524,4613
1670,3881
4270,4799
1585,4969
2213,145
1975,4919
3901,4800
782,4876
3724,4991
447,1816
2958,21
1720,2774
439,4966
1903,2821
3644,4888
499,1737
2544,4990
3493,1841
2339,3914
258,4692
4193,49
4081,48
4809,4800
796,4766
1830,4861
4871,5069
3941,4914
514,2858
2348,4818
3278,65
3031,2862
2097,4694
4365,4765
4349,4994
3127,4801
908,4861
3335,4685
1510,1818
450,4955
933,4803
4398,4785
1893,4735
3688,2776
2572,4801
246,3885
2045,5064
257,5016
3041,45
1756,5066
2083,4929
3078,1862
3017,4265
4573,4992
359,4786
3666,4718
4124,4987
4376,11
4185,4931
3647,1726
4026,4748
4108,2838
2291,1835
4827,4738
4427,4679
2344,1860
3549,62
2101,4778
2287,5063
520,1788
3600,4697
4540,4954
3466,4253
3727,4718
1236,4913
205,4789
1616,1836
3695,4876
3518,1856
2052,2867
404,56
311,2844
2695,2779
2892,4858
2877,4831
2580,4792
4432,5065
548,2811
1794,1
3237,1848
243,4889
3184,4858
2666,2810
4004,2776
2599,4971
4094,1842
91,4829
4431,4753
856,62
1476,2855
2179,45
4976,4681
574,3924
4503,1846
1782,2831
4537,4697
2793,41
1319,4249
368,4987
136,4880
2725,4770
78,2824
1571,1861
1778,4746
806,4850
436,4876
3930,4916
597,1856
2505,8
2335,2789
4338,4944
1409,4678
734,4944
2504,2866
1869,2813
3795,2838
2753,4253
416,66
4644,4971
2624,65
2932,4789
2938,4764
2762,5019
317,15
3904,2845
3413,4781
1196,4963
155,2784
3179,5063
171,5066
2144,21
609,2865
743,1860
1106,4720
3797,1727
1714,4979
903,4266
2403,2781
5010,3881
1116,4954
4324,1855
321,4683
2719,1
808,4654
1604,4860
3625,4911
4566,4955
3735,2827
3402,4909
2520,4677
452,4890
694,4873
3093,133
1089,4956
4417,4743
4147,4736
3379,4992
2232,2860
2720,4989
2537,2822
1771,5004
1453,2837
3566,4747
2581,4857
3140,2790
1674,4689
3927,4971
1970,4686
4418,4971
204,4697
4340,11
2042,4675
3080,21
3753,4989
1905,4824
1182,62
1780,4776
3267,2813
1647,1838
3028,4890
1555,4818
1903,4920
1721,4900
737,2765
1912,4250
2778,1833
3387,2835
3947,4861
1411,4907
2130,4752
3520,4786
2793,4938
2923,4878
879,2835
1263,4686
3230,5004
3901,124
1646,2847
3545,4964
3689,52
3203,4961
2049,4910
2967,2824
2254,2811
2128,2849
3653,4916
1506,4963
4415,4727
3207,1834
1453,4904
2613,3878
3917,4788
742,4986
1478,4912
194,4900
1068,2824
1923,4677
4604,68
4008,13
1035,4680
3027,5063
2609,4768
2613,4861
4062,4776
2888,4938
1624,2799
273,2840
1815,4800
1142,2856
2713,4930
2345,4920
1616,13
2538,2844
2666,2782
4310,13
417,4855
1710,2803
791,1841
2731,4962
3431,4877
2509,5018
1481,4820
4593,63
252,21
2283,2784
3341,4987
3074,4739
1153,4970
268,4266
4174,4930
3110,80
1546,4892
3654,5075
2182,4905
3490,4870
1972,4675
4587,4773
2502,4673
1083,4678
3763,4773
2886,3
2138,69
2992,4250
2597,2848
2216,145
2182,2796
4010,4675
1416,2820
4415,2844
3159,1732
1924,4733
3501,4737
615,1856
3429,4964
979,50
289,2838
4111,4884
3526,4956
4370,2853
1441,4763
688,4957
3669,2773
4532,4916
4853,4926
2221,49
2111,283
524,62
1179,4990
2909,68
2428,4901
1336,5000
4184,40
1868,4961
499,6
4426,45
5021,4820
2691,1726
832,4972
3858,3878
2319,4903
4031,4916
934,2764
3692,2794
1104,4920
5023,4961
3075,2818
4702,8
2639,5066
1051,4848
2665,4797
43,4635
1571,4723
4813,2813
5052,2808
1710,5002
4127,5064
1508,4902
225,4695
4327,2790
2426,4861
1127,2808
2377,4937
1646,4793
1138,4250
1466,4735
3413,34
4418,1856
3673,4992
339,3
3274,1748
3317,2832
2172,5004
3919,4858
1777,4751
2412,4917
367,1837
222,4969
2754,4789
966,319
2989,4772
2528,145
365,38
1147,2826
5010,114
1721,1845
270,1847
1440,2818
3153,49
4601,4681
1403,4669
2491,116
1765,2800
488,4951
3307,1832
4421,1808
2568,4896
1829,1831
4600,4773
793,4903
2874,1727
4086,132
5029,4815
2054,1847
3218,3878
301,5075
4432,4979
1399,1837
1158,4996
4,5063
635,4686
796,4880
2575,4889
4835,4993
3071,4752
4881,1
489,4828
4656,4770
2433,4965
4020,4678
1587,4995
2685,4803
3488,2851
2086,4723
2525,4732
550,4903
3575,4938
97,4695
2523,1848
3605,4801
3849,1896
3514,4873
4010,4978
1724,4770
1960,4819
2645,41
2454,4779
2040,4886
4529,4251
139,2860
2154,4962
4721,5074
3104,54
3791,4886
4315,4989
902,1831
4644,6
4216,4913
4584,4789
649,5066
1572,4695
1023,1847
4040,7
1581,2803
3551,2837
1809,1732
258,4250
538,4728
1663,4678
3425,1731
1722,4769
2970,58
4272,68
2863,1845
785,4830
3570,2833
1316,2843
4871,63
4648,5073
4149,4870
2619,5065
2433,4693
3493,319
4554,11
2403,4931
465,4267
437,1847
4038,21
3462,4788
372,284
4431,5000
3040,40
3660,4988
4625,2865
3841,3924
2997,4883
4461,4886
2044,2789
2961,2843
2666,62
2071,2864
299,4934
2221,1847
1743,2851
807,4891
2754,4939
4586,4780
1806,4781
3204,5018
32,4682
4217,2799
1166,116
4198,4847
1183,1856
1062,5
4204,4968
1606,4996
793,2832
1900,4884
754,1846
2740,4684
3366,4872
3165,4743
1473,218
4557,4921
3478,4790
4404,52
4589,16
4404,1856
3005,4907
3506,4816
496,2831
2275,2822
1916,2829
2412,4746
4034,4731
426,124
2037,4883
1413,4969
3315,114
3922,54
2523,1748
5015,1727
4647,4673
2520,4955
1293,49
3965,4951
1547,4820
2334,2864
4260,2838
512,132
2937,4783
1509,4929
4663,4876
3416,3914
1666,4785
1866,5065
3605,52
4835,2809
1758,1818
361,2843
3773,8
2168,4849
1329,4672
1955,4907
622,4832
3576,4695
2698,4887
4949,4972
3314,2772
1060,2782
1888,1847
1950,2779
1285,41
2382,42
4480,4832
3243,4996
3678,46
1494,113
3903,3877
3249,4862
3939,2794
1625,4793
3999,4880
712,1833
3549,2838
3377,4779
4085,40
3963,1726
751,4847
357,67
2649,2783
254,1827
728,5073
2614,5004
1306,320
1384,2774
3477,2851
3806,4880
3215,4969
4479,2841
166,2860
1662,2866
1036,2812
2730,4994
1800,4803
1494,1730
1277,1842
292,4774
4719,2841
1275,2835
842,1817
1558,4787
1598,4732
1636,4791
1283,4265
2470,4695
3119,5000
827,4670
2460,1728
350,4819
1918,2841
3865,4727
171,2800
2529,117
700,50
3083,2858
4216,2867
1503,4786
309,4896
4048,1860
1268,4771
2793,4963
3719,45
1772,4883
1509,4979
2316,4677
578,4737
643,1842
3708,1844
2457,65
1502,2853
3532,4939
3560,4901
5043,4830
1750,4926
3203,2658
3356,5065
3509,66
1854,5064
789,4670
2759,3877
1013,4970
2871,4909
3554,4817
4100,2848
400,4785
437,4820
1967,4248
4460,4749
3595,4672
1250,4672
2927,2827
4235,4788
2005,4816
1627,4904
727,4935
3701,4952
94,6
2274,113
4378,2831
2557,4753
2912,4992
1116,61
3415,4683
4313,4691
196,1860
2152,4672
1993,4828
3947,1725
3845,4889
4593,4792
3077,4783
3483,4741
1637,4918
1708,2858
3843,1850
3764,4772
2082,1839
3167,2794
2562,2865
4899,4677
1270,55
4614,4733
750,4990
1270,2779
1951,132
1119,2800
39,4932
995,4754
4053,42
3215,2857
107,4761
1210,4774
2959,145
3230,4870
1952,4886
1073,4997
939,4939
3520,15
3367,4940
2173,4788
2392,4763
3353,4780
3781,4249
129,4723
3842,4761
4185,4930
885,4998
1418,2787
985,4937
2214,4786
361,3886
1775,1837
1873,1735
3845,2860
3215,4670
251,4752
3333,2773
1672,1851
2203,4738
4116,2833
4024,4682
86,4930
3307,132
4058,46
1965,2776
1250,4690
3998,4910
2089,4789
3689,4801
1550,4679
59,5075
1182,4669
4706,2826
78,4955
3858,4635
3569,4675
3186,4819
3720,4253
2484,5075
2030,1737
3852,4777
1644,4879
2065,4732
3391,1833
4545,2811
2946,4907
861,4693
3736,1732
3389,2838
3032,1838
2741,3914
2740,4773
522,2813
1072,56
1567,21
4636,5075
1267,4991
2708,54
2892,1851
4444,2864
3740,11
687,4739
3018,4754
1374,4683
4447,4955
2485,3882
2752,4831
2980,56
4495,2825
3953,4941
172,2845
3569,2765
744,4954
1918,4728
4569,5065
2990,113
2807,4828
849,4768
1741,68
994,4693
704,5063
4974,5019
3601,117
1960,4957
1105,3884
3654,4634
1554,4938
798,2843
3290,4815
43,4880
4332,4783
79,2840
606,1728
790,3885
3712,15
4854,4908
4660,4926
2301,64
5029,2862
2868,2845
2574,4993
263,2853
1504,5
331,2779
1259,4788
5076,51
691,4886
333,5063
454,4965
2749,4635
660,4688
3237,1833
3136,1728
2496,4783
3185,4266
1003,4969
1301,4776
1133,1841
2978,13
2051,4735
3368,3879
2414,131
2778,5069
2116,4820
2525,1850
4153,5065
1664,5000
2176,4759
4475,2658
3232,2838
2436,4742
3230,4672
2623,4786
1331,2864
1192,1846
1678,4818
1440,4679
611,2782
3920,4673
143,5001
2346,4759
3828,69
2938,5069
1168,2803
3989,5075
3676,49
362,5066
3925,4956
4504,2800
3421,1844
1691,42
4615,4906
2734,21
1821,4816
4981,2835
1859,4783
1495,2864
2597,4939
2100,4917
1002,4877
79,319
3226,2824
844,4991
240,4731
4119,2851
955,4932
999,4886
4509,69
3555,5070
3523,4889
493,4962
3135,1735
1805,5069
906,1726
179,80
162,40
1310,4803
353,4781
189,4265
2745,2849
2156,48
1716,4849
4578,1831
4428,4738
3146,1733
837,4991
2106,4731
1966,4883
1820,4695
2922,4908
2729,41
2019,40
761,2784
3632,4250
2690,4761
3351,4972
532,4751
2040,4970
3317,2829
2156,4782
4131,1837
4853,4635
4101,4780
2381,2831
1307,1849
2655,4654
4480,3505
2989,4785
2327,5070
265,4754
525,4766
772,3615
4658,4961
979,53
5014,2787
2063,1818
4159,4778
2252,4789
558,4965
313,2821
1317,4749
1780,2854
3696,4911
1919,4830
438,53
2229,4697
4205,4763
4534,4979
4012,4991
3982,2831
395,2837
3980,4944
202,4669
1992,2821
861,1788
491,1732
1984,4248
656,2824
2898,4251
1779,4992
3459,4903
3499,4978
1891,4731
3675,4918
