632,2790
2338,4830
3250,2779
4004,1732
3863,1833
1978,2847
3556,4877
458,4888
5011,2860
4698,4996
2365,2788
1119,4673
4467,5064
4106,4677
2638,2783
3216,4831
1108,2849
3496,4906
1749,131
1158,2786
2306,4953
1338,2858
835,285
554,4695
3592,2810
1054,4888
2094,2812
620,4769
162,2856
718,4729
4639,4965
1666,2826
1450,117
4868,4684
1620,7
2100,4873
3006,2835
2694,4250
20,4817
3555,2820
821,2776
4328,1848
2103,4765
4106,4249
3118,5069
217,2855
1100,68
2403,2790
1295,4676
1688,4896
3081,4876
3387,84
3068,2846
2931,80
3319,11
166,2817
3867,4870
1358,2765
1320,4265
302,1857
3520,4944
4578,4918
228,1846
1965,4904
1670,1846
410,3879
3098,1808
806,2867
3428,3881
4151,49
368,4996
274,4847
4274,4824
4128,4728
3327,4720
1540,114
3472,4962
730,4267
2515,45
3928,4801
1377,4829
2135,2820
4423,4995
2577,5064
1675,1834
2028,4879
802,4873
1534,4910
2589,1737
4570,3880
1939,2767
2577,4697
619,4654
4426,4250
2997,4720
4134,4685
3823,2825
4567,7
755,4693
4144,4934
441,4747
2591,4743
4583,4847
2157,4890
1356,4742
289,4996
3157,4862
4505,4877
1687,2773
1376,1861
3829,3877
608,3
3167,4992
533,1842
1762,4720
3567,1837
660,4761
1963,4964
2412,13
3551,132
135,3878
1825,4891
4402,4878
1165,4773
696,4792
4711,4735
1141,4267
4425,4775
1569,2658
783,4921
3925,4673
4170,1837
2436,4815
4198,4735
3949,4901
4329,4860
4101,115
4079,4267
266,5019
3008,42
2694,2765
1707,4786
623,4848
2485,2808
635,2781
1665,2786
4338,4920
1290,13
3480,4742
3674,2844
837,116
1696,4965
4280,2839
2943,4771
4003,3505
2380,2825
2581,4882
1398,319
1648,6
1332,1847
810,4817
3528,4940
4043,4997
4591,34
1182,3913
5012,2773
2464,4882
2418,4934
3992,1837
2415,5000
829,4718
4120,54
647,4669
3202,4955
2934,1856
1438,4781
797,4741
3304,47
3543,1726
2936,2781
2187,11
714,4939
1249,4855
3061,4993
347,4687
1070,4249
169,4963
1892,13
1399,15
548,4696
4361,2783
1799,4668
347,4860
521,4889
3580,4870
1804,4776
4045,2817
1058,4253
3142,2857
4219,3886
4262,4939
2036,4770
1502,4695
3889,4670
18,5019
3270,4931
2100,3914
3785,4861
2956,4799
541,4952
2381,51
4874,2838
4618,4860
3182,4880
2150,4957
3438,4915
3335,1837
3229,2858
1824,114
3431,2866
2323,4248
2896,4731
4865,1734
2051,2776
5039,2838
1358,4906
2714,4763
2654,3886
4581,4689
3911,4742
3203,2772
1782,48
869,4696
1927,1849
2102,5065
1143,2784
686,117
4377,4994
2399,4734
3343,4687
2454,1731
96,21
4547,54
605,4819
4216,4251
2435,4788
2200,4773
3508,4797
3125,4777
1254,2841
4814,4800
4497,1860
259,4847
635,4731
372,4675
1351,4961
388,2853
4120,4635
4518,2837
3022,4966
2253,4763
3302,4766
181,4830
3245,1831
2207,2841
2756,4696
884,2821
2116,4962
720,2796
1942,4995
2019,4729
4871,1850
1543,283
3217,4829
4608,2808
651,4828
1375,2811
4648,1841
3649,3882
2735,4915
3716,2783
4980,1732
2976,4968
4899,4676
3982,124
521,283
750,4991
401,4775
2258,4686
2755,4884
2628,4996
24,4880
4104,84
4626,2823
2988,1733
1398,4912
1208,4791
272,2767
4295,54
3670,5002
3284,4815
308,4964
4103,4797
5079,4690
4043,4266
4532,4940
1244,5002
4598,2865
711,4251
2050,4926
1233,4962
2615,2773
25,4737
282,4913
2342,13
3312,4820
440,3883
1624,11
4446,4761
3968,61
71,4820
3983,4759
2132,4888
4585,3912
4370,5019
3157,2845
2893,4902
3054,2849
1514,46
112,4762
386,4697
457,5073
3510,2781
2979,2823
4014,9
3660,4759
1657,54
1575,4855
888,2783
4299,4870
4238,1835
2414,4266
31,2855
3360,4691
3473,4670
2677,1833
1887,4918
3189,4831
4867,4991
2649,116
236,4938
1121,2848
1512,4815
2667,4742
3478,1845
1059,4687
2961,4934
2241,2774
413,4765
1659,116
2586,4886
3502,4888
4758,80
4474,4799
797,4919
4864,2847
1085,2798
3847,4267
681,2822
1777,1732
4977,68
4859,4800
3922,13
777,5070
4604,3915
2903,4913
3769,2840
3027,145
485,4882
710,4799
5084,53
2176,2865
1767,4830
2053,4687
2093,4754
4509,4674
3510,3878
5009,4730
4568,4908
1910,65
3715,2833
2332,4832
4980,4654
813,1845
2158,4733
4564,1837
659,4776
660,5004
1688,113
3953,4267
4108,2822
3386,4937
3773,4939
669,4789
4470,3913
1148,65
4307,4832
4165,4732
798,2840
4190,4748
3730,1849
414,4917
3022,5075
3653,4817
3789,46
4351,115
1208,5
5060,5019
462,2829
1871,124
941,2832
1071,3880
1767,63
927,4729
2287,2767
2161,2833
1621,4920
792,4681
1086,4781
369,4914
2009,4848
2904,4787
3907,2826
3321,5004
790,4723
702,4849
3097,64
930,131
2132,4723
246,4742
3035,4799
4798,4946
3516,4888
434,4746
257,4824
3589,2853
683,4734
3700,4930
1756,4746
3640,2779
2887,4679
4373,4968
384,4991
648,4764
4490,4695
2255,1840
1601,62
2326,62
770,1818
492,2786
1922,4989
1372,4914
4893,4957
4210,2818
2859,64
4491,283
4087,4954
3647,4887
1703,3880
3069,2789
4043,4941
4548,2857
2410,4964
3633,4672
1542,2773
2925,80
2686,3882
4102,66
3753,4753
2384,2840
4623,1840
4525,4694
3569,69
3081,2829
477,4732
1866,2865
2940,4765
851,4816
1309,2783
2352,1725
2432,4972
3928,4953
979,1740
721,4857
1863,2826
795,4872
3937,4800
1809,4987
1866,4732
2022,69
2927,4890
2966,4887
4928,2772
3684,40
3766,4876
653,3886
852,4737
1094,4992
2112,38
3464,4733
1981,4675
3166,318
4194,2853
3804,4940
4418,4987
2233,60
2741,5075
1911,1732
3998,283
3693,55
828,49
1672,4791
2043,1838
4056,2812
1355,2812
3298,65
4976,2839
1112,4889
980,2858
4020,2812
1167,4882
188,2811
3443,4800
819,4992
3230,2788
3301,4797
169,4730
234,5
4518,1833
609,55
3261,4692
3979,2825
4726,2821
471,4777
3636,4939
2041,4877
2454,4947
1385,5073
1025,2825
815,5065
3583,4697
435,45
199,60
4083,4993
1335,4920
3704,4682
2418,4736
589,4801
1168,2847
154,4803
3546,2812
4173,4966
1754,69
655,2856
200,4946
2615,1
3957,6
1035,4728
3130,2855
3002,70
1916,4921
761,3881
2249,4896
4652,4820
1035,1732
2548,1846
2804,4885
1010,4728
781,132
4196,13
3109,4953
2944,4907
2971,68
1796,4953
1925,4731
863,4885
1702,3877
3816,1860
1509,4681
3058,320
827,1857
3753,5070
2158,4958
4454,70
1645,15
2453,4931
1221,1843
3256,2851
1341,1848
4006,4909
5046,4870
4048,4953
411,5064
4354,4654
4058,4987
4454,4872
4134,2845
1936,4671
831,4265
2631,4748
338,4879
2916,68
85,5020
1686,4912
3278,4749
4710,4926
3322,3881
4406,7
4633,65
1441,4779
119,4749
4441,4883
1174,80
2382,1848
3773,4961
3622,1730
1078,1862
547,2864
3434,4828
4515,4876
4836,4914
3228,4860
496,4929
3565,4946
3569,4793
2679,1856
4269,3924
271,4720
3446,4768
2544,4903
3941,3880
2679,4249
762,2776
2791,4931
4120,1896
526,2847
2721,4739
3608,4668
162,4692
3037,4896
3734,51
3113,285
5014,7
649,4991
534,1857
2263,4920
845,42
2248,4687
3902,4877
3614,4987
1485,4972
2185,4783
4238,4932
633,4965
277,2839
4081,4766
1591,4669
1364,7
1450,4692
4390,2765
4107,4885
2171,2786
1811,3882
4798,50
549,285
1199,4879
348,114
763,5018
187,52
2662,2856
3047,58
1115,1848
1244,2858
3286,4849
345,2776
3496,64
2664,4778
3758,2866
900,4718
3661,2823
240,320
4596,1833
4398,2787
3257,3
220,4979
4529,4815
557,4684
4492,4783
2208,4768
388,3881
2435,1827
3246,1861
1089,2800
605,4735
3910,2794
362,1742
1935,2781
2010,4906
4434,2782
4726,4746
1820,2835
3165,6
3572,56
1789,2837
2291,3877
3685,4819
748,2783
4802,4790
1599,4952
4047,2813
3037,2840
2119,145
306,8
1904,2835
887,5063
1823,3882
2686,4792
2492,5
1081,4784
1636,4668
4139,4772
393,3912
2736,4936
2631,4690
4570,4738
1151,4251
4573,4759
947,4761
3998,4723
3500,4746
3443,2839
4455,4872
3989,2765
3861,2808
2232,1855
740,4669
3255,4787
2198,66
1633,4695
4648,320
2134,1808
3931,4781
3706,1896
4404,2826
3437,3879
2571,2779
4498,4681
2021,2839
290,4753
1956,1856
1723,2781
274,4992
1648,2795
4585,4916
1255,2822
4192,4685
4,113
239,2794
1429,5001
3049,4671
3321,40
2369,2785
3345,1732
3059,2837
2729,4250
2359,4723
1459,4907
1685,2810
1576,66
627,4742
4077,4654
2899,5063
3792,4957
2469,114
3654,53
2463,4785
1804,114
3594,4917
3939,4850
4865,284
2324,80
1126,2835
1915,2816
2686,4955
650,2856
2084,5001
358,5000
400,2794
1371,4987
3264,4911
2350,318
2537,4800
330,4998
3005,5066
1970,4900
1905,1834
999,2809
1908,61
647,4979
1332,1730
4236,2788
1592,2671
4943,4914
4821,2832
3545,1839
3289,47
741,60
3248,4792
1620,4964
445,1733
311,4690
4794,4916
3129,4772
3412,1827
4419,3885
3441,4682
642,2837
2348,1740
2266,69
981,5004
1332,4964
3714,2798
3858,84
1943,4882
2497,319
5010,55
2556,4679
4006,2790
1992,2796
3811,2848
1430,2798
2303,4849
777,80
4269,5063
3898,62
880,4917
3797,2768
3947,4789
1127,4669
1418,4995
3264,8
1505,52
44,2824
2926,4817
4411,2866
1882,1835
186,11
3838,2853
3136,2781
4625,2835
1805,1849
1706,2790
2949,4903
3834,2857
4445,54
4449,51
2759,4831
4222,2846
1237,2822
4461,5001
2973,2841
2474,2787
2401,4824
3724,1748
4512,4692
2493,2846
3900,4732
1153,4913
4657,2817
3895,41
3011,117
1682,1788
1239,2785
3167,2772
4298,5001
2180,2848
2068,4730
1643,1735
3676,1732
2695,2837
952,4690
4390,124
422,4860
1273,4696
2995,4763
1438,4957
1243,4749
1119,4760
2077,13
4839,5002
618,1847
4514,1848
3820,5002
3383,2829
5032,3877
2601,1849
3381,4760
4278,4803
3091,4831
4479,4904
929,4780
1370,67
1623,4930
4424,4829
3457,4764
2230,4998
196,4952
3647,4931
399,4944
2218,4265
2157,1
2244,4966
4223,5074
780,4730
3677,319
1697,1841
2947,4939
2567,4697
4487,4926
2908,84
3270,4994
1218,2671
5039,1843
4875,1842
4277,5073
2010,4880
4579,2779
4119,4964
146,4896
1250,4688
619,1834
4127,4690
3561,4783
2187,5000
3623,4891
1792,4952
1456,2839
4263,4697
3350,4772
583,2800
1121,2855
1813,145
4184,4267
731,41
1168,4903
3956,4250
4518,4969
2598,4786
3477,4911
4339,4902
3599,2658
878,4723
2233,2789
1468,4695
936,4768
3764,4788
593,4993
3104,4824
2114,5002
2738,4730
2146,1728
2006,3913
4089,1862
328,1725
2480,4763
1780,4773
770,4997
2651,2781
2042,4783
2202,4751
1630,2785
1112,4926
1682,4931
4641,1846
403,4904
2392,4860
4576,4792
274,4679
3494,2818
1577,2814
1536,4773
405,4741
248,4791
1667,4880
4554,4919
2155,4783
3686,4634
3242,4995
1813,4850
954,2841
795,1833
550,4819
153,60
1233,4947
3419,2811
406,5069
1617,60
341,21
4977,4861
4313,2867
3405,4848
163,3615
161,4997
2019,4905
3211,4762
4180,4691
3896,4684
3384,5077
796,4921
2241,56
1414,2857
2576,133
1968,2827
940,116
383,4676
4082,2789
1393,62
4980,4988
4506,3883
2323,3885
1747,4896
1083,3615
4661,4754
3901,2832
2778,4952
77,2860
1351,5077
202,62
511,8
3519,2823
2101,4955
1444,4947
1442,3882
2653,2849
139,2839
3535,285
597,4773
1523,3
213,4780
234,4963
36,4894
3868,2821
2471,4739
2440,4675
2131,4818
4440,5074
1713,1788
4491,2814
1975,4779
983,4669
3925,2658
895,4751
4716,1843
100,45
693,2782
3687,2814
2183,4848
3868,1838
3612,46
614,4790
1111,4251
4719,4750
918,21
930,4720
3088,4937
4646,2795
4526,4979
1260,2860
5027,2814
1702,4789
1123,2824
3656,63
3945,2800
715,4750
2292,4965
1588,4815
1516,2857
1633,1729
2393,4797
2135,4766
900,124
3123,3881
4179,4688
3228,4970
2435,4737
3843,1748
4361,4771
1400,4687
3662,3878
2241,4818
834,4672
692,3924
293,1849
1781,4742
3228,4761
2616,42
3854,4989
2511,4785
3676,4965
3244,1730
497,4751
3782,1832
2956,2848
715,1896
1804,58
2530,40
4945,4829
4631,1847
1282,3914
5032,41
583,5
4118,1832
651,4760
1620,1842
5038,3
573,47
2302,4760
1789,1861
3623,41
2730,5065
2807,4990
1533,7
1598,3
976,2814
4127,2803
1590,4890
542,4788
1460,4929
3042,62
5014,4878
3904,4689
2336,4818
1377,4934
199,4912
2623,4770
4370,60
1508,4738
1253,4673
4480,2856
899,1732
3126,3615
3239,5065
4834,4861
4087,4613
3454,320
2898,4952
2530,4958
2158,7
1354,6
4623,4832
2117,4883
1584,65
474,1832
1557,1734
1672,3878
3979,4914
3088,4935
1180,5075
556,4995
2016,1788
3506,2774
4238,2783
3235,1728
3160,2854
1309,41
1523,5073
3150,283
3862,2803
618,2798
3862,5063
942,4800
3578,1732
1000,4689
490,4739
2960,1841
3863,51
4034,2855
3936,4782
3291,2866
2889,4739
251,4940
4638,1833
2729,4970
2472,4862
1374,3505
899,4681
1650,51
4478,2800
494,4693
4350,2821
2059,5016
1247,131
3380,5074
337,4891
3704,4905
1562,4917
1514,132
3873,4951
646,4779
1567,4723
388,4815
3262,34
2059,2781
5017,5069
3630,4780
2,2796
3483,4830
2529,4829
2295,4914
5047,4921
3463,116
2282,4830
2147,2838
2579,1831
2286,2823
2056,4266
4826,5065
2758,2782
3580,2831
2078,4746
1350,4248
396,4855
1642,4965
5017,48
1897,4768
4101,319
3626,5073
2508,64
1277,4669
925,4862
381,4683
1321,5002
3758,2849
974,4730
2130,4723
2104,1847
1936,4687
5013,2800
354,2821
766,4903
361,4934
2033,4932
3965,2843
418,4784
3283,4786
4325,4741
3863,3914
4495,2786
1009,4937
3357,4861
1494,4753
1367,4765
2685,3924
3756,4678
2192,4994
3173,4692
1945,4251
2620,4788
365,2823
1859,4890
2654,1831
3787,3885
4868,4829
4809,2829
1378,2781
2031,4685
4014,4991
3848,2817
1144,4870
2625,4688
2489,4818
4442,4936
4048,4763
1001,4752
3798,3883
3734,65
1212,4935
1288,4901
807,4855
1555,2782
326,4858
5036,2825
3815,46
3075,4790
2522,4954
4500,4917
2549,65
641,4720
2417,4897
2372,1742
1793,132
4074,4783
889,3886
1114,4913
1050,2829
3261,4900
4360,2811
4984,4885
4809,70
768,4733
2805,5075
4008,1827
2427,4952
3917,4249
2091,9
1645,2767
3747,52
369,65
2391,4861
2248,4831
276,4968
1470,4862
1058,2671
549,284
4205,5066
824,4915
2198,2786
2473,2843
4080,48
4658,4249
1573,1835
739,4727
2166,4913
3185,4916
3661,2822
2472,2867
1252,3884
2068,4902
2988,4682
1165,2837
4441,4892
152,4820
2778,4687
1934,3915
2026,4930
673,4995
2819,4791
360,319
28,2767
4095,4790
2486,9
1716,3881
5003,1748
1225,4689
3738,4900
150,2854
2982,4954
876,5065
4528,1816
2685,4818
4045,2829
1340,1725
2026,2832
3944,5066
1659,4938
1615,50
2368,2782
372,4879
1527,2808
1452,54
3056,4818
3224,4884
741,9
2215,4750
2271,4966
269,4737
1258,2855
5027,4759
4539,114
1289,2825
3805,1857
3910,2841
3272,51
3112,2790
1899,4883
794,4684
1458,5002
2227,4690
4468,2809
3976,4877
3571,2768
2681,4952
4406,113
5043,4772
3947,4905
3148,2841
2718,4971
4203,2843
92,2811
2933,3883
4624,218
2195,4919
3244,5066
2358,3914
932,4929
3518,4850
1558,2847
314,4786
864,4727
1576,2787
962,4819
3096,5063
2963,4816
416,4781
3636,4926
1124,4858
1629,2764
568,13
4881,4857
3747,1725
4392,4997
557,21
4184,21
1925,1834
1236,4889
422,4253
4601,4932
3461,11
367,4738
524,4858
2373,4914
1651,4613
1061,4787
4924,64
1980,1728
1949,4889
2327,4684
434,117
1083,34
3399,2818
502,4693
800,4727
1026,4797
4522,4862
1184,53
271,4695
2769,4681
1574,1862
3003,5077
4388,133
3152,131
2056,1748
2328,131
4163,3881
1662,2865
2090,2862
1444,4249
512,4266
2946,4930
2908,2810
634,1843
3804,4998
4465,49
1593,4848
3607,4862
2120,5069
5052,2844
4725,2658
3556,4817
438,4688
755,1740
2627,2835
4161,1831
3421,4910
4138,4672
1372,4954
2434,5073
1712,4742
2654,3884
890,2837
251,1
3958,1816
1229,56
2758,4971
5033,4917
4083,4954
3016,4832
4181,55
459,124
659,4750
1873,4788
4712,5075
1308,4654
3455,2658
1325,5000
1191,124
4225,2813
612,2783
1948,1831
724,4676
429,4682
502,3880
4658,2817
1443,5016
86,2786
2957,1816
4756,2786
3682,4747
1277,4917
2937,2796
4294,2782
329,2845
3176,2814
3744,3882
586,4788
990,4787
994,4782
4099,1742
3046,4773
2643,1832
1460,4730
2309,2832
4344,3879
375,1835
4270,4914
3047,4761
4959,2865
3976,1726
884,2823
2089,16
4638,2846
3744,4797
2037,5074
192,2849
2907,4248
1107,3879
3034,319
3692,4914
248,2808
3826,2867
1689,1
3098,1860
1186,4930
389,4918
1201,3885
3437,4734
3771,4872
2341,4771
4122,4690
2586,4789
4705,67
4443,1850
864,4917
2218,4747
4205,2787
1393,1735
2566,65
1217,3505
4010,4729
3573,2768
1363,4832
2941,4965
4553,4781
1097,4909
4203,2823
1419,1834
1667,1846
2107,4728
3417,4787
3099,1836
2989,4730
4744,21
3700,4797
1299,4972
1153,4860
3575,4728
2500,2781
1989,4766
3837,1735
3927,1861
175,4249
3333,4971
3939,4736
965,4779
4559,4992
892,2838
914,4900
4136,116
1125,4952
1790,4682
3862,4872
2793,2865
1011,2838
4437,3878
3439,4755
3683,4743
3624,69
2414,4264
2215,4674
608,5020
3388,2840
3763,4264
4653,2764
4532,2764
1080,51
2278,4936
3164,4779
1128,2817
1377,5064
3366,55
2288,2810
3188,51
3597,319
3726,1847
323,4613
1886,4908
946,1827
4216,4861
4358,4936
3032,1841
1936,4936
3934,4264
389,4920
2010,4770
328,1726
1426,4829
2733,3879
480,133
1368,12
4481,1855
2371,4792
1667,4994
2309,42
3757,4792
732,4253
2999,2827
4416,4723
450,3924
507,1837
1024,2795
3459,1842
2977,4902
3153,4791
4428,4957
4347,319
2195,4961
4296,133
697,4988
2933,4878
1623,4947
448,2837
2186,4971
449,4730
1784,1862
177,4779
2211,4961
3968,13
3055,5066
3174,4963
3070,49
2905,2785
3863,2810
3419,4671
3853,84
4392,2776
1142,4920
3142,2794
3937,4955
2744,4730
1016,4613
3637,2788
1692,4686
2802,2847
4933,4764
162,132
819,1835
4550,4997
3679,4801
2265,4746
1510,2803
4355,4857
3487,8
1555,80
3438,1732
1062,64
3608,4675
3295,4781
4045,4754
725,1842
898,4676
2332,5074
4461,2764
1241,4683
3945,283
420,1788
665,2865
1568,52
1096,4679
1085,131
1789,5
549,2820
4509,4690
3072,4857
3012,4815
4329,2824
3054,4696
3225,4908
2034,4250
19,2799
3947,2839
4150,50
4200,4669
3862,2790
2631,5064
2331,1818
3748,1737
3613,4914
3802,4634
3601,4765
554,4752
370,4613
281,4679
3848,4861
839,4970
417,2848
923,1737
2869,3885
1956,3883
297,4890
3548,4914
3660,4789
2579,4681
5059,12
742,5065
614,1725
1481,4687
267,4613
3049,117
1491,1808
3034,1731
1381,4691
125,1846
759,4931
657,1816
4927,13
136,3912
2189,4264
1864,2855
1030,2779
1097,4799
351,1726
2224,2799
3722,4736
3539,4971
3809,84
1666,1841
1991,1844
1437,1849
1723,58
653,3884
4493,4994
4845,4781
2112,4672
3131,64
903,4896
856,4678
3314,4920
3825,2816
984,4773
3152,4669
4158,4764
605,2860
3870,4988
3855,4978
3336,145
3051,4879
3257,4264
1975,4792
4433,2831
3761,4850
146,4790
257,4697
824,2866
3612,61
4294,4801
3132,4995
1013,1732
907,1845
264,1841
2595,1735
3522,4792
2734,4738
2260,4913
4168,4986
480,4951
3936,4673
1442,4784
25,2832
1189,4677
3105,4763
1487,4917
3073,4879
1110,4782
4492,4741
3130,4741
4599,2837
3356,3885
4415,2814
3923,4906
3079,4694
4522,318
2666,4734
2373,4971
1889,4749
3301,4248
2125,4763
3450,4904
3730,4902
4415,1844
241,2820
3354,4729
3266,4944
2307,4815
3795,1840
4196,15
4796,5001
3215,2783
4025,4904
3622,4858
1481,1843
187,2844
2211,1841
2626,2854
3763,3881
389,16
1267,4797
3534,2788
3444,2658
4708,49
3969,4913
959,4908
3509,4937
3429,1844
3046,2818
4050,4723
1270,114
3432,2844
2565,4251
2070,4956
1045,4779
3156,4815
3388,1861
523,4785
4585,2785
1762,4264
2655,4782
4233,4931
873,1737
5080,4718
1347,5001
2738,4979
3185,4921
4022,4935
2599,2658
1469,4774
4345,4688
2550,4760
2362,2787
631,41
5009,63
1029,4692
610,4694
1336,2851
1075,4736
300,4727
2740,4900
1179,2839
795,218
3995,2773
82,2853
887,4674
2688,4902
4120,4771
1217,1737
870,283
20,4914
4631,38
3138,4847
744,2853
3585,4926
2625,56
1067,1841
1955,42
3965,4735
3420,2851
2728,1737
668,4885
872,4883
2316,4991
1477,4736
2251,4882
3513,284
3212,5000
165,4995
1474,4979
5050,2843
1034,1860
2556,4669
4208,4990
1510,1857
4445,4735
2583,5000
4623,62
2120,1844
1658,4677
3797,1855
3179,4820
2702,3886
1543,113
2373,4764
938,124
4390,4773
1109,1843
4556,4789
1812,1818
1916,1843
4463,2838
1573,1834
3159,4817
701,4883
387,4791
3401,2825
2439,2866
1000,4671
291,2856
4067,4671
986,4734
4837,2848
597,2764
501,3879
2194,53
2778,4684
4057,1788
1921,4962
1370,4888
820,4695
4137,4955
1568,2837
1892,4968
3352,2844
612,4932
955,4979
2979,4690
2228,4828
2379,1844
2251,4693
587,5077
4422,145
1757,58
1770,4681
3279,12
3088,4817
3208,1849
3845,2788
3931,2849
1415,2816
945,4679
4948,2837
1280,4910
1769,2824
4744,4929
2214,5077
703,4685
4795,2820
263,4779
1385,1848
1020,5004
3649,4958
1374,2764
3395,4687
2048,53
1718,2808
3766,4856
656,1732
623,52
1474,5074
3147,3877
834,5064
1988,4680
4222,1832
3077,4824
1310,2786
3351,4995
4141,3505
818,60
3252,4979
2619,1727
4501,49
1385,2764
4065,4735
3400,2788
4708,4733
1797,4682
2146,2867
4339,5020
623,4962
1663,4720
1994,2764
863,283
2535,4787
858,4734
2863,1735
3082,4820
2964,4723
2270,4947
1434,4748
1662,4998
4225,2786
4209,4787
3578,3924
1582,2768
3667,4861
325,4998
897,4848
220,4265
5029,1837
4544,4743
3043,4670
1256,4265
2382,1818
2130,63
1461,4817
32,4990
1942,4266
4340,4932
3146,131
4618,3881
3138,5073
4716,4788
2425,4734
4436,2776
637,4958
1478,4988
1905,4938
3724,4934
3631,4746
2219,4634
991,4930
4513,4266
4019,1847
2252,1833
4628,55
3928,4883
4063,1896
2252,4916
4525,4909
791,4849
757,4635
2332,4938
3721,1731
896,56
3738,5065
3518,2833
4165,52
3265,4860
2712,2796
4483,2823
1153,64
3336,218
4426,4936
3551,4733
4373,2774
3799,4764
1546,4816
1913,4915
892,41
197,2823
1166,3878
1696,2795
3642,3877
1718,5001
4517,67
3233,4738
4309,4793
3592,4972
2390,4918
410,4634
618,4935
5023,3913
1681,62
3149,70
4659,4847
1758,60
2547,4856
1529,4884
409,4770
3902,4760
878,2824
813,11
2125,4929
2996,55
751,4891
2297,4946
3742,116
4624,1731
2138,4995
625,2783
1924,4951
1049,4718
4602,4906
4881,4987
1584,1735
1539,4654
3072,2785
1100,4770
1655,2846
92,4990
1526,4785
2683,4249
4113,4990
1220,4750
522,4793
2225,4674
4559,60
4813,4892
2451,1730
2636,4862
1482,2839
3907,5018
613,4681
2385,2803
185,49
1175,2794
838,4957
2096,1732
1401,1733
3350,4635
4337,1835
1450,4870
2201,4793
2662,4992
2040,4932
3826,2864
2553,4801
4053,69
1761,4829
1137,4749
3966,1848
3226,4748
3006,4635
1388,66
2065,3912
1297,5
2597,41
1303,4723
3716,4997
2355,4986
1344,56
4319,4848
1426,4987
90,4681
3449,4749
545,115
4659,4940
4495,2823
2220,4907
1756,3885
4270,1833
2562,4987
2746,4978
1404,49
1709,4994
1599,4776
445,1832
701,4937
1060,2671
3564,5063
2462,2818
3089,2785
256,1831
134,4917
3997,2764
73,2827
2183,1840
2105,4673
169,4915
2579,2795
4295,4675
1931,2855
1449,2849
4967,5016
2568,1735
286,4862
2196,4978
2644,2866
982,2816
3337,4889
2401,4991
4263,3
4352,2837
3827,4947
3701,4918
2379,2857
1716,65
913,4897
89,4729
3335,4729
2891,2774
2966,4878
4967,4734
3491,1842
2400,5063
2139,49
975,4818
2082,2658
246,4747
2890,5065
17,4847
2692,4797
2561,1816
455,4832
653,2798
2066,1816
2564,133
2704,4989
1327,2794
1445,4820
3814,4953
1890,5069
1304,4941
4570,2855
2443,2776
3552,318
3905,64
4219,4962
3442,2814
2458,4915
194,4762
2301,4902
398,1788
3119,1836
1198,1727
3055,4855
2598,2827
3792,1726
679,4774
4510,4790
2481,4770
291,63
609,40
3903,5016
1813,4848
3163,5
2965,2823
296,4900
3254,4963
5060,4832
1745,5
558,3882
3921,4777
780,5019
892,4669
2496,1742
4322,3915
4131,4905
2517,2794
1528,2786
1016,4759
3487,2839
3509,4784
2239,2851
4662,63
2474,4904
1875,4818
3529,2785
2744,2855
184,1734
933,1831
3946,2796
547,4830
930,47
202,60
2006,2773
2968,2782
3854,2826
2070,4695
4218,4737
2071,4732
3524,4882
4147,4743
2250,6
4315,4870
1760,4817
727,4820
1117,4674
1142,2813
1743,4786
428,1725
3929,4675
4621,4991
600,3882
1592,4830
1269,1844
4488,3
2082,4787
403,115
2292,2808
4595,1838
1544,62
3143,4958
1537,4902
4561,1740
720,84
3975,4828
3251,64
530,4264
898,2798
4651,4686
3598,4872
4278,117
2815,1
1123,4900
1511,2798
4384,5018
865,1740
4114,4930
144,4994
1946,4738
3679,145
2948,4781
1103,4801
4525,4785
1429,4958
754,4966
1410,34
600,4789
2815,4992
1026,5073
4029,4784
3423,4801
2437,4267
1325,4718
4581,4934
2719,4979
3087,4793
381,63
1307,2867
100,4750
4841,41
3147,4739
627,2809
3157,4677
3854,4931
2770,4831
658,1845
1070,4930
2285,319
2908,1862
2999,4677
590,3914
2601,2831
1582,4979
2328,4987
4284,1846
3816,84
2173,2774
1790,1840
4435,2816
4469,3878
234,4800
3706,4720
2416,4697
3932,4671
1955,4697
3247,1847
907,4677
4331,284
36,4878
4589,1840
3891,4760
1810,2845
3007,4685
1222,5069
463,4754
399,68
2355,4919
2900,49
1190,4613
4642,4989
3851,1860
2999,319
614,4774
2228,4916
1951,2767
0,3505
879,4934
2120,1896
4097,6
2201,4993
3857,4858
3473,5069
4080,4979
3362,4910
4611,4964
4446,115
1986,2790
2395,4820
219,4635
3702,1816
1990,8
1684,21
706,1832
2053,4267
1869,47
3682,4801
1826,3914
3568,4731
2922,1838
5051,4676
567,4783
144,4879
4493,115
4288,4873
3945,3615
20,4815
2690,3886
3971,2843
2365,4688
2473,46
1037,2818
3576,4880
2933,4253
629,4990
3775,12
2022,4675
1771,4929
774,2839
585,285
4207,4690
763,4677
871,4828
3211,2799
2747,5020
3743,4671
3352,3913
1919,3879
2036,3
255,68
323,4673
5082,41
4854,4654
821,3913
4722,1862
661,5002
2182,4749
3055,41
497,2765
4505,40
4383,2847
4468,1742
312,4668
2956,5063
4809,4739
3763,283
3382,4944
1754,1896
4834,4749
4423,49
3267,4679
1932,4791
3527,4692
619,4775
3740,4817
1043,4915
2356,2786
2617,5070
4551,4735
459,53
3580,45
649,69
3411,4737
1388,1788
4577,2849
3286,4693
1124,4800
2151,2787
3706,53
4586,3883
5011,4947
3728,1855
2285,4697
1262,4889
3675,2796
578,84
400,4956
2918,4962
4236,4785
28,2811
4004,4675
2754,2799
4713,50
670,4946
722,1
3190,4675
2343,4675
1142,4887
4423,2831
3396,4755
1131,2853
2739,4784
394,1808
122,2839
533,55
333,49
620,2865
3446,4775
142,2837
4439,4870
2187,5074
1469,6
827,4792
3657,4917
2731,285
22,2798
864,1734
157,4780
2080,4742
4133,4783
4641,8
470,4765
3011,2825
642,4997
2414,2658
1401,4860
2096,3877
3692,1729
1978,4887
3278,4979
1654,4908
4745,4904
3708,4265
4381,4929
2589,4673
1682,2781
4134,2818
2736,2799
4535,2788
412,68
5028,3880
2031,1849
4278,4763
4640,46
1258,4880
5060,113
748,4934
5041,1725
2378,4978
2395,4912
4950,4914
4285,2658
2100,9
534,4968
4553,2853
902,4876
1346,4696
3607,4248
1041,4763
4839,2857
840,4900
4577,4885
3781,4682
5050,1844
471,4671
4228,1732
3997,117
3422,4939
181,1737
152,45
3554,4793
3636,4680
4295,1846
1751,4941
559,2800
1227,1862
2170,4889
902,4654
601,4816
4336,4677
925,4914
4806,40
1055,68
984,2811
2894,4850
1965,4997
499,4920
420,3
696,4907
1819,4668
3589,61
2272,4930
3909,4958
1618,131
275,1843
275,7
2648,69
2219,2787
4142,2829
1665,2790
3486,4784
3368,2844
755,1728
4660,1861
4701,2671
3075,4932
2205,1733
3923,3881
4124,4862
3839,4969
2668,2765
1882,4672
1961,66
1167,4929
3687,4894
4400,4249
2420,4751
441,4904
1745,46
982,1856
1199,2779
1021,5020
3550,4730
1079,4880
3317,40
3145,4695
2299,4720
2705,4885
2724,4761
3621,4995
970,318
1929,1
4534,4909
3697,2855
643,3882
1503,4879
2180,4251
3794,2833
1770,4792
828,4751
1610,2798
3934,2826
3539,1856
2496,34
2328,2858
2026,60
4076,4878
3205,133
584,1857
832,4729
2415,131
2115,1835
2185,284
4585,1847
4347,1840
469,4969
626,4733
1756,116
3412,4742
3699,4939
297,2855
109,2817
238,2783
3753,1730
2276,4879
634,2838
4063,3877
1720,4847
2236,1832
4116,5002
4067,4988
3137,4681
967,4266
1232,4750
2943,53
679,4797
1897,4748
4417,1848
2309,69
3950,2864
1910,2829
2414,5075
3302,4897
527,2837
2959,63
4028,3912
4271,4860
3269,5070
267,1729
35,9
376,2776
2889,4991
1805,84
2159,4997
3244,4681
843,4787
2452,4654
1379,4677
4715,4781
4069,133
3110,4966
2343,2829
1289,67
5015,4957
876,5016
241,4888
2345,4683
1146,4779
641,42
1514,4992
4366,3924
1088,1731
176,4728
2889,4697
1195,1817
495,113
234,3915
4487,4954
2321,42
1052,4733
5047,3883
2409,4694
4167,4775
3314,4753
3336,4253
1967,4997
4020,4772
738,4750
764,2809
3074,4775
2129,8
4518,4978
5007,34
3164,80
125,4723
2025,5001
4391,1849
3261,4952
485,4763
1342,2835
4483,4890
1964,4892
1295,1861
2282,1827
2683,4861
4555,48
2131,4776
2150,4818
4330,4926
2311,1734
490,4998
230,1856
237,4912
414,319
633,4993
1383,4831
442,2794
1936,2862
290,4784
2551,1840
3099,1838
1555,5018
4017,4918
4045,61
1894,4792
3577,4879
378,7
4898,4879
1075,4938
563,2817
74,284
4054,1845
2879,3915
2749,2844
4487,3886
1621,3924
2220,1742
4863,285
1828,8
2894,4670
2474,4903
57,4997
3542,4986
3897,4953
3271,4850
86,4935
3139,4944
1865,5
2103,3878
1018,70
3770,4818
1629,4764
1025,4918
3802,52
2669,133
1784,34
561,4684
1304,1836
36,1816
947,4695
20,133
950,2826
3020,5001
858,2841
1250,4785
963,1861
4018,4897
4390,2862
1907,2846
2937,4734
304,2858
1511,4955
1610,4816
2387,69
1192,5065
165,4954
1540,54
1774,2816
2890,84
2249,1842
2167,2854
4061,4783
2138,4819
1680,2855
278,1731
4447,4934
4276,4991
1164,4697
575,4880
111,1855
1736,3882
1412,2810
3279,4253
2270,4926
2416,2841
1685,3505
1547,4978
4527,2796
1913,80
4311,2821
631,2853
3952,1834
2360,4753
3003,4786
2929,3883
3412,4958
1328,4695
3204,2829
1013,4937
2382,1857
1700,5004
2430,4734
2019,2864
3300,4738
1874,4820
1595,285
1381,4830
1428,1850
2368,4694
5025,4728
1660,4799
3750,1857
2049,4848
1395,4728
743,2853
4573,66
3326,4766
1040,5070
4020,113
3813,4829
33,4958
2645,13
4052,4250
4826,4929
4149,2811
2443,4905
3257,4915
2072,69
4224,4952
4703,4858
1117,4673
2325,4746
121,52
1768,5020
4967,4860
3234,4760
4128,4675
1920,4994
439,2866
5052,4799
3776,4736
3906,4723
2903,49
4556,3885
4134,1
276,4929
3149,2811
3592,4264
2895,4750
1616,3885
2505,1831
4381,4891
1789,4956
3381,1851
1245,4265
360,4790
1708,4679
1943,4790
891,13
1900,1861
2385,4952
138,2843
3702,4747
2510,41
4144,3885
2160,4935
860,4773
275,4991
2043,4820
179,38
557,4739
2225,4797
4865,4749
3858,3886
1467,2803
2320,4759
2164,2794
912,1742
3107,2865
1214,45
3984,12
668,1733
3471,1740
111,2774
4051,4937
93,2855
4895,2854
2642,4876
292,4613
1441,2829
4239,2782
3113,3912
1373,1748
3933,4938
2089,124
4319,2841
2037,4998
2698,4765
3103,4926
1787,4771
1273,4905
2721,4692
2219,1840
623,12
3608,4691
3328,4891
3994,4788
3794,4994
201,4936
2461,63
4524,4678
554,4940
2582,2853
3713,4751
2661,4728
995,4946
3644,4654
1261,4968
428,4912
3080,4689
912,4793
3473,46
996,1
1706,318
1357,56
1616,4872
1823,1839
2306,4266
616,116
4823,4782
964,3884
2738,4991
3440,4686
1753,3880
2560,4670
4949,7
1055,1834
4626,42
1981,2843
817,6
3982,4991
190,4776
4215,1730
4182,3877
4362,50
1553,1845
5051,4679
3786,1838
3247,2856
3665,55
2033,3885
3643,4764
528,4774
4042,1835
495,56
2218,2858
2129,4672
441,4684
2649,2811
3932,1856
1972,47
536,4671
4168,4782
1053,2866
2411,4926
3441,4903
2943,4265
3039,2862
2000,2849
4562,4848
2440,4755
2973,4749
1899,5019
906,4673
2225,4890
2645,3884
3181,1834
2068,4686
1146,1849
2467,4901
3673,5002
4647,3
3568,11
4234,4894
5011,2867
1762,1833
903,4769
4212,56
192,4782
3284,319
4810,2867
601,4870
1087,2796
2545,4931
3971,2781
4309,4753
431,1742
885,4903
1019,4886
3518,1734
618,4991
3080,4654
2956,65
1104,4735
1143,4764
1688,48
1434,4790
958,4904
1476,4944
4149,4926
4561,34
3238,4761
140,4734
1005,4776
2641,2841
4156,2829
2804,4818
3762,4776
2378,4929
3708,4986
1409,1748
4186,4690
4871,84
3675,1847
1546,5
3180,2799
4344,2855
732,4861
3246,4914
3672,4741
508,2838
4591,3615
4000,4792
1196,4915
2742,2866
1521,3
1307,2846
4071,1841
520,70
3023,2831
758,2865
480,2840
998,4673
3997,1855
3568,4936
103,4903
2196,4907
4396,4773
332,4734
4389,2843
1173,6
484,2658
4577,4693
468,2764
767,3880
1622,4876
3383,4727
689,4929
1161,1737
2394,4997
3008,2789
554,4896
2975,1827
3486,4679
2873,1833
3165,4689
3975,4768
2525,2866
1319,4954
749,4878
4395,3912
2216,4907
937,4771
3859,4248
3844,4727
2533,4783
2081,4680
2392,4791
2920,113
2708,4741
4341,4850
2062,2794
3209,283
4255,5064
2769,284
1630,4963
3585,80
2406,21
2469,4691
3982,4955
4704,2832
905,2846
1457,1838
1201,132
1966,2774
2890,2789
3158,4770
745,4968
816,5000
4317,4906
4515,4926
3780,4249
1029,5077
127,4791
3603,4736
1761,61
2676,113
2217,12
3165,4880
1379,56
3377,50
106,4901
1638,3879
3582,117
3446,4790
1619,4752
4161,4748
1273,4966
3812,1808
2010,4680
214,5063
573,66
2863,114
142,4878
4023,12
4239,115
201,4741
1023,4830
4010,3
4974,1896
3005,4901
1089,4894
1891,34
4143,1837
593,7
4175,4675
1121,4944
3119,4992
2742,1808
29,11
1642,4917
1067,283
3483,62
736,2787
5034,4886
2159,4752
1689,4777
611,4908
2533,4817
3024,62
3953,1729
4395,4762
3113,1808
532,5020
1339,4778
1902,1818
3899,4873
5076,1841
4642,2813
1556,3
4386,1855
314,4896
1415,4774
3413,1832
1657,1818
418,2765
2311,16
4447,4770
1520,4879
2910,4965
1912,4684
465,2798
3253,1856
1382,70
1392,2846
1982,4969
950,5018
1079,34
1526,4773
820,285
1216,1840
3129,5070
2925,4861
3511,4890
2230,4683
3158,2817
4103,4887
1294,61
358,2821
17,2799
2046,2796
885,4730
541,4947
3926,54
2830,4830
3292,8
1107,4879
2627,4691
722,4265
3750,3505
4703,4896
4874,3912
1189,2783
4465,3881
872,2796
4814,2788
1663,4755
4255,4750
889,4902
3646,4680
3416,2821
637,4736
3705,4986
5040,4762
4358,4749
4001,4906
252,1735
4548,4993
2150,4784
649,4729
4639,124
2405,1855
722,1827
4503,2768
1904,1833
4090,4832
645,4749
1220,4955
3649,1842
4009,4669
1458,4765
194,4694
2514,4775
3580,64
4807,49
1921,1728
2264,320
1858,4731
2596,65
4822,4992
3347,4937
355,4697
889,4849
103,4763
1146,1725
3652,4676
1549,1850
2753,4783
2211,3880
5006,4940
3010,4992
2683,4906
1106,4743
3305,5002
3854,5019
4150,3879
4618,5001
1196,2851
356,1834
548,2812
3524,4777
848,4906
3633,284
1703,1836
480,2866
3892,3915
4068,4731
1047,4917
1096,1842
2232,2839
170,4829
1626,4870
2313,4792
1865,4761
1975,5074
3108,2795
1502,1734
1886,4251
3000,4755
3724,4692
712,2786
3450,4672
298,4755
740,4686
3365,4888
4609,4913
1398,114
3242,4731
1524,3881
2893,4765
1402,113
515,4944
690,21
1950,4824
2305,1857
2101,1838
4235,1831
4984,9
2481,4901
4319,4850
3517,4670
4165,1862
1001,1827
2090,4774
3491,4787
4628,4774
4120,4897
4088,4693
4550,133
4196,4971
1494,1827
3322,4952
746,3877
184,4894
3303,4803
3511,2847
3769,4785
3066,4916
3648,2773
1557,4993
3798,1841
1226,4787
4710,4693
2624,3879
1267,4248
2594,4962
4458,4887
1204,4914
4478,4249
2133,1816
1285,4266
1144,4818
3929,4900
1950,4878
4220,4861
4566,5073
2234,3
742,4896
526,1728
4102,3885
548,2786
5061,4828
1669,34
2739,1833
2731,4991
2255,4693
627,4996
1362,4251
3971,4882
3178,116
1291,1845
2277,1851
638,4723
1625,1845
4618,4765
257,4801
3713,4770
3911,4675
614,4905
3046,4265
1877,2773
2330,61
4202,45
2527,2789
3229,4736
2569,4860
2714,4681
4302,2860
2703,2790
3629,124
1290,4910
3681,2854
3289,2799
778,4695
2317,4671
738,283
3173,4904
548,4267
287,2824
4172,3886
1943,1855
4645,4683
4214,145
1495,4759
2593,2833
3308,2790
4409,4986
950,4775
2474,4250
2572,4989
3565,2857
4346,4816
3426,1861
2174,4742
29,4987
2354,4759
545,4994
3339,3882
35,4684
1081,4912
653,1816
3997,4691
4302,4848
851,2820
4473,1831
3129,4890
1628,4770
186,2783
3527,4249
4404,4906
1514,4946
5006,1845
3414,2835
2490,8
3926,4732
1909,4940
2054,4634
402,4267
5054,1837
4023,4676
4378,46
2520,4829
377,4990
4154,4788
582,4907
4182,1740
2937,1848
2404,1861
788,4769
236,4902
2255,4778
938,5016
5032,2813
4533,2858
2149,2773
407,4986
2036,4753
192,2816
2802,1731
3695,2773
26,1827
1741,4784
1027,4968
694,4787
492,4786
2050,3885
980,124
4074,4820
993,4679
2135,2811
4290,1733
192,4675
207,2671
428,4931
529,5074
4067,4920
4177,4264
1173,2784
4129,4890
3696,4681
1113,2840
3418,4803
1773,4720
304,5020
1613,5019
1478,4862
2472,1844
1978,4830
1235,4788
4421,4829
910,1725
4073,13
3642,2862
1594,4910
214,4696
1245,4264
3024,2858
1943,4785
4655,4766
1342,4759
1404,2851
4607,2764
3742,49
3928,13
669,4738
4234,116
1854,5016
1755,4750
27,5070
1585,1735
1157,16
4255,2867
1530,284
1238,69
3758,5069
2968,4761
22,4754
1761,6
593,4790
3827,4736
2579,4682
229,4887
945,4654
2231,4857
1086,2779
1105,4741
4164,5064
1436,4919
1133,2788
3893,3912
1278,4989
2467,4777
2103,4693
1087,4738
3824,4782
3037,1732
29,2767
1879,4888
4802,2790
3090,12
414,4693
2542,4755
302,114
3536,2824
4652,1848
631,4905
3335,68
706,4941
2193,4684
1088,3615
3195,2847
3519,4766
789,4909
3168,4687
2422,2838
3387,2854
4556,2821
1608,4264
2980,1846
939,5019
799,4916
3646,4755
29,4782
316,1836
2544,4849
695,60
4588,4730
5081,2789
3034,4995
2939,2860
2584,4686
689,67
627,4771
834,4782
3486,1818
1031,2837
3868,4849
1724,2782
4162,2822
4598,4251
3057,1728
3698,4891
539,2822
120,4847
1928,319
3078,4994
3715,1737
1815,4847
4959,2826
2515,2825
3295,4989
2556,4932
4841,1851
3061,2785
4399,1731
3335,4685
1197,5018
1659,4883
3961,2764
4807,4793
869,1816
2133,4969
527,1862
4229,84
1824,4940
5033,2845
3436,4754
4298,4730
2960,2812
2170,3915
2546,41
2086,4954
3382,64
1792,1788
2177,2773
3728,4934
3855,4941
3790,4901
3201,4887
3032,4828
4804,1733
2944,4686
214,4762
2507,2844
150,48
1199,63
2982,4862
4328,4787
4844,4817
3932,4909
500,4879
479,2773
2675,4735
2948,4860
4015,4856
2009,4965
3394,1844
4133,4248
360,4755
1741,2856
2544,4847
4643,4250
4185,3882
4261,4900
1873,4732
804,4819
289,5004
782,2820
2657,2779
4089,1734
2935,4994
1149,4791
128,1861
3469,4971
1401,4919
518,4819
1220,4775
1773,2774
3293,5074
2500,4691
590,62
4133,4683
3553,4749
3848,4971
2526,3913
4503,4994
4268,4979
1720,1849
2941,64
847,4998
4489,4970
2868,5000
4597,1841
1167,4654
4482,4654
488,4848
2522,4902
1910,2794
1566,4737
1277,1831
4842,4613
4656,2864
1290,4996
1491,4755
906,4720
22,2796
2703,4990
3148,4679
4256,1862
5037,4690
1216,4746
126,2864
3392,2826
4001,5020
3951,4654
118,4693
4190,4251
2945,4917
2954,133
1765,4784
3977,2773
4289,4781
4526,4914
1307,4876
4809,4892
2239,4954
2736,2785
791,2825
3575,1748
5017,4718
255,4916
2522,1842
4318,1740
3166,4737
5067,4778
44,2849
2587,1844
4875,2789
1326,51
1256,1
3996,5066
3671,4765
1166,4992
3180,2782
1704,46
3469,4876
2602,2856
3414,4727
4082,4994
4190,4681
3143,2829
1171,4955
371,1851
1540,4782
2144,4907
862,4671
1931,4782
1417,2840
2355,4820
3773,4688
1014,66
637,115
2295,4989
3380,4897
2557,4727
3429,4672
2079,4892
3184,4998
3492,4989
1276,4882
2744,4883
4725,4885
2677,2837
1711,2658
1046,4886
1351,4654
3361,4689
3027,4677
799,2764
997,3886
206,4940
3396,2796
703,4908
4116,4998
2336,4991
3889,2810
4712,4954
1433,4919
4415,4929
2957,2796
2971,5018
1424,2789
2722,5065
612,3880
1515,4936
1944,4890
1365,4773
3264,63
4630,2822
3787,4885
3970,4952
2543,2768
777,1734
1799,3913
348,2840
3888,4849
2650,56
4028,3883
2608,1832
1219,3924
174,4952
2819,4777
4146,1734
3538,4732
1525,4944
2372,3
2922,46
3179,4978
3454,5074
140,1833
4386,4817
934,1861
3004,4683
2018,3913
3285,5020
4201,5001
4502,46
3125,4931
4277,4969
4110,2831
782,4789
515,4679
3672,4992
3572,1808
444,2808
1680,4971
3169,4729
3254,2840
692,4770
4983,4727
4182,4964
3790,2764
4147,4815
4382,4828
427,4731
3854,131
518,49
3370,4797
2608,2866
3057,4932
4454,1861
767,2854
965,1840
3123,1808
778,4784
4169,4789
3404,4940
1014,4684
3416,2822
2962,4817
919,1833
4555,4918
4000,4998
4211,2799
4823,4832
1711,4968
3643,5000
3301,55
477,2831
2201,3914
2033,4997
1944,4968
954,4759
1158,4907
5082,4931
3213,124
1380,55
824,4674
3176,4828
606,4947
2472,5020
887,1
3522,4718
1623,4920
1094,4723
3892,1818
3692,84
75,49
1156,2865
248,1861
3415,4962
2376,116
302,2764
2515,4751
1098,4801
2254,117
4945,4858
1336,4918
2688,4964
3399,285
1288,4964
1976,116
476,4824
202,4735
2477,4791
23,4735
1219,2826
3498,4678
3629,4954
4438,16
2946,4769
4181,2781
4895,2799
1418,1843
4177,2840
3065,5070
1924,131
371,5069
2901,4902
945,4251
4202,1855
2558,4908
272,3505
1873,3912
2010,4828
3699,4955
583,4772
3858,1862
349,4879
2094,5000
5067,4966
3716,4992
2695,1737
2030,5020
2484,4249
843,4677
3083,5064
3139,4768
2927,2772
1900,1740
4541,4958
2257,2776
2187,2817
1074,2835
603,4766
1578,4634
4567,70
4488,4955
2041,4969
1165,1856
3000,84
3579,4992
4585,4891
3405,1847
2993,11
3137,4987
969,4803
924,3
3786,4885
4922,2788
237,318
3871,2837
3463,2856
752,5074
605,4688
530,4958
286,2779
3535,4783
3291,285
3235,283
93,4903
3440,2853
4084,2808
2534,4764
2925,4687
718,56
1054,2856
2103,4803
1261,8
4009,2847
691,2794
1539,4782
2137,4855
2656,4673
2328,116
3260,4671
762,65
2457,4915
1560,1818
4351,4849
2383,285
2211,4787
3481,4783
4433,4877
1252,4799
1492,4848
1031,1838
4141,2776
4011,4773
3024,5000
2336,1837
2900,4989
4548,4951
3899,4676
4503,320
1627,2846
1263,4819
2673,4944
770,4913
571,4694
1284,4267
1712,4774
4371,2844
3946,1808
3666,4696
2877,2847
3435,131
3947,2845
324,56
2634,2784
3498,5001
1189,4670
3810,60
2686,5000
439,2786
4144,1730
175,4267
4392,4947
4502,4882
2322,4787
3350,2790
5024,4969
1121,1728
2177,1835
1045,1842
3529,2790
2863,2833
2419,1896
3873,117
1478,4937
3653,2789
2144,5075
434,2779
2640,1730
3768,4858
3148,4831
3050,5070
1584,2767
3698,117
5028,52
271,4741
1807,133
1041,1732
3763,4993
1889,1816
2449,1896
4960,2816
97,1838
159,4911
2342,4958
4622,4763
5068,2846
2550,4253
3433,51
4011,4755
2193,4689
1360,3879
1417,4673
186,4801
4454,4966
4475,5019
2576,4681
4278,4913
4080,2781
4562,132
138,4857
306,4829
3411,4729
1900,1840
2706,3912
706,2776
36,3881
77,1837
1693,2845
1347,131
2540,2843
2599,56
2640,55
3162,2786
2685,3915
3693,1734
3168,4752
399,2856
4365,51
4609,7
3857,1818
4321,4970
2110,1843
111,4741
5039,4783
1913,4777
3577,4905
3685,8
3344,4742
1339,4674
1664,4800
4898,2813
1231,56
1630,4789
378,4919
2732,4857
5021,4683
187,4944
3197,4929
4477,4824
3859,2816
1879,2811
766,4729
3739,4681
656,2833
4118,1837
423,4801
2888,4801
1040,4670
2877,9
4572,4951
4632,4944
1750,80
2521,4780
4517,4952
1497,1856
2354,70
4545,4774
3774,80
1769,4670
1936,4889
2517,4760
2339,4248
471,2867
929,2841
640,2772
4474,4829
3678,4919
134,4693
1077,4969
2807,2816
969,4926
1195,4789
2669,2847
1131,2796
773,4733
1756,4613
4006,4996
3806,2849
2424,2824
4164,2858
1916,1835
4016,4996
2072,3505
2306,4264
770,4885
774,4917
4041,5020
341,67
5060,4784
2930,1818
3958,1860
1658,68
3356,2816
3223,4769
3010,56
1968,4935
899,4782
699,4736
3896,4862
1380,4775
940,4820
1110,4770
4210,1731
1715,2790
3094,2658
509,8
4029,4831
1685,4695
2106,4931
3081,3914
161,2867
684,4817
4234,4782
484,2840
1629,4910
4422,4876
1149,4772
1903,4773
1490,116
4376,4692
4000,4635
1284,4668
2449,42
1541,1841
2495,4755
774,2826
1086,8
1917,1846
1963,2839
3245,4956
4558,4768
2641,4793
1772,4860
1075,4692
1680,4882
805,8
1276,5016
3566,4668
3570,4739
3759,4887
269,4760
2925,1731
3335,4684
1161,4917
457,4803
3713,4718
1578,51
1045,40
2815,2865
3329,4786
2683,2823
3274,4885
3665,4694
2147,2845
2990,1731
971,4850
1216,4797
1003,16
3468,2862
1595,4654
3730,47
4056,2768
1458,68
2682,4958
3676,4788
2371,4742
4091,1832
2970,48
4838,2671
3669,4952
357,2768
3255,4939
965,4685
1306,3913
3551,4954
3960,4847
260,45
3988,7
4840,5064
3692,4779
3621,4891
3473,4941
2459,4831
3920,2835
3635,116
703,2858
3272,2788
3337,2765
1010,2829
3996,4964
3319,5002
4230,4765
1341,4958
1106,4783
1918,1731
3749,5073
1322,50
1115,4682
1230,1729
1989,64
3746,2786
2131,4916
4146,4737
498,4695
1645,2839
3701,4986
1974,4920
3150,4894
3081,4917
2523,4879
3826,1841
918,5075
3223,1731
5030,2841
1527,5077
3934,3914
3907,284
3148,4849
2645,2789
3525,2811
2929,4781
641,4683
401,4913
1394,3924
4232,4783
1607,4800
5046,4987
3324,2845
1394,4996
3156,4970
3655,4830
4254,4671
2348,4849
408,4748
2083,2813
5027,4989
903,4753
1023,1855
3543,68
1934,145
4703,1896
2898,4921
4556,2779
1610,2855
4309,4769
3159,4732
852,4993
1069,1850
1863,5063
3832,4803
768,4752
3600,4954
1140,4915
2709,2865
3063,4742
2603,6
4592,1831
2162,2860
2269,4680
1873,4828
4018,70
3062,3880
3020,4669
4270,4776
3339,4934
2920,4900
671,42
1823,4668
4581,4969
1223,2837
4272,1733
3917,4674
815,4952
2110,4908
625,1834
3828,5077
2312,2765
990,2786
3796,4929
2180,3505
3895,4858
1590,4779
4434,319
5040,1838
3938,4654
4177,4676
1505,4962
1637,5001
3721,2829
3281,2822
1057,4887
2554,4733
2686,4770
3753,4995
3037,4876
2123,4730
542,63
1529,4675
1088,1847
3535,4920
2350,16
4514,1727
581,2840
1119,218
2834,4989
2212,4793
1197,2856
4344,4993
2538,1847
2588,1855
4156,4253
1032,4896
5055,4912
2417,4737
257,4900
924,1827
2930,1840
1626,4862
3215,4797
1698,4803
3861,4784
3871,1817
923,4958
3771,4670
4117,4748
2673,5019
1171,2837
1542,40
3165,3880
4177,60
2917,2865
1346,1
5022,2774
1193,4951
2085,5070
4017,4760
672,48
3777,2853
2023,4938
3090,4936
4495,4878
2499,4954
3463,1730
3513,4860
1649,4900
3465,2855
1234,2784
4331,42
1251,4685
2275,4970
3857,4992
4405,4669
2234,1832
3660,145
1987,1843
400,4697
1058,1733
4603,4765
3786,2847
3644,4850
3645,4775
802,4819
765,4829
3449,2846
508,4848
2850,21
3006,4738
3961,2809
2327,4905
1717,4990
1583,1896
728,4855
1637,2838
2251,4914
2692,4692
1799,4968
4242,52
3601,4879
2752,52
1018,4736
2769,2816
4744,2783
1819,4909
3965,4961
475,4938
3596,1732
816,1851
3805,4248
1274,4970
558,4917
4093,58
2394,4793
972,2824
3997,4828
1885,2782
2955,4799
1258,4979
3010,3924
1391,4669
1009,4890
1210,2823
739,2779
4064,4919
2129,1860
2078,4870
4387,4910
5037,320
4282,4686
5056,4885
4411,4910
74,4682
2372,3886
4088,1818
4,2765
3035,5002
2007,2837
1569,9
3994,114
95,2845
843,132
3349,4885
940,2798
4454,3878
4063,4937
4165,145
1464,4849
719,1845
2432,4920
3690,4748
1294,13
2445,70
1621,4766
2487,2829
2647,4778
797,4926
3899,4824
1058,5000
1091,2848
3271,2776
294,320
3561,4946
4278,4906
1506,1851
4306,11
1137,4882
710,4932
2754,1734
2504,2829
766,2831
151,4765
838,1834
657,4931
3894,7
2151,145
2203,4732
2012,3878
925,2822
4106,133
5084,4799
2118,4914
3847,4687
2663,58
897,1827
32,4911
750,4819
3501,4676
1423,4781
1805,67
3104,4882
5033,124
2307,5066
3748,4781
2459,4743
2643,54
2143,2772
627,2785
2231,2809
3015,116
3244,1748
1624,5064
421,4991
671,2856
3577,1727
1011,2845
1982,1844
344,61
3976,1730
3041,3505
2570,4910
1166,2767
3383,4763
4002,2789
5062,2799
2267,4771
667,64
1745,4882
1622,1748
752,4785
4093,4733
3175,4986
1905,60
1398,4731
1787,4760
2649,4248
4065,2811
4709,1862
4806,2784
3296,4876
3631,5000
2336,1727
1448,2844
3909,4897
882,4680
1696,5064
1491,4682
4637,48
3382,4990
1895,2772
3144,13
2525,4958
416,2840
2323,1860
2348,4793
1348,2843
1970,2832
1358,1818
2451,1827
1133,4829
2891,4878
4710,4891
3099,2838
3334,2821
4593,1733
1652,1850
2617,2768
1632,4847
3976,4779
2970,2838
2018,4734
972,2860
4357,3885
1664,114
628,4765
1705,2812
1254,4729
1829,1816
4644,4249
722,4668
1578,1844
4123,69
2182,2843
2697,5
1417,38
3082,4681
396,5000
346,4952
3354,2773
1286,5074
4190,47
4511,5001
98,4735
3274,4749
4721,4672
1957,4946
2569,67
655,4682
648,116
788,4668
5060,4994
2510,4884
2062,3924
1143,1848
2974,4697
3712,2658
2667,2829
198,2795
427,1896
1550,4697
2210,8
3416,4880
3617,15
4975,4673
1195,2849
2034,4819
2356,4966
4122,4753
2368,42
3872,4777
662,4673
4417,4766
224,4887
4810,3877
1349,4932
3564,1851
1991,56
5022,4936
415,2831
93,4683
3589,2862
4143,4799
4297,4670
4079,4946
1430,1734
4390,4913
3351,5063
2013,2843
3383,1860
24,4979
2717,4690
265,3886
3255,4849
2941,4755
1108,2837
856,4763
873,4803
714,4697
930,4746
4615,2820
644,4857
594,4668
3720,2865
1132,4727
835,4635
3176,4760
3283,4764
1721,145
3568,1733
337,1735
4539,1848
4500,34
2294,4635
4223,2867
2174,4790
3405,4764
35,4732
4187,62
2011,1832
1371,3615
2675,2826
4566,4992
2254,49
4606,4954
4439,2782
3629,4749
4034,5065
461,67
363,2825
3089,4897
947,46
349,4768
3027,5070
2331,2795
24,1
3410,4904
2065,1851
1369,9
2753,4916
1086,4934
2687,2844
221,4720
5025,2764
1620,1848
571,1845
2936,3878
2287,4800
1055,15
4272,4673
920,4248
2298,2795
1403,4971
1398,4679
4758,4266
2966,2816
595,1726
1723,4931
3196,4996
3079,2816
383,4903
191,3913
3126,4987
2088,54
97,2800
4494,4946
249,4748
2165,40
2462,4733
325,4761
966,4761
4796,1729
3925,4997
3258,49
1876,4723
2141,47
4151,4772
4593,4858
1157,4720
4026,58
4323,4896
1532,61
393,4816
3363,1843
3452,1856
1272,4693
3814,2768
4126,4678
3402,4613
3713,2787
1168,4779
818,4972
393,4897
4500,4696
974,1817
3578,5001
4472,4932
2473,4682
135,2835
1883,4779
934,1837
2032,4921
4115,4951
2249,4952
1390,5065
747,4793
4397,2837
3442,4671
4527,1840
3213,5069
3736,3879
526,4793
1666,4990
2509,3877
1942,5075
1063,4676
4093,4770
1381,4672
370,2814
2411,4915
2205,2853
3849,4775
3070,4824
5082,53
1197,5016
3609,1727
4472,4753
1506,4831
2213,1836
5083,4889
566,218
25,4870
3002,4785
4478,115
3275,56
1780,2799
4170,2838
2511,4944
2665,2810
4241,4872
4383,1842
4202,113
369,1725
146,4773
5052,3913
2038,4752
3557,4781
1583,4735
4218,145
3845,4731
1279,4249
2581,4870
4846,1731
3613,4815
143,4890
2887,1730
3270,2781
4144,9
4305,1725
1408,4685
74,5074
3802,4680
763,3915
2223,5070
1312,4995
2318,4770
2148,2783
2629,2818
2428,1855
2868,12
1710,4688
5047,2858
776,4747
3148,4876
3030,4815
1343,2671
3497,4266
3317,4831
3023,2824
1523,4803
1395,4790
1211,67
3699,4693
151,2788
3918,4849
4644,1833
3641,62
4566,45
3351,4778
2713,4901
1743,2773
112,4904
1997,1733
4593,65
2578,4816
2380,2782
2696,2855
1781,4998
125,4697
783,4915
428,1788
2361,4739
3909,4968
3459,3886
440,1896
4975,4824
4313,3505
1989,2864
3475,4733
1136,4265
893,4862
453,4760
5051,7
4,4730
4568,5069
2012,4743
2202,6
2025,38
33,2786
716,4789
2660,4861
1883,1850
1658,4686
59,4718
4194,1833
4384,4953
147,1850
4283,4742
2128,2774
2489,5019
1212,4737
2664,4753
5045,4849
1937,4817
4444,4787
339,4766
3133,2781
1128,4971
616,2848
2006,4848
374,2768
2284,1734
625,4781
1996,1832
280,4884
4328,1838
4187,4986
4225,4697
2736,3882
3418,1850
785,4992
3772,41
935,4679
2607,4860
3292,2773
644,1846
157,5016
428,4688
3219,4931
3425,4800
2657,4670
2488,3882
932,4747
4278,2841
4445,1896
728,4987
4338,4686
4486,2858
1558,4815
4372,4862
4198,2814
1287,1817
3431,4958
1229,2844
1872,2773
1670,1816
1302,1728
3077,4803
4585,218
4374,4697
2662,4968
3577,4772
4152,2833
4116,4992
263,4932
3669,5002
2676,3878
1231,4690
161,4742
674,2658
883,4800
3685,284
2792,4677
2135,4734
3111,4917
453,2853
2007,113
2667,69
4119,3883
1886,2772
2172,4751
493,1735
1692,1857
3807,4749
4852,4776
420,4830
4646,1838
2063,145
213,46
712,1731
2761,2779
1492,1730
4471,2781
3468,1862
263,132
4562,4880
4307,4783
811,4762
4101,1850
4373,1733
207,3913
4666,4903
3064,2785
2154,4634
1540,4766
2090,4991
1462,2787
3121,4773
1222,2856
1610,2794
4366,4691
1885,2846
4331,5064
3864,4634
863,218
1073,66
3135,5019
3552,2789
2770,4914
3327,4926
3048,4752
460,4668
5058,145
448,4993
88,4670
91,2785
1113,68
824,3879
1519,2772
161,2765
2053,4785
0,145
2650,4936
372,5002
3645,4887
949,4752
1965,2846
4141,4969
2325,4817
690,3914
2552,5065
425,4941
3504,1840
879,1816
3450,84
3497,4930
1798,4956
1235,4751
1440,4266
2,1849
2876,1850
359,4790
538,13
5017,4680
3971,133
2666,4753
1720,5073
2174,4969
4825,70
3318,4782
1990,84
3773,1836
1083,3882
3498,218
1134,4776
1224,4879
3833,4887
4145,2853
3418,21
3659,4968
2534,4832
4150,4816
1758,4779
2362,2821
3115,4929
1972,115
3597,4894
1875,4778
2976,4994
175,1841
3304,1827
138,4894
3002,4887
163,4970
636,1788
3637,4994
1489,4766
913,1855
3951,4988
1018,2789
3897,2817
1217,7
2284,4765
2545,4654
858,2835
415,2858
4518,41
2736,4971
3715,4953
4407,4828
1139,4772
2290,4986
475,4906
3719,133
2105,84
1233,16
3061,7
5037,1834
1110,1856
3497,4940
3222,4789
3224,7
3399,4972
3272,4971
3611,4979
265,4828
2654,4764
3702,1831
2052,4857
243,4692
31,4742
3380,1849
256,4723
3863,2786
568,47
522,4978
2622,1834
1938,4883
1224,1840
1234,4779
511,4736
3275,2790
1543,1737
3107,2841
372,4697
4073,1729
2007,2858
3482,2848
4089,4728
3280,4862
2777,6
3576,4954
2914,4673
3654,4803
3741,2838
921,4941
419,1725
781,4926
1332,4786
4111,1838
1351,21
2450,1827
3062,4856
1717,4896
2964,67
3985,4905
1919,4979
4477,4884
1820,60
3103,48
3404,5004
2284,4755
4358,1855
4492,4909
1392,4962
4616,4788
1321,4747
922,4816
3599,1840
1531,4739
1568,60
2372,4992
2473,3885
522,2786
839,4800
1691,4686
94,4910
4659,4912
1642,4870
3369,1833
4009,4988
1953,4817
1160,318
2616,4963
4065,4776
4101,4800
4334,1748
2734,16
1433,2821
4812,1817
4633,12
1190,1731
3732,4668
3106,2796
653,4872
2073,116
1215,1856
396,2818
161,2837
226,4787
2528,1748
1768,54
375,4971
935,2823
4125,4748
2495,4729
1268,47
1170,4990
3986,1834
647,116
805,3881
857,4791
3039,4904
4160,4917
1147,4953
4580,1838
448,4940
2012,5000
5022,3883
4875,2816
3060,4870
3340,4944
3256,1846
848,5016
2431,64
4088,21
1156,11
3385,4816
2598,4775
1960,4738
2448,4997
3545,132
3180,4774
2150,4963
4639,1837
1261,4978
4136,4989
1342,2867
703,3
4216,4992
4351,2817
1987,4687
2995,4860
2032,4831
2943,4754
219,4755
881,4788
3466,4952
2264,2851
2460,2772
4975,3880
1508,2773
4598,65
756,132
3460,4897
3225,4918
859,4886
2360,4916
2509,4684
2255,4248
506,5001
633,1740
2208,69
618,52
1124,4792
1075,4778
1296,2808
2553,4892
2368,283
676,4678
2554,58
1972,1730
2990,4953
1513,2787
1415,4728
1530,4732
3599,4995
1533,2784
2614,5074
5051,4907
4660,2867
1577,1733
2134,4953
4425,4736
1311,4861
1296,4682
1288,34
2084,5064
3872,4792
2539,2844
293,4941
1416,5066
1853,2837
4626,4743
3826,2800
2022,4788
1114,4900
870,4888
1025,4743
3556,1845
3421,4686
3382,4264
2288,4850
825,4892
1451,4784
174,60
2156,4775
2115,2794
1450,2803
332,38
3740,4777
3338,4952
3872,4998
3041,4680
3160,4760
1614,53
4923,2824
1219,5063
3605,4870
2386,2837
3476,4753
1527,1860
402,4953
1724,4962
3307,1844
1045,4997
1272,2765
3318,2812
4495,2789
4381,5018
3888,1837
815,5073
86,4759
1034,3915
2341,4944
4575,4873
3688,4929
978,15
3656,4970
355,4754
1478,4888
4515,4870
204,1847
4639,2837
4277,50
2379,4883
1638,4687
1080,4764
4371,4957
1744,4739
1705,4995
37,2765
3799,4994
4186,124
2792,1834
2914,4727
2167,4917
3343,5074
2258,2847
4277,4785
3792,4761
4433,1851
598,4746
1027,4920
3103,4904
3727,1726
4455,2765
4000,13
3743,4952
2226,60
4725,3883
1987,4762
43,4249
1183,4682
3529,4775
4453,2794
1119,4680
3456,116
3449,4831
407,1846
1651,145
3369,67
2383,4799
991,4752
4278,4883
2537,4926
2058,1850
3499,4248
3570,2837
2374,2810
4409,3881
4038,4654
395,13
1557,4693
74,2858
4354,4936
4419,1834
3409,4779
4838,2812
899,4766
4405,1731
708,283
3859,4972
1486,1838
2544,2808
123,4777
4142,4817
167,4693
3514,2785
370,2831
1209,2848
751,4829
2199,4992
946,284
3957,1836
3069,4815
4271,2800
1999,1841
4355,4792
987,4954
1584,4741
2896,4970
625,5020
3284,4953
871,2840
3647,1839
1606,4992
74,50
3084,133
3701,2781
4191,5069
290,2851
3433,4760
3339,4793
3188,113
3381,5016
2276,2813
4351,4747
894,4884
3461,4785
3531,1833
473,5075
1109,5064
4515,3880
3637,1727
5048,4877
3220,4956
2283,4731
2509,1735
3240,4892
3864,4940
489,4870
3301,4680
2136,319
520,4963
3007,4861
2026,4267
4130,4828
4252,1808
759,2844
3066,2781
1525,60
3423,4720
3392,4946
1219,11
1801,4855
2443,1818
510,4906
1615,1735
2909,13
938,2781
1053,4915
295,4737
2511,2816
104,4991
2492,3912
3121,4697
233,2820
3228,4955
4472,4961
579,1808
3438,2825
1919,2846
1139,1834
3829,3884
3984,1831
2261,4883
4170,5001
1755,4861
4365,2796
4286,2831
3895,319
2912,4879
273,5066
503,2827
2680,4816
312,4880
1640,4832
3019,54
2964,1835
2702,9
4070,4730
715,4876
3086,4683
4520,1838
152,4968
1082,4887
359,4940
495,318
4582,1834
2256,2781
3369,5000
3021,4816
157,65
4588,2783
2533,2831
1405,2765
1454,4992
617,4676
4482,4782
1815,5074
4928,4668
2769,4978
1868,2658
3675,5018
890,1845
169,4782
1216,4763
2238,4693
206,4947
2524,285
4064,4718
2277,3505
4116,4993
5003,4686
1215,4692
3199,4789
3520,61
1956,4989
183,2853
3427,4889
933,4773
4268,4768
2198,4876
1022,8
872,4788
1765,46
2393,4941
874,4952
391,4894
3294,5073
385,115
2363,3915
1026,132
1530,5074
4052,58
2850,4989
2257,3881
2981,4267
839,4251
2479,64
4417,4996
2992,4737
741,2816
2484,4946
1399,6
1724,4730
305,4909
3961,4886
3811,1838
2570,4872
1526,4793
187,5018
3857,4998
4211,284
1569,4790
2905,4978
4553,4968
2477,1818
2247,4775
4376,4911
1819,4752
1212,4962
2568,4787
1777,67
2400,4267
1770,4916
1172,5019
382,2765
2121,4890
4104,2818
383,4969
2625,4951
921,4754
3401,4872
172,4819
1225,4919
598,4883
2561,4786
1042,4775
3354,4939
4656,4917
1268,3913
4106,4737
1908,2789
3357,4889
2374,218
403,4884
1674,319
2210,4829
4048,4907
439,16
529,5001
2007,145
2567,4908
2360,2853
2168,4762
2353,3615
2405,4755
1095,2835
3301,52
1918,4682
4299,4692
850,4752
3316,4872
2312,1862
3852,4969
1027,66
799,4873
3773,4926
457,3912
3095,4886
5029,115
2109,4694
457,4957
2562,45
807,5075
930,1827
2336,3877
2205,4877
2904,4994
1621,5065
3361,4915
3005,1849
144,4940
1702,1860
2309,4991
2990,4912
2592,4847
2055,4769
1080,3879
4629,4668
274,1742
928,4690
2766,4876
3689,4829
2967,4672
4211,2860
677,2784
2450,2825
3252,12
4017,2803
2467,4739
3305,4776
1875,4890
2552,4858
4927,113
2154,4911
1240,2787
3864,4760
4050,4265
4618,4759
1603,4964
2777,2839
3838,1857
3086,2794
1992,4888
1554,2764
3645,4904
1267,1862
3782,4926
1224,2845
5038,1838
4394,4803
1139,4692
2603,4876
898,4765
1317,1861
207,4249
4973,2788
3683,4929
4559,2784
4810,1836
1338,4962
3322,2783
4100,2810
4171,1818
2763,2849
1812,38
5043,4918
2322,63
4172,2845
1388,4918
3097,4797
1703,4995
2655,4989
855,4755
4304,3914
4442,2781
2243,4267
3662,4728
1342,124
3467,2772
612,1817
5015,2785
1854,4723
2590,4850
3019,115
3623,4994
237,1740
2463,4765
2520,4819
4227,4790
2323,3879
4378,4989
3553,2768
3713,4996
387,4264
1457,4994
4193,4743
1052,1740
1542,4634
1449,4684
602,2841
420,4896
4380,4760
4088,8
3921,2867
1468,1808
4893,51
1207,4694
3379,1851
209,319
4075,4887
293,4921
2428,47
4412,1857
573,4941
4292,4793
1830,66
2223,4691
3774,4690
3046,1733
415,4897
1360,3884
2113,4780
4220,4939
4527,4793
830,4681
3524,2788
862,285
3334,4994
2643,4672
3308,4918
3626,4994
1299,4882
4030,4890
3727,4771
2673,3883
1646,2840
2802,145
4664,4921
168,2835
2457,3886
3145,1855
200,3505
2282,67
3611,54
844,4931
3641,4759
1617,69
1494,2846
1072,2826
3550,4820
1341,2847
2195,4676
3376,4770
317,117
4252,4917
17,1845
3544,4782
2704,2816
3257,4692
295,2826
5040,1817
3951,2803
2320,4909
1463,4946
1360,4940
4217,4939
3766,5016
4519,1839
2971,4635
4441,4735
10,4752
3840,2862
1375,115
3247,1726
732,5077
4303,4828
1231,4934
753,4995
3556,5004
4017,46
3607,4792
515,1838
2248,4654
2770,2851
2583,3615
383,4265
203,4773
3329,2864
3238,3914
1931,5065
220,1845
4208,4955
2112,80
468,4860
2584,4919
4313,52
510,4786
2530,4932
3217,5074
1303,69
4359,117
938,145
1936,318
1900,7
3126,2781
4950,3883
4154,56
149,4916
2399,4683
3347,4870
2057,2786
3498,4966
4700,1833
342,4718
959,1837
4805,4250
1588,4678
3863,2817
3753,4760
1333,4786
3666,4971
2204,2790
3542,62
1290,1727
3025,2853
3693,2838
4576,4891
3576,4872
5035,3505
1514,11
396,1818
1804,4762
4756,4958
2895,1834
371,1730
1036,132
456,4946
3719,2833
2571,4761
4928,66
957,4880
3937,4831
2435,15
708,4935
3558,41
3441,4904
849,41
4561,5002
3349,1846
1306,4797
2626,4267
3921,2847
624,65
2079,4918
2065,4694
917,2822
913,4752
3979,4684
3130,2799
3088,2783
1018,4695
4078,1860
1998,4818
3706,4956
1477,1843
2508,4786
4524,4818
2043,4906
3028,4915
1476,4824
2382,4682
1533,3912
2988,1831
535,4911
1588,4773
4201,4741
3508,4815
667,4873
1222,4720
3861,4856
4040,2671
2275,15
149,84
352,1856
4557,4695
2324,5016
1288,4801
1965,4857
4455,4781
4002,4971
1189,1816
3731,2821
608,113
3291,2826
1395,2851
408,65
4040,4879
3378,5002
2181,1732
2281,4955
4426,4683
2706,4908
3691,3615
548,4751
134,42
1538,84
4874,4972
4276,4764
1049,1
3316,4754
2396,4921
4103,4937
1926,4878
2456,5001
293,4990
438,4803
1472,5077
4950,4820
1948,4978
2742,52
1854,131
3109,5073
3509,4897
1167,4693
3743,2768
3151,4800
1289,2837
1980,5000
969,4956
4020,4872
3171,4613
4398,4741
2945,3884
4258,4766
2323,68
1181,2837
3547,4870
1810,4676
2538,4946
3652,4953
1903,46
2395,2818
2899,4820
4050,1844
1012,2765
5068,4815
191,4765
1062,4968
3795,4915
4210,4921
2678,4972
3747,4961
4405,1730
3340,4793
4529,4820
3978,56
155,4938
4169,4958
1284,2837
3614,4772
2366,1860
2230,2783
970,4988
4647,2772
4256,4737
1528,4926
1420,4763
4114,4674
1358,4742
3283,5016
1715,4953
4717,4253
1147,4997
3792,4857
2275,283
3192,4265
505,2768
4924,2783
4560,4912
4278,2829
2233,133
819,1818
4233,54
4841,1833
513,4787
168,1896
5061,4897
1762,1861
896,1726
22,2784
3148,4675
1276,4888
4296,4996
1196,53
3686,4969
195,4761
1296,1737
1676,4986
1272,4902
223,4720
1967,4671
1972,2846
225,4847
3768,4997
2078,4860
2452,1735
1206,4690
4070,1847
4451,2867
3271,1834
3957,4784
3009,1834
1050,3882
447,1726
1939,1834
205,4896
3632,1862
121,2832
1352,4684
4399,84
3875,320
2476,1850
2901,2843
3189,2818
1813,4801
3817,4872
3176,4693
3887,1835
4211,66
4138,1838
3702,4939
2893,2860
1495,318
1804,4686
4366,4901
2500,2803
498,4962
5068,4940
2962,41
3180,4907
4608,4772
1228,42
1294,4930
3822,3912
2355,4779
606,2860
4037,2788
2959,1730
4516,69
792,4635
1778,1860
4899,2866
4517,5018
694,4957
3698,41
4377,4674
1869,3924
4796,12
4663,4850
3984,1734
651,4778
478,2799
822,4635
1622,1836
2380,4679
2018,2827
3779,2827
1414,4736
4308,4929
743,2809
2041,4742
2298,2847
5011,4793
1595,4830
963,4861
748,4733
3703,5019
3851,4914
2113,1728
215,4696
662,4862
2972,4786
2705,2856
140,15
1496,2867
3554,115
652,4987
4974,4766
3430,284
249,4792
302,4676
3898,66
1559,2825
1620,4669
3321,4781
900,4790
4038,4856
497,4249
5083,4613
1553,4634
2178,15
1019,5065
174,4738
868,2772
3828,4753
2209,4862
2731,47
2910,4684
525,4778
2250,3915
2085,2832
3109,1808
2938,4986
2422,4785
4316,4680
417,3881
3891,4887
2697,4773
2572,4919
2513,2820
2960,4684
349,2822
1353,4749
4758,4884
2343,2837
4049,4934
4170,16
3856,4739
347,4697
1200,4733
4242,2843
186,4937
468,1856
968,84
3046,4771
3125,4830
2406,4793
1234,3913
3650,2853
3425,2814
3420,1862
4506,4857
2321,50
3587,4994
3326,4730
3230,1839
948,4769
4104,3882
2156,1862
5057,4932
4090,4905
518,4674
479,4824
3241,2782
2616,2839
2489,15
2455,3878
4030,4786
1621,2803
3818,4831
3018,2824
878,132
3162,2845
645,3885
4237,2821
271,2794
4247,4963
2383,1734
2344,4264
2656,2832
3023,4754
2185,4850
3010,4687
4656,1849
2478,4968
3444,4729
4118,2829
249,1727
3807,114
3293,3882
2902,4784
3453,4896
3422,4732
609,5
333,2855
613,2671
2443,1849
3528,4964
1513,3885
2557,5075
1443,4992
1669,4876
3636,4884
4498,1742
2460,1896
1870,2790
4379,4909
2510,5004
43,4897
2180,67
2243,4934
1685,4748
608,4887
1031,4931
1265,70
3499,318
799,4654
1466,4969
983,2772
2753,4947
792,4727
868,4696
1665,3879
1636,34
2863,2798
2725,4930
1436,2790
1424,4679
2204,1733
142,4988
2388,12
1782,4887
2415,4855
343,2794
1350,2826
2068,116
262,4789
1223,4932
3105,3877
4228,5018
3952,1728
4069,5018
1348,67
4232,4732
3032,1835
293,2832
895,4754
1310,3
2949,4689
1611,66
398,4729
205,4965
4333,2832
2079,2767
3209,4691
2458,4904
373,4772
4005,2810
3975,4849
3116,4784
3192,4790
4413,4741
210,1857
926,2849
4037,1861
1441,4857
3929,1860
3166,4800
2998,5018
1798,4831
2195,4955
3719,2809
787,4856
2464,38
745,2795
3239,2783
1018,2865
2199,1836
2162,319
4026,4752
1787,2847
2239,2773
2234,2796
1190,4947
4286,4961
4074,4907
534,4888
390,2813
495,2782
959,4816
612,1818
2106,4872
3646,1855
2474,4897
2328,4855
4364,4778
4058,2841
3622,2820
1548,2785
3407,4887
1980,4849
2504,2764
101,6
4181,4737
1162,4915
198,62
737,1842
3377,67
5057,1843
1432,2658
414,5075
1373,4686
1640,4954
3045,4872
4513,4930
1867,2768
3215,2658
3224,4934
3228,4265
1546,4972
4448,3879
3292,1845
1505,284
204,2827
2635,4824
618,4992
3940,4799
86,4266
35,4996
3734,3885
2136,4785
2391,4797
1043,4878
289,4751
1098,1848
1360,4763
1594,11
475,4779
4594,319
4333,3881
4355,4901
1535,4673
2908,4882
4067,4847
2712,2844
1921,4914
3874,64
1442,4887
4413,2786
1357,2866
3500,3883
3693,4873
1640,4635
1188,116
3202,2811
3353,1833
4276,5019
356,4969
4230,2781
685,1816
3356,4695
3672,4944
677,2866
4611,1748
2182,4734
1690,5
722,4957
2997,4944
3093,4907
5062,113
4182,1729
2095,69
4925,2789
4483,3886
3987,1
2777,1834
1587,5074
4150,4909
3039,2864
2557,4682
241,2785
32,4749
2423,4730
2314,4250
976,2809
632,2773
3387,4790
3794,5002
889,80
1448,2829
3485,4754
3104,4847
1472,4729
1702,2844
269,1742
3751,4728
1315,4958
4010,4786
2998,4676
2713,3886
2145,4873
1897,1726
119,218
3533,84
3416,4768
887,2790
3496,4921
539,1851
767,5074
3608,284
3449,4786
495,4672
849,4990
4117,66
2629,4718
4009,4861
2541,4873
2163,4682
1511,54
3630,3912
1373,49
4080,3877
1359,66
1921,4876
1649,4743
4140,4684
796,54
3575,4692
2549,4676
1961,1726
4207,2824
3662,4693
4422,4886
204,2813
4365,2772
3182,1730
3352,4896
3415,1831
4537,4918
3471,113
2430,2843
4277,46
1441,1848
4098,285
4182,4695
661,4783
4478,2767
1011,4774
2017,1817
4702,4969
1325,80
2654,4253
1036,133
2467,4831
33,2824
4141,4732
3016,114
4838,1838
4520,4782
4095,285
198,4850
661,2810
3438,4870
4179,56
4702,4747
3768,13
3136,4266
57,2671
332,4918
1347,4965
670,2811
3751,4718
4708,4691
4319,4786
5080,1734
3079,4891
1451,4803
424,4884
994,4906
2882,4682
2760,4861
1471,62
1394,4990
4092,2841
1462,2837
3475,1845
264,1849
3012,4901
4655,1726
1859,65
2064,4931
2690,2816
2251,2810
934,4759
4274,5020
1490,5001
4476,4768
758,4939
2923,4729
2724,4990
1994,4988
3695,12
2647,318
2672,1840
2109,4765
95,4996
810,4880
2465,2768
683,2774
1033,55
1098,4786
1444,5018
3018,4248
553,3915
1376,4912
1051,3882
3661,61
264,284
3358,4787
4427,2837
3934,2855
2045,4677
2334,4934
2933,1742
3973,4969
148,12
643,2764
87,4266
4439,4873
3990,2788
3617,40
3954,4742
1619,2784
2161,4877
4942,4739
952,4917
3160,4682
2027,5066
1736,4771
3750,4777
870,4872
3644,4683
176,4964
3718,4934
178,4728
4602,1731
3524,5004
3526,5016
4646,4972
249,4771
3251,52
1092,2772
394,2821
4188,63
1302,4761
455,4672
1569,4972
3638,4685
175,2838
600,2854
3749,2860
4110,2808
773,51
4484,4634
3334,4953
419,4989
3516,7
4511,4926
4510,4743
409,4860
4596,1837
4500,4858
3985,8
95,1896
1764,4776
4615,56
187,2768
542,4971
3031,4884
4188,4789
1193,4991
3154,4991
3020,3882
4315,66
3916,1737
401,6
2146,1843
4081,4902
1107,38
303,4884
2922,70
106,2835
409,1831
4456,4819
207,4733
3684,4920
2496,2825
1025,5063
4403,1834
3813,4764
2343,3880
4452,2814
4541,4816
4483,4635
923,54
4536,115
1868,116
1279,2823
3170,1737
3381,4251
374,2838
2258,2831
255,115
1761,4686
4559,2847
1820,4750
3126,4779
4468,15
3009,2814
4222,2776
274,1835
1964,1846
2422,1731
2468,4746
1985,2787
436,4953
829,4894
4364,4941
4021,4790
1057,4731
885,4738
942,5016
1678,4743
4276,2781
1278,4732
737,3880
966,4856
2268,4891
1160,2855
1883,1855
402,4904
556,5065
1557,2840
3899,4992
921,2794
3018,4817
1826,63
3756,1818
3113,1832
4050,1831
2869,2788
29,4749
1559,4929
4507,2818
4767,2846
2678,4991
3675,4829
3896,4766
2944,2848
4078,4746
3255,5066
868,2821
4758,4891
1451,319
582,4682
2947,4971
4038,1845
1124,2779
3544,4856
3498,116
658,9
1126,4696
4572,2779
4337,2796
2220,2858
746,4669
3094,4801
3963,2838
3276,1
2644,4761
3416,4956
5015,124
478,4905
1128,2848
1016,4677
3094,4784
5049,4755
3398,2782
237,4754
674,1732
1573,4904
2570,319
2996,4858
4043,2864
552,2808
575,1832
3156,4885
2891,3615
3996,2794
3916,1836
3360,4882
86,1733
1162,4684
924,4930
1118,4912
628,2824
2979,1818
4263,2838
937,4870
1507,4900
1260,9
3135,1857
3287,4676
2428,2866
3007,4764
693,46
759,4691
922,4888
4796,4747
1077,4955
4107,3880
4130,4989
859,4786
1057,283
2638,2822
2390,46
3931,4775
2872,4929
3236,2837
3044,63
1360,2776
4240,1816
1412,4736
5042,4685
2771,4946
615,2784
1036,4672
4061,4884
3403,4860
4980,4734
4184,1817
139,46
3307,4885
4236,4861
101,2811
2996,2799
3624,4731
1611,4780
4361,1849
43,4914
2491,285
110,2827
1665,4830
4322,4733
3490,1735
4233,4673
110,4752
2596,2798
1623,2786
4160,1835
1569,115
2948,4994
5041,4987
2726,80
2227,4892
2089,1729
452,4901
308,4820
570,4771
1526,4910
1882,5000
3918,2817
902,4770
1774,4815
1809,4921
1590,4904
4827,1727
3848,1730
3927,1788
2689,4685
4074,80
3426,4894
4377,2790
5017,4915
808,3615
629,1731
4263,2820
1087,4694
1088,4816
2098,4917
437,1740
2478,4969
1680,2866
2517,5069
4529,1842
4302,3505
1979,2798
4165,4971
3452,4752
4456,4961
1337,5
885,4887
1166,4935
2428,4739
2928,4731
4141,3879
2930,4947
4300,2800
2527,4884
2940,2764
1509,5064
2044,4691
3551,4264
1999,4675
5029,113
2724,1842
2639,4803
4188,1847
735,4720
418,13
3509,4772
547,4957
4069,4694
474,3879
2597,1847
3176,4944
4542,4781
2737,4978
3333,41
1376,64
1416,65
4898,117
1344,2840
417,4987
1141,4989
1458,1840
3047,4752
2532,4771
3296,4995
4037,60
2217,2822
4699,67
2240,1847
1562,4978
1028,69
2519,1835
776,2794
2736,55
387,319
1581,3505
383,4889
1499,40
3661,4916
4585,4691
3767,4749
2275,2862
1346,2823
736,2838
2205,1841
3787,145
3192,4680
3361,4720
4794,2813
656,131
463,2837
2883,4990
4628,3915
1014,3877
4006,4963
679,115
1759,69
4518,4695
2294,4992
2058,4988
1509,4969
952,115
2428,4753
1667,4908
802,4914
148,2786
4005,12
1467,4761
2642,4718
3800,4634
4580,4784
1426,1725
43,4993
4366,4961
3048,4957
1279,4697
4795,5064
2527,116
1524,2798
2355,3881
701,4786
2934,2789
5053,4747
4928,2853
782,21
3064,4908
4098,2808
883,1834
4332,4668
2301,4858
3852,1731
233,4858
521,1837
1463,4958
4431,4855
1018,65
2,4882
4560,4970
3320,5
1215,2810
2780,4680
4348,2773
1444,4951
2501,4879
3694,1
2314,52
2417,4887
4076,4969
315,4790
1439,4828
1947,1847
1646,4764
3259,4634
3665,4723
1452,1837
384,5069
3126,4755
2465,4681
2971,133
1746,2783
180,4914
2530,1861
839,4797
4364,4885
1044,1836
4595,124
3294,2671
4390,4746
3667,4689
1569,1841
74,4921
3738,1730
3149,145
4504,1816
1454,4750
3126,3883
1739,4793
1408,4759
2141,4934
3440,1808
1342,4847
2673,3881
4296,2764
371,4634
4187,4249
3201,4686
2354,4753
3149,4880
4898,1837
4510,145
2664,1896
1892,4953
4950,4989
455,4892
1802,4919
4072,218
4187,4918
739,2811
2227,4264
1535,4774
2918,114
3727,4675
3997,54
939,1838
3614,4734
4339,4832
3940,2658
1572,34
196,2783
1055,116
125,5070
1307,4765
3327,4988
4366,4668
4257,4952
1716,4855
4036,1737
165,1834
2500,4742
3165,4946
1170,5004
2023,283
973,67
4306,2658
4618,1845
2922,4910
265,2782
3838,1808
601,4994
4197,2844
2162,2782
3975,4918
2447,4910
1687,5074
4158,4763
174,49
4386,1725
1236,4761
2536,4801
1118,4872
2429,4832
3290,1737
2503,4249
3630,2817
1105,4920
1603,5075
3219,1827
2335,2782
1026,1733
4113,2865
2309,3
233,4250
1888,4694
794,117
1219,34
3573,4916
2104,2813
4445,2824
2623,4996
1823,4915
2664,4683
4346,4733
3298,53
3199,4687
1633,4264
3408,4955
3435,116
2374,4791
589,4979
2199,4763
1918,4251
1920,4694
3585,2776
3697,3880
1613,4855
1717,1845
4364,283
3832,4732
1940,4739
4794,4815
2049,4921
2110,1844
853,66
4721,320
3782,4693
2261,4970
1641,319
589,2782
3089,1808
3416,1856
1544,4741
698,4940
3946,4668
2344,4815
3572,2829
5015,69
1872,5
5082,4692
776,4962
871,4774
3968,4901
2576,4879
3660,4669
3293,4729
3181,2826
1356,5077
4172,1839
3892,4918
557,4249
1078,2764
2372,4688
3485,2796
786,4870
2931,4697
749,2825
5011,4862
3292,4824
118,4675
946,4672
963,4770
4242,4929
1068,21
4019,3881
3396,1896
828,1808
3556,4754
1663,4689
3146,4754
679,5
2537,4913
4441,1748
2008,1
4540,4684
4178,4939
1109,4883
3664,4901
669,4861
1622,2840
4571,5077
2909,4766
4175,4917
2171,115
2544,4855
4290,4746
3866,3880
4495,2790
927,54
2721,4265
2710,40
3091,4992
3153,4635
2547,2782
4472,4936
4260,4882
1895,2854
3364,4911
2738,3886
3697,2817
4701,3881
1820,2818
966,4953
1880,4876
2982,1851
2996,4720
1090,80
1569,53
822,4994
3178,5063
4950,4731
921,4920
661,4897
3815,1862
4425,4791
3356,53
3684,5018
432,4858
1301,4816
2859,4728
18,5064
827,4770
1181,4773
2665,4921
3469,4693
2775,2800
195,4781
4838,2822
4624,2814
658,4677
3140,2767
4745,48
1151,2829
3744,5
3088,2767
3929,15
268,4682
4088,4789
2895,4858
1233,4741
196,284
1587,4732
3732,4739
4094,2798
4077,1808
2551,52
2270,4988
1145,4820
4065,2826
3622,4908
1288,1851
1488,45
4627,2772
1775,4879
1462,4894
4396,2824
2157,2818
4525,4749
4484,2835
4325,4747
3876,4677
326,4935
129,4791
1991,4903
3809,5073
4151,4692
4715,2785
5003,2843
543,84
1794,3886
4183,4754
197,4742
3479,4732
3980,4986
1198,2817
3322,1726
3043,1833
3982,320
1056,2858
2355,1729
1981,4762
3423,2848
4380,4691
3710,4774
2393,3914
3327,4870
2311,4992
4649,4673
1150,4832
2534,4904
1296,4777
1959,4774
2544,2856
641,4686
3589,51
1578,46
3046,4248
685,5064
3480,4885
4863,1855
2638,4669
3453,80
3564,53
2341,4739
1376,4764
2881,4931
724,58
2023,4751
791,5066
3440,2783
2035,80
593,2795
3691,1788
1019,4940
3747,62
1246,1860
4740,3615
4363,4850
5017,8
1710,1725
5084,4947
2502,4905
2548,55
3362,115
1605,1861
1268,4803
1019,1838
4296,1835
4167,1862
4278,4755
3474,4935
4044,4965
3237,4857
1056,1727
3971,58
4400,5016
3125,4697
335,4856
1936,2794
3118,2803
2185,1845
5056,4878
3671,4872
2710,2789
1211,1808
2132,4969
1257,4894
2030,4686
3499,4780
4294,69
675,2789
2140,2776
4868,1728
2126,4849
640,1818
2130,4876
3424,2799
1636,8
3310,4996
308,1748
4270,50
4657,1835
2391,4264
1390,4952
3281,4738
1430,4900
425,1788
4213,2794
72,2845
694,1862
3111,2838
2737,2843
1911,7
1565,133
315,1847
902,9
158,2799
536,4753
2146,4991
2357,60
3676,4727
2423,4669
2621,53
887,4937
3368,4265
272,1846
1188,4250
3211,61
4047,4765
2640,5018
4089,4897
1830,4803
1695,13
4062,1732
3894,4799
3526,4997
903,4738
2651,4992
2508,15
3241,4768
3525,2826
603,4635
272,2783
184,4762
4868,4248
1357,1843
875,4783
2342,2764
4210,5064
4555,4751
966,4730
4556,4828
3670,5077
3646,283
3380,4857
4402,4675
3819,1861
4949,54
3972,4690
1709,1817
1375,2853
2131,132
1627,6
2568,5065
2643,4857
776,4828
2872,4768
2211,4910
2524,4613
1670,3881
4270,4799
2213,145
4084,2786
1975,4919
3901,4800
769,1839
782,4876
2958,21
1720,2774
439,4966
1903,2821
78,4936
3644,4888
1545,4737
2544,4990
3493,1841
2339,3914
1805,4762
4193,49
4081,48
4809,4800
4351,4776
1830,4861
4871,5069
514,2858
2348,4818
3031,2862
4387,2866
24,4878
2097,4694
4349,4994
3127,4801
908,4861
1510,1818
450,4955
1558,4671
3776,4829
933,4803
257,5016
3688,2776
2572,4801
246,3885
2045,5064
1299,1725
1756,5066
3241,2831
2083,4929
3078,1862
3666,4718
4573,4992
359,4786
626,2865
987,3882
4124,4987
3647,1726
4827,4738
4026,4748
4108,2838
2291,1835
1882,2841
3189,4878
2344,1860
3549,62
2287,5063
520,1788
3600,4697
4523,4952
3727,4718
4540,4954
1236,4913
205,4789
3438,2856
1616,1836
716,1844
3518,1856
2052,2867
404,56
1224,4994
2892,4858
2580,4792
2877,4831
4432,5065
1794,1
493,4880
3237,1848
243,4889
1208,1848
3184,4858
3304,1831
4004,2776
2599,4971
91,4829
4431,4753
856,62
1476,2855
4967,4675
602,1748
2179,45
574,3924
4503,1846
1782,2831
2793,41
1319,4249
4622,4737
368,4987
391,2844
136,4880
78,2824
1778,4746
806,4850
436,4876
1676,4878
597,1856
1496,2833
2505,8
2335,2789
4338,4944
734,4944
2504,2866
3908,4963
842,5018
1869,2813
3795,2838
4644,4971
2624,65
2932,4789
2938,4764
3128,4676
2762,5019
3904,2845
3413,4781
4218,4249
1983,4801
1196,4963
155,2784
171,5066
2144,21
159,4720
609,2865
1106,4720
1714,4979
903,4266
2403,2781
501,4907
2759,4913
5010,3881
1116,4954
2719,1
808,4654
1604,4860
20,4876
3625,4911
3735,2827
3402,4909
961,5019
2520,4677
694,4873
551,4677
3093,133
1089,4956
4417,4743
3379,4992
17,2764
2232,2860
2537,2822
1771,5004
1453,2837
2117,4264
2315,4678
3566,4747
3140,2790
1674,4689
3927,4971
497,4939
4418,4971
204,4697
2376,1855
2042,4675
3080,21
1905,4824
1182,62
1780,4776
3267,2813
1250,4920
1647,1838
2930,2827
1555,4818
1903,4920
1721,4900
4038,1729
3387,2835
1411,4907
3947,4861
2707,133
2130,4752
3520,4786
2793,4938
2923,4878
2296,3884
879,2835
1227,4882
1263,4686
3901,124
1646,2847
3689,52
3203,4961
2049,4910
2939,2841
4117,4797
2967,2824
2128,2849
1506,4963
4415,4727
3207,1834
1453,4904
2115,4720
4277,2795
2613,3878
3917,4788
194,4900
1068,2824
1923,4677
3025,2856
4604,68
4008,13
2433,4889
1035,4680
2613,4861
4062,4776
2888,4938
1624,2799
2171,4678
1535,4918
273,2840
1815,4800
2345,4920
1616,13
2538,2844
3735,2841
2666,2782
4875,2820
4310,13
791,1841
1481,4820
2731,4962
3431,4877
2509,5018
3639,4994
3341,4987
252,21
2283,2784
796,4673
3074,4739
226,1730
1153,4970
3110,80
1546,4892
3654,5075
2182,4905
1162,4613
3490,4870
4587,4773
2502,4673
3097,5075
765,4735
1083,4678
2886,3
2138,69
2597,2848
2216,145
2182,2796
4113,2864
4010,4675
1570,145
1416,2820
1924,4733
3501,4737
3429,4964
979,50
5014,2786
3765,4858
289,2838
3669,2773
4111,4884
4370,2853
1441,4763
688,4957
3284,1
573,2826
4532,4916
4853,4926
524,62
1179,4990
2909,68
1589,4743
2428,4901
4184,40
4049,4979
1868,4961
499,6
5021,4820
3488,4818
2691,1726
832,4972
3030,4772
3858,3878
2319,4903
3692,2794
1104,4920
5023,4961
3075,2818
2828,2784
692,4674
4702,8
1051,4848
2665,4797
1571,4723
4813,2813
4112,114
5052,2808
1888,2849
1710,5002
1508,4902
225,4695
2426,4861
1646,4793
1127,2808
2877,116
3413,34
1138,4250
1466,4735
1084,5064
3788,114
4418,1856
3673,4992
3317,2832
2172,5004
2042,2867
3919,4858
1777,4751
2412,4917
586,4926
2754,4789
2989,4772
966,319
2528,145
365,38
4153,4800
1147,2826
2229,4746
5010,114
270,1847
3153,49
4601,4681
1403,4669
3360,2843
670,4687
2491,116
488,4951
4421,1808
2568,4896
1829,1831
4600,4773
3537,2785
793,4903
4086,132
3239,2803
5029,4815
2534,4674
3218,3878
301,5075
4432,4979
1399,1837
2878,4780
4,5063
635,4686
2575,4889
3918,4729
4835,4993
3071,4752
4656,4770
489,4828
3961,4972
2433,4965
4198,4962
4020,4678
1587,4995
3488,2851
2086,4723
2770,2784
550,4903
3575,4938
2523,1848
3605,4801
3849,1896
3145,4963
3514,4873
4703,4785
2645,41
1960,4819
2454,4779
2040,4886
1830,12
4529,4251
139,2860
2514,4884
4315,4989
3104,54
3791,4886
413,4679
902,1831
4644,6
4216,4913
2992,4957
649,5066
1572,4695
4040,7
1581,2803
4056,2774
3551,2837
258,4250
538,4728
848,4774
1663,4678
1722,4769
2970,58
4272,68
4660,53
3670,2865
2863,1845
1316,2843
4871,63
4648,5073
4149,4870
2619,5065
1338,4889
2433,4693
4554,11
2403,4931
462,1855
2113,2765
465,4267
437,1847
372,284
4431,5000
3040,40
3660,4988
4160,61
3841,3924
796,4966
4461,4886
2044,2789
1117,4988
2666,62
2961,2843
299,4934
2221,1847
1743,2851
3010,5077
807,4891
4586,4780
1806,4781
4948,61
3204,5018
950,1842
32,4682
1166,116
1183,1856
1062,5
4204,4968
3972,2813
1606,4996
3421,2833
2740,4684
5038,42
3366,4872
793,2832
3165,4743
3478,4790
4557,4921
4404,52
778,6
4326,4789
3005,4907
4589,16
3506,4816
496,2831
2275,2822
1916,2829
4034,4731
426,124
2322,4916
3100,4824
2037,4883
1413,4969
3922,54
5015,1727
703,4903
4647,4673
2520,4955
2657,4978
1293,49
3965,4951
2334,2864
4260,2838
512,132
2937,4783
197,1856
2103,1857
4663,4876
1666,4785
1866,5065
722,1847
3605,52
1758,1818
361,2843
2168,4849
1329,4672
1955,4907
192,4946
622,4832
2698,4887
1487,4883
4949,4972
3314,2772
1060,2782
1760,2818
1888,1847
2382,42
4480,4832
3243,4996
3227,4789
3678,46
3939,2794
4652,2823
3999,4880
1625,4793
1051,5004
344,2821
712,1833
3549,2838
3377,4779
4085,40
3963,1726
3960,2816
751,4847
2649,2783
728,5073
2614,5004
1306,320
1384,2774
747,4905
2930,4251
3477,2851
4479,2841
166,2860
1662,2866
1036,2812
1336,4735
2730,4994
1800,4803
1494,1730
203,4753
1277,1842
4719,2841
842,45
842,1817
1598,4732
1636,4791
1283,4265
2470,4695
4594,4742
3265,4969
3119,5000
350,4819
827,4670
1918,2841
4313,4963
3865,4727
700,50
3083,2858
4943,4694
4216,2867
309,4896
4048,1860
766,2837
1268,4771
2793,4963
3719,45
1752,4634
578,4737
1509,4979
2316,4677
5083,2858
3708,1844
2457,65
3532,4939
1701,55
3560,4901
5043,4830
1750,4926
3509,66
3101,4746
1854,5064
789,4670
2759,3877
1013,4970
2651,4830
3253,1831
2871,4909
4100,2848
400,4785
437,4820
4460,4749
3848,4799
3595,4672
2927,2827
3074,45
4235,4788
2005,4816
1627,4904
3736,4992
727,4935
2274,113
4378,2831
2557,4753
417,4824
2912,4992
3415,4683
4313,4691
196,1860
575,4784
2921,4777
3947,1725
2152,4672
3845,4889
4593,4792
1600,4906
3483,4741
2082,1839
1708,2858
3843,1850
3764,4772
1970,4779
2562,2865
726,2846
4899,4677
4614,4733
750,4990
1270,2779
1951,132
583,2854
1119,2800
995,4754
2718,4913
4053,42
2538,4884
3215,2857
1779,4992
1210,4774
3230,4870
1952,4886
1073,4997
4666,2837
939,4939
3367,4940
2189,4697
2173,4788
2392,4763
3353,4780
3538,4935
3781,4249
3842,4761
885,4998
1418,2787
985,4937
196,4958
1775,1837
361,3886
3822,4670
1873,1735
3215,4670
251,4752
2454,2825
3333,2773
440,5004
1672,1851
2203,4738
4024,4682
4058,46
3307,132
2274,2812
1965,2776
3998,4910
1604,2822
2089,4789
2016,2772
3689,4801
1550,4679
3858,4635
1182,4669
4706,2826
3366,2787
3569,4675
3720,4253
2484,5075
2030,1737
3925,4743
3852,4777
202,5065
1644,4879
2065,4732
2946,4907
861,4693
4119,4680
3736,1732
3032,1838
2741,3914
2153,4735
2740,4773
522,2813
1567,21
4636,5075
1267,4991
1039,2840
4109,4770
2708,54
4444,2864
3740,11
687,4739
1533,4693
3018,4754
4447,4955
2752,4831
2980,56
4495,2825
2403,4797
4291,4752
172,2845
3569,2765
1918,4728
4569,5065
2990,113
2807,4828
2318,132
2368,4787
1741,68
994,4693
4974,5019
3601,117
1960,4957
1105,3884
551,3914
4540,4858
3654,4634
1554,4938
43,4880
4332,4783
79,2840
606,1728
5068,4961
4269,1730
3712,15
4854,4908
4660,4926
5029,2862
2868,2845
2574,4993
4331,4890
1259,4788
3776,1840
5076,51
691,4886
263,2853
4191,4963
333,5063
454,4965
656,2860
660,4688
3237,1833
4059,4890
3136,1728
2496,4783
3185,4266
1133,1841
2978,13
2051,4735
2366,4720
3368,3879
2414,131
970,61
2116,4820
1664,5000
4153,5065
2176,4759
1287,66
4475,2658
3232,2838
1217,1848
3230,4672
2623,4786
1192,1846
1678,4818
1440,4679
421,2840
611,2782
3451,3879
143,5001
3828,69
2938,5069
1168,2803
4538,115
3989,5075
362,5066
4073,4885
3421,1844
4504,2800
1691,42
4615,4906
2734,21
3477,4742
2778,51
1821,4816
1859,4783
1495,2864
2100,4917
1002,4877
79,319
3759,3914
3226,2824
240,4731
3947,4634
3696,4992
4119,2851
955,4932
4509,69
3555,5070
4105,4768
3523,4889
906,1726
3135,1735
1805,5069
822,1848
1310,4803
353,4781
189,4265
2745,2849
2156,48
3415,5004
785,80
1716,4849
4578,1831
837,4991
2106,4731
2322,4684
1966,4883
1820,4695
2729,41
2019,40
3644,4770
761,2784
2690,4761
3351,4972
787,5066
532,4751
3317,2829
4833,2818
2156,4782
4853,4635
4101,4780
2381,2831
1307,1849
383,2821
2624,4909
2655,4654
4480,3505
2327,5070
525,4766
3990,4860
772,3615
4658,4961
2063,1818
5014,2787
3121,4900
4159,4778
2252,4789
373,4918
313,2821
1317,4749
1780,2854
1919,4830
2113,2784
438,53
2229,4697
3282,5069
4205,4763
4012,4991
3982,2831
3788,318
3980,4944
202,4669
1992,2821
2120,4803
491,1732
656,2824
2898,4251
712,4668
4236,61
3459,4903
776,283
1891,4731
3675,4918
