2556,5
4807,4803
5049,4676
1768,1740
3799,1788
4074,7
2955,1737
4457,1737
3110,67
3030,1737
2850,2851
4973,4968
3929,3
4545,62
2437,61
1988,64
4370,67
2373,69
2266,1
1263,84
1914,66
5017,4762
4585,16
4495,1737
548,84
2359,7
5048,4692
1970,67
1664,84
2461,1737
4974,4929
3374,1
2592,1737
334,84
870,58
3185,1742
4028,6
3846,5
4227,5
736,58
5013,4768
5030,4678
2352,1737
3661,1742
2311,70
1110,58
2612,1
2476,7
1439,58
4153,7
4549,1742
3015,68
3994,5
3019,1
3816,61
2863,2866
471,58
4560,15
2624,1737
4740,4671
3067,1737
829,58
24,21
3785,1740
2592,61
3582,70
2616,1737
4317,7
4051,61
2894,68
2257,1
4529,63
2549,67
4826,1855
1220,58
869,84
2631,5
3147,1742
1578,58
252,58
2729,5
2019,68
4756,4686
5049,4694
3103,1
2918,1737
4512,64
2444,64
2597,6
2448,3
4054,1742
4756,4669
2694,62
4363,1
4528,64
3308,62
2130,1737
3366,1740
4206,1737
2940,1740
1959,1737
3616,65
3908,7
4378,1742
4124,68
1764,1737
3027,70
4383,1737
2444,1740
483,84
2064,66
4065,1742
4150,1808
2599,68
2581,1737
3962,62
2487,64
4417,1737
4758,4765
1802,1
2734,67
1987,7
2004,69
4949,16
1991,1737
2690,61
2338,1788
4667,4693
2750,67
4660,3924
5080,80
4402,68
2044,67
907,58
1521,58
5029,4673
4794,4688
1403,58
1717,84
2724,1737
2119,1
3536,1737
822,58
5049,4742
3780,1808
4203,1
1258,84
4132,3
2444,1808
2760,7
2998,1
4445,68
2946,1742
2304,61
4485,67
4290,61
3987,1737
2310,7
4059,1742
4242,1742
3147,1788
2928,66
4084,1
639,218
4234,1742
2236,1
4331,1742
3215,1737
2240,68
4003,61
3274,1737
3865,60
322,58
3939,5
2984,67
3322,1
312,124
2091,5
204,58
2383,67
4708,2811
562,58
2518,68
3733,1737
4467,67
4104,7
5028,4693
4960,4963
1604,84
3780,1748
5057,4792
288,84
2797,2798
2309,1740
3358,1737
4056,5
4103,70
1926,1
4639,16
4293,1742
2517,5
2850,1740
4804,4760
3888,1742
4089,67
3005,1808
3064,62
4,7
2241,67
3310,5
2372,5
1060,114
2631,1740
3851,1737
3656,1737
3926,1737
2179,1737
2612,1737
2227,1
3077,61
2585,61
2568,67
3138,61
3908,1737
937,84
3138,1737
1473,58
4365,1742
3231,1742
2170,61
10,12
2082,1
3131,6
1079,84
4698,4680
1669,84
2909,1740
3958,1737
2142,63
3130,1737
400,58
3947,1742
3950,1737
3731,65
2026,67
2457,1737
4081,1896
1595,58
4518,7
3103,1737
3357,1737
1766,1
4641,16
4476,1737
3949,5
5054,4861
2507,1737
3130,69
2907,68
3137,1737
3629,1737
989,58
2276,61
5054,4684
3125,1742
4295,64
871,58
3034,65
1229,58
2145,68
3655,68
1111,58
1883,5
156,58
4463,5
2218,5
955,84
314,84
2596,68
4133,7
4950,4954
4942,3879
4806,4766
2690,1
4959,4695
3143,1788
4967,4969
1946,65
5068,5069
5050,4672
2445,1808
4210,6
3816,7
4881,4887
1582,84
4159,67
4435,1
3526,1808
4806,16
4042,1737
1014,84
4802,4765
373,84
2374,61
3724,7
1123,84
4092,1737
3818,1740
4834,4695
4475,7
2132,7
299,84
4859,4677
1425,58
2806,67
457,58
5032,4718
2917,68
4202,62
3581,61
3147,5
4767,4787
3172,1742
3350,1742
697,58
2876,117
1547,58
4093,66
1625,84
2084,64
2249,7
2780,2789
4520,1742
1088,58
2623,7
1344,84
3602,66
2704,61
1920,7
4464,65
2228,61
4137,61
4899,4915
2235,69
2453,6
3638,1
4490,61
2440,5
4811,45
598,84
3652,1737
4615,15
2945,1740
2251,69
3085,1742
4959,4677
5030,4671
4835,4683
4082,6
2516,1737
266,84
4652,16
3279,68
2491,1737
1103,16
3176,69
4814,4733
5050,4690
2183,67
3920,68
4047,67
3941,1740
2310,66
5053,4696
2744,1740
3606,70
4589,84
1815,1816
4017,5
1783,62
3539,1737
4074,62
1327,84
3956,62
4432,1788
1941,62
4502,1742
3208,62
966,84
1998,1
2276,66
4109,1748
4767,4769
2654,1
2801,1737
3007,69
4531,5
409,58
4009,61
1515,58
3666,6
5043,4748
398,84
2624,67
5028,4735
2916,1
3770,1740
3985,68
3371,63
3746,1
4110,1740
1970,61
1040,58
2079,66
2154,1
1168,15
2375,61
2412,1737
1249,84
4472,1737
1470,58
1949,7
1971,1737
4945,4947
4666,55
3033,5
3991,1788
4480,1742
1389,58
1336,58
3152,61
933,84
1747,66
3876,3884
4740,4694
1271,58
1878,6
5036,4797
1989,1
1629,58
3940,61
4518,1737
3332,1788
1429,58
3667,1737
3483,1742
3785,66
2902,1740
2310,60
2095,1748
3435,1737
5006,4673
3191,1742
4698,4670
970,58
2019,61
1034,285
2682,6
3524,1
1991,67
3240,1742
1210,58
4542,1737
593,84
4627,15
5057,4678
2444,62
2943,66
1136,84
1535,84
73,6
3854,1896
4524,67
1864,1742
3543,5
3679,7
3790,62
1829,6
2617,5
3038,1737
5042,4751
1926,62
3656,62
59,68
4329,62
3568,1742
568,84
4899,4911
4035,66
4038,61
2168,60
4112,1737
4493,68
499,58
4985,4998
2517,61
857,58
4104,1737
4975,4968
1322,84
2546,1737
2750,5
5050,4743
2472,1788
739,58
1966,67
3463,1788
3290,6
3330,7
4842,4264
2086,1737
158,58
4356,1737
2733,68
4740,4676
994,84
4136,1737
3096,1742
4495,6
2322,1737
5027,4733
4579,145
1288,58
573,16
2314,1737
3363,1742
4661,1817
4726,4734
1830,1842
1956,1737
2156,64
1706,16
3463,7
3892,61
2608,1
2850,66
2819,2823
2122,67
1621,84
3640,61
2476,1742
3697,60
922,58
1971,61
190,84
2032,61
2468,1742
4119,1737
2178,64
4085,1737
2545,67
4271,1742
3898,6
4167,61
4605,58
2156,1737
4083,62
4101,1737
2780,2783
126,15
5048,4679
1658,58
3506,5
2531,1
2667,3
3865,1740
2613,67
4045,70
2830,2831
3444,1737
3742,62
4667,4680
3139,7
2292,68
4744,4677
2315,7
1919,6
411,84
4814,80
2178,1737
4085,64
2929,7
2000,62
4089,5
2489,1740
3196,67
2348,69
1606,84
5030,4693
3474,1737
4844,4266
2945,61
3944,5
3925,1742
4294,1737
684,84
27,21
637,84
3494,1
691,58
3516,1737
2040,67
3062,7
2260,5
1830,1836
4533,1740
2374,5
3963,1
5049,4683
606,58
4984,4870
2115,1
1866,1740
3275,3
2283,61
2408,1737
4213,1737
4068,1740
325,58
1916,1740
3065,3
4039,61
2373,68
4477,1788
4167,1742
4340,1740
251,84
3352,61
4481,67
4392,1740
1914,67
4309,61
5017,4761
3787,61
4110,6
4724,6
106,58
5048,4693
3585,66
1012,58
405,84
3076,1737
2996,67
1370,58
2480,1737
4667,4678
2325,3
1252,58
2077,1740
4183,64
2318,1742
2982,5
2486,62
1600,124
4794,4687
4397,1740
5030,4679
1342,15
2019,1740
1771,5
2512,1737
2352,62
1187,84
1922,1
4395,65
4794,4670
2234,62
3404,1737
4867,1851
1939,1748
4532,1808
4317,6
2033,5
1997,1740
4719,80
2727,1742
2985,1
4665,12
620,113
1689,84
3224,1740
5049,4693
643,58
2967,6
4756,4687
3285,7
2771,2773
2425,61
3329,67
2444,65
2225,1737
2580,67
1796,5
3633,61
1139,58
4214,1742
2094,1
4291,1737
5054,4689
1448,58
2566,5
4178,1
4159,1788
4107,7
59,1
5057,4781
2334,1737
2064,67
854,58
159,58
5047,4675
4839,1861
203,84
517,58
3560,61
3193,1742
2004,70
3218,1737
3033,1737
3263,61
4665,3883
4667,4692
2897,1788
4025,6
1576,84
4851,56
2247,62
4794,4689
3671,1
5029,4672
5013,4785
705,84
408,84
354,58
1204,58
4553,64
2303,1737
3080,1740
3802,67
81,21
2702,1
4376,1740
3316,5
4257,4253
2926,1737
2270,7
4451,1742
1713,15
4221,1788
4147,1737
3292,62
2928,67
4505,7
2240,69
3808,68
4064,62
3865,3
4155,67
1747,1737
3139,1740
2202,1
5054,4675
2437,1740
3486,1737
2869,61
2518,69
2031,1
3740,66
2930,61
4467,66
3964,1742
592,84
4960,4964
3585,61
4475,1737
1313,84
3512,1737
3595,68
4103,65
1505,58
2256,1737
4288,1742
3702,7
2740,1737
1002,84
2582,6
4804,4761
4089,66
2715,1737
2511,1740
2707,1737
1060,115
1046,58
418,84
607,58
4345,7
3910,67
4795,4720
407,58
3276,61
1920,1737
3759,1742
3333,66
4618,124
2568,68
1710,124
2566,1737
10,13
3068,1737
4254,4253
4698,4681
4517,1742
1156,58
4834,4674
2221,1737
4648,16
1348,84
3295,1
1652,58
2580,1740
1881,70
3130,66
586,84
4323,61
5041,80
1914,6
3486,7
5054,4685
3559,1737
4295,67
4531,1788
3596,1742
4999,1839
3408,1737
4430,68
2367,1740
3400,1737
3737,1742
2889,68
4246,1788
1335,283
659,84
1909,1742
4168,1742
2882,61
3066,1742
3731,1788
2757,69
2650,1
3917,67
2596,69
2579,7
3606,1740
4137,67
3099,1740
3057,1
1521,84
4975,4929
2261,1788
2950,1748
823,84
1413,84
2646,61
2369,7
1457,58
4381,1742
4967,4968
2871,114
3814,1742
4089,61
3891,1737
5068,5070
3121,1737
5050,4673
2055,1
2917,1740
2426,67
4632,15
3758,1
4138,1742
4067,1788
4881,4886
880,58
3744,1737
2166,1
1254,58
5053,4677
4802,4762
2869,1742
2196,1740
4845,4824
2931,61
3228,61
2736,61
3145,1737
4602,284
3415,1737
2260,61
2354,6
3988,1737
3403,1
4859,4676
1743,1737
855,58
1213,58
130,113
2917,67
2148,1788
1777,1737
4514,1737
4767,4786
140,58
620,218
4466,1742
3537,62
3447,1737
1253,84
4039,5
2313,62
1971,67
3109,64
2029,1737
4534,1
2356,68
3777,62
2780,2790
3351,7
3520,1
972,84
3780,1737
2117,7
4557,113
3830,1737
2698,1742
2400,5
3747,1737
2453,5
4657,131
1637,15
3749,1
3968,62
1953,64
2412,1748
2251,68
4255,4253
4814,4819
4959,4676
4835,4682
5030,4668
3174,1788
404,84
4082,7
1599,84
2143,67
3598,1737
5050,4691
4025,1737
30,21
4573,115
1409,58
2599,1740
4051,7
4338,66
4124,1737
3134,67
2092,1740
4485,7
2089,3
3253,1737
2451,1742
1291,58
1480,113
3902,68
3298,1742
5027,4817
3303,1737
2129,5
2542,1788
832,58
463,84
4606,116
4209,64
1206,58
4859,4690
3832,5
1941,61
4344,67
238,58
4434,61
1072,58
1642,84
4898,1730
5027,80
925,58
4767,4768
2320,7
2353,1742
4121,61
342,84
2694,7
4198,61
2148,5
3308,7
1917,63
1165,58
3184,61
1058,84
466,58
3666,7
5043,4751
4810,4750
1047,58
4161,7
3101,1742
3780,3
3597,1737
4895,1730
4457,6
4602,115
5028,4728
706,58
3093,1742
4497,5
2462,1740
2521,62
32,21
3887,52
588,58
3710,1737
1983,5
2041,6
2882,1
2150,67
3067,7
3378,1808
4443,68
85,16
4227,61
3799,7
3692,67
3946,1737
2842,2843
4666,52
672,84
1060,133
1534,84
3740,1737
1786,1737
1747,69
3876,3885
4580,58
4740,4695
1878,7
3990,1
4518,1742
4357,62
4924,1861
2863,2811
4359,1742
3842,1788
2310,61
3062,1740
3916,7
3186,1742
1955,1
4317,64
2729,61
4029,1740
4018,1737
4899,1850
4550,1742
1499,58
4013,66
2947,3
4468,67
3248,68
2400,1742
2384,67
1917,64
2444,63
4192,5
4528,7
3345,5
3436,66
3148,1742
1829,5
5042,4748
3813,1740
1654,58
109,58
4005,1742
4602,133
1454,58
3200,5
1015,58
3628,61
3830,1
2599,61
1373,58
2891,1740
4137,1740
4667,4669
4899,4910
2384,1740
2387,1737
4713,2811
4807,15
2168,61
4493,67
4382,64
2389,1
2517,60
4985,4997
2315,1788
4404,1748
1255,58
658,58
3863,61
4975,4971
5030,4696
1342,16
2648,1740
44,55
4526,1737
3756,1788
2442,1737
4842,4265
3975,1742
1339,84
2713,62
3762,3
1912,1788
4740,4677
2733,67
3087,62
698,84
3199,1742
1801,1
4159,7
4240,61
2492,1737
4211,1740
3481,1
255,84
2694,1740
1069,84
4199,61
4726,4735
4547,1742
3859,62
1830,1843
1612,84
2156,65
3781,7
4092,1788
3341,1788
2819,2822
639,131
2122,64
3674,1740
3376,7
1398,84
1881,1808
3750,7
4854,4856
2266,61
2017,1742
4195,62
2878,284
1451,58
3576,1742
4798,4799
4167,60
3665,1808
4389,66
5003,5004
4706,2810
841,58
2289,69
3210,5
5040,80
3411,1788
2400,64
5048,4680
2052,1737
723,58
2283,1737
3770,61
2554,1737
2707,5
3867,7
290,131
3321,1
1232,58
2292,69
4744,4678
3695,5
2311,61
1919,1
2579,63
638,58
4102,61
2527,1737
3560,1740
2806,1740
4414,1737
1325,58
1528,58
2330,1737
2076,67
1774,1
357,58
3957,5
1207,58
4844,4267
4448,1737
1972,1737
4160,67
1947,1737
1565,58
4398,61
4625,15
239,58
3045,1737
2022,1737
4094,1740
1939,1737
3034,1748
4097,1740
748,58
1106,58
2574,1740
5015,4718
3124,7
1830,1837
4297,63
2189,62
2016,61
2484,1742
1891,5
2608,1740
5049,4682
2936,1737
788,58
4468,1740
3028,3
1402,58
4494,68
3386,3
4758,15
4822,4720
2585,1740
3707,7
2694,66
1988,66
3542,1788
2883,7
4167,1737
4859,4861
2982,1737
2620,68
4159,1737
1914,64
4457,67
3931,1740
4490,1740
2940,67
317,320
1350,84
2356,60
2413,61
3243,1742
5047,4684
4198,1740
5048,4694
2009,1737
3235,1742
3014,1737
428,84
4985,4912
1866,62
4445,1737
4667,4697
793,58
1878,1737
2027,1
3462,1740
782,84
675,58
3425,61
4794,4684
3577,1788
5013,4782
5030,4676
1033,58
350,58
3028,1740
775,15
4334,68
4549,1740
4048,67
2268,1737
4557,283
1858,54
2402,3
2574,67
3582,68
4317,5
1633,84
2727,1737
2874,15
2564,61
2142,65
309,58
2290,1740
2072,61
4665,1855
1159,58
2495,5
1901,5
1317,84
3336,61
3906,67
549,58
5049,4692
4508,7
1932,1737
2771,2772
1455,58
1368,84
4512,66
1870,5
90,58
2694,60
4053,1
4756,4671
1968,61
2094,6
5054,4694
2205,1
996,58
1354,58
4103,61
4090,6
3908,1
1236,58
2444,1742
5057,4780
1594,58
3565,1742
2064,68
2463,68
514,84
2074,1737
2487,66
4839,1860
4055,67
3123,1742
3235,1788
2207,67
4405,1740
4827,4829
4665,3882
4291,67
2842,2848
4025,5
2924,1740
4089,1740
3616,1740
3597,7
2605,61
5013,4784
2807,1
333,84
387,58
176,145
2565,1737
4594,131
2402,1737
970,145
37,38
990,84
2662,1
2345,66
3785,1788
4149,67
1116,84
2998,7
4354,3
4698,4676
2926,1742
2674,1737
3617,61
4757,4754
2170,1740
2310,5
3625,1740
3714,7
406,84
542,58
3993,68
2928,68
2364,1788
1432,58
1378,84
2219,61
2648,67
2937,1742
3808,69
4481,61
1672,58
3483,61
679,84
5054,4672
4999,4911
2387,6
2745,6
4467,69
3247,61
2713,1742
4960,4965
1273,84
3585,60
2425,1748
2444,1788
1926,7
4103,64
5047,4688
4640,58
1306,58
574,84
4293,1740
4490,7
1181,84
1188,58
2174,60
4804,4762
2929,67
1852,1
1546,58
75,15
2130,62
3308,1737
4,1
4835,4689
2631,1742
3300,1737
3058,1740
3554,1737
4287,5
1821,21
1882,1737
4021,67
4492,69
2223,70
2301,1740
2426,62
3552,68
4881,4891
795,84
4240,5
2442,1808
4698,4694
3021,1788
4199,69
4834,4675
2863,7
2938,68
4239,68
3329,61
835,58
4859,4681
3204,65
4807,4759
1193,58
181,84
3640,7
225,58
1881,69
724,84
979,145
3130,67
5057,4718
3646,61
4501,68
2644,5
3602,63
2008,64
616,58
4295,66
2081,63
2815,124
4134,68
4296,1742
4999,1838
4521,1
3288,1788
2731,1737
3523,1
4150,68
2959,61
3020,61
4725,1862
3830,1788
591,58
4564,16
2310,1737
4811,49
635,84
4950,4952
2579,6
4942,3877
4137,66
4806,4764
3775,1742
3921,7
2975,1737
900,58
3695,61
1882,68
1514,58
2616,1
4967,4971
4085,7
4177,68
2679,62
3986,1740
4583,58
2709,3
2229,1737
4881,4885
2146,67
2277,1
5053,4676
4028,1740
4707,2811
2279,1737
4698,4696
2356,1740
3721,1742
290,284
1965,67
4834,4693
1571,84
2265,1740
1003,84
3835,5
36,21
4123,1737
2383,1740
1755,1748
2394,1
2637,67
2557,1737
3061,61
4822,80
4184,1742
3311,7
2356,69
3777,61
2084,66
1027,58
5028,4683
2623,1
3602,64
2611,1737
3988,67
4985,4991
4571,15
4321,1742
2400,6
3638,7
3822,1742
2455,1740
3951,68
2118,1740
998,58
3070,7
4426,3
3974,5
3428,7
2143,61
4814,4816
1178,84
4835,4685
2972,61
3695,67
5030,4669
1238,58
4405,61
543,58
5050,4688
957,58
4268,4264
4153,61
2117,1737
4573,114
4338,67
3002,1
3979,1737
2310,64
498,58
5053,4694
2167,1737
3545,7
997,84
1480,114
1815,1818
3902,69
4088,1
380,58
949,145
4840,16
1785,1737
1089,84
4240,1740
1588,58
3346,67
393,15
5076,5077
2927,62
4050,69
2729,67
1998,7
3021,5
2950,3
1414,84
2037,1737
3493,1
4767,4771
4036,7
2714,1742
4417,3
194,84
2727,68
4810,4751
3523,1737
4161,6
5028,4729
4103,5
4507,62
1950,68
4209,1742
2657,3
3817,1
2342,61
4049,1737
3887,55
129,58
4041,1737
4530,68
4478,1788
1019,145
1517,114
625,58
2604,1737
632,84
5053,4742
1877,1742
4666,53
4008,3
3269,1737
4132,1737
3640,1737
317,124
4107,1737
950,58
3876,3886
4740,4688
441,218
3950,1
540,84
3582,63
3422,1808
2780,1729
3990,6
2156,61
3867,1737
2863,2810
4359,1737
3785,64
1915,1
909,58
2928,61
4698,4668
2729,60
2196,61
3341,1737
1991,61
1405,58
2088,67
3248,69
3379,7
332,58
1041,84
1000,84
690,58
1739,61
1540,58
3651,1737
1584,84
572,58
4983,1862
3825,1742
5042,4749
2538,62
2930,66
4467,61
1741,1742
59,70
3200,6
4985,4891
3830,6
4667,4668
401,145
3929,1737
4744,4697
4713,2810
2369,67
2978,1737
4985,4996
2140,60
2930,1742
3723,1737
4469,67
2936,67
5030,4697
5050,4741
2439,1808
44,48
337,58
1043,84
2982,1808
3461,67
3784,1742
3194,1742
2733,66
4740,4678
577,58
4026,1737
584,84
4122,62
4001,1737
4493,1737
4726,4732
902,58
2991,5
1830,1840
3580,1740
4298,1737
3275,1808
3296,1
768,58
2378,68
5049,4671
2733,1742
1469,84
2917,7
4899,1835
2725,1742
4569,58
2850,64
2819,2825
174,58
2229,5
3080,7
4525,1737
3710,7
2347,70
4021,1742
4854,4857
2886,7
4460,1742
999,58
5043,4733
4134,61
4933,4913
3120,61
4452,1742
2644,61
3602,7
2403,1737
4327,1808
4706,2811
3099,3
2124,3
2289,68
5048,4681
2400,65
4985,1840
442,84
2531,3
524,58
3867,6
1138,58
3140,1740
2292,70
4744,4679
3361,7
4039,1788
3983,1742
2929,5
2637,1740
1356,84
4933,2832
5030,4683
4183,61
3858,1742
3922,1737
4287,67
2203,67
2736,1740
2635,1808
4702,12
3664,1808
5076,4889
3834,1748
2852,2856
3758,62
4835,4669
3852,7
788,84
4757,4733
427,84
4802,4803
529,58
1908,68
4175,5
3963,3
4308,1742
4457,1742
3275,5
4606,131
467,58
4068,1742
3925,67
2694,67
2587,7
1675,58
2678,68
4128,5
3909,1742
4977,16
2373,66
4859,4860
4340,1742
2620,69
4392,1742
382,58
1854,1856
3762,1740
1472,84
2920,1
2110,1737
1590,58
282,284
2063,1
2356,61
2930,1808
622,58
4355,1737
2670,2671
4342,61
951,58
5048,4695
3246,1742
2144,1737
3267,61
3820,61
2664,6
1990,5
2791,61
726,84
3789,1740
341,58
1191,58
3006,1742
4665,3881
571,15
3871,1742
1963,1737
4055,61
2313,1737
4183,66
850,58
2592,1740
492,58
1549,58
2388,1737
4302,1742
1978,1808
2363,1737
5013,4781
5030,4677
1090,58
2723,3
4334,69
122,58
1939,61
1910,1742
1858,55
3448,1742
3558,67
2438,66
4186,68
2442,1
2616,1740
3582,69
2836,2835
3990,60
513,84
2456,1737
0,1
3765,1742
4757,4751
4196,61
4529,60
1056,84
2631,6
1888,7
4374,1742
4471,1742
4017,67
4756,4681
2147,1737
2037,1808
2918,1740
2444,67
3757,1
3939,1740
2694,61
4057,69
993,16
4528,67
5054,4695
619,58
2929,1740
3616,68
4103,60
2145,61
419,58
2252,1737
2425,1737
5057,4771
2064,69
3134,1742
3499,63
659,58
3780,68
3602,1742
1946,1788
2004,64
2167,67
3124,1788
1424,84
799,84
2466,1742
1542,58
4827,4828
3631,5
2471,1737
75,16
2041,61
2693,1737
1670,15
200,58
3063,5
2842,2849
903,58
2062,68
2251,1737
1907,1742
3535,1
2127,1788
5010,4720
2804,61
2251,61
2056,61
2733,7
2735,1737
4078,3
4513,61
4007,61
1650,84
175,58
4068,61
2584,1737
4390,1737
4638,15
5053,4671
4243,5
2156,5
4698,4677
2089,68
3021,1737
366,84
4757,4753
4834,4686
2628,1
2886,1737
3555,1740
1723,84
4576,15
1338,58
4950,15
2347,3
5017,4953
2280,62
3827,1740
3865,1
1264,84
2912,1737
2984,70
3629,1748
2090,1737
3433,7
5072,5073
3807,7
4823,4817
2151,1740
2910,1737
4467,68
2983,7
1944,5
5028,4688
4524,5
4960,4966
3341,7
3827,64
5042,4693
2617,67
3353,1737
4135,1737
4103,67
5047,4691
1946,1742
3428,1737
2168,7
5008,1737
4804,4763
2174,61
5025,4818
985,58
1067,84
4835,4688
4419,7
867,58
1804,1737
2631,1737
2376,67
286,58
4228,1737
4507,1742
2623,1737
4716,12
5015,4797
2682,1737
2223,65
2463,1740
1993,61
2117,1748
2338,3
1616,58
3741,67
3080,1788
2659,7
4881,4890
2881,1
423,84
4240,6
4132,60
2264,61
4950,4760
501,58
4189,61
4698,4695
2489,6
3105,1742
4108,5
2901,1737
4834,4672
741,58
1017,84
1591,58
4859,4680
4651,15
3910,1742
1638,115
1881,68
4610,114
3130,64
4062,1737
3137,1742
2215,62
1468,84
2326,7
1290,58
2780,1836
3052,1737
4140,1896
4999,1833
1172,58
4103,1740
2741,67
3955,5
5042,4679
2467,60
4725,1861
588,16
1909,1740
2310,1742
2757,67
4811,48
4950,4953
4942,3882
3863,5
3099,1742
4806,4765
4120,7
72,1
3340,70
2369,5
1093,84
4967,4970
3346,1737
4173,62
2049,61
1636,84
3338,1737
3084,67
2533,5
3569,1737
3569,61
4210,5
4881,4884
2894,6
3557,1742
5050,4670
1826,1827
1970,1737
5053,4675
4802,4760
2869,1740
1059,58
3918,1737
144,145
346,117
2022,61
4834,4690
3198,67
3952,1737
600,58
2374,67
453,58
1964,1808
3028,68
3180,1737
335,58
2175,61
693,58
969,84
4198,1
2937,6
4039,7
2943,1740
3720,1737
3720,61
4531,1740
4592,58
234,58
2541,62
2780,2784
2805,7
3656,5
3602,65
59,61
3399,1737
1420,84
3386,1742
2117,5
3992,7
1498,58
4464,68
3076,1788
3972,1737
4899,4916
2400,7
1380,58
4022,1737
2023,1808
2110,1808
4811,46
2996,5
2748,1740
5029,4739
1620,58
4561,133
4959,4678
4814,4817
4835,4684
3697,1737
2480,62
2653,1737
2234,5
2362,62
2419,3
3356,1742
5050,4689
3822,67
3949,1737
3826,62
4268,4265
3348,1742
3941,1737
2891,7
4338,64
5062,5063
1619,115
2089,1
20,21
111,84
3620,1742
3735,1737
2029,6
1480,115
5027,4819
771,58
4074,61
717,84
2900,1808
2553,61
4859,4692
4050,66
512,84
3761,61
161,58
4360,64
4095,1740
3453,1
4812,62
4767,4770
2694,5
790,84
2148,7
3676,63
1607,15
982,58
3282,1742
5043,4753
2620,3
4810,4748
4161,5
5028,4730
4107,65
331,84
4598,114
3027,3
3090,1737
1881,1748
1950,69
3385,3
527,58
3867,61
1063,84
5047,4741
1983,7
3857,7
3805,1737
4530,69
3132,1737
1704,84
3797,1737
3479,1742
3371,65
1450,58
3799,1
4180,5
1332,58
2046,1740
3244,1742
2123,62
2175,1737
3997,62
2473,67
4740,4689
1878,5
3029,62
3582,60
3829,1737
2830,1
3990,7
2977,1737
2432,62
4559,16
3951,1740
1346,285
762,84
4243,61
4698,4669
2072,68
2682,5
3640,67
1881,1
4982,1855
4283,67
3248,70
3577,1808
4035,1740
2241,1740
4809,15
4627,16
4128,1742
1718,145
4217,1742
3140,67
3713,61
1219,58
3543,6
1441,84
5042,4746
4013,1740
565,84
2930,67
4467,60
609,58
4160,1742
2296,5
2514,68
3830,7
1869,61
106,84
4157,67
4055,1740
4667,4671
2661,1788
4362,3
3380,1808
3364,7
4115,1737
800,58
2140,61
1174,58
1946,3
3820,1740
4659,46
4473,7
2152,1737
3798,1742
4601,58
3639,1742
4179,1742
4457,1808
2059,1
2086,1740
2656,67
179,84
2237,60
4563,114
4740,4679
3145,1
4401,1737
2188,1740
2321,1
434,58
2036,61
1912,3
3842,1740
4726,4733
2190,1737
1830,1841
2156,67
2176,1
5027,4815
2378,69
2621,7
5049,4670
2224,1737
2005,1
2006,1740
4383,69
3953,62
2720,1742
4064,7
2904,5
2819,2824
416,133
2343,60
2880,62
4536,1737
2762,62
4617,84
4933,4912
2583,60
2738,7
2007,67
4026,62
2923,1
2869,69
4389,64
2159,1737
3739,1737
787,84
5048,4682
2235,3
2124,60
2400,66
1752,62
3749,68
4643,15
4221,7
3753,1
321,58
1977,5
328,84
4667,4685
203,58
4744,4680
2311,63
4715,2811
2579,65
4031,1
3229,7
4091,1748
5030,4680
4017,1737
4513,1740
2348,64
118,58
4314,1737
4338,7
4501,1737
1008,58
2092,61
4398,67
4108,1737
4549,61
2617,1788
4960,1788
2445,1
3812,7
2852,2857
1248,58
1562,84
3758,63
3872,1742
1622,58
4533,1737
1891,7
5049,4680
4756,4676
1341,58
4454,69
3201,3
2283,62
4432,1737
2697,1788
882,58
3929,7
2441,62
4424,7
764,58
1998,1737
5043,4682
1724,1734
3856,1740
4161,66
3780,1788
4093,7
5006,80
2882,1737
4110,5
5017,4766
282,285
3113,67
4724,1
416,113
3619,1737
571,145
2363,68
5048,4696
3528,1788
1805,62
4062,7
4170,1737
2174,6
3702,62
3866,1742
4055,60
2572,7
3732,1
3860,62
1973,67
3863,67
2098,1808
4851,47
4656,15
4794,4682
273,58
3674,1808
2197,70
3522,5
3028,1742
3752,68
3893,1742
2905,61
3202,61
3990,66
2153,1742
3015,64
4432,62
4794,4669
4524,1740
1858,52
4439,1737
1419,58
4516,1740
2029,61
1975,1
3264,1737
3760,1742
1997,1737
4246,1
2929,1808
3138,68
3319,7
3170,1742
4757,4750
960,58
4172,7
1334,58
5023,4720
2608,1788
3889,63
1200,58
4274,1737
2771,2774
2990,1742
3011,61
4512,68
4603,133
1574,58
2340,61
3558,1737
4805,16
935,58
4528,68
4057,68
4237,1742
1293,58
4537,1742
3616,69
4103,63
2770,1737
1947,5
476,58
2329,1737
834,58
2117,62
5057,4770
1960,1740
3780,69
716,58
4839,1862
2004,65
2171,7
4461,1788
3033,1742
2710,60
4827,4831
4665,3880
4416,61
3680,1788
3931,64
4455,1742
4513,67
4967,4929
1245,84
1599,15
3654,62
2807,3
2737,67
2023,69
3033,66
4553,69
4322,1742
4212,1742
3708,5
4107,1808
2345,64
2753,67
2526,1
2438,61
3648,1742
4479,1742
4698,4674
4539,7
2419,1740
4757,4752
4834,4687
2496,67
4276,68
1938,1
3845,67
859,84
2626,1737
1449,84
3174,61
2719,1742
403,58
2682,61
3825,1
2594,1
2578,1808
2688,70
4284,1742
4798,80
3150,1742
4802,15
3001,1
3121,1808
1286,58
2235,1737
4433,1742
22,21
97,84
1917,6
3064,1737
4623,15
3807,6
3433,6
5072,5074
4999,1850
3847,1
4999,4905
1152,58
5047,4669
5076,1729
2217,1737
4524,6
2487,1737
558,58
2477,7
2613,5
119,58
3827,67
4278,61
4428,1788
4899,4891
4103,66
1394,84
5047,4690
2235,61
4490,5
277,58
1383,58
3699,61
1919,68
564,84
3991,61
5025,4817
2637,1808
786,58
4343,1742
4835,4691
2975,62
4335,1742
5029,4735
826,84
2545,1737
1033,84
2918,60
4508,1788
4154,1788
2227,5
4278,1742
4614,116
4846,4847
4881,4889
2834,2835
2398,62
383,84
2566,1740
1197,84
4240,7
4132,61
3313,5
4950,4761
4874,4872
2928,1737
3464,1
2489,5
4834,4673
2863,1
3168,5
3971,1788
2577,1740
3902,62
2344,5
3963,60
2148,1737
4610,115
2704,1737
3369,1737
3446,5
3802,1737
1914,5
2966,1737
3804,1
811,84
2008,66
1054,16
3419,1737
2980,1
3283,1788
4093,61
1769,1
1822,21
2367,1737
4167,6
851,58
2155,1737
1993,1737
3219,1742
3000,68
4463,1
1209,58
3898,61
4725,1860
1360,58
4523,1742
2401,1737
2439,61
2757,66
136,58
4811,51
4950,4958
2596,64
4515,1742
1960,3
4137,64
1335,133
4467,1737
2500,61
4810,4683
3110,1742
2073,5
2673,1737
4835,4673
71,58
1902,1
2388,1788
485,58
4068,67
1893,1788
5050,4684
4526,61
4263,4265
4004,61
2421,1742
725,58
1575,58
876,58
3944,64
2711,1737
2415,1788
5050,4671
1234,58
23,21
4485,1742
778,84
3346,60
3918,1742
4802,4761
188,84
2560,1737
2746,6
2378,60
2356,1742
3926,67
916,58
2199,62
4602,283
4834,4691
2297,68
1824,21
3863,1788
1973,1788
4859,4697
3848,1737
4340,61
4053,68
1985,6
3028,69
3035,1737
83,84
3923,3924
4435,1788
3743,7
3519,1737
3854,62
2937,5
4039,6
1883,1808
2630,1748
1478,84
837,84
2780,2785
3553,1737
3115,1742
2255,1737
3656,6
3118,1737
59,60
2792,5
3107,1742
4985,4989
2211,67
2289,1737
2104,7
4157,62
4899,4919
2586,61
3638,5
4022,1742
1953,69
2455,1742
3822,1740
4745,4688
3329,1737
910,84
4810,4733
3577,1737
4959,4673
2626,7
4835,4687
3786,5
478,58
2510,1808
3152,67
4033,1742
3279,64
1657,58
2053,1742
2805,1737
718,58
1552,58
4268,4266
3069,68
584,58
1996,67
2599,1737
2692,61
4432,6
2395,61
3960,1737
437,58
4757,4693
2257,60
1287,58
2439,1740
4826,1856
5053,4692
3664,61
1974,1808
2029,5
1480,116
2159,61
4034,67
677,58
3188,1737
2071,1
1823,21
2685,5
4648,15
1496,84
4859,4695
4209,69
4050,67
1068,58
2325,1788
4898,1729
3700,7
4767,4781
750,84
3234,7
4602,15
2989,1740
3937,1740
1886,67
4810,4749
4030,1737
642,84
5028,4731
4103,7
4598,115
4107,64
4209,1740
1648,84
2464,62
3203,7
3370,1788
3705,1737
3887,49
199,84
3242,1737
2661,1737
4055,5
3217,1737
4530,66
2265,6
4227,62
4981,1827
3205,1742
2733,61
537,84
2935,1
4744,4668
2241,61
461,84
4025,67
4666,51
1877,1740
2607,1742
4008,5
3876,3880
256,84
4740,4690
4058,61
3582,61
2830,6
1369,58
2156,63
2193,67
3371,1748
3785,70
3822,61
4871,4873
3842,7
1609,58
4928,4929
4027,1
3844,1737
1709,15
4075,1737
2347,61
3624,1737
389,58
4067,7
807,84
3140,61
885,58
3468,1742
4933,4941
3979,64
4487,69
1125,58
4664,12
170,58
2168,1740
2741,7
2634,67
2906,70
5042,4747
2930,64
1624,124
702,84
2514,69
2420,1748
4568,16
1309,84
3607,1737
1316,58
4942,12
2710,7
4187,61
2930,1740
4540,61
4659,49
4563,132
4548,1742
2972,3
3639,1737
3651,7
3762,62
1947,1788
2733,64
4740,4672
2804,1808
2281,1
4157,1737
2193,61
2753,5
3146,1742
2257,1740
4532,5
3457,61
2815,2817
2378,66
2559,1
2733,1740
3782,1737
2489,61
2917,5
5049,4669
4899,1837
4458,7
353,58
1149,84
1891,1740
3258,67
4383,68
2944,7
2819,2827
2414,1
3433,63
4021,1740
3767,70
744,58
1998,1788
1246,15
3377,1788
1914,61
3602,5
479,58
3973,1742
2392,1742
2869,68
2595,1737
2600,61
2124,61
5048,4683
2400,67
3577,3
719,58
2531,5
3749,67
4985,4907
1883,65
4082,1740
655,84
3647,1742
2292,64
4715,2810
2439,5
2497,6
618,58
1721,15
2579,64
4207,68
2730,60
1524,58
917,84
5030,4681
3773,1737
2206,1737
2891,67
2965,62
1639,16
458,84
3380,5
2022,1740
4474,1808
3016,1808
1480,15
2727,1748
566,84
2852,2858
2506,62
2769,1788
4435,61
1699,84
2484,1737
4942,1856
5049,4687
2936,1740
4756,4677
1966,1742
4582,15
4457,1740
3275,7
4151,62
2480,1808
3633,7
2641,61
3692,1740
369,84
3065,7
261,84
4859,4862
305,58
2377,5
1101,84
1724,1735
804,84
5028,4670
3726,61
4093,6
187,58
4080,5
2232,5
4193,1742
5048,4697
2197,1737
3837,1
2004,60
2739,1740
3694,1742
102,58
5042,4670
4622,16
2510,5
3696,68
992,58
2576,67
3132,1788
4008,64
4533,61
671,58
4851,46
1596,117
1029,58
5013,4779
3990,67
4155,1742
4837,80
290,114
3230,1742
1858,53
3711,5
2438,64
722,145
4186,66
1972,61
2120,1737
2206,60
1476,58
2390,1737
4246,6
508,58
4757,4749
1716,58
1790,1
2579,1737
2372,1737
3528,3
3474,67
4705,2811
4017,65
5049,4697
4756,4683
4562,58
4641,15
3697,67
4528,69
2094,5
2940,1737
3476,1
2930,7
3616,70
4093,1740
3762,1788
2792,60
2093,1737
3200,67
4893,4879
2444,1737
2117,61
5057,4769
2085,1737
2599,67
2710,66
1563,84
3780,70
4922,4250
4271,3
28,21
4405,1737
4804,4759
4703,12
2710,61
4827,4830
753,58
3008,1737
3635,64
2882,68
4455,1737
4190,1740
635,58
2079,6
1781,1
3776,1742
2737,66
2023,68
4109,70
1382,84
944,58
4553,68
1318,58
4231,1737
2753,66
2043,1
3603,1788
5053,4669
1184,58
1972,3
1558,58
1119,58
2324,61
3538,7
2525,1740
4834,4684
2514,1737
4276,69
3514,1808
2517,1740
3566,1737
4169,5
1533,58
1924,61
4756,4697
460,58
3676,1788
3827,1742
1169,84
1668,58
1942,1737
1712,84
3433,5
4366,1737
2076,1740
1917,5
4436,1742
1058,58
3807,1
2151,1742
4999,1845
4808,4760
5047,4668
4524,7
3506,68
2863,1729
3605,62
5057,4787
1701,15
5067,1
5042,4691
839,284
2998,1788
3047,1737
2221,1
1879,62
4293,1737
3899,1742
5025,4816
4338,1742
4557,218
4343,1737
4835,4690
78,15
4008,60
465,58
3734,1788
4239,1742
3779,5
5029,4734
347,58
4959,4861
2918,61
4492,64
2426,61
4614,117
712,84
4447,1740
587,58
3004,1742
4200,7
4178,1737
5053,4687
4132,62
4874,4873
4950,4766
2413,1740
4698,4693
4942,1855
4141,1742
4108,7
2684,1737
1183,145
393,16
1392,58
2947,61
1230,84
3910,1740
3963,63
2471,61
3897,1737
221,58
4999,5001
2532,61
2666,1737
2333,60
2155,68
103,58
4324,1742
2896,1788
3730,7
1367,58
3133,68
770,58
3175,1737
5028,4672
4276,1740
652,58
2741,65
4049,62
1266,58
3573,62
1749,1737
4581,117
2738,1737
4492,1808
1148,58
4811,50
3863,7
3846,69
4942,3880
3813,62
72,3
4358,7
4959,4690
4835,4672
2315,67
3590,62
2013,1
3318,1737
3286,1
5050,4685
4263,4264
4004,62
2224,7
4875,4877
2462,1
2089,1737
5050,4668
3506,1808
5053,4673
2388,7
2516,60
4188,1742
657,58
2655,67
2378,61
2139,1737
4180,1742
3062,67
4834,4688
539,58
3793,1737
4859,4696
953,58
2806,68
3604,1737
4703,1827
3372,1737
3703,7
4982,1856
2876,114
2695,1742
2163,1737
4802,16
2417,1737
4037,1737
376,58
2356,64
2780,2786
750,58
1782,7
4227,1737
3395,61
4349,1742
2007,1740
59,63
2919,61
1437,58
4985,4988
3277,1
4464,70
4574,15
2232,61
1319,58
2193,1737
4899,4918
4109,1808
978,58
1953,68
2455,1737
3132,1
3129,1742
3354,7
860,58
5029,4737
2308,1
4959,4672
4835,4686
1916,69
2439,67
2646,67
4666,46
250,58
4227,64
3390,66
2662,67
2568,1737
4311,1742
1807,7
4268,4267
2892,1788
4432,7
4485,3
570,114
2327,5
2492,68
4826,1857
1184,84
3664,62
3051,1737
4300,6
4836,80
198,84
4796,4673
4899,1840
100,84
2536,5
4859,4694
4209,68
4050,64
2729,64
3315,1737
3889,70
2525,61
4360,66
2950,6
4813,4718
4711,2811
2444,5
4767,4780
747,58
4270,1742
1105,58
3007,64
2297,1737
3328,65
5043,4755
4704,2810
4810,4746
602,84
1873,61
787,58
4103,6
4578,117
4107,67
3337,1737
3027,5
1401,58
462,58
2517,69
4899,4900
4123,67
5047,4743
2343,1737
4325,3
4530,67
1724,9
621,58
1946,63
4744,4669
1971,1740
1527,58
3640,1740
4313,1742
4666,48
3202,69
2023,63
2120,5
4945,15
3976,1742
3876,3881
2456,7
812,58
2901,1
2830,7
3990,5
1170,58
2288,64
2324,6
202,58
494,84
3062,60
1052,58
3731,1
4928,4930
3785,69
4664,1856
3114,5
4535,5
3778,60
4410,1748
3874,1855
2750,1737
4385,1742
386,84
1526,16
4275,1742
1881,7
3816,1788
2286,67
1581,84
4561,283
2986,1737
39,41
4219,61
3697,5
4134,6
3848,1
4245,1
4933,4940
3036,1737
3979,67
4487,68
2677,1737
1826,12
3666,1737
2477,61
2741,6
1829,1
824,84
2804,1740
2717,61
2514,66
2534,1
1556,84
1919,1808
3830,5
89,58
988,84
1195,84
3981,61
4382,68
2369,64
4546,1742
3722,5
2912,64
4636,145
414,58
2693,69
1946,1
4659,48
1235,58
4898,62
280,58
44,51
1593,58
2804,69
4159,3
1858,46
4740,4673
4563,116
3009,1
520,58
4026,1748
1479,58
4317,61
2852,2853
2659,65
511,58
2991,6
1830,1847
3936,1737
4174,1737
2815,2816
751,58
4163,1742
2608,6
3966,1
1109,58
3585,1740
3774,1742
5037,4718
1260,58
446,84
2819,2826
3934,1737
3500,5
2525,1
2590,5
4699,1861
3712,1737
1300,58
3355,1
2242,62
1809,62
1718,16
2869,67
4246,1737
4235,1742
3998,62
5048,4684
2400,68
1491,84
1792,1
3864,62
4045,65
3817,1742
2830,2832
3388,62
4482,1737
2292,65
3559,7
776,84
4745,4733
2579,67
2925,61
4804,4803
3686,1740
2730,61
4794,4678
2348,66
3165,61
893,84
2970,1737
2516,5
2741,1740
3790,1737
3812,1
3758,61
1854,12
862,58
2791,1740
1706,15
3889,3
4756,4678
3397,1788
3993,1737
3275,6
821,58
1870,63
1671,58
2769,7
2148,68
1916,1737
3065,6
3143,7
3007,5
1061,58
4340,1737
1724,1728
237,84
2933,7
4161,64
4093,5
5017,4764
1950,6
244,58
2444,1748
282,283
4464,63
1943,61
2004,61
1508,58
3585,69
3067,68
4567,15
4985,4916
2194,62
1670,16
4123,61
4055,62
5036,4718
4008,65
3238,1788
4851,49
4794,4680
4933,2831
5013,4778
2493,67
1935,5
1993,6
3220,1742
3990,64
3015,66
2102,67
4232,1740
1858,50
239,84
2509,67
2475,1737
3377,7
2064,1788
2467,1737
4246,7
2625,61
899,58
3178,61
845,84
4757,4748
1513,58
4767,4678
1995,68
3960,7
640,84
4705,2810
2728,1740
289,58
4756,4692
3122,1742
5049,4696
1754,1737
3038,3
1502,84
2350,1
4448,62
4340,68
2400,1788
4486,1742
3391,1788
918,84
3794,5
4100,68
2563,1
2177,1742
415,58
3154,1742
1947,7
3997,1740
5024,80
459,84
2792,61
773,58
3200,68
4893,4878
1883,63
5057,4768
3513,3
4517,61
2599,66
1908,1742
2710,67
2603,7
4758,4759
4922,4251
2004,67
3027,61
3580,61
3033,1740
1151,58
3669,1737
2503,62
3499,65
4665,3886
4380,1742
554,58
1966,3
2936,1
2882,69
3931,66
2136,1737
1460,58
2632,1742
3426,1788
1693,84
4109,69
2720,7
1700,58
4405,68
2958,1
3033,64
3094,7
3091,1740
3515,62
3708,7
2753,65
2662,5
4726,4670
2182,1737
5053,4668
4698,4672
1800,1737
4834,4685
3314,1737
191,84
2886,1740
2944,67
4807,4765
3670,62
2343,67
4834,4668
1129,84
2458,1
4528,1737
2460,1737
3865,6
2101,1737
1747,1740
848,84
5054,4676
2065,1742
3184,1740
4808,4761
379,58
3058,67
5047,4671
5028,4691
737,58
1587,58
2132,1748
2477,5
3827,69
3016,1737
2906,63
3773,1
5057,4786
5042,4688
1997,61
4463,1737
2201,67
2110,7
4744,4741
1128,58
3513,1808
2207,61
1919,70
2244,1737
2268,61
4089,69
1302,58
863,58
3179,61
5051,4720
4835,4693
3544,1742
4745,4747
4008,61
1221,58
2741,1808
2286,1737
253,58
2730,3
5029,4733
3507,1737
2463,1737
1920,1742
3582,1737
2449,1
1412,58
2497,1737
3309,62
5053,4686
4698,4690
5035,80
2638,60
802,58
3963,65
2769,1737
3454,1742
2096,1737
4511,69
4081,62
4859,4685
4535,67
2580,1737
842,84
3963,62
2348,1737
4999,5000
3209,1742
1981,62
1982,1737
2008,68
3051,1
2370,1740
3055,1737
5028,4673
4103,1737
2004,1740
3241,1742
4351,1737
449,58
456,84
2143,1740
3672,1742
4581,116
1859,1862
2902,61
2757,64
689,58
4942,3881
1973,6
4318,7
3813,61
2999,7
3736,1
2596,66
4950,4956
4597,84
3963,1748
2382,63
3340,65
4127,1737
2629,6
4835,4675
2010,61
246,58
3809,1742
1993,67
2174,1737
4373,1737
3395,1737
5050,4682
4526,67
4263,4267
1643,15
1510,58
3569,1742
2617,1737
1346,133
3203,1742
4149,1742
2657,2658
1376,58
5062,5064
1690,84
2894,5
3944,66
4435,7
1055,58
5053,4672
4802,4759
2869,1737
2516,61
2631,68
1247,84
4105,5
3500,1737
4834,4689
2996,1740
2893,68
1891,65
1948,1788
3071,1742
3467,1737
663,84
4809,16
2482,1737
4767,4793
2209,7
892,58
2018,68
2876,115
1304,84
76,15
204,84
2258,1740
1971,70
3720,1740
2943,1737
4588,58
2064,3
3990,1740
2754,1737
2250,1740
2746,1737
767,145
4531,61
2445,1742
5028,4727
2491,68
3948,62
2721,1737
2300,1740
4899,4921
3887,45
3502,5
3159,60
2277,1740
2807,2813
14,15
5029,4736
3428,3
4814,4820
4959,4675
1916,70
3562,1737
3715,5
4587,16
4666,47
3033,61
3169,3
3779,1740
4227,67
3480,1788
641,58
5005,80
4025,1740
1807,6
1869,1737
1941,1740
1619,116
4559,15
3801,1737
4757,4691
2753,63
2310,68
2492,69
3768,1896
5053,4690
3805,7
2516,67
3664,63
2385,5
4632,145
1958,1
1462,58
3849,67
5027,4820
3595,1737
4017,63
2253,6
2257,67
5017,5019
4899,1843
2532,67
4108,1808
1328,58
1973,1740
3865,67
2944,61
2106,1740
3021,1
3430,1737
3433,65
4711,2810
1421,58
1314,84
2444,6
2012,1737
4767,4783
4016,64
3745,1788
5014,4673
1895,1896
962,58
4960,1
4704,2811
3777,3
2727,64
4810,4747
2605,1742
4598,113
4107,66
3985,62
4490,70
2517,68
4899,4903
5047,4742
3887,51
385,84
2993,5
4327,1742
4530,64
4081,1788
928,84
4016,1737
766,84
2932,62
1946,60
4075,64
4744,4670
4109,60
3921,1740
3202,66
4666,49
3705,67
4194,1742
3836,5
3876,3882
3769,68
4210,1808
491,58
3691,1
2509,61
3062,61
3785,68
4664,1857
3951,1737
3855,1742
1830,1850
3842,5
4239,5
5015,4673
4928,4931
731,58
987,84
3522,1737
1089,58
1881,6
2057,1737
2722,1
1096,84
1719,84
121,58
3681,1896
4572,15
2727,1808
3794,1737
1414,58
39,40
3503,5
4247,4249
4836,4800
446,58
1280,58
3939,67
4933,4939
3979,66
3084,1740
2091,67
2741,5
2652,1742
1940,5
4282,7
3082,67
3558,1808
605,58
4209,1788
1511,58
4154,61
4868,15
3591,70
2395,1740
4499,1742
4055,1737
4215,1742
2024,61
2387,1740
4382,69
1070,15
5014,4797
3682,5
3717,1788
3475,1
2801,68
2693,68
4659,51
3043,3
1161,84
186,58
2989,67
1036,58
3873,7
511,84
1858,47
4740,4674
4435,64
3471,1742
4317,1808
3591,1737
2659,64
4053,1788
2274,62
3642,1737
4240,65
1830,1844
2995,66
2378,64
2489,67
5049,4675
2472,5
2608,7
2715,67
4106,1788
4899,1839
1013,84
1756,62
4647,15
5034,80
2505,67
3433,61
2042,5
4039,69
4699,1860
3932,1
298,84
1041,58
2286,61
3280,1740
2328,1737
3616,60
3283,1737
3564,1742
4026,61
177,84
2963,5
5048,4685
2400,69
2346,1
1915,1737
3828,1742
264,58
4985,4905
2830,2833
4810,4670
1966,1808
2529,1740
5048,4668
3263,7
1566,84
4744,4683
4985,2835
1917,1748
557,58
4667,4686
2315,61
2201,5
760,58
4116,7
1134,58
2376,61
1463,58
3779,61
4794,4679
2056,5
5030,4687
495,58
4584,15
597,84
853,58
2891,69
4068,5
5052,80
4289,1742
1947,1740
1362,58
523,84
1939,1740
906,84
5037,4797
2516,6
2960,1748
2016,67
2445,62
1602,58
4216,1737
3985,1788
634,58
3147,1737
1779,1742
4468,61
3874,1856
1927,62
5049,4685
3250,1808
2954,1
1025,84
1759,1
1635,15
3633,5
2108,62
2148,69
3065,5
2646,1740
2064,60
2192,1
965,84
2319,6
3726,3
2474,61
241,16
4895,62
3027,65
4490,1737
4403,62
3206,61
4285,62
3817,66
5047,4683
4758,4762
2009,1740
2645,1737
3625,61
2174,5
4483,7
931,58
4008,66
4851,48
1171,58
2066,5
3905,1742
472,58
1214,124
5013,4777
2382,65
846,58
3340,63
3028,1737
1680,58
1993,5
4336,1742
4281,67
3222,63
2117,1788
1814,21
4177,1742
3832,1737
1813,1742
1086,58
1858,51
3067,1742
4186,64
4297,67
4009,1737
983,84
1190,84
2568,61
805,58
3083,1742
185,15
2902,1788
3528,5
3664,7
2012,5
4805,4766
268,84
4543,1737
4756,4693
1196,58
2950,60
1554,58
228,58
4150,1737
1914,1808
2509,1737
4359,61
2498,6
3684,1788
3313,1737
1954,1737
3133,62
2930,5
1906,1742
163,84
1233,84
4107,61
2060,62
4531,67
5057,4775
2830,1748
2463,67
2674,62
2710,64
2875,131
3780,64
3945,7
4922,4248
2489,1808
4440,7
2672,1737
4665,3885
3635,66
3853,7
665,84
2024,7
2882,66
3931,69
2261,7
2924,1737
1208,84
233,58
5029,4682
2472,1740
384,84
4945,4765
2023,70
222,84
2347,1788
2133,61
2737,64
4336,1788
1497,58
2710,1737
1579,84
1638,283
2345,69
2753,64
3138,1742
1770,1737
798,58
1745,1737
2946,1737
3995,1742
3336,65
4698,4673
2430,1742
2898,1742
2378,7
610,84
2170,1737
4834,4682
3766,1737
4404,60
1038,58
2850,3
2944,68
1267,84
399,58
2347,7
4834,4669
3162,1742
2185,1742
2300,61
3865,5
4209,61
4284,1737
3996,67
552,84
19,15
4805,15
3676,65
3156,1788
5054,4677
4714,2810
4710,2810
3034,70
3720,5
1135,58
4999,1847
180,58
5047,4670
2145,67
4524,1
3395,67
4899,2787
1644,58
4464,1896
3827,68
5057,4785
5067,3
1444,58
2161,67
4744,4742
4564,15
1919,65
1684,58
2929,70
4338,1740
4089,68
2056,64
4835,4692
4745,4746
2730,1748
3594,1
1946,70
3026,1
4492,66
873,84
4846,4850
1160,84
2894,1740
5053,4685
4950,4764
4698,4691
2395,67
2928,1740
2146,61
4108,1
3896,7
4511,68
3549,1737
1277,84
1331,58
4859,4684
980,84
3902,61
4525,1788
1678,84
2081,65
4859,4669
4390,68
5078,4889
4519,1742
3369,1742
3248,63
2008,69
2191,61
2014,63
4161,61
2001,1742
847,58
1881,1788
2227,1737
891,84
3017,1
4372,67
2302,1737
4639,15
4598,133
5060,80
1623,84
3951,61
4950,4957
4028,64
746,58
4942,3886
1480,284
4137,69
4358,5
2950,1742
5013,4718
628,58
4835,4674
4286,1740
2612,67
2078,1737
2912,7
3175,62
2402,67
2324,1737
5050,4683
3986,1737
4263,4266
2112,1737
2555,1737
2777,1737
2780,6
3978,1737
4210,1
4139,7
5062,5065
2104,1737
4435,6
3749,1740
2571,1737
3842,62
2537,1737
4028,1737
2560,1740
1945,1
2406,1737
1780,67
2893,67
1891,64
3848,1740
623,84
3999,5
4123,1740
497,84
3028,64
389,84
4407,1742
4767,4792
393,145
1283,58
932,84
3818,67
4719,4720
2879,1
4039,3
315,58
4531,60
2356,66
3797,61
3965,1
3985,67
3586,1740
2958,1737
230,58
1064,58
3552,1788
4899,4920
2807,2812
4490,1808
3167,1742
4865,80
2992,1737
2079,69
2872,15
3221,1788
4537,7
4609,58
3488,1742
2379,1
843,84
2325,69
2897,1740
2510,67
149,145
189,58
4187,67
2220,1737
4895,4897
1039,58
4652,15
1653,58
3102,1742
3024,1737
3876,3877
2187,1737
3641,6
580,58
1976,3
2262,1737
2089,5
3979,1740
1345,84
2439,1737
2310,69
5053,4689
1918,1
2498,1737
3849,66
2236,67
3104,7
2257,66
5017,5018
3670,1742
2465,1737
3865,66
5071,16
2910,7
1618,84
4360,68
5028,4736
3268,7
1274,84
2444,7
2943,69
4767,4782
450,84
4417,6
2,3
1950,62
575,84
2989,1737
3441,1742
3666,1
4852,16
2727,67
4285,7
1691,84
4578,115
4073,1
4372,1740
4107,69
4399,3
2517,67
267,58
2599,5
4899,4902
3982,1742
3887,50
4544,62
4744,4688
1698,145
4745,4679
763,58
4404,1740
2178,1788
2639,3
1946,61
182,58
4744,4671
3414,1737
3202,67
2412,61
5025,4733
2358,1
1446,58
4107,1740
3876,3883
3603,1737
3396,1737
1776,1737
2284,7
1686,58
141,58
2288,66
2122,1740
2452,61
3802,5
4108,68
3731,3
4928,4932
1830,1851
3438,1737
4535,7
3299,5
2749,60
3889,1737
4262,4253
2591,1737
2475,5
2611,7
1881,5
1297,84
946,58
1995,61
4444,67
828,58
3969,62
4247,4248
4836,4801
1186,58
3979,69
3575,1788
93,84
3073,1742
3469,5
3790,1
636,84
4171,1
2873,116
4032,1737
5048,4672
402,84
2804,1742
2514,64
2349,1
2424,62
3591,65
3433,1737
3929,1740
4804,16
2204,1
3252,1737
1773,1737
3227,1737
2912,66
2969,61
475,58
5030,4690
4659,50
2952,67
3302,1737
297,84
833,58
44,45
1137,84
715,58
3762,61
4740,4675
1073,58
1572,84
3530,1737
3276,67
3705,61
2852,2855
1004,84
2659,67
4612,4613
4236,7
4240,66
1830,1845
2995,69
1919,1740
3989,1737
430,58
3777,1737
1520,58
5049,4674
1358,84
349,58
3769,1737
4664,1855
2461,60
2118,7
3743,69
589,58
3636,1
3433,60
993,15
2454,5
4021,1737
1343,145
2994,6
4933,1839
1495,58
3616,61
898,58
1947,61
4071,1737
2008,61
4295,1
3920,1737
780,58
4464,3
4843,4265
3460,1742
1394,58
2235,7
2400,70
4198,1748
3583,62
3991,7
3817,1740
1688,84
3941,62
4667,4673
5048,4669
3578,1742
4744,4684
2312,1
3325,1737
2439,6
3625,67
3846,3
4794,4676
5029,4693
5013,4774
5030,4684
3658,1737
2206,1740
4432,1808
2891,68
3633,1737
4923,4249
3418,1737
2578,6
2766,2767
2445,61
785,58
2716,1740
1415,84
667,58
3027,1737
1830,1831
2729,3
3889,1
5049,4684
3874,1857
57,58
2950,67
4756,4672
4004,1740
208,58
3201,7
653,84
582,58
3831,7
1870,61
2694,68
4798,4800
3143,1
2152,1
301,58
504,58
3959,1737
2637,6
1724,1730
2620,66
4933,4910
878,58
2624,5
183,58
3027,64
541,58
2360,61
5047,4682
1447,58
4758,4763
4346,61
2004,63
1960,61
1687,58
2271,62
4305,1742
4221,1808
4008,67
1919,61
2137,62
4851,51
5061,4720
378,58
216,145
4557,132
5029,4679
4794,4694
4658,283
4074,1740
5013,4776
2382,70
1586,58
3990,70
290,113
4395,70
112,113
1858,48
3558,68
2455,5
2836,2840
687,84
4132,5
3920,3
4246,5
2568,62
326,84
1324,113
1915,62
2791,1788
3528,6
3606,1
3810,1742
1887,60
2728,1742
3892,1740
4977,4979
4756,4694
3174,7
4017,70
5017,4946
3967,1742
4644,15
4387,62
3942,1748
875,58
4340,70
4142,1742
2401,61
2698,61
5054,4696
4999,4919
1115,58
2518,66
1870,1808
3686,61
4104,1
4093,1737
915,58
4107,60
2131,5
4512,1740
2110,1788
4531,66
4893,4876
5057,4774
3772,1742
3780,65
5047,4696
3027,63
830,58
5029,80
3368,1
4810,4691
749,58
696,58
4665,3884
2201,1740
571,16
4308,7
3635,69
4185,1742
2882,67
2369,60
631,58
3991,1740
1060,116
2265,67
2557,5
344,84
2747,61
1892,7
789,58
4740,4742
2023,65
2918,6
940,58
2710,1742
1870,1740
3831,1742
4067,1737
2273,1737
2345,68
330,58
1180,58
1787,1788
2519,62
4698,4686
4339,1737
1545,84
2608,67
3785,3
4834,4683
4111,1
4276,64
5011,15
1993,1808
2517,1737
4034,1740
3097,1
2122,1
2054,1740
2418,62
4209,60
2416,1737
2912,1742
4373,1
3375,1
2256,60
4710,2811
4808,4763
4411,1737
4228,1
3099,67
4016,7
4400,1740
4359,67
3506,67
3526,6
4893,4894
1812,1
4154,3
3958,5
3056,1788
3156,7
2932,1737
4744,4743
2110,5
25,21
99,58
4510,68
1919,64
3492,1
1481,58
2726,1737
2436,1737
4035,3
408,58
4008,63
561,84
1683,133
4195,1737
5029,4731
5050,4678
648,58
1753,1737
2954,1737
4492,67
4003,1742
1278,58
4445,61
2161,1737
4447,1737
3816,1
3004,1737
4307,68
2716,67
296,84
5053,4684
3437,7
249,84
2391,1
4698,4688
4981,12
1028,84
4473,1737
879,58
3963,67
1799,1737
1948,5
2934,3
4199,67
3985,1737
4859,4687
3406,7
2084,1742
4845,4720
3571,68
164,58
1803,1
39,16
4999,5002
522,58
1628,58
2172,7
4460,1788
4767,4789
4859,4668
2711,62
4423,7
2559,1740
4175,1788
4893,4880
4376,7
1968,1737
4581,114
3580,67
3859,1742
759,84
4811,55
2243,1788
4244,6
2603,1742
1282,15
4835,4677
169,58
2315,68
1828,6
2801,61
1021,84
2269,1737
4014,7
2842,1737
5050,4680
3028,1788
4875,4878
4960,1737
1422,84
1315,58
4149,1740
2892,1737
4500,1742
17,15
3557,1737
3323,1
4113,1737
4608,15
3664,67
963,84
3795,5
4845,4817
4017,3
2472,61
4397,61
1746,1737
3785,63
1695,84
3198,68
3581,68
4527,1742
3606,63
2374,68
2539,7
1891,67
3195,1742
1927,1
2897,7
2276,68
4292,1742
3147,61
2263,1748
2676,1737
490,58
365,84
3929,67
1071,58
372,58
3900,1860
2830,1808
2356,67
730,58
1580,58
2842,60
4511,1740
612,58
2706,1737
3223,70
3758,1737
3887,47
4959,4668
4825,80
2079,68
2562,62
2872,16
2083,1
1617,84
3994,1737
1909,62
4453,1742
2325,68
4959,4685
3697,1740
4604,58
4666,45
3033,3
4044,1737
4895,4896
4089,1788
2730,1737
4227,69
2962,1
711,84
4396,1742
5030,4742
367,84
2513,61
2347,1737
3445,1737
1049,84
2753,61
2277,61
617,58
2931,1788
2928,5
4017,61
4415,1742
1523,58
2877,84
1891,1748
3145,1788
3342,6
1884,1
2729,69
4360,69
808,58
5028,4737
4358,1742
3504,3505
4491,7
4109,1740
1182,58
4767,4777
2943,68
3517,1737
2911,1742
1853,21
1048,58
4016,66
4417,5
901,58
4809,145
2245,60
2617,3
3777,1
4174,61
783,58
3000,1737
3099,61
4103,3
1892,1788
4107,68
4490,68
3027,6
2517,66
2409,1737
324,58
1795,1737
4899,4905
2647,1740
2277,1788
4550,5
2195,1737
3779,67
2201,1737
4075,66
756,84
3290,60
44,56
3491,1737
2447,1737
3703,1740
1875,1
1917,1808
3028,1808
2533,1808
5055,80
2022,67
2455,67
4108,69
3458,1740
4132,67
3916,62
4303,1742
3316,68
2750,1740
1435,84
4110,1808
1257,84
1934,62
2492,1808
3645,1737
1544,84
2290,61
39,42
3507,64
1475,58
2120,1808
2961,1742
4933,4937
4489,1742
3979,68
2896,1737
4528,62
1364,84
3770,67
3034,63
3901,1
230,84
362,84
2034,1788
4413,67
1256,58
1681,15
1630,58
857,145
2395,1742
1960,66
4140,1742
2091,1737
2164,1
2387,1742
4126,61
2369,69
2166,1737
3132,1748
3112,61
2575,61
4089,3
3820,1737
2693,66
1231,58
4659,53
1784,1737
5030,4691
4095,61
1589,58
44,46
2426,1
2669,67
3135,1742
2804,64
516,58
1858,45
4740,4684
2324,1788
2369,1737
4004,67
1130,58
3256,1
2011,1737
2338,68
4483,1742
3078,1742
3902,1740
2659,66
2003,1737
3728,5
2040,61
3842,1737
4240,67
2995,68
2633,1737
2246,62
2374,3
4175,61
3196,1742
5049,4673
570,132
4035,1808
2683,1737
4383,64
4512,61
3081,1742
3743,68
4699,1862
4040,1737
3130,5
4551,5
3850,1818
861,15
2437,67
1897,7
4110,60
3508,1808
3894,67
2869,64
4843,4264
4504,5
2677,61
5048,4687
881,84
4985,1850
183,84
3731,1740
4204,62
4985,4911
1667,58
4616,16
3310,1737
4667,4672
5048,4670
4744,4685
3487,1737
445,84
374,58
2579,68
2929,63
3190,1742
2197,63
5013,4773
240,58
2056,7
2348,61
2489,1748
3182,1742
5030,4685
4017,1740
3513,1737
5056,21
1947,1742
2588,61
3120,1737
4923,4248
2220,7
1899,1737
3785,1737
2741,1737
1227,84
1541,58
1962,1
87,15
2894,67
4943,4944
4726,4672
2277,67
2098,1740
2539,62
3593,1
2618,1
5049,4691
2224,1788
791,84
1992,61
3201,6
1020,58
2694,69
1968,6
4798,4801
3069,1737
3352,5
2637,5
1724,1731
1030,84
2624,6
4161,69
4107,1
1950,5
5057,4779
4960,61
4442,1740
2378,1737
1762,7
3817,64
2487,69
4758,4760
3198,1737
2428,1737
4000,1737
5013,4678
421,124
2589,1808
3434,1737
135,84
1919,60
3458,61
3843,5
4851,50
3409,1737
4272,1737
4794,4695
2197,65
5013,4791
3411,7
651,58
1994,1742
4841,4267
1939,67
1265,58
112,114
3575,7
1858,49
1272,84
3943,1737
4899,2821
2438,68
2836,2841
192,58
4297,65
1976,60
2629,1737
4428,7
566,58
3977,67
235,124
2405,1748
2385,67
2368,5
1456,58
3586,67
3506,1737
3528,7
4805,4764
3719,1737
4977,4978
4756,4695
2051,1740
1696,58
3507,61
2532,5
4758,16
1631,58
3816,1737
4050,7
2111,67
5054,4697
3808,61
1722,15
2373,62
2518,67
3740,68
2014,65
1944,61
4107,63
4400,3
4531,69
1330,58
5057,4773
3591,5
1908,1737
1337,84
1212,58
3061,1740
3780,66
3945,5
1570,58
3495,1
4504,1788
4810,4688
431,84
894,84
4375,61
1501,84
2586,67
1966,6
2882,64
2136,1740
3664,1748
1060,117
4794,4697
3692,1896
1930,1737
5013,4793
2733,1
4726,4738
2918,7
4109,66
4740,4743
3033,69
1980,1737
2089,61
2753,70
3130,1740
2156,3
3077,67
4698,4687
3336,67
474,84
1217,58
4834,4680
3603,7
2938,61
4081,1
1224,84
3035,7
1099,58
4807,4766
4845,4733
3357,1742
3889,1808
4528,1740
2705,5
5037,4673
1388,84
4067,67
4980,1816
2320,1737
440,58
1917,1
814,58
3114,1742
2869,5
3034,68
4808,4764
4295,69
3548,1742
733,58
3911,3913
4103,1748
1715,114
4201,1742
4663,16
615,58
5057,4791
4007,1740
3223,61
1923,1
4811,56
924,58
2929,68
5025,4820
4974,4970
2056,66
4835,4694
4,8
4039,1740
2294,1740
1164,58
3442,1742
2979,62
4607,58
1889,5
2875,113
4099,1737
5029,4730
2545,1740
4177,67
4642,15
1660,58
4161,1788
3215,5
4273,1742
2533,1737
1797,5
4881,4892
2694,1788
2760,62
3424,5
3667,67
4698,4689
1948,6
4199,66
758,84
2118,61
4241,1788
4859,4686
2357,1
2580,1748
1638,117
3561,61
2994,1808
2900,7
4039,1808
3028,60
4767,4788
4859,4671
2890,61
2337,61
2212,1
3801,61
1051,58
2470,1737
3130,61
4810,4754
2067,5
2016,1740
4118,1742
2915,1737
1465,58
2474,1
1471,116
1993,1740
4336,7
1597,124
2289,6
327,58
2329,5
3749,7
685,58
888,58
4129,1742
4811,54
4942,3884
1262,58
4467,1740
4338,1788
72,7
2528,1737
2950,1740
772,84
3431,61
4835,4676
3344,7
3789,1
2174,1740
1828,7
725,84
5006,4944
2516,1740
4320,1742
3176,64
2126,7
5050,4681
1490,58
2462,5
1807,1737
4047,68
1372,58
3944,69
4155,1788
3930,1740
2064,1737
2445,68
3902,66
2746,3
3174,67
2056,1737
4525,7
2649,1742
3198,69
3399,60
2243,7
4606,114
4315,1737
339,84
2374,69
107,16
1891,66
4307,1737
4620,84
2308,1737
2897,6
2276,69
3028,66
3144,1
1950,1737
3035,1740
1984,1737
2350,1737
2077,5
3900,1861
3334,61
3780,5
2545,61
2622,1737
2842,61
2366,61
1881,1740
1259,58
2302,5
3223,65
142,84
3082,61
3887,46
2660,1
4959,4671
3526,1742
2882,7
2277,1737
2807,2814
2996,3
3032,1788
1299,58
1909,61
3577,1740
2325,67
4959,4684
4633,4634
3675,7
2404,1740
1916,65
4409,67
4227,68
840,58
3876,3879
2456,61
5030,4743
519,58
1133,58
2103,1737
2891,61
1941,1737
3136,1740
3674,68
2162,1737
4757,4688
3749,1788
3623,61
4418,1742
3131,61
4805,4803
3849,64
396,84
1173,58
3192,61
2968,7
2054,60
2257,64
1682,58
2207,1740
356,58
1973,1737
4172,68
2729,68
714,58
1006,84
2381,1737
5028,4738
3433,70
5054,4742
1917,70
3876,1856
2903,62
2444,1
4767,4776
4121,5
2035,7
3819,1788
4359,7
1361,84
4235,61
1034,114
4363,64
3436,68
2555,5
5042,4754
1886,68
2485,1740
4372,1742
4578,113
4490,69
59,65
3089,6
4140,5
18,16
4899,4904
4052,1737
4744,4690
3050,61
2924,1788
2318,61
4016,1740
361,58
4075,69
2737,61
1346,117
3255,1737
4533,67
601,58
1066,84
3600,1742
1507,58
4431,1742
4048,1740
4026,1742
2288,68
4306,1742
3802,3
738,84
2314,1740
3625,1788
792,58
4108,70
4044,68
1166,58
4114,1737
3533,1737
4394,61
1032,58
2367,61
4337,1737
2341,1740
3390,1737
2229,60
4575,15
1983,1740
4325,1742
2347,65
1381,58
3587,1737
3507,67
4247,4250
2613,1740
1263,58
4933,4936
308,58
1621,58
2309,5
2091,68
2256,5
3696,1737
3605,1
3422,1737
541,84
4487,64
2156,1740
548,58
3037,1
1246,145
2211,1737
1084,84
1674,84
5048,4674
3200,1737
3865,1737
3591,67
1798,1737
1960,67
217,113
2396,62
2878,116
4744,4672
2026,1740
2369,68
4085,69
2930,1737
2912,68
4018,62
2489,1737
5030,4688
155,84
2537,1
4429,1742
3389,1737
1925,7
4107,1788
4435,69
1143,84
4740,4685
3091,67
2213,61
417,84
2659,69
553,58
2523,67
1767,1737
4726,4727
4240,68
1830,1835
4767,4718
3687,68
3413,1737
5049,4672
570,133
1874,61
3100,1742
4853,4720
3028,5
4610,133
3092,1742
4391,1742
3707,1
4973,4972
2698,7
3808,1742
2883,1
1988,68
1347,84
1240,58
1614,58
3616,63
2380,61
3713,1
975,58
2738,1
4148,1742
4110,61
4225,67
4843,4267
2067,61
1724,1725
3281,7
1765,7
3519,5
3577,6
3824,1
2593,5
260,58
1573,58
4985,4910
4082,1737
874,58
3151,1742
4667,4675
5048,4671
2932,1808
3263,1788
2573,1740
3622,1737
3472,5
4183,69
2562,1737
1114,58
4227,1
5029,4691
4794,4674
5013,4772
5030,4674
2419,66
2019,1737
3414,7
3986,1788
1626,145
1865,69
2427,1737
4334,66
4159,61
3084,1
4220,61
3215,67
3582,66
3970,62
2029,69
4069,1742
3758,65
839,133
363,84
4034,3
4726,4673
1095,84
4552,1742
620,116
4393,1742
3889,7
5049,4690
2897,61
4756,4674
3103,5
1928,1
2792,1737
2444,68
4053,7
3692,1737
2148,64
3695,1740
443,58
3251,1737
801,58
5043,4688
3027,66
5054,4671
3328,63
5057,4778
4960,62
2830,1737
2430,7
5047,4676
4758,4761
1876,12
224,58
3198,1742
2118,1788
3093,1788
4985,4920
927,58
5025,4815
4619,58
3482,5
4667,4689
4238,1742
2275,61
95,84
4095,67
4745,4755
4008,69
3579,1737
1167,58
4851,53
2080,61
1703,84
1596,114
1919,63
2469,69
2362,1
5013,4790
1663,58
4277,3
816,124
3990,68
2830,70
3868,1742
112,115
1548,124
2438,69
98,58
152,84
4132,7
1976,61
1937,1737
306,15
2089,67
4726,4691
3951,1788
774,84
2665,1808
4805,4763
4394,3
3174,5
4756,4688
2240,64
3754,7
4833,80
4359,62
3139,1737
3416,66
4999,4913
703,84
2498,5
3919,1742
4823,4824
3313,1742
2014,70
4100,64
3723,7
3740,69
4512,1742
4353,1742
4531,68
2427,6
1775,1
4153,1740
1651,15
2727,5
3780,67
1009,58
1057,84
1016,84
2208,1
4280,1737
4804,4764
3211,1737
2936,5
3963,1740
3840,7
614,84
550,58
4507,1737
5029,4727
5013,4792
2737,69
4004,7
2682,1742
4109,65
4528,1808
2958,5
2687,1737
3033,68
269,58
4213,61
2089,60
1375,58
2753,69
3930,5
3489,1737
819,84
4698,4684
3552,61
1615,58
5044,4720
3477,1742
4328,1742
4503,1808
1659,84
3603,6
3731,61
4834,4681
360,84
4807,4761
3335,5
3393,6
2715,62
4053,1808
3640,1
956,58
1092,84
1881,67
2282,1737
3075,1742
4089,1808
4980,1817
19,16
2076,1737
5054,4680
3680,7
2630,62
4295,68
2068,1737
4999,1840
4400,1742
2070,1
3577,67
3911,3912
130,132
1819,34
2366,6
5057,4790
4446,67
3570,1742
4438,1737
2332,1
1921,1737
4745,4670
1919,66
4806,4762
4974,4971
2056,67
3174,1737
4420,1737
78,16
425,84
3839,1737
4835,4697
961,58
4745,4751
4156,67
4177,66
5029,4729
217,218
1946,69
3160,1742
3538,1788
4459,1742
843,58
1201,58
5050,4676
262,58
108,84
4881,4883
2277,7
2170,67
2223,63
2046,61
3987,68
3365,1742
624,58
1948,7
4108,60
4492,1737
370,84
477,58
2061,1
4859,4673
1874,5
2967,61
3764,1
3556,1742
4950,16
3028,61
3986,7
2081,70
4767,4791
3939,61
2210,1737
3259,1742
3792,1737
908,58
2084,68
4810,4755
1522,58
1175,84
4287,1740
3602,70
173,84
2289,5
3577,62
2494,1742
2440,1
3749,6
3786,1808
2885,7
4942,3885
3304,7
3357,3
4959,4697
2701,1737
4835,4679
2716,1808
4976,4969
5050,4694
611,84
3755,1
2802,2803
2780,1
3632,1748
913,58
2911,67
2089,1740
3997,1808
2294,67
1683,115
3069,61
2635,5
3902,67
1905,7
2445,67
4229,7
4717,4718
3799,1737
3785,61
1035,58
3581,66
3606,61
2478,1737
3204,63
781,84
5071,15
1891,69
2897,5
3108,1737
3028,67
207,84
4812,7
4767,4773
429,58
1564,84
2627,61
3581,1742
2510,1737
2064,7
2630,1742
86,84
469,84
4227,1740
2488,61
4413,61
3780,6
2345,1748
2828,2829
2544,1737
1950,66
4386,1
210,58
395,84
2193,1740
2399,62
3931,3
1474,58
2807,2809
2902,67
2562,60
4982,12
2325,66
2626,1
1714,58
2918,67
1916,66
4109,6
2842,2846
4187,68
2301,67
4945,16
2948,62
2072,1737
5050,4696
5053,4861
1972,67
2830,62
3077,7
2287,1
3141,1742
3674,69
3802,62
3051,1740
4317,69
2928,7
4593,15
4101,62
2374,1737
2054,61
4899,1847
2478,7
1992,1737
4155,7
4050,61
3574,61
5028,4739
2400,1737
1917,69
137,58
4767,4779
1243,58
3261,61
4319,7
1065,84
1601,58
2398,1737
3140,68
2297,1740
1950,61
3436,69
633,58
4317,1740
2445,1788
2741,63
4960,5
5042,4755
784,84
2176,1737
3644,1742
528,58
3777,7
4107,70
59,64
958,58
3991,1808
2517,64
3496,1
2521,5
4496,1737
2599,6
877,58
2895,1
4488,1737
4744,4691
1198,58
4985,4994
4187,1737
3904,61
1117,58
3371,70
3152,1740
4975,4972
3725,1
4075,68
2936,61
1346,114
4653,4654
2365,1737
1204,84
2984,1737
2145,1737
1308,58
2492,1740
340,58
4211,1737
1083,84
3551,1896
1673,84
2324,3
2288,69
2397,1737
3171,1740
77,15
4726,4730
4603,115
4239,1
3777,1788
624,84
2179,7
2254,1737
1880,1737
5007,12
2697,1737
3144,62
3507,66
4026,68
2178,68
4093,1808
2269,5
2878,283
1926,1737
2882,1788
3526,61
3716,5
2926,7
1407,16
3225,1740
2558,61
2124,5
2289,66
2052,1740
2804,1737
1854,1855
810,84
2991,1737
1553,58
1952,1737
227,58
2597,1788
2554,1740
1960,68
3958,67
2598,1737
2436,1788
2878,117
4130,62
482,84
3664,1788
3608,1742
3611,7
4085,68
2912,69
3297,1737
2693,64
4089,1
3023,1737
3692,1808
4659,55
441,131
2116,61
4895,4870
1972,1740
2615,5
1406,58
1885,7
3057,1737
4341,1
1069,58
4435,68
1272,58
424,84
4492,5
3541,1737
2888,61
101,58
2659,68
1007,58
1365,58
1830,1832
4240,69
1919,1737
2012,61
1516,58
3349,1
3534,7
2165,1896
1619,133
5049,4679
292,58
1931,1
3028,6
4383,66
650,58
2944,1737
2668,1737
2585,1737
5078,5077
4973,4971
1988,69
1949,1737
2994,5
2498,62
2635,1737
3850,1816
4722,4723
73,62
1947,62
3931,1737
4836,4673
3588,62
2028,67
2830,1788
4808,4803
1724,1726
2417,7
3577,5
4985,1848
1970,68
2938,1737
1094,84
2461,1740
2100,60
2510,61
4744,4687
4183,68
1916,5
2439,3
2579,70
3718,61
3846,6
2929,61
125,84
179,58
1778,1742
2982,1
4794,4675
5013,4771
5030,4675
2419,69
2133,1737
4202,1742
1865,68
1443,58
2863,2865
4159,60
3429,1737
3451,1
2220,1
4740,4668
3582,67
2836,2837
2029,68
984,58
1358,58
3665,1742
1224,58
3457,1
3035,61
620,117
3889,6
5049,4689
2019,67
4756,4675
4397,3
1932,1740
4164,1742
3218,68
2444,69
2337,5
3080,61
3572,1737
4053,6
4712,2810
3007,1788
5043,4691
2484,67
858,58
2141,62
1708,58
4107,3
4090,1737
3180,5
740,58
5054,4668
2973,1
3811,1737
2578,1737
1098,58
2830,1742
1390,84
3630,1737
4657,113
4758,4766
4333,1742
2959,67
3293,1737
2620,1737
2214,62
2342,67
4665,3879
4667,4688
4835,4668
4008,70
3846,1740
2868,15
4533,7
4089,1737
4851,52
2469,68
4794,4693
2732,1742
4017,1788
5013,4789
4007,7
3990,69
4841,4265
2415,7
2402,1740
112,116
2328,1
2455,6
4130,1742
2044,1740
1679,15
745,58
2089,66
3984,1737
627,58
734,84
3674,61
3198,61
4805,4762
2742,7
2098,1788
4756,4689
936,58
3215,1740
150,84
2367,70
3808,64
1310,58
3065,1808
4209,7
4050,5
4340,65
3802,1788
3979,3
1550,58
4999,4912
1916,1748
4189,1742
911,58
3780,61
2259,61
4585,15
3513,6
3591,7
2710,68
4157,1
452,58
3095,1742
2842,68
4103,69
2552,1740
1789,1742
2001,67
2075,1737
2664,1808
4236,1788
1647,58
4804,4765
692,58
3729,1737
2507,62
1050,58
3800,7
2976,7
3127,1742
2804,5
3597,62
3119,1742
2003,1
2023,66
2737,68
2918,5
4456,1742
4109,64
2724,1788
3202,6
3498,7
3749,1748
2355,1740
447,84
2176,67
4698,4685
2378,3
3538,1
3731,60
539,84
4276,67
3032,60
4081,7
4807,4760
1692,15
2607,7
4347,62
5054,4862
1881,66
2682,1808
4528,1742
5043,4670
2175,1
4980,1818
2230,1748
4973,4929
4484,7
2290,67
3870,1742
5054,4681
1492,84
2869,3
4296,1737
4808,4766
3054,1
3034,66
4430,64
3911,3915
2181,1
2366,7
1384,58
1074,84
3660,1737
5057,4789
2724,7
3223,63
3082,7
534,58
95,58
3398,67
4279,1742
2443,1
1477,58
4806,4763
4810,4672
509,58
4974,4968
2056,68
4835,4696
1916,63
4745,4750
4028,61
4085,60
3961,6
5029,4728
1946,66
4470,1742
644,58
3507,1740
688,84
4462,1742
1258,58
3384,1
3565,62
3706,1740
4881,4882
1140,58
533,84
2277,6
5053,4681
3805,62
4802,4766
3424,7
2430,1788
4556,114
508,84
4108,61
4834,4696
4165,60
2297,67
4511,64
2265,1737
2315,1808
3332,7
1968,67
2098,7
4408,1742
4767,4790
2134,1737
3939,60
2434,5
3980,1788
147,84
2309,61
4093,69
4184,1737
3109,68
4371,1737
2559,1737
2084,69
4810,4752
2018,62
311,84
2610,61
1933,7
2004,1737
2869,1808
2155,1742
945,58
1979,1737
4557,117
2124,67
2231,7
4326,1742
1968,1740
4403,1737
3749,5
1536,84
1185,58
2703,3
4244,1
1517,133
4467,1742
2086,3
2251,64
4959,4696
4835,4678
206,84
1878,1788
1828,1
3040,1788
2911,61
608,58
4976,4970
2052,6
4161,1740
3176,66
3216,67
2419,61
4508,1737
4149,61
4506,1
4960,1740
2716,61
1311,58
3688,61
4500,1737
1355,84
343,58
2659,61
3528,1808
4806,15
1551,58
4199,1737
2744,1737
2631,67
3664,70
4611,15
2445,66
2931,7
4525,5
3785,60
242,58
919,84
1092,58
2944,1808
1891,68
536,84
1506,58
3999,1
4380,5
4767,4772
3158,1742
1964,5
1982,1788
1158,84
2258,1737
3048,7
2445,1737
3456,62
3422,7
4086,62
2620,5
5028,4732
2967,1808
1950,67
4275,7
962,84
4868,16
2709,1737
3223,67
2524,1
1087,84
3546,1808
4110,1737
2477,1737
2807,2808
3526,1740
4364,1737
263,84
4443,64
2562,61
4898,4870
14,16
2086,61
4144,1737
897,58
4109,5
4021,61
1916,67
3897,7
4274,68
2842,2847
4132,1740
4649,16
779,58
3390,68
2679,7
5050,4697
5030,4741
5053,4860
1275,58
2830,63
1589,84
4153,68
3136,1742
3373,5
3674,66
2492,66
2902,1737
3128,1742
560,58
2371,61
1919,1748
2924,61
4317,68
3724,1788
3595,1740
2067,1748
413,58
3103,61
295,58
1880,1788
3163,1742
1881,63
546,84
2106,1737
3155,1742
2964,61
1941,67
3248,64
4624,15
3875,61
4109,1737
1917,68
4933,1847
2444,3
3720,68
4767,4778
3098,1742
4016,69
73,1
3377,1737
4363,66
4528,3
2138,1737
1458,58
4960,6
3591,62
5042,4752
3777,6
1340,58
2897,1808
4490,67
2956,1737
5015,5016
59,67
4458,1737
2597,1737
3646,1740
4823,4720
3331,67
4211,61
4899,4906
1798,1
3122,68
2647,1737
4744,4692
2440,62
3326,1788
4745,4683
3685,1
4016,1742
2750,6
3653,1737
2024,67
1346,115
3379,1788
3762,7
4541,1740
3059,1740
4740,4697
4530,1737
3074,5
2099,1
4026,1740
4258,4253
4034,61
4927,6
3802,1
4108,64
4726,4731
3731,7
3990,1808
1649,84
4027,6
377,58
1352,84
4556,132
272,58
2179,6
1783,1
1585,58
3657,5
3307,68
646,58
2367,63
2944,1788
3550,1742
1142,58
2384,61
2347,67
2661,7
3507,69
3486,1788
2045,1
942,58
4010,1742
1974,7
3761,1740
2563,61
4447,67
2178,69
4085,1740
3084,1737
4487,66
2148,61
1900,1
743,58
948,84
1155,84
1914,1737
2256,1788
5048,4676
3506,6
1960,69
4744,4674
4581,133
1417,84
3362,1737
2044,61
1919,5
3465,62
4659,54
368,84
5030,4694
3648,1
2911,7
2804,67
4287,68
4740,4687
2445,7
2581,5
2048,1737
1951,60
4240,70
1830,1833
2374,6
1891,1
5049,4678
2473,1737
2608,60
1894,62
43,1
171,84
2548,1737
2957,61
4973,4970
4637,16
329,58
3929,61
1179,58
1034,133
4039,64
4330,68
3007,1737
1537,58
3258,61
3850,1817
4933,4920
569,58
3637,1737
2805,68
1914,68
1806,1742
3616,2658
3687,1737
2121,7
1890,61
1724,1727
5048,4690
455,58
3039,1737
4925,4926
813,58
5046,80
1883,70
4150,5
2261,1737
4210,1788
695,58
4035,61
2325,6
1946,1808
3065,1737
3067,61
1494,84
4395,63
4794,4672
2069,1
5013,4770
2419,68
594,58
2476,5
2293,1737
138,84
4334,64
1996,61
1500,58
3903,67
2106,6
2863,2864
2087,1737
4740,4669
2331,1
3582,64
2516,3
3294,1742
2029,67
2462,67
2601,1737
74,15
4216,1742
2257,3
4726,4679
3417,1
3863,1740
4805,4759
3147,1740
4812,1788
1281,84
2729,7
3889,5
2019,66
2643,1737
2967,5
3103,7
3178,68
2861,2862
1199,84
1662,84
2444,70
2448,1
620,133
1870,1
3939,1737
4435,1740
2148,66
4712,2811
5054,4690
79,80
2188,67
3312,7
4977,15
3777,67
2929,1737
2252,1740
3027,68
4899,62
5054,4669
281,58
1387,58
2064,64
2430,5
3958,61
3552,1737
3817,69
5047,4678
2792,68
2919,67
1627,58
3198,1740
2359,1788
1427,58
4667,4691
2967,1737
4835,4671
2276,1740
4745,4753
4851,55
3222,65
1121,84
4794,4690
5013,4788
4959,4742
2905,5
4841,4264
4553,67
1261,58
5045,4926
215,84
3080,1737
1582,58
112,117
3802,68
3624,6
4297,70
2763,2764
4009,1740
856,84
2909,1788
1301,58
3332,1737
1452,58
3563,1737
3606,5
4805,4761
2928,64
4051,1740
842,58
1891,61
4756,4690
2125,62
2325,1740
4826,12
2240,66
2367,65
4309,1742
3589,68
3865,62
599,16
3816,1740
2984,65
3484,1788
2586,1737
4943,4673
3416,68
2316,62
2014,68
2140,1740
4838,80
2198,62
3177,7
4960,4961
4798,4673
2132,1740
3415,5
1404,16
3591,6
1997,5
2727,7
2710,69
5047,4692
3595,67
2797,2800
35,21
4201,62
921,84
2295,1
4493,62
2850,1742
2740,1742
4804,4766
1464,84
489,58
1966,5
2914,1737
3910,61
4,5
371,58
4146,1742
3796,60
2804,6
4726,4737
2682,1740
1949,1808
3992,1737
2120,67
4614,114
3333,69
661,124
866,84
1751,1737
2136,67
1294,58
4698,4682
2176,68
3336,70
3405,1737
2489,3
2625,1
4834,4679
167,84
4023,5
4205,1742
4807,4763
4465,61
1656,58
4197,1742
2529,5
3272,61
3713,1737
1881,65
3961,1737
2384,5
3473,1737
5054,4686
480,84
794,58
2630,60
669,84
3573,1896
4999,1842
2141,1
4073,62
3911,3914
4511,1748
4002,1742
5057,4788
4007,1737
3020,1
4376,61
3787,1737
3846,66
4806,4760
4338,1737
5045,4720
2272,62
1107,84
2056,69
3233,1
4745,4749
620,283
105,84
2871,113
2801,7
3616,1748
4177,64
3261,1737
3039,5
5050,4674
3088,1
2113,5
3215,6
4645,15
3511,1
2520,1
323,58
2894,61
2793,2796
4948,80
3743,1788
681,58
2402,61
2992,5
3805,61
1970,1740
3313,61
563,58
212,84
3134,61
4556,115
2733,1788
1948,1
4834,4697
4511,67
104,58
232,15
3626,1737
3835,1
130,114
3800,1788
4145,7
4057,63
3986,5
278,58
4555,58
197,58
2984,61
2200,1740
4093,68
4015,1742
3841,1
2886,68
2943,61
1461,58
4531,1737
4810,4753
2195,61
4595,16
3224,61
3890,1742
3602,68
1343,58
388,58
2007,3
432,84
1634,15
4557,116
4899,4913
4230,1742
2589,6
884,58
3805,1788
277,84
1242,58
2945,1742
4218,1737
4835,4681
3542,7
2366,1808
3678,5
3789,62
3149,1737
4976,4971
4287,61
2419,60
5050,4692
3118,1808
2718,1742
1666,84
4757,4683
2064,1740
1683,117
2056,1740
4017,7
879,84
2492,60
1526,15
4529,65
4512,7
3581,64
4859,4689
1760,5
1561,84
3352,1740
1485,84
3818,61
3692,1788
4074,67
2276,64
1129,58
2297,61
3197,1788
1863,21
1950,1740
4767,4775
639,115
1118,84
3581,1740
1607,16
4531,3
1976,1740
4852,15
486,58
5043,4746
2620,6
4895,1729
5028,4733
534,84
1950,64
666,84
4602,116
3586,1737
4823,4733
3082,1740
1560,58
2656,1740
2586,5
2037,68
4218,68
2807,2811
3132,1740
2079,64
1295,58
5048,4743
4959,4681
4598,283
3750,1788
3196,61
4491,1737
2325,64
2842,2844
836,58
3407,7
3390,69
1747,64
4740,4692
226,58
1076,58
3383,62
2173,7
4621,58
3674,67
2509,5
2492,67
3805,1
3062,1737
4312,1742
4317,67
4709,2811
3849,69
2257,69
1530,84
2207,1737
3865,69
4067,1
4449,1742
4013,69
2934,1742
3248,65
2453,1737
2967,67
4035,1737
4565,16
4933,1846
1883,1737
2943,64
2233,1737
2501,61
2145,3
3305,1
4363,69
3142,1788
1954,62
3666,1742
4553,1737
5042,4753
2741,61
4117,62
5039,4673
317,319
4960,7
4372,1737
3602,1788
4015,7
1488,84
2249,61
4160,1737
4490,64
120,84
2336,1
2535,1737
1758,1
2338,1737
3387,1742
1377,58
2384,1737
4035,64
3693,1742
438,58
4744,4693
742,84
4985,4992
304,58
3796,5
3152,1742
678,58
1946,6
1966,61
2972,5
5026,80
1825,21
44,52
3628,1742
4842,4266
2908,61
2540,7
397,58
1503,58
3876,12
4364,68
3165,67
2656,61
2122,1737
3555,5
2875,285
3171,1742
2694,1737
2588,68
4108,65
2097,1737
4726,4728
4603,117
2942,1737
2156,70
529,84
4117,1737
4796,4718
3889,1740
3599,7
2720,1737
2349,1737
3398,1740
2850,68
1442,58
2944,1
1632,124
2122,69
4447,61
1983,1737
2025,67
2972,1737
3507,68
2042,1737
4933,1848
3935,12
2613,1737
3318,6
4441,1737
2663,1737
1590,84
2373,1737
4389,69
2015,1737
2780,2781
4467,7
2289,64
4287,1808
2423,1737
3200,1740
3528,1737
4310,1737
2004,1788
3614,3615
1793,1737
2226,1737
5059,4720
531,84
2041,1737
4487,1737
2201,61
2184,67
2756,1737
2278,61
3789,67
2315,5
2941,1737
3665,61
3201,1808
839,114
1393,84
4284,67
2248,1748
4018,61
2806,1737
5030,4695
4513,1737
4089,7
1329,58
4844,4264
1211,58
236,84
256,58
2951,1
4740,4680
4492,7
3045,1740
886,58
4108,1740
2445,6
752,58
2659,70
4726,4682
3198,7
4293,61
3306,1737
4533,1742
2374,7
3777,1740
2608,1737
2002,5
3100,1737
2608,61
3769,1740
4644,16
1695,58
2132,61
4386,1740
1871,1737
4067,61
4973,4969
3743,64
3525,1737
4039,67
4854,4855
1905,1737
4167,1740
5043,4679
2431,1742
626,58
3140,1808
1914,69
4413,1740
5017,4763
2882,1740
3291,62
1532,58
3990,1788
4591,15
844,84
4949,15
4332,7
4208,61
3132,67
2285,6
3482,62
4035,60
4667,4676
2325,5
3621,1
4028,5
3053,1
4794,4673
5029,4688
2180,5
5013,4769
5030,4673
3015,69
3633,1740
3816,60
3930,1808
2863,2867
4740,4670
4925,4720
3106,1808
2836,2839
2442,5
3970,61
2173,61
2766,2768
3738,1
3582,65
4176,62
2727,1740
346,131
3413,67
313,58
3381,1737
2793,80
1163,58
3027,1740
464,58
838,58
4012,1737
2019,69
5049,4695
2936,1748
704,58
3767,63
2792,1740
2597,7
4054,1737
4756,4668
110,58
1525,133
4057,65
439,58
2994,1737
2148,67
2279,61
4226,1742
797,58
2560,61
3207,1737
5043,4693
3616,64
679,58
3708,1808
3044,5
4107,5
4420,68
5057,4783
338,58
4650,15
2830,1740
1517,284
3224,67
2599,69
5047,4673
220,58
4758,4764
2004,68
578,58
1484,58
2037,60
3838,1737
4665,3877
4667,4690
4835,4670
1128,84
4745,4752
4533,5
4851,54
3222,70
4984,1729
4794,4691
4074,1737
5013,4787
3584,1
3561,1742
4007,1
4553,66
3572,62
5049,4743
2659,1737
3648,1737
4243,1
1807,1808
1298,84
3056,7
3245,1
2419,1737
2182,61
481,16
2238,1737
4805,4760
1102,15
1891,60
3304,1788
1891,1808
2937,1737
3808,66
265,58
2688,65
3942,1737
4209,5
1867,7
1371,58
4340,67
3979,5
4481,1740
3450,61
3416,69
761,58
3547,7
1611,58
4708,2810
2014,69
912,84
3740,64
4467,64
5017,15
2880,1896
1030,58
4507,67
4960,4962
4662,1827
5057,4793
391,58
3591,1
2727,6
4069,7
2797,2799
952,58
5047,4695
166,84
1326,58
4493,61
887,58
2517,6
1245,58
1852,6
3499,70
2387,1788
4,6
172,58
1060,113
3532,6
2804,7
1932,61
1436,58
3077,62
4614,115
3079,1742
3333,68
3571,1737
2605,67
5025,80
4863,80
209,84
2136,68
2995,5
3649,1788
127,84
3727,5
4834,4676
5008,7
2921,7
4293,3
3204,70
4807,4762
2471,7
5054,4860
1881,64
2148,1740
3130,68
2619,1737
2540,1788
3802,1740
184,84
1270,84
629,84
2384,6
5054,4687
2630,61
5084,80
3844,5
3034,64
473,58
1323,58
3412,7
3655,69
130,131
938,84
3164,1742
2724,1
5042,4683
2426,1740
713,58
3082,5
2107,1
2329,63
2907,1740
817,84
4942,3878
2579,5
3606,1742
4806,4761
3846,67
1104,58
4035,6
3229,67
4959,4692
1603,16
2222,1737
243,84
904,58
2187,6
4745,4748
2244,61
3665,5
2875,117
4072,1
1946,64
5050,4675
1400,58
3507,1742
2917,1742
2479,61
2410,1742
3203,1737
229,58
2355,67
17,16
1284,84
3278,1737
3943,61
3805,60
1493,58
4802,4764
2502,1
420,58
4020,7
4834,4694
4108,63
4511,66
4352,1737
4859,4674
3771,1737
3332,1
660,58
39,15
2098,5
1830,1729
4630,15
4767,4784
3686,67
2570,1
76,16
4093,67
3109,66
1665,84
2759,1737
4287,1737
1583,84
3602,69
4346,1737
4985,4986
1222,84
5042,4733
4823,4718
4899,4912
2235,66
1124,84
2589,5
4490,60
4808,15
1953,66
2118,1737
4950,4951
3000,60
3317,1
2251,66
307,58
2325,61
2897,1748
5030,4670
4835,4680
890,145
654,84
547,58
4099,7
2708,1742
5056,34
3176,68
4976,4972
1986,61
5050,4693
1988,1737
2891,3
88,58
4338,68
4051,5
4432,1
2038,1737
2659,63
4757,4682
3062,1788
5053,4697
2631,61
1683,116
2561,1
2445,64
4017,6
1031,58
2492,61
4240,1737
3659,1737
3895,61
1592,58
3527,7
3663,1
3455,1740
2692,1740
1445,58
1891,70
3161,67
1327,58
4767,4774
1685,58
639,114
986,58
4173,1742
2694,1
868,58
5022,4720
3422,5
5043,4749
1226,58
1890,5
5028,4734
4507,61
1108,58
4602,117
5081,80
4209,1737
3371,60
3927,67
2807,2810
3806,62
4443,66
2315,1740
967,84
4959,4680
2023,1
4666,54
3033,6
3540,1737
4107,1748
1747,67
2679,1
4740,4693
259,58
1878,1
205,84
2347,1740
2830,61
2339,1740
2196,67
4359,1740
862,84
755,58
3802,61
1113,58
4317,66
4709,2810
3849,68
4596,15
2775,2776
2361,1737
2257,68
5017,5020
4899,1848
2366,1740
1881,61
3865,68
4350,1742
1992,1740
3018,7
4013,68
4191,1742
1250,84
3248,66
2091,61
590,283
2400,1740
1917,66
3791,1737
2444,61
73,7
551,84
2987,7
4983,1861
4363,68
3825,1737
2259,6
2387,61
3436,64
4317,1737
2024,1740
1829,7
2617,6
5042,4750
2176,1740
2504,1737
4285,1
4318,1788
3656,61
4490,65
3287,1
1987,61
2221,62
4077,1737
4646,58
321,84
2599,3
820,58
1869,1
4499,1737
4899,4908
3887,56
864,84
1917,1737
1053,84
4382,66
4744,4694
2517,62
3367,62
3478,7
1946,7
2932,5
5050,4742
3436,1737
2972,6
3046,5
2550,62
44,53
4132,1788
4842,4267
2984,1740
3762,5
1999,62
2544,67
2733,69
2716,3
4724,1737
2304,67
2642,1
2435,5
2694,1742
4108,66
4493,1740
4726,4729
4603,116
2257,1737
4404,67
2886,1788
3423,5
2485,61
1655,84
4348,1742
2735,7
2850,69
2299,1737
2819,2820
3031,6
2585,1788
2725,61
3093,7
2501,1737
929,84
4869,4870
3697,61
3640,1808
596,84
4363,1737
2029,1808
2551,1737
4854,4858
4026,67
4373,68
5083,4817
4933,4916
5051,80
2543,1737
3540,5
1926,1740
2659,1808
422,58
1512,58
3701,1742
4389,68
2729,1742
2780,2782
5048,4678
662,58
223,58
3526,67
2664,1737
3867,5
2598,1740
290,133
2693,60
2400,61
4143,1742
1487,58
4744,4676
4581,131
4667,4681
1919,7
1097,84
2925,67
1423,84
3132,61
4011,1788
4659,56
5030,4692
2348,68
2883,1737
3343,7
4844,4265
2105,1737
162,58
5029,4670
3997,6
3449,1808
1268,58
4740,4681
3984,5
2369,1740
2736,1737
3933,62
2351,62
2445,5
3926,7
2641,1740
3062,6
2149,1
4293,60
2078,7
2137,1737
3238,5
2407,1737
