2954,4968
2457,4880
922,4750
2665,4941
2576,3882
2349,4962
4826,54
529,4907
3765,4905
97,4902
903,4778
443,4894
634,4784
4531,5066
3213,3914
1372,4966
4812,84
1343,2864
1599,4759
2113,4669
1055,4789
4528,3878
2235,2785
1930,2820
2199,4779
2480,115
3706,2764
1806,4913
2186,4997
967,46
1533,2844
1249,2765
1762,4734
1548,4952
898,1730
2693,2818
2802,4737
984,61
2746,84
1745,4962
3960,3885
3386,2800
3596,55
2964,114
2068,47
3834,5070
3329,2832
4627,4900
998,4921
301,52
3733,1735
2195,21
1922,4946
4287,1847
206,2862
1724,4877
1984,2782
978,1855
655,2671
2633,1850
1588,4791
2620,1732
3742,21
791,3915
156,4951
1500,4956
424,1727
638,80
4045,3880
3933,4995
4052,2768
1162,1896
1797,5001
3796,1845
268,1735
3018,1734
3107,2772
1133,4955
1449,2800
3446,4797
3735,2866
2613,4947
4725,4250
2307,2764
896,4751
4393,4911
3429,4678
3674,4931
3471,4961
4470,1842
4119,4742
2471,2774
3286,4896
2022,4900
2557,1831
2397,50
1251,1731
1267,1808
750,5074
2563,9
2971,4996
3826,3913
1384,2843
2901,2855
3849,4870
1812,1837
3156,4695
1158,4935
4556,2849
296,4951
1802,51
830,60
2019,4892
3981,4787
4470,4870
985,53
3993,2856
5049,3912
2294,4683
3413,1837
934,4790
554,34
2936,9
216,4958
2356,4759
3025,3912
3369,2767
4557,2798
4458,4953
3323,4969
1433,1835
4664,2855
4112,62
2091,4861
1613,3878
4717,4998
629,5065
1278,2783
4943,3884
845,4897
2676,4800
4922,1861
2210,3884
371,4887
1200,2803
2739,2795
3820,5019
4234,5002
3233,4749
2206,4904
2620,4878
4269,5064
3958,2781
2633,1861
528,115
2723,1735
2267,1731
1332,2811
2204,4728
2651,4768
147,1727
1775,4909
3943,2831
239,2809
574,1838
4049,84
4490,4978
1473,2856
2668,4753
4034,5016
4577,4267
746,66
1665,2818
2622,53
926,4910
1490,2841
20,2785
3375,4902
2168,2849
3645,4687
925,4890
3721,2848
1647,4778
3156,1835
3131,4902
2315,4781
4298,5000
1873,4998
2496,218
1050,4858
3800,4849
4394,3882
3532,2829
2632,2826
3507,4901
1286,34
2622,4676
1976,1728
375,7
3171,1816
3419,2794
1436,4737
3605,4266
3068,4800
4307,4818
640,2848
3471,2773
4156,4886
3495,5074
3428,2779
2274,4739
2550,4988
236,124
3439,4753
4030,2767
887,319
951,4266
302,4891
2545,2776
2030,1742
272,4729
104,3877
2033,1842
2979,4953
2665,84
5082,1857
3721,4916
4413,2856
1485,4772
2947,2772
2177,2788
4136,319
3456,3915
1278,4670
2517,4971
2323,4938
651,1808
3743,2853
1374,4680
552,4990
3348,7
1161,4688
3827,2764
2877,2821
3242,4994
3644,2845
1188,4763
3438,117
959,1844
4006,4819
2138,5016
1393,4956
3688,5004
1518,4677
1094,284
4590,7
2276,4753
186,4969
1128,5066
2596,2829
3930,1832
382,4793
820,2820
4334,8
1526,4766
1538,4819
4223,4903
3940,4677
89,4678
1025,1841
1396,4938
1292,5073
207,2803
208,2867
3905,4971
366,9
2320,5074
1567,117
193,4768
1096,46
3835,4855
1978,84
2672,2788
4152,4774
4457,2837
3776,4748
3025,2808
4328,4946
2169,4963
2260,4897
560,4861
4705,2820
3047,113
1190,1733
1310,4902
278,4995
1277,4988
4061,4935
2215,4248
4526,4684
4112,4992
2292,1737
4424,4679
375,4961
1134,4686
1100,4970
3823,1838
1622,3915
3674,2803
400,4748
4198,4932
3233,4248
1471,4934
1426,54
3966,4762
2230,4751
508,2772
263,4695
786,4992
3820,4782
2633,1729
167,4972
4335,2846
2650,5001
5057,2856
1545,4670
2965,4778
3335,4849
1149,4966
4796,4831
4589,1732
3138,1836
1981,1848
3945,1732
907,4910
1216,42
3763,4820
4331,4682
3024,2851
1301,3880
4844,4996
4421,4693
1702,4913
2514,1844
2056,2788
3817,4679
898,5020
1308,4747
361,47
258,2827
4574,4689
4435,4790
1969,4688
761,4675
1760,5020
215,34
4008,4734
2953,2845
1965,124
1234,2866
4974,116
3626,3880
2885,5002
3964,318
3285,117
3205,4779
658,4686
1287,4958
3443,4897
1059,1839
3947,4938
4509,4743
559,2839
2672,4675
1019,4882
524,1841
1864,5073
1936,4686
4497,4763
1051,1788
4488,1818
3574,319
251,4733
275,4902
295,4763
3128,4720
1819,3883
1864,4751
3535,49
2153,4992
2325,116
3422,4954
868,1862
4247,4849
814,1848
1929,113
649,2783
2339,4944
2305,4672
692,2779
987,2781
618,2820
467,4880
3103,115
3519,2862
4122,4860
3875,5075
725,4753
639,4991
2175,5002
2641,4691
3816,1729
2296,2832
3658,2796
3310,4792
3173,4884
4597,4677
562,9
4016,1838
4312,2847
618,4965
1056,2779
358,63
4536,2831
2314,4761
3270,2772
143,2825
3149,53
3049,4685
1212,145
1867,4894
850,2818
4305,1735
72,4747
844,2841
179,4894
3161,4753
1133,4954
3493,4877
4399,3615
1885,1740
386,4738
3639,4673
3380,4900
1206,4917
4517,4964
3661,4890
4604,4937
3891,1848
1075,2799
1006,2810
3214,15
3188,4937
1767,3877
3564,48
1632,40
2139,3913
2077,4955
2937,2832
1557,4751
2411,4676
936,1827
750,5075
2951,2860
4367,320
4289,4772
858,8
1030,56
1721,4962
3756,4253
2699,1836
841,4966
4015,4753
4503,4697
2905,2827
1955,4909
2722,4671
1539,4266
4942,4903
2436,4876
3087,4679
3987,4685
3482,16
3971,4743
2546,1726
4350,4786
2038,4248
4584,4961
400,285
2680,15
2538,4850
1939,4750
2197,2857
2376,2812
3960,320
3805,4720
1056,15
2602,5066
550,4929
4142,5063
359,4938
3734,2851
3311,2796
500,3884
3031,4848
3732,4940
1765,3879
32,3505
1914,1834
2428,4634
3501,4790
262,1831
2099,2867
4369,4267
98,2849
4164,16
722,1831
163,4787
505,2849
1000,3505
3812,4892
2455,1727
221,4990
2169,4249
1275,4755
596,4958
522,4953
2297,4940
2143,2808
2712,4940
22,4832
994,4753
1616,1841
4758,5016
3362,2825
636,4747
4318,4995
2954,4815
2119,1808
4063,4931
1923,4890
533,2860
2255,2800
837,2846
3631,3884
2475,4913
2442,2795
978,4876
1929,2858
2126,2843
4518,54
903,4956
2530,2811
717,53
2086,4969
4483,4889
2432,4672
2289,2844
1603,4877
4048,4897
3483,2858
5044,4880
2136,4937
4025,2832
2107,4729
1056,4902
2895,40
2672,4890
1488,3886
3869,2864
991,4998
2277,5002
3992,4742
3003,1839
2002,4634
3140,4919
2130,4956
461,4872
1419,5070
3422,4882
3511,16
4051,2867
3029,4993
2154,4998
1887,4913
4716,133
4173,4785
704,1862
1449,4676
2341,2811
3065,5077
3344,5074
4193,4856
2413,4920
3335,4748
1810,15
3837,4820
4726,3505
586,2829
1572,2862
818,69
2266,1730
2478,4876
4136,5000
1285,4828
4433,4763
4144,4690
4320,60
140,40
2182,5075
3764,1817
3673,1860
1261,4888
1411,4926
141,2790
4415,4972
3715,4732
4974,4654
2897,1818
317,4265
1374,4971
2819,4735
4154,145
291,283
3203,4741
3730,1846
3501,5069
3629,2840
3484,4669
2664,4992
1900,3878
3148,4947
1624,2788
3591,4819
1251,2790
838,2838
4149,1831
634,2796
632,5001
2070,2776
782,4766
3128,38
3633,3915
2300,2767
2151,4991
3083,4883
4259,4941
4263,4781
4176,2784
1380,4694
196,2823
1220,4882
85,4968
3227,4689
1708,4676
2678,4872
1484,4683
1367,1857
123,1846
1424,4971
1540,4681
3135,2798
3140,4996
4045,2790
4649,4957
3289,4727
2394,1742
98,4953
4018,1896
1782,1857
3209,2779
2222,4766
2068,21
1316,1861
964,4720
825,4891
1592,1836
3278,3
2461,4762
3609,4886
4226,4858
1825,2818
2637,3886
2315,2825
2651,5069
3044,1840
1472,69
1967,40
4363,116
316,4856
4313,5066
2999,1732
152,1841
1971,218
3397,5070
27,2823
4463,60
2632,4253
1980,4684
3195,4855
2393,80
1168,2832
3073,4793
3273,4929
3772,4266
4423,2847
886,4907
3793,4718
5032,4986
4642,49
2331,55
2328,4935
3364,4635
3940,4730
551,2803
826,5069
3161,4694
2925,4940
3776,4730
2206,3883
3606,4850
2311,1788
996,52
4232,5018
4663,4954
3199,4729
4616,1788
85,4876
3740,4678
372,2776
3971,4778
797,4799
483,4673
1977,4793
1136,4673
1268,5001
2161,2764
2740,4955
4537,4939
122,61
3987,4878
4649,5066
1350,4855
832,4635
1615,3615
3585,4776
1352,4966
4639,4774
4437,4986
3789,4772
2689,4763
626,1838
1130,2822
4000,3505
2234,3880
3522,4972
2348,4747
2637,62
4080,4878
4485,1832
4112,2796
574,4788
339,4760
675,4882
4999,4831
3381,48
5035,1843
3203,1857
476,4937
1225,9
779,2781
4361,145
1009,2862
700,4696
960,4789
886,4919
2372,4754
2305,2856
3251,4995
2424,4876
3555,80
2010,4685
3635,1844
2600,4932
4305,3877
770,4669
2388,1827
1756,4828
1539,4990
563,4773
512,5073
4129,1896
2533,4675
398,3877
4246,3884
1420,2790
1826,56
3006,4952
2626,4772
3235,4930
3790,3505
3276,2831
335,4695
1431,1727
3501,2798
4484,4996
4493,58
1442,1748
378,2825
1194,4729
4646,64
2933,5065
2109,4683
1859,4969
3758,1818
155,4958
3167,4963
2430,4690
5043,84
1489,5000
742,2781
280,4892
4288,115
531,4760
3484,2786
299,2808
2676,68
4402,4926
1956,4768
4653,4738
1854,4750
5076,4930
3353,6
480,4818
3948,2821
3518,2832
2509,2856
108,4683
2243,16
2288,4788
3320,4855
2128,4728
177,4953
719,4858
173,4993
855,4913
682,4684
989,4672
242,5063
3401,4752
2249,1808
1279,4930
4155,2813
2731,4685
861,2826
4283,4780
3454,1847
2637,4730
1123,4968
1974,1732
1611,4818
602,4850
4495,2772
5060,4882
423,5069
827,1740
4827,145
4895,4916
3694,4695
3039,1
1676,1896
127,2855
4419,131
3653,2821
2268,4784
2344,4747
1526,4784
2481,2817
801,4906
4373,2823
4711,4765
4231,4669
2487,4888
1349,4965
3005,115
1298,4773
3524,4940
4530,4937
2215,1846
2519,4679
1077,1844
735,5064
19,4732
1277,2856
1474,4776
3770,2787
807,7
859,4743
3670,5000
1711,4978
4384,4989
3905,4696
1695,285
3056,4907
2003,2835
3359,1831
1738,1840
3848,320
2502,1728
830,4790
4044,4997
3997,2765
2583,4737
3887,4681
5084,4689
233,4962
1399,124
3887,4670
949,4956
3962,4733
234,3884
3288,4911
3422,4883
2418,2773
3862,67
880,4753
2432,47
155,4696
1379,65
1455,1856
1066,4690
4199,1732
2489,4731
3270,4781
4933,131
202,3912
3106,1734
946,1827
4216,15
2261,4739
4011,4769
804,4953
2563,4265
1601,5066
3662,2658
4539,285
4293,2794
557,1848
2272,2767
3867,2767
2137,1843
1573,2808
846,4934
1536,4774
1793,2856
4297,4971
4109,4993
2281,2848
4006,4678
3256,4892
653,4878
4715,4759
139,65
1308,4769
4724,4772
3425,4884
2657,4738
1580,4674
1824,4687
2918,4902
1550,4773
3148,4940
661,61
1433,12
857,4781
3499,4858
4231,4752
1600,3914
10,65
3575,4972
2005,4849
408,4992
3164,4793
3066,4748
5026,4996
1195,2858
3822,63
515,4781
780,2840
184,1827
536,56
3791,4904
1208,4727
1146,1831
1539,1850
2514,5069
2480,4746
2834,4921
2938,5064
2632,2856
1637,320
1811,4778
436,2820
4531,1833
299,3880
2442,4781
3563,64
1437,1
4975,1735
3190,2781
142,41
3518,2796
1229,4855
4238,319
2109,4723
2683,4946
3042,4815
1923,2864
3676,4966
4010,2783
3607,5075
3862,4884
1164,1728
1523,4753
3637,4989
3175,4882
4205,2822
651,4763
1351,5066
3319,2790
2568,2779
3301,4936
3592,2818
4188,4971
3202,4818
4525,2832
1450,4847
1891,4831
1325,4253
2182,4909
2650,4870
3030,4970
798,4856
3975,4930
3163,320
2361,4926
4576,2671
4041,4879
3893,4918
510,4789
2089,1847
1594,4930
454,4856
3331,3505
371,4734
3220,4752
167,2825
480,4951
390,284
5054,2818
4511,5073
28,2788
200,1857
2383,1856
677,2862
4207,4691
486,4911
3904,4738
2086,4677
2545,4754
1692,4690
2516,2774
3319,54
1760,4877
4189,5077
3218,61
670,16
420,4931
108,2795
3182,4969
4838,2825
718,4915
3554,2824
3868,54
4025,4761
354,3914
1113,4762
197,1896
2383,4785
4604,4613
3701,4768
2248,4897
4563,2855
250,4919
2108,5020
697,4921
3784,4991
184,4964
4302,1836
956,2862
676,4766
4925,3878
1955,4992
3241,5000
3344,55
1925,4920
4306,4253
1069,4775
39,2856
771,1732
1904,4679
4363,1834
2232,4723
93,4883
1631,4877
4636,4801
4429,4733
1683,64
1511,4995
2879,285
4352,4832
234,1842
4602,2853
3310,4815
29,4248
4064,34
203,4678
2000,1862
3312,2795
233,1838
5080,2844
3677,1834
3389,4917
1240,15
3216,4800
2957,2813
2404,4888
4064,5065
3237,4961
2038,65
2278,2865
4045,5002
1796,4862
4123,2774
861,2853
769,4792
3758,2864
2727,12
4648,3915
2815,2798
2915,1844
4313,2809
2724,4891
454,4727
1504,4682
665,80
3071,4669
329,4847
4851,58
4152,2768
3843,4991
695,1856
784,4890
1344,4797
2227,52
1969,2854
3793,4681
31,4964
1280,4910
4474,1846
449,2867
2116,4760
4172,4989
727,4908
4152,4849
4224,4878
1242,4963
3477,4968
1411,2782
1767,4912
2612,4818
962,4878
755,1729
266,4969
1036,2856
2082,4858
824,4947
247,113
1162,4774
1950,3915
3828,4746
498,2813
2304,4831
355,48
1271,5063
4571,4916
3981,4784
4124,4995
2211,53
858,1832
753,54
1424,4788
3759,4718
2936,2784
1703,67
3542,4953
918,4249
2747,52
3126,4248
2334,4885
4484,1831
1095,4870
3963,2860
234,4729
3651,3615
2148,4886
4601,4916
2163,42
4407,4909
4173,4747
2571,4776
1644,4903
2191,1726
383,58
2336,4780
151,1748
1317,4878
1960,4787
4117,4932
981,4776
2912,2814
634,1840
3289,4936
4509,2843
2013,4690
3729,4672
141,2671
1264,66
521,4681
4273,4884
646,2772
1149,4908
3942,4731
2893,4734
4161,4907
4045,1834
4605,15
5025,4994
1852,1842
4516,4264
2507,4669
699,4679
4496,2816
3233,4723
4899,4870
1132,4784
3947,2765
3228,4914
3599,4909
3921,6
1088,4885
1031,4917
1443,1728
509,52
956,3881
2626,52
3157,2824
2014,4797
2086,4771
865,4937
2040,4855
437,4816
2737,4986
4851,2858
1011,2827
5036,4820
1542,4775
2161,1728
2852,2833
4500,1729
5026,4961
3125,4936
156,4692
2674,4915
4557,4936
291,4688
1671,4747
1945,61
2107,1851
1746,1740
4821,2848
641,4781
2327,1846
144,2786
3485,4789
2715,4781
3028,4764
3008,9
3075,4880
1777,4858
2292,2788
4480,2799
750,69
2332,2826
1034,70
234,4249
1582,4763
1227,2839
718,4762
3038,4972
4707,2860
260,4753
2477,3877
393,4887
2967,4986
4596,4872
75,4754
2904,5002
3400,4879
3542,2782
246,4990
1251,1839
1333,4692
1100,4929
2900,1731
4488,4790
1459,1850
3487,116
196,2785
4368,1740
2386,4951
2905,4932
673,4250
2364,4962
1956,4692
1179,2813
3681,117
304,2857
561,4830
1379,318
3721,5002
3082,5016
4594,4774
4161,4998
415,1844
4661,5073
2330,4944
3121,1839
1187,4815
105,4987
605,4882
1210,4788
4101,3878
2128,4739
4274,4718
4297,4970
2441,3882
1297,4824
4421,1845
2914,4997
1316,11
815,4248
4364,1735
3494,318
4207,2813
3033,4929
3144,1733
1667,1733
576,4832
3473,3882
3255,4267
3550,4989
1258,1844
2531,4902
2172,3885
3484,6
1721,4828
1681,1842
503,4883
2569,4878
3709,5074
939,4732
3812,1838
3828,2785
3660,62
4362,4768
934,4913
4110,4694
402,2658
3151,2846
2966,4730
3247,4831
3985,4674
1471,3
1428,3886
697,4892
4090,4761
2881,4799
930,2823
4578,9
1186,4681
4507,15
1998,5016
676,4987
5042,2788
3137,5073
1159,4787
2887,2865
1756,4954
2096,1836
519,4769
4346,4951
3788,4634
2425,4677
2636,4914
4095,4991
273,2835
4355,4697
4303,124
4036,1847
4426,4782
4652,4720
3405,4947
4942,4782
3458,1733
3007,4685
2428,2817
1364,4678
1502,1849
1853,4965
2992,1842
4006,2781
578,4690
4114,4901
328,4669
3824,2765
2702,4968
1724,4965
929,4696
2258,1846
4356,5001
2124,4820
2878,4820
135,4786
350,2813
773,3924
1322,4951
2123,2841
4721,2820
1774,4266
2204,2814
4290,2783
1617,4765
3907,4916
4068,3886
3724,2854
2607,4828
3009,4773
2408,2857
4240,2799
2724,4693
2647,1851
4384,1827
1012,1860
4119,5016
2392,9
2167,4926
3985,4979
5029,3877
1233,1834
171,61
584,2814
2893,2812
4715,4897
2262,3878
1219,4752
1096,4742
3057,2855
4025,4760
1608,4672
4152,4677
4811,4918
2546,2812
1504,3882
3844,56
3606,2847
1038,4683
1134,5020
3762,4824
4124,4873
4517,13
1580,5
755,4683
2592,2837
4117,4828
1814,2789
3628,1816
3659,4954
1001,3915
1699,4723
5045,4997
2869,4679
2585,4892
2806,2846
2467,2796
2736,4735
1569,4759
1470,4878
1419,2812
4032,4780
2543,2817
508,2811
3648,4732
4283,4919
2371,13
3944,2774
2357,34
2257,4926
2575,4779
2631,3924
895,11
4408,4775
1317,4683
4162,2782
3862,1733
1490,4944
2983,16
3780,54
2792,2823
4179,1837
4869,4855
415,4992
3976,4752
4521,4889
2530,5075
441,4894
4758,4753
3277,4996
1559,4936
1961,4681
952,2799
2237,2795
1421,1831
3432,4754
688,5069
4699,320
164,4777
2410,1860
1349,2865
1554,4750
249,2854
1954,4673
4403,2840
3932,2818
2354,4912
1889,4776
4444,5077
2328,4918
4270,4884
2496,4732
3263,284
3983,2843
2496,2816
3812,2767
1237,1862
4445,4782
4125,2820
4357,4828
97,5077
22,2808
1231,4769
532,4797
2478,70
3969,4892
2332,2855
3316,2839
906,318
753,4787
2180,4679
982,13
1243,1732
2968,4994
4985,4961
1883,11
2713,4801
1558,4249
2338,4915
3334,4829
924,61
111,4675
3948,4902
3788,5075
3275,4919
3212,132
3680,2832
833,1833
2353,283
2255,4944
3904,124
3253,4249
2888,4920
3253,1857
1256,1835
491,3881
4160,5063
3270,4916
246,4669
4463,4688
1304,4692
797,1788
2,4774
3955,2844
2221,4930
1274,4634
1074,4930
3549,4831
2115,1835
2585,4634
4407,4850
3048,131
2106,4782
4343,2800
4285,2867
2456,4892
703,4944
1967,2849
691,4847
2160,4687
1451,4882
4040,4847
354,4730
2777,4848
748,3878
2759,2809
4024,4963
4006,4696
2002,2847
3647,4958
1909,4856
3921,5
3005,4855
4033,1788
4846,284
4166,4993
1128,2837
1064,4958
1371,4938
3036,4751
3024,4730
2470,5016
3178,4887
598,4793
5027,4789
1531,4849
3776,4772
3501,3913
1257,5
2290,4990
2590,1860
3299,2798
2372,4901
2596,4997
545,114
791,2849
1169,4784
3831,4824
654,4872
515,3886
2353,2825
1209,68
3935,4782
2734,1857
3513,1838
1639,4735
4397,4904
431,3879
2273,5063
217,131
3482,115
2629,2782
1496,2779
3542,4986
3751,4249
3565,4998
2506,2774
1234,4926
2941,2789
828,4755
3824,4914
258,4785
4112,4678
3011,4751
2287,1839
1285,1834
2062,4784
3571,4966
3483,4857
1249,4251
1086,4918
3619,4789
4942,1818
775,2865
1541,4801
657,4749
129,4917
2735,5069
174,2800
3068,3883
1658,1856
3875,52
2610,4777
439,4737
2352,4793
3035,4675
2666,2857
4222,1734
3590,4965
3187,2865
429,4635
446,4747
2545,2840
624,4917
4539,4900
4344,4887
74,4993
4577,2826
3177,4888
4206,2786
3353,2824
2149,4791
2279,4803
1182,2849
209,4965
170,1732
2306,2825
827,2837
4485,5004
3777,3505
4139,320
1612,2866
3618,67
4351,4248
3848,4849
3629,2837
4326,4997
826,4818
2316,2837
1662,4751
1573,4741
4629,4693
2881,1849
636,4778
180,3915
1430,4965
580,45
4098,2658
3745,61
675,4763
3333,4733
477,4872
434,4742
494,1818
4107,4718
2920,4774
2595,4613
2691,4930
3252,1849
3336,3884
1564,4944
4521,2856
2273,4752
3109,1740
2670,2790
1920,4913
915,15
2520,4888
1189,4800
3678,318
4310,4917
904,4675
3577,113
753,3883
4496,285
1204,318
1812,61
3559,4734
1699,5065
890,4996
166,1861
3628,1845
4985,5002
821,2767
996,4819
4351,4900
3172,4941
3653,4815
2324,4732
5041,4921
976,4783
3017,4780
3118,1846
1284,1728
1312,53
3919,116
242,4824
2098,2853
2552,4784
4426,4783
73,1725
1237,2857
1103,3879
1787,1726
1193,3615
457,4819
4329,4889
3592,2820
3339,49
3535,1857
163,4718
1118,58
3450,1818
2448,4765
1033,2844
4948,4800
540,4635
777,4991
2589,69
1482,4681
3532,5000
2603,4848
809,4654
2719,4819
135,4781
1430,48
874,4761
2309,3886
4471,2798
2941,1731
2715,4904
3793,2862
3380,4654
4305,68
4222,4743
255,3879
2288,2856
4479,4824
3893,80
1250,4613
853,1735
1343,4892
3068,2821
2974,4801
4428,21
3765,4995
3964,4994
1491,4738
3012,2764
1475,133
228,4690
1611,4265
2908,4776
1504,3883
3201,2813
3457,4671
2135,4697
2993,2840
820,4828
1411,2835
4204,48
564,113
530,4889
1290,4818
1700,2810
3525,4783
1698,2671
1020,4250
2144,1833
3839,67
2753,4962
4217,4861
947,9
520,4749
487,1856
4402,4889
4276,2818
3326,2825
3526,1855
5043,283
3523,2846
4304,4956
1597,4779
192,38
555,4801
931,2857
3630,21
1626,4944
3795,4862
2746,4857
3320,4830
2413,4972
2556,1860
3755,1860
241,4668
3779,2838
704,4696
83,4964
713,5073
3824,4696
4199,4968
4627,4907
3761,68
1611,5069
1374,45
4632,4680
2750,2767
3194,4896
3120,4995
4460,1836
1451,4905
1454,4684
2917,283
1885,2812
4479,2781
373,4885
2223,4962
3428,1733
4629,3
4404,4978
864,3
704,2856
300,15
4301,4731
3779,4735
1689,4891
2636,2814
4623,4883
2241,4926
2168,2826
1174,320
4637,4723
3268,4786
4207,318
3610,2658
761,2848
1652,4969
3731,54
390,1850
2424,4990
317,4754
4343,63
2682,58
2357,2658
3014,21
404,4829
1805,4689
5027,4969
1968,46
1786,3885
1797,4680
1430,4862
861,4891
3822,5066
4038,4743
3525,1848
1676,4689
1983,4695
2499,2822
3542,4733
19,4931
3508,4613
4229,1728
4214,42
3305,1734
3970,4955
400,1831
625,1732
341,4755
5068,1729
2565,2800
992,4916
650,4998
404,2814
391,4787
1929,4728
2941,2671
3434,4668
2460,2854
3030,4820
1951,3883
1191,4801
2403,2825
1673,11
1739,4917
910,4803
1056,3
2019,4686
2323,284
358,1735
3971,4918
2267,4850
1723,4889
2009,12
2727,4978
4070,4803
3031,84
3862,4668
2465,4779
3940,2823
3561,4962
990,1730
3676,2825
3151,3913
1001,2803
498,4267
722,1827
3642,84
1228,3885
2641,4957
362,2790
2759,2808
1773,3878
4064,4934
2279,4830
835,4828
2589,13
1064,4754
3649,4860
3874,2831
216,2827
3907,4817
1588,4752
1196,1742
4057,2840
1070,1831
2211,3880
3894,4932
27,4997
1201,49
4948,4941
5061,4987
2977,2826
3546,4880
4208,4780
3900,4728
649,1728
4522,4734
1004,4737
1760,1850
200,3885
2564,145
2424,5018
3208,53
1493,4675
2470,4731
2527,4734
737,4800
1272,4939
911,2853
4604,4824
2557,1734
2722,4989
1682,4941
505,4671
31,2798
1078,133
5032,3881
4665,4877
5068,4747
293,283
4835,4752
972,80
2429,4900
2008,4253
18,34
5014,4752
3043,2773
681,4779
3175,4613
3402,4672
39,2845
2356,4720
1912,3913
3040,4737
3654,4797
4078,4889
506,4680
1209,5069
1874,2813
1390,5004
4615,2794
931,2832
1977,3880
3445,1740
1616,4720
2992,42
4311,1727
4416,4921
185,4915
3565,4775
215,4742
823,4888
2623,4746
223,4668
2777,2845
2266,1742
4053,4904
2997,41
472,1816
3270,4674
702,2846
2478,4995
5013,1838
842,4997
1996,3924
1300,1827
920,5063
2077,3924
1534,4971
1637,2798
1302,3881
235,4951
293,4832
1444,66
1258,4969
2352,2764
333,1847
3105,2774
653,1816
1225,117
1992,1846
3613,1834
2974,5064
619,4986
1601,3882
553,4677
2264,4915
3518,1
3980,1838
912,4265
5040,4968
2011,2832
1112,4675
4421,4911
4258,4909
232,4892
1794,4674
2652,4877
1569,3882
4620,4803
3650,3879
1444,3882
1012,4748
2971,4788
4440,4903
1811,5073
3426,4939
2836,4267
4976,1845
3640,5004
5083,4776
1171,1847
147,11
802,4730
2023,1731
2419,4989
3573,4906
2373,1728
2402,4760
952,9
4834,5065
3557,2790
3991,1835
2069,4828
3538,4901
2881,4654
4740,49
4055,4872
3931,4870
1703,3879
2226,1742
3910,1849
180,4815
4215,4856
3145,4718
251,4786
108,4953
970,4783
4515,1896
4286,2765
4004,64
3548,68
1626,4989
261,2829
3276,4979
1886,4988
3026,1729
2385,2767
5082,1838
293,5073
4758,113
1787,4883
4644,4816
4096,4747
2453,2854
1303,4775
3009,4991
760,4787
1499,4751
574,4764
2598,4879
4469,4819
221,4913
966,2866
689,4746
5036,4728
626,3879
2086,4766
1600,4780
4519,2847
4521,4718
485,113
1480,4937
2047,318
1589,5075
4438,4771
118,4793
1929,2837
1357,4783
865,4689
1894,54
3502,3924
3869,4783
1236,4791
542,2817
3669,218
408,4797
796,4829
445,2786
1859,4691
4798,5
4210,2851
1580,2779
3731,4957
3831,1835
3398,4746
3063,4902
2095,4720
3264,66
267,4932
2990,1808
3758,4990
1406,3880
5054,1896
4074,1742
1744,4847
4726,4797
586,4861
2192,1816
2929,2811
3987,4882
3128,4947
2277,2827
1981,4736
1565,4929
2760,2803
578,4963
1251,4876
4182,4952
3197,4680
833,4951
818,2786
4060,34
1687,4878
3221,2860
975,4613
2667,5074
2148,2846
1511,4962
4640,4783
2861,4654
3920,3912
4101,4635
2564,4824
358,2764
3159,4818
695,1727
1821,4736
3656,4916
1184,4683
4274,2803
2260,3881
678,4901
181,4947
4409,16
3591,3886
591,4888
4495,4921
671,4723
4523,2844
3441,67
3968,4970
3934,2846
1494,3883
3075,4635
3570,2764
420,4883
3062,4748
2573,4751
10,4780
2664,2847
4392,4680
2859,4718
4333,115
2647,4743
745,4634
3752,2851
1200,42
1707,4776
2073,4870
3939,11
4959,4920
4637,1816
1139,4727
1660,4914
3360,2767
3737,4818
676,4910
1514,3924
1474,218
1586,4771
1699,4992
3293,4884
3046,116
108,4882
1924,4972
3465,4958
3463,4799
5079,4891
5046,4789
3241,4986
153,2858
1745,4774
3499,2847
2756,4688
2277,4723
2738,2867
551,4779
228,1857
3478,1827
2797,2860
1710,2866
2021,4696
3202,4761
4538,4877
485,4759
5081,1737
2248,2841
1166,4819
139,4994
3690,1843
1079,4674
3362,42
507,4880
2895,4774
2014,62
3854,1847
4269,1845
639,4732
2603,4778
3353,2866
799,1817
1633,3915
1109,4786
1348,1742
1665,2820
316,4994
3050,4955
4422,4951
1123,1734
1543,3880
4418,4733
1383,4885
3518,1833
4615,4749
24,69
2327,1730
3437,1831
3471,5074
2910,133
3194,2796
1940,4880
4102,4979
3271,116
1287,4876
2454,1818
4381,2773
1760,4775
1803,2785
1213,4248
1546,4801
3412,4613
137,2808
1125,1832
813,2838
2380,4941
3723,3615
3930,4829
3446,4908
884,4737
5071,1727
4466,2837
1153,2782
2943,5074
1099,4738
1203,1848
4575,1846
654,1728
1988,2847
4230,2799
966,4878
3157,4782
309,4686
4084,2808
4706,4862
3833,4748
1582,4954
2998,70
2636,4847
2580,4919
1350,1734
4796,42
4814,2855
2666,4953
1900,4965
576,133
1960,4754
1913,4963
4437,4941
1023,11
2500,4937
4805,69
4161,5019
3746,4993
4412,1845
1092,1727
1813,4748
2655,4672
4446,2776
3687,4829
4416,4727
3956,218
4058,4878
4467,51
3652,51
1058,4991
480,4926
4256,2851
4067,4728
3851,4743
2214,4775
2698,4900
1373,84
4183,4861
3032,4911
437,1896
1370,4831
4841,60
4318,5073
1642,4790
1755,2844
4396,1730
3873,117
330,3915
481,4818
5025,7
4401,1837
427,2832
4151,2789
1876,1846
637,4691
28,4861
4051,4763
2715,4746
1452,4913
3233,2845
4411,4765
623,4918
2899,4678
5013,4264
902,2773
474,4958
2307,4873
584,2866
549,2816
2217,4747
1173,1734
3814,1836
3831,1862
4640,2779
2667,11
326,4966
2471,4251
4100,145
426,4972
2154,4786
3862,5070
979,4783
4061,4929
3578,4998
295,4674
1567,2856
3382,4791
1026,3914
1389,38
4826,4671
1296,2837
3342,2816
4237,4914
3760,4818
3459,2840
2063,2839
3438,3877
1013,4731
1190,40
2370,4904
5062,4902
898,1896
2836,4961
4096,4718
2356,4971
3081,4970
720,3505
2521,4829
4188,4886
1653,4784
1524,4879
739,4849
5023,4799
3908,42
3321,2788
3120,4968
4653,6
3054,4718
1793,1729
1049,4873
855,1808
3403,4799
5026,11
4745,4732
2198,2853
2322,2813
1657,117
4559,1861
3649,4692
256,50
1245,4694
560,64
3156,4998
1711,1818
313,48
4711,4769
153,4684
2170,3912
3791,4872
340,4819
4205,84
4650,3615
749,4890
3192,2820
624,2844
3129,2848
2894,1844
4479,4894
2726,5018
396,4675
3678,4675
1148,1846
932,2864
3501,3505
3836,4687
4492,4791
1530,3878
962,4731
3093,4723
1655,1817
3696,70
659,4681
5041,5066
4550,2817
426,4819
4026,4671
3143,2846
4933,4829
2575,2810
4436,4955
4922,2831
1004,40
3419,4762
3781,2800
1308,16
1324,4998
4626,4954
151,1740
3280,4691
4709,4738
664,4937
3306,4926
2481,3878
2024,2849
1680,3881
1778,2800
5037,4689
1399,4832
1347,4957
2388,4815
1261,4938
3406,4669
3023,2779
1939,1833
898,4777
1524,4963
959,2803
2731,60
2119,4926
2058,1838
949,2854
2093,4820
2289,1840
4581,4791
3592,2799
4866,5018
2634,4997
585,4763
1252,3881
1087,4965
2594,4938
2942,2795
3746,67
965,4800
4500,4723
4093,4965
4041,4762
1952,2837
3677,2866
3793,4668
1115,4696
556,218
4255,2820
179,4964
1177,34
2761,4728
1910,4803
2462,1836
420,4892
3921,3913
269,1848
97,4729
556,2764
2307,1
1941,4936
2558,4913
1656,4749
3195,4965
1210,13
1196,40
214,4916
508,4689
793,4728
3275,2825
2027,4675
1663,4847
4209,4693
4625,1847
219,1748
2667,66
4959,1861
841,4968
3122,4634
4424,4775
1994,4919
777,1733
3934,45
1881,4900
427,5064
2356,4766
901,1816
1568,2855
125,4267
4017,4760
3015,3882
4346,5002
4540,1843
251,4989
425,2764
1499,4253
530,4746
435,4947
4807,4972
3849,1827
1738,3878
1916,4969
4477,4736
1156,145
1180,15
241,4685
4661,4903
2518,2784
3543,4818
1402,4690
5030,2821
3948,2818
2490,1845
556,3924
4300,4878
2624,4686
174,7
3909,4941
3214,4877
3004,1838
1787,133
3535,4878
682,4681
1520,2796
4387,2831
3311,4919
528,4900
1436,2858
501,1737
3809,4906
1711,5
4948,4858
1201,4797
2337,4785
1678,2765
2539,4791
921,45
1514,4988
299,4877
1690,5002
1604,2840
3384,11
1590,4791
3674,116
2537,4788
623,4671
4044,38
307,2821
3664,66
2487,4887
221,4747
73,2803
733,2831
2121,4870
3985,1732
1651,4916
2631,2816
1458,2796
2431,50
2476,4251
2282,4883
1823,4947
4601,4760
1246,1833
3655,51
933,2772
4566,1842
1703,4912
4433,2774
478,4678
3326,4902
4220,3505
1859,3
2191,4738
3150,4613
205,1742
2057,3886
1657,4792
4345,3615
3731,4613
4756,2813
261,4953
4865,4774
1682,4860
3374,64
4571,4741
4358,3505
3656,2853
286,2776
2108,4774
2588,4856
1533,2781
1874,2811
1934,1896
1886,4998
1081,2814
4132,2824
719,4916
353,4731
1108,1737
3853,4765
4377,4820
4501,2854
699,1728
1137,4787
3058,4940
135,2808
856,4749
387,2835
2006,2856
4465,4695
925,4787
1245,4926
1853,4671
1446,2846
2947,2824
1330,1840
4164,2773
4154,4688
1805,117
416,4828
734,3883
416,4683
3186,124
3274,2848
2984,1734
2815,4860
766,4684
1607,1827
2901,15
2161,4755
2253,4792
4641,4685
4382,4873
508,3
1755,4688
801,5065
3975,2844
3244,3882
4616,1817
2031,1740
1382,4900
597,4783
4827,4951
1207,4778
5078,13
1106,4890
2590,4907
494,4876
2184,2823
875,4946
1926,4686
79,4887
1312,4761
3998,1737
3552,5074
1950,40
1519,4682
767,5073
270,4909
3995,69
3010,2789
211,4779
2563,4654
3373,4962
1547,4965
1138,5
2459,4850
1578,4750
1689,2824
706,1861
3252,2832
4079,4780
2883,1731
608,5070
1095,1862
2639,4958
3309,4998
5051,4904
3008,4727
3140,4768
3738,50
1149,2865
1251,45
1661,4727
1108,4969
177,1740
2608,1748
1204,4773
907,4729
1875,2856
4838,5001
1431,4735
2889,2837
1496,4763
549,145
3021,1808
18,2823
272,4986
3385,1857
367,4883
1992,2779
738,4997
4516,4253
957,2865
3116,4751
4598,4940
4580,4815
190,4828
2645,1734
3638,4766
2872,4850
3713,1837
4442,3883
3502,2781
3384,84
4020,4729
4165,2822
4624,4693
1975,15
4438,4769
1590,4991
1262,4828
4449,4739
869,42
767,3879
1089,4919
1497,5069
505,4763
2945,2823
1607,4962
3622,4686
906,4831
3644,4671
3807,46
2596,1860
348,4969
342,132
3254,4265
365,3913
1029,4797
2705,5020
4015,34
4100,4687
260,46
3517,4934
4099,54
1043,6
2485,4938
491,4654
2780,45
719,5070
4366,4727
4131,3886
1289,283
3727,3885
2588,4951
4585,4855
1545,42
3343,2813
3671,3884
4417,2813
1670,4891
1543,2824
5068,3912
2392,5020
2461,2860
3151,285
916,2864
4369,1896
4923,65
2187,4613
330,1808
3441,4737
3139,2814
3624,2858
2455,1827
932,4953
3357,4696
2352,2823
273,4777
2469,4688
3385,63
829,4692
998,3914
2496,4946
4097,4687
4211,4697
3019,4961
757,1733
1100,2781
670,1732
582,2764
1776,1843
3894,4991
3144,4741
210,4832
1826,2867
2111,3880
4382,4918
4328,1725
3947,1851
4462,4789
3765,70
3518,1843
1196,4674
1560,1842
1301,64
1790,54
4172,1861
756,2820
671,4896
4553,4697
4645,2818
932,2784
1518,5073
3161,4901
3114,4786
2511,6
107,4788
4638,4784
2762,64
1129,4908
3507,4990
3530,4738
466,4941
2324,4962
2537,1832
3649,2765
240,4829
4593,3915
3359,4954
2550,4686
4203,4832
3413,1860
1493,4991
3114,3615
4220,2865
2995,5075
769,2768
3268,2820
4982,4762
4013,4901
142,4690
3127,1731
3407,2827
4552,2867
941,2866
122,4752
1170,4904
103,4855
1579,69
1905,2794
3468,4896
3762,1841
3022,2822
1230,2811
807,2846
1034,4673
2256,4788
738,4856
2114,4878
1479,1832
2940,4915
2476,2773
2797,4694
2745,4939
2221,1730
3598,4613
2221,4815
2239,4762
4805,1843
557,1725
898,4635
4866,2865
2927,145
1041,5064
1765,1733
2739,2803
3497,4930
440,3505
173,4765
3221,4747
921,131
2004,4793
2928,1855
423,4986
209,4989
3575,1835
1784,1840
2449,4911
4033,4803
4570,116
2975,4890
3404,4792
2089,1725
1495,4931
3182,5064
4252,319
4851,4850
2457,1842
3113,1731
4536,4674
1171,4695
4605,5064
4834,4830
3090,68
936,2783
4396,5016
3947,4986
879,1838
1794,4878
3905,4769
1208,4799
2938,1842
3671,4691
982,45
3062,2767
3985,2846
4095,1851
328,2814
785,4771
586,5070
4052,4678
4981,4799
3776,3913
1865,2840
4293,4930
104,4921
4571,4887
2341,2865
4426,13
2174,66
1345,4817
3545,3885
4355,5075
1136,4751
5006,1838
1373,4782
3668,4966
1990,2835
3568,4266
1170,4876
309,4861
2196,70
1104,4998
1234,5069
3235,4768
816,4739
4028,4956
2385,2784
2965,4766
3172,4634
4139,4855
497,4951
2700,4688
86,1788
2983,4878
875,2782
3865,2822
2187,4860
3187,4824
1458,63
436,4997
548,11
321,2658
2717,2844
3784,2849
4839,4870
471,4765
4712,4267
1641,5065
919,4777
2166,4979
1153,1896
942,4783
5047,4736
2939,2821
3942,4986
809,4679
221,4955
1566,4251
1070,5066
1400,2844
892,4777
1140,3883
416,4684
2931,2818
3807,1837
3234,4931
545,3913
1038,2784
3528,4732
2341,1818
2406,4689
2345,3879
746,4761
2103,4672
2380,4670
1546,4993
4401,4912
787,5063
292,1847
261,1856
4242,11
2207,1856
3165,1840
3730,4736
2136,4797
4299,4766
1802,145
3996,4732
3077,2835
2011,13
1646,1740
2035,131
1769,1727
1234,1842
1001,4248
949,5016
4159,4668
490,2814
2899,4774
1320,4755
2011,1835
853,69
4460,4681
5011,4267
1566,1735
4865,4737
3165,40
2489,4799
1902,51
1034,4903
1696,4760
2899,4996
1369,4935
5046,4723
2145,1733
2392,4963
2828,2788
561,4994
4406,1729
4489,4979
2389,3886
2499,4770
467,4988
2961,5001
547,4672
2186,16
3430,4958
3091,2799
3366,4987
3325,132
917,2823
2252,5064
3367,2767
2906,5018
3083,40
1080,4955
4101,4755
254,4689
937,4939
3851,47
3220,4911
4899,2779
3743,2817
2149,4934
338,4772
1335,4995
3632,45
689,4751
3428,64
4837,4880
4292,1843
1211,4878
2905,133
3022,4996
3133,2857
4343,4904
1247,2853
534,4912
1895,4729
2777,5070
2873,4879
4077,318
2565,4801
2646,124
1906,3882
2022,4676
4490,4997
1184,2772
3812,2768
3337,4906
1794,2841
4348,4896
3033,4674
1581,1727
1651,4990
2554,1838
2634,318
3510,1847
4332,4921
1489,2808
2677,4997
274,4850
2226,4692
3016,4686
281,4250
1515,4961
2863,1833
2144,4675
326,4913
75,4723
1394,1857
1547,4915
2457,2814
4066,5020
2394,4672
845,4848
1362,4634
599,4876
5027,2832
1056,285
3079,4674
550,11
82,4792
3737,4998
4716,38
363,4989
1815,2816
1261,61
2353,4891
4271,2800
3649,2860
4383,4687
3895,2851
711,4613
3570,4787
531,4963
1710,2837
1563,3877
4656,2867
4602,4691
5023,4735
2159,113
201,2785
2766,4723
1554,56
3250,4731
561,1857
3141,4946
4014,1734
4407,4634
324,4929
4507,4989
2758,4870
1866,5069
4334,4761
1534,4951
3732,318
1202,113
2997,1731
3188,2794
3220,4786
3287,50
2214,4754
3792,5064
4163,117
350,1834
1335,45
3184,4684
2595,4997
1205,4820
4581,319
944,62
2754,4929
563,2808
1538,4832
2520,4760
2652,4929
3518,1840
2341,4694
294,1836
1501,4910
1429,4818
3697,4680
1397,1818
1510,3879
3621,2858
1674,2823
4086,4879
1236,2867
3518,318
666,2833
1102,1833
3240,4987
658,4778
2750,4763
697,4733
4649,2862
3331,4897
795,2860
3646,4674
3551,5018
682,2671
2055,4988
1333,4952
474,1817
2643,318
1343,11
3056,4870
3852,1896
2626,4799
2564,2866
3755,2851
271,284
3307,116
400,4910
3503,4878
2933,5074
3040,4857
4488,4736
4303,285
4190,4670
2123,4876
4215,4690
2587,4694
2934,4995
819,50
2610,5069
4576,1845
3328,4793
4632,4891
1312,113
3255,3
2296,4738
2736,4847
25,4930
4632,5002
2876,2776
2659,2776
3394,2845
4524,4731
3047,4678
2171,4966
3745,3878
3282,3881
1919,2814
1118,4815
3832,2811
5043,1847
1667,1841
2974,4929
3242,4902
3781,5016
1031,4915
5010,4671
4115,4897
2935,56
3176,2789
2320,4786
2354,4990
1249,4888
604,2833
26,4855
4224,4691
2592,3885
1362,113
2890,4847
3728,2779
2660,4940
708,3
215,13
2463,2831
3204,4855
3361,3912
2980,4931
1304,40
1113,4779
2640,4995
732,4887
10,1817
194,42
2023,4772
2254,4902
801,114
3427,284
3507,4908
3123,55
2456,2837
3687,2851
4363,3913
2386,145
805,4884
2100,4955
1968,3884
3315,4680
4467,4777
3208,2817
645,4876
2739,5073
1569,4720
2079,4783
379,1849
2533,5075
3157,1726
3663,4939
474,3883
489,4849
3208,4253
2622,4926
4027,1832
3671,4897
303,48
4010,2786
2713,42
2423,2821
1722,4910
1597,4734
780,1740
1290,4729
4407,4879
932,1731
1650,4668
268,4944
3370,2787
2255,4689
521,4749
4486,2817
3083,2658
838,3924
1290,4955
1672,124
2957,4873
1995,4697
5030,4250
821,4910
2233,1732
2221,4675
1149,2814
578,4680
2923,4988
3116,4773
186,1726
146,4828
3926,2841
44,283
1667,1837
4364,4729
4227,4998
1744,2803
4624,4941
1353,12
3124,4781
4945,4938
1993,124
3428,4987
666,4968
249,2785
2778,4785
4629,4688
4206,4885
801,4958
4239,145
2236,4676
465,4733
973,69
3845,117
1065,4251
2586,4961
2590,4905
3831,61
1880,2831
399,124
2611,2786
2708,4969
4272,4787
1660,4870
701,4997
5027,4901
3970,4861
4893,1831
2173,4861
4518,4733
1355,4831
3356,4887
1947,2799
3926,4913
219,4754
742,2851
4038,4803
1037,4988
3041,70
2122,4800
4380,4920
2414,2827
4262,2772
1894,4697
3658,4673
3857,4908
2381,1855
2959,4847
2639,1839
3672,1834
4339,4735
2017,1818
3839,4755
414,1827
1457,4267
4226,4897
800,4679
1117,4748
4705,1831
1770,4861
3070,4780
3338,2814
216,4669
3594,4676
839,2808
1227,54
2295,4916
1352,1861
768,2786
1269,4824
3280,1840
2081,4918
328,1729
1637,2860
4155,2765
341,1861
382,51
2712,4735
1285,4681
1584,4902
1930,4926
1830,3912
3528,4908
3860,3615
942,4697
3014,4800
656,2773
3544,2858
2707,4789
4833,1836
2806,4972
4844,4876
1308,4764
1353,4720
840,4765
3944,4935
3796,4904
4503,5000
3742,5000
950,4944
2442,2776
1202,4765
4168,4819
3254,2854
1539,4861
4069,4930
2290,4769
473,4951
4532,16
199,5001
1025,56
2640,1840
2915,4994
4166,2817
672,4728
3775,4784
3552,4754
231,5063
4102,4926
5079,1730
1408,2827
1654,2866
3097,3886
1618,1788
1613,2814
2993,4941
1357,84
3370,4962
2178,4880
4508,1860
1910,4919
2056,4695
1890,4972
3153,2796
4608,5000
3143,5065
1663,2822
4268,2779
4285,4819
4366,4955
2226,4870
2977,4678
1531,124
2454,5077
167,4692
506,117
4341,117
2373,4934
1047,4265
1638,4734
2450,2864
3456,1835
4198,4889
4437,4799
4796,2779
4425,4818
4271,2803
4607,4670
3673,4861
4580,4265
1108,4888
1052,4784
3750,4683
3344,4995
3189,1846
1745,4952
4417,2803
1494,1725
3768,4886
4088,64
354,4878
2719,1734
704,53
4055,2768
220,4791
4272,2772
4721,2671
759,2847
639,4676
4603,4932
765,1730
1511,1845
1439,4932
1290,2864
2318,4786
2185,1847
4362,2831
1944,4654
2369,50
2384,5077
2744,34
3579,2844
1805,4889
2631,2811
2205,4682
1257,4777
2312,285
2588,2862
3347,4735
1099,4958
4024,49
4629,1730
4600,4986
1373,2816
4812,4900
3981,1725
2338,4856
3235,1831
5036,5020
3389,50
2937,2847
4285,4885
5003,2774
1019,2789
1772,4880
3474,4904
3619,1818
442,2768
2898,4793
4625,5066
2946,8
3166,4727
2678,1861
44,2835
3405,4817
4001,2790
4245,2789
2770,4735
4157,4669
1639,4774
2430,285
2332,2785
4134,4951
1383,2768
3632,2840
2074,4748
2605,4832
4393,2796
1477,2847
998,2866
281,4785
963,5069
2097,1725
2430,4916
1265,4733
3749,1735
1561,2841
563,56
4928,2790
4113,4886
4122,113
2666,4961
3954,4831
3400,4679
842,1725
406,1834
3908,2772
2008,1834
1200,1831
2361,4765
2053,4799
2003,5065
373,2837
1469,1737
781,4858
1964,1817
359,5074
4122,4680
4416,4848
2240,5065
1148,4679
918,2848
3013,1862
3220,4832
1537,4978
2664,1788
1605,1851
1779,2784
517,4887
2793,4857
1541,1731
605,113
2702,4906
2957,4695
3479,4790
2197,4855
2214,4799
91,5004
2017,2820
4287,4634
4822,4997
3576,4720
2974,5073
3438,4751
2225,4761
629,2768
2513,1742
3196,2809
3876,4860
2554,2798
3662,4766
4536,4966
1371,4819
378,4988
1092,283
4827,6
1794,4731
301,2831
4348,4969
2208,4882
2265,4903
746,1729
464,15
1852,2823
2464,2839
3588,5066
541,5073
2271,4819
4578,4693
1522,4613
883,4913
1124,5073
693,3
4238,9
4136,2787
1510,4681
2995,4883
1493,4768
1263,4670
1294,2810
2573,4979
137,4786
3167,4926
3661,2772
1103,4763
445,2824
1900,2816
10,3879
910,4998
4088,4920
4366,4738
957,5018
3594,4830
4331,11
4549,80
4562,4997
505,115
4813,2779
86,5064
189,4870
4437,4937
2349,3880
4162,1849
4079,4937
4148,1860
1780,4782
3012,320
560,2856
3122,2855
2400,4779
840,4996
1996,5077
4117,2773
1580,1831
405,4861
602,4830
2452,5064
1724,6
970,2865
1501,3924
2383,4961
139,4718
3445,2867
921,4957
1113,2768
508,1842
2685,4754
2009,4862
3416,4883
1605,2827
1025,4890
2411,4936
4285,3883
3575,4885
4003,4988
1535,1730
707,4848
2180,1748
4592,4972
4362,4779
75,4971
778,1841
934,1728
3454,2845
4245,4265
3844,67
1711,4777
3023,4676
3291,2784
3330,4957
2726,4978
676,4883
1180,1835
878,4964
718,4857
495,4672
172,2822
2301,2784
1609,4860
1054,4907
4342,41
2296,12
1381,283
4981,4753
3044,4267
3937,4995
2161,2783
1985,4946
1009,4917
2200,4761
3640,2849
165,65
3760,4679
2042,1817
4804,2784
4459,45
664,4691
833,63
1949,4904
3658,4817
4186,5018
1791,5070
484,5073
2386,1831
1762,4800
2211,2812
99,4903
1247,21
3441,2811
1551,4741
2252,1896
2267,4736
3945,4884
4380,4861
1570,4789
3436,4761
890,4674
3332,4921
1763,4755
1192,4892
2238,1726
4358,4908
2177,2782
4487,4680
1752,4799
3633,15
3329,2817
1403,4829
4701,116
1759,2800
2819,1832
1601,1834
2945,4957
338,4770
1388,4858
2314,4730
4808,68
3118,2774
2141,4828
566,4889
4537,50
2288,131
3438,4679
464,4887
5071,4253
3189,2800
2455,4696
1885,2853
4810,4892
923,4253
441,2858
2402,6
1685,4917
1034,2865
3571,2864
4485,4748
1875,4964
347,4876
1343,4890
3643,4720
1612,4894
4440,1729
1854,2803
491,2776
2014,1729
473,318
1439,4775
2432,4754
3063,4718
4722,2854
3080,4677
3432,2820
3334,5070
4712,4963
1107,4681
1557,58
3797,1845
3179,4830
3185,4768
3664,4739
1638,4994
3095,2816
331,4815
1068,1832
102,4947
645,9
1375,4937
776,4671
3279,4936
2622,4964
4505,4872
2651,2851
3606,4919
1757,4253
1052,3915
1177,4934
1769,4860
3424,2768
4252,2822
4341,4910
3008,4694
5062,4870
280,2811
3657,67
3461,4654
1720,2839
1119,67
2536,4763
3070,4952
2012,4883
2483,4680
2233,4765
3216,4777
1091,4791
4294,4746
4532,3924
1084,4929
1691,3883
3554,4876
828,1851
619,50
4255,4897
209,4741
1884,4676
538,52
2819,4992
1053,4736
3215,4779
163,41
744,4765
1888,4862
1624,4979
1421,4856
3053,4782
2529,2862
1118,1733
3290,4746
4223,4995
2184,1838
962,2857
1556,2847
3138,62
2264,4848
1001,4634
646,114
2005,1845
3530,2803
4439,4994
4150,4996
3610,4779
1983,4991
793,4732
504,3924
2153,4654
3646,4672
29,4733
3957,4737
4088,4816
4141,4997
3310,2817
1779,34
3520,63
3520,1731
876,4739
279,4918
1879,52
4621,4765
467,2839
3624,4731
3473,4909
2316,4777
1928,1732
2748,4772
4146,1731
461,4890
3829,4862
3658,46
2875,3912
4579,4688
241,4848
4051,2849
112,4856
3492,5002
3781,2768
837,1748
3590,4694
4573,4686
4090,2832
2571,1836
513,4766
710,2853
3301,5000
3401,4878
4273,1855
4,4697
4235,1839
1701,4961
5052,4979
3705,4988
640,4790
4350,218
210,2786
2572,4800
1720,4965
1701,4850
272,285
339,1731
4586,4931
5082,4940
878,2832
842,3882
4874,4720
2957,4775
653,4978
3903,4930
3894,1835
969,4773
273,4891
4105,4742
418,124
3246,5069
3052,133
4009,2832
2256,2860
535,4773
3027,4870
2208,4883
2059,2844
1902,4728
23,1833
1461,4990
4077,38
940,319
4055,4783
2819,2854
3461,2811
2733,3884
3297,4760
2013,2867
2077,4917
3593,4720
2094,53
1543,5002
3139,4775
1334,2785
2254,4951
1389,4878
3137,5069
2021,2865
1676,4723
2370,2784
4664,4909
2300,4685
1181,15
2967,4978
2086,2803
3025,4901
455,4910
2080,4889
5071,4956
696,3886
2723,114
1144,4824
1853,3879
1144,4935
3547,318
986,3882
4463,1850
1868,1896
1597,4958
402,4686
1003,61
4403,4696
688,4672
5017,4879
4491,56
2525,4954
4373,52
4313,4939
3218,2767
1621,54
4948,4779
2491,4935
2351,1734
1235,4780
719,47
385,4855
4432,318
4330,5069
2815,5018
2497,51
3612,2849
3032,1740
3644,5075
2647,1726
3226,4916
2039,4747
807,4934
1443,1
4645,4920
2596,2864
2622,2864
4399,1860
277,4920
2026,4773
1747,2832
3481,4883
4114,283
1196,4613
4417,4754
4374,1833
2226,4828
18,1896
518,113
4015,5004
1366,1849
4656,1861
3730,2840
2065,3884
2136,4736
359,2799
3688,2849
1643,4671
1941,1847
3460,1732
1515,4887
3775,5069
3797,4613
3079,5066
1371,284
3176,1816
1093,2783
449,132
1915,4752
3092,3914
23,5070
4351,4909
3565,5074
1963,65
3401,6
2591,5063
701,2835
3475,4743
2951,6
2526,2813
4380,4687
239,4253
3002,2782
3197,5069
2405,1725
1520,62
2698,1862
3349,4776
4701,1846
2284,4850
1964,4958
3357,4910
946,40
833,4862
1149,4987
2120,4878
3864,4979
4610,50
1006,5075
488,2849
2456,4955
1507,4970
653,4679
2128,3924
4999,4956
2970,4940
186,4687
3414,4995
4117,1839
1658,65
2444,4768
2916,40
224,46
2650,1896
2942,2800
4154,4720
2669,2765
2271,69
4205,4751
3944,4937
230,1730
708,54
2063,3913
39,4860
3933,2800
1962,4971
2090,4900
10,4786
3679,4908
3627,4829
3204,1845
855,7
1954,4998
736,4856
1996,2860
1197,4901
2169,4763
3678,4906
617,4862
353,1856
4349,4957
4959,4947
1498,1855
3156,4679
2402,4790
3370,4994
4825,1840
4208,42
3714,4894
3164,3913
4423,4775
3797,4746
1950,4921
1930,1730
3781,318
223,1842
2602,4938
5076,4801
980,5075
4744,4956
98,56
4458,320
163,4932
363,1808
1541,41
4310,2808
4550,5064
1390,3884
432,1839
1244,4742
724,58
3870,4929
1421,2776
4136,4938
1084,4930
4564,4741
3847,11
4042,3881
3756,4872
3277,1848
652,13
4268,4781
180,2786
2450,49
3817,55
3330,2785
224,2790
3163,69
2289,4791
3142,4965
3009,4735
4701,4966
580,2795
3742,1
248,1839
4003,4680
3073,4755
210,4828
2544,58
860,1818
622,4669
4611,1839
4822,4953
4638,2856
3859,5
713,2833
2902,4971
2302,4780
3779,4994
1446,2790
773,4780
3985,4832
3717,3884
104,2784
705,2866
2607,6
2483,2848
986,2829
4333,4694
3249,1733
2903,4883
1406,4954
4822,66
1223,4736
988,2827
611,1856
19,131
1268,4817
3118,4776
392,15
834,2768
2905,2832
1345,4952
3156,3
2457,2783
2083,1845
118,3878
542,4932
2936,21
2101,4696
470,4963
1890,4688
2890,2846
4436,2785
1812,4747
431,4732
3749,4929
1375,42
1575,4692
467,4936
3500,4685
2341,2764
1612,7
388,4763
3932,4680
2155,2781
2979,4777
1217,9
1392,4986
4307,4990
3030,4920
2664,3884
43,1855
2344,4266
1218,4736
3395,2779
3126,53
3286,2848
2308,5020
1969,5065
2485,283
598,4250
210,70
4308,4774
2952,4743
336,4248
1991,4968
1587,2795
1225,66
864,4750
3677,4820
639,1840
3005,1846
2501,4858
2557,4930
2554,2796
3876,4862
3009,2840
1819,1729
3114,4958
1559,4682
1910,4785
3565,47
4196,4817
848,4897
4116,4819
909,4265
3550,3884
3472,5002
1962,4786
450,2816
917,4964
3005,4930
1807,4654
3421,4997
2677,4730
148,4886
3086,4932
2993,4747
906,4755
1493,4669
1272,4801
928,4886
1123,2841
2304,4788
4215,4988
4327,1857
3257,1843
2056,4832
3559,4690
229,2862
1350,2772
2144,4861
3317,2808
1063,46
1916,4772
2597,4907
4604,2800
5051,4754
5003,2851
1938,1818
935,4996
1517,7
3797,1727
1898,4686
1189,1728
2443,4693
867,4870
2187,1740
103,4887
3745,4885
2757,4971
1190,6
372,4820
2525,4791
4649,1841
2512,4654
668,4903
2210,4634
3646,4251
543,4668
4210,4781
1888,4987
3724,4673
4465,4968
1425,1788
1426,4672
1038,1849
4217,5016
4448,13
1918,4747
2517,4991
3786,1729
4717,4736
1348,4668
4071,4781
1613,3505
841,11
3806,4778
799,4953
247,4876
2338,4248
4024,1728
1491,65
19,2795
2594,4892
636,2800
3858,2831
1901,5070
3129,13
3608,46
3747,4905
4404,1737
3594,65
3176,16
464,4909
5021,1850
3806,2808
4517,4734
400,2833
4457,1837
808,4749
2741,1856
1097,52
3964,4752
3450,4890
2412,58
531,2790
4371,2782
2645,21
3078,4904
3555,1726
392,5075
4124,1857
2212,4888
940,284
1107,4926
1880,4862
3861,2772
518,1
3432,2858
4374,4613
771,2814
2107,4784
404,4764
565,42
2960,4953
2481,4986
780,4956
4798,4792
654,4989
4321,4738
196,2826
1706,2821
3100,4996
3902,2810
19,4883
1337,50
119,4797
4558,2860
3038,4913
4004,4801
4422,38
1010,5016
4412,8
902,3924
4960,4613
2343,2783
2968,4832
4098,283
4632,4903
575,2857
525,1840
2,4855
2746,69
3310,4686
4435,55
2364,3884
641,2808
2191,3885
4408,4901
1685,4253
4016,4956
4527,1788
2232,4910
1193,4791
1934,12
4089,4986
1640,5063
2922,4768
4235,1817
4757,4947
268,4693
1780,4748
4701,114
380,2800
994,4904
4192,46
4353,2862
3420,4739
2647,218
4462,2813
1679,4762
4294,4686
2741,4857
1182,2810
662,55
2452,4735
164,4911
942,1831
3258,284
1990,1
4651,2839
2010,4267
2081,4742
1914,3879
1500,4941
255,4735
3789,117
2197,4909
2146,4743
2128,4998
2426,3924
2646,4824
1488,1732
100,4773
3725,4998
2275,4934
4823,7
3533,4896
3260,4728
4025,1788
3900,1732
1286,4829
792,4785
1292,4890
2520,2843
4214,1838
741,1838
4871,4965
2492,1857
610,4911
3593,5
2482,63
3472,5074
1150,4678
1910,5019
1176,4678
4055,4694
529,3883
4587,1833
387,3913
3635,1731
1172,4819
2338,4674
43,2779
129,2845
326,4250
3710,4248
3765,4781
4020,2774
1950,9
4796,2817
1260,2827
1829,1833
3322,5019
1617,7
4214,113
889,4819
599,4872
2699,4847
775,4886
1113,4956
4583,21
2666,62
880,3877
4376,2865
1506,5000
3699,2820
488,1834
4079,4668
3987,2799
4706,4768
1165,4774
4032,4773
860,2862
429,2795
3163,4896
4028,4753
971,4873
2292,4766
1046,2853
1368,1732
140,133
4278,5063
373,4682
3564,2800
271,4890
767,2827
3927,4883
653,65
4923,4751
3362,1
4072,4781
1708,2811
4381,5065
1530,4957
2777,4876
139,4989
4145,4954
4150,2826
2503,55
3329,4930
305,4774
2707,1735
2017,50
97,3913
3425,4970
1662,4815
2297,4766
1456,4613
4612,4677
93,2837
308,4800
1140,4861
1066,2808
1870,320
3438,4931
4794,4935
2744,4779
3222,4672
2961,6
3693,1860
3560,1856
2338,4855
1695,12
1173,3914
1629,1816
723,4993
4794,4249
4545,21
4183,2867
3906,4787
1890,5020
930,2773
658,1732
3868,131
3848,1844
600,2820
3248,3924
3679,67
1763,2820
4153,2845
3068,4785
3513,4900
1190,4906
1630,1896
2113,4997
1475,4905
4095,4824
202,1850
3268,2817
646,4690
3897,4932
194,4990
1599,1808
346,2825
1965,2790
3151,41
3147,2837
2391,2811
3043,1860
3612,4997
655,4876
1027,4857
2303,2856
4545,4855
4527,4675
2342,1844
1172,2856
292,4820
2067,1835
798,4783
2586,2849
4519,1732
2337,2821
2957,4978
3680,40
3169,1857
2289,1861
575,4253
2907,4792
1273,115
453,3913
1249,4771
82,1849
3827,2845
1559,60
2704,4797
4662,41
1466,4997
3503,2822
1244,218
465,2768
4482,1851
120,4799
456,1849
3519,4873
4283,2837
2157,2809
769,4909
1526,4751
2726,64
893,21
4620,1732
3056,4762
2294,70
3963,84
1349,4970
2586,1818
4662,2774
2942,4654
2107,4902
4056,4857
2236,4738
1491,4674
3198,4266
2464,2858
505,4694
2583,4935
3340,2838
1138,1849
4358,2814
370,1831
1246,4892
3294,48
3471,4718
1142,1856
1972,4750
983,4979
2312,4939
1626,4687
39,2837
2982,4892
3094,69
4425,4894
4327,2847
1080,4855
4835,5063
1265,4749
752,4952
4061,5
1160,4654
2240,4763
2388,2796
3961,145
337,4938
651,4968
2102,4730
1540,4878
4417,2831
1416,5075
5006,4672
4826,4932
1859,2833
1352,4954
3103,63
2525,4903
2171,4870
4145,34
1229,4253
517,4694
4201,4723
2576,4690
4719,4748
4126,1742
4504,1818
1536,4785
3053,4946
3767,283
4064,1730
2547,4830
2365,5073
804,4785
1026,2858
2066,38
3165,2786
4111,3913
3674,1840
4523,2764
4656,4743
192,1728
369,4956
3124,4696
2341,113
3465,131
4371,4932
4244,4670
616,4768
886,2799
1318,4889
3595,2837
3650,4912
3726,3505
1034,2795
193,4787
414,2776
4526,4253
3541,4883
4722,2817
118,4727
2480,4741
887,4912
4473,2853
3837,2772
4453,4728
519,4964
973,5020
3533,1831
2376,1725
3012,4771
375,4769
3731,4937
4835,4788
755,4729
4145,4249
214,1835
3122,116
1002,4991
1553,1842
4535,4819
3602,4921
3140,5000
1773,1731
366,4677
4402,4763
2905,5004
2460,4739
335,4737
410,4968
4191,4918
2088,3505
2610,4926
414,1831
638,4789
4086,2864
2003,1740
1716,2835
1757,4952
1930,4681
3944,2788
4221,4882
2546,47
4448,5075
398,2866
2970,4776
3432,4979
511,1748
3335,1896
4999,5065
3389,4902
1580,5077
3126,67
226,1847
2539,4695
4416,3915
2793,1808
2241,1861
2603,4954
2684,4774
1622,2846
2193,4966
4376,68
5049,5018
1471,2779
2636,40
608,117
3157,2774
3208,4917
933,4941
4495,4946
516,2795
1140,4762
2523,1851
3546,4897
3363,4909
2720,4921
3319,11
3662,4932
3232,13
1647,4736
527,4737
1393,4693
4295,318
2636,3505
2879,4727
3774,69
2920,4732
773,4790
3295,4746
3940,4861
2691,4888
2294,1849
1267,4742
4497,284
1204,2833
1350,4903
1382,2824
780,4929
1066,3885
3193,4691
4000,5075
4497,62
3322,4905
3017,124
2738,4966
875,4690
3417,1731
1276,70
1369,2800
2351,2765
1956,2790
2079,4818
3471,2787
794,1731
142,4728
1442,1847
5015,3886
1960,3880
866,4793
2177,7
2666,4695
1557,4914
3926,1727
1770,1727
3064,4966
4572,4995
4145,319
432,4635
2735,1725
2341,2774
93,4761
3132,3879
2238,4978
3323,5064
1115,2851
1327,4730
544,4732
2446,1896
1430,2818
3612,5073
3958,4951
971,4872
4338,2767
1872,2781
4122,1788
3526,4734
4666,4830
912,4879
1402,80
1373,4900
323,2865
3101,4250
2982,4753
2149,4995
710,115
685,4951
959,4935
4633,4964
723,132
3966,1896
2152,117
1549,4775
3966,4991
2700,2768
3346,4735
3997,1732
1303,4912
169,4673
2184,4727
1115,2799
2651,4690
2167,84
2142,3882
300,113
1913,4847
1754,4781
3300,84
2669,4938
3621,2658
3221,4947
3963,4917
2715,4879
732,3
3407,4905
4326,4730
4058,4754
481,4770
4421,4958
3074,4902
3798,4688
4624,4791
1812,2855
2523,4739
2245,318
2094,4613
660,53
1893,4858
448,4695
893,4987
1683,2832
945,2814
3855,2794
459,2838
4232,4913
4664,4884
2033,4892
4484,5000
2108,4906
887,11
2588,4732
2471,4952
910,70
2875,7
1545,285
4458,4920
971,116
1209,4687
3354,4752
5056,4894
555,4870
1091,4952
853,3924
2961,2822
2373,4902
223,1808
2122,2841
400,4801
3693,4689
1390,1728
3401,5073
4079,4691
3445,4979
758,62
1192,4793
219,4250
3275,1860
4472,4690
4626,4793
2735,4930
1464,1841
2057,4911
328,1855
3081,4779
923,132
3317,2854
4576,40
4699,2774
1932,2851
3211,45
37,318
2585,4753
169,4739
4758,2821
3752,1842
662,2790
2910,4755
733,4783
4353,65
2896,80
4269,1837
1429,1856
2216,2838
3613,4799
3950,4847
653,4894
1306,16
4844,1846
325,4989
2625,4856
1585,4872
1242,2810
3105,1818
3345,2827
1814,4880
5079,66
3661,113
312,4930
3964,38
3641,3881
4536,4970
2948,4979
428,320
2685,4746
3172,145
3484,53
1315,4680
3143,1808
536,4672
2180,1788
3171,4963
973,45
2041,4774
796,1846
3168,2795
4698,2795
186,2820
4043,1848
1482,2812
1756,2847
3681,4855
3076,4677
4124,3881
897,4792
4215,4990
2895,63
2629,2867
4473,2779
681,4754
974,2813
1745,3914
1030,1730
1639,3914
2386,1855
2234,4947
2240,4764
3626,2847
4519,1844
2092,1729
2830,4880
337,4937
2404,1839
927,1847
387,4934
4967,11
2876,2809
30,4743
3761,42
2188,5063
4863,2671
4358,1728
873,4681
986,4968
5021,2860
3889,4918
1583,4690
2293,4267
1224,2864
709,4936
3169,4991
3590,4947
3210,3883
4103,4769
4445,2867
1780,1748
1062,1727
3274,2790
4332,2764
3437,4742
2064,4955
4581,15
3446,2856
2402,2809
2163,4672
3865,1730
2149,4797
3074,2865
3543,4915
2792,2776
891,4891
2128,5020
4576,2860
647,4613
2578,5075
4007,4912
3047,2833
3347,53
2345,4781
4564,2776
4005,2860
1410,4769
4072,4883
2635,84
2590,4720
3126,4678
2914,133
4438,52
356,70
3580,4797
3661,4932
3963,115
3945,2864
3097,4896
162,4771
3140,2774
3100,4832
2315,1839
3567,3877
5068,2838
488,4685
1665,16
3930,4886
3606,4690
2977,4947
880,1818
4223,1729
3099,2813
2609,4965
3787,4932
287,4879
4756,2857
89,1
3465,1848
1095,4765
3064,21
3067,2658
1782,2773
3723,4848
3296,320
3857,4903
3796,21
2499,5002
3086,2823
2034,4634
4122,5064
3206,4697
1375,4727
664,4695
4458,4739
601,4855
3448,1726
3637,4929
2358,133
4813,4903
2988,2864
513,4778
2895,5075
2606,4770
162,2779
1543,2845
3858,4993
2990,2833
1809,4870
1351,4687
775,2831
1761,2862
4019,4782
2491,4742
1950,4764
4115,2764
2514,3913
4809,38
1105,4911
2252,4693
2900,4249
1853,51
2354,4686
2163,4783
4477,1
660,5063
3444,2822
4585,4952
1711,2838
4131,4961
2226,2782
3273,4940
3347,5000
2104,5074
2911,4937
566,5004
4177,1748
154,2818
1376,11
120,4856
2494,2846
4560,4935
1784,4671
1625,4733
1248,53
4974,6
300,4906
1426,2829
1983,4935
3364,1862
2320,63
213,320
3471,4739
1112,4934
801,61
4526,4905
4423,4994
3541,2803
1854,4931
2804,4789
545,48
2980,113
4047,4937
3300,2785
3765,4685
4949,4952
3392,1788
4756,2765
1096,4941
3101,1832
2670,4926
2012,4267
3405,4793
2524,4668
608,4978
1527,4751
2210,4879
5015,4781
4619,2764
896,2811
4043,4677
2301,4799
3727,3882
866,65
2287,4988
1653,5065
3710,4773
2153,1860
4825,2825
1160,15
1475,2862
4852,4887
4863,61
1389,2808
1324,4877
4483,2839
1967,4693
3668,1857
3130,4969
3993,4781
250,2800
2507,4911
3824,2822
2474,132
1426,4889
1922,4786
4610,1737
4429,1841
3462,34
2731,52
4417,1833
2724,2764
1049,4988
3102,5004
2009,4990
843,1727
219,2809
3722,4870
126,4861
3613,4939
4714,4891
221,1732
2188,4732
4833,4958
1867,4876
1354,4777
1884,4966
2565,4766
4261,4829
381,4786
1236,4888
1646,5016
3569,13
1253,4951
1664,2845
39,4765
2935,4888
3605,1818
2375,4832
977,60
2132,131
1141,4886
2121,4993
1370,3913
4203,4253
689,4888
2116,4748
4382,1732
3944,4678
2018,2820
535,4850
4054,4926
4227,1849
2621,50
4794,4916
3752,2860
148,4989
184,4654
1805,4679
1987,4732
2169,4788
5078,2795
1769,115
1253,34
2511,15
4035,2843
4005,131
2195,5077
4561,4741
4073,4941
2051,4930
2332,4765
1772,4877
2708,4765
2394,4799
2929,2851
550,4791
1523,4889
3322,4938
2130,4680
2221,3915
4835,4815
3943,4993
948,2658
3793,3915
4714,2839
3176,4966
1221,2787
2311,4803
3383,4894
355,4770
1383,2767
4049,5066
3606,218
2042,4936
3666,2813
1198,2848
1576,4785
4299,4248
1411,4741
4745,3879
3794,3885
2500,4815
2986,1862
3500,1740
1108,1725
1006,4780
347,2832
4473,4891
293,4879
3130,4877
5017,4919
272,4906
4630,13
3641,4248
4130,4747
818,4730
2637,4764
3687,4784
1292,318
4552,145
655,1818
4459,4678
3790,4747
3603,2856
3326,2799
895,5065
5060,4848
4591,65
2115,4872
2204,4687
2707,4739
308,2866
3216,1843
87,4877
4949,4248
4453,1733
2975,4978
300,4782
571,53
1395,1735
3360,3886
4205,4803
4656,4765
325,4877
4202,4750
3073,4860
4069,283
136,4774
2679,13
286,4856
3579,3
3960,2846
3908,4778
2213,2853
3407,1849
71,2835
3873,3877
2977,2816
2957,3882
3380,4878
1076,4784
1603,4970
3212,5063
2340,2831
4597,2821
140,4939
984,4727
991,3881
901,49
2151,56
4180,4989
1694,4689
4631,2837
2667,38
3724,3912
4369,50
143,4955
4540,4613
746,3883
758,4886
3188,1816
2458,2787
3052,2839
155,4873
2353,4731
3747,2818
867,66
2537,47
3194,1727
4117,5002
4330,1851
4655,4947
2980,2818
2240,4765
4182,4799
1098,2825
4383,4732
4036,1735
954,1845
982,4248
3815,4780
1285,4908
1570,4778
1551,4829
2196,60
4756,4774
2525,4901
1610,1855
310,4931
2878,4987
2717,4775
3305,117
2137,5016
2893,4741
3577,2764
2982,4830
298,4890
173,4969
1111,4251
3716,4991
1824,284
3451,2816
340,2841
2464,218
2480,2857
4381,4894
4446,1833
3072,4856
3526,4961
595,2853
334,1851
2194,4903
1048,2785
26,4915
4843,2832
1306,117
83,1850
4567,1832
817,3924
541,2848
632,4793
2437,2799
503,4801
3209,4978
4290,2767
2946,4728
2558,3879
2196,2862
4698,4847
3579,47
3170,5077
1245,4858
469,4787
2031,1748
4722,4760
4423,4987
3488,2808
3204,4817
3370,4857
4017,2658
1686,284
507,66
2587,54
1304,2782
2248,4771
1160,2818
3661,4773
2061,4731
1584,65
3836,1730
4547,2837
697,1851
5082,2782
3996,4731
4271,1737
3745,4746
723,4904
270,124
1150,4250
2284,4251
2666,1831
1411,2848
4859,5069
2861,1842
3772,4929
1407,4766
1973,115
292,4906
404,4972
3112,4748
2929,2773
1950,4944
3486,4901
2899,2785
3549,4730
3590,4848
3628,4675
2196,4890
2792,1827
1675,2826
4420,1836
3060,4883
2456,4993
2687,4267
3648,5019
3178,2826
1083,4856
2015,2800
315,4679
3824,2843
4569,4891
1633,4682
2507,4755
3409,2831
3050,2856
2247,1728
2906,4884
3437,4824
538,2817
235,4764
2141,4917
1691,4816
1394,2800
5059,4818
2197,1740
4073,2841
595,21
3295,2820
1555,5073
2907,4883
3008,2854
3642,133
1033,2795
3666,4951
1199,2843
2907,4992
3869,4882
4447,4818
454,4902
1858,4904
3944,116
3110,145
3759,2864
135,5077
1076,4857
4111,53
3347,1838
1948,4936
707,4819
4543,1730
3235,1841
2290,4906
2945,2847
1704,1860
1813,58
3896,1860
753,4739
545,70
1101,2845
495,4850
499,4855
3616,67
4599,2776
4190,5016
2259,2782
1018,4818
3426,4679
2107,4686
1915,4946
2350,5074
2573,4901
1492,2781
690,4688
820,4775
2135,4803
1641,2833
2127,2823
641,2845
1024,131
774,4783
3035,2838
4699,2816
1803,1735
3996,1896
1220,4634
499,2774
4288,2825
3786,64
5062,49
3926,4768
2398,4952
1497,55
4199,4654
2029,4856
2205,320
2502,2782
2804,4970
567,2862
491,15
4117,4915
162,2812
845,4909
4866,4830
519,2776
2294,2767
212,4683
3332,4890
325,4820
1966,2849
3634,4742
1568,2768
5037,4680
1435,7
2697,4978
976,4915
2097,4654
4626,2849
4046,4779
998,4905
3206,4998
3522,4990
4268,114
4590,4878
841,2796
1796,1834
1680,4779
150,2774
4585,2671
2472,2849
3282,4878
87,4968
271,4266
2703,42
4484,2829
210,4681
3257,4788
4294,2796
1353,4741
476,3884
4827,131
1899,38
2416,4914
1040,113
221,5020
2886,2855
3397,4901
574,4992
2315,4930
839,4915
1872,4918
1664,2846
524,4937
77,65
1317,2853
307,2864
2440,4907
1713,56
2139,4900
2968,2658
2647,4761
3663,2796
3110,4772
1185,4963
858,4897
3235,1837
2984,51
2490,2800
3743,5066
4543,4668
4623,4824
1987,2848
3392,4775
3359,1841
3264,9
3308,4970
260,4770
1803,4939
3896,4785
806,53
4145,2851
377,4957
3811,4930
1260,4916
3750,1831
2728,4941
2116,114
4074,5075
1295,4776
3854,2857
2030,1730
920,4265
2576,4939
2899,2822
3755,5000
30,4777
480,1816
946,1841
5071,2795
3249,4952
1274,4753
1304,3615
1521,4911
3741,4678
3458,1840
2219,2765
4132,4783
2427,4978
4010,4729
1996,4952
2346,2776
372,60
20,4264
3142,4763
3096,2784
4132,4926
4329,2860
5035,1788
3932,5000
2873,4718
195,4902
4288,4830
4207,16
4291,45
2566,3914
2035,1730
3973,2671
4547,1860
92,4979
4401,4787
695,284
4721,4797
1415,7
2144,2855
3337,4971
3657,4990
717,4669
1076,4785
3090,2817
3650,4954
2086,4873
308,4694
3670,4792
3810,1788
3057,2826
848,4675
482,4746
3922,4966
2269,4962
913,4684
3212,4951
801,11
3680,4887
1096,4697
2002,4952
140,3878
4062,2781
1663,4635
3831,4780
1798,4817
2015,4693
2234,4748
3207,2825
2060,1845
1254,4676
119,4682
4147,68
1467,4877
4432,2838
2100,4817
3304,4248
4010,3505
4704,3886
1013,4860
1881,4792
2049,4850
4984,3885
1928,4679
3570,3615
521,4901
5041,4762
2420,2768
1666,4912
4863,2827
3619,4769
2222,4749
3841,4847
5008,84
4256,1833
4070,4762
1221,4773
1119,4718
2250,4742
2345,1727
2186,2813
3276,4791
3480,4800
4308,4695
1804,4910
3308,4251
479,4969
3164,4939
1115,4940
156,5065
4842,2831
1563,4816
990,4735
1821,4781
1549,4734
1455,5075
232,2854
4465,1808
3767,2809
3352,4777
1711,145
2056,2808
3479,4816
2578,5073
3096,4782
350,3505
941,318
2189,1833
652,1847
3121,4762
631,4249
632,4905
165,1860
2116,4903
432,2813
535,4695
3730,4935
2975,4727
2761,4671
4499,2782
3008,1839
679,1836
2775,2795
28,4855
3140,2768
2013,2785
2181,4788
1096,2866
923,4674
379,4918
593,1896
4055,4671
1328,4996
4090,1727
2383,11
1686,4900
170,46
1357,4979
737,4970
1699,4964
2903,4676
1592,5065
146,55
3578,3886
4579,4896
1467,4792
3402,2860
4170,4888
1357,284
2164,9
460,2814
366,4680
5039,4785
2179,2826
483,1896
102,4634
555,4817
4933,4720
818,2658
4593,1834
781,4954
88,4687
3245,4849
1006,4858
3780,4953
1211,2782
3921,2832
3705,4829
3332,4903
994,1862
1156,4681
5082,1845
2323,4873
4169,1832
1241,4775
1883,1833
475,4892
377,3881
4204,4789
3289,2768
2392,4775
5042,4785
4524,4952
406,4873
3666,2822
1776,4858
4719,4882
1719,4780
1177,2773
3219,318
4757,46
3808,4986
463,4916
778,4944
399,2816
2565,4792
381,4780
964,54
2233,1844
136,4752
2493,70
3706,4789
2469,4997
848,4958
3398,4266
2051,4669
2036,1860
443,4675
3644,4818
1042,4918
286,4672
3524,4987
3324,2817
90,4848
1338,4688
235,2790
2597,3
4974,3615
3278,4978
4664,69
3817,2813
1272,4750
149,4735
2298,3914
4599,2779
2442,4832
4845,2783
1291,2764
1908,4816
5009,4672
980,4747
2034,3881
1306,4938
2453,4774
1467,1856
3150,4682
5079,4872
3897,4908
1575,4830
2169,2862
4576,4926
4136,58
3379,4830
3833,42
1562,4886
3491,52
4638,4264
1560,2799
4341,4904
1051,4816
3724,1842
4080,4800
3538,9
2525,1742
1003,4914
2665,115
696,4906
3172,4683
592,4678
1995,113
4186,4250
3329,4762
1433,4993
2337,41
3147,2776
4740,2847
2188,5001
349,2810
3600,1842
2058,4944
4302,7
4295,4921
2267,4913
18,2803
3971,1850
219,2811
2242,1788
412,4779
4581,69
746,2808
1157,4989
4072,4687
4093,4987
125,2854
3394,4679
1473,4792
2625,4738
916,4781
991,4267
1326,5020
2189,4964
1535,4965
3249,2772
3318,3886
4435,4962
3983,4690
3898,3879
3078,4965
3998,4929
4163,3880
2586,4913
3981,4894
342,2827
4458,3615
2652,4735
883,3881
1873,5001
4177,4956
2657,4887
157,1726
925,84
1642,4921
3681,2820
1474,4951
194,4790
2834,4979
1686,4989
3745,4800
1910,4970
2481,4742
2562,4969
1652,4738
94,2786
4467,4900
71,4690
5057,4751
4354,1740
3622,4941
3727,1833
1503,2773
2580,4689
2269,4688
2268,48
1510,4742
903,2776
2015,4886
1215,4995
355,4772
2888,4901
793,2774
3611,4669
472,3879
3829,1
2262,2833
4097,2864
3620,4676
295,2809
4236,2821
3570,4732
1997,2826
445,4892
392,4248
4407,4944
4458,48
1589,284
5071,2794
2139,80
433,4941
5034,4989
3763,4734
2656,4877
1606,1728
3311,6
954,4907
2777,4803
2179,5004
3492,1843
1065,2671
4649,3912
653,4891
1698,1837
660,4968
1445,2844
1697,4939
1218,4910
2379,13
4336,4784
3907,4970
4157,2783
1697,4900
4863,3885
4012,4912
4102,4684
4355,2788
2469,4957
1258,1730
3212,1851
4361,15
3341,1861
1497,2767
1395,64
3097,4937
3071,5002
3762,2817
1613,2862
4128,2840
577,3886
1185,4878
4579,84
2246,4800
679,4817
2243,4750
3511,4787
4419,1740
1913,2865
2160,2787
3763,2787
2597,1729
1069,4671
3857,4783
1904,2795
1946,1844
1238,218
1520,5064
292,4912
4426,50
1906,16
1881,4878
2666,4635
3276,4253
1083,4995
2529,5077
17,1843
3029,4896
3419,4783
2944,5075
2066,4785
2210,12
1956,2847
264,4880
1982,2843
2400,5077
2731,4971
592,4735
366,4990
4132,70
1757,2773
1460,4989
1796,62
304,2855
4132,4733
4533,5018
2750,2848
3872,4979
582,117
3054,70
796,2856
1224,2867
3329,4723
1232,2798
3387,2838
2623,5020
1070,4849
3809,4940
338,4793
1718,4886
25,2821
128,2803
556,4894
2986,64
3563,1862
3925,2867
2040,4786
3722,7
2389,4791
2724,4816
3778,4963
2326,4971
3869,1849
1253,4892
4094,4676
1077,2829
893,53
3529,4688
3731,13
3027,1847
4975,1808
4412,2822
2077,4849
3869,4831
3338,1856
1372,4972
3011,1860
532,4986
4716,4910
1054,4995
2624,51
2429,4971
509,2795
616,115
4808,4828
1753,3881
690,4778
2398,4672
2484,2774
928,1850
4949,4929
1266,68
483,4693
3287,3886
3065,1729
2106,4932
4034,2853
1506,4878
720,4979
4898,4900
3383,5075
4128,2784
222,117
1446,4971
916,2786
1268,4916
3672,4901
4842,4249
2927,284
1699,4818
3475,4749
1649,5018
4661,1735
2472,4751
2257,4787
3620,4764
855,4264
4303,4778
2529,4819
521,4817
1481,1842
1905,4718
2045,2810
4390,5070
4984,4873
513,4824
1269,4768
2268,2832
4036,4723
4097,4910
4243,4824
3994,3879
4041,4920
3640,4267
4974,2839
3851,38
2451,117
2935,3877
3190,4918
2732,4909
4520,2849
1535,218
1074,4848
850,4688
2645,1740
2542,3913
3535,2767
700,4966
487,2825
259,4728
2478,3505
3304,55
1933,218
1106,4784
3251,4249
1763,1833
350,4938
1781,48
4279,4998
1524,15
4058,115
1678,2818
3430,2798
4461,1836
5078,4781
3296,5074
4510,2813
884,285
442,1832
2241,133
3429,4815
4371,45
2590,4691
1037,4820
905,4876
357,4675
2929,4776
2014,4993
882,4613
1162,4691
4245,1725
689,4930
2842,1832
1554,2813
1927,51
28,4820
2251,4885
1654,2826
1500,1733
3275,4682
2523,4697
1724,1748
3440,4634
4480,5065
729,4963
4246,4832
1669,4765
3925,4878
3754,319
1329,4681
4151,2833
3866,4873
4087,4873
1873,4831
1171,2818
4453,4986
4055,4896
2863,4754
3733,2827
1716,4882
3754,4886
4868,4670
934,80
1399,132
3055,4877
3089,4970
166,4961
615,3885
1650,4762
3067,2800
655,4998
1604,4770
1080,11
2563,3879
1330,4832
651,4903
428,4692
2869,4858
1299,4755
1030,4764
3727,4896
4493,4934
2345,2835
3539,4884
1622,1834
2546,4791
481,132
2892,4883
1411,4680
682,4696
3837,4780
2983,1861
829,4887
663,4879
1882,4817
4568,2795
1904,5
2830,1840
3893,4891
1877,4918
2684,2851
3997,1728
255,4920
178,1726
3362,4932
163,46
4046,4683
3398,1842
3837,4991
539,4748
766,8
5044,4267
4084,4265
1070,64
3614,4766
4177,4759
200,4880
3325,4816
4405,2803
4277,3924
2076,4831
3049,2785
1794,55
2279,1860
1287,4734
498,2856
1081,4694
3158,2816
3134,53
1309,4979
3438,4932
1225,4771
3275,65
4422,1848
631,4966
4419,3886
3370,4799
430,4988
4047,4763
470,4793
732,1847
683,4777
1492,4929
3472,4930
2011,4870
483,4926
4349,2774
2046,4876
4038,3912
2303,4850
3584,4850
1061,4673
2191,4787
706,1808
461,4738
2311,7
309,4734
119,1838
3407,2845
2049,60
658,114
4863,4692
2095,2789
4258,2779
3725,2848
530,4737
1428,4250
601,68
2004,4248
354,5064
2738,2855
1136,4987
4636,4916
3500,4683
2244,4768
281,4906
1175,3505
4648,1
3206,4934
4473,4888
2618,60
4329,4828
1771,4253
349,4992
3379,2799
1978,4938
2532,34
1342,5016
1658,4857
856,3924
4599,3505
311,60
1584,4887
3989,131
4196,4251
2351,1835
2224,4693
2884,4793
794,5073
225,4988
687,4969
1438,5075
2922,2848
3381,1831
4314,4743
4999,4770
3033,285
4246,2839
441,4932
2115,4877
3224,1862
738,2846
4808,52
883,2671
1768,2803
1979,4938
3612,2772
4576,2820
591,2671
1297,4879
1064,4654
4822,4876
2314,5004
249,2764
4586,2840
3865,4992
443,1860
2665,1732
4522,4929
3751,124
2558,4734
2320,4937
3044,4731
3818,1850
3831,4891
4846,1844
522,67
1628,1727
2083,2851
631,4938
401,2846
4319,4944
2458,4912
2762,4771
5081,42
4973,12
2024,1731
741,4876
3605,4951
1712,4915
3095,45
3064,4693
1475,4987
3164,4248
1096,4921
3302,2855
4312,7
3745,5069
2433,4752
4976,1730
654,1740
3988,4828
1134,4672
4598,285
3871,2841
2028,1832
587,1808
2113,4885
3658,4773
4863,4680
491,4832
1234,4912
1337,2816
983,1818
2473,1861
3902,4248
1745,4879
2735,4962
3072,4910
975,4771
1204,4820
800,4882
2054,53
4143,4786
2637,4908
1101,5069
2903,49
4456,4917
3501,1788
3082,4890
1941,2796
419,4955
794,4917
3824,2768
3375,1848
4063,4818
754,2798
3376,4989
4108,2864
2318,4803
4105,4954
4326,4900
3626,1861
2565,4819
461,70
3051,2862
4610,4760
557,4884
3164,2854
2872,4671
3351,4741
1910,4759
553,4801
4162,4671
3984,4265
3592,3883
3059,2796
5061,1845
2892,2844
773,4957
4223,4774
788,55
163,2838
4055,4680
44,4850
4259,4988
1147,3883
3540,2671
2286,4962
27,1856
848,4784
492,2764
2311,1816
3330,1856
1216,4939
2419,4857
1798,1847
645,4789
3392,9
3062,2849
30,4248
4863,1729
768,4897
2127,2860
3836,4671
752,3883
2925,4251
2157,4913
3657,2768
4042,46
3337,2781
2960,1844
724,1861
4284,2829
985,67
1533,2821
5005,1731
1657,5074
1673,4693
1313,4773
3069,4897
1261,4775
3828,4966
590,4936
2477,4737
1080,2867
506,4832
1074,1733
1716,52
3598,4696
3984,5020
4717,4668
3510,4861
2917,55
3763,3883
1657,4253
3656,4824
1752,4743
3626,4941
1195,4769
2021,4885
2015,318
1448,48
4400,1837
4235,80
3248,2854
3120,4964
795,4780
3715,4683
1164,4723
3620,2829
334,1818
1970,124
35,4742
1870,4654
2129,4752
2127,4997
4049,113
3845,3912
3808,4988
2372,2781
3676,2788
1164,2862
2436,6
3608,16
3935,2865
3565,3879
4072,61
4167,4671
3300,12
910,2813
3478,2773
1625,4816
1184,4890
1042,2809
3488,13
4660,2827
2558,4790
4522,4889
2574,70
4093,4791
649,4882
2419,1729
4414,114
43,2867
693,5016
3333,4675
287,4267
3062,1849
36,4828
1522,4963
4418,4904
1457,4896
5072,4694
2186,1845
1943,2860
3855,4944
303,1818
3274,4968
3692,1730
4271,3885
3799,3914
3316,2818
1037,4870
1953,4741
2325,319
419,2810
948,55
4632,2856
1739,4680
4622,115
3299,2866
3269,4730
946,2844
1825,4668
2423,4250
279,5019
1603,58
1407,4799
3910,2798
3534,4907
3042,4720
82,4782
1694,2658
2623,3505
238,2817
2371,2800
2253,2764
1027,4739
3724,1836
433,318
4046,2808
4933,4690
1294,4763
3069,4790
4296,4926
2650,5064
3629,5000
1566,4850
1995,115
2357,51
3269,2794
261,2789
4538,4986
1411,4683
360,3924
4463,284
5006,4780
994,4951
2206,4752
3955,4931
800,5065
3799,2790
604,4755
4568,4935
4807,2796
1222,4779
3665,4958
765,4992
930,4791
3337,4784
949,2858
4514,2809
1274,5069
3437,4938
3750,2800
438,117
3238,4741
3322,2862
4179,5020
293,4779
2038,5019
3893,4668
874,4847
2819,4774
640,4991
2868,2865
3372,1833
3703,1817
4007,45
962,2849
2288,54
2607,3881
4414,2803
4510,2782
1571,218
2574,34
952,4970
1935,4761
2601,4968
505,4819
4557,4901
2457,1740
2669,1841
4498,61
1941,3913
2526,5066
4047,4762
1306,4635
3951,4675
351,5070
2481,4907
266,4889
1907,4824
2708,4906
819,4687
2104,2765
3248,5018
3844,3
5040,4762
2933,4742
2212,4668
1462,4930
2677,4737
1983,4677
2989,4613
2955,4797
567,2808
3025,4913
594,5002
4078,4879
4299,4879
2688,4963
1360,4972
1655,4755
1022,2849
1156,133
1545,4746
324,4730
3809,51
5014,70
315,4770
4022,4801
1321,124
1273,283
2883,51
4539,4683
4458,65
270,2857
1416,4891
1905,4742
3960,4679
2953,4682
2741,4746
1058,4972
675,4944
2526,1827
2285,4751
1552,285
1331,1730
1007,4765
722,4831
3767,2823
3039,1836
4551,4964
4357,4879
3999,2840
1903,2832
1796,1726
2241,4884
2280,4730
706,4679
3042,2803
1824,1839
1028,4264
855,2827
130,4830
649,4906
3622,4771
3228,15
3080,4903
3304,4784
2586,4883
3675,4931
2082,1851
2050,285
3577,4685
593,4886
29,2829
2255,1833
3673,34
1903,1836
2687,70
2778,1838
81,4775
3970,4766
4606,4680
773,115
710,4803
1669,4820
3771,4694
2143,4914
305,2844
2023,2809
4898,2794
3986,2822
1470,63
4480,4816
899,2790
2974,318
354,15
2274,4782
5079,4914
2888,4931
1008,16
2426,4878
3563,2782
696,4742
2386,1848
4182,1740
1373,4820
579,2847
3197,4897
355,4947
3030,4733
1705,4915
552,4772
1612,34
2881,4248
646,4946
2079,4932
5029,4966
3473,2784
2598,4768
1762,4887
3510,41
4576,2789
4397,4829
1246,115
3609,4872
1948,1735
1666,4689
633,80
622,5073
1689,4848
629,4828
5051,1836
1344,6
639,4790
2615,1857
4433,4634
1235,4788
1062,4936
899,4769
2951,4728
4514,2849
3363,4680
4975,4870
818,4988
756,40
2478,1846
440,4265
1783,1788
1775,4803
3463,2829
2565,4818
3848,4832
317,2765
1422,4962
3213,3615
3191,4921
3229,5073
1000,1816
3821,4739
3584,4991
3474,2824
1920,2782
2976,4904
2112,4675
2621,5
2579,4904
515,1816
3171,4994
199,1827
461,1740
1790,117
2946,4873
2647,4930
4241,4888
1819,4962
3935,117
404,4763
222,4966
943,4857
1724,2825
2332,4801
3852,1834
1372,5004
2335,38
1898,4747
1453,4994
1294,2783
957,4819
2639,116
4123,47
3607,4892
3646,4962
418,4909
2118,1817
4017,4931
3241,4908
2801,4965
110,4688
2537,15
2125,3912
1023,4692
4040,5018
1437,4816
577,4930
758,4739
4426,4830
1345,12
4726,4685
4395,2853
1083,4751
366,4888
4478,4746
3755,5077
1374,4857
3173,5020
4899,218
3598,5064
932,4683
2020,4862
4134,3881
832,2803
3795,5073
3104,2796
882,4253
1416,4819
2569,2796
4546,1840
3980,4751
3570,2838
2662,4776
709,80
3910,4680
3876,5064
25,4819
2815,2789
1003,4759
813,50
364,4862
3725,4829
4480,9
835,4738
2245,4996
3479,4849
2759,283
3704,2790
4166,4894
5017,1735
1504,70
1068,2795
2074,2855
330,4892
2923,1862
4241,2853
4193,1816
1196,283
3630,2776
2517,318
1201,4908
4393,4903
2492,4939
3397,2860
2275,2817
2372,4686
659,5016
4559,3883
1453,4787
4135,284
2263,4772
4354,4669
3957,4788
1642,1860
673,13
4427,34
1612,4676
3496,69
2757,1840
1751,124
592,2846
2524,4746
2653,11
884,4989
3830,115
2388,4265
1052,3885
3612,4762
2270,2841
2359,4728
2041,4253
3037,285
2662,1862
4342,1836
516,114
1673,4720
4515,1842
3249,4694
1770,4788
3396,4739
3839,4793
1551,2831
2424,2783
2121,2817
359,4947
1291,1818
3571,4911
279,218
1217,4990
738,4955
1283,4886
3537,4892
2092,4940
1602,1827
3144,113
105,4754
1801,4755
2651,67
4238,5066
224,2831
3177,15
2634,4903
3441,4797
4499,5073
2233,4998
3099,4947
441,1849
3021,4998
419,4882
3989,4742
139,4978
2623,4903
1433,4689
2530,4690
2258,4889
2099,5018
3268,1732
3865,4921
2414,4897
3617,4681
682,4250
4126,4921
4452,64
519,3881
3903,4774
1412,4936
4434,4674
72,3884
176,131
851,3877
480,2853
2932,3880
4073,4741
3854,4776
294,4910
2680,2864
1439,4738
289,4734
2730,4892
1495,115
3139,4786
821,145
945,2800
2167,2765
121,4732
241,47
3787,2790
1091,47
71,4687
1560,38
3516,60
2992,320
1708,4862
2449,2839
1424,1817
2643,4737
4021,5074
4382,4248
3473,4900
1026,4969
3283,5073
2368,4684
3598,1728
4464,4815
747,4751
2723,46
1022,2854
1621,4910
4005,4831
775,4992
4441,2866
559,65
3822,2772
2899,2826
2391,4685
4465,4932
2539,4966
1217,4954
4241,4267
3147,4956
2421,5004
2101,1837
1601,84
4272,2794
3780,4786
4580,4900
2356,65
192,4870
3847,4671
3152,4884
930,4824
3211,4882
2544,4824
2115,4879
3795,1727
4314,4916
2724,4904
2071,3883
3082,4678
4447,4720
4158,4264
870,117
1359,4779
276,4732
438,1725
3865,4885
253,4741
1672,4911
1249,4885
4116,2840
3273,4879
215,145
3671,54
2246,5002
1524,65
333,5070
2594,4818
4615,1835
4304,51
4853,1836
2669,4682
4107,1836
4298,2838
727,4946
1548,8
1980,4964
1633,2764
4094,4873
2432,4772
4116,1861
2750,4819
2306,4696
3208,2800
4306,4991
1096,38
763,4987
3500,2784
2268,4951
4011,2844
1971,4930
442,2827
4867,4752
893,4889
1669,4674
1214,4908
938,2823
160,4760
3244,5016
2474,4251
4495,3881
2977,4779
3757,4694
3682,115
1063,2810
3025,4892
724,1827
4550,4831
3629,4764
3020,2813
1472,4904
4351,4993
1653,4891
4136,1729
1144,4944
3620,4731
538,5065
3698,4935
4142,47
3024,2799
4559,2857
4297,6
3085,1837
1330,4921
1524,1731
4715,40
3919,4729
2861,4934
3317,2820
2042,4683
3888,218
3989,4971
2650,4912
2367,2773
302,1788
2092,4884
2266,1856
3453,4969
1718,4986
4285,2776
955,4735
367,4979
2667,4889
2138,2822
3768,2826
1680,1840
4802,2854
4869,4671
4557,16
2626,1834
4866,4951
3930,318
3357,4741
4274,4929
2656,1857
3825,4965
2613,4692
227,4793
1449,2818
1870,4850
655,2848
3314,4690
1553,2765
2535,4907
4699,9
2588,2809
257,285
4200,2789
2954,4766
204,4961
1607,4687
5078,4855
4545,283
4138,4947
1920,2783
4202,4993
27,4764
149,3885
1510,1742
182,4855
4983,4671
575,4688
3400,1832
3313,1837
3322,4781
194,5
565,50
2332,4691
4648,4718
3093,4751
3398,2866
402,54
4403,48
5040,4771
645,4787
1202,4912
153,4877
2016,4905
859,4962
3991,1848
4655,4783
1803,4870
274,4919
3452,4914
1372,1732
4460,4654
1937,4743
1413,4815
524,3915
3853,116
354,1732
3651,4952
1639,4832
3565,4954
3398,2814
582,4884
2892,3883
2009,1808
4520,4760
456,2851
3119,4729
3396,4686
4175,1
823,1856
2539,4910
3207,4785
1743,4755
492,4759
858,2765
3201,1748
1317,62
1695,2813
3372,4743
3172,4785
237,4965
2063,4932
3017,4248
4859,2774
2087,4963
2674,12
1804,5070
3642,4855
3751,4934
760,2821
1434,1832
3732,2864
4340,4972
3773,1896
3239,12
2315,4957
3584,11
3848,4765
2483,84
1743,113
739,2671
27,4954
2265,4683
4240,2768
4261,4613
2645,64
1910,1730
3819,2783
3041,4891
5055,4816
2687,2865
1904,2843
3538,2773
1017,1834
3544,133
2859,4992
3503,47
2359,4900
4325,2857
4977,6
2134,1816
1383,4742
1938,4634
4186,1896
2665,2823
4470,116
1243,4727
909,4781
4332,1817
832,5073
1670,3
4899,3913
5039,8
86,4797
3696,116
4073,3877
3055,4878
4042,64
2144,4797
4441,4752
1825,4771
3063,2800
2921,5019
1351,4986
660,2847
1968,4673
1825,4892
1170,4936
4378,2867
2489,4688
3158,4994
621,1827
1479,1851
5059,1729
1830,4991
3172,4727
3768,4897
1217,4989
4459,4914
1695,4884
2418,1
457,7
4597,4768
1387,4957
4524,114
3514,4613
4210,4732
329,5074
3068,58
3187,52
5051,131
850,4768
3708,4905
1479,2855
652,6
3362,4931
1718,4829
429,4691
4037,4670
1391,4764
3617,4680
2219,4993
1901,1735
3590,66
2602,55
4058,2822
608,40
230,4752
3428,1835
3533,4971
1909,1816
3666,4916
3891,1729
1430,4930
2518,1847
2702,1726
3684,2788
4477,3882
3990,4979
1582,2849
2545,4780
2397,4739
671,318
4134,2800
301,2848
1106,13
43,2833
2579,4850
1207,4720
1051,2776
2290,4856
92,5002
1158,4735
493,4677
1095,2803
483,5074
3324,2849
2594,2796
2742,4861
328,2833
3390,4793
4451,3505
3905,3924
4262,51
4457,4781
3507,4828
300,4251
902,2812
3872,2867
1327,1845
2248,4832
3574,2833
1620,4672
2272,4785
3811,114
2510,4847
1607,5066
2169,4911
797,4686
3353,4778
698,4792
2154,133
4315,1844
160,52
2130,4674
2597,4781
3478,4910
2563,4693
73,2845
4113,67
2165,4912
2819,2800
240,4697
2385,4752
4459,1834
3907,2809
953,4831
3087,4800
5080,4986
2370,4672
1029,1850
3587,80
3373,4799
4186,4952
4846,4860
1881,4816
2989,2658
2006,2765
4835,4896
4377,4697
1096,1844
2176,4739
2802,4897
3796,2764
479,4690
1240,1850
2347,4888
4081,4782
2393,5001
1408,4886
2679,4892
1226,48
316,4828
2007,4872
1003,4801
2619,2821
1140,4965
4282,1839
1572,4935
3352,4690
1334,4790
3793,2773
4390,1849
1297,4876
726,4774
1474,1848
722,53
1951,318
3979,3884
3310,40
1518,4674
3377,4815
3220,1808
598,2840
4495,4962
706,4818
933,1841
1607,1837
4117,2825
1619,4815
232,4880
3488,55
4181,2798
2657,4693
856,3505
728,4900
1223,4921
4475,42
1531,1896
2028,2812
378,1836
460,4790
2315,4816
4583,3924
1976,4723
2596,1842
2941,3883
1383,4729
4845,62
196,2847
1457,4680
3530,4779
3443,4762
2378,4902
1912,5018
4057,4903
2488,2809
3947,4759
4440,4759
690,2857
4026,4775
1807,4932
682,61
3888,4748
4530,2788
108,4965
3166,1808
4411,1855
4472,319
458,63
4052,5016
1713,5066
1929,4885
264,4884
4632,4931
138,4917
3535,5074
3602,4734
976,5074
480,4737
501,4692
3048,1857
2145,5019
383,4913
3609,4878
4079,4946
2615,4897
1870,4919
690,55
4534,116
1296,5000
3096,1817
3758,2831
1415,5066
2571,2841
538,114
415,4683
2219,4907
2183,5004
2026,4966
3989,4797
2308,80
3938,4887
30,4938
920,1730
678,4877
2552,2835
3253,2799
1068,2817
1550,4792
4223,4941
2001,1849
801,4970
1144,2774
953,132
2375,4774
4603,12
5052,2787
878,4774
1586,4935
4715,4919
3196,4885
1919,4884
1784,65
3817,4250
3304,4782
3765,4911
2055,4250
4292,4755
1489,116
4950,69
1881,1818
2834,1843
2882,4687
4698,4909
2242,4910
813,4799
764,4824
1976,4862
1294,2866
1292,4787
3655,2865
2143,4739
2273,4993
2899,4789
3857,4751
2989,4683
3733,2803
2886,4850
2418,2818
772,2767
2504,115
364,11
4565,2833
2547,55
4835,5018
966,4965
4233,4743
2537,13
2957,2818
166,5064
3013,4742
1972,42
1626,4941
3328,4989
1716,2843
1212,1843
302,1855
3160,4679
2239,4720
1132,4902
1995,4832
2357,4996
4221,5019
3507,3615
4344,115
4276,2764
4283,4635
1689,4818
4218,4995
4005,4953
483,3615
4524,3914
1518,4265
3756,1833
3862,1726
1111,2782
2298,4890
921,70
1465,4748
3279,2849
1123,5077
4075,4762
3974,55
3701,2827
3181,4883
553,3879
4289,2837
911,1748
2151,4696
4948,1835
4277,5
243,4907
4462,4779
3016,4878
1407,2835
1535,3886
1196,4684
4438,4787
1538,4736
2134,4964
2686,4785
782,4686
3020,4989
1942,2773
962,2810
4418,4903
813,4993
1007,4890
1139,4858
3076,45
2984,2857
495,4747
4507,2787
2874,4729
1135,55
3400,1748
5006,38
2543,2764
23,1726
2641,2824
4419,1817
3118,4613
2251,2789
849,4832
568,5
618,2764
3706,67
137,4855
5011,4965
1613,4753
3714,4884
610,2796
307,4739
3925,3915
4181,4972
4277,2776
2619,4782
2830,4896
1985,284
122,4849
3648,4831
2875,5001
4329,1862
1082,2860
4835,1740
2127,1817
3870,1833
233,4681
1690,2782
5028,1849
2944,69
3262,1733
2357,48
1597,1816
282,4752
1331,4759
4582,46
1460,1836
3540,4790
3955,4932
1954,4267
3591,4914
4504,4920
1908,2821
2473,4965
2360,2838
4549,3880
762,4882
2366,3884
419,47
2634,1840
1416,4672
2004,4779
2050,1857
3688,4891
2697,4775
3495,52
1754,4789
1965,1816
2540,4986
602,4765
507,4819
4556,4998
3428,4944
1659,4720
3495,133
519,3883
1804,4768
3323,115
303,4764
291,4777
4637,4674
2317,8
3366,13
2995,2848
313,4789
2462,5019
2475,1860
2886,4990
27,4679
2525,2786
4308,2867
2528,4797
4332,1737
3801,4694
2682,4882
2133,4750
2484,1837
2648,4766
1452,320
3344,1737
1683,2840
3802,1860
3474,4892
3524,2838
1054,2803
858,4685
2876,4901
1033,4800
3425,131
3157,4905
4354,3884
4220,4731
262,2774
3452,4987
2639,46
2496,3880
867,47
345,4688
418,4947
185,4676
734,285
4893,4771
1945,2773
2615,70
2558,2809
2370,4848
1753,1860
914,5070
4471,4936
3277,2854
2797,2844
3174,66
3107,7
3873,2827
1852,5004
2748,2835
458,5065
3838,52
2656,4755
2056,2837
214,2798
2951,4979
4109,4775
354,4761
4238,4917
907,4876
993,65
1887,4735
4469,4729
3665,1843
1166,4946
493,1818
955,13
339,1740
2092,4688
4603,4988
3859,4916
2081,4820
726,4916
1255,2851
4983,2864
1563,4731
3257,2822
4844,4921
2331,4685
4335,4861
2284,131
2119,66
2645,4718
2540,21
4875,1835
846,115
303,4803
4616,4694
2121,5077
1409,51
978,4966
3107,2790
210,4937
4027,4264
1889,4683
746,4902
4418,84
4357,4654
1086,2844
680,4979
3110,34
3110,4858
3752,2831
2652,4696
2502,4691
2470,3913
4141,4941
2457,4691
2155,3913
3622,4992
214,4818
3827,1834
1362,4789
3796,283
3491,4770
2122,4817
4945,2848
815,2785
4825,4858
1055,4731
1859,4776
1460,2794
2126,1856
4156,4941
5051,4671
393,1817
914,4737
155,2810
1475,4876
3473,4870
725,4896
2409,4884
4726,4954
1916,4909
1636,117
1170,4990
2680,64
2688,4930
2875,4672
677,4894
4160,4917
976,4676
3197,4926
2392,2800
1057,3505
4079,4735
2386,1734
3842,3
1278,1861
2135,65
2482,4877
4942,4816
3850,5002
724,21
1584,5065
1212,5002
4360,4929
658,2779
2576,4668
371,4952
3833,1735
5012,4998
1625,15
2490,4678
2662,4912
3368,2776
2404,4988
2138,4769
4836,4689
4507,4912
4335,4915
252,4728
3747,4930
294,4264
4463,55
1961,1839
4581,4848
4603,4888
332,2855
527,4961
205,283
1876,2858
311,4911
4400,4954
3357,4739
4331,4978
3501,1835
2104,4670
3725,5016
2914,4850
791,4694
1648,4860
3511,4910
446,4970
4435,3884
4756,50
1538,69
2995,2795
4583,4265
151,4964
4024,4830
978,4938
1326,1732
1482,2854
2001,4958
3991,2862
291,5070
2098,65
1983,4907
3900,5020
4875,4759
155,2827
3079,1834
3457,2845
354,3877
2877,4935
1944,80
4705,2862
1441,4753
277,2781
3275,4995
1536,1862
2919,80
4246,4936
4033,2784
1323,4914
2710,21
2199,1860
1458,4768
810,4882
2905,5019
4027,4958
354,1730
2947,4250
464,2790
349,4785
4796,4880
695,2845
4122,4931
2533,1844
4201,4267
884,4265
3458,4773
583,4680
2927,3885
1911,4991
3510,4849
3151,4801
3976,5001
415,4987
128,3883
3483,4932
1544,2844
2135,3878
738,4901
685,4970
2791,2839
643,69
3549,4998
4010,4776
3799,2782
1602,218
2183,1728
2996,1845
4657,4682
4923,50
3562,4934
384,4947
1890,65
3666,4765
4171,4929
2656,5066
632,1847
1780,4613
1094,49
4433,4731
3334,2768
3662,2813
3638,4862
1782,66
2257,2854
4546,1726
3890,4763
2659,4971
4260,3884
4592,4856
3462,4784
3302,4718
752,2822
4098,2866
3157,2781
3978,4818
2133,41
4805,4730
2915,4819
161,1834
1698,4248
1206,4992
3088,3879
3266,2855
1772,1845
3812,50
1343,4878
2241,5073
1713,21
3075,4799
370,51
3788,11
1656,41
3248,1808
4651,4849
1428,4824
148,4961
3472,4955
2597,4693
3503,41
1786,3879
497,13
1794,1860
408,4669
4152,5063
328,2773
4302,4877
1444,2800
2678,5070
2459,4670
4404,3877
459,38
564,1847
4017,4883
3283,4681
2150,2782
2878,2783
3745,5001
1381,4737
4408,2858
1243,4887
2869,4692
2648,2835
238,2821
2373,1862
3672,4870
2102,80
4236,2847
1709,2803
1525,2790
1273,4970
4520,1838
3328,4954
411,4750
4028,4779
842,4761
4471,4884
4483,2847
711,1840
2517,4940
1633,4862
2691,2808
3160,4819
4437,4885
3218,2811
478,2824
3515,4902
639,4858
2673,4799
22,46
1588,4968
2149,4891
538,4688
777,4920
4510,4690
4016,56
3826,4820
95,4793
359,4739
699,4687
1537,4754
986,4682
1383,49
3159,4946
507,4818
2474,4940
300,2853
2737,4930
4840,285
606,2841
5036,4828
670,1862
860,4888
3127,2789
2166,15
2267,2768
3493,1844
3873,4870
294,4909
692,1861
575,4788
1203,4266
27,4777
1785,1846
2769,1742
920,2784
602,4911
3985,4829
2533,2865
3876,2798
4048,5020
3718,1837
2155,56
1413,4929
2079,2782
1715,4801
210,1727
352,4776
153,2813
1760,4635
143,1837
2701,67
3852,4250
2943,48
3241,2826
1970,2813
1599,4768
952,4778
708,2844
2476,4692
3132,4912
3612,4682
4427,2813
2709,1834
1750,4775
1511,4764
3279,4912
4852,4654
4624,2823
309,4729
216,3880
297,4917
3852,4830
4303,1860
2154,5020
3896,2794
4398,124
820,4951
2580,4908
4303,4856
2965,4634
3805,50
1797,2796
4924,1832
3379,1837
1156,4728
2490,4912
1006,4788
3797,2855
4661,4952
4314,4718
1800,4938
1148,4692
4401,283
4225,21
3236,2831
3200,49
164,4890
1810,4894
4301,4907
585,4775
638,2848
169,4917
2630,2817
4581,4908
2010,4969
486,4793
2302,5002
4854,4904
2170,132
751,4772
492,4253
1576,38
4305,4890
2341,67
3146,2814
4046,4938
3170,5065
1595,4907
1167,4850
398,4904
427,115
4563,4264
3027,4882
3798,45
3379,145
1756,4749
3382,4988
4065,4670
470,4830
1708,4904
3295,1734
745,1838
4228,3881
4384,4883
3986,4901
1018,4770
1523,4940
4601,4776
2170,4774
3343,4613
260,4862
617,4940
4402,1827
140,4769
2874,4769
2534,11
1484,4685
165,4775
494,2849
2614,4775
2252,2800
3137,4938
3353,4917
4422,49
3318,4747
303,2821
1204,2800
3748,4829
1425,2821
2734,4939
355,4729
4649,4955
991,4877
3349,2794
4881,4953
4077,2856
2642,114
638,4743
1375,3914
2347,1734
3131,218
3953,4743
2006,4891
326,124
4170,4688
4621,47
163,1844
3960,4890
1869,4880
1003,4963
3245,4742
894,4732
1601,4787
3909,4992
1565,4888
1086,4901
1274,4685
509,4872
1708,2816
3767,4759
742,4739
4408,4739
4711,2789
3942,4792
1101,5064
663,1857
2070,4939
3984,4947
785,2779
4564,4689
2042,4793
4010,4676
2451,1843
1676,2829
2494,3
3979,3615
2417,4862
1792,1842
2184,4777
1747,2784
268,4746
3628,53
316,4689
423,4879
2539,1835
4644,2767
2828,1817
450,4692
3159,1833
3929,5019
3988,1833
3154,2835
955,4958
896,4993
3689,4634
960,4691
557,4879
4659,1851
4232,1748
5045,42
4306,4668
816,47
4374,4935
4145,4730
3684,66
956,4743
3970,2798
5083,5020
2720,4887
987,54
1075,2847
4466,4675
3818,4743
1012,4766
4428,115
3530,5016
2002,6
591,2845
3295,4760
4593,4684
100,116
1348,1856
2457,4797
1998,4818
862,2856
3761,2658
3416,4781
3398,2865
1099,4723
1173,4824
3647,2854
3170,1896
740,4978
3486,3912
2157,4251
2541,4860
2143,4749
3815,3877
1750,4988
5081,1835
4450,4723
3999,4915
1906,46
166,4991
421,1846
4071,53
1044,4920
747,4936
809,2773
2760,21
2417,4958
4393,2839
3220,2845
1532,4251
1511,5002
1023,1748
4045,4830
3578,4824
1622,4855
3668,1846
358,1725
1736,4770
2606,4634
3685,1857
2188,5020
629,2855
2650,4883
3007,1
3023,2774
272,4970
4377,4913
3026,4729
1205,2786
4494,5069
4353,4815
1314,4759
2292,3879
3415,117
3038,2820
2093,4831
4536,2826
3916,4994
3358,4994
30,3880
4270,4765
3944,1849
2916,1734
3846,4683
4261,4785
508,4873
4126,4944
2935,4879
1484,2851
4392,4815
3939,4910
4034,21
4842,1862
4208,4759
613,2840
1634,4919
563,4910
3152,2810
653,3913
3110,4784
689,4932
872,4890
3060,2839
3853,2860
1550,1840
3226,4769
4555,2856
793,4723
4432,1725
3754,2867
2954,2767
767,4884
2358,4764
1020,2796
5079,4786
4146,4970
1649,2824
939,4970
4384,4955
1789,52
4324,4785
780,1862
2368,4934
3063,4739
4236,1731
3274,66
4950,4916
2311,4673
3911,2790
780,4697
1946,4965
3699,4788
1160,218
3245,4908
226,6
2067,4681
339,3505
1660,4860
478,4904
4296,4820
1400,3886
1601,1733
2880,2847
2948,4248
2641,4762
1411,4752
4421,64
429,2784
1238,5077
229,2782
3620,70
2313,1839
4435,2864
481,45
4821,5020
1566,4855
3892,4894
1051,4678
3715,4991
4624,52
1472,1725
2212,2782
3870,4941
534,4771
4184,4734
2868,2810
3561,4987
189,4786
4306,34
3128,2822
1601,4997
3106,4729
2718,4947
837,2783
1429,4911
2382,4784
186,4727
4184,1816
3951,40
2393,1857
3621,1839
1469,4803
3484,4781
699,4799
3609,1839
2160,1848
2725,2818
1736,4250
4581,4919
4437,2867
3237,4734
3324,68
602,4763
1374,4885
4710,4669
1573,4857
2484,4947
782,4878
2988,3915
461,9
3728,2798
4094,4742
1072,4753
2166,4692
386,4858
2298,124
4171,1725
4168,4861
2648,4674
4348,4955
1557,2794
2095,3913
1298,4779
438,4793
3996,61
759,3883
4315,4946
3797,3615
2607,4947
3251,4791
369,2865
1001,4903
2579,5077
3896,1896
587,3915
4223,1843
575,2774
478,1808
3502,4695
774,4848
2744,3914
2734,4797
4476,4728
3822,4680
1632,4789
1492,2809
861,3881
5058,4958
608,4792
1530,3915
2061,4253
2629,2774
3435,5066
4881,4988
1163,2853
4477,4670
2220,2829
2801,4897
1485,4678
3435,4955
4643,4998
487,145
820,4944
2345,2784
1621,4763
405,4919
706,3915
3458,4970
3514,1841
3608,4766
3142,3913
268,4993
2769,2790
1063,4250
2688,56
3537,53
999,1725
2624,4989
3324,4818
838,1833
3790,4752
4272,9
1145,69
2654,4738
588,2796
3415,61
1024,1836
4836,3885
1416,4734
2581,3881
473,2812
2724,1831
4183,3
3997,5069
2326,4934
2438,4748
4041,4773
4172,2812
3480,4264
4505,2795
127,2781
3838,4692
3062,4687
2599,1735
580,4749
398,1850
3124,38
4181,2795
835,113
4423,2658
1332,2839
934,3883
4445,4766
1448,2847
2957,1734
1210,62
4725,5063
4158,4987
109,4694
1138,1836
2657,1849
980,2840
4232,1
4027,2837
4812,5069
3447,4803
1044,40
640,318
617,4915
972,67
33,4738
413,4902
4001,2851
3128,4688
85,4830
4085,2854
2575,2671
608,4915
4222,3914
2301,4749
987,2813
3710,4763
1616,11
2695,12
1237,2849
998,4668
3594,4691
2106,4732
1338,4265
1122,4759
3275,1818
37,4911
3544,5069
2560,4969
4658,132
3639,3
624,4731
3461,4858
1351,3883
3455,2782
1882,4755
1255,4791
139,2796
2777,4791
2859,45
601,4957
1922,4979
623,2840
3419,21
4833,283
287,2789
138,3884
4359,133
1137,5004
2642,4693
3677,4763
1028,1856
2632,4248
2104,4689
2320,4734
626,3886
3841,283
4187,51
643,4779
809,4791
1145,4891
1154,54
406,4679
885,2860
1781,4749
4619,4903
4235,4970
3394,4742
4701,4819
4208,2857
1555,4250
456,1856
1775,4671
2432,4966
3437,1896
1020,320
792,4769
2411,4934
1790,1851
2061,4752
2559,4695
1713,2860
3062,1862
2216,4774
1107,5066
588,4938
2225,4979
3697,42
565,62
1671,80
4151,4769
2967,5063
1620,4731
1823,4902
1989,4682
3474,4962
4379,47
1938,4677
5033,62
1677,4957
3145,4786
2185,2776
1937,4731
614,2799
4548,2817
1670,4723
2680,4679
3279,131
4659,5
5076,4786
3861,1841
2639,145
3608,5001
3514,5016
445,4731
945,4691
4455,47
2710,4781
915,4816
2427,2835
4807,4903
4923,2765
4665,4858
1930,1845
3566,4800
3306,1
3338,2785
3724,4746
436,4772
2986,4995
1548,4995
1046,2837
2791,4820
3396,4682
4552,4877
4710,5066
1636,4753
3431,4996
3899,2865
971,4679
479,2768
3585,47
5026,1847
1669,2843
2264,2817
2132,4996
4114,4769
3055,2846
3049,4681
3990,2853
4344,1731
2147,2781
627,4788
639,1788
3643,4768
4043,3914
796,4964
1962,5069
3333,84
2530,4781
4381,4748
2589,2776
3333,4668
2557,4751
1245,4772
892,4940
4486,4901
221,4689
978,4908
1149,3912
1662,4654
2721,4761
4025,4930
3787,4783
1071,2798
1878,2794
1591,4742
1760,4738
4354,4743
2478,63
3249,1748
1539,5000
204,63
2105,4929
4598,2774
588,3885
3891,5019
4532,4892
2117,4751
2672,4858
1135,4681
2249,320
2382,1808
245,4987
5056,4877
771,4946
3031,2773
3084,4671
520,4818
4601,4929
658,9
4460,4765
2938,2855
3508,2671
644,52
350,45
4537,4956
3464,2765
3711,1733
3259,4979
2379,2839
4655,4882
2057,4920
3444,68
3272,4613
1294,4765
3557,1827
937,1740
787,2825
1751,1727
1946,3924
3673,4735
2710,4920
227,4264
3514,4766
3776,2856
1296,1848
682,4675
2303,2799
1947,4784
169,4669
3053,4990
950,4803
2058,4907
3405,34
4438,4886
505,4249
1684,4816
782,5020
1560,4958
1500,124
3579,113
3375,3880
291,4829
2919,4265
1360,4253
2702,1837
3464,1748
5072,65
195,1833
2282,4762
260,1727
1414,2810
827,4829
2363,4849
2633,2814
3300,1846
2444,3915
2612,4776
1383,4689
245,4748
1272,4786
1580,2843
4254,4782
4424,4938
2442,4748
2874,4747
2533,4958
4480,4955
1657,4786
4133,12
2192,5077
128,5000
5024,4930
3035,2810
4443,2849
2029,4930
1381,3915
590,4891
4411,132
586,283
264,4988
188,2823
2396,4979
3714,113
2500,1725
1293,1730
2883,4672
577,4877
2244,4783
2391,4680
4438,1838
1063,2833
3956,2767
4864,2844
219,3924
604,4830
875,2789
229,4751
4528,21
1869,2814
619,2864
3945,64
1991,5070
3938,5020
4067,4832
1047,4855
2058,4815
276,5002
994,4695
3932,4993
1343,3924
4354,4248
527,4878
3813,42
4290,2785
561,117
1743,132
4395,114
1962,4997
511,4882
522,4691
3109,4792
2520,4676
143,1788
1291,52
4651,1838
299,46
2133,4941
4135,1833
1571,2841
4178,2764
3502,4903
4457,2832
559,4829
1618,4776
737,4820
1233,4783
4647,2851
3261,60
1978,56
3502,318
3114,4743
1511,2800
1030,12
375,4678
453,2824
140,4771
1873,4751
2103,60
1880,2768
4375,1730
425,16
4000,4741
2002,4723
2747,2853
1689,2818
5039,4772
4277,2796
3226,38
940,4988
4219,2845
4406,4692
555,3914
2179,2841
2975,9
3607,60
4516,15
2476,4952
2322,4671
3016,69
2312,2840
4442,4891
2062,4741
2766,4761
1543,2866
249,7
112,4961
3910,4917
3362,4803
1995,4856
2500,4885
1153,4971
3773,2867
1378,21
742,4737
2962,4753
2295,4678
1170,4801
2137,4887
1937,9
4132,4955
4865,7
441,4969
1763,4896
4279,1846
3954,133
4629,2851
3216,4892
1762,320
2553,4897
191,4953
2528,2845
1871,1851
179,1842
912,1733
4874,49
691,4250
3003,2860
503,4936
3980,4901
4037,4884
689,5069
3347,4695
2627,3505
4605,4249
31,4906
3635,5065
537,4990
666,4634
1937,2826
4137,1896
4722,4750
1532,5020
2925,4944
2207,4753
2751,4761
3589,2844
1997,1855
3516,1836
3382,4958
1863,4937
3297,4790
3817,2824
1932,4793
2332,4776
1557,4831
4563,2848
2477,41
3395,4891
1898,4962
611,5016
3987,4799
375,2846
1580,15
4663,4958
260,2824
223,46
3348,1835
2323,2776
4220,4687
2744,4267
2043,284
2912,2816
2333,1831
3895,4988
742,4961
1226,4690
2415,4680
2753,4969
3957,11
2627,4944
2543,47
3876,3915
4294,1732
1870,3877
3653,4683
3829,2845
3987,4987
3789,4678
2701,4779
519,2798
2436,2789
1283,4896
3596,4685
3011,55
1411,4692
3102,4861
1583,4746
4372,320
3870,319
4589,4766
1062,5004
4016,1835
796,2820
3466,48
552,4915
3945,4784
3900,2765
4626,2773
3509,1851
1053,4926
2578,2799
3196,1833
3162,133
1032,3912
3058,4819
2324,2855
588,4267
3523,4944
5026,4817
799,4678
3821,1731
1249,4944
2518,4264
1999,1842
674,2843
687,1850
147,4789
4310,58
2639,4266
872,4892
2248,4730
4216,3615
4837,4803
343,4761
239,4909
1786,4782
3894,4781
4486,1728
1707,4801
2960,218
3687,2826
2888,2833
4578,68
600,4681
4049,4264
1268,4803
3908,4264
726,12
184,4987
438,4972
3164,4264
2995,4952
1632,4779
2933,132
1503,2808
1641,2847
1005,4755
104,4962
4027,4878
1582,5063
3350,2864
635,51
1535,2832
463,2812
2476,4753
4010,2843
3169,4743
4807,1896
1256,4920
4031,1832
1610,2788
81,4892
4040,4909
3665,4747
103,4946
747,4918
1770,1842
3448,4824
4189,34
3170,2838
2330,4689
134,2774
655,1732
1454,4884
1407,1731
4821,5018
2404,4817
1342,1725
4607,4876
2311,2867
3267,4762
4329,4729
3652,320
272,145
3626,4904
255,1862
383,285
3058,4994
790,38
3018,4800
3337,4793
1416,4676
3130,4801
3203,4887
3951,42
3211,4989
615,132
4093,4993
4131,4870
4257,4679
3899,4991
2435,1818
247,4728
4357,4995
3608,115
5038,4689
2236,4926
1276,2845
2102,1836
3568,4892
3425,4965
4245,3883
1872,1843
1036,4918
558,1834
1447,4972
3835,4728
4983,4828
1049,4741
4327,4248
3818,1742
671,4749
819,4790
1741,4755
984,4855
1962,4800
2418,3615
728,1856
4422,1840
3489,4799
90,117
4263,4748
4484,4815
1137,2817
718,4966
1767,4953
2078,2858
44,4785
3640,4952
4061,4675
2389,4267
2834,4968
2660,4765
1082,1857
4627,3879
599,4829
3633,5077
1755,42
3781,4250
2476,4695
1109,1727
1238,3615
3577,60
2489,1847
5055,2827
501,320
771,4896
2385,4747
1989,4754
3514,2851
4326,2840
3735,70
720,4915
1090,4785
3029,4883
3088,4775
3682,4720
496,2795
3285,2849
1634,2846
3564,4735
1217,1726
1599,4961
3432,4249
1597,1735
3231,4797
473,2822
1960,4778
3925,2786
4412,4931
3430,4887
3197,4728
4426,4963
981,1839
4246,2765
539,5077
1224,2816
578,2817
1300,4905
1941,2768
1515,56
3515,3912
3554,1838
3376,1862
2267,4884
1216,2831
3947,2853
2067,133
4421,4723
4278,4681
3379,2818
2399,56
3389,4676
4624,4946
3466,4994
1922,1734
779,4932
1322,4889
1602,4673
3804,4783
1071,3886
3903,4800
4871,4738
3755,113
3524,4742
4422,5066
2579,4772
4054,47
1226,4249
3619,2866
3304,4904
661,4971
119,2764
4474,4944
4703,4860
1486,3914
3779,4972
859,3886
1970,4686
3678,4957
3023,1835
3872,2789
898,2658
749,4926
5048,54
2350,67
1009,4686
2077,4870
2100,2810
879,1848
4023,2783
2255,66
897,4635
3041,4753
3738,2821
1202,4870
5033,1836
1461,2803
732,2789
1608,4972
2096,1847
4355,3913
4612,12
4704,3913
231,1835
742,4986
971,12
599,5063
730,4754
1117,4870
4088,4936
1103,4888
2498,1842
3949,4654
572,4944
4088,1851
2367,4784
264,4746
698,1855
1143,67
3782,67
2446,4730
301,3914
413,1840
2931,4829
347,2776
2321,2781
2771,4817
155,4817
4620,2768
1881,8
4475,4250
1917,4935
4279,2853
2290,2789
1499,4889
1674,4818
3522,4877
4058,4971
73,50
2098,5064
2298,4752
2223,4819
229,4770
3696,1740
2962,3884
668,4682
3048,4907
1098,2800
1577,5001
3386,4860
2539,4855
4726,2823
88,1728
350,2808
3329,4884
4353,4994
1274,2776
964,5065
3408,34
4166,4917
5034,1842
3257,4858
1253,1846
1914,4979
3364,2781
2332,3505
1422,4965
3286,54
3158,13
1419,9
2198,1862
4412,2847
1878,2764
1778,4689
2541,3879
2250,2772
1134,2772
1637,1731
2202,47
205,1836
1269,2767
3432,2840
1552,4958
4327,4998
3161,4979
241,1844
1584,124
230,4249
1721,1845
4983,4955
617,4909
2570,1733
4030,4917
3275,1788
1046,2799
2273,4996
2717,4267
3991,115
1134,60
1700,2812
1699,4684
2234,65
4567,4849
690,4997
3636,4733
2523,2833
4095,4884
881,1851
4334,4951
1284,1726
4156,4787
733,4903
466,1731
429,2809
2574,4889
2137,2835
4442,4860
4756,4830
823,1833
513,4774
2252,4971
282,4793
1636,4755
1014,283
4573,320
5046,4882
1472,63
1899,4785
4108,2798
4164,50
290,4737
289,2866
955,4753
3587,4732
1571,5075
1901,4883
2634,1896
2655,1842
4260,3880
2906,4669
585,4732
931,4680
844,2847
3907,4764
253,1731
3198,4691
4594,53
4442,65
288,3924
2931,2800
476,4861
3281,2813
2017,145
1291,4694
1478,4249
4510,2794
1382,45
997,2813
3381,4979
336,1855
1444,4968
2455,113
3722,4778
1612,1817
4152,69
4105,113
3397,2837
3273,2847
3074,4729
959,42
3502,4956
520,4248
3717,3914
3871,3505
2716,4788
622,2831
365,4786
2083,284
3844,4735
4263,5065
1357,4877
1924,3878
1328,4905
5061,2829
3023,1
763,8
3851,2799
3261,1861
2591,4746
3343,4847
3202,4954
2170,4684
1542,48
3890,2787
3678,46
3076,1842
672,56
831,4780
2368,2827
194,4972
772,3
1019,1788
1557,1842
2894,48
2543,66
526,4766
2894,1732
414,5000
3323,5063
445,4878
4641,2658
509,4956
4656,2853
3659,4670
4363,4613
4294,4971
4141,2811
3332,4877
1119,4635
1545,4720
569,4251
4135,4772
3244,2832
310,4870
2393,2787
2262,4896
553,1831
1905,4754
2441,65
1226,6
3865,4832
3908,2838
416,4937
4658,4904
1031,4264
4804,4734
539,4886
3479,1849
4230,4832
1004,3878
3591,132
5059,4680
4039,2826
509,56
1526,3915
3197,2787
3716,4696
1453,63
2403,145
144,4946
3725,4939
536,4947
2013,7
757,4815
2225,2825
2123,2858
482,4904
897,2833
2873,4921
4925,2764
3407,1833
4464,2841
518,4790
1175,4848
2306,4828
3640,4731
922,4694
1608,4789
4702,4790
3194,2789
2487,5004
844,4759
157,47
1093,4904
305,1732
2281,4672
3028,56
3944,4801
706,1748
3457,2856
2711,53
4350,4991
3646,4720
4417,60
2429,4793
1298,4680
4254,4780
4043,5073
4515,2851
1260,4858
3922,4763
2696,4692
4436,4678
2476,4688
376,2785
2956,3914
3258,2855
3737,4694
4807,41
974,1835
3465,4832
264,2860
3748,4773
2294,4694
4922,2781
1705,4669
863,2765
841,4734
519,1733
4260,131
5024,4932
672,3880
1296,2866
3084,117
3035,4992
2670,4689
1238,1730
3133,4935
2585,5073
1212,4253
2415,4739
785,116
2062,4783
1047,4941
527,2768
148,4251
738,4743
4493,4961
2968,61
3043,1731
1602,124
1003,4872
3495,4742
2806,2671
3366,1845
59,4785
4204,5073
3203,2835
4040,2844
3424,4670
1296,4883
3738,4688
4320,2774
676,2844
4132,4818
4400,66
2666,2860
1899,320
1870,4940
341,2788
761,5077
5040,2790
1681,38
2544,4831
3923,2855
1230,4884
1724,3879
1174,4860
4499,3924
1724,115
3643,4989
4390,1843
1385,3885
3632,4671
72,4801
4157,2773
2530,4832
504,4972
4551,4956
2645,145
2481,2856
2224,5002
1276,4733
2991,2846
309,2786
4392,4746
3045,1848
2946,4746
590,2829
2107,5063
1876,4743
3178,4878
1283,2866
535,4789
307,2841
2537,2821
741,68
2980,3912
784,1731
4110,4690
4513,4912
3135,4248
3784,4849
3991,283
1519,1742
928,2786
2852,4906
182,3885
1246,4878
2678,5019
1966,4690
2441,5066
345,45
2130,4690
2933,4883
834,2823
1504,2803
1422,283
4119,2851
1413,4820
24,4792
2728,4741
612,4870
2482,2808
2249,4919
2437,4929
3491,3505
4112,4781
1237,2862
17,4678
2288,4970
3856,2821
1894,4892
487,7
4170,4783
292,55
297,2795
3264,4996
3872,4894
875,2866
1542,2832
2298,4654
3988,4889
3399,2799
1377,1740
3686,4902
1106,2862
140,2790
2184,4830
3009,4965
4644,4921
2185,51
271,5073
1930,4872
1252,5002
1819,2867
2620,4917
3298,2784
4865,1833
3192,1847
2991,4883
2632,4251
2544,4682
437,4763
3876,4786
591,4926
2467,4723
217,2773
4822,4897
3532,124
1999,12
5027,1827
3555,4941
4288,5075
2692,2798
1435,4774
3985,4991
4401,4820
334,4891
2318,3885
4128,5004
3109,4954
2721,4850
1652,4872
4391,4668
849,45
1514,1833
