277,4793
1164,4993
1228,4723
2541,3878
4070,4739
2578,1840
2017,2803
2570,4654
4087,2787
277,2822
2551,4998
3074,4613
2173,4634
2210,4782
1012,283
1119,4673
566,4675
4610,48
3024,4971
204,1730
1480,4784
4166,1840
3848,55
325,4739
4118,283
1876,4729
2883,4938
2560,5016
1359,319
2538,4972
4553,4759
3483,2832
3177,2795
640,4720
267,2843
1943,2785
1363,4759
3983,4910
316,4748
1609,4755
4960,2786
3563,2823
1082,4782
2677,2810
855,4816
982,2811
1568,4910
517,4972
3393,5018
160,114
2693,46
22,2820
4064,4870
3063,58
4583,145
2178,4783
164,4799
2710,2783
4054,4800
640,2839
2473,4684
1137,1861
172,4929
4386,4787
685,2787
621,4718
2197,2838
2125,2841
2103,4765
3587,1
2146,2814
3393,4772
725,8
3394,4759
901,4953
836,13
4413,1817
251,5065
3553,4747
1797,4904
2156,1896
1075,318
1379,4962
791,4816
4533,2838
4148,4693
4211,4878
1410,4919
4174,4908
778,21
791,4929
4627,4791
1127,4267
2371,4689
1804,2774
3332,4906
4340,4791
5022,2849
4078,319
1092,124
4408,1831
4802,4681
3230,4782
754,4687
3130,5065
2098,4890
645,3924
4067,4956
2485,4752
3556,4738
2363,4681
1931,4934
4411,285
3537,114
4168,2808
777,2811
3145,2817
3760,4265
3170,2782
2541,4911
3677,4939
1062,1748
1317,1817
3732,4732
2756,4919
759,1836
953,4937
3482,4697
3433,4935
2911,2817
2951,4692
2351,2765
3609,4799
3767,2774
682,13
1886,4759
4557,4677
3578,2844
189,11
2587,4816
77,4776
1325,4680
4342,1834
3737,5001
3315,4789
1899,1837
518,1732
3023,2838
606,4783
76,4750
3363,4938
3204,2671
720,2816
1784,3885
2641,4780
3602,4671
3329,1834
374,2837
3296,4955
1227,4753
3958,4951
5080,285
2931,4742
3439,318
4326,4778
2695,4888
1101,283
4171,2848
2136,4686
816,4672
4875,4697
411,1833
729,2774
2508,4675
3451,4963
4064,61
2498,2768
440,49
1119,4773
4161,4932
1128,4787
1610,2862
3146,4788
2376,1735
3936,5001
4585,2776
3996,4691
106,2783
446,1740
3522,4755
1530,4954
2462,2851
3016,2817
1529,1735
4099,5000
1407,4817
4445,4886
3578,4932
3537,2764
4404,4987
2269,4850
4895,4932
712,1834
2345,61
4258,2765
339,4994
2959,4829
2690,5004
4357,4896
1692,4634
3193,4904
651,47
2040,4693
5084,1849
3576,4918
1093,4265
266,4779
1144,50
4699,3924
3570,4687
4132,49
2474,4729
3589,1848
2186,4763
749,5077
201,4748
2325,4952
4642,5063
862,4929
4399,4824
945,2844
1073,2794
203,1832
147,218
3948,3884
1642,115
3229,2858
4140,5075
4455,1842
3183,1725
864,4901
573,4995
5044,4754
723,2772
4586,2812
714,3883
4528,4771
160,1848
4026,4873
1112,2788
413,4940
290,4770
1210,3879
2882,4910
327,67
1684,4972
3034,5070
1559,4944
2524,4752
2680,4613
3260,3913
1683,2798
1900,2840
3518,145
2409,4912
1613,4797
956,3886
4715,2767
4324,4993
3939,2843
2766,2845
970,4764
1146,4783
24,4862
5080,4979
2459,4897
2742,2839
1905,4935
1707,4963
603,2854
1249,4978
2903,2816
3422,2800
4570,4679
3011,3879
2460,4730
229,4951
727,4934
3728,51
3709,4913
4151,1861
2578,4654
3313,4683
2282,4761
5072,4764
1743,4829
4337,1846
4070,4856
1445,2779
1509,4738
4333,4789
1277,4741
3838,12
3686,4873
2348,1729
3057,4988
878,5075
1023,4932
3183,1731
4036,4687
1435,5004
1496,2821
1507,4951
5039,4926
1102,2773
2160,4729
943,1733
952,4800
2896,4856
274,4692
1055,4860
1000,4855
2321,5066
2013,4937
1338,4957
2593,80
4000,4877
2197,4738
2485,3912
3935,218
1701,56
4581,1735
1345,4904
2314,4782
3203,21
2906,9
934,4675
773,2811
2174,4755
1633,4958
824,4682
2399,4861
1338,1851
924,4861
2937,2808
1134,4786
4481,4772
4504,4697
1596,2772
3059,4729
590,4847
1132,2827
1551,4654
2611,4778
1881,4776
4495,4965
2208,4680
451,4792
803,4793
330,4906
721,4765
1138,1733
4020,4671
1864,4693
4237,4965
2778,4937
3404,4613
2711,1731
3186,4816
2140,4820
322,4931
3360,11
269,4936
1063,3883
500,1732
1528,2846
4414,1
4207,4877
4458,2827
1824,47
4416,4947
639,2862
3905,2832
4272,4669
4143,4768
1108,4797
352,2832
3468,2846
2601,5074
2013,2864
737,4831
2995,318
465,2821
4005,5002
3921,2790
1532,4939
1279,4964
2391,4779
323,4897
629,55
3969,68
197,4888
4233,4919
4482,3885
3977,2795
4863,4249
2956,4880
111,1843
2694,145
248,4790
4015,115
1057,1857
296,1838
866,1808
4473,4849
4359,4954
4129,4695
4470,5069
4131,4951
1055,4723
4710,42
448,2835
411,2799
4130,4734
556,4909
4658,2855
3932,5020
2971,2867
414,4266
3860,9
3517,4887
4431,5074
3070,51
324,65
5007,4879
2534,4613
4288,60
5026,4772
462,4790
1520,4900
4587,8
4649,21
1315,65
187,4940
3307,4995
2132,4765
3259,4913
673,4902
3683,4787
3298,4889
1112,1847
1865,51
4489,4953
3783,4791
2916,4267
1276,4734
4603,2837
1744,4670
2931,4817
1167,284
3188,7
279,2773
1830,4748
3670,1729
3297,4670
3222,4735
765,4858
899,4249
2933,4687
3221,47
1347,4749
2279,3884
2279,4998
1281,4676
3056,4727
2913,5074
243,1733
456,3913
95,4729
4241,2810
4191,52
858,80
1277,4634
1175,7
477,2810
3647,4998
325,4671
1689,4766
4445,2867
2743,3883
656,3
2664,4672
3237,4910
3762,1725
4467,4877
4805,4988
2645,4888
2350,4886
2297,5002
2424,4862
1681,3912
1579,4926
442,55
749,2768
445,2838
222,4668
3252,4861
3465,49
3203,4848
1688,4694
3343,48
3837,2821
2184,1818
392,1849
4409,80
4094,4673
1707,1841
524,3886
1074,2798
3054,4903
1481,4681
525,4911
288,4748
1720,1816
1483,2772
4611,2803
2792,5063
3399,4764
849,2800
1363,2826
2877,2779
3553,4831
1483,4906
3370,2782
1711,4695
1446,2781
487,6
872,4917
3679,4954
2635,4733
3339,61
2071,41
3629,5063
4451,4870
2769,4908
3793,1836
603,124
4513,4801
3366,4818
488,4685
3278,4880
551,4955
453,4940
1303,4776
155,2867
2178,1844
1992,2772
566,2767
1753,4877
2924,4670
865,60
1167,4882
1444,2772
4161,4894
355,2776
3662,2795
514,115
2906,4788
1723,4761
2544,4860
2509,4678
1630,60
239,4683
4206,5070
1977,4776
3113,5075
2184,69
2889,4915
4453,2851
1854,4993
1286,5063
1218,4873
296,4780
4844,4891
1160,1845
2217,1833
2390,4677
678,2846
3243,4669
2320,4737
1872,4955
1354,4882
3157,4682
316,4940
108,9
1000,4878
1874,2774
1356,4673
4034,4979
2143,5065
3448,4785
868,4718
1864,4735
4534,2768
2759,4772
1209,4961
3445,4907
3081,4754
3925,4780
2547,4929
2269,2831
2926,3912
3983,4250
494,4790
4604,4901
2573,4801
3935,4902
120,5064
4186,3886
4338,4738
4622,2788
2269,4905
2987,4733
93,4694
3536,2817
2153,2832
4329,4752
1428,9
192,4778
4631,4780
1254,1839
3750,48
1208,2825
428,1845
611,4876
1574,3912
3955,4880
3141,2835
2092,2840
2973,11
1981,4919
2365,4995
2674,1896
2518,4672
1553,2820
769,1748
2235,2784
3617,4921
1107,4765
165,4678
1878,4684
2620,1847
2882,4968
2443,4739
891,4903
1029,2799
2382,2784
1979,4990
4158,3877
550,4731
809,4773
4068,2808
4509,4954
1464,42
2793,4678
832,4988
3965,1734
1337,284
401,8
3339,2856
3501,4900
1720,1861
1761,47
1242,2853
618,4769
1556,4691
330,1
2157,4681
4510,2814
294,1850
4181,4787
411,320
3727,5073
1108,4887
1673,116
4207,4820
185,5
2941,54
3340,4978
538,4772
4292,2837
3162,2864
2480,4819
3383,4731
1806,2839
924,4986
307,4968
607,4264
2688,117
2662,4935
4155,53
1508,4773
244,4994
102,2817
4642,2829
3763,4739
4070,4877
2697,5074
3179,4818
2404,4894
3329,4692
1152,4737
2253,1846
4869,4746
2696,4748
3521,4919
4178,4920
4573,3924
2815,2796
2235,42
3742,1727
2095,1842
1181,67
3438,1832
4120,41
749,65
1804,4693
3485,1735
2904,3912
5026,4733
2197,1856
2121,4789
4049,4957
884,66
3149,1840
4491,4759
2654,1808
761,3924
4154,4848
995,2810
4378,1808
2693,2786
1248,2816
2590,4815
3966,4768
1180,4683
4615,218
1975,4957
1586,132
2092,38
880,1730
4845,2853
2533,116
2223,38
3044,4694
1106,5065
2998,6
1907,320
2564,34
4585,4856
1536,4264
4495,4816
3448,117
1154,4752
4037,2847
2876,4683
2216,4855
2753,5018
2200,4870
1637,4880
3274,4879
2024,2857
3442,4253
968,4764
804,4248
4098,1816
1805,4693
3806,4678
2243,4770
190,4993
4493,2839
708,4678
2891,4990
4018,2809
613,2789
3643,114
4284,4791
3080,2784
2068,1728
663,4963
2614,2866
791,2816
663,283
3099,4956
2455,1848
3772,1733
3731,4978
4365,4696
4497,4743
3936,4729
410,4797
2815,5070
1820,3881
4419,116
1507,2814
3381,3
3576,4697
488,3912
4218,4990
3616,2800
2258,4892
4054,1834
2464,4738
4700,1816
3413,2798
1708,4770
2431,4934
5051,4733
1756,2800
2590,4782
2321,1856
2465,2800
946,5073
2007,2825
3026,7
4452,4738
4351,4673
4813,4972
1314,4966
2942,4769
4192,4890
1660,145
2067,4797
327,4876
501,60
1000,3615
1627,4941
4530,5063
4091,113
2615,4672
3454,1733
3224,4961
1257,133
3025,4751
3083,1861
452,5073
4147,4729
764,3924
2174,2768
3355,69
4641,1834
2780,4903
893,4986
656,42
3719,47
1878,5016
3311,4766
4400,55
1042,4689
4273,319
1454,12
1635,5074
186,3881
1077,5064
4092,4800
1130,4829
713,56
4636,12
4433,49
5007,4997
5044,2765
3580,68
4056,4955
2308,4815
766,55
3722,115
1237,5064
3278,1837
4342,132
2118,4953
3324,65
3798,2824
370,284
3802,4774
1106,4747
228,2814
2961,2821
4287,8
3841,2860
5015,4785
1542,4769
1123,4820
2398,4919
3020,2867
1315,53
3430,4670
1137,21
3146,4885
1369,4737
2301,4675
4028,4800
3445,4978
1765,4968
542,1836
1247,1725
2688,2767
4257,4887
2056,1729
3195,50
502,4817
3858,1850
1232,4955
1228,2782
179,2787
3510,4769
5043,3915
4222,2808
4320,4929
4626,4696
3680,4888
2580,1857
3200,2764
3111,4947
4010,4728
3421,4897
3243,2862
3022,4789
932,4885
1016,2773
3293,3877
4346,4691
1243,2838
4238,3915
562,4727
1457,2824
1927,1838
100,5002
349,285
1099,4670
5024,117
1233,4961
4580,4750
1859,4789
2685,4918
305,4727
1134,1847
3742,4760
1379,4686
4804,4861
1225,3885
1600,53
57,1727
3970,5074
4026,4730
675,5002
397,4954
1011,1742
37,4820
849,4694
2310,4696
1697,4902
1419,5070
834,4847
2881,1834
1974,4991
3986,1729
253,4731
20,2800
212,1818
4579,4674
3492,284
3197,4883
162,117
2004,2785
4827,2790
2501,4889
2345,2795
2747,5073
345,3886
1888,2826
420,4920
2182,4785
1111,4889
2724,4253
3845,4873
413,4764
1633,4771
2157,4770
1337,4932
3853,4963
18,4879
2030,1726
3633,2816
112,5064
1142,4730
1347,4766
1367,4884
4189,4738
3161,65
1668,4963
202,2848
3201,64
1372,2823
4118,3615
3723,2835
576,4956
2366,4774
3664,3878
259,4248
958,2784
2038,3884
2962,4920
3154,4750
1363,4847
3718,2658
2943,2840
4568,4909
81,4771
551,49
1041,4684
99,1818
2267,4969
1377,2814
4030,4882
1045,4696
3492,1831
2382,4753
244,4248
758,4886
4552,4790
973,2820
1671,283
5042,283
4001,3505
418,4877
399,4774
3050,53
4361,4785
4325,4800
3728,4762
337,2810
2232,2658
4048,218
3033,4931
1802,1731
2202,2796
857,47
4191,4828
844,2849
2728,2818
541,285
2050,4691
3132,1726
4274,4901
866,4734
3498,70
1792,4775
1115,4746
673,1834
2072,4801
3828,1842
1299,2784
550,4876
1946,5063
3627,47
1015,4947
1221,4996
4385,2787
598,4695
943,4888
2482,4995
4809,1839
3080,4930
1004,4954
4051,4903
3454,116
1230,2782
3228,3914
4005,1808
625,2855
3332,80
2931,1733
3366,2658
4109,2866
1165,4989
3112,4957
1389,4681
3459,4954
1159,2845
1058,132
3889,4772
2378,2658
59,4801
2279,2773
3217,4681
1083,1729
4187,4856
3835,2796
1031,2809
3024,4993
2896,4694
2325,4862
118,1842
4584,4861
1490,4988
980,2853
4489,1733
2357,4728
592,3879
2321,4900
468,4955
1998,3914
1158,4989
1530,4896
794,4918
4125,1834
4960,4908
910,4987
3153,4770
394,5077
2622,4848
4794,145
1713,4759
4064,1732
2203,4674
2157,84
23,4935
373,5075
560,3505
254,2784
3758,4958
1921,1850
4307,4849
3731,4635
208,4929
950,132
4716,2847
4597,63
2409,4267
4308,70
451,4870
3550,4830
4496,5019
1651,4685
362,4733
1174,4991
4545,4993
2126,4797
2704,2822
613,4799
4659,1843
441,2833
2168,3505
1814,4780
4837,5063
1545,4931
4434,3886
120,4940
3655,1841
4345,1730
526,4692
2725,4961
4591,4944
3458,1735
20,5004
2210,115
1642,4689
2081,4941
5061,51
4594,4733
3776,2789
2708,2825
1005,319
852,4849
1938,2814
1665,4958
2301,4955
817,4946
3875,47
2648,8
1984,4783
3355,5077
651,1855
3324,4764
657,318
2240,2764
2991,2813
2494,5
2662,2829
2769,5069
4058,4889
1392,1836
1470,4781
975,4987
4588,4847
1369,4267
4924,4957
2455,4963
3273,4848
3317,68
2598,1730
1532,4686
2934,1896
3357,67
4745,4729
4391,3924
1106,4800
1911,4819
536,4894
3658,4683
1342,1838
2116,58
427,1729
76,4964
3684,2773
2911,3
1927,285
1900,4764
333,1
597,58
1751,4892
814,2820
120,4954
3092,4894
1165,4880
20,61
1623,2839
222,145
1795,4777
1138,5020
2212,2851
1304,4759
1872,4730
4089,2837
728,54
3234,4686
1071,4997
2332,4998
768,55
4130,5073
441,2813
3581,2855
998,4786
948,4885
3250,4686
3796,2814
1642,5074
3986,4848
204,16
269,4735
1494,2787
2028,2671
1901,4749
393,4687
1178,4613
2378,1742
2620,1857
2515,4995
1947,4938
315,4901
296,4989
5045,3505
393,4824
4923,4674
1030,2832
3667,4830
2902,3
2745,2800
4043,4968
3742,41
4170,4877
2276,2820
3761,4952
3514,2790
2613,4781
282,4249
3898,4729
1781,4762
1663,50
346,4791
4417,4944
3175,4774
4031,1840
276,4766
3808,4679
632,4932
2402,1847
4327,2867
1664,4678
1794,4749
4105,4691
3603,4830
1403,4992
3240,4855
4049,4765
234,4902
552,4746
4292,4730
2922,4878
3472,5077
2068,41
4205,4264
3942,4815
1957,132
4491,4900
5067,4936
329,40
2624,1816
4180,3915
1389,4784
3799,4718
2429,2839
514,2787
648,4775
3414,4902
4255,4926
3166,4850
2131,3883
4585,2796
5057,1727
3171,4760
475,2817
2431,4733
1154,2867
4354,2857
4308,4728
3395,4877
1538,2824
1721,1860
5045,4855
1606,4671
2333,4683
1227,4897
3225,4891
4469,4779
4794,1837
196,62
3566,3912
259,2840
3612,4766
1121,4759
2665,4732
3397,4915
4246,1843
4652,56
463,4264
3579,2820
3742,2788
2177,4971
472,3914
784,3884
4452,4765
721,4677
773,4996
2994,4675
89,318
2396,318
19,1725
4706,4799
2109,41
3513,4696
2674,4878
3115,4860
539,2798
987,4947
123,2823
2029,49
5061,4762
1247,116
3799,1837
5024,285
1622,64
229,4994
550,2862
1541,4861
3657,3884
3982,4752
173,2787
1967,4692
3167,2803
2357,54
2099,4676
4564,3915
2542,1862
2682,63
3684,4635
714,4789
4243,4741
3945,4996
1793,7
4544,4937
4021,4785
3922,53
3261,15
869,2839
1476,4779
3681,4831
1358,1835
2884,2826
1550,63
1617,4935
147,4250
3451,4818
2368,4909
4495,2848
4124,4860
4277,4265
4181,1737
4066,4918
672,4970
2009,4989
1182,2773
1506,3912
3058,4718
4346,1827
731,5004
3801,2822
845,4763
340,3882
1570,2658
3771,4776
3054,4738
4237,53
397,4917
4950,2848
3517,4944
4839,4820
2371,1730
2705,2790
2982,38
462,4857
1954,4693
339,4996
1405,4917
3298,4961
2690,5002
2576,2813
90,4264
202,2776
3494,1817
1171,2796
1449,4830
5041,4940
2804,5065
86,3880
2334,4775
2479,4688
2030,4669
4666,5004
2444,4917
1021,4689
2086,2827
2054,4971
2471,4635
1435,4754
1298,69
3080,4872
2241,284
2243,1860
4167,5077
4055,2812
2364,2858
2300,54
4444,3
3386,41
228,2829
1802,4793
2097,4696
486,1817
2819,114
2039,1728
3349,4683
4010,4727
2520,4908
2056,4729
2480,2832
3975,64
4722,3884
3489,145
2349,48
652,63
2936,4760
3954,2857
2664,4743
2797,2782
3343,4681
2592,284
1394,4832
3991,49
4645,4748
2207,2789
2229,1847
2569,60
5083,2765
2108,2818
1065,4753
4649,63
435,4909
4445,132
3808,4738
604,38
4258,2781
4625,70
3377,3878
3704,4850
1754,58
262,60
2326,4911
3311,2847
4273,4820
244,4768
2221,4901
3976,1726
933,15
88,2784
3574,4778
469,2835
1437,4764
4113,4872
232,4940
3735,4668
2726,4732
505,4824
3217,1835
2142,4727
844,4754
3432,4926
3050,1848
3081,1726
2318,2816
1265,1849
1771,4251
1585,1818
4583,3883
2024,2822
3889,1851
1257,7
1408,2811
4107,4817
4333,2840
4115,2823
889,4915
2470,1728
5024,7
420,283
340,4733
1668,4877
2952,3881
2510,1729
1566,4997
4509,4686
3360,4265
3992,2773
1509,4962
399,1841
1097,4909
3044,42
4137,2831
898,4917
2151,1862
4144,4995
3069,2783
1905,2849
3799,131
4154,4677
3242,4251
2319,4680
4502,2858
1341,4890
4031,2816
2530,4730
461,4790
3644,2808
900,2812
2243,4940
3405,4686
3629,4782
3137,4880
139,1788
3939,2827
3467,4694
4928,2860
927,2671
3417,4685
1325,4764
261,4847
3955,1838
4121,1728
4866,4249
4658,1727
4604,1735
2322,4820
3004,4691
3960,2847
5055,4764
1620,5019
1226,2847
2033,115
2707,3881
570,4815
4051,2866
4293,2855
3833,4729
3697,1844
3813,4781
1687,4692
1117,4800
2749,4727
1555,2838
922,4775
3048,4742
708,2783
1199,4723
1076,4785
57,9
1080,5066
1706,4738
2948,2858
1013,116
3107,15
3248,4773
837,4905
627,4912
1491,4679
1224,3883
1717,4951
939,4764
1108,4799
4307,1742
1738,4249
1285,1742
5028,4763
4131,1842
3633,4889
777,145
2090,4634
3297,2858
2691,2781
456,4732
1116,3884
3492,2772
429,3914
298,4905
187,4860
2471,1827
3285,1849
369,9
2656,4890
3389,4990
1432,4998
5072,4921
2656,5001
352,62
3852,4886
419,4920
3953,5075
4388,2857
708,2825
2057,2767
4515,4759
3266,2773
527,4885
3552,4909
3797,4829
1921,1839
785,1849
4721,4685
3978,3877
1884,1860
2398,4993
3393,4803
811,4862
4041,4783
3672,4936
4851,2823
4408,285
4307,4691
2390,4782
1115,4749
2304,4267
3464,4883
3499,4858
457,4690
2296,4918
168,4635
558,4770
4263,54
278,4672
1774,4733
3111,4739
3281,4828
3572,4931
1079,2812
4295,2855
4463,1857
2132,4733
3293,4737
337,4824
3614,4883
2802,4936
3060,4783
268,3881
1178,4876
4209,113
4527,4817
1766,4741
1921,2773
268,21
1293,2774
3088,2794
3270,284
3797,4892
1073,1856
3888,5064
4200,4265
1354,21
918,42
2076,1849
1692,5016
5059,4857
4086,13
2906,4768
4597,284
551,38
4980,4670
4154,49
4386,2671
3103,1856
3084,1846
2653,4784
329,1740
4925,4998
1096,4901
3902,4769
714,4926
1602,4668
2958,2809
4573,1834
870,4789
4219,2832
3221,5001
4868,4858
410,4965
1266,4732
2217,4914
2554,48
159,2773
2130,4267
1557,4986
3034,4820
2557,4819
3968,1849
2314,80
1783,4765
873,41
2687,2833
1699,4786
943,2781
4206,4751
2003,1731
4385,2812
1584,2809
1686,2784
3990,131
4252,4818
3106,4966
466,2860
3373,131
3748,2789
3786,2858
1647,4830
3117,3878
2694,4963
1361,4694
1614,1838
4392,1841
4565,4742
83,4919
2343,61
4798,4909
1998,3882
1482,80
3453,4991
4401,2814
1452,2790
1650,4250
1212,2671
1859,1788
2732,4926
2964,4681
3560,5073
2122,1827
1137,4998
1779,2768
1739,1727
2174,1827
3739,2831
2000,2787
3772,4930
2633,4829
1239,4789
3293,4897
3517,4921
4156,2796
2724,1857
809,4793
4811,1837
1763,1848
4220,4773
472,40
3980,1856
3773,4830
2890,4781
4284,4969
3447,4962
2909,2848
403,4761
1415,4720
4625,4790
4411,1860
1216,1732
3839,4760
2406,4731
1097,4824
3057,1731
2967,2808
1481,4729
2449,4750
4093,2832
3720,1838
698,4920
3943,4782
1251,5004
673,1845
4418,4777
705,5018
1094,4961
2725,4882
2926,4955
2911,4731
4125,2849
4170,1844
3689,1842
2567,66
1948,69
4798,4940
4087,3914
3583,1732
4361,4968
3329,2843
3382,4947
753,2841
4131,48
2886,113
3996,1734
4509,4741
831,4267
2087,46
120,4264
5041,1843
1397,117
2997,4858
1923,2785
1197,4816
854,46
3687,1732
196,1740
1644,4753
102,4955
4924,4972
2359,4856
2576,50
3097,4803
1469,4774
1711,5019
2421,4250
463,4916
1903,4670
3362,1748
123,4755
1798,4670
3006,2838
441,4847
4547,4253
467,2784
1038,4887
229,16
1925,1862
4717,4878
1931,4799
2047,2832
834,4820
1693,1856
3295,5073
2958,5016
4336,4694
3011,284
2328,2765
1541,2784
1502,4734
1709,4734
4711,4682
4018,5001
338,2846
2470,4941
1281,62
2665,1839
2941,2816
3911,4729
3435,4790
2736,4956
1257,2820
4538,4970
1652,5000
2018,4952
463,15
4622,4733
4543,5002
377,3914
1290,4968
3893,4249
534,1846
4276,2773
2656,4947
1290,6
3534,4760
4472,2799
3049,284
1072,1847
5005,4914
1542,1816
4134,2829
952,65
4547,2800
4571,5001
3421,4986
1227,4947
3506,84
1676,4769
169,4692
5025,4951
2348,4635
338,4750
3566,4248
5044,2795
106,4850
3605,1731
306,4934
638,2832
3030,1835
2991,4912
4722,4929
3729,2857
2080,52
4262,2795
895,5070
238,4889
393,1839
4404,1727
4498,4998
840,4786
2140,4686
3418,1841
3219,42
1688,2827
3576,4907
3748,4733
4201,5018
1683,3615
3313,4819
2345,65
2438,60
3724,4903
4138,2835
1958,2816
3229,5002
3538,4785
750,3879
1367,1737
3284,4961
4137,2812
3657,4951
1382,4888
4825,2831
1760,4905
2482,4936
738,5
3974,4815
2039,2823
2912,4695
2031,4912
3224,4885
3731,52
2735,4888
3605,4672
3471,4962
1166,4691
660,34
4122,4735
1985,2789
2727,5075
4468,4828
4451,4946
847,4777
3985,4730
1172,69
3308,47
3799,4735
954,4887
4274,4696
1472,4824
820,1857
3120,1851
2482,4669
4254,1840
1698,12
4159,4857
4345,4739
4450,1851
3712,4674
1947,4905
1608,4953
4185,4970
3387,4917
3962,4855
3934,41
1664,51
797,1834
3502,4781
2723,4969
2189,4883
4441,4766
3050,4970
1350,4673
216,4816
2253,2671
2700,1862
4194,4737
456,4884
3081,63
2314,4986
1249,285
3184,4819
2452,15
3323,124
4048,4728
2472,2799
3424,15
765,51
4365,4996
3841,4784
2723,4820
2154,4915
3539,1838
246,4783
3766,1735
3587,284
438,4774
4580,5077
483,2810
494,4962
216,1845
4278,5077
3917,4907
942,4267
2500,4970
2224,2822
4175,4695
1571,54
100,5
2483,2855
1099,3881
3031,2839
3702,2798
3453,4790
1452,3505
357,4954
981,5002
2638,4739
2090,4790
1583,4634
1152,55
3200,4955
814,4944
1927,1850
1047,1788
333,2862
18,2789
252,4681
1900,70
4517,2808
365,4913
1898,4789
2363,5063
1815,47
1610,4250
687,5065
446,4729
2638,4957
4397,4919
252,2865
4021,5077
1257,4962
4612,2789
3321,56
3790,4697
2014,4797
3154,4957
1050,4267
853,5
2187,4249
4296,4730
2635,4934
1632,5020
200,2787
4235,2865
3781,4784
1398,4858
2194,1851
924,5000
2080,5073
1516,4914
3737,4891
4948,2857
3794,4892
3276,1834
3202,133
3195,5020
4355,1861
333,4267
1881,4733
2980,1725
3400,4686
3295,4936
3701,5077
3018,2867
2118,53
1760,12
3499,1856
3767,4789
705,2823
3057,4251
2289,5019
1376,4797
680,4911
3338,5001
1507,4952
120,1737
876,3880
707,2841
1435,4993
3821,4962
3429,5064
1372,2867
2751,4828
3259,4818
1671,1837
1187,4801
2891,4892
2378,4793
756,1728
1563,4934
1243,68
2339,1808
4515,2855
2077,2810
1854,1816
4440,2858
1244,4997
95,1835
1322,4862
231,2671
430,2800
3865,319
3277,3
2415,2854
3946,4929
1973,11
1489,4954
4950,4971
5079,4941
4441,4937
2045,4901
725,4883
4385,3615
854,4729
358,4680
130,2857
2575,67
1948,4732
76,4940
1906,113
4466,58
996,4749
1778,1808
433,1730
3559,2789
3385,2829
276,8
685,1726
1548,2794
511,2787
968,4987
1747,4884
1805,4918
1636,41
3183,4919
4296,4855
1257,4750
647,2796
1133,4910
4270,2855
1467,3884
2107,5069
1709,4678
4517,2862
820,3914
4535,1729
3521,61
1415,2795
2361,1731
1656,1728
2561,4971
2549,56
2211,4750
18,4877
2480,1861
2399,4904
1718,2774
3182,4915
833,4890
5067,4994
261,2765
2473,3882
2340,4887
2305,4264
3147,52
1872,4800
3837,4675
369,4848
2335,2784
1621,46
3960,4691
1546,2782
415,5064
2138,1729
1582,4773
364,4635
2859,4965
2198,4785
4504,1808
2689,2865
568,218
3034,2786
539,3505
4428,4958
244,69
992,4989
738,2835
784,4676
1198,51
3327,1833
2269,4788
1868,4986
4967,4921
1774,2764
186,4997
3213,4956
4189,2818
3112,4754
2727,4695
4212,4763
1449,4762
3942,1831
2493,4978
540,4939
2030,2853
3206,285
3953,4668
2974,2825
2166,2860
3236,1742
1942,4915
1820,4654
3489,4988
3348,3880
3259,11
349,4803
208,4723
2459,3881
2719,2783
188,2835
1154,4775
1906,4832
4557,4972
1719,42
1010,4770
4536,49
4717,4697
1630,3881
3986,4731
3276,2790
4315,4870
4898,2849
4034,84
3549,4918
2607,70
738,1817
2725,55
2792,4858
1772,4675
3392,284
220,1855
2030,5066
700,113
1304,4955
1863,6
3497,3881
259,4990
1482,47
3182,4780
4081,4694
167,3615
1584,1839
433,4858
231,4747
4214,3882
2949,4829
1186,145
2021,4931
254,4749
2626,4730
1535,38
1546,4681
989,4902
1583,116
3691,2786
1491,68
4510,8
1563,4819
968,3913
3657,4829
662,5001
3368,51
4629,4742
852,4914
4619,1740
3405,4832
1524,2810
445,2835
1295,2851
1911,1847
154,4860
1936,1857
4427,4855
1583,2824
3157,4677
3548,4915
4000,284
4328,3
2094,2865
4177,3914
128,4889
2534,4884
3926,9
303,4681
1533,5
2486,2848
159,2826
2446,1841
4437,2767
1292,3924
4096,4634
2924,2671
3101,285
680,2785
5062,1788
3528,117
3800,4911
3831,53
130,1817
4219,2789
4584,3878
971,4688
964,2826
1272,4979
2586,4760
2065,3878
44,4736
3609,4997
4066,4894
2707,5073
672,4914
3943,1816
4289,2789
2964,4682
1370,132
365,4968
609,5020
19,4886
393,4780
361,4954
3960,4830
2598,4873
1114,1847
1045,2817
622,1842
88,1733
3682,4801
4709,131
1707,45
934,1833
3468,2799
3994,4250
1446,4971
1159,2764
1391,4830
1414,4992
1925,15
3094,4765
937,114
4069,4855
2450,4830
1351,1847
327,4919
2499,69
590,4939
3850,4675
4317,49
4867,4938
3580,1731
1926,4884
1087,4790
3874,1861
2645,3885
2175,4993
3727,2843
3503,2811
2012,1841
1487,4727
674,3913
1031,4801
14,2846
33,45
499,4730
1901,4858
2478,4920
3919,4801
1179,48
208,1851
3674,2820
2172,64
4625,4955
4199,5064
1465,9
663,4952
3045,2787
882,1847
2167,2841
4468,2838
2654,4800
3983,1849
1284,4978
4419,4779
2426,2825
2138,2847
228,3885
2327,2837
2581,4971
1561,4751
25,53
620,4765
3019,2841
2073,4855
1363,4872
2149,4830
583,1742
979,4678
1946,1818
260,1839
2680,4686
1661,4940
2233,1851
4922,3883
4975,5001
3069,4931
1512,2843
4100,4961
2058,284
2892,4776
5078,1726
4215,4723
1174,4889
3155,4264
3057,1788
2669,4996
4407,5064
3441,4929
1430,1839
3266,2858
2214,2851
3474,51
3494,54
4188,3879
1313,4897
2126,2864
2539,2821
4142,4889
649,4988
501,4670
2281,4733
887,4963
705,2856
2129,67
1257,63
2435,2864
5053,4878
2924,3912
5054,12
3899,4634
2638,4772
3227,4249
105,2857
2771,5070
565,9
3520,42
4648,4679
853,4267
1978,4742
1202,116
4524,2774
3605,45
3583,1835
2589,4850
831,5063
2896,9
373,4886
110,1817
2329,38
4245,4674
912,4674
3287,55
4833,1733
2203,4670
2420,4904
4322,56
5055,318
3255,5069
2806,1727
1348,4897
3783,3913
3379,1727
3418,53
1346,48
1892,4969
1371,2779
1379,4790
312,5020
1046,47
1036,4793
3781,1742
504,4921
4156,4847
987,4900
785,5004
4235,4751
4602,4998
3125,4979
3617,66
1866,4670
785,34
1057,4882
1384,4926
2299,4913
851,4972
461,3879
368,3924
4377,2658
73,4697
4087,16
2407,4911
1756,4830
1070,2846
4360,2795
697,2803
2447,2785
4214,4947
2139,3914
3055,2790
79,4946
1682,4968
2095,2821
768,4860
1607,52
4128,4857
3244,218
2313,5064
4016,3
3932,4919
1758,2772
356,4731
2255,1
3900,4904
473,1735
1081,4250
2964,4732
3391,3885
878,4885
2936,4748
2930,2783
1680,4781
925,2853
392,4783
688,4972
646,2821
4255,2795
4117,4751
1668,4681
2984,4695
406,4997
1249,50
210,4679
3764,1735
3986,2867
3745,4992
4410,2829
4466,3883
4307,4779
3346,1748
4041,4743
198,2831
3994,1816
1883,4737
561,4934
4421,2789
723,2822
2501,4753
1774,45
2393,3885
3151,38
4148,4742
4808,2823
1013,3883
2121,4998
952,4969
1981,4774
2536,1827
3644,4855
3549,4831
4662,2767
3225,4793
4257,1732
916,52
4618,4856
1186,2658
1987,4816
470,1
477,2671
4436,2862
4804,3914
820,4250
3057,4934
3485,4691
1583,4788
1099,3880
89,1843
4565,4797
3238,2784
708,4791
2927,4669
199,4747
1969,5073
449,2783
2580,1837
2724,2813
4427,1840
4335,4877
3102,58
3859,2803
3100,5065
2255,4266
4546,4887
3995,7
4042,4686
3582,4944
3341,2781
980,4776
608,1727
2566,2865
624,5016
1383,40
4514,145
3685,2824
3696,4971
1916,4766
3052,2862
4550,4861
1203,4752
298,2832
435,1850
730,4790
3008,1748
950,2671
2070,3877
1068,4773
1432,4857
2651,2820
2554,2788
756,4915
1978,1735
678,113
3725,2848
4235,2864
2117,1733
4270,4912
645,4267
1604,4742
3131,2809
1412,46
5059,1835
4863,2833
2002,2768
1918,16
3633,3884
1651,2829
476,4685
2423,4760
2502,4818
1141,2831
3477,4890
3423,3877
1760,13
2976,4972
189,4971
4239,4774
831,2808
4158,2782
3887,4996
2947,4848
2305,4957
2361,4886
735,5066
4356,2827
3726,69
3755,4776
3897,1861
4256,115
2654,4873
1897,53
2151,7
1175,4930
3308,12
2647,40
4359,4819
2649,4782
4132,4920
3437,4766
3655,54
1260,4855
2559,4938
866,1818
1579,2864
2069,4793
1244,2847
726,34
449,54
5031,2849
2081,4816
3284,84
1041,4832
2597,4946
139,4764
1390,4781
1244,4917
3848,2813
2908,1740
4477,4677
3137,4886
3236,38
3291,283
4589,2800
3236,4251
2156,4882
3258,4958
2121,5073
3741,4995
757,4685
3197,4880
1333,2867
1328,2795
1541,4784
150,1851
2928,1
639,283
3488,2783
1968,2765
1142,2784
2161,5070
2017,2776
5041,4680
1108,4793
5067,3883
156,2827
4061,4670
1235,2823
1425,4736
1561,4998
2594,55
2528,4677
519,4991
1524,4905
371,4855
3628,2794
1905,4785
3111,4930
4285,4913
5049,1732
3041,49
2906,4828
2063,4993
3223,4739
1990,45
5047,1836
4242,1855
4464,115
3434,4963
1310,4920
4822,1748
564,4855
2344,1848
1552,4791
632,4782
2317,2865
4811,4801
2561,2821
2493,2796
5083,3505
885,1734
2585,4917
302,2794
4046,4947
3439,4771
4245,4956
1744,4771
3135,4688
4086,4688
128,4876
926,2789
1434,2768
1464,4746
1743,4876
4069,1840
2370,4939
1018,5065
1346,2785
348,4635
3772,1851
2291,4992
945,2862
3433,1817
3453,4858
2261,4755
2406,4878
2219,7
3554,4956
3060,4824
549,3883
1330,1733
384,4979
4490,4691
4367,3914
552,41
2243,4735
1537,4901
2961,4694
2970,2794
2504,2854
2927,2798
2624,4931
524,2787
3352,84
2050,48
4663,4979
1555,4937
245,4634
719,52
2991,1731
2684,55
1708,4679
3578,4873
3441,2838
463,4946
3582,4990
2464,4958
2815,4995
855,4792
4871,3881
201,4250
2801,70
2664,4962
4385,4940
4247,49
1121,55
1066,4882
1393,4930
1444,2839
4985,4731
3844,2851
1115,3877
3869,68
3789,5066
4420,2816
3663,5073
2636,4738
1195,3505
4368,5
3463,4634
290,4905
2689,58
702,4884
1803,4677
3629,3886
2373,4249
263,4691
560,47
2949,5019
1616,2772
2644,4687
2142,1735
1955,4696
2499,4687
4075,1735
447,4669
692,4760
627,4878
4407,66
2175,113
192,4688
2975,4759
337,4697
1377,1735
947,4896
2025,69
2292,2767
1689,4803
4313,3
4767,4737
1566,4678
4480,284
1498,4919
1169,4861
3940,4900
5034,4819
3902,4727
628,4679
3655,4894
656,117
4701,5016
1054,4883
2150,4731
1360,115
2701,2783
592,2865
1749,4954
3349,2849
873,2856
1792,4728
435,1733
1101,4786
2584,2774
4086,319
478,4792
2052,64
2562,4720
3376,2768
677,2860
3474,1733
4270,4857
901,4946
1445,1816
226,5066
301,3877
2154,4696
2370,4749
1645,2855
1477,4730
1145,5004
2805,1727
3653,2779
1683,52
1481,2790
1256,4964
3331,2831
3011,4697
4425,4750
4137,4776
4372,4831
3558,2826
3616,2860
2920,4723
2300,2798
666,2865
3157,70
1585,45
2990,1725
707,47
2952,5016
4547,4675
3580,2826
3988,4916
151,2856
2336,4946
4458,2796
5041,62
2159,4732
3940,4955
4539,4720
146,4774
3539,4697
3640,4886
1448,48
1331,4692
2461,4634
4959,4970
2568,1860
4171,4941
2637,4769
2539,4682
1321,2816
4344,5074
3022,4848
2566,4934
4854,3885
2382,4691
3321,4735
4103,4737
4421,4786
2371,4885
553,2827
1908,4979
539,1726
2885,54
2469,4769
3802,4685
3198,4824
3888,1831
372,2779
3707,4879
1524,2783
823,4253
1692,4764
357,3886
2029,4978
2543,1833
3856,3886
2985,4915
956,1740
1997,2785
4296,4769
1008,2845
0,4779
4424,2823
2496,4766
2877,2811
74,2786
2828,4908
2651,4876
682,1836
1323,1846
4306,4937
3251,4692
2648,4799
3358,218
2233,3877
3893,4872
3143,4915
4667,4746
4076,2820
3167,4696
194,4803
1422,4789
3116,4720
81,1847
3522,2821
3395,4878
2456,4831
545,52
2395,2845
2575,3885
3525,4735
3754,4996
3773,4894
1974,4731
2598,4906
1503,4730
1018,319
1349,1817
3468,5073
816,2773
3257,4783
238,3880
3135,4746
3125,56
2960,1808
4038,4264
2735,4695
539,4654
2993,4266
1510,4971
2775,4860
2938,4673
1120,1844
1903,4799
4523,2845
3612,4872
443,1837
4431,3878
4237,145
1221,218
1271,4742
3784,1818
2137,4746
3141,41
4982,4695
2770,2764
2581,2784
2995,61
1557,2781
2521,1836
2150,5077
4111,1896
127,2658
3397,320
3116,2858
402,4734
3061,4685
1248,2658
3826,2826
3034,2840
1755,4916
514,5064
2233,4773
1152,3878
2202,4773
3922,48
1529,4654
3237,4992
2217,1727
3928,4820
1433,4912
3638,4695
3461,1733
1906,1730
4400,1737
3327,2862
4498,4677
416,4913
4321,4786
4556,4773
4485,4884
4066,12
2297,5077
1661,2767
2498,4763
435,1726
2209,4692
3860,1808
1981,2865
360,4750
3656,3886
418,4819
747,4720
2501,4734
3340,4768
2093,4953
231,1816
2632,4266
4292,2779
1807,4993
3573,4613
4619,4888
4481,2858
2421,4679
2468,1857
1308,4857
963,2821
801,4780
5038,4793
2452,4991
809,4886
3854,4920
1642,4850
122,2856
2142,145
2734,2767
467,4931
1869,4990
3904,4862
3352,4993
2087,4855
1746,4692
3383,114
269,2774
4967,4692
3206,1737
4181,4691
3033,4772
3686,4993
5014,4954
1316,4817
1764,2833
2911,4687
1566,4860
3560,4862
1161,4267
796,1839
2407,4956
3508,2820
5078,64
4933,61
250,4729
4102,4883
324,4906
2697,4961
5039,4919
3089,4775
1009,4777
4631,3882
3469,4803
2032,4738
618,4914
4100,4250
1173,4772
1615,4669
3447,4832
4070,4909
3151,3913
372,1733
3594,320
5042,4850
4294,2867
121,4733
1419,1841
3604,1817
287,4914
2696,4780
267,2856
1081,2866
2195,4934
1039,3914
3114,2841
2444,2821
4647,4947
2174,4970
296,1734
4490,4991
355,4697
3382,4824
3331,4694
4459,1832
652,1816
3469,4913
919,4718
2203,4746
3778,1846
372,3878
1825,4937
1904,4755
3732,1841
1373,4848
196,2813
1344,4763
3819,4753
3558,4969
743,2816
2027,4990
3187,2790
4590,1843
2662,1788
3109,4748
3506,5004
2571,4683
2390,4848
3232,3879
2477,1808
1155,4264
1518,4748
997,2843
813,4937
4109,2826
1344,284
406,1827
4448,4251
921,4760
3091,2865
743,2790
3589,4856
502,4932
1524,3881
1558,4679
2748,4878
859,3912
5017,3880
246,2847
3287,4690
1093,4771
939,4912
4667,4919
3244,40
4480,2785
3569,4870
1939,4956
1684,2765
3800,2844
4140,4941
1112,6
4296,11
2220,1818
917,4669
3584,4690
3899,3914
2977,4905
1537,4937
2127,41
4559,2788
1083,4265
1338,4966
2460,38
3193,4732
4135,2857
4895,4267
3142,4905
365,4897
2499,2786
3730,2671
2001,2785
994,1729
3782,2814
2469,4729
2530,4729
5039,48
393,4966
3465,2764
1232,3505
2626,2768
1924,4935
128,4992
840,2808
1471,4905
3063,5020
2754,4872
1549,4921
3137,1818
165,51
937,42
1515,4832
3260,4687
3759,4861
2339,2822
412,2848
3777,3882
4258,4891
3897,5065
296,2841
3934,4635
698,47
244,1817
531,4902
1006,4819
2956,4696
3308,4741
2723,4850
1828,4791
2920,284
4412,4954
1962,4797
3535,4979
4600,2838
4163,4891
931,5063
2301,283
1934,41
1392,38
4307,4885
4275,5001
3934,4917
2459,2837
4805,70
1325,2808
1465,4998
1321,4887
3422,124
190,4947
1648,4249
2879,53
3740,4857
3524,318
548,4267
2244,3880
376,4954
1508,16
983,4873
4450,4832
730,2814
528,84
4455,4668
2439,4680
1701,4733
1314,4679
2300,4677
3632,4774
3010,70
1884,4773
3334,4776
3546,52
3971,13
1749,4918
3552,4896
3696,5000
1551,5002
2704,4769
3958,4679
3744,3913
3786,4969
495,4986
2797,3915
125,38
264,4739
3022,42
2635,4964
1392,2856
383,5073
887,4634
2009,1845
214,5020
1002,4790
4297,7
1459,40
4022,4781
4492,4896
4976,4734
3295,4782
4715,41
800,4883
326,2773
1938,70
1197,5063
3547,5001
3468,2825
2120,4890
2637,4907
1310,1862
1872,4784
3473,51
1637,4773
1098,4946
413,5004
2361,2843
2973,34
340,5020
729,3880
2351,1742
1524,4783
2358,320
4874,1726
4795,4961
4118,4888
3891,3878
4484,5064
2419,2832
3864,48
4484,2865
700,4956
1094,2837
1076,2816
1899,2862
2756,1730
3890,4939
1783,4728
4152,1727
3043,4728
495,4891
1514,4932
3165,5000
2669,4877
4414,1731
3155,4900
1484,4901
3319,4692
3039,5004
1284,4685
1489,5077
485,1851
2780,4775
2001,1851
3209,5063
825,4669
271,4635
2688,1856
4372,2796
3575,4991
3508,4994
3013,4903
482,4683
2099,4849
2508,1817
2877,2774
1898,56
1121,5064
356,67
732,2848
1273,4904
487,61
282,4780
3469,2837
3782,1742
149,3886
468,4759
4645,1732
4578,2822
1631,5064
935,2799
1995,1733
1210,2813
3766,4784
5046,4873
1419,2817
3244,4957
3567,47
276,4944
683,4848
4113,4613
569,48
1601,3
2928,4670
969,5000
3311,42
4823,4777
834,2784
2530,5069
270,1836
1180,4911
270,64
570,1840
3831,4749
456,2800
3563,51
4246,4789
2452,4720
3055,2829
252,2820
1345,4889
4825,4817
2400,51
4028,4265
86,4752
1634,4692
4945,4897
3487,1740
3302,4729
3133,2860
2608,4693
844,4971
678,47
808,2809
1596,4978
2911,4934
3995,4673
181,4832
4435,4797
2590,4820
307,1735
2650,4674
789,1827
276,3914
2948,1847
5058,2774
2992,117
3351,4762
3284,4936
3335,4668
1782,4907
687,1838
2167,4920
1001,2823
977,4754
3033,4733
4310,2772
176,4752
2759,4771
1700,4743
4477,4956
837,4971
1633,2811
2136,16
3892,4926
3110,1856
173,2811
2312,4265
2983,318
2530,2764
3566,4782
4300,4938
2486,4906
4216,4906
1146,4917
444,4720
4377,1848
1085,2847
3085,2789
1911,2825
2189,284
4289,4819
1693,4951
4980,6
1672,1725
3756,2800
2501,1846
1644,4733
1105,16
818,4670
2349,2858
2318,4994
2229,4755
1124,4723
2060,2765
1470,4675
3084,1862
3394,1844
876,4913
511,4729
1263,1840
2433,52
3696,69
78,48
2748,4747
167,4696
2994,4858
1013,4926
2686,3915
3198,2844
1866,2767
3279,4850
1157,2848
2452,4964
3708,4697
2206,1848
4436,4954
2884,4903
1959,131
2469,42
3660,3886
3650,1725
2173,4947
3314,4729
3434,48
2252,4883
3405,2843
2517,318
1975,3
1527,2790
3080,4880
3309,1727
741,3
3210,4904
4242,320
4387,1849
2695,4896
3603,4947
238,7
2797,4613
413,4672
3060,2827
2346,2671
1448,4969
1533,4917
4338,2854
1285,2840
968,4755
609,4828
2461,2862
2441,4920
4532,4849
457,1817
3194,1842
2525,2865
4541,4904
1552,4931
639,48
4194,1835
854,4964
4899,38
2217,4818
4323,4954
1651,11
2575,3884
1274,3886
4814,4991
1523,2854
716,2784
2193,4938
4221,41
2593,45
2425,4992
2942,2794
1552,2837
844,2838
4893,4688
1893,2845
1927,4738
4443,3924
651,2788
276,2837
3793,4669
777,2856
2924,4940
3611,4690
4644,1742
2355,4775
4385,15
1206,4250
2674,2864
4649,80
457,2839
195,115
2375,145
1365,4966
3581,4761
2024,4956
1809,3885
92,1817
1937,1735
4313,4728
1486,70
5040,2838
3675,4968
670,115
5081,4675
2314,4265
3544,2772
3989,4915
4468,16
1961,4878
4394,4689
3351,5020
4356,2833
1878,4880
1172,64
633,4986
3096,4909
4161,1833
4373,4779
4110,116
1924,4799
4501,1849
1961,64
4923,2849
977,2781
543,4883
2060,51
2472,4265
1676,4690
737,4997
562,4831
1807,4883
1008,2765
4924,4249
4113,1838
3392,4828
3653,4964
1586,4771
5059,4675
1774,1727
3124,4856
4441,4978
1865,2767
1494,4785
4704,4723
1546,38
2154,4749
786,4752
3729,2840
4232,3912
2918,1849
2091,5077
3989,2854
4292,4885
3651,49
1080,4820
4111,2865
176,4684
4100,4935
1745,4774
4071,4897
3921,3883
2927,320
1204,4733
482,4992
2259,2860
3143,1834
3654,2811
2223,51
1869,3914
4142,5064
1537,2847
1822,4870
349,4635
1418,4680
2304,1
4337,4905
1790,34
2468,2779
1191,1843
520,2812
1516,4829
4036,4679
1012,4729
2657,1817
614,4765
1953,4919
4493,2820
4516,4932
510,9
3788,2764
3392,4876
1563,4941
2895,4774
3800,4760
4015,4669
4574,3505
120,1837
2077,2789
4280,4735
639,4732
3080,4857
3613,4775
4614,2845
3247,4884
446,2824
4488,1833
1876,2822
930,4921
99,38
4286,4979
948,2671
2584,2784
1356,8
3196,1861
2647,2853
1821,114
187,1845
986,4800
2687,1808
4616,3882
1618,1818
5045,3615
4629,4671
1163,2849
4531,4684
764,4955
1059,4969
3536,4760
4061,58
2915,4856
572,4901
4661,4793
4204,4916
1083,52
667,4635
2778,4929
3821,4780
4223,4873
167,4803
4259,2818
2757,1735
4462,4691
2710,4944
433,2847
1691,4944
493,4775
352,4677
277,4746
3490,4729
1498,2833
1382,1733
2750,4897
3585,4762
3126,4748
4241,4267
3626,4979
693,4990
4428,4677
803,4988
1686,2856
2761,1860
3395,4797
4335,2768
4641,1855
1903,4908
389,4931
4533,4916
2271,2813
4342,2658
3318,5016
4834,4787
5012,4951
4226,1727
4983,4971
712,3883
3707,4731
3162,4675
3925,4929
4631,2818
3939,1896
904,4777
2577,5016
1571,1725
3784,2865
2693,4727
3761,2865
1932,5064
4387,4940
3991,4746
2189,4771
1959,4908
692,4930
974,1842
4033,4654
4874,4729
1784,4911
4241,1845
4007,2782
3857,4931
4717,1845
4430,4829
2939,54
1749,2829
2603,4678
4326,5001
1446,11
745,4917
2275,2794
2667,2844
3113,4777
387,8
2692,5018
2148,1850
3631,3912
142,2848
2988,4926
2167,4929
1951,2849
2581,4750
1826,1840
3925,4736
2673,320
190,2818
721,4896
235,67
3805,4800
1439,4817
2161,1856
3080,4904
1334,4935
1651,4249
727,1740
1707,2796
2700,4694
3491,4674
57,1808
95,3912
166,3880
2296,284
4269,4250
1767,4935
3162,4770
3300,1837
4623,4747
1681,5016
1822,2864
1957,4832
3304,2790
4394,4790
3931,4762
388,4902
766,1728
1390,1808
4554,4912
1358,2866
2307,2849
3038,4957
3557,2803
1977,1818
2651,1834
4110,4884
3170,1848
354,2779
2448,4689
4520,4249
1494,55
4380,4958
2650,1850
2648,4251
297,4739
3538,283
4022,3877
599,5065
4717,1831
1638,4781
1021,3886
493,4969
683,4921
1045,1842
3842,4996
2012,2803
1472,4904
3132,4671
908,4911
3642,2798
4375,2847
4485,4780
755,4913
1337,2822
4124,1748
1486,15
4621,50
4361,62
2066,4671
214,2858
3682,1732
209,2789
3095,1861
4041,2785
887,5002
4028,4944
4553,4994
657,4733
2000,4957
3285,4772
1162,4635
959,4916
3686,4911
1153,4993
2539,5075
2563,4251
1682,64
4360,4910
2966,4729
96,4687
3821,4931
3966,4910
1609,2857
2301,4917
2124,4946
2254,2849
1669,4788
3250,5001
2312,4753
4165,4918
1941,1836
4191,67
126,7
4008,2822
2605,1728
5057,2787
1481,2831
1010,4879
1538,2782
1444,113
1716,4907
2137,2796
1113,5069
1988,2796
3058,4786
4191,2851
3521,4733
3421,47
689,80
1605,4771
3215,4635
1585,1734
1821,40
1209,4735
2724,4819
4976,2779
4019,1731
3565,4968
1865,4932
4536,4876
4410,4909
1068,3881
4161,4820
4048,1735
2634,1727
2481,1733
954,4248
568,1725
705,5004
1099,1733
805,6
3588,4978
4120,4858
3337,2844
1918,60
584,2803
736,4966
1324,4913
1150,4690
795,3881
765,4742
412,4946
472,4947
1617,5075
4417,4634
1591,2827
4537,1862
5021,1728
172,4760
1361,34
439,46
3831,4929
2708,4988
2697,2865
2727,5002
3889,4954
1779,116
591,4720
2653,2768
4701,4251
1770,2783
989,124
712,4962
1408,4815
4409,4900
2675,4720
3696,1732
19,4891
4439,4771
1362,3615
3554,4686
1300,4676
3033,4913
4627,2864
2674,4613
251,4818
1135,2849
4037,4857
845,4689
1185,1843
330,4760
3991,117
3668,4750
341,5069
1211,4989
3059,3912
2486,4766
1945,2846
526,80
1183,1735
4136,66
136,2817
1091,4886
792,4668
812,2803
4469,2846
2344,2782
1626,5
2091,4760
288,2857
1491,4887
2152,4720
3551,1856
3516,1735
883,1726
4588,4264
4448,4987
1897,320
974,319
4173,4674
4928,4783
849,38
4950,4817
3993,115
4899,4789
1583,1862
4058,2789
4587,4858
3949,40
976,1849
2792,1734
2603,2860
2283,51
238,4797
1376,1788
334,4668
5068,2818
4666,4788
5008,3615
3610,4858
4144,1834
3271,1851
3529,4769
1071,3
1984,4786
4561,4769
737,4879
148,4800
480,5002
1937,4951
1108,2856
3933,1839
3208,4687
3782,2853
1940,2765
1619,4936
2473,2860
528,16
309,4249
3722,2818
819,2847
3951,4857
2274,1832
4945,4993
4346,60
957,1835
1447,2809
4410,4732
4092,4635
3824,4249
445,4783
3790,4727
2133,2808
1446,4873
1708,4788
3761,4947
3758,4991
2214,4861
170,318
4205,1838
901,4913
5081,1840
591,4885
3713,4909
1807,4266
2078,4939
891,4778
4480,1726
809,4920
3899,2812
3771,2851
3269,4776
1215,5066
1402,4815
4092,1855
3094,4770
108,5069
580,113
2136,1818
970,4691
3463,4728
4424,2825
3145,4971
1259,4884
417,115
2561,4903
3072,1731
2113,320
2039,2829
626,4692
4447,3914
4543,4897
1337,4886
3952,4970
4083,2835
4437,2784
3772,4752
817,4832
2896,2845
3818,4879
2542,4780
1246,2858
1630,2835
2172,5018
3197,2820
436,47
2500,4993
3594,1847
700,38
3409,4997
4483,4930
699,5070
723,4954
2336,5073
314,4781
3901,5073
3085,12
3408,4912
2524,4747
2504,3883
4473,4787
257,4955
3696,4930
3097,1818
4305,21
1265,4972
1093,1856
1026,4994
5060,131
1635,4762
2343,4765
4038,1841
2660,2796
3379,4789
1363,5000
3948,4930
1552,4849
1606,4818
3677,2866
2916,1737
5007,4941
2898,66
2932,2818
3565,80
747,2845
1945,2810
1534,145
2985,1840
1235,4908
2555,4777
2049,4670
1793,4939
5062,69
1003,2832
1479,2787
4551,1838
3765,4250
3750,4678
2287,67
4863,4755
5059,1729
4361,3882
3574,4850
1047,4992
1507,5075
4494,1742
1715,4672
4188,4953
4811,4934
1926,2825
548,4998
382,5077
1460,1827
1487,4692
3666,3886
3999,1836
2307,4912
1611,50
753,4784
337,4264
1312,4800
712,5004
2836,4824
2254,2841
2062,1848
3141,4728
3938,65
745,2826
4425,2858
1477,4251
833,2823
4335,4969
4898,133
246,1748
1755,1818
1913,4848
2690,6
2280,4962
803,3
4530,58
3944,4265
2050,4727
4262,2841
606,4849
4086,3881
2475,4635
4333,2781
539,4670
352,4970
4576,1860
3792,4947
3101,15
3514,5075
3309,2794
995,2798
2580,4781
1570,1808
2479,55
450,319
4428,218
2299,4947
4298,4783
4655,1835
1767,115
3983,6
3654,2808
159,4791
3918,1731
3453,4688
1418,4681
1332,2864
5060,2826
426,2821
722,2774
1318,4779
3394,2847
4515,1
2936,4944
298,4783
1010,9
4263,4753
1338,4720
2529,2784
3371,4889
753,4817
863,5002
4758,2818
1607,4917
2651,5019
2471,1850
3385,4997
963,4727
2284,4684
2584,4986
1480,1748
2359,1845
1070,4815
3491,4743
230,5073
1003,4819
1143,2809
2085,4766
495,4994
995,4682
2536,4896
833,2833
1024,5063
771,3880
1395,4931
4163,1851
3777,4792
3958,4729
3179,42
950,2658
1549,1848
3124,4734
1335,55
129,1861
1055,2774
4580,12
2870,4937
742,4916
4174,4675
4414,4761
2617,2826
4374,116
3454,4908
2288,38
2744,4818
2640,4963
1110,218
4407,1832
3223,3881
1531,4613
1785,1730
2207,4803
809,133
2415,2768
2326,3615
2495,42
783,4890
3577,4816
4003,4908
3334,285
464,4862
3285,1857
3254,1840
2547,2853
4158,4938
148,4873
2183,4746
852,4676
3676,2841
1766,133
4136,4911
1482,4831
4595,5074
586,4990
1054,1
35,4962
2015,4829
1464,283
3663,2847
3507,4955
3513,5069
1049,1837
621,4988
4115,4687
2970,2820
911,4978
175,4904
692,2853
466,1855
1783,4251
2508,4988
2938,4755
832,1733
4124,4940
1219,4888
2593,4770
3201,4728
2285,4749
3067,1851
3659,133
2978,1726
1803,4988
4304,3912
864,4743
3184,2849
2515,4911
2888,5064
368,1856
3068,4686
4190,4741
600,4940
1353,4772
3253,1841
1781,4780
2379,2767
2226,2784
3307,5002
1705,320
3029,4890
5010,4674
965,4903
4653,4688
1659,5002
1955,2812
854,2845
4207,4773
425,1735
1980,4965
3499,4880
323,2786
4630,1847
2612,4962
2259,4858
922,4768
1680,4936
1900,4966
4593,4770
4413,2849
1461,4932
3575,2848
158,2864
18,4873
3081,4830
4486,4728
4046,3881
1550,4969
4280,2794
2478,4886
634,4754
2309,132
1749,116
1065,4916
3792,1827
475,4921
4455,4952
3639,4951
4064,2866
4108,2783
3665,4889
1525,69
4360,2823
1943,4940
554,2816
1544,4902
2093,4747
1776,4773
1347,2774
1088,15
1561,4773
1676,2796
4811,67
4032,3884
3857,4771
3612,4780
3115,5004
2918,1861
2724,1834
3202,2812
4243,2864
1098,4755
2614,4944
4571,4755
2384,5018
4038,4876
3808,4771
140,1788
4224,4669
735,1855
418,132
775,64
4268,4251
1783,4746
2074,4855
1640,4918
468,116
2224,4994
448,4939
4045,4668
2802,4850
3081,4991
3979,4815
5042,4267
928,2844
1219,4792
419,1849
3793,4902
803,5002
2380,5004
2723,1835
4074,4818
1038,4800
4535,4998
367,1808
3500,4936
3723,2823
4315,2810
3749,2827
3567,4803
488,5077
4585,60
2072,4889
399,5020
2524,1838
3960,1836
1682,4670
3454,1862
774,1732
4469,4815
2897,4883
615,2860
849,4746
3740,1847
423,4877
4619,1728
1560,4963
2048,4752
543,116
1751,4248
426,4860
3566,2813
1942,64
429,4908
3871,2824
568,4828
461,67
4414,4820
1959,2779
2611,4751
1271,1
4982,4732
1674,4886
3093,1837
2091,4781
4536,84
5034,319
1383,4910
2416,133
4507,1851
616,4919
1397,1845
1541,4753
2904,1862
3649,4987
3749,4847
2497,5065
2941,4675
404,2821
3917,4894
2246,4753
3638,2844
2166,3914
1636,4832
4087,2789
4642,4870
4495,1837
1766,4776
2278,4683
631,4907
183,3881
2747,4817
2669,2846
3496,2800
1753,4886
3422,4774
377,1727
3466,4941
1415,4920
920,4901
2956,4915
685,4635
1435,2864
605,11
329,1808
431,4968
1744,5077
2618,4817
955,4861
4351,4934
275,1737
1367,4741
1236,2764
2251,4831
5036,4730
3695,3
3636,4801
2083,40
4173,113
3412,4989
3443,1836
1781,42
2218,1729
4114,4690
2118,5019
1899,1849
3135,4832
3467,2796
1997,2796
3899,2785
1812,3884
2148,4937
2065,2812
1973,4694
829,3924
1024,4781
4630,4879
1301,4963
3445,2826
954,4267
256,4938
1293,2835
2016,68
3752,4998
226,3886
951,2841
1064,4889
88,4692
1318,4754
3173,3882
3942,2813
4343,4860
3089,4669
3471,4885
374,4676
1301,4677
773,1728
4833,64
4399,4783
513,1729
1136,1740
2011,4896
1935,4694
2560,4251
2180,2790
1408,4911
2056,2860
1210,4855
923,3882
3811,1732
933,4738
541,1862
2717,2803
4554,4935
4365,2841
545,5069
4204,51
565,2787
2804,4829
4577,2853
3938,45
943,2857
4619,56
2496,4932
2383,2798
1000,4677
2121,4748
3555,4997
2307,3877
2302,4941
1872,2858
1661,4936
2323,1725
2938,2838
4058,2851
3827,4849
3777,4978
4805,4731
292,5077
389,2844
3029,5074
2213,66
1317,1730
2761,2841
3993,5002
1242,4728
2456,115
1268,2860
2065,4264
1482,4267
1212,4957
3321,5074
814,2840
557,4998
3484,116
1706,4788
1358,2773
2104,4919
3586,66
4287,5002
238,4829
2923,2800
3719,1742
3065,2795
74,132
2761,4783
403,48
893,4862
1283,4906
3008,2808
3070,1832
1767,4921
4082,2832
1398,2790
3404,4906
2884,2818
4138,4694
1866,4989
1084,4934
3942,4688
3154,4801
3015,4939
2207,1835
183,8
4291,3883
3566,5016
3082,4911
107,4695
3109,52
4463,2845
1784,5016
1468,4987
1111,2796
3468,4733
2122,1856
796,3879
1205,4915
4925,4934
4448,4790
4382,1
2508,2817
2685,5002
3643,4940
3804,1742
992,2847
3318,4861
1550,4855
2484,283
3328,2839
213,5019
350,46
3896,284
3617,4654
483,2837
1696,4785
2589,4993
4726,68
4383,4781
1592,2809
426,4693
2065,4876
4960,4777
1299,4759
2834,1748
4875,4979
1086,4972
3547,2817
794,4788
3721,1748
788,117
4189,4916
178,4750
4320,5069
1749,4799
2880,4613
2954,4916
182,1727
4334,4680
5078,53
2271,2826
4087,4676
4268,4993
4598,4760
1088,4815
2592,4884
1712,4671
4151,3883
785,320
612,4741
1281,4997
1065,4990
4035,4765
1208,2860
4296,1734
2842,4720
4698,4883
1752,2857
2757,2825
983,4944
3647,5063
2559,4946
3291,21
3447,4764
5022,4770
4130,4672
4588,4671
899,1842
3582,4906
4569,4635
3237,4847
4254,1860
309,5063
703,1850
3340,4771
3896,4777
810,4968
766,12
650,4997
3871,2867
3675,2764
4269,4848
510,4267
919,4693
520,4829
756,4905
2000,15
2576,2803
4308,132
387,46
3373,4684
4009,2849
2102,45
4479,3881
4303,131
1993,4680
407,4957
222,3912
2535,4978
1256,1726
3987,66
1480,1896
2543,4264
1062,2786
2442,1818
429,2772
98,4891
2720,4957
1646,4861
4354,4861
508,4849
3663,52
1570,4862
4363,4668
4097,2779
3787,4694
3257,4986
28,4916
1825,1737
674,5004
1192,5073
2190,1844
3051,114
5059,4996
1073,4913
2730,1833
2447,49
2189,2785
1696,2784
1351,4783
4836,4751
1898,4911
2392,3886
3213,4689
1347,5065
1804,4882
3437,4776
4185,2786
3141,2786
1228,3880
2430,47
4290,1855
2362,1725
818,4773
3647,4954
1600,2800
1659,4753
2454,4882
4220,4731
1823,4738
4572,2829
1417,4964
4441,4930
1413,1847
2968,1727
2749,2822
3121,3877
696,4734
2819,4761
2540,2785
779,11
364,4961
4344,4829
3469,4910
706,4801
222,2845
2576,2785
980,5002
44,1727
2604,2820
4458,283
2031,4733
4852,2853
111,4915
2025,4691
615,4916
1204,4685
4084,4919
4638,2816
3685,4848
607,2788
2288,4937
4354,2773
3995,2867
1526,4901
3748,4251
3192,46
2616,2851
2179,41
3733,4938
3473,2809
3295,4791
1626,1735
1402,13
4487,2813
215,4749
852,46
155,1846
1664,1788
628,4987
4163,4910
1513,1850
978,3884
4048,5001
1568,46
2092,3879
2141,2860
3417,5019
3031,2848
4617,49
3201,4957
4024,2773
3853,2773
529,4996
1887,2790
2308,4998
1979,2811
2530,4882
151,4764
244,4962
4478,3924
2491,70
2102,5075
3336,4979
3759,4253
4521,4971
1357,4904
1122,4921
4647,4930
3279,2841
530,132
3313,4994
3042,320
1285,116
1682,4861
2382,15
503,4858
2144,4968
330,4803
2977,1857
2421,4696
3088,4753
2940,49
3135,4654
3187,1851
2713,4972
1000,1855
3140,4941
3370,21
1956,2838
3829,4678
1001,4690
2220,3882
766,4818
4945,4731
1486,5066
4807,4832
3526,4669
690,2786
5062,4939
812,4877
428,4793
1056,1831
2119,4690
3497,5020
3081,4829
1429,2787
1096,40
393,49
3858,4914
39,5020
4384,4771
201,70
2047,4961
2581,4718
2903,63
3440,2787
5067,4886
1452,2808
572,34
2482,4733
2447,4861
3962,4932
743,11
2733,4799
4587,2835
1976,3882
1917,5019
1148,4824
3524,2826
4663,1727
1462,4909
2673,4903
1573,7
4922,67
664,4773
2028,4830
3750,2829
1205,4971
4299,5070
1354,4759
3302,4688
2019,4910
1264,1834
698,1856
3773,4788
486,4778
1026,4939
1994,4781
3464,5002
3629,2833
435,4879
3467,4730
607,4781
907,3886
591,2798
856,4896
3247,1742
3576,11
2897,2788
1376,4993
4416,5019
1278,64
3595,2846
663,4860
1292,4986
427,3615
3895,4669
4558,1734
3495,4830
3139,5075
3186,1737
3305,4741
2373,2658
2500,4906
2635,4679
927,4743
2934,2829
4757,1729
4015,4995
787,5063
3065,4953
773,4856
719,4778
494,4877
159,1850
4488,8
2400,1733
934,1730
2045,1848
1055,318
2933,4856
1112,4883
25,4683
2169,4971
3929,1841
4706,4914
3075,4992
1426,4952
4323,4917
210,1831
348,4917
1873,2786
3148,1733
4289,4965
1711,4892
405,4752
1977,4917
1854,1849
2307,2833
2574,1847
545,4896
3427,4910
5025,1855
3669,4915
3827,63
4868,9
1371,283
1444,115
1241,5016
2777,4947
2057,2787
3238,4800
4726,4901
4117,4803
3270,67
5058,4790
2479,2788
996,4831
2493,2810
1538,5019
3340,21
2404,2845
1709,4739
3909,4689
3076,3505
3933,5077
2092,1816
2770,48
1422,4961
148,124
3383,6
2287,2789
2156,41
2590,4728
3561,4748
2357,1742
2021,1860
3202,4669
1934,1861
4835,4941
840,4684
1955,52
3584,4978
700,4739
4069,1838
3191,1748
3217,4771
707,4860
4343,65
1961,4901
957,1732
3616,4872
363,4684
1252,2772
626,4993
2213,4797
2662,4947
2363,4791
352,4832
3474,3884
2100,2851
1936,4778
3335,65
1891,1857
1556,4884
2485,4739
1138,4935
2028,50
3286,4978
731,1726
2492,4992
3241,2866
2404,4962
388,3615
1476,4831
3367,5000
357,4253
3726,55
3036,4248
3045,318
4529,1861
3077,2821
473,4753
2168,4817
1260,2841
1222,4832
3384,4250
1867,4765
1438,4669
2601,4816
4555,4673
2070,2857
917,4817
537,4789
1323,4914
3842,4676
1551,4986
3892,1837
850,66
4212,4693
2292,2840
2195,4848
720,4968
590,4786
3747,4267
2681,1728
628,115
3376,2772
3098,4778
3209,4965
3104,2851
4091,4828
3444,3505
933,4930
3305,4935
4928,2844
500,1808
3089,4264
3933,4903
1083,1
4202,4831
4442,4929
2065,4903
451,34
326,1788
200,2848
417,4910
1317,2840
1360,4919
2234,4991
1038,2671
2423,4783
2045,2820
1385,1862
2751,4669
108,2785
3440,1733
1966,4906
3190,283
4616,1846
703,4772
4567,4936
227,4884
494,1850
237,5074
1176,4674
1043,2787
648,4817
3639,4891
2920,4742
3437,4672
266,4991
4210,4694
1347,67
2716,4778
1440,1843
258,4916
1243,2854
538,2824
555,116
3795,4931
2002,4904
4070,5018
402,4939
4146,5066
2063,2779
3828,2839
4190,4896
2155,4734
2771,70
4448,4793
2451,2855
3282,4901
1108,117
921,69
3551,4932
4,1839
705,4819
4445,1730
2316,4747
1920,4671
1010,1737
2285,4692
3904,5064
102,1843
1144,4766
2793,4686
2265,2820
4079,4803
675,4683
2286,4780
660,4764
3597,5063
3856,4917
520,4785
3843,2768
3682,5070
1772,1845
127,2795
877,4748
3814,3912
1974,1837
4553,1857
2736,4803
2703,5066
2994,2823
4106,4890
3185,218
678,4251
1017,1832
4548,4747
1553,4879
1219,4741
2718,4678
4091,218
462,4913
610,51
1439,4779
3423,4946
3087,1849
3571,5075
3775,2862
1867,3
3641,4876
534,4752
1719,3924
4262,21
932,12
3198,1817
1374,4729
918,1727
3609,60
2103,1861
179,1737
3130,4673
3398,2844
4538,4694
1375,4908
3363,4742
2476,4720
595,4736
750,131
4642,283
957,1851
3537,4690
4270,4671
3616,2810
3504,4266
2321,1725
3844,4753
79,2858
4522,5077
4016,4736
1709,4936
2474,4954
1090,4782
2834,4791
4948,1850
3054,4970
2753,2809
215,5002
2978,1896
248,2821
1200,4829
533,68
3569,4771
718,64
3235,80
3741,4953
552,4816
3052,54
3131,3
1626,4910
2568,45
4106,1841
2367,2825
193,4855
1208,4678
315,1842
4448,4889
3832,2831
4143,4737
4382,4817
3171,9
1607,4784
2872,2829
660,40
3151,4773
4698,38
699,4961
3063,4720
3731,5020
634,2817
573,5000
1373,1832
4273,4892
629,4832
3758,318
323,4958
5035,4727
1376,3915
788,4935
1246,3615
3836,4751
2195,42
4022,5002
111,1808
2073,284
4167,15
1019,1851
2250,3914
2936,4753
4066,8
2863,4926
1490,5070
2303,1840
2727,56
1115,2790
911,2787
2883,3912
271,284
3125,4669
1543,4682
986,4682
3728,4792
1243,284
3906,1860
2045,4891
1510,4750
1577,4718
4311,2783
1529,1727
2755,1728
4805,5069
563,283
2605,4688
3851,1728
1814,68
2775,4750
1460,4723
874,4730
2163,1837
1154,4696
2224,13
4706,1732
2693,4931
3653,4739
1191,1742
1404,4880
809,8
798,5001
3918,4818
503,4919
3689,4988
1073,65
3330,1728
2105,3885
1568,4752
2266,3883
4307,5004
1058,1731
1292,4912
2736,4847
4493,4979
3074,4782
3449,2844
3224,4969
386,1808
4846,113
125,4732
2980,4957
4518,3912
1252,4742
167,4908
743,2796
1607,4774
2678,5
262,4693
3938,4266
4924,4687
2087,5073
1303,4731
3244,54
4313,4969
3979,45
1950,3884
1001,4896
1819,1850
4556,4672
5072,1788
3870,145
100,5004
4716,3505
3296,4671
3532,4989
1799,3883
3107,1735
3465,4755
1648,45
491,4940
954,4754
2686,1734
3334,1860
3812,1788
211,4720
2252,2764
3498,2841
2281,284
4839,4978
2040,4750
2695,4787
1755,70
135,4849
3312,4654
3167,4958
4534,4993
655,4720
3191,5074
3227,4765
1252,4265
3935,2823
857,68
3814,1734
4647,2799
2106,64
4150,4817
25,2796
965,4915
2320,4801
857,4954
1619,4803
2659,4755
913,2839
710,283
4284,1818
4044,1835
839,1835
4834,1851
4612,2817
3046,4911
616,4847
2047,2848
266,4674
3176,3885
3816,4962
593,4734
3570,1841
2116,4858
3380,1734
3170,4889
1940,4883
1483,4760
2289,3885
1866,1725
1377,4896
3432,4901
184,4693
1214,5063
738,4986
4190,2843
3985,4815
444,4676
4006,4882
3679,5000
1510,2856
3812,4677
214,2799
3004,4905
3837,4683
4359,4793
3935,2779
1509,4890
1807,4690
3053,5075
5017,4776
4590,4930
4099,4913
2051,2865
2660,4736
2638,2844
1821,4689
682,5064
4437,4250
276,4889
4439,4746
4498,4773
3113,4963
819,5070
4163,4828
4006,4687
5043,8
3761,4872
1267,3881
2897,4934
503,2783
2328,4679
2899,4986
3164,5020
3725,2812
2745,4635
1635,4774
1854,4723
2797,41
513,2848
3603,4673
2760,1734
2062,3912
323,1838
136,4782
4186,2773
153,2827
3488,218
4391,4751
3603,1725
3484,2781
190,1832
947,69
3561,4759
647,4926
1001,4689
2465,4969
642,1849
3005,2671
3288,4692
3515,218
354,4934
620,1742
4162,63
1116,4733
4486,2817
3990,5004
1065,4265
1601,4690
537,4877
1652,3914
4572,52
4353,3878
1527,4250
467,4673
748,4694
3026,2858
1665,3
4098,1734
4059,4693
2512,4937
3341,4654
299,4668
807,50
1485,2822
140,4818
3711,2838
3800,2798
988,4731
3652,2808
5079,4731
982,60
3888,13
3543,4935
3045,2856
373,4952
2243,4613
2189,4673
3980,2767
1889,5016
2104,4819
3783,1730
2540,2848
3075,55
3196,4791
2320,285
424,4693
2193,1727
3635,15
576,2822
4967,3882
3868,4730
3892,4753
1636,2849
949,1843
1750,4803
4183,4862
2154,4830
3527,4911
3465,2786
1999,5066
1995,320
4722,2768
3816,2857
2394,1732
2534,4749
1111,4801
2780,4781
924,4731
2014,4882
4034,4964
2745,2845
4198,4818
3867,1742
1669,16
4187,5074
1569,3886
88,4730
1902,4775
1898,50
3994,4668
1517,4731
3120,4736
4866,1836
3809,2855
817,4815
3520,2838
1986,5074
3844,2799
1798,320
163,318
3536,4250
3761,4857
699,2846
2146,2818
1281,2858
1084,2855
4442,1862
4564,4689
4328,4955
4494,2781
1712,4856
1370,2767
4231,46
1794,4883
2666,2820
4065,4793
5014,4694
3181,2765
3303,2843
1298,2843
2021,4941
4563,4763
3218,4880
1234,1843
4244,4979
2681,47
1299,4896
674,4741
3647,4894
30,4921
615,66
1521,2767
4066,48
4052,3
451,4961
4173,5018
1215,133
949,4872
2584,4676
3725,4870
1481,4886
3140,5004
3527,1733
4724,4785
1350,4720
3298,4785
1871,4876
3328,4850
2445,4944
3890,2864
3571,2851
525,1843
4452,4930
1945,1832
1189,284
269,117
4112,4775
2151,4884
202,40
4863,2854
4529,3877
1444,4937
1705,4897
277,1728
527,4791
2040,4251
1948,4988
1125,4679
57,4742
4147,4763
1423,2817
4457,4681
3772,4751
2339,4253
2451,2765
939,56
2299,1731
1016,1727
559,1841
1441,2658
2408,1732
3327,4678
1502,15
3954,4729
3895,2812
2602,4780
4070,4894
175,2817
2986,4786
978,4860
4044,4848
2630,115
1575,1827
2301,1841
148,4780
3679,1832
474,4911
2876,4991
4653,3
3632,1833
874,4979
992,3884
3598,2822
2174,1834
3762,4787
4552,1842
1925,2837
1294,3913
1191,61
2433,62
558,3912
1019,4733
557,55
2360,4786
240,2794
4236,4793
1310,4776
4177,116
3438,4678
635,4685
1916,4803
2014,4991
2911,4930
3334,4635
4893,4857
1906,2773
3257,4720
3576,40
943,4951
4533,4789
3398,2813
251,4917
1587,1850
3200,4779
208,4693
1532,4251
232,4988
1686,4732
4014,4695
440,4766
2386,4790
4376,1896
935,1857
3845,4935
5041,2786
3889,4856
1775,285
458,4878
1623,4687
4129,4937
1899,4911
1387,4978
3529,4774
3296,4759
1958,5075
5026,1735
2512,1808
2491,4878
402,4921
3324,4778
409,4940
3717,4654
1789,2774
1143,2816
1998,4687
2655,2846
3586,4878
186,4691
5013,2808
313,2845
773,69
3278,4613
3714,1737
4948,4674
2211,2858
3368,21
1044,320
4222,4907
3790,4730
854,4680
3918,5077
3956,4966
4184,1
2676,4914
1393,2831
2013,38
2972,4882
249,2846
1990,4861
3576,1841
2629,1831
782,4914
1403,38
2612,11
3098,68
756,4934
148,1733
2198,1788
431,4815
2066,4737
3673,4861
4637,4732
654,133
2504,1857
1384,4918
227,3882
1168,5064
510,1847
2596,4763
739,319
4616,4862
1288,2867
3191,4750
125,4695
4418,1846
1650,319
442,4752
463,4815
2944,4769
1133,4993
2267,4634
4354,4742
1659,55
4205,67
2714,4634
1050,4762
732,1833
3523,1896
1863,4915
2162,7
3496,4979
995,285
4511,131
3301,4727
3810,1838
2419,4907
1693,4901
4345,4873
4933,4894
3055,283
2097,4741
3415,11
3841,80
1750,1850
3096,1861
602,2812
558,50
3331,8
337,2840
1680,4789
3787,4891
225,5065
2117,4736
1297,4762
3558,1837
195,4932
1244,4953
2659,5016
293,4772
537,4752
1954,2844
4043,4894
1888,1844
707,4887
4009,4693
5078,2833
999,5069
186,124
4579,1729
3961,4250
2150,3
1913,2765
2309,4890
3591,3882
1526,4669
3776,63
940,4938
3239,4695
167,1742
2719,61
1007,2765
4515,1846
1745,2855
3579,4793
4825,5075
1318,63
3324,4988
2260,4769
23,2851
1144,2818
1142,2845
3702,4916
4072,4966
4063,3615
3200,4791
3402,4968
1771,2788
2726,4680
1868,4763
3387,4750
1756,124
1601,4731
1751,4777
3582,2827
2954,4914
1770,4946
226,2841
712,4817
3690,4681
3173,2851
3446,4693
259,4911
2477,4994
321,2841
4586,2800
1811,4730
3965,2773
820,2784
4306,5063
2456,4739
1588,4969
1038,2837
1017,5077
1000,4741
3355,4250
697,4958
470,2840
644,4787
2564,1733
1679,4803
328,21
3519,47
2083,4926
391,4889
1508,2798
4155,4682
2406,56
1709,4904
3155,2829
2177,2858
1382,4688
3607,4914
757,2835
4115,4882
3102,2862
1432,4849
1275,4877
3531,2848
996,4752
2705,4248
2707,4684
4160,1834
3294,4848
404,40
413,2788
2122,2845
2610,5066
3064,4990
2170,4917
1111,3877
501,4858
3808,4731
2882,2867
2271,1842
3492,5001
31,4947
3252,63
3749,1735
3576,2854
1984,4946
2535,4972
2948,4880
3405,4996
3446,4741
3264,1835
3256,2808
3620,4780
885,4677
4479,2818
2499,4733
4976,4697
3902,4935
4592,4946
4125,2832
4037,2824
2947,2786
2363,4737
4180,5004
452,1862
4518,61
1502,1896
5017,4908
1274,63
950,3913
681,2832
263,1840
1611,84
1009,4780
1250,4886
3579,4264
3932,4972
4652,1788
557,1740
2599,2767
401,4668
3374,4677
1616,3913
4875,4830
4035,4749
4079,2773
3392,1843
652,4856
245,4670
1432,1838
1987,2856
138,4782
2270,1841
3655,62
1586,4862
992,4968
4038,4613
2909,16
1401,2768
3450,1742
4179,2854
1122,2847
1454,132
1598,1835
566,1860
4625,4693
1934,4993
43,4897
367,2823
2460,4782
3643,4970
4927,5077
2275,1851
4392,2788
363,2864
2715,4887
4,5020
4462,3882
207,4791
3677,2835
1040,4937
4586,2832
3711,69
3020,4787
2296,1839
577,68
3305,4894
694,2823
1245,1827
4170,4669
1999,1818
1022,4876
2057,1856
1656,4669
3337,4961
1617,3913
388,4751
5012,2849
1576,2837
779,4739
4109,2821
4208,4769
3290,3881
2806,46
4560,2848
2945,4677
3873,2825
1800,4860
3462,2843
1712,4686
2643,4951
154,4911
4641,56
2180,2857
3757,4909
3252,1827
3485,4671
4021,4765
2445,3877
324,1808
4401,2776
4508,2772
637,4781
4617,4831
4394,4800
3750,113
1780,4815
4346,4696
2480,2822
1536,4768
2270,1827
985,4901
2003,2843
1741,2843
5053,13
316,4686
4812,4797
814,4820
3811,5018
1517,5077
4807,34
2218,3881
2361,3914
1275,4792
316,4669
3216,2787
1655,1730
3157,2851
0,4682
3943,4671
2185,4946
4222,4850
3798,320
1939,4789
3839,6
3802,2779
3897,113
164,4680
3602,4856
4605,1844
277,4919
1512,4778
4283,1734
3464,84
1490,4787
3945,4920
2954,4937
2331,4890
4584,2840
3276,2799
2154,4894
4383,2866
3429,2795
1035,40
4117,4961
794,1856
4620,4953
199,4935
2597,115
837,3886
1003,58
3639,2767
536,1847
4011,4761
4627,11
489,4940
2584,4906
2539,132
2257,5001
3012,4786
979,4935
1206,4634
546,4734
549,4755
1359,2844
31,2779
1298,2854
4813,1735
1876,5065
2403,4774
3787,4946
5084,4889
277,3885
621,4971
4853,4910
3156,2810
1437,7
1957,5070
3272,2782
1566,2832
3745,5063
1667,1725
4757,113
1959,3883
3412,4964
1673,5074
3109,2845
1645,4992
940,4739
4845,3884
1098,4766
4046,4906
3811,4889
4042,1841
1924,4914
931,3882
2270,4674
2890,2854
3900,41
1771,4954
1238,4265
3792,4896
1539,4723
2120,4818
353,4776
2885,4730
2328,2795
2176,2781
327,4936
545,1748
1673,4748
4149,1838
4506,4911
1414,284
1716,2818
4153,4965
2398,4267
1435,4932
1225,4979
1280,5020
4060,69
4338,2829
1658,4788
3394,5065
3317,2816
4628,2837
1649,2784
2206,4674
3797,4900
2802,5075
4618,4635
2342,4781
3190,2827
3685,1725
1491,2846
1312,4764
1532,4947
3842,2832
1549,3884
88,4872
3483,5016
3099,2809
4165,4914
5005,4965
2014,8
1772,4952
575,4876
4826,2856
4295,4862
592,21
3309,1832
1790,1733
2524,4781
1053,1838
643,4890
1284,4884
1749,4946
3307,4941
434,320
2566,3505
2534,4690
1610,4267
938,3882
789,2786
2513,4760
387,4723
3542,2813
1104,15
3302,4819
4289,4248
4435,4786
701,4680
1011,4774
3421,4778
1260,4870
868,1851
2992,124
1301,4958
3308,2822
1375,4760
2806,4669
1396,4915
3015,2838
5055,64
2260,1837
3867,4919
512,4929
3944,4728
1340,2789
1336,4691
1041,284
1166,5
4054,4876
3436,4761
1255,5063
1594,2844
2233,4737
4871,5002
3349,114
422,4784
5021,4890
2035,117
282,4824
4053,116
4839,117
2691,4790
1067,2821
3486,53
4238,68
4561,3914
601,1843
930,3915
785,2772
486,67
2333,5069
3532,4919
1786,2790
1259,1808
3965,4902
5046,2658
2757,4741
3418,4673
3827,15
1672,2824
3920,2841
1955,5018
848,2808
582,4718
696,4681
3405,4747
4540,4753
365,4995
4501,2811
930,1896
502,2865
2730,38
1339,12
4163,40
612,1836
2467,4732
4413,4248
3193,4879
3228,4832
1897,4947
4078,5064
1939,2827
2482,2785
2173,4956
2756,2855
3990,4953
1119,4265
1765,4934
2679,4253
1435,4787
3735,2851
2089,80
2072,56
4433,1849
4128,319
3095,4780
1318,4753
2657,4992
2936,4906
916,4944
168,4750
2065,4679
819,4858
4087,4733
3089,1726
1878,1818
3006,4683
2340,54
3323,1733
1695,2809
3530,4890
3831,4728
3370,4963
3631,4908
1161,4635
2419,4956
1623,4671
4567,2794
2637,3
5068,4729
1722,4771
5072,4988
1109,1833
4072,4797
2107,4683
3198,4979
1119,1748
2549,4870
3224,65
1219,4932
1987,2798
2218,34
3408,4934
3655,2848
2050,4860
1394,1742
1346,4673
1603,50
1977,4800
3737,4635
3974,4888
2926,4768
1120,5065
661,4690
3989,2829
1695,4735
3104,4957
2263,2835
3385,2781
474,1748
4302,4690
4523,5020
700,4675
2427,1734
4417,4911
4665,4763
1483,65
2234,1808
4893,2788
307,4692
4252,2822
2390,2829
1247,9
1976,2812
2761,4803
1309,1728
3026,4934
1941,11
2477,4734
4097,4992
3151,4817
4535,4932
3821,4996
4258,2826
4476,1839
3844,21
3894,45
95,1737
679,2796
4548,133
820,64
4132,4972
692,4965
3409,4763
2563,2788
499,65
1803,4902
1690,2841
1520,2865
1750,4761
810,4965
3675,2803
3923,5070
2679,2658
4160,4689
476,4930
1892,4880
2920,4904
4584,4989
3731,4684
236,4677
4402,4786
3498,4828
3280,4903
652,1729
592,4266
4974,2814
2060,4761
1311,4912
4703,4634
907,4790
2625,145
193,4676
677,4820
4657,1844
3491,1808
82,5066
2940,4920
4290,48
188,1860
2033,4819
4077,66
4417,2764
4657,5002
2361,4754
1815,1896
1258,2860
3547,3885
2920,2825
540,4264
3192,132
617,4682
1222,4995
3390,4787
3765,4882
3577,4777
4865,1729
1893,4861
150,4793
1496,4680
1286,61
2476,2816
3818,2823
1607,45
4381,1855
4070,4917
682,5074
3322,4831
3583,2779
2746,318
3605,4906
1972,4776
1229,4693
2733,2816
3748,1835
1909,4686
3731,4988
4221,4766
1159,1851
1623,66
2296,68
1182,284
4645,4737
3275,4908
4010,4265
4117,4857
108,4879
2295,133
933,4997
1012,4994
2024,4896
1989,4914
4068,68
1949,4991
1400,4752
1345,4731
2003,15
355,3924
2326,3879
732,4686
3798,4860
1914,4781
1415,4674
3583,4939
1007,13
3145,2798
4652,4768
3061,2849
2713,4870
2915,4958
3130,3880
2757,4889
4203,4897
1377,1831
4503,4882
2964,2765
536,4766
764,133
383,4971
4345,5066
4312,4755
332,2779
1694,3881
2450,5073
1339,3885
1196,2776
2383,1729
3704,45
4725,133
433,12
2668,4951
1298,4682
2400,4736
1620,4684
1105,4979
2905,1860
4601,4754
5044,4884
2321,5077
883,2809
2418,4892
3830,2845
3391,4729
1174,4733
1538,2789
4702,2866
1163,4754
2044,4691
4480,4955
2019,4919
4429,2767
1878,4720
3895,4916
934,1817
5028,4908
1188,4857
247,4687
636,4654
2965,4934
4575,4931
676,4671
4322,3886
4137,218
4469,21
1939,4774
698,1818
4046,4990
1072,1725
3521,4772
3052,133
4805,4686
417,1896
494,4634
3957,1808
4296,4849
4004,2783
2626,3886
801,4897
3224,5066
1473,1
4263,2772
4378,4248
4630,1849
634,15
4307,5020
267,1832
501,4732
4445,4747
307,4911
4031,4694
894,5073
1759,2840
4119,4686
4342,5074
3057,2839
2512,5070
2792,4742
1041,4910
5048,4938
2623,1834
2780,5016
4645,2851
4148,2765
330,319
3379,50
3706,4916
3763,4678
2237,4958
3754,2822
1078,2864
315,4998
528,4886
3710,113
3673,1856
2627,60
1759,4791
3424,4779
2655,4697
1984,4862
1966,4674
1990,2789
2339,1816
206,3914
4444,4849
673,4694
3720,4685
874,4907
446,4736
941,47
3138,4971
3176,4768
824,2671
1741,70
902,4930
2022,2829
5068,4880
1314,4687
3331,4669
333,1855
4027,1725
4352,1
3463,4873
221,4934
2055,2860
619,4994
1388,4935
305,4862
606,1730
1021,4906
2512,1788
497,4761
1952,4735
632,4886
3279,4785
3098,4850
2753,2773
915,4777
3741,63
3831,1725
4863,4816
4475,2803
2770,218
4230,2818
3830,4690
2167,1728
1815,4896
2526,4889
2057,4934
1403,4931
3111,2857
4603,4797
27,4791
278,2818
4465,4969
2089,2772
1146,1818
432,4799
3943,2810
563,1818
4337,1
791,4994
3217,4693
2210,4748
4408,4855
4016,4878
271,4944
4410,1838
4130,4755
377,4786
3151,4926
2448,4776
5058,4993
1552,4992
1792,2768
207,5063
3568,4856
4708,4766
3485,3877
3711,2785
1045,4718
3689,4250
2898,2839
141,1731
3332,1842
3110,4906
3352,4772
1559,5001
4227,5000
759,53
328,4253
3599,4873
445,2841
829,4761
1754,4966
5005,2816
3147,4749
1994,4776
3133,4860
1815,4688
144,4266
821,4832
329,4783
796,80
1703,13
1617,1726
1715,4251
3597,70
3720,4904
1437,2839
3096,4824
4699,62
3410,4914
2357,2833
146,4872
4122,2803
3259,3
1675,4755
3662,4970
3059,41
1965,13
3457,4249
5052,4688
3284,2840
4304,4872
1914,4674
3575,4884
4571,3914
1755,4267
2870,4683
323,4858
902,1850
2746,4685
571,4765
2900,4889
3207,1
612,2853
1470,2825
3195,2823
2498,45
3808,6
2752,4746
281,1729
2874,2788
4719,3886
1309,4676
687,4773
2242,2788
619,4787
5031,4770
229,4771
1493,4818
3820,2671
1915,1857
1982,4847
1183,4832
3441,1788
2778,1850
1888,2799
5024,4249
605,2803
592,4900
3546,4739
3738,2838
4306,5004
4418,2858
455,68
2118,4739
2531,3880
3795,4889
3887,4743
306,4777
2143,4761
2089,4946
3000,2849
1179,4991
3984,4723
1320,1818
563,3915
2422,4862
1469,1841
4452,1831
1655,1840
766,4992
1107,2800
1960,3914
1007,4799
2734,4955
484,2839
243,4770
240,15
2552,2839
735,34
2871,4891
337,49
4262,2853
5012,48
1593,60
582,2821
947,50
1131,2865
2224,4901
3293,5064
3261,4266
3281,4788
1116,1832
1044,3879
918,5064
31,1730
3859,4768
3621,2817
540,2796
3701,4882
2070,4729
2300,145
4102,2856
2492,4797
25,4920
3809,4635
3082,5077
4432,4800
2003,4992
1562,1734
371,4907
1611,4902
33,4675
2342,2855
2718,64
4364,1838
488,2849
1267,4903
2792,4735
2262,4964
2906,4872
2634,4891
1133,4797
1554,1737
3519,2658
1976,4738
1278,4816
858,4753
3118,4738
3356,4249
75,4678
816,1735
705,4693
3343,4635
2470,2812
1633,4880
2284,4903
3443,4730
4277,285
3852,4915
1064,8
3149,4916
2030,4265
2544,2765
1636,4958
4113,15
1892,4989
300,34
125,2823
4562,4918
1434,4929
991,5074
2076,4861
3769,4690
400,318
474,1731
1957,4978
478,11
2622,3505
4092,2671
3576,4888
3657,5073
2982,145
2523,34
3113,4858
3930,47
2890,4901
271,4727
784,3913
147,4775
2067,2855
3815,50
1939,4687
1527,2798
2625,3913
2149,53
2009,47
1047,4987
2292,4751
3791,5
792,4831
2515,2812
1925,4849
662,4816
1632,7
4386,1729
668,4751
1938,2790
3587,1831
3658,1827
2498,49
3156,4816
4573,3878
1107,4680
3202,2845
2456,4777
2892,1857
2352,4682
1933,4696
356,2835
4209,4669
1979,4781
4415,2865
4868,1837
4087,2837
1124,4729
4234,4731
4239,4997
102,4944
636,4998
3777,4692
163,2808
1053,1841
1245,4880
1638,4882
2690,2835
1561,4759
2238,38
2527,4946
3638,4972
388,3886
3700,4862
1000,4681
2572,63
2585,4987
624,5077
1893,2837
1525,4934
2602,2848
5056,1827
4372,132
3434,4803
4146,2839
3374,124
3704,4818
935,4685
112,4829
2682,4777
5023,4954
3771,2854
2134,4873
597,4991
4415,1837
1750,6
3524,1730
2136,117
3178,5065
3742,320
3069,4797
255,114
412,4892
2232,4954
2620,3912
4214,4910
2346,4687
4182,4946
2148,4697
123,1726
1118,4935
949,4792
3825,15
1777,1832
2273,4694
2993,4989
81,2817
4420,58
270,4972
5039,2822
1105,4886
2508,4816
676,52
3899,3881
230,4910
4409,4939
1768,2818
2910,4672
1375,4905
1619,4957
1775,3
380,1788
2425,4889
1327,5066
3365,4654
223,2764
3592,5064
3361,1831
2734,1827
3631,12
559,4952
4280,4935
2135,4938
1363,48
4109,1860
2179,4939
201,4265
1820,4936
2236,4904
2520,132
1167,3878
3713,4264
557,4818
4162,4938
1404,4782
4412,4697
2929,2799
2296,4872
4063,4944
4130,1729
2095,124
2090,4888
4393,4746
880,4800
3523,4732
1059,9
4221,4953
430,1737
3896,3882
2507,1862
2931,4754
1277,1843
634,1847
2548,4799
1771,4265
257,1860
310,1742
3387,4849
1636,4790
3555,4723
2651,40
3247,4654
1088,4803
885,4755
1981,38
237,1847
239,2841
3671,4683
4138,2765
4067,3915
2793,4988
341,131
107,1725
44,4690
3893,4963
1720,4952
3923,4737
2568,4986
4505,5065
3041,4820
165,4766
1146,2817
4399,2809
1749,1728
4606,4788
166,65
4615,4966
1888,4749
1173,4989
4548,283
1664,12
4316,4682
4423,1843
292,4887
2215,3879
774,4759
3586,4739
1784,4889
3614,62
763,7
3906,5063
833,117
110,4753
931,2796
1344,4885
1521,1788
3379,4742
4526,4755
1026,50
4757,2812
5005,38
1247,4886
1766,2818
1152,1834
3856,4884
5078,4801
4355,1841
2775,4728
3825,4785
814,4253
3069,4816
597,4883
2685,4858
3385,4669
3243,4753
4537,4830
1232,5065
1522,4911
570,4768
3061,4791
3020,1817
2028,2822
2085,56
3163,4877
631,5065
1610,4693
2355,4697
2380,2814
1286,2764
4557,1835
3360,4897
4582,4910
1899,4970
426,1831
942,13
1683,1861
1039,2827
4457,4752
973,5063
4097,4892
3606,4774
105,4742
1549,1728
1900,40
1765,4830
2279,84
2397,5073
372,48
1654,1847
2708,3884
691,2854
1228,283
922,5018
3844,4690
2688,4781
983,4962
930,4800
3242,2843
2535,319
3927,4634
3183,2825
981,3915
4636,7
4974,5000
1158,133
3551,4267
3518,2764
380,4996
4624,4964
1341,4894
111,4697
4516,133
4327,4781
4447,2803
1528,2767
2153,5066
3963,4831
3727,4718
4230,4972
4464,3885
2058,4668
4466,1
2368,4674
4348,4997
3876,4862
3064,2803
4095,4956
2730,3878
1318,3615
412,2857
4094,4790
4259,2824
1273,5018
2009,4832
4030,4819
4538,5063
3480,2858
977,4828
626,2798
3231,5
3171,4961
1342,4913
75,4929
4202,4916
4368,2831
4397,1844
1485,1834
3838,56
4503,2841
3300,4906
208,6
1077,1850
1367,80
976,4873
4012,1831
1383,4678
457,1833
551,1849
3840,4803
3096,2794
254,38
3954,4266
375,4723
3149,5004
1347,2799
3116,4673
2631,4937
4504,4743
306,4738
2153,4762
982,2764
2916,7
1049,1840
2164,4673
2549,4861
1798,4829
2198,4911
43,4992
1366,4265
1129,3883
2154,3
3848,2789
4475,4672
5079,4932
2243,4918
110,1726
3910,11
1649,4970
4600,2768
3961,4934
1872,4989
4052,4896
332,4831
5068,3505
2975,2776
2376,4762
3603,1726
3123,2846
2665,4801
3382,2829
1787,4654
4136,4693
3169,4654
2470,2837
3867,4909
4428,4755
1336,4793
3623,62
2585,4685
642,1844
2345,3914
3523,4678
289,4264
812,4873
390,4816
546,4762
3103,60
4131,131
1493,320
852,56
537,4882
3764,4799
5027,4779
2525,54
2726,4855
893,4770
749,4264
140,4990
4098,1733
3573,2823
3903,1788
173,4972
1178,283
2673,4938
2058,1808
4527,84
4229,4849
2981,2866
930,2826
443,3915
1807,4818
3222,5066
462,61
1774,1788
3212,4783
5022,4748
1053,4935
2646,4685
2423,4266
1970,2671
3093,4695
4949,3880
930,4951
3669,4766
2632,1725
493,5074
1528,2795
4649,4952
2437,2786
5050,4857
2690,5063
3554,4742
4488,4781
1371,2843
3325,4766
3333,12
1688,283
1494,4688
1144,2765
2859,4750
3558,4876
3351,2822
2509,4873
2717,5018
668,4998
3103,3879
330,2858
1322,3914
4376,4892
3137,2811
3684,46
1958,53
4474,4962
3214,4941
3749,4856
2868,4956
3993,4801
3480,4908
1356,4919
2736,1848
2511,4987
1236,4762
4279,2853
3935,4935
1130,2855
2698,16
4146,1860
964,2829
1563,2823
2373,84
3064,4749
1392,218
649,4671
2509,1726
4605,4953
3167,4734
891,5065
2618,2798
222,4878
4464,2814
3255,4989
1619,1838
499,1861
2696,4733
2640,2671
630,4764
155,4963
1180,319
2804,2796
3723,4862
785,4892
854,4754
4215,2799
1061,4832
3020,4720
916,2789
614,12
4115,1857
4805,4994
1288,4773
2429,16
1185,2818
3816,4896
4230,5077
4621,4998
2033,21
134,2809
3255,2787
1130,4955
694,7
781,4958
1251,80
4591,4965
2095,58
3430,4946
459,4907
2441,4788
3687,65
4418,4828
4082,4824
3419,4946
4854,4676
1799,4894
2286,2816
4092,5070
1472,2845
263,4969
1048,1862
2607,4885
1465,6
3547,4877
3956,4733
226,1846
3800,2765
789,2832
255,4889
1233,4891
3361,4766
2645,4941
652,4738
743,4803
4469,4828
1963,4681
4089,2790
3023,4970
4379,4966
2363,4870
3859,4962
4540,84
931,50
1312,5002
760,2854
3290,4613
2873,4770
1136,4686
1661,1860
3376,4850
2723,2786
1934,4735
421,2795
479,2835
1467,2841
660,2817
3300,4782
3966,1725
1663,49
2517,2822
4240,2776
2259,2827
1075,319
377,1808
736,5019
2489,4670
5049,62
1548,4910
167,4737
4108,1730
1154,1832
2095,4926
5024,4858
4425,4790
4376,1788
3849,1896
2430,4988
1579,4695
783,4904
1250,4748
1955,38
257,4743
1374,2782
4411,60
3767,4679
2995,4670
3240,4739
940,1748
682,2788
234,4938
3070,1827
2461,9
4497,285
898,4670
2183,4792
5081,4761
1302,4908
3089,4801
3975,4778
909,5075
1778,4818
633,117
2272,4765
3662,1832
1208,2837
924,2776
4274,4778
2752,4759
2141,60
4515,2841
1661,3880
2390,4886
636,4880
2618,4733
2559,4773
2048,4691
2002,4900
4704,1841
659,2808
4206,2849
2368,4939
1317,1818
4653,114
1313,1842
3522,4736
500,4741
3748,4876
4311,4730
1859,49
3722,4886
951,2776
768,4919
2332,56
4050,4747
827,4961
742,1735
2521,113
2874,1857
957,4862
1626,4759
3853,15
1603,52
3272,2794
2563,4766
2980,4848
1775,4991
3495,4921
143,3878
2387,2820
2190,4248
4315,68
3371,2798
3214,4718
1549,2773
4494,4765
585,5069
3176,2862
154,2838
960,4786
3049,4969
2155,4897
1109,133
4481,4969
4050,2847
1599,4958
1174,4993
3854,319
4794,1788
3693,4752
1265,1816
3589,4762
1439,4759
3608,4791
2741,5002
756,2867
642,2821
4558,4694
2493,4764
4109,4748
1011,4265
2819,3
4565,4768
1756,4720
4494,4915
1905,4832
4155,4947
2916,2779
125,4790
1216,4912
1468,4737
1966,4634
2573,5065
1933,4681
2896,115
1515,4947
4154,4249
3173,4969
160,2784
471,4816
1377,4697
1684,67
1924,3878
293,4816
2651,4691
194,4682
3066,1726
1633,4915
1962,4251
2193,4931
2842,4877
924,4760
4552,4857
1702,4937
2286,4819
4286,4905
1685,2812
1427,2788
1168,67
246,2789
1421,2821
4495,4870
671,4728
3773,4856
106,5018
4283,2825
2298,6
801,2849
4286,4792
4182,4739
4331,5073
264,4930
851,4742
1905,4903
1382,2795
2064,4830
3748,15
4840,2784
3537,3924
2364,4930
2266,3877
2661,4820
3969,4681
2404,4675
4530,5065
1498,2820
4407,4934
2336,4776
2736,13
3603,11
3264,4956
3524,1856
2145,4693
4390,2825
2522,3886
3944,2765
2608,4901
3371,2827
1968,4773
1805,4856
3752,2858
3169,5073
3741,4727
156,283
3106,4613
581,2818
3979,51
4621,1728
2306,68
1530,2767
331,3879
2276,60
332,116
1088,2810
876,4718
2949,4747
3130,55
2264,1734
1895,4952
1752,4634
2226,5063
4400,1729
3921,4920
402,6
4388,4857
1372,5070
507,5000
2179,5018
1547,4947
1281,1730
1240,5001
830,4737
1287,2816
2283,4747
1792,2822
3353,1856
1271,4686
4844,2814
4127,2818
2086,4783
4014,4919
90,4876
1376,4989
20,4858
3734,2658
4292,4892
4136,3885
596,4803
1257,4879
2666,4682
2210,4885
3259,4882
2445,4250
925,4970
2530,116
3215,1
1655,2818
4619,4961
4532,2803
2081,3914
3677,3877
2993,2671
898,2790
915,4860
3153,3879
223,4787
817,4789
2945,4680
3301,2831
3138,2787
3859,131
269,4776
2465,1831
3204,1816
3821,5077
136,4963
1025,4803
4376,5073
4145,2794
2583,4267
3754,4686
1241,4763
2751,3924
4379,3615
3022,4791
2927,4789
4834,4907
1443,4916
2357,4759
2544,4769
4256,2846
738,2821
1971,2849
4387,4935
2395,4887
2072,5075
3959,2858
2367,4878
2362,67
389,4749
3170,4672
3727,2790
2052,4886
4351,66
3010,5016
4068,116
957,4997
3014,4905
3174,2855
3323,2811
1854,4820
3377,4896
2588,4887
2396,1737
1292,4947
3581,3884
2896,1845
1686,4680
4616,4668
1312,131
4983,4781
3866,2790
3008,4738
2340,3924
4314,1849
1567,4668
4153,2795
4000,218
2744,4935
2797,4675
2415,2782
1503,3877
398,5069
1760,6
179,2799
4304,1728
3351,1845
3935,4962
433,4987
178,4670
1374,4792
3966,114
1149,38
1183,284
3165,1831
1111,1733
4641,1840
1471,3877
4464,4904
2298,4733
1497,4793
219,4746
3301,4762
648,4732
4368,4818
4335,4890
260,2848
1887,4747
382,2860
4377,2832
2374,4681
928,1818
1097,1839
4151,284
3902,1896
557,4613
1353,4829
1868,4990
565,2854
4977,1840
5046,1855
1477,3912
261,4931
1590,4729
1592,4872
2723,4249
1211,4952
593,1725
2560,2860
4699,4816
2871,84
484,2764
321,4682
4400,2840
3317,4754
2090,4956
2715,2844
2640,4792
1234,4919
2047,284
2419,4264
3728,2765
4341,4979
2509,4886
592,1860
2207,4654
222,3881
4744,4885
1980,4963
4357,4760
1904,283
476,4692
3061,4746
1317,3924
2112,4735
4171,2840
1301,113
2313,4818
3898,4902
2478,4265
909,4907
2931,4735
3869,4849
2861,4941
1693,5064
2303,3879
1529,4723
3185,4670
2718,4738
2426,4681
1899,4937
4256,3505
4614,4697
4141,4936
3230,4819
4092,4890
1109,5004
3159,4685
1172,113
334,4680
4255,4970
2960,4972
4796,4799
4298,4926
5014,4696
4469,4694
468,3924
1468,4937
1005,1861
345,1817
1338,1788
1261,2779
2219,3886
951,2785
4323,2832
2620,4903
905,2765
1380,4746
98,4742
4999,64
2011,4635
150,3885
1994,4935
1960,4939
2757,45
1336,2820
2604,4920
4173,2843
3361,5075
3542,4882
3125,4752
3241,4920
1995,4249
2587,2844
760,1834
1948,2803
1135,4848
1546,3615
930,5063
4375,4926
1859,5069
1402,4768
2948,47
2473,1827
965,4883
1171,4760
1266,4816
2523,4906
1765,4911
1824,1734
1162,4896
4429,319
1127,5000
752,13
2733,1856
4532,4251
4572,4952
1365,53
3387,2773
4719,2784
173,3877
2250,12
2412,4785
2926,4917
1705,4932
1483,4792
806,4748
2662,4954
4241,1742
4722,2817
1814,1731
3561,2779
4075,2847
3117,4697
3595,5065
588,4774
3087,4988
4608,4267
2681,66
2474,64
1914,48
753,2811
1416,2821
1930,4872
138,3883
3953,4969
4138,1860
2521,1727
1665,4730
254,67
33,4753
2545,2817
3725,4785
3773,66
1566,4991
1803,4251
4386,2658
4174,131
379,1896
4242,4862
1532,4684
1361,1742
3358,3878
4985,2826
76,4891
1063,2785
4326,4267
1353,34
2095,5077
557,4858
5034,1843
243,4772
2020,48
1160,1844
2762,4879
3147,4797
4429,4861
3230,4249
4401,4731
4528,4941
3414,4800
3208,1818
550,115
1678,1861
442,1818
215,4956
4000,4723
720,4765
2046,2781
2232,1732
4051,1861
4080,4769
3408,1857
1363,2841
2282,4673
1530,1834
1066,4669
2618,2860
1968,4748
