4807,4803
2980,1737
5049,4676
3799,1788
4074,7
2955,1737
3028,1
4457,1737
2944,1740
3030,1737
4973,4968
3929,3
4545,62
2437,61
4039,66
1988,64
1809,1737
2266,1
2373,69
1263,84
5017,4762
4110,1
4585,16
4495,1737
4724,5
548,84
1970,67
1664,84
2461,1737
4667,4679
4974,4929
3374,1
496,58
2592,1737
870,58
4028,6
3846,5
4227,5
4794,4686
3025,1737
736,58
5030,4678
2352,1737
4384,1742
3661,1742
1110,58
2612,1
3017,1737
2476,7
4153,7
4549,1742
3015,68
4338,61
3019,1
2863,2866
471,58
4560,15
1858,56
4485,1788
3067,1737
829,58
2592,61
2624,1737
3648,1788
3582,70
3627,7
4740,4671
4317,7
2616,1737
2894,68
3049,1737
2257,1
4529,63
2549,67
869,84
2631,5
2098,1737
3147,1742
1578,58
2729,5
2019,68
1913,1737
4756,4686
664,84
5049,4694
2918,1737
4512,64
2597,6
2448,3
4054,1742
3432,1737
2694,62
4057,64
4363,1
4528,64
3308,62
2317,1737
3366,1740
4206,1737
1959,1737
3616,65
4200,1742
3908,7
3466,62
4378,1742
4124,68
3027,70
4383,1737
3184,67
5057,4782
483,84
4065,1742
4150,1808
2599,68
2581,1737
3962,62
5047,4672
4417,1737
1802,1
4949,16
1215,84
1987,7
2004,69
1991,1737
2393,61
2690,61
2338,1788
4667,4693
2471,1740
4660,3924
4402,68
3678,61
2044,67
907,58
1521,58
4794,4688
5013,4786
1403,58
1717,84
2724,1737
448,58
3536,1737
822,58
5049,4742
1126,84
4203,1
1258,84
4132,3
3439,1737
2444,1808
2760,7
4445,68
4698,4678
2946,1742
2304,61
2951,1737
4485,67
3987,1737
2310,7
4059,1742
2924,7
3147,1788
4084,1
639,218
1891,63
4234,1742
2236,1
3215,1737
4509,1742
2367,67
2240,68
4003,61
3274,1737
3865,60
3939,5
2984,67
3249,1737
3322,1
204,58
2383,67
5054,4674
4708,2811
3609,7
562,58
2518,68
4467,67
4104,7
4960,4963
1604,84
2859,2860
4458,1788
3780,1748
5057,4792
2797,2798
5047,4694
2309,1740
2842,67
4056,5
4103,70
1926,1
4639,16
2517,5
4804,4760
3888,1742
4089,67
4123,3
3005,1808
4325,67
3064,62
2241,67
2372,5
1060,114
2631,1740
3851,1737
3668,1
4976,4929
3656,1737
2179,1737
2227,1
3077,61
2585,61
91,58
2568,67
3908,1737
937,84
4327,1
1969,7
1473,58
4365,1742
3138,1737
4821,4253
10,12
2082,1
505,58
1079,84
1669,84
3958,1737
2142,63
3131,6
3130,1737
400,58
3947,1742
3785,5
4834,4677
3950,1737
3731,65
2457,1737
4081,1896
2036,1740
1595,58
3357,1737
1766,1
4641,16
3640,5
2475,67
3949,5
5054,4861
2507,1737
3130,69
3137,1737
3629,1737
3980,1737
1747,1748
989,58
2276,61
5054,4684
871,58
3034,65
1229,58
2078,7
2145,68
274,58
3655,68
1883,5
2741,70
156,58
4463,5
955,84
314,84
521,84
2596,68
4942,3879
3846,64
2690,1
3189,67
4806,4766
4959,4695
3143,1788
4967,4969
4089,62
5068,5069
2445,1808
4210,6
2692,67
3816,7
4881,4887
4159,67
4757,4679
4435,1
3526,1808
4042,1737
5053,4678
1014,84
4802,4765
373,84
4950,4759
3724,7
4092,1737
3818,1740
4834,4695
4310,68
2132,7
299,84
4859,4677
1425,58
2122,61
3612,1740
2806,67
457,58
4202,62
3581,61
4028,1808
3147,5
4767,4787
3172,1742
2984,63
3350,1742
2876,117
1547,58
1625,84
4238,3
2084,64
2780,2789
4520,1742
254,58
1088,58
1344,84
3602,66
1471,115
2704,61
4464,65
2228,61
4137,61
1518,58
4557,114
4899,4915
2235,69
4490,61
2440,5
4948,4720
4811,45
598,84
981,84
3652,1737
2945,1740
2251,69
3085,1742
4814,4818
5030,4671
4835,4683
2516,1737
1939,3
266,84
4652,16
3279,68
604,58
1103,16
4814,4733
5050,4690
2183,67
1018,58
3920,68
4047,67
4338,69
2310,66
5053,4696
3606,70
4589,84
1815,1816
3174,68
1783,62
4017,5
4074,62
5061,80
1327,84
2425,5
4432,1788
4502,1742
3352,1742
3208,62
3889,67
966,84
1998,1
2276,66
4767,4769
2801,1737
3007,69
1112,15
4531,5
409,58
4009,61
3666,6
5043,4748
2558,5
398,84
291,58
5028,4735
2916,1
3985,68
3371,63
3887,53
3746,1
1145,58
4110,1740
1040,58
2079,66
4443,69
1168,15
2375,61
2412,1737
4472,1737
1603,15
1470,58
5079,80
1971,1737
4945,4947
4666,55
3991,1788
2046,1737
4480,1742
1389,58
3152,61
933,84
1747,66
2952,61
165,58
4740,4694
1271,58
3876,3884
1989,1
1629,58
4462,61
3940,61
4518,1737
4924,1860
1429,58
3667,1737
3483,1742
2095,1748
556,58
2902,1740
2310,60
3435,1737
1720,15
5006,4673
4698,4670
2019,61
2364,7
2682,6
1034,285
3524,1
852,58
1991,67
1210,58
593,84
1917,65
4627,15
2444,62
2943,66
1136,84
1535,84
1961,5
73,6
4524,67
4983,1860
1864,1742
3543,5
2689,1740
3790,62
5042,4751
2617,5
3038,1737
2930,68
1926,62
3656,62
4329,62
4985,4885
3568,1742
568,84
4827,4832
4899,4911
4744,4695
2168,60
4112,1737
4493,68
499,58
2517,61
857,58
4104,1737
1707,58
732,84
4975,4968
1322,84
4659,45
2472,1788
1966,67
739,58
3463,1788
3290,6
44,54
3330,7
4842,4264
2086,1737
3515,1
4356,1737
2733,68
4740,4676
3987,5
4136,1737
3096,1742
2322,1737
5027,4733
4579,145
1964,1737
1288,58
4108,67
2314,1737
3363,1742
4661,1817
4726,4734
2136,61
1956,1737
1223,58
2156,64
1706,16
2608,1
2850,66
2819,2823
2122,67
3833,1737
1519,58
1621,84
3640,61
3697,60
1971,61
190,84
2886,1
2032,61
2468,1742
804,58
2178,64
2545,67
4085,1737
1162,58
4271,1742
4605,58
2156,1737
4083,62
2159,1740
4101,1737
2780,2783
2211,1740
5048,4679
1658,58
3200,1742
3506,5
2531,1
2613,67
4045,70
2830,2831
3444,1737
4210,1737
217,116
3742,62
3139,7
2292,68
2315,7
1919,6
2579,60
2243,1740
4814,80
2178,1737
411,84
2000,62
4089,5
3339,1788
2489,1740
3196,67
5030,4693
243,15
1606,84
3474,1737
2945,61
3944,5
809,58
4740,4682
4294,1737
684,84
3925,1742
3494,1
691,58
3516,1737
3262,61
2040,67
2260,5
1830,1836
3420,7
4533,1740
4522,1737
2374,5
3963,1
4984,4870
2115,1
1995,1788
1866,1740
3275,3
2283,61
3703,67
4213,1737
4068,1740
325,58
3743,66
3065,3
4039,61
3237,67
2373,68
4477,1788
251,84
3352,61
4481,67
2323,61
4392,1740
3041,1742
1914,67
4309,61
4110,6
4724,6
106,58
5047,4685
5048,4693
1012,58
405,84
1292,84
3076,1737
4985,4913
2996,67
1370,58
2325,3
1252,58
2077,1740
4183,64
1610,58
2318,1742
4028,7
2486,62
1600,124
4794,4687
5013,4783
5030,4679
1342,15
2019,1740
2311,65
2512,1737
1187,84
1922,1
3816,62
4395,65
2234,62
3404,1737
4867,1851
2029,64
2578,1
4532,1808
2033,5
1939,1748
4719,80
2727,1742
2985,1
4665,12
3863,1737
3664,1
620,113
1689,84
643,58
3618,1742
2967,6
2917,61
4756,4687
2771,2773
3285,7
3329,67
2444,65
2225,1737
1408,84
1796,5
3633,61
1139,58
4756,4670
2094,1
4291,1737
5054,4689
3616,66
2566,5
4178,1
4159,1788
2469,1737
4107,7
2334,1737
2064,67
854,58
159,58
3552,1740
1960,1737
5047,4675
203,84
3560,61
3193,1742
3470,1742
351,84
2004,70
3218,1737
3033,1737
3263,61
4667,4692
2897,1788
1936,61
4025,6
4851,56
2247,62
2469,64
3671,1
5013,4785
3561,1740
705,84
408,84
1204,58
354,58
2303,1737
3080,1740
5049,4741
3802,67
2702,1
4376,1740
4698,4679
2727,1788
3316,5
4257,4253
2270,7
4451,1742
4757,4755
4221,1788
3292,62
2928,67
4505,7
2240,69
1967,1737
3808,68
1755,1737
3865,3
4155,67
4050,1
1747,1737
2202,1
5054,4675
2437,1740
4425,1737
4859,4742
2031,1
2869,61
2518,69
2930,61
3964,1742
592,84
4960,4964
3585,61
1091,58
4475,1737
3512,1737
2617,61
3595,68
5047,4689
1505,58
2256,1737
2292,63
4288,1742
3702,7
2740,1737
4804,4761
4089,66
2715,1737
4234,3
2511,1740
2707,1737
1046,58
4507,1740
418,84
607,58
3910,67
4795,4720
4492,68
3215,61
407,58
3276,61
3759,1742
4618,124
2659,5
2568,68
1710,124
2566,1737
4950,4762
3068,1737
4698,4681
4517,1742
1156,58
3698,1737
4834,4674
2221,1737
1645,84
4648,16
3295,1
1652,58
1881,70
3130,66
3509,1737
2691,60
586,84
4323,61
1914,6
3486,7
3126,62
3559,1737
4295,67
3844,7
4531,1788
3596,1742
4430,68
2367,1740
3896,1742
3400,1737
3737,1742
4246,1788
1335,283
3082,3
659,84
1909,1742
2329,61
2882,61
3066,1742
2628,1737
3731,1788
2650,1
4950,4955
2596,69
2579,7
2603,1737
4137,67
3099,1740
3606,1740
4975,4929
2261,1788
4974,4972
4959,4694
2950,1748
823,84
1413,84
2646,61
1457,58
4381,1742
4967,4968
3814,1742
4177,69
4089,61
364,84
3891,1737
5068,5070
2055,1
2917,1740
2780,1788
2426,67
4632,15
4210,7
3758,1
4067,1788
3059,67
4881,4886
880,58
2166,1
1254,58
2496,61
5053,4677
2869,1742
4845,4824
2931,61
3228,61
973,58
4834,4692
3145,1737
3415,1737
4586,15
2736,61
2260,61
2354,6
3988,1737
4859,4676
855,58
3601,1742
1213,58
130,113
258,58
2917,67
1777,1737
4767,4786
3443,7
140,58
620,218
3537,62
4466,1742
754,58
3447,1737
4039,5
1971,67
4299,1742
3109,64
3862,1788
2029,1737
2356,68
3777,62
3351,7
3520,1
5028,4682
972,84
3780,1737
4557,113
4899,4914
2698,1742
2235,68
2400,5
3830,1737
4657,131
1637,15
3749,1
3968,62
4745,4691
3934,7
1953,64
2412,1748
2251,68
4959,4676
5030,4668
3468,7
2972,60
4835,4682
3174,1788
404,84
4082,7
3598,1737
5050,4691
4025,1737
4330,1737
2598,61
3689,1748
4573,115
1409,58
3134,67
2092,1740
4124,1737
4485,7
30,21
2089,3
2310,67
3253,1737
2451,1742
5053,4695
1291,58
1480,113
5027,4817
3303,1737
2129,5
2542,1788
4529,70
832,58
2260,67
4606,116
4209,64
4859,4690
3832,5
4050,68
3002,1788
1941,61
4344,67
238,58
1642,84
4898,1730
3436,61
5027,80
925,58
3898,1740
2320,7
2353,1742
4121,61
342,84
807,58
4198,61
3007,68
2148,5
3308,7
1165,58
3184,61
1058,84
3666,7
5043,4751
2727,69
4864,4720
4810,4750
3780,3
4161,7
4895,1730
348,58
3597,1737
5028,4728
1661,58
4457,6
4602,115
3093,1742
4497,5
2669,1740
2462,1740
3887,52
588,58
2661,1740
1983,5
2041,6
2882,1
2150,67
2902,68
3067,7
3378,1808
2761,62
85,16
3799,7
3692,67
3946,1737
4945,4946
2842,2843
672,84
2223,1748
2120,1
1060,133
1534,84
3740,1737
1786,1737
4580,58
4740,4695
1878,7
3990,1
2156,60
1426,84
4518,1742
4357,62
2863,2811
4359,1742
3785,65
2310,61
3916,7
3186,1742
1955,1
4317,64
4698,4671
4411,7
2729,61
4018,1737
4550,1742
1499,58
4013,66
2947,3
1321,84
3248,68
2400,1742
275,58
2384,67
1917,64
889,58
4192,5
3345,5
3436,66
1024,58
3148,1742
1829,5
5042,4748
2930,69
1654,58
109,58
4005,1742
294,84
4602,133
3200,5
3628,61
3830,1
31,21
1373,58
2891,1740
1798,5
4035,69
4137,1740
4667,4669
4899,4910
4744,4696
2168,61
4382,64
2384,1740
4493,67
3307,68
300,58
2389,1
4985,4997
1613,58
2315,1788
4404,1748
1255,58
3863,61
4975,4971
1946,5
5030,4696
1342,16
44,55
4066,1742
4526,1737
3756,1788
3569,68
2442,1737
3975,1742
2713,62
3762,3
2145,1740
954,58
1912,1788
4740,4677
698,84
3199,1742
4566,15
1801,1
4159,7
4406,1742
4240,61
2492,1737
4211,1740
3481,1
1069,84
4199,61
4726,4735
4661,1816
3360,1788
4547,1742
1830,1843
3859,62
3781,7
4092,1788
3341,1788
4064,5
2819,2822
3869,1742
639,131
2122,64
3376,7
1398,84
757,84
3750,7
4854,4856
2266,61
1044,84
4195,62
2878,284
3576,1742
4798,4799
4022,61
4167,60
483,58
3665,1808
4389,66
841,58
2446,1788
3210,5
5040,80
2400,64
2289,69
5048,4680
2495,1737
1471,132
2052,1737
723,58
2283,1737
2707,5
3867,7
290,131
4667,4683
2400,63
3321,1
1232,58
4744,4678
3695,5
2311,61
2579,63
4422,1737
638,58
2929,6
4102,61
3560,1740
2806,1740
4414,1737
5030,4682
1325,58
2076,67
1774,1
357,58
2483,67
2305,1737
3957,5
1207,58
4448,1737
1972,1737
4071,61
1947,1737
1565,58
4740,4683
4398,61
239,58
3045,1737
4094,1740
1939,1737
3034,1748
4009,1748
4097,1740
748,58
2307,62
1106,58
3124,7
1830,1837
4297,63
4224,1737
3440,1742
2189,62
2016,61
1891,5
5049,4682
2936,1737
5031,4718
788,58
3273,1742
4468,1740
3028,3
1402,58
4758,15
4822,4720
2585,1740
3704,1742
3707,7
4700,3924
2694,66
1988,66
4167,1737
4859,4861
2982,1737
1724,1732
2620,68
1914,64
5017,4760
4457,67
3931,1740
2940,67
317,320
1350,84
4724,7
3427,1737
2356,60
3243,1742
5047,4684
5048,4694
2664,5
2009,1737
3235,1742
4985,4912
428,84
1866,62
2913,1740
4445,1737
381,84
4667,4697
1878,1737
2027,1
4851,45
3462,1740
3425,61
4794,4684
3577,1788
3104,1788
5013,4782
3431,67
1033,58
350,58
3028,1740
775,15
4336,1737
4334,68
2268,1737
4557,283
4794,4671
1858,54
2402,3
3582,68
3990,63
4317,5
1633,84
2874,15
4304,6
2142,65
2564,61
2419,1788
2290,1740
2072,61
5052,4720
4665,1855
1159,58
2495,5
1317,84
3906,67
549,58
5049,4692
4756,4680
2967,1
4508,7
2771,2772
4512,66
1455,58
2444,66
1870,5
2694,60
4053,1
4756,4671
4057,70
4528,66
1968,61
2094,6
2205,1
996,58
4103,61
4090,6
3908,1
4107,6
241,15
1236,58
5057,4780
2064,68
4531,1808
3565,1742
2463,68
514,84
5047,4674
2074,1737
4839,1860
3123,1742
3235,1788
2135,1740
2207,67
4827,4829
4665,3882
4667,4695
4291,67
4025,5
2924,1740
4089,1740
3616,1740
4806,4803
3597,7
1433,84
2807,1
333,84
387,58
1001,58
2565,1737
176,145
2324,67
2402,1737
37,38
970,145
883,58
2662,1
2345,66
3785,1788
4149,67
1241,58
2998,7
4698,4676
2674,1737
2926,1742
2089,69
3617,61
4757,4754
168,58
4726,4693
2310,5
3714,7
406,84
542,58
3993,68
2928,68
2122,7
2364,1788
2219,61
2648,67
2937,1742
3808,69
2893,1737
4481,61
143,58
3483,61
5054,4672
4999,4911
2515,61
2387,6
4999,1848
2745,6
4467,69
3247,61
4960,4965
3585,60
2425,1748
4316,1740
2444,1788
2727,3
1926,7
4103,64
1306,58
4490,7
574,84
3270,1
4293,1740
1181,84
1296,124
1188,58
5025,4819
2929,67
1852,1
1546,58
1983,67
75,15
2130,62
3308,1737
4835,4689
2631,1742
3058,1740
3554,1737
4412,61
3394,62
4287,5
1821,21
4492,69
2223,70
2301,1740
2426,62
4516,67
3552,68
1870,1748
795,84
4240,5
4950,4763
2442,1808
4698,4694
4199,69
2863,7
2938,68
336,84
4239,68
3329,61
4859,4681
4239,1808
4122,1740
4807,4759
3204,65
181,84
225,58
1881,69
1075,58
724,84
3130,67
5057,4718
3646,61
4390,67
4501,68
4558,15
2644,5
2008,64
616,58
4295,66
2264,1737
2815,124
4296,1742
4999,1838
4521,1
4430,69
3288,1788
2731,1737
2630,67
4150,68
2959,61
709,58
3020,61
4725,1862
4564,16
2757,68
2310,1737
635,84
4950,4952
2579,6
4008,1740
4137,66
4942,3877
4806,4764
3921,7
2975,1737
4959,4689
900,58
2755,1737
3695,61
2616,1
4967,4971
4085,7
4177,68
1396,58
2679,62
2324,1740
4583,58
2229,1737
4881,4885
2146,67
4364,61
2277,1
5053,4676
4802,4763
4707,2811
2279,1737
2356,1740
3721,1742
346,116
290,284
1965,67
3198,66
1571,84
2265,1740
2374,66
1003,84
3835,5
2383,1740
4498,67
1755,1748
2394,1
2637,67
2557,1737
4822,80
4093,64
4184,1742
2356,69
2249,5
3777,61
676,84
2084,66
1027,58
2623,1
3602,64
3988,67
4985,4991
4571,15
2686,1737
4321,1742
4899,4917
3638,7
3822,1742
3951,68
4811,47
2118,1740
4045,63
3070,7
998,58
3974,5
2143,61
2897,1737
4814,4816
4835,4685
1178,84
3695,67
5030,4669
1238,58
2889,1737
543,58
1939,5
5050,4688
4268,4264
3166,1740
4153,61
2117,1737
4573,114
4338,67
4283,1742
3979,1737
2310,64
498,58
151,84
5053,4694
2631,62
3545,7
997,84
1815,1818
3902,69
5027,4816
4088,1
380,58
4840,16
1785,1737
4240,1740
1588,58
4511,61
2579,1788
3346,67
5076,5077
4050,69
2729,67
1998,7
3889,65
3021,5
3304,1737
2950,3
1414,84
4767,4771
4036,7
2714,1742
4417,3
4531,7
194,84
5043,4750
2727,68
3523,1737
5028,4729
4103,5
4507,62
1343,84
1950,68
4277,1742
2657,3
3817,1
4049,1737
3887,55
129,58
2606,68
3253,61
4041,1737
4530,68
1517,114
625,58
3042,1742
2604,1737
632,84
3640,1737
4025,61
1531,58
4666,53
4008,3
3269,1737
4132,1737
317,124
4107,1737
1747,68
950,58
441,218
3950,1
540,84
2780,1729
1386,84
2538,1748
3422,1808
2156,61
3990,6
3867,1737
4924,1862
2863,2810
3785,64
1915,1
3068,1788
909,58
4698,4668
2729,60
4203,1742
3341,1737
1991,61
2088,67
3248,69
2511,67
3379,7
332,58
4933,1842
1041,84
1739,61
2997,62
1540,58
3651,1737
1584,84
4983,1862
3825,1742
2481,5
5042,4749
2538,62
2778,2779
2930,66
59,70
3200,6
4985,4891
3830,6
4035,68
146,84
401,145
3929,1737
4713,2810
2369,67
2978,1737
4985,4996
3863,60
2140,60
3723,1737
4975,4970
4469,67
4659,47
2936,67
5030,4697
44,48
337,58
1043,84
3205,61
2982,1808
3461,67
2021,1737
3194,1742
4740,4678
577,58
4026,1737
584,84
3977,61
1483,58
4122,62
4493,1737
4726,4732
902,58
4610,283
1830,1840
3580,1740
4298,1737
3296,1
2156,66
768,58
5049,4671
2733,1742
3229,1737
2608,3
2917,7
1469,84
2725,1742
2850,64
2819,2825
2944,5
2229,5
174,58
3080,7
3710,7
1010,84
2347,70
4021,1742
1971,63
2886,7
4460,1742
4134,61
5043,4733
4933,4913
1411,84
1357,58
3120,61
2644,61
2403,1737
4327,1808
1239,58
4706,2811
2124,3
2289,68
4260,4253
5048,4681
2400,65
4985,1840
2531,3
649,84
524,58
3867,6
4667,4682
3140,1740
2433,1737
4744,4679
3361,7
2292,70
2929,5
3686,1737
1356,84
2637,1740
4933,2832
4183,61
3858,1742
2754,1737
4051,67
3922,1737
4287,67
3925,1740
2203,67
4702,12
3664,1808
4631,16
3834,1748
2852,2856
3758,62
3852,7
788,84
1251,84
4757,4733
3062,5
427,84
1908,68
4175,5
5049,4681
3963,3
4308,1742
4454,68
4457,1742
4606,131
4068,1742
3925,67
825,58
2587,7
2694,67
2678,68
4128,5
976,58
3909,1742
2373,66
5043,4683
4859,4860
4340,1742
1724,1733
2620,69
382,58
1854,1856
3762,1740
1950,3
2920,1
2110,1737
1590,58
248,58
282,284
2356,61
622,58
3392,5
5047,4687
4342,61
951,58
5048,4695
3267,61
3585,64
3820,61
4355,1737
2670,2671
2664,6
2791,61
2596,61
726,84
3789,1740
1191,58
3006,1742
4667,4696
571,15
3692,7
4804,15
1963,1737
4055,61
4183,66
2592,1740
492,58
1549,58
2388,1737
4302,1742
3226,7
1978,1808
4794,4685
2363,1737
5030,4677
1090,58
4334,69
122,58
1939,61
4794,4668
1640,84
1910,1742
1858,55
3558,67
2438,66
3289,1742
2442,1
3582,69
2836,2835
3990,60
4047,5
513,84
2142,70
2456,1737
0,1
4196,61
4529,60
1056,84
3528,1
2631,6
2651,1740
1888,7
4471,1742
4017,67
2147,1737
2037,1808
2918,1740
4512,67
2148,1748
2444,67
3757,1
4057,69
993,16
4528,67
4999,4920
5054,4695
619,58
2947,1737
2929,1740
2145,61
419,58
2252,1737
2425,1737
777,58
4046,1788
5057,4771
3134,1742
4318,1737
659,58
3780,68
1946,1788
3602,1742
2004,64
1273,58
2167,67
1424,84
2318,67
799,84
2412,1788
2466,1742
3631,5
4667,4694
2471,1737
1670,15
2041,61
200,58
3063,5
4665,3881
2201,1737
2530,1737
2842,2849
903,58
2251,1737
1907,1742
2743,1737
2544,1
2127,1788
5010,4720
3535,1
2251,61
2733,7
1399,58
2735,1737
4078,3
4513,61
3033,67
4007,61
175,58
2584,1737
4390,1737
4638,15
2306,1737
5053,4671
1042,58
2156,5
4698,4677
1940,1737
2089,68
3021,1737
4834,4686
2628,1
2886,1737
3035,1
2928,69
3555,1740
4576,15
1723,84
4950,15
5017,4953
2280,62
1991,5
3827,1740
3865,1
2654,62
2912,1737
3629,1748
2090,1737
3433,7
5072,5073
5054,4673
4999,4910
3807,7
2151,1740
2910,1737
1944,5
5044,4926
2983,7
5028,4688
4524,5
3341,7
153,84
3827,64
2617,67
3353,1737
4135,1737
4450,7
2309,1737
4103,67
1946,1742
3428,1737
5008,1737
1919,69
4804,4763
2174,61
985,58
4089,64
1067,84
4419,7
867,58
1804,1737
3664,1740
1225,58
2631,1737
2376,67
286,58
4507,1742
3656,1740
2623,1737
4716,12
2223,65
2463,1740
1993,61
2117,1748
526,58
2338,3
3333,64
3741,67
3080,1788
4881,4890
1416,58
2881,1
423,84
4240,6
10,11
2264,61
1351,58
4950,4760
501,58
4189,61
3105,1742
4199,68
4108,5
2901,1737
3181,7
741,58
4834,4672
1017,84
4859,4680
4651,15
3963,61
1638,115
1881,68
4610,114
1132,58
3130,64
2215,62
1468,84
3284,1737
2326,7
1290,58
4721,80
2780,1836
4140,1896
4999,1833
1172,58
2474,7
4103,1740
3955,5
5042,4679
3316,1737
4725,1861
588,16
1909,1740
1859,1861
2310,1742
4811,48
4950,4953
4028,68
4942,3882
3863,5
4120,7
4810,4682
72,1
3340,70
2369,5
4554,1742
4967,4970
3346,1737
4173,62
1636,84
2842,1740
3338,1737
3084,67
5050,4687
2533,5
3569,61
4210,5
2894,6
1177,58
4053,1737
3557,1742
5050,4670
1970,1737
4802,4760
4707,2810
2869,1740
1059,58
3918,1737
4698,4697
144,145
346,117
4834,4690
3952,1737
600,58
4859,4678
2374,67
453,58
2146,1740
1964,1808
335,58
2175,61
693,58
1543,58
2451,61
969,84
4198,1
2937,6
2943,1740
3720,1737
3990,1737
3720,61
4592,58
2780,2784
2541,62
109,84
2805,7
3656,5
1711,15
59,61
3399,1737
3386,1742
4985,4990
2117,5
3202,1737
3992,7
4464,68
3076,1788
3972,1737
2400,7
3820,5
1380,58
2023,1808
2110,1808
4811,46
2996,5
3132,7
2748,1740
2086,5
1620,58
4959,4678
4814,4817
4835,4684
3697,1737
2922,7
2480,62
3944,62
2234,5
2362,62
1929,62
2419,3
5050,4689
3822,67
3949,1737
1807,5
4268,4265
3941,1737
2891,7
4338,64
4432,5
1619,115
5062,5063
590,115
2257,61
20,21
111,84
3620,1742
3735,1737
5027,4819
771,58
4074,61
717,84
2367,1
1385,58
2900,1808
2553,61
512,84
2729,66
3761,61
161,58
4360,64
3453,1
4812,62
2688,63
4767,4770
2694,5
2148,7
4292,60
1054,15
1607,15
3676,63
982,58
5043,4753
4810,4748
287,58
4161,5
5028,4730
2804,1788
4107,65
4399,7
331,84
4598,114
1881,1748
1950,69
3385,3
3867,61
1063,84
3887,54
5047,4741
1141,58
1983,7
3805,1737
4530,69
2699,1737
3132,1737
1704,84
3371,65
1450,58
3799,1
4180,5
4109,63
4666,50
1332,58
3244,1742
2123,62
3997,62
2473,67
3930,67
4740,4689
1878,5
4182,1742
3582,60
2830,1
3990,7
4631,15
2977,1737
2432,62
3951,1740
1346,285
3916,1
762,84
3682,1737
4243,61
2072,68
2682,5
3640,67
4982,1855
4283,67
4013,64
2947,5
3248,70
3577,1808
2241,1740
4809,15
4128,1742
1718,145
1883,1740
2505,61
4217,1742
3140,67
3543,6
1441,84
5042,4746
1577,58
2728,3
4013,1740
2930,67
565,84
609,58
2296,5
2514,68
4152,1742
3830,7
106,84
4373,1808
4157,67
4055,1740
2661,1788
934,58
4362,3
3380,1808
2369,66
3364,7
4115,1737
2140,61
3820,1740
1946,3
735,58
3428,1808
4473,7
2152,1737
4659,46
3639,1742
44,49
4179,1742
4457,1808
4367,1737
2059,1
2086,1740
2656,67
4563,114
4740,4679
3145,1
4240,63
3091,61
4401,1737
2188,1740
434,58
2036,61
1912,3
2753,6
4726,4733
2190,1737
1830,1841
3131,67
2176,1
5027,4815
2559,6
2621,7
2378,69
2917,6
2005,1
2006,1740
4383,69
3953,62
3147,67
2720,1742
2904,5
416,133
2343,60
2880,62
2476,1737
4536,1737
4617,84
4933,4912
2583,60
5014,4718
2738,7
3898,5
4026,62
2923,1
4389,64
4029,67
2159,1737
3739,1737
2124,60
2949,61
5048,4682
4985,1847
2235,3
4643,15
3749,68
2400,66
4221,7
321,58
1977,5
2891,1788
2041,1740
328,84
203,58
2311,63
4715,2811
2579,65
4031,1
4412,5
1467,58
3229,7
4091,1748
4513,1740
2348,64
118,58
3648,7
4314,1737
2891,64
4338,7
4501,1737
2092,61
4398,67
4492,60
4108,1737
4960,1788
2445,1
4590,145
3812,7
2852,2857
1562,84
3758,63
3059,61
3872,1742
4533,1737
1891,7
5049,4680
3656,1808
1341,58
4454,69
1988,61
3201,3
2283,62
2694,64
2697,1788
882,58
3929,7
2635,1742
4424,7
764,58
5043,4682
1724,1734
1122,58
3856,1740
4161,66
1854,1857
4093,7
5017,4766
5006,80
4110,5
2032,1737
282,285
3113,67
2378,1740
416,113
571,145
2363,68
3874,12
5048,4696
3528,1788
4062,7
3033,1788
2174,6
4170,1737
3866,1742
4055,60
2077,1737
2572,7
995,84
3732,1
1973,67
2098,1808
4851,47
1596,116
4656,15
273,58
3674,1808
5013,4780
2197,70
3522,5
3028,1742
3587,5
3752,68
2905,61
3990,66
2153,1742
3015,64
1335,113
4432,62
4701,3924
4524,1740
4439,1737
4186,69
4516,1740
1419,58
2029,61
3990,61
1975,1
3264,1737
4246,1
2929,1808
4135,1896
3138,68
3170,1742
4757,4750
4421,1737
960,58
4172,7
1334,58
3336,63
2608,1788
3889,63
4756,4682
1200,58
4274,1737
3011,61
4512,68
4603,133
1574,58
3646,7
2340,61
2509,1740
3558,1737
4057,68
4528,68
4237,1742
5054,4692
1293,58
2580,61
4537,1742
3616,69
1947,5
476,58
2329,1737
1883,61
2117,62
834,58
2599,64
1960,1740
716,58
4839,1862
2004,65
3010,1
2171,7
3033,1742
1081,84
2710,60
4827,4831
4665,3880
257,84
3680,1788
4455,1742
4513,67
3239,1
4967,4929
1245,84
2804,62
1599,15
3654,62
2023,69
3033,66
4553,69
4499,1
4322,1742
530,84
4212,1742
3708,5
2345,64
2753,67
2659,1740
2526,1
3648,1742
4698,4674
4539,7
363,58
2419,1740
4757,4752
721,58
4834,4687
4276,68
3845,67
3080,67
859,84
1449,84
4756,4696
3174,61
2719,1742
4834,4670
403,58
3825,1
2682,61
2688,70
4373,5
4284,1742
3150,1742
4125,1742
4802,15
4798,80
2235,1737
4433,1742
3676,70
22,21
5054,4678
1917,6
4623,15
3807,6
3433,6
5072,5074
1957,5
4808,4759
4999,1850
4999,4905
1152,58
5047,4669
5076,1729
4524,6
2487,1737
4457,61
558,58
2477,7
4316,1742
119,58
3827,67
4278,61
2727,61
4899,4891
1394,84
2256,1740
5047,4690
2235,61
4490,5
149,15
277,58
3699,61
1919,68
564,84
2929,65
2637,1808
786,58
4343,1742
4835,4691
668,58
2975,62
4335,1742
1026,58
826,84
1033,84
2918,60
4508,1788
4368,61
4154,1788
1993,60
2227,5
4614,116
3571,1740
4846,4847
2834,2835
2398,62
383,84
2566,1740
2894,1737
4240,7
3313,5
4950,4761
4874,4872
4698,4692
2928,1737
2489,5
4108,6
4834,4673
2863,1
3257,1742
3168,5
2577,1740
2344,5
3963,60
1988,7
2148,1737
4610,115
2704,1737
3446,5
3802,1737
2508,5
555,58
1914,5
2966,1737
2008,66
1054,16
3419,1737
2980,1
3116,3
5028,4679
3655,64
3283,1788
4093,61
1822,21
2367,1737
4167,6
2155,1737
3898,61
2426,1737
3000,68
4463,1
1209,58
4725,1860
270,58
1360,58
2401,1737
2439,61
1859,1860
136,58
4515,1742
4950,4958
4028,69
3846,68
4942,3883
1960,3
4137,64
2500,61
4810,4683
3110,1742
2673,1737
71,58
4835,4673
1453,58
1902,1
2388,1788
4085,5
4068,67
1893,1788
3121,1742
5050,4684
4263,4265
4004,61
2917,1737
2421,1742
1575,58
876,58
5062,5066
3944,64
1234,58
2415,1788
4485,1742
23,21
5053,4674
4028,1742
778,84
3918,1742
4802,4761
188,84
2560,1737
3153,1742
2378,60
2356,1742
916,58
2199,62
2971,1
4602,283
3198,64
2297,68
1824,21
3863,1788
4859,4697
2374,64
3848,1737
4340,61
3060,1737
1985,6
3028,69
3035,1737
3923,3924
3972,62
4435,1788
3743,7
3519,1737
2937,5
4039,6
3307,1737
392,84
1883,1808
2630,1748
837,84
3553,1737
2066,1737
3115,1742
2255,1737
3118,1737
59,60
1881,1737
2058,1737
3107,1742
2792,5
4985,4989
2104,7
4157,62
4899,4919
2586,61
3820,6
2110,61
3638,5
4022,1742
3822,1740
4745,4688
3329,1737
910,84
803,58
4810,4733
5029,4738
4959,4673
2626,7
3786,5
1916,68
478,58
2510,1808
3152,67
451,84
4033,1742
2053,1742
2805,1737
718,58
1552,58
2666,1
4268,4266
4153,67
584,58
1996,67
2395,61
2692,61
4432,6
1619,114
3960,1737
2200,61
4757,4693
1287,58
3472,1737
4826,1856
5053,4692
2439,1740
1974,1808
2029,5
1480,116
1062,84
5027,4818
2159,61
4034,67
3188,1737
1823,21
2685,5
559,58
1496,84
4859,4695
2957,1740
4209,69
4050,67
2325,1788
3433,67
4898,1729
3700,7
4767,4781
1870,67
750,84
2989,1740
3937,1740
5043,4752
1886,67
4810,4749
4030,1737
4578,116
5028,4731
4103,7
4107,64
2132,1788
4209,1740
1648,84
3203,7
2657,1
3370,1788
4899,4901
3705,1737
199,84
1983,6
4055,5
3242,1737
2661,1737
4530,66
2265,6
4981,1827
3205,1742
2305,5
2733,61
1874,1737
2935,1
537,84
461,84
4025,67
3921,1742
3202,68
1877,1740
2607,1742
4008,5
3876,3880
256,84
4740,4690
1011,58
4058,61
1369,58
2156,63
2193,67
3371,1748
2324,5
3802,6
3785,70
3822,61
1609,58
4928,4929
670,58
4027,1
3844,1737
3410,5
1709,15
4075,1737
389,58
4067,7
271,58
807,84
3140,61
885,58
4933,1840
4933,4941
4487,69
1125,58
4664,12
2477,62
3605,6
170,58
2741,7
5042,4747
2168,1740
2930,64
1434,58
1624,124
702,84
1309,84
2007,61
2420,1748
4568,16
1316,58
4942,12
2710,7
4667,4670
4187,61
506,84
2930,1740
4659,49
4563,132
2972,3
3639,1737
44,50
3651,7
2804,68
1947,1788
2733,64
2804,1808
4108,1748
2281,1
2193,61
2753,5
3146,1742
2257,1740
1830,1846
2995,64
4532,5
3457,61
2559,1
2489,61
2472,3
2733,1740
2608,5
2917,5
5049,4669
1891,1740
4458,7
353,58
1203,58
1149,84
4383,68
2819,2827
2944,7
4518,67
2414,1
3178,1742
3433,63
4021,1740
1998,1788
1246,15
3377,1788
4071,1740
1914,61
3602,5
4060,1737
479,58
2869,68
2595,1737
2600,61
2124,61
3709,68
806,145
5048,4683
2400,67
2531,5
3749,67
1883,65
1077,58
4082,1740
655,84
3647,1742
4667,4684
2292,64
4744,4681
4715,2810
2497,6
1721,15
2579,64
4207,68
196,84
2730,60
917,84
5030,4681
1865,66
3773,1737
2891,67
2965,62
3022,1
1639,16
4899,2835
458,84
3380,5
4474,1808
4628,15
3016,1808
1480,15
2852,2858
3816,67
2506,62
2769,1788
4435,61
2484,1737
4942,1856
1891,6
4259,4253
5049,4687
2936,1740
1966,1742
4582,15
3275,7
4151,62
2480,1808
3497,1
2522,1
3633,7
3692,1740
3065,7
261,84
2373,64
4859,4862
305,58
1101,84
3797,7
1724,1735
5028,4670
804,84
2751,1
4093,6
4080,5
2232,5
4193,1742
5047,4681
5048,4697
3837,1
2004,60
3766,7
2739,1740
3694,1742
4985,4917
5042,4670
4622,16
992,58
3696,68
2076,61
2576,67
1366,58
3132,1788
4533,61
4851,46
1596,117
4794,4683
1029,58
5013,4779
3990,67
2498,1808
4155,1742
290,114
3230,1742
1910,1740
3711,5
2438,64
722,145
279,84
1972,61
2206,60
1476,58
2390,1737
4047,7
4246,6
508,58
920,84
1716,58
1790,1
3528,3
2372,1737
3474,67
4631,145
3902,3
4705,2811
4017,65
4562,58
4641,15
3697,67
4512,69
4528,69
1146,84
2094,5
2940,1737
2930,7
4103,62
4093,1740
3762,1788
2792,60
3200,67
4893,4879
1739,1740
4153,1737
2117,61
2444,1737
2085,1737
2710,66
1563,84
3780,70
4922,4250
2004,66
2899,7
4271,3
4703,12
4405,1737
4804,4759
1761,1737
2710,61
3008,1737
3635,64
2024,5
2882,68
4455,1737
4190,1740
2079,6
2375,1
1781,1
3776,1742
2239,1740
2737,66
1382,84
944,58
4553,68
1318,58
4485,61
4231,1737
2278,1737
2043,1
5053,4669
1184,58
1972,3
1904,1737
1558,58
4698,4675
1119,58
3538,7
2525,1740
4834,4684
2717,1742
3514,1808
4276,69
3566,1737
4169,5
1533,58
487,84
1924,61
4834,4671
460,58
3676,1788
1169,84
818,58
1668,58
1712,84
3433,5
5072,5075
4366,1737
3841,62
1917,5
2076,1740
1058,58
3807,1
1557,84
2151,1742
4999,1845
4524,7
3506,68
2863,1729
3605,62
5010,80
3827,66
5057,4787
1701,15
839,284
2998,1788
1946,1740
3047,1737
4293,1737
1879,62
3899,1742
4190,67
5025,4816
1996,1740
4338,1742
4557,218
78,15
4008,60
465,58
1901,1737
3734,1788
3779,5
5029,4734
3656,1742
347,58
4959,4861
2365,61
4492,64
2426,61
712,84
4447,1740
4881,4888
2793,2795
587,58
3004,1742
4200,7
4132,62
4874,4873
4950,4766
3861,1742
2413,1740
4698,4693
896,58
4141,1742
4108,7
2684,1737
393,16
302,58
1392,58
2947,61
3232,1737
1230,84
2471,61
2698,67
3897,1737
221,58
4999,5001
2666,1737
1992,67
2333,60
2155,68
103,58
515,84
2896,1788
3730,7
1367,58
2264,1740
3133,68
5028,4672
4276,1740
4167,1
652,58
2741,65
3954,1742
4049,62
1266,58
4581,117
2738,1737
4492,1808
2310,1740
941,84
4811,50
1148,58
4942,3880
3846,69
72,3
4358,7
4959,4690
2701,1742
4835,4672
3789,5
3590,62
3318,1737
3286,1
3236,1748
4263,4264
5050,4685
2224,7
4875,4877
2462,1
4210,3
1379,84
2089,1737
5050,4668
2388,7
2516,60
4551,1808
4188,1742
2655,67
2378,61
2139,1737
346,115
4180,1742
4834,4688
539,58
2131,1737
3793,1737
3110,61
4859,4696
2806,68
3604,1737
4703,1827
3183,1742
3703,7
4982,1856
4802,16
2695,1742
510,58
2163,1737
4037,1737
376,58
4087,1737
2484,61
2780,2786
2356,64
4227,1737
1782,7
4349,1742
2007,1740
59,63
260,84
3200,61
1437,58
4985,4988
3277,1
213,84
4464,70
4574,15
2193,1737
4899,4918
1677,58
4109,1808
1953,68
2455,1737
3132,1
2748,1742
1559,58
3129,1742
3354,7
860,58
4959,4672
4835,4686
1218,58
1916,69
2646,67
4666,46
3033,62
250,58
4227,64
1100,58
3390,66
2662,67
1807,7
4268,4267
3069,67
2892,1788
4432,7
1619,117
4485,3
570,114
2492,68
1184,84
3664,62
3051,1737
2870,15
1480,117
4300,6
198,84
4899,1840
100,84
2536,5
4859,4694
4006,1742
4209,68
3960,62
4050,64
3889,70
2525,61
4360,66
4397,67
2950,6
4711,2811
1897,1737
2444,5
747,58
4270,1742
1105,58
2148,1
2297,1737
3328,65
4704,2810
3778,1737
1997,67
4810,4746
1873,61
4103,6
4578,117
602,84
4107,67
3770,1737
3337,1737
3027,5
462,58
2517,69
2284,1788
3887,48
4899,4900
4123,67
2343,1737
4325,3
2265,5
1724,9
621,58
1971,1740
4109,61
1527,58
2607,1737
3640,1740
4313,1742
3202,69
2023,63
2120,5
216,84
4945,15
3976,1742
3876,3881
4740,4691
812,58
2830,7
3990,5
1170,58
3171,1737
2288,64
2324,6
3802,7
494,84
1052,58
3731,1
4871,4872
1346,283
4928,4930
3785,69
4664,1856
4535,5
3778,60
4410,1748
1466,58
3874,1855
4385,1742
1526,16
4275,1742
1881,7
3201,1737
3816,1788
4556,285
1581,84
4561,283
2986,1737
4166,1742
4219,61
3697,5
1949,1788
4134,6
4245,1
3036,1737
3979,67
4487,68
2677,1737
2532,1740
3605,5
1826,12
3666,1737
1829,1
824,84
4985,1835
2804,1740
2717,61
2514,66
3275,1737
1556,84
1919,1808
3830,5
2160,1788
988,84
1195,84
3981,61
4042,61
2369,64
4546,1742
1353,58
3722,5
2912,64
2693,69
4379,1742
1946,1
4659,48
1235,58
280,58
44,51
1593,58
4549,1748
2602,1
2804,69
4159,3
4563,116
3009,1
520,58
3145,7
4026,1748
4317,61
2852,2853
3902,1737
2659,65
511,58
4240,64
1830,1847
4174,1737
2815,2816
2489,60
5049,4668
751,58
2608,6
4163,1742
1109,58
3585,1740
154,58
3774,1742
5037,4718
2819,2826
3934,1737
2320,1788
3500,5
2525,1
2590,5
3767,65
3712,1737
1300,58
3355,1
3266,1788
1809,62
1718,16
3383,1737
2869,67
4235,1742
5048,4684
2400,68
1491,84
4221,5
1792,1
3864,62
3991,5
3817,1742
2830,2832
4482,1737
4667,4687
2292,65
4744,4682
3559,7
776,84
4745,4733
2925,61
4804,4803
4301,62
3686,1740
4794,4678
3165,61
2891,66
893,84
4019,1742
2970,1737
2516,5
3790,1737
3812,1
488,58
3758,61
862,58
2791,1740
728,58
1706,15
4756,4678
3397,1788
3201,1
3993,1737
3275,6
4068,1737
1870,63
1671,58
2148,68
1916,1737
3143,7
3007,5
3069,1740
1061,58
2620,64
1724,1728
237,84
4161,64
4093,5
5017,4764
3271,1737
1950,6
244,58
4134,1737
282,283
4464,63
1943,61
5047,4680
2004,61
3067,68
4567,15
4985,4916
139,15
2194,62
1670,16
2201,1788
4123,61
5036,4718
3238,1788
4533,60
4851,49
4933,2831
5013,4778
5022,80
2493,67
1935,5
3220,1742
3990,64
3015,66
583,84
2102,67
346,283
4232,1740
3943,1740
2509,67
3377,7
2475,1737
2064,1788
3920,1
2467,1737
4246,7
3178,61
845,84
4757,4748
3677,5
1513,58
3033,1808
4767,4678
1995,68
2728,1740
289,58
3889,61
1395,58
4756,4692
3122,1742
5049,4696
3038,3
1502,84
2350,1
3204,1740
4448,62
4340,68
680,58
2400,1788
4486,1742
918,84
3794,5
2014,66
4100,68
3722,1740
415,58
2177,1742
3154,1742
3997,1740
459,84
2792,61
4420,67
3200,68
4531,64
1883,63
5057,4768
773,58
2378,1788
4517,61
2599,66
1908,1742
2603,7
1269,58
4758,4759
4922,4251
3985,7
3580,61
3027,61
3033,1740
1151,58
3173,1742
3669,1737
4810,4693
3499,65
4665,3886
554,58
1966,3
2024,6
3931,66
2936,1
2136,1737
2632,1742
3426,1788
5029,4683
1693,84
2720,7
5083,80
1700,58
4007,62
4405,68
3033,64
3094,7
3091,1740
3515,62
3572,5
2753,65
2662,5
2182,1737
5053,4668
4243,6
4698,4672
1800,1737
3314,1737
3566,1742
191,84
2886,1740
4807,4765
3459,1742
3670,62
2343,67
1307,84
1129,84
2458,1
4528,1737
3865,6
1872,1788
2101,1737
1747,1740
5054,4676
2065,1742
545,84
3184,1740
1705,58
379,58
3058,67
5028,4691
737,58
1587,58
4881,1835
1715,113
2132,1748
2477,5
2906,63
3773,1
5057,4786
412,84
5042,4688
234,84
1997,61
4463,1737
4744,4741
1128,58
3492,7
2207,61
1919,70
2244,1737
4810,4679
2268,61
4089,69
1302,58
1985,1742
863,58
4835,4693
5051,4720
3544,1742
4530,61
1221,58
2741,1808
4239,1737
2286,1737
253,58
5029,4733
4959,4860
3507,1737
2463,1737
3582,1737
2449,1
2793,2794
1412,58
2497,1737
5053,4686
245,145
4698,4690
2085,62
2638,60
802,58
3963,65
2769,1737
590,133
2096,1737
4511,69
4859,4685
4535,67
4576,16
2580,1737
3963,62
2348,1737
4999,5000
3013,1737
3076,7
3209,1742
1981,62
2008,68
2370,1740
3055,1737
5028,4673
3655,66
2309,67
4103,1737
3241,1742
4351,1737
456,84
2143,1740
1909,1737
645,84
4581,116
3672,1742
1859,1862
4811,53
689,58
1973,6
1539,58
4942,3881
3736,1
3813,61
2999,7
2596,66
4950,4956
2950,1737
4597,84
3340,65
4835,4675
2311,1
2629,6
4127,1737
2174,1737
246,58
2616,5
3809,1742
1993,67
3395,1737
4161,1737
5050,4682
4263,4267
2422,1
1510,58
4875,4876
923,124
2617,1737
1643,15
4149,1742
2657,2658
1346,133
3203,1742
1690,84
2894,5
3944,66
4435,7
5050,4669
2455,61
1055,58
3664,65
4802,4759
2869,1737
2516,61
2631,68
3500,1737
4834,4689
2996,1740
3667,61
4340,63
2893,68
1948,1788
3071,1742
3467,1737
663,84
1509,84
2482,1737
4767,4793
2209,7
4982,1857
2018,68
2876,115
1304,84
2752,1
76,15
3803,1742
1971,70
2943,1737
2173,1737
4588,58
2064,3
3990,1740
2250,1740
2780,2787
767,145
4531,61
2445,1742
2491,68
3948,62
59,62
2721,1737
3213,1737
2300,1740
4899,4921
3502,5
2277,1740
2807,2813
3991,67
14,15
3428,3
4269,1737
4814,4820
4959,4675
2900,1742
1916,70
3715,5
4666,47
4007,67
3033,61
3169,3
3779,1740
4227,67
3279,66
641,58
5005,80
4025,1740
4724,1788
1869,1737
1962,61
1941,1740
1619,116
4559,15
2753,63
5072,4849
2310,68
3253,1748
3768,1896
5053,4690
2492,69
3664,63
2385,5
4632,145
926,84
1958,1
1462,58
5027,4820
4282,1788
3595,1737
4017,63
2257,67
5017,5019
2114,1740
2532,67
4899,1843
1328,58
1973,1740
1702,58
157,58
2944,61
3865,67
3021,1
3430,1737
1568,58
3433,65
1421,58
2444,6
3898,1737
2012,1737
4767,4783
1870,65
4016,64
3745,1788
962,58
4960,1
5043,4754
4704,2811
2727,64
3777,3
4578,114
2605,1742
4107,66
4490,70
3985,62
1202,58
2517,68
3887,51
5047,4742
2899,62
385,84
2993,5
4745,4672
4530,64
4081,1788
928,84
303,84
766,84
2932,62
1946,60
4744,4670
2023,62
4109,60
4008,7
3921,1740
3202,66
4194,1742
3836,5
3876,3882
2567,1742
3769,68
2324,7
3691,1
491,58
3062,61
3785,68
849,58
5082,80
2314,61
4664,1857
1830,1850
4239,5
3951,1737
5015,4673
4928,4931
731,58
3522,1737
1089,58
2347,63
1881,6
2722,1
1096,84
1719,84
2907,7
3681,1896
121,58
2727,1808
3794,1737
3265,7
1414,58
3503,5
3786,1737
4247,4249
446,58
4134,7
1280,58
4933,4939
3979,66
3084,1740
2128,61
2091,67
2652,1742
247,58
1940,5
4282,7
3082,67
1914,1740
605,58
1511,58
4154,61
1960,64
4868,15
3591,70
2395,1740
914,58
4055,1737
4215,1742
3324,1
2387,1740
4382,69
1070,15
5014,4797
796,58
3682,5
3475,1
2801,68
1154,58
2693,68
1161,84
186,58
2989,67
4662,12
1036,58
2691,1737
3873,7
511,84
4435,64
3471,1742
4317,1808
3591,1737
4317,60
2852,2854
2659,64
4053,1788
4240,65
2632,62
2995,66
1830,1844
2378,64
3413,1740
2489,67
5049,4675
2715,67
4106,1788
4899,1839
1013,84
2098,67
1756,62
5034,80
2505,67
4198,67
3433,61
683,58
4039,69
3932,1
298,84
1041,58
4256,4253
2286,61
3616,60
2328,1737
3673,61
3283,1737
4026,61
2869,66
177,84
5048,4685
2400,69
2346,1
1915,1737
264,58
1883,67
4985,4905
2830,2833
894,58
4810,4670
3263,7
199,58
5048,4668
1359,84
2292,66
2529,1740
4744,4683
1917,1748
557,58
4667,4686
2201,5
760,58
2579,66
4116,7
1134,58
2930,1788
2376,61
3779,61
4794,4679
5013,4775
2056,5
495,58
4584,15
1865,64
597,84
2891,69
5052,80
4289,1742
1947,1740
1362,58
4020,1788
316,84
523,84
1939,1740
2516,6
2960,1748
1244,58
2016,67
2445,62
1602,58
3909,62
3985,1788
634,58
3147,1737
4468,61
1966,1740
4756,4679
1927,62
5049,4685
3250,1808
2954,1
1025,84
33,34
1635,15
3633,5
3690,62
2108,62
2148,69
2064,60
2192,1
965,84
4933,4911
1724,1729
2319,6
3726,3
2474,61
3027,65
4490,1737
4403,62
2909,61
3206,61
1943,60
4285,62
3817,66
4758,4762
3585,68
2009,1740
2645,1737
2174,5
4483,7
1289,58
4008,66
4851,48
2066,5
3905,1742
472,58
2681,1740
4794,4681
1214,124
5013,4777
3340,63
3028,1737
1680,58
2830,67
1993,5
3990,65
4281,67
3222,63
2117,1788
1335,114
1814,21
4177,1742
1086,58
1858,51
3067,1742
3624,1
4186,64
4297,67
2706,68
983,84
1190,84
805,58
4542,5
4757,4747
3083,1742
2902,1788
185,15
3528,5
2012,5
4805,4766
1045,58
4543,1737
4756,4693
2950,60
1878,1808
1554,58
228,58
4150,1737
2509,1737
3004,7
4359,61
4999,4916
2498,6
3684,1788
1954,1737
4100,69
3133,62
1906,1742
163,84
4107,61
3301,1742
4893,4877
2060,62
5057,4775
4531,67
2830,1748
2710,64
2875,131
5047,4697
3780,64
4056,62
2489,1808
3945,7
4440,7
2672,1737
3938,62
4665,3885
3635,66
2024,7
2882,66
3931,69
2369,61
2261,7
1208,84
233,58
3762,67
5029,4682
384,84
4740,4741
4945,4765
4109,68
222,84
2347,1788
2133,61
2737,64
4405,67
4336,1788
2710,1737
1579,84
1638,283
2753,64
3930,6
3748,1
3138,1742
1770,1737
798,58
3995,1742
4698,4673
3336,65
2374,1788
2430,1742
2378,7
610,84
2170,1737
3603,5
5008,1
4834,4682
3766,1737
2850,3
2944,68
4807,4764
1267,84
399,58
935,84
2347,7
4834,4669
2185,1742
3865,5
4209,61
3703,61
4284,1737
3979,61
552,84
19,15
4805,15
1253,58
3156,1788
5054,4677
4710,2810
3034,70
4808,4762
1135,58
3720,5
3189,1742
4999,1847
5047,4670
2145,67
3395,67
4899,2787
538,58
1644,58
4464,1896
4388,1742
5057,4785
1444,58
2161,67
4744,4742
3452,7
2386,62
4564,15
1919,65
1684,58
4089,68
2056,64
4835,4692
4745,4746
2371,1737
2730,1748
5029,4732
1946,70
3026,1
873,84
4846,4850
1160,84
4757,4670
2894,1740
1605,84
5053,4685
2395,67
2928,1740
2146,61
4199,64
4108,1
3731,70
3896,7
4511,68
1331,58
980,84
4859,4684
3902,61
3406,6
4525,1788
872,58
2081,65
4859,4669
5078,4889
4519,1742
3369,1742
2988,1742
3248,63
2191,61
2728,61
2014,63
2252,61
4161,61
847,58
1881,1788
1205,58
3017,1
4372,67
891,84
4639,15
4598,133
4581,115
5060,80
1623,84
4811,52
4950,4957
746,58
2080,1737
4942,3886
1480,284
4137,69
2305,62
4358,5
2950,1742
628,58
4286,1740
5036,4673
2612,67
2078,1737
2912,7
4577,15
3175,62
5050,4683
3986,1737
3214,1742
4263,4266
4875,4879
2112,1737
2555,1737
2777,1737
4210,1
2104,1737
694,84
4139,7
5062,5065
4757,4672
4435,6
3749,1740
3842,62
4028,1737
2560,1740
1945,1
4492,1788
3581,69
2406,1737
2893,67
4158,3
3848,1740
623,84
3999,5
4123,1740
3028,64
2098,61
389,84
4767,4792
4407,1742
433,58
1283,58
3818,67
4719,4720
1525,115
2879,1
4039,3
4531,60
673,58
2356,66
3797,61
3965,1
2004,7
3586,1740
2958,1737
1064,58
3552,1788
4899,4920
4959,4669
96,58
2807,2812
3951,67
4745,4693
3167,1742
4490,1808
4865,80
3221,1788
4537,7
4609,58
3488,1742
843,84
2325,69
4959,4674
2897,1740
2510,67
149,145
2976,61
4187,67
2220,1737
1039,58
4227,66
4652,15
1653,58
3390,64
3102,1742
3024,1737
2187,1737
580,58
1976,3
2262,1737
3320,1
1888,1737
2089,5
3979,1740
2310,69
5053,4689
1918,1
3113,1742
2498,1737
3849,66
1886,1737
3104,7
3670,1742
2257,66
2465,1737
3865,66
2957,1737
1924,1
5071,16
2910,7
4360,68
5028,4736
4508,68
1274,84
2444,7
4767,4782
450,84
1870,70
4417,6
2,3
3007,66
575,84
2989,1737
3441,1742
4852,16
2981,1737
2727,67
1943,5
4285,7
1691,84
4372,1740
4107,69
4399,3
3509,61
2517,67
2599,5
4899,4902
1232,84
3982,1742
3887,50
4055,6
4744,4688
1698,145
3327,1
4745,4679
763,58
2639,3
1946,61
182,58
4744,4671
4021,3
3414,1737
2100,1737
3202,67
5025,4733
1446,58
4107,1740
3876,3883
1986,7
3603,1737
2830,5
1776,1737
1686,58
141,58
2288,66
1247,58
2122,1740
2452,61
2694,1748
3802,5
4928,4932
1830,1851
3438,1737
4866,1838
4535,7
3299,5
2020,1737
3889,1737
2591,1737
2475,5
2611,7
1881,5
1995,1737
1297,84
1995,61
4444,67
2625,1737
828,58
2972,1740
4247,4248
4836,4801
1186,58
4933,4938
3979,69
93,84
4528,61
3073,1742
3790,1
636,84
4171,1
4100,3
4032,1737
5048,4672
402,84
4024,1737
2514,64
2349,1
1755,1
2424,62
3591,65
3929,1740
4804,16
3963,1808
2204,1
1773,1737
3227,1737
2195,1748
2912,66
4659,50
5030,4690
2952,67
2493,61
3046,61
3302,1737
833,58
297,84
715,58
3762,61
4435,67
4740,4675
1073,58
134,58
1572,84
3530,1737
2852,2855
1004,84
2659,67
1912,7
4612,4613
4236,7
630,58
4240,66
1919,1740
3989,1737
430,58
3777,1737
2815,2818
2051,61
5049,4674
1520,58
3769,1737
4664,1855
2461,60
2118,7
231,58
436,84
3743,69
589,58
2454,5
993,15
4039,68
4021,1737
1343,145
4933,1839
1495,58
5043,4672
3616,61
898,58
4071,1737
2008,61
905,84
2780,1808
4295,1
3920,1737
4843,4265
3460,1742
2050,1
1394,58
2400,70
4198,1748
1276,58
3583,62
3817,1740
1688,84
3941,62
2608,1808
3140,1737
4667,4673
3578,1742
4744,4684
2312,1
3325,1737
3625,67
2579,69
3846,3
5029,4693
5059,80
2419,64
5013,4774
5030,4684
3658,1737
2206,1740
2891,68
4923,4249
3418,1737
2516,7
2578,6
2445,61
3758,67
785,58
2716,1740
3212,1737
1415,84
667,58
2729,3
3889,1
3963,6
3874,1857
1820,21
57,58
2950,67
4004,1740
4756,4672
208,58
4079,1742
3707,1737
653,84
3831,7
582,58
2694,68
4798,4800
3143,1
2064,61
3898,1788
301,58
3959,1737
4933,4910
1724,1730
504,58
878,58
2624,5
3762,1737
183,58
3027,64
2555,61
2360,61
1447,58
4758,4763
4346,61
2004,63
2902,5
3260,1
1960,61
2271,62
4305,1742
4221,1808
3846,1737
1919,61
4851,51
5061,4720
378,58
216,145
1228,58
3686,1788
5029,4679
4557,132
4074,1740
5013,4776
2547,5
2382,70
1586,58
4864,80
3990,70
290,113
1858,48
3558,68
2455,5
1312,84
687,84
1150,84
3920,3
2836,2840
4246,5
326,84
4757,4746
1324,113
1915,62
3528,6
3606,1
3810,1742
4805,4765
3815,1737
1887,60
3892,1740
3174,7
4756,4694
2950,61
4017,70
3967,1742
4644,15
3329,68
4387,62
875,58
4340,70
2040,1740
4142,1742
2401,61
2698,61
3416,64
5054,4696
2518,66
2014,64
3686,61
1870,1808
4104,1
915,58
4107,60
2425,1740
2131,5
1529,58
2110,1788
4893,4876
4512,1740
5057,4774
3780,65
5047,4696
4922,4249
3027,63
5029,80
3368,1
4096,1742
5033,21
4810,4691
749,58
2201,1740
3635,69
571,16
293,84
4308,7
3931,68
2882,67
2369,60
3991,1740
1060,116
2265,67
2557,5
431,58
344,84
4794,4696
1892,7
789,58
4109,67
2023,65
2918,6
940,58
2298,1737
2710,1742
1870,1740
2273,1737
2345,68
330,58
1180,58
3823,1742
1787,1788
1538,58
4698,4686
4339,1737
2196,3
1545,84
2608,67
4111,1
4404,61
2517,1737
1993,1808
4276,64
4034,1740
3097,1
2122,1
895,84
2054,1740
2529,1
4209,60
2912,1742
4373,1
3375,1
2256,60
4714,2811
4710,2811
4999,1846
4411,1737
4228,1
2141,5
3099,67
4016,7
4359,67
3526,6
4893,4894
5057,4784
1812,1
4154,3
3056,1788
3817,61
3156,7
2932,1737
682,84
4744,4743
25,21
4510,68
2907,1737
1919,64
3492,1
2726,1737
2436,1737
4035,3
4835,4695
1363,58
408,58
4008,63
4195,1737
5029,4731
4959,4862
5050,4678
1753,1737
2954,1737
4492,67
3012,61
4875,4880
4003,1742
1278,58
4445,61
4447,1737
3816,1
4307,68
1144,58
2716,67
296,84
3437,7
2760,61
249,84
4698,4688
4981,12
3687,61
1028,84
2914,68
4473,1737
879,58
1948,5
2934,3
4199,67
3985,1737
3032,7
2047,1737
4859,4687
3406,7
3571,68
164,58
700,84
3897,1742
1803,1
4999,5002
522,58
39,16
4460,1788
4767,4789
4859,4668
1428,58
2711,62
2559,1740
4175,1788
4893,4880
5042,4672
4376,7
2302,1742
1968,1737
4547,62
3580,67
3859,1742
4811,55
2243,1788
4244,6
4137,68
1282,15
4835,4677
2315,68
1828,6
2616,7
2801,61
2269,1737
2106,67
4014,7
2842,1737
3028,1788
3569,1740
4875,4878
4960,1737
1422,84
2780,7
4149,1740
2892,1737
4500,1742
3944,68
3557,1737
3323,1
4113,1737
1555,58
3664,67
963,84
2445,69
3795,5
4845,4817
4397,61
1746,1737
4240,1748
3785,63
3198,68
4527,1742
1695,84
3606,63
1738,1737
2374,68
4573,284
1891,67
1927,1
2897,7
2276,68
4292,1742
831,58
4222,61
3147,61
2676,1737
365,84
3929,67
1071,58
3720,1742
372,58
3900,1860
2499,1740
2830,1808
1580,58
2842,60
2007,1737
4511,1740
612,58
2706,1737
3758,1737
3887,47
2880,1788
3157,1742
4959,4668
2079,68
2315,1737
2562,62
2872,16
2083,1
1909,62
4453,1742
2325,68
4633,4635
4959,4685
3697,1740
1916,64
4666,45
4082,62
4044,1737
4895,4896
2962,1
4227,69
3033,3
711,84
3876,3878
4396,1742
2568,1740
367,84
2513,61
3445,1737
1049,84
2753,61
2277,61
2574,61
617,58
2082,61
2931,1788
4415,1742
4162,62
1523,58
2884,1742
3145,1788
2877,84
1891,1748
1884,1
2729,69
4637,15
4360,69
808,58
3504,3505
4491,7
4109,1740
1182,58
4098,1737
4767,4777
3517,1737
2911,1742
4933,4935
214,58
1853,21
1048,58
901,58
4809,145
2245,60
2617,3
123,124
3777,1
2727,66
4174,61
3099,61
4103,3
1892,1788
1397,58
4107,68
3027,6
2517,66
2409,1737
1279,58
324,58
4899,4905
4744,4689
2647,1740
2277,1788
3032,1737
2195,1737
3779,67
4075,66
3290,60
44,56
3202,64
3569,67
3491,1737
2447,1737
1875,1
3028,1808
2533,1808
3370,7
5055,80
4108,69
2455,67
1830,1848
3458,1740
3916,62
4303,1742
3316,68
2745,1737
2179,5
2750,1740
1435,84
1257,84
2492,1808
2579,1808
3645,1737
1544,84
2290,61
3507,64
4247,4251
1475,58
2120,1808
4933,4937
507,58
4489,1742
3979,68
865,58
2896,1737
1364,84
3770,67
2741,3
3034,63
362,84
2034,1788
4413,67
5048,4673
1256,58
1681,15
3347,1737
857,145
1960,66
4140,1742
1430,58
2091,1737
2164,1
991,58
2387,1742
4126,61
2166,1737
2575,61
1349,58
3112,61
4089,3
435,84
3820,1737
2693,66
1784,1737
5030,4691
2076,68
4095,61
44,46
1589,58
2669,67
1167,84
3135,1742
2268,1788
2804,64
4435,66
4740,4684
1858,45
2369,1737
2324,1788
3256,1
2011,1737
2338,68
4483,1742
930,58
3078,1742
2338,1808
2659,66
2003,1737
2040,61
3842,1737
2991,3
4240,67
1830,1834
2995,68
2633,1737
2374,3
3196,1742
2472,7
570,132
4035,1808
2683,1737
4383,64
4512,61
282,114
1078,84
3081,1742
4699,1862
4040,1737
2757,66
3989,68
3130,5
3850,1818
5017,4759
2437,67
3787,7
4110,60
1897,7
3508,1808
3894,67
2869,64
2677,61
5048,4687
3577,7
4072,1737
4985,1850
881,84
183,84
4204,62
4985,4911
3991,6
1667,58
4616,16
4667,4672
5048,4670
699,58
3487,1737
445,84
374,58
4898,4897
2929,63
3190,1742
4794,4677
2197,63
5013,4773
2489,1748
3182,1742
2239,1748
2348,61
5030,4685
4017,1740
5056,21
1504,58
3022,5
1947,1742
2588,61
3120,1737
1899,1737
3785,1737
2741,1737
4047,61
1227,84
87,15
1962,1
2894,67
4621,84
4943,4944
2277,67
4399,1740
2098,1740
3593,1
2618,1
5049,4691
4756,4673
2224,1788
613,84
1992,61
3201,6
2694,69
3928,1737
1968,6
4798,4801
5041,4253
3069,1737
2637,5
1724,1731
2624,6
4161,69
4107,1
3027,67
1950,5
686,84
4960,61
2378,1737
1762,7
3817,64
5047,4677
2487,69
4758,4760
2428,1737
2967,1740
4000,1737
5013,4678
2918,1808
2589,1808
4008,68
3434,1737
1919,60
3458,61
3843,5
4851,50
769,58
4272,1737
2197,65
5013,4791
3411,7
2609,1
2830,65
1994,1742
651,58
1939,67
1265,58
4524,1737
112,114
3575,7
3943,1737
4899,2821
3641,61
1147,58
2438,68
2836,2841
192,58
2629,1737
1976,60
566,58
3977,67
235,124
4070,1748
4665,1856
2405,1748
2368,5
3586,67
3506,1737
2243,61
3528,7
4805,4764
3038,6
3719,1737
4977,4978
1696,58
3507,61
2532,5
525,58
4758,16
3816,1737
4050,7
1431,58
2111,67
5054,4697
3683,5
1722,15
2518,67
2014,65
3740,68
1944,61
3501,1742
4107,63
2329,1740
4531,69
1330,58
3591,5
1908,1737
2674,60
1337,84
1212,58
3780,66
3945,5
4076,67
1570,58
4629,15
3495,1
4810,4688
894,84
2693,7
3635,68
4375,61
1501,84
2586,67
2882,64
2136,1740
1060,117
3116,1737
4794,4697
1930,1737
5013,4793
2733,1
3658,62
2023,64
2918,7
4726,4738
4740,4743
3033,69
2089,61
2753,70
977,58
3130,1740
3077,67
4698,4687
2378,5
3336,67
1217,58
4834,4680
3841,1808
3580,1788
3603,7
2938,61
1224,84
3035,7
4807,4766
4845,4733
3357,1742
3853,1737
3889,1808
518,58
2705,5
5037,4673
1388,84
4980,1816
2320,1737
493,58
2256,61
440,58
814,58
3114,1742
3034,68
375,58
4808,4764
4295,69
3548,1742
4430,66
733,58
4103,1748
1715,114
1772,1
4201,1742
4663,16
4007,1740
3223,61
1923,1
4626,124
4811,56
2579,1
2929,68
4974,4970
2056,66
3490,1737
4835,4694
1916,61
2294,1740
1164,58
4,8
2979,62
4607,58
2286,1740
1889,5
2875,113
5029,4730
1946,68
2545,1740
4177,67
5050,4679
1660,58
4161,1788
3215,5
2533,1737
4846,4848
4881,4892
1797,5
2694,1788
2402,62
3424,5
3667,67
4853,80
4698,4689
1948,6
758,84
4241,1788
4859,4686
2357,1
1763,1
4427,1737
2580,1748
1638,117
2900,7
3028,60
4039,1808
426,84
4767,4788
2337,61
2890,61
2212,1
201,58
2696,1742
1051,58
2470,1737
4810,4754
2067,5
4595,15
2016,1740
4118,1742
1465,58
592,58
2474,1
1471,116
4336,7
1597,124
1022,58
2289,6
327,58
1694,84
2329,5
4129,1742
888,58
4811,54
4028,66
4942,3884
4806,4759
4467,1740
567,58
4338,1788
2528,1737
2950,1740
72,7
3431,61
4835,4676
2476,67
3344,7
1828,7
725,84
981,58
5006,4944
2516,1740
4976,4968
2126,7
3176,64
5050,4681
1490,58
444,84
2462,5
4047,68
3944,69
4155,1788
3930,1740
148,58
2616,1788
2064,1737
3902,66
2746,3
2056,1737
2472,62
4525,7
2649,1742
3198,69
3581,67
2243,7
4315,1737
339,84
2374,69
107,16
2712,62
4158,1
1891,66
4434,67
4307,1737
2308,1737
2897,6
2276,69
1950,1737
3035,1740
710,84
1984,1737
2350,1737
2077,5
4531,62
3900,1861
3780,5
2545,61
2842,61
2004,1
2366,61
1881,1740
2956,5
2302,5
142,84
3082,61
2586,6
3887,46
4959,4671
3907,1742
2660,1
2882,7
2277,1737
3329,1740
2996,3
3032,1788
1299,58
2908,1737
1909,61
2325,67
4633,4634
3675,7
4109,7
974,58
2404,1740
1916,65
4409,67
4227,68
2456,61
5030,4743
519,58
5053,4862
1133,58
1080,58
2103,1737
3136,1740
1941,1737
3674,68
4757,4688
2492,64
3749,1788
3623,61
815,58
3131,61
4805,4803
4030,1
3849,64
1173,58
3192,61
4017,60
2968,7
2054,60
1682,58
356,58
3865,64
1973,1737
674,131
4172,68
2729,68
714,58
2381,1737
5028,4738
2023,1737
1917,70
3876,1856
2903,62
2444,1
4767,4776
3944,1740
4933,4934
4121,5
2035,7
1361,84
4235,61
4528,1
1950,60
1034,114
3436,68
4363,64
2555,5
1886,68
4372,1742
2474,1737
4578,113
4490,69
3089,6
2524,1737
4140,5
18,16
4899,4904
4744,4690
2497,61
3050,61
4985,4995
2924,1788
4016,1740
361,58
1282,16
4075,69
1346,117
3255,1737
601,58
2429,1
1066,84
3600,1742
4431,1742
4048,1740
3592,1742
4026,1742
3353,68
2288,68
3802,3
738,84
3625,1788
792,58
4108,70
4239,6
1830,1849
4044,68
1166,58
3533,1737
4394,61
3521,1
2367,61
4337,1737
3390,1737
2229,60
4575,15
1023,58
1911,1737
1983,1740
4325,1742
3587,1737
3507,67
4247,4250
2028,61
3662,1737
2613,1740
1263,58
4933,4936
2091,68
2309,5
2256,5
352,84
3696,1737
4487,64
2373,1740
3422,1737
541,84
2156,1740
4117,67
548,58
2211,1737
1084,84
1674,84
5048,4674
4985,1839
2423,1740
3200,1737
3591,67
1798,1737
1960,67
2396,62
1948,1808
2878,116
4744,4672
2369,68
2243,1737
4085,69
2912,68
4018,62
4659,52
2489,1737
5030,4688
44,47
2537,1
4429,1742
3389,1737
4319,1742
1925,7
1143,84
4740,4685
3091,67
195,58
2122,1788
2213,61
2659,69
553,58
2523,67
1767,1737
4240,68
1830,1835
3421,1737
1459,58
4767,4718
3687,68
570,133
1874,61
2806,7
3100,1742
3028,5
4610,133
3092,1742
4518,68
4391,1742
1374,58
4973,4972
2698,7
2883,1
1988,68
1347,84
1240,58
3051,61
2319,61
1614,58
2380,61
4148,1742
975,58
2738,1
4110,61
2887,1742
4225,67
1333,58
4843,4267
3281,7
5048,4688
1765,7
3519,5
1215,58
3577,6
3824,1
2593,5
4985,4910
4082,1737
874,58
3151,1742
452,84
1868,1788
4667,4675
2932,1808
3263,1788
441,285
2573,1740
4183,69
3472,5
1114,58
4227,1
2377,1737
5029,4691
4794,4674
3229,1
5013,4772
2019,1737
3414,7
3986,1788
1626,145
3086,1742
1865,69
1811,1
4334,66
4159,61
3084,1
4923,4251
4220,61
3970,62
2029,69
4047,60
4069,1742
3758,65
363,84
4034,3
4726,4673
3734,62
1919,1788
1095,84
4552,1742
3889,7
2019,64
2897,61
5049,4690
4756,4674
1928,1
2792,1737
3201,5
2444,68
3137,61
4053,7
2148,64
443,58
3251,1737
801,58
5043,4688
4161,68
3027,66
4663,15
3328,63
5057,4778
2830,1737
2430,7
2487,68
5047,4676
3656,67
1876,12
224,58
3198,1742
2118,1788
4063,1742
4985,4920
927,58
4619,58
3482,5
971,84
4667,4689
4305,1740
4238,1742
2275,61
4095,67
4835,4669
2220,1788
4745,4755
4008,69
4297,1740
2080,61
1703,84
1596,114
1919,63
4794,4692
2469,69
2362,1
5013,4790
4277,3
4841,4266
708,58
3990,68
816,124
2830,70
1548,124
2438,69
98,58
152,84
3111,1742
4132,7
1937,1737
3613,62
306,15
2089,67
4600,15
4726,4691
774,84
2665,1808
2579,1740
4805,4763
4756,4688
2240,64
3754,7
2672,67
4833,80
2836,62
4359,62
3139,1737
703,84
2498,5
3919,1742
4823,4824
2518,64
2373,61
2014,70
3740,69
3313,1742
4512,1742
4353,1742
2613,61
5057,4772
2427,6
1775,1
4531,68
2727,5
3780,67
1009,58
4808,16
1057,84
1016,84
4280,1737
2335,6
4804,4764
310,58
3211,1737
2936,5
3840,7
614,84
5038,4673
4507,1737
5029,4727
5013,4792
4726,4739
2737,69
4109,65
4528,1808
1440,58
2958,5
2687,1737
3033,68
162,84
2089,60
4213,61
1375,58
3930,5
3489,1737
4611,16
765,58
819,84
4698,4684
5044,4720
3477,1742
4328,1742
2472,67
4503,1808
1659,84
4834,4681
3731,61
4293,6
4276,66
360,84
4807,4761
2715,62
4053,1808
3821,62
3640,1
3876,1855
1092,84
1881,67
956,58
3075,1742
4980,1817
2753,1740
19,16
2076,1737
3680,7
2630,62
4295,68
3034,69
4808,4765
2068,1737
4400,1742
2070,1
1819,34
3395,68
130,132
2366,6
5057,4790
4446,67
3570,1742
1946,1737
3067,1808
4438,1737
4745,4670
1921,1737
1919,66
4035,5
4974,4971
3174,1737
4835,4697
4,9
4420,1737
78,16
3839,1737
961,58
4745,4751
3346,1742
4085,61
4156,67
4177,66
5029,4729
1157,84
3160,1742
843,58
5050,4676
4459,1742
1201,58
262,58
4846,4849
108,84
128,58
2277,7
2170,67
3987,68
2046,61
3365,1742
3861,1737
624,58
4108,60
2240,61
370,84
477,58
2061,1
4859,4673
359,58
4845,4718
1874,5
3764,1
3556,1742
1567,58
4950,16
3028,61
4767,4791
3939,61
3109,69
2210,1737
3259,1742
4252,4253
3792,1737
908,58
1522,58
1175,84
4287,1740
3780,1740
3602,70
173,84
588,15
3577,62
2440,1
3749,6
3786,1808
2885,7
4028,67
3846,62
4942,3885
3304,7
2701,1737
4835,4679
502,84
2716,1808
4976,4969
5050,4694
3751,68
3755,1
2780,1
3632,1748
913,58
4869,1729
2911,67
2089,1740
2294,67
3842,61
1683,115
2635,5
1153,58
1905,7
2445,67
4229,7
4717,4718
3799,1737
2216,1737
2054,67
1035,58
3785,61
3606,61
3204,63
710,58
781,84
5071,15
2897,5
3108,1737
576,58
3028,67
207,84
1438,84
4812,7
1564,84
2627,61
3581,1742
4836,4799
2510,1737
3900,1862
2064,7
3534,1788
86,84
469,84
4227,1740
2488,61
2345,1748
2828,2829
2544,1737
1950,66
2953,1737
4386,1
395,84
2193,1740
92,58
2399,62
3003,1737
1474,58
2807,2809
2902,67
4982,12
5048,4741
4959,4687
2626,1
2325,66
2918,67
4109,6
2842,2846
4187,68
3033,1
2301,67
4945,16
4655,15
2072,1737
5050,4696
5053,4861
1794,1737
2830,62
2287,1
3141,1742
454,84
3674,69
3802,62
356,84
3051,1740
2928,7
4101,62
2374,1737
2054,61
4899,1847
2366,1737
2478,7
2614,5
4155,7
3574,61
5028,4739
1361,58
2400,1737
1917,69
4767,4779
3720,67
1243,58
3261,61
1065,84
4016,68
1601,58
3001,1
2398,1737
2297,1740
1950,61
2024,1737
3328,70
3436,69
4317,1740
4960,5
3591,63
5042,4755
784,84
3644,1742
633,58
5009,4720
528,58
3777,7
4107,70
4490,66
59,64
958,58
3496,1
2521,5
4496,1737
2891,1737
877,58
4899,4907
2599,6
4488,1737
4744,4691
1198,58
4807,16
4985,4994
1117,58
3371,70
2119,1737
3152,1740
3725,1
3910,7
4075,68
2936,61
4653,4654
2365,1737
1204,84
2984,1737
3762,6
2145,1737
4740,4696
2492,1740
340,58
1083,84
2875,283
1673,84
1747,61
3551,1896
2397,1737
2288,69
3171,1740
4726,4730
4603,115
2257,1748
4239,1
2156,68
3777,1788
2179,7
1880,1737
5007,12
3754,62
2697,1737
3144,62
3507,66
4933,1850
4026,68
2269,5
2878,283
1926,1737
2532,1737
2882,1788
3716,5
2926,7
2729,1737
1407,16
2558,61
345,58
2124,5
5048,4675
2052,1740
1854,1855
2329,65
2289,66
2991,1737
1952,1737
810,84
227,58
2554,1740
1960,68
585,58
3958,67
2598,1737
2878,117
4744,4673
4130,62
482,84
689,84
3608,1742
3611,7
910,58
2912,69
4089,1
4085,68
3023,1737
3692,1808
4659,55
5030,4689
441,131
3875,1742
2116,61
2615,5
1406,58
3775,7
1885,7
3057,1737
2804,66
4341,1
1069,58
424,84
4492,5
3541,1737
1646,58
2888,61
101,58
2568,5
2659,68
4240,69
1830,1832
410,58
1919,1737
1516,58
2374,1
2012,61
3534,7
2165,1896
5049,4679
292,58
4454,66
1931,1
1418,84
3028,6
4383,66
2668,1737
2585,1737
5078,5077
4973,4971
532,58
1988,69
3007,1742
2498,62
3131,1740
2994,5
2635,1737
4722,4723
73,62
1947,62
4103,1788
4836,4673
3588,62
2830,1788
4843,4266
4808,4803
1724,1726
2417,7
5048,4689
4985,1848
1970,68
2938,1737
2461,1740
2100,60
4445,1742
4667,4674
2510,61
4437,1742
4183,68
1916,5
2439,3
3718,61
3846,6
2141,1737
125,84
179,58
2982,1
4794,4675
2750,61
5013,4771
2419,69
2133,1737
4202,1742
775,16
1865,68
2863,2865
4159,60
3429,1737
4923,4250
94,58
3451,1
2220,1
2836,2837
2029,68
984,58
3758,70
1358,58
4399,1742
3665,1742
1224,58
3035,61
620,117
1598,58
3889,6
4756,4675
4397,3
4273,61
1932,1740
4164,1742
959,58
3218,68
2444,69
3572,1737
4053,6
4712,2810
2169,60
3007,1788
500,58
5043,4691
858,58
1708,58
4107,3
4090,1737
3027,69
3180,5
5054,4668
3638,1737
2973,1
3811,1737
5057,4777
2578,1737
1098,58
3630,1737
5047,4679
4657,113
4758,4766
4333,1742
3293,1737
2620,1737
1909,67
2214,62
4665,3879
4667,4688
4835,4668
3841,1737
4745,4754
4008,70
3846,1740
4533,7
4851,52
1596,115
2469,68
2732,1742
4017,1788
5013,4789
4442,67
4007,7
2462,61
3990,69
4841,4265
112,116
2328,1
1750,1
4130,1742
2455,6
2044,1740
2763,2765
745,58
3984,1737
734,84
627,58
3674,61
4726,4688
3198,61
3788,5
4805,4762
4756,4689
4261,4253
936,58
3215,1740
2367,70
3643,1
3808,64
1310,58
3065,1808
4209,7
4340,65
1176,58
3802,1788
3979,3
3254,1737
1550,58
4189,1742
911,58
4181,1742
3780,61
2259,61
4585,15
3276,1740
3513,6
452,58
3095,1742
5047,4693
4015,61
2842,68
4103,69
2552,1740
1789,1742
2001,67
2664,1808
4236,1788
193,84
1647,58
4804,4765
2693,5
2507,62
3729,1737
3800,7
2976,7
3991,1737
3127,1742
3597,62
3119,1742
2003,1
1490,84
4726,4736
2023,66
2737,68
4109,64
2724,1788
3202,6
3498,7
4865,4718
2753,68
3749,1748
2355,1740
4698,4685
2378,3
3538,1
4834,4678
3731,60
2921,1
539,84
3032,60
5011,16
4081,7
4807,4760
2607,7
5054,4862
1881,66
2682,1808
579,58
4528,1742
4369,1742
5043,4670
2175,1
4973,4929
4484,7
4361,1742
2290,67
3870,1742
5054,4681
3610,1737
2869,3
3034,66
358,84
4808,4766
3054,1
4430,64
3911,3915
130,133
2181,1
3660,1737
1074,84
5057,4789
2724,7
2463,61
3223,63
2267,1742
3082,7
3398,67
4279,1742
2443,1
1477,58
2579,3
2211,61
4806,4763
4810,4672
4974,4968
2056,68
1916,63
2369,3
4745,4750
4967,4972
4028,61
4085,60
5029,4728
4470,1742
644,58
5050,4677
3507,1740
2459,62
688,84
3591,1788
4462,1742
3384,1
3565,62
4881,4882
1140,58
533,84
2497,1740
3805,62
5053,4681
3424,7
2581,62
2430,1788
4556,114
508,84
2914,67
4834,4696
4165,60
4511,64
2265,1737
4859,4672
2315,1808
3332,7
4060,3
2098,7
4408,1742
2134,1737
2283,1
3939,60
2434,5
147,84
2309,61
4093,69
2311,1737
4022,67
4184,1737
3109,68
2559,1737
2084,69
2018,62
1929,1737
311,84
3766,68
2610,61
1933,7
2155,1742
945,58
3898,1808
1979,1737
2231,7
2124,67
4326,1742
2235,64
1968,1740
827,58
4403,1737
3359,1737
1536,84
2703,3
1185,58
1517,133
2086,3
2251,64
4814,4815
4959,4696
4835,4678
206,84
1828,1
2030,61
3040,1788
2911,61
3395,1740
608,58
4976,4970
3176,66
3319,1788
5050,4695
3216,67
2419,61
4506,1
4149,61
2617,1740
2716,61
1311,58
3688,61
1355,84
343,58
2659,61
3528,1808
3067,1788
701,58
4806,15
4199,1737
2744,1737
3664,70
4611,15
4189,7
2445,66
3902,64
2931,7
3785,60
242,58
919,84
3785,1808
2944,1808
536,84
1506,58
3999,1
4380,5
4565,15
4767,4772
2694,3
1982,1788
3854,1
1964,5
1158,84
3048,7
2445,1737
3456,62
5043,4747
4086,62
2620,5
3783,1742
5028,4732
1950,67
4275,7
2300,1737
962,84
3758,1740
2709,1737
3223,67
2524,1
4375,1740
3546,1808
2477,1737
3526,1740
2807,2808
4364,1737
82,1
263,84
2562,61
14,16
2086,61
4144,1737
5048,4742
4959,4686
897,58
4109,5
4021,61
4274,68
2842,2847
4082,61
4132,1740
4649,16
779,58
4524,1788
2679,7
5050,4697
5030,4741
3769,61
5053,4860
1589,84
4153,68
3136,1742
3373,5
3248,1788
2509,6
3674,66
2902,1737
3128,1742
2496,5
560,58
2371,61
2924,61
3724,1788
2176,61
3595,1740
2067,1748
413,58
3229,1788
295,58
3163,1742
1881,63
653,58
546,84
2106,1737
1941,67
2964,61
2934,1737
3248,64
535,58
3875,61
4109,1737
1917,68
4933,1847
3402,1737
3720,68
4767,4778
3098,1742
73,1
3377,1737
4796,4797
4363,66
4060,1788
3187,1742
2138,1737
1458,58
4960,6
5042,4752
3777,6
1340,58
2623,62
2897,1808
5015,5016
59,67
4458,1737
4005,62
2597,1737
4823,4720
3331,67
160,84
4211,61
2640,62
4899,4906
1798,1
4744,4692
2440,62
3326,1788
4745,4683
4985,4993
1810,1737
3685,1
2750,6
3653,1737
1346,115
3379,1788
317,115
3762,7
3059,1740
4740,4697
2294,61
4530,1737
4223,62
3074,5
4026,1740
4034,61
4927,6
219,84
3802,1
4108,64
4726,4731
5008,62
3990,1808
1649,84
1352,84
2156,69
377,58
4556,132
272,58
4075,1742
1783,1
1585,58
646,58
2367,63
2944,1788
2122,68
3550,1742
4325,1740
4658,133
1142,58
2347,67
2661,7
3486,1788
2045,1
4010,1742
1974,7
503,58
2563,61
3116,61
3761,1740
2178,69
4085,1740
2624,61
3084,1737
4487,66
1900,1
2906,65
743,58
1155,84
2256,1788
5048,4676
3506,6
4140,1737
1960,69
1983,61
4744,4674
4581,133
3362,1737
2044,61
4085,67
3465,62
4659,54
5030,4694
4154,1740
3648,1
2911,7
2804,67
4740,4687
2369,1742
2445,7
2581,5
3926,1
1951,60
4240,70
1830,1833
3920,1808
1891,1
5049,4678
2608,60
1894,62
939,58
3028,7
43,1
2548,1737
2957,61
4973,4970
3178,1737
4637,16
329,58
1034,133
4039,64
4330,68
4366,62
1537,58
3007,1737
211,58
3258,61
4933,4920
3637,1737
2805,68
720,58
1914,68
1806,1742
3567,1742
3616,2658
1890,61
1724,1727
5048,4690
455,58
1216,84
1641,15
3039,1737
4925,4926
5046,80
4150,5
2100,61
2261,1737
695,58
4667,4677
2325,6
4035,61
1946,1808
1916,6
3065,1737
3067,61
4794,4672
2069,1
5013,4770
5030,4672
2419,68
1697,15
594,58
2476,5
138,84
4334,64
394,58
1500,58
4155,1737
2106,6
2863,2864
2087,1737
4740,4669
2331,1
2836,2838
2516,3
2029,67
2462,67
4047,62
2601,1737
4216,1742
2257,3
4726,4679
3417,1
2186,1
4399,1737
3863,1740
4805,4759
1281,84
2729,7
3889,5
5049,4688
4756,4684
2643,1737
3103,7
2019,66
2861,2862
1199,84
1662,84
2411,1737
2444,70
620,133
838,84
1870,1
3939,1737
4435,1740
4057,66
4712,2811
5054,4690
79,80
3312,7
4977,15
2675,1737
3777,67
3518,1737
2252,1740
3027,68
5054,4669
281,58
5057,4776
2064,64
1387,58
3958,61
3552,1737
2157,1737
3817,69
3763,1
2792,68
2919,67
3198,1740
2359,1788
1427,58
4322,62
4665,3878
4667,4691
2967,1737
4745,4753
4851,55
3222,65
968,58
1121,84
5013,4788
4959,4742
3401,1742
2905,5
4841,4264
4048,61
1261,58
5045,4926
3832,1742
215,84
3080,1737
3802,68
3624,6
4297,70
2763,2764
943,58
4295,1737
856,84
2909,1788
1301,58
1452,58
3563,1737
3606,5
484,58
3382,1737
4805,4761
4051,1740
842,58
2125,62
4756,4690
3374,1737
2325,1740
4826,12
3697,68
2240,66
3589,68
3865,62
599,16
1082,58
1744,1737
2984,65
3816,1740
3484,1788
3416,68
2316,62
4100,66
2014,68
2140,1740
2636,1737
4838,80
2198,62
4798,4673
2132,1740
3415,5
1404,16
3513,5
1903,62
3591,6
1997,5
3595,67
2797,2800
4103,68
5047,4692
35,21
921,84
2295,1
4493,62
2517,7
2850,1742
4804,4766
4616,15
1464,84
489,58
3077,1737
1966,5
4,5
371,58
4146,1742
729,58
3796,60
4726,4737
2682,1740
1949,1808
4570,15
2959,1740
3992,1737
4614,114
661,124
866,84
1751,1737
4240,1
2136,67
1294,58
2450,1737
4698,4682
3405,1737
2489,3
2625,1
3785,7
4834,4679
3731,63
167,84
4023,5
4465,61
1656,58
3228,67
4197,1742
3272,61
3713,1737
761,84
1881,65
3961,1737
1391,58
2384,5
3473,1737
794,58
2630,60
2758,1
669,84
3573,1896
5060,4720
4999,1842
4073,62
4511,1748
4002,1742
5057,4788
5042,4682
4007,1737
3020,1
3787,1737
1973,62
3846,66
4806,4760
5045,4720
2272,62
4974,4969
1107,84
3233,1
4039,1737
4745,4749
3346,1740
620,283
105,84
3616,1748
3261,1737
2875,114
4177,64
1946,67
3039,5
5050,4674
2113,5
4645,15
3511,1
4061,1742
2520,1
323,58
2341,61
2894,61
2793,2796
681,58
2402,61
2992,5
2277,5
5053,4680
3805,61
1970,1740
3313,61
212,84
4556,115
2733,1788
4377,1742
4599,15
4834,4697
1948,1
4511,67
4859,4675
232,15
3626,1737
3835,1
4145,7
4057,63
3986,5
278,58
1368,58
4767,4785
4555,58
197,58
2200,1740
4015,1742
1608,58
3841,1
2886,68
4531,1737
1461,58
3224,61
2067,6
2195,61
2748,61
4810,4753
3890,1742
3602,68
388,58
2007,3
4985,4987
3202,1740
432,84
4557,116
4899,4913
4561,113
4230,1742
4490,63
884,58
3805,1788
277,84
2945,1742
4218,1737
4835,4681
2883,1788
2366,1808
3678,5
3789,62
5012,15
4976,4971
4233,1742
2419,60
3118,1808
2718,1742
1666,84
4757,4683
2064,1740
1683,117
1905,5
2036,67
2056,1740
4017,7
2492,60
4529,65
4512,7
3581,64
3510,68
4209,67
1760,5
1561,84
3352,1740
4227,1808
1485,84
3818,61
2276,64
1129,58
2297,61
26,21
1863,21
4812,1
4767,4775
1950,1740
639,115
1118,84
4342,1742
1607,16
4531,3
1976,1740
2630,1740
5043,4746
486,58
1320,58
2620,6
4895,1729
1950,64
666,84
4602,116
2707,1808
3586,1737
2462,1737
4823,4733
3082,1740
2586,5
2037,68
4218,68
2700,61
2807,2811
3132,1740
1295,58
2488,1737
2490,1
5048,4743
4598,283
4959,4681
2325,64
4491,1737
2842,2844
3033,7
836,58
3407,7
1194,58
1747,64
4740,4692
226,58
5058,4720
3383,62
2173,7
1120,84
4621,58
3674,67
3805,1
3062,1737
4312,1742
3734,7
4317,67
4300,61
3849,69
4709,2811
1530,84
3865,69
3634,1742
4067,1
4013,69
3137,68
2934,1742
4449,1742
2967,67
4035,1737
4565,16
4128,1737
4933,1846
2560,67
1883,1737
2943,64
2145,3
3305,1
4363,69
2366,67
3142,1788
1954,62
1718,15
2741,61
317,319
2617,7
4117,62
3777,5
5039,4673
4960,7
4372,1737
3602,1788
2249,61
1488,84
4160,1737
4490,64
59,66
4475,1788
120,84
2535,1737
1758,1
2338,1737
4899,4909
1377,58
4035,64
3693,1742
438,58
4744,4693
3307,67
4745,4682
742,84
4985,4992
3152,1742
678,58
2750,7
1946,6
1966,61
5026,80
1825,21
44,52
2707,1788
544,58
3628,1742
2908,61
2540,7
4863,4720
397,58
1503,58
4364,68
3165,67
947,84
2656,61
3171,1742
2875,285
2694,1737
2039,5
4108,65
4726,4728
2938,1
4603,117
2588,68
2156,70
529,84
178,58
4117,1737
3599,7
3889,1740
1072,84
2720,1737
2349,1737
1995,1740
2850,68
2819,2821
1442,58
1632,124
2122,69
1983,1737
2476,1740
2972,1737
2025,67
2042,1737
4933,1848
3935,12
2613,1737
1482,84
2178,66
3318,6
2663,1737
4167,67
1590,84
2373,1737
4389,69
2780,2781
2289,64
5048,4677
4287,1808
2423,1737
3528,1737
4310,1737
2004,1788
2283,1748
1131,84
1793,1737
2226,1737
5059,4720
2041,1737
3433,1740
4487,1737
2201,61
4744,4675
2184,67
2756,1737
2315,5
2941,1737
3665,61
3201,1808
4085,66
4538,1737
839,114
2248,1748
4089,7
1285,84
4018,61
2806,1737
4513,1737
1329,58
390,58
4844,4264
236,84
256,58
2951,1
1569,58
1936,1737
4492,7
3045,1740
4108,1740
4740,4680
2931,67
2659,70
752,58
4726,4682
4293,61
3306,1737
1830,1838
4533,1742
2374,7
2608,1737
5049,4677
2002,5
2608,61
4454,64
3769,1740
1695,58
2132,61
4386,1740
727,58
1871,1737
4973,4969
1085,58
3743,64
3525,1737
4039,67
2994,3
4854,4855
5043,4679
2431,1742
626,58
1303,84
4159,1740
1914,69
4413,1740
3140,1808
3291,62
1532,58
3990,1788
4591,15
5048,4691
4198,1737
844,84
4332,7
4208,61
1828,1742
3132,67
2285,6
4667,4676
2325,5
3621,1
4220,1740
4028,5
3053,1
3462,1737
4794,4673
5013,4769
5030,4673
276,84
3015,69
3633,1740
3930,1808
2863,2867
2291,1
4740,4670
4925,4720
647,84
2836,2839
2442,5
2029,66
2173,61
3970,61
3582,65
2727,1740
3758,68
4176,62
2716,1737
346,131
3413,67
3381,1737
2793,80
2531,1737
3027,1740
1163,58
4012,1737
2019,69
4756,4685
5049,4695
2936,1748
4004,1737
704,58
2792,1740
2597,7
4054,1737
2897,67
4756,4668
4057,65
4043,1742
3695,1737
439,58
2994,1737
2148,67
2279,61
4226,1742
3207,1737
5043,4693
4933,4905
3616,64
679,58
3708,1808
4107,5
4383,1742
4420,68
1037,58
5057,4783
338,58
1517,284
3224,67
2599,69
3817,68
5047,4673
4758,4764
2004,68
578,58
2282,5
3485,1737
1484,58
2037,60
4665,3877
4667,4690
1128,84
2939,7
4745,4752
4851,54
3222,70
3616,1737
4984,1729
2469,66
4794,4691
4074,1737
3584,1
4007,1
1757,62
4553,66
3572,62
5049,4743
3624,7
3648,1737
4243,1
1298,84
3056,7
3245,1
2089,64
2419,1737
1948,62
2182,61
2238,1737
1102,15
1891,60
4756,4691
3304,1788
1489,58
1891,1808
2937,1737
2688,65
3865,61
3942,1737
4209,5
603,84
1867,7
1371,58
3979,5
4481,1740
3450,61
5023,80
761,58
4708,2810
1611,58
656,58
2014,69
3740,64
4467,64
5017,15
3780,63
2880,1896
1030,58
2713,1737
4507,67
5057,4793
391,58
3591,1
3117,1742
2727,6
2797,2799
1005,58
952,58
5047,4695
1326,58
3072,5
4493,61
887,58
2517,6
1852,6
3499,70
3853,1
2387,1788
1127,58
172,58
3532,6
2804,7
1932,61
1436,58
5078,1729
3077,62
468,58
3079,1742
3333,68
3571,1737
1676,58
5025,80
4863,80
2136,68
2995,5
4698,4683
3649,1788
127,84
3785,6
4834,4676
5008,7
4293,3
3204,70
4807,4762
3335,6
2569,1737
2471,7
5054,4860
2148,1740
3130,68
2101,6
2619,1737
3802,1740
184,84
2384,6
3486,1
629,84
3787,68
5054,4687
5084,80
3844,5
473,58
2680,1742
1323,58
3655,69
130,131
938,84
2366,5
3164,1742
355,58
2724,1
5042,4683
713,58
3082,5
2329,63
595,58
2907,1740
4942,3878
4008,1737
4504,1742
2579,5
3606,1742
3846,67
1104,58
4035,6
1603,16
3174,1740
2222,1737
243,84
904,58
2187,6
3529,7
1791,1
2244,61
3665,5
4745,4748
1946,64
5050,4675
1400,58
2972,67
3507,1742
2917,1742
2479,61
229,58
2355,67
1079,58
1797,1
17,16
3278,1737
3943,61
1237,84
3805,60
4802,4764
2502,1
3963,70
420,58
4020,7
4108,63
2974,5
4511,66
4859,4674
3771,1737
3332,1
2122,60
660,58
2098,5
3531,1737
4630,15
29,21
1830,1729
4767,4784
2570,1
76,16
4093,67
1971,65
1665,84
2759,1737
2780,2788
4287,1737
3602,69
4985,4986
1222,84
5042,4733
4823,4718
4557,115
4047,1737
4899,4912
2235,66
4490,60
4808,15
1953,66
3934,1
2118,1737
4950,4951
3846,61
3000,60
307,58
2325,61
2897,1748
5030,4670
1736,1737
4835,4680
3789,61
654,84
547,58
3279,69
4099,7
2708,1742
4976,4972
1986,61
5050,4693
1988,1737
4464,1737
2706,5
2891,3
88,58
4432,1
2659,63
2038,1737
1486,58
4757,4682
3062,1788
3606,65
2631,61
1683,116
2445,64
1815,1817
4017,6
1031,58
4240,1737
2367,5
3659,1737
3895,61
3527,7
3663,1
4209,66
3455,1740
1189,84
2692,1740
1891,70
3161,67
1327,58
3898,1742
1685,58
639,114
3903,1737
986,58
2694,1
868,58
3422,5
4175,1737
5043,4749
1226,58
5028,4734
2324,1808
4507,61
1108,58
5081,80
4209,1737
3371,60
1410,84
3927,67
4042,1
3806,62
4443,66
967,84
4959,4680
2604,1742
2023,1
2842,2845
4666,54
3540,1737
4107,1748
1305,84
2679,1
1747,67
1878,1
205,84
2347,1740
2830,61
3990,3
2339,1740
4359,1740
3674,64
755,58
3785,67
862,84
1113,58
4709,2810
3849,68
2374,1740
4596,15
2775,2776
2361,1737
2182,5
2257,68
5017,5020
1881,61
5021,4253
3865,68
1992,1740
3018,7
4013,68
470,58
1948,1737
1250,84
4191,1742
2091,61
590,283
2400,1740
3791,1737
2444,61
2943,67
3851,6
73,7
551,84
4528,5
4363,68
2259,6
2387,61
317,318
4317,1737
3825,1737
2024,1740
2617,6
5042,4750
1192,84
2176,1740
4285,1
4318,1788
3656,61
4490,65
59,69
938,58
3287,1
1987,61
4077,1737
4646,58
3754,1788
321,84
1869,1
4499,1737
4137,1742
4035,67
4899,4908
864,84
3887,56
1917,1737
4744,4694
2517,62
3367,62
3478,7
2229,1808
4975,4969
1946,7
2932,5
3436,1737
3046,5
2550,62
44,53
4666,56
2995,1737
4132,1788
4842,4267
1999,62
4159,5
2544,67
2733,69
2716,3
2304,67
3650,1742
2642,1
2435,5
2694,1742
4493,1740
1898,62
4661,1818
4603,116
2257,1737
4726,4729
3423,5
2485,61
1655,84
1891,1737
4348,1742
2735,7
707,58
2299,1737
3031,6
3035,67
2585,1788
2122,66
2725,61
2501,1737
3093,7
929,84
4131,1
3640,1808
596,84
2029,1808
2116,1808
4363,1737
4854,4858
2158,1
4373,68
5083,4817
4026,67
5051,80
2543,1737
2659,1808
1926,1740
3676,7
4060,1740
422,58
1512,58
4389,68
2729,1742
2780,2782
662,58
2329,70
223,58
2664,1737
581,58
3867,5
2598,1740
2693,60
4143,1742
2091,1740
4325,61
2400,61
1487,58
4667,4681
1919,7
1097,84
2579,61
2925,67
1423,84
3132,61
4089,6
4659,56
5030,4692
2883,1737
3062,6
3343,7
1261,84
964,84
4844,4265
2105,1737
3997,6
1268,58
3449,1808
2109,7
4740,4681
3269,5
2369,1740
3984,5
3933,62
2445,5
3926,7
2641,1740
2574,1742
4726,4683
2149,1
1830,1839
2137,1737
3238,5
2407,1737
