277,4793
1894,60
1228,4723
2541,3878
2578,1840
2017,2803
4722,2867
277,2822
3074,4613
1480,4784
2173,4634
4560,3878
3024,4971
204,1730
1876,4729
3848,55
1331,3879
2538,4972
4553,4759
3483,2832
3177,2795
953,5070
1943,2785
1363,4759
1609,4755
4960,2786
1476,4971
3563,2823
1082,4782
982,2811
160,114
1774,4955
22,2820
4583,145
2178,4783
640,2839
1393,69
172,4929
4386,4787
2197,2838
621,4718
217,4696
3587,1
2146,2814
725,8
901,4953
2415,1742
251,5065
3553,4747
1075,318
4533,2838
4451,1729
4174,4908
4627,4791
1127,4267
2371,4689
280,2847
3332,4906
4340,4791
5022,2849
4408,1831
298,4947
3130,5065
2098,4890
4067,4956
3556,4738
1759,2787
4411,285
3537,114
777,2811
3145,2817
3411,4634
3677,4939
1062,1748
1317,1817
3732,4732
3242,4957
3433,4935
2951,4692
3609,4799
3767,2774
3294,5001
4557,4677
3578,2844
1325,4680
77,4776
3774,5074
518,1732
3023,2838
3204,2671
3363,4938
2405,4876
720,2816
1784,3885
3329,1834
374,2837
3753,5018
3296,4955
4326,4778
1101,283
2136,4686
2010,4862
4875,4697
3451,4963
2498,2768
440,49
3251,7
1610,2862
2376,1735
3936,5001
3996,4691
4236,1896
106,2783
1407,4817
4445,4886
4099,5000
2269,4673
1529,1735
3578,4932
3537,2764
2269,4850
261,4749
712,1834
4258,2765
2959,4829
3193,4904
3710,4935
5084,1849
1093,4265
3570,4687
4132,49
1769,4732
3589,1848
2186,4763
2325,4952
862,4929
2042,4635
1073,2794
203,1832
3229,2858
4140,5075
217,5063
4455,1842
864,4901
573,4995
714,3883
1041,9
4528,4771
160,1848
290,4770
1210,3879
3344,3505
1684,4972
1559,4944
3260,3913
3518,145
3053,4765
956,3886
2766,2845
1146,4783
2742,2839
2535,4891
1707,4963
1249,4978
2903,2816
3422,2800
1152,2794
4570,4679
3011,3879
727,4934
3709,4913
1476,2867
2578,4654
3313,4683
2282,4761
5072,4764
2432,4816
4337,1846
1509,4738
1277,4741
4333,4789
3967,2858
878,5075
3183,1731
5039,4926
1435,5004
889,4909
943,1733
952,4800
274,4692
1055,4860
4610,4253
2321,5066
1338,4957
2541,4911
4000,4877
3118,4792
3935,218
3203,21
934,4675
2485,3912
1276,9
1345,4904
773,2811
2174,4755
824,4682
1215,1834
1338,1851
924,4861
2937,2808
1134,4786
4282,4681
4481,4772
3059,4729
590,4847
1132,2827
1048,1740
1551,4654
1881,4776
803,4793
721,4765
2886,3882
1864,4693
4237,4965
3186,4816
2140,4820
4636,4878
500,1732
1528,2846
4458,2827
1824,47
2089,2799
4416,4947
3905,2832
4143,4768
1108,4797
4403,4687
3468,2846
465,2821
3921,2790
4005,5002
4278,4909
1279,4964
2391,4779
629,55
3969,68
937,4848
4482,3885
2956,4880
248,4790
2694,145
3039,4861
4473,4849
4359,4954
556,4909
4131,4951
1201,4768
448,2835
4130,4734
3932,5020
4710,42
2337,4932
3860,9
324,65
5026,4772
5007,4879
2185,1857
1315,65
187,4940
3307,4995
2132,4765
2151,4766
3683,4787
1112,1847
1865,51
1276,4734
727,4970
4603,2837
279,2773
3670,1729
3297,4670
2863,47
3222,4735
899,4249
2933,4687
2279,3884
3314,5019
1281,4676
3056,4727
456,3913
2913,5074
2046,319
4191,52
858,80
477,2810
1277,4634
323,4911
2743,3883
3762,1725
4467,4877
2350,4886
1789,4913
2424,4862
1579,4926
749,2768
445,2838
2312,5065
222,4668
3252,4861
1688,4694
3837,2821
3413,4654
392,1849
524,3886
525,4911
1481,4681
3449,4986
1483,2772
4611,2803
2792,5063
3399,4764
2186,4800
849,2800
1363,2826
3553,4831
3370,2782
3287,4907
487,6
3339,61
3629,5063
4451,4870
2715,1856
3366,4818
551,4955
453,4940
1303,4776
2043,4883
1992,2772
1753,4877
2924,4670
865,60
3406,4686
4161,4894
3662,2795
514,115
2906,4788
3053,4931
1723,4761
2544,4860
2509,4678
1630,60
4467,2658
4206,5070
3113,5075
2889,4915
2184,69
804,4768
4453,2851
1286,5063
4844,4891
1218,4873
3587,4896
3243,4669
2320,4737
1354,4882
1872,4955
4698,4848
316,4940
1000,4878
4034,4979
2759,4772
1292,1726
3925,4780
494,4790
4604,4901
2573,4801
2202,5074
120,5064
4186,3886
3935,4902
4338,4738
4725,4918
4622,2788
2269,4905
3536,2817
2153,2832
558,5018
1428,9
1254,1839
3750,48
611,4876
3640,4882
3141,2835
2092,2840
2674,1896
2235,2784
589,4962
1107,4765
165,4678
2882,4968
2443,4739
786,4787
2382,2784
4158,3877
4068,2808
550,4731
901,4919
4509,4954
1464,42
1337,284
832,4988
1556,3886
401,8
618,4769
330,1
2157,4681
3450,2854
4181,4787
411,320
3727,5073
1108,4887
2097,4947
1673,116
2941,54
3340,4978
538,4772
3237,2773
3162,2864
3383,4731
924,4986
1806,2839
3721,4940
307,4968
2688,117
2662,4935
4155,53
59,4856
4642,2829
3763,4739
4070,4877
2697,5074
1972,3886
2404,4894
3329,4692
2253,1846
4869,4746
1607,218
4178,4920
4573,3924
2815,2796
3742,1727
4869,4635
4120,41
1804,4693
5026,4733
3485,1735
2099,5001
2904,3912
2197,1856
884,66
2121,4789
2287,2849
4491,4759
2654,1808
4378,1808
4154,4848
4483,4750
1248,2816
2590,4815
4615,218
1975,4957
3735,4776
1586,132
2223,38
3044,4694
1106,5065
3747,4819
1907,320
2564,34
1536,4264
4495,4816
1605,2781
1154,4752
2216,4855
1637,4880
2876,4683
3371,2847
3274,4879
3442,4253
804,4248
4098,1816
2035,2817
1805,4693
2243,4770
613,2789
2891,4990
3544,60
4018,2809
4284,4791
2614,2866
791,2816
889,4993
3731,4978
4365,4696
4497,4743
3936,4729
3763,16
410,4797
1820,3881
1507,2814
488,3912
645,4896
2464,4738
4700,1816
5051,4733
1708,4770
1721,49
2321,1856
2465,2800
946,5073
3026,7
646,4849
4351,4673
4813,4972
1660,145
4192,4890
2328,2855
2067,4797
327,4876
501,60
1627,4941
4028,4769
2615,4672
3454,1733
3224,4961
3025,4751
4975,2854
4147,4729
764,3924
4641,1834
2780,4903
2673,4785
656,42
3719,47
1878,5016
3311,4766
2120,4266
4400,55
4273,319
186,3881
1454,12
3729,4972
4092,4800
713,56
5007,4997
4433,49
899,1851
3580,68
2308,4815
3722,115
766,55
4295,4691
3324,65
370,284
1106,4747
228,2814
905,4731
4287,8
3841,2860
1542,4769
1123,4820
4805,4696
1315,53
2688,2767
4257,4887
2056,1729
3521,45
3195,50
1232,4955
4222,2808
4320,4929
2705,2845
3680,4888
3200,2764
3421,4897
3243,2862
597,1836
1016,2773
4346,4691
1243,2838
4238,3915
1621,1817
1457,2824
1927,1838
5024,117
1099,4670
4365,131
1233,4961
1859,4789
1134,1847
1225,3885
2944,2816
3970,5074
4026,4730
397,4954
37,4820
3496,3912
849,4694
2310,4696
1419,5070
834,4847
458,3
212,1818
4579,4674
3492,284
3197,4883
4369,4939
2345,2795
2182,4785
2724,4253
3845,4873
168,3
1633,4771
2157,4770
2030,1726
3853,4963
823,4892
3633,2816
112,5064
1142,4730
1347,4766
561,4824
3201,64
1372,2823
4118,3615
3723,2835
1878,4917
3664,3878
958,2784
2962,4920
2038,3884
3867,2764
3718,2658
4568,4909
1041,4684
2267,4969
969,4729
1045,4696
3492,1831
2382,4753
4552,4790
3063,66
4361,4785
2232,2658
4048,218
4325,4800
4331,4751
3033,4931
1802,1731
2050,4691
2728,2818
2504,2658
844,2849
4274,4901
3498,70
1115,4746
3139,4957
2072,4801
1299,2784
3627,47
598,4695
494,80
943,4888
3080,4930
625,2855
1004,4954
515,4778
4051,4903
3228,3914
3332,80
4109,2866
3825,2839
1389,4681
3459,4954
1159,2845
1058,132
2436,4736
3217,4681
3024,4993
118,1842
4584,4861
87,2773
980,2853
4489,1733
2321,4900
1998,3914
737,4953
1158,4989
4125,1834
4960,4908
910,4987
287,4888
2622,4848
1713,4759
2203,4674
23,4935
2392,2858
560,3505
254,2784
3758,4958
1921,1850
2541,4771
4307,4849
3731,4635
4716,2847
4597,63
2639,1831
4308,70
362,4733
4545,4993
2126,4797
1271,11
1545,4931
3655,1841
526,4692
3458,1735
2662,5065
20,5004
2210,115
2081,4941
5061,51
3155,4847
4594,4733
3776,2789
2708,2825
852,4849
4487,41
817,4946
2301,4955
3875,47
651,1855
2043,4882
3324,4764
657,318
2240,2764
2494,5
3124,1896
4058,4889
1392,1836
975,4987
1369,4267
2063,5016
2455,4963
3273,4848
2598,1730
3357,67
822,4970
4745,4729
4391,3924
536,4894
1106,4800
1046,13
3684,2773
2911,3
1927,285
333,1
1972,2786
814,2820
3092,4894
1623,2839
120,4954
2561,5074
20,61
1138,5020
1872,4730
4089,2837
826,5069
3234,4686
1071,4997
2332,4998
768,55
903,4887
441,2813
948,4885
1642,5074
3986,4848
4042,4952
204,16
269,4735
1494,2787
2028,2671
1955,4771
393,4687
2378,1742
296,4989
2515,4995
3381,4816
5045,3505
393,4824
1030,2832
3667,4830
146,2772
4043,4968
4170,4877
2276,2820
3514,2790
236,54
3898,4729
3175,4774
4031,1840
4327,2867
2870,4873
3603,4830
1403,4992
4049,4765
234,4902
2009,51
552,4746
2922,4878
2068,41
4205,4264
1351,4668
3942,4815
1957,132
329,40
2624,1816
1450,4693
2429,2839
648,4775
3414,4902
4255,4926
2032,4850
4585,2796
2431,4733
4354,2857
4308,4728
485,3878
1538,2824
1606,4671
3225,4891
1227,4897
82,50
4469,4779
196,62
3566,3912
259,2840
162,4882
1121,4759
2665,4732
4652,56
3397,4915
3415,4930
463,4264
3579,2820
2177,4971
784,3884
548,2781
4452,4765
773,4996
539,2798
19,1725
2526,3
2109,41
2674,4878
987,4947
5061,4762
1663,4994
3799,1837
5024,285
3657,3884
550,2862
3593,52
3167,2803
2099,4676
3684,4635
2682,63
3235,1855
1793,7
4544,4937
4021,4785
3261,15
683,4793
1476,4779
3681,4831
1358,1835
2884,2826
3317,4891
1617,4935
3451,4818
4124,4860
2368,4909
3241,2839
4277,4265
4181,1737
4066,4918
672,4970
32,1728
1506,3912
4346,1827
845,4763
340,3882
2888,2803
3771,4776
397,4917
3517,4944
4237,53
1410,2781
462,4857
3298,4961
703,1850
90,4264
1110,68
1449,4830
2804,5065
86,3880
1171,2796
2019,4860
5041,4940
2334,4775
4666,5004
2030,4669
2300,4965
2086,2827
2471,4635
1298,69
2243,1860
310,1730
4055,2812
2300,54
3386,41
4444,3
3534,2765
2097,4696
2039,1728
3349,4683
4010,4727
1400,4936
3975,64
2480,2832
4722,3884
3489,145
1101,4891
652,63
2936,4760
2664,4743
2592,284
1979,1839
4645,4748
2207,2789
2569,60
2108,2818
4610,4772
3808,4738
604,38
3377,3878
262,60
1743,2816
2326,4911
244,4768
3976,1726
88,2784
106,1733
232,4940
3735,4668
2726,4732
505,4824
3848,4992
2142,4727
3217,1835
3050,1848
844,4754
2954,4910
4583,3883
1257,7
1408,2811
4107,4817
3891,4828
4333,2840
889,4915
2470,1728
5024,7
555,54
340,4733
1668,4877
2510,1729
4509,4686
5045,4780
3992,2773
1509,4962
399,1841
4137,2831
1277,318
2151,1862
3069,2783
1905,2849
3242,4251
4432,2840
1341,4890
461,4790
900,2812
2243,4940
1994,4785
3405,4686
3629,4782
3137,4880
3939,2827
2454,4997
4928,2860
3417,4685
4121,1728
261,4847
2040,2794
3004,4691
2322,4820
4051,2866
2033,115
1419,4958
4293,2855
3833,4729
1117,4800
1687,4692
4838,4889
1555,2838
3048,4742
1199,4723
708,2783
2062,2825
1080,5066
1706,4738
837,4905
1013,116
4982,4921
2948,2858
3107,15
1108,4799
1717,4951
685,4890
1285,1742
4131,1842
2691,2781
3297,2858
3766,4672
298,4905
3285,1849
2656,4890
3389,4990
2252,4748
2656,5001
352,62
419,4920
4388,2857
4108,2816
2057,2767
3266,2773
527,4885
4721,4685
4262,4741
3978,3877
3393,4803
4408,285
1884,1860
576,4847
4041,4783
4851,2823
1115,4749
2304,4267
14,4762
3464,4883
3499,4858
4263,54
558,4770
3347,4670
3572,4931
1079,2812
2132,4733
3614,4883
2013,2799
4209,113
1766,4741
1293,2774
1921,2773
4515,2786
3270,284
1073,1856
3888,5064
3797,4892
4104,114
4086,13
4597,284
551,38
4386,2671
3894,2783
3084,1846
2653,4784
1096,4901
4925,4998
1470,4994
4219,2832
4868,4858
410,4965
1266,4732
3926,4747
2217,4914
1557,4986
3034,4820
2314,80
1200,4764
1699,4786
2003,1731
4385,2812
1686,2784
2199,4932
3990,131
3106,4966
3373,131
3748,2789
1160,3882
3117,3878
1614,1838
83,4919
2343,61
1551,2671
1482,80
3453,4991
1650,4250
2732,4926
1451,4952
1137,4998
1779,2768
2000,2787
1239,4789
3716,4748
4156,2796
2724,1857
809,4793
1763,1848
482,4988
3980,1856
3773,4830
2890,4781
4284,4969
2612,62
2909,2848
403,4761
1490,4787
1415,4720
5082,4689
1216,1732
2406,4731
2449,4750
2967,2808
2327,4746
4418,4777
705,5018
1094,4961
2725,4882
2368,49
2911,4731
4125,2849
3689,1842
4798,4940
659,5001
4087,3914
4361,4968
3382,4947
2886,113
495,4847
3996,1734
4509,4741
5041,1843
120,4264
230,4253
1923,2785
1197,4816
854,46
196,1740
558,4986
102,4955
4924,4972
3097,4803
2576,50
3243,4249
2359,4856
1711,5019
1903,4670
3362,1748
2025,1788
1798,4670
4547,4253
467,2784
1038,4887
4982,4820
1925,1862
4717,4878
2047,2832
834,4820
5046,4677
3011,284
2328,2765
4018,5001
1502,4734
2525,4728
338,2846
3435,4790
2736,4956
2941,2816
4809,4669
4538,4970
2018,4952
463,15
4622,4733
1828,2845
1290,4968
3893,4249
377,3914
534,1846
502,5019
4276,2773
2656,4947
3049,284
1227,4947
3234,49
169,4692
5025,4951
2348,4635
338,4750
3091,4900
106,4850
3605,1731
638,2832
3030,1835
3124,4847
2991,4912
2080,52
4404,1727
238,4889
418,64
840,4786
1688,2827
3576,4907
3219,42
215,2823
4201,5018
1683,3615
3313,4819
2345,65
1660,3883
3229,5002
750,3879
3657,4951
1382,4888
4357,117
1760,4905
2031,4912
3731,52
2912,4695
434,1740
3605,4672
3471,4962
660,34
1985,2789
5049,1838
847,4777
3985,4730
1172,69
3308,47
4013,4855
3799,4735
4254,1840
1698,12
4159,4857
541,3
4345,4739
4450,1851
4185,4970
1608,4953
2439,2848
3387,4917
3962,4855
1664,51
3934,41
4612,49
797,1834
3502,4781
2723,4969
4441,4766
121,4920
216,4816
2253,2671
2700,1862
1350,4673
2390,3912
2452,15
3424,15
3841,4784
2723,4820
3653,114
2154,4915
3539,1838
246,4783
3766,1735
3905,2825
3587,284
4580,5077
216,1845
4278,5077
4437,2808
2500,4970
4175,4695
3031,2839
3453,4790
1718,5001
1452,3505
981,5002
2638,4739
1583,4634
762,4891
1047,1788
18,2789
252,4681
1900,70
5059,4799
1815,47
687,5065
446,4729
2638,4957
4538,1818
1257,4962
4612,2789
3790,4697
2014,4797
2493,11
2187,4249
2635,4934
3781,4784
2194,1851
3074,4919
3195,5020
2980,1725
3295,4936
3701,5077
3748,3878
3018,2867
2118,53
1760,12
3499,1856
3295,113
705,2823
3057,4251
1376,4797
680,4911
3520,4668
120,1737
3338,5001
2751,4828
707,2841
3014,3879
3821,4962
876,3880
3429,5064
1435,4993
3049,2856
1671,1837
2891,4892
2378,4793
1243,68
633,4994
4515,2855
2077,2810
4440,2858
1854,1816
2938,4759
1973,11
1489,4954
4950,4971
5079,4941
4898,4878
4441,4937
2045,4901
725,4883
854,4729
4384,2848
358,4680
130,2857
76,4940
1906,113
2683,4902
996,4749
1778,1808
3385,2829
3559,2789
3819,84
685,1726
511,2787
968,4987
1747,4884
1284,4862
1636,41
4296,4855
1467,3884
4270,2855
2326,2832
4517,2862
820,3914
4535,1729
2361,1731
2067,4936
2399,4904
1718,2774
833,4890
261,2765
842,1849
2473,3882
2340,4887
2305,4264
3837,4675
4320,62
2335,2784
1621,46
3960,4691
1546,2782
4465,4691
415,5064
2138,1729
364,4635
4504,1808
1819,7
539,3505
244,69
738,2835
784,4676
892,4669
1198,51
186,4997
4189,2818
3942,1831
2801,38
540,4939
3206,285
2166,2860
2974,2825
1600,3915
3489,4988
208,4723
2459,3881
2719,2783
4263,4681
1154,4775
1906,4832
4557,4972
1719,42
1041,1735
4536,49
3986,4731
4034,84
4315,4870
4440,4901
2607,70
2725,55
1772,4675
3392,284
4152,4777
3182,4780
167,3615
231,4747
4214,3882
1620,4718
1186,145
2626,4730
1546,4681
2949,4829
2956,1735
3691,2786
968,3913
3368,51
662,5001
1977,4771
3405,4832
1524,2810
445,2835
1295,2851
1221,4946
1911,1847
154,4860
1583,2824
3157,4677
1916,4902
3548,4915
2094,2865
128,4889
2534,4884
411,1730
2446,1841
1292,3924
2924,2671
4096,4634
502,4877
4437,2767
680,2785
3528,117
130,1817
1967,69
971,4688
3609,4997
2707,5073
4289,2789
1424,218
609,5020
361,4954
3960,4830
2598,4873
3947,2820
1114,1847
622,1842
88,1733
4709,131
1077,2798
934,1833
3994,4250
1159,2764
1391,4830
313,4634
4069,4855
2450,4830
4867,4938
3580,1731
3100,4674
1926,4884
3874,1861
3503,2811
3727,2843
3215,283
1487,4727
1031,4801
33,45
499,4730
1400,2799
4625,4955
1465,9
2167,2841
3045,2787
120,4265
4468,2838
1284,4978
4419,4779
2426,2825
1746,285
2327,2837
1561,4751
620,4765
3019,2841
4794,1817
2073,4855
1363,4872
979,4678
1946,1818
1229,4762
2680,4686
1661,4940
3069,4931
4100,4961
1274,1740
2058,284
2892,4776
4215,4723
3057,1788
998,2844
4407,5064
3441,4929
2214,2851
1313,4897
2182,1896
4142,4889
501,4670
2129,67
2435,2864
1297,46
3899,4634
2638,4772
3227,4249
2771,5070
3461,1748
853,4267
1978,4742
3605,45
1202,116
1377,4674
3583,1835
2589,4850
373,4886
2896,9
670,4770
4245,4674
912,4674
3287,55
4833,1733
4615,49
5055,318
3255,5069
1348,4897
2806,1727
4478,4978
3418,53
1892,4969
1379,4790
312,5020
1089,4684
1046,47
1036,4793
504,4921
3781,1742
982,4690
987,4900
4235,4751
3125,4979
3617,66
3735,4773
1384,4926
2299,4913
461,3879
4377,2658
2612,4908
4087,16
2407,4911
1756,4830
1070,2846
4168,4696
4360,2795
2447,2785
4214,4947
2139,3914
2730,1851
79,4946
1682,4968
768,4860
4128,4857
3628,5075
2255,1
3900,4904
473,1735
2964,4732
362,4878
878,4885
392,4783
4117,4751
1668,4681
4237,4763
3986,2867
3745,4992
4410,2829
4307,4779
4048,3884
1883,4737
561,4934
723,2822
1774,45
409,1850
3151,38
4808,2823
1981,4774
3549,4831
1062,4800
4257,1732
3225,4793
4618,4856
4436,2862
4572,4787
4804,3914
820,4250
3057,4934
1583,4788
3704,38
3238,2784
708,4791
2927,4669
1969,5073
2097,4783
2580,1837
2724,2813
3102,58
4335,4877
1702,4754
2255,4266
4546,4887
624,5016
1383,40
4279,1735
4514,145
3685,2824
3696,4971
298,2832
4311,34
2070,3877
2554,2788
756,4915
1978,1735
3512,61
4270,4912
645,4267
3131,2809
2002,2768
938,1851
1918,16
3633,3884
476,4685
2423,4760
769,319
2502,4818
3477,4890
1760,13
2976,4972
1171,1816
3887,4996
2947,4848
4356,2827
735,5066
3635,284
3726,69
3897,1861
1897,53
4256,115
893,4873
2151,7
1175,4930
3308,12
2649,4782
903,4735
3655,54
1260,4855
2559,4938
866,1818
879,5004
2069,4793
1244,2847
726,34
449,54
386,4265
3284,84
2597,4946
1390,4781
3848,2813
3317,12
2908,1740
4477,4677
3137,4886
3236,38
2604,4832
4589,2800
3258,4958
3741,4995
3197,4880
1098,2818
1328,2795
1541,4784
150,1851
639,283
3384,4759
5041,4680
1108,4793
5067,3883
156,2827
1041,4903
1425,4736
2594,55
1524,4905
371,4855
1061,1857
1905,4785
3111,4930
2906,4828
2063,4993
3049,1840
1990,45
5047,1836
4822,1748
2344,1848
660,4991
632,4782
2561,2821
5083,3505
4811,4801
343,80
4046,4947
4245,4956
3135,4688
4086,4688
209,1848
926,2789
1434,2768
4069,1840
1018,5065
2290,4883
348,4635
945,2862
2406,4878
2243,4735
4868,4919
2970,2794
2927,2798
4663,4979
2050,48
572,1841
245,4634
1708,4679
3578,4873
3441,2838
1643,2811
3582,4990
2464,4958
201,4250
4385,4940
1013,4955
4247,49
1066,4882
1444,2839
4985,4731
1751,5018
3789,5066
3663,5073
2636,4738
4368,5
597,53
3463,4634
1803,4677
3629,3886
702,4884
2471,4684
2689,58
2373,4249
263,4691
2644,4687
1598,6
2499,4687
4075,1735
4407,66
192,4688
4006,4919
337,4697
1377,1735
947,4896
1689,4803
163,4718
1566,4678
4480,284
3902,4727
5034,4819
3383,1742
3655,4894
656,117
4701,5016
2701,2783
2344,5016
1749,4954
1101,4786
2584,2774
2052,64
897,2851
677,2860
4270,4857
1145,5004
226,5066
1365,4931
1645,2855
3653,2779
1481,2790
3331,2831
4168,4782
4137,4776
2920,4723
2300,2798
666,2865
4127,2786
3157,70
1585,45
707,47
4547,4675
2629,4902
3580,2826
151,2856
3940,4955
3640,4886
543,4266
4959,4970
1321,2816
3321,4735
553,2827
1148,1844
1908,4979
2885,54
3802,4685
3888,1831
3223,114
372,2779
3707,4879
1524,2783
823,4253
4648,1727
357,3886
2029,4978
1997,2785
4296,4769
3034,4790
1008,2845
74,2786
2651,4876
682,1836
1930,4855
3358,218
2233,3877
3893,4872
4667,4746
2189,4669
3116,4720
2456,4831
2395,2845
2575,3885
4403,4265
3773,4894
1974,4731
2598,4906
1503,4730
1749,4990
3257,4783
238,3880
3125,56
3135,4746
1324,2787
4038,4264
539,4654
1120,1844
2993,4266
2280,4737
2775,4860
4523,2845
443,1837
1221,218
4719,1737
3784,1818
2770,2764
2581,2784
2995,61
3086,4679
1557,2781
2150,5077
4111,1896
127,2658
3369,4996
3116,2858
3061,4685
1248,2658
3034,2840
466,2816
1755,4916
2202,4773
2217,1727
1906,1730
2632,4694
4498,4677
4321,4786
4066,12
2498,4763
589,1845
435,1726
2209,4692
747,4720
1981,2865
2283,4755
418,4819
231,1816
4292,2779
1807,4993
1049,2843
3573,4613
2421,4679
2468,1857
963,2821
3991,4677
122,2856
2734,2767
467,4931
1869,4990
4796,1849
2087,4855
3383,114
4181,4691
269,2774
3858,4672
3206,1737
4967,4692
3686,4993
1316,4817
3834,4988
1566,4860
3508,2820
4933,61
324,4906
345,2846
2697,4961
4631,3882
3469,4803
3089,4775
3386,2816
2032,4738
618,4914
4100,4250
1615,4669
3650,2796
4070,4909
3151,3913
5042,4850
372,1733
1821,4675
3594,320
4294,2867
3604,1817
267,2856
1541,3884
1039,3914
3114,2841
2444,2821
4490,4991
4017,2845
652,1816
919,4718
3778,1846
372,3878
4482,4251
1344,4763
3558,4969
3506,5004
2027,4990
2884,4872
4590,1843
3109,4748
1155,4264
1518,4748
4015,4989
997,2843
813,4937
4109,2826
4448,4251
1712,4681
921,4760
3589,4856
2748,4878
859,3912
2051,4903
246,2847
1093,4771
4480,2785
939,4912
4281,4958
3569,4870
2220,1818
3584,4690
917,4669
1520,1729
3899,3914
2977,4905
2127,41
4559,2788
2321,5069
1083,4265
1338,4966
3193,4732
4135,2857
628,4749
4895,4267
365,4897
2499,2786
3730,2671
3589,1748
5039,48
393,4966
1924,4935
128,4992
4596,4793
840,2808
1471,4905
3137,1818
3063,5020
3789,4901
165,51
937,42
1515,4832
3759,4861
1972,70
412,2848
3777,3882
3897,5065
296,2841
160,4917
531,4902
1006,4819
2956,4696
2723,4850
3306,65
2920,284
4600,2838
1934,41
4412,4954
509,4986
3535,4979
2301,283
4307,4885
1392,38
3989,4954
2459,2837
4805,70
1465,4998
1321,4887
3442,2812
190,4947
2879,53
3524,318
2244,3880
352,49
730,2814
528,84
4455,4668
1701,4733
2932,1840
1314,4679
3632,4774
1884,4773
3010,70
1084,4689
3546,52
1749,4918
3696,5000
2704,4769
4092,15
3786,4969
2797,3915
125,38
2635,4964
1957,4901
1392,2856
887,4634
214,5020
4976,4734
746,4909
3295,4782
326,2773
1197,5063
3547,5001
1197,3915
1310,1862
1872,4784
3473,51
1637,4773
375,4777
413,5004
2361,2843
340,5020
729,3880
1044,49
2358,320
4795,4961
3891,3878
4484,5064
4236,1837
2756,1730
4152,1727
495,4891
4414,1731
2965,4962
3155,4900
1284,4685
1489,5077
1484,4901
2244,5077
2780,4775
825,4669
271,4635
2688,1856
5045,4929
3508,4994
3013,4903
2508,1817
732,2848
3127,1836
1273,4904
487,61
3469,2837
282,4780
4408,4894
4645,1732
4578,2822
1631,5064
468,4759
4899,1836
1995,1733
3766,4784
5046,4873
1419,2817
4033,4938
3567,47
276,4944
4113,4613
1601,3
2880,1845
2928,4670
969,5000
3311,42
2530,5069
3809,4956
570,1840
456,2800
2452,4720
3055,2829
2720,4820
4028,4265
1634,4692
4945,4897
3487,1740
4521,4829
3302,4729
3133,2860
2608,4693
2911,4934
913,5075
3995,4673
181,4832
4435,4797
2590,4820
2267,1836
2948,1847
5058,2774
3351,4762
687,1838
142,2825
2167,4920
1001,2823
977,4754
3033,4733
2645,2772
176,4752
2759,4771
2136,16
1633,2811
2179,124
2530,2764
4216,4906
1146,4917
444,4720
2225,4970
3085,2789
1911,2825
2189,284
4289,4819
3492,2809
1693,4951
2501,1846
1105,16
2349,2858
333,2837
2229,4755
1124,4723
1470,4675
3084,1862
2951,2789
876,4913
1263,1840
2433,52
3696,69
604,4267
2748,4747
167,4696
2994,4858
1013,4926
3073,3877
2686,3915
1866,2767
1157,2848
3279,4850
1247,4916
4436,4954
1959,131
3650,1725
3660,3886
3920,4964
3434,48
2252,4883
1527,2790
3210,4904
3430,4935
2695,4896
3603,4947
1533,4917
2797,4613
1482,4921
2346,2671
1448,4969
968,4755
4338,2854
3956,115
609,4828
2461,2862
3194,1842
4541,4904
3562,4941
639,48
4899,38
2575,3884
4814,4991
1297,4774
1523,2854
2193,4938
2593,45
4221,41
3696,4929
2942,2794
844,2838
1893,2845
4443,3924
2251,62
276,2837
3793,4669
2355,4775
777,2856
3965,319
2924,4940
4385,15
457,2839
195,115
4127,4727
2375,145
1365,4966
1809,3885
92,1817
1430,1855
1486,70
3675,4968
670,115
2314,4265
4148,2796
4394,4689
3351,5020
4356,2833
1172,64
4012,1861
633,4986
4110,116
1924,4799
4501,1849
2283,4613
977,2781
2060,51
737,4997
1676,4690
3726,4897
1807,4883
1008,2765
4113,1838
3392,4828
3888,4849
3653,4964
1586,4771
1865,2767
4441,4978
725,4988
1494,4785
1546,38
2154,4749
786,4752
4237,49
4232,3912
3729,2840
2091,5077
3989,2854
3468,4951
1080,4820
4111,2865
4100,4935
1745,4774
2213,4997
2927,320
1204,4733
2259,2860
1869,3914
2770,4916
4142,5064
349,4635
2304,1
1537,2847
4094,3
2468,2779
1191,1843
520,2812
1516,4829
3635,2849
4036,4679
510,9
3788,2764
4493,2820
3480,4762
4516,4932
1563,4941
4574,3505
2895,4774
1322,1788
4280,4735
639,4732
3613,4775
446,2824
3231,2865
1876,2822
930,4921
4286,4979
2584,2784
120,4681
3196,1861
187,1845
986,4800
4616,3882
1585,4961
4629,4671
4531,4684
1059,4969
5045,3615
2090,4963
2915,4856
3821,4780
4259,2818
1083,52
4590,1840
2778,4929
4223,4873
4462,4691
433,2847
1762,2838
352,4677
277,4746
1498,2833
3490,4729
301,2835
493,4775
2750,4897
3126,4748
693,4990
1881,1837
4428,4677
2761,1860
3395,4797
1903,4908
1547,48
4342,2658
4834,4787
3707,4731
3318,5016
1559,2833
4983,4971
712,3883
3925,4929
3162,4675
3748,5070
4631,2818
3939,1896
904,4777
3761,2865
2488,2794
1932,5064
3991,4746
1959,4908
974,1842
4195,4737
4241,1845
3857,4931
1749,2829
4717,1845
2743,16
1446,11
387,8
2148,1850
2692,5018
3118,4879
2581,4750
1826,1840
721,4896
190,2818
1398,4730
235,67
3805,4800
1651,4249
1334,4935
1429,2789
1707,2796
2700,4694
57,1808
95,3912
3845,4741
1957,4832
3304,2790
1390,1808
388,4902
3420,4944
1358,2866
2307,2849
2651,1834
354,2779
3498,5001
2448,4689
4520,4249
2650,1850
2648,4251
1426,4253
1021,3886
493,4969
683,4921
1045,1842
4594,116
3842,4996
908,4911
3642,2798
4375,2847
4177,4732
4485,4780
4124,1748
4361,62
1486,15
4399,1838
3095,1861
4041,2785
887,5002
4553,4994
5017,2796
3285,4772
1162,4635
2966,4729
3821,4931
1208,4953
1669,4788
2312,4753
4191,67
1941,1836
872,4730
2605,1728
1010,4879
2137,2796
1716,4907
4360,318
1113,5069
1988,2796
3521,4733
3421,47
1043,1727
1821,40
1209,4735
4019,1731
3565,4968
1080,4748
1865,4932
1068,3881
4161,4820
2481,1733
4506,4917
954,4248
1099,1733
805,6
3337,2844
3834,4930
1324,4913
795,3881
765,4742
472,4947
4437,4961
4537,1862
5021,1728
172,4760
439,46
1334,5074
2727,5002
3889,4954
591,4720
1770,2783
2957,4993
989,124
4409,4900
3696,1732
1408,4815
2323,4682
3554,4686
1300,4676
3033,4913
4627,2864
371,2823
2674,4613
1135,2849
330,4760
4037,4857
1512,2832
1211,4989
1183,1735
792,4668
136,2817
120,4848
812,2803
1491,4887
3516,1735
2152,4720
3950,4968
883,1726
1897,320
849,38
974,319
4475,84
4928,4783
4058,2789
4587,4858
3949,40
1092,117
2603,2860
2283,51
238,4797
1376,1788
1112,4990
334,4668
5068,2818
3529,4769
3610,4858
1004,4697
1984,4786
4561,4769
148,4800
737,4879
1492,5001
1937,4951
2473,2860
3722,2818
1940,2765
81,4860
3951,4857
2274,1832
4346,60
957,1835
5039,4818
445,4783
2133,2808
1446,4873
1708,4788
3962,4686
3758,4991
170,318
5081,1840
901,4913
3443,1851
2078,4939
4480,1726
3899,2812
3269,4776
3572,48
1402,4815
1215,5066
4092,1855
3094,4770
3974,4678
108,5069
970,4691
3463,4728
2136,1818
3809,2799
3145,4971
3072,1731
2039,2829
626,4692
2542,4669
4447,3914
4437,2784
3772,4752
817,4832
278,5
2542,4780
1246,2858
3594,1847
2172,5018
3420,4858
3197,2820
2500,4993
700,38
699,5070
4231,7
2336,5073
3408,4912
4473,4787
3696,4930
1754,4770
4305,21
1093,1856
5060,131
2343,4765
3319,5016
1606,4818
2916,1737
5007,4941
3677,2866
3896,283
3565,80
747,2845
2985,1840
1534,145
4291,4892
1235,4908
1793,4939
1003,2832
4551,1838
3016,5002
4361,3882
4494,1742
1715,4672
4811,4934
2947,4761
382,5077
1487,4692
3666,3886
3999,1836
231,4991
2307,4912
753,4784
337,4264
1312,4800
764,4849
712,5004
3938,65
4425,2858
1477,4251
2019,1840
1755,1818
2690,6
4530,58
3944,4265
3176,4990
4262,2841
606,4849
4576,1860
3514,5075
3128,2773
995,2798
3309,2794
2580,4781
1570,1808
516,4776
4655,1835
159,4791
3918,1731
3453,4688
667,4797
426,2821
3394,2847
2936,4944
4515,1
3236,4941
298,4783
3371,4889
863,5002
4758,2818
321,2838
2651,5019
3385,4997
963,4727
2284,4684
3539,4613
1070,4815
230,5073
1003,4819
2085,4766
2537,2773
2536,4896
833,2833
1024,5063
1395,4931
1658,4935
4163,1851
1549,1848
1335,55
3124,4734
498,4634
4580,12
3454,4908
2288,38
2744,4818
1154,4831
2640,4963
1531,4613
1785,1730
2207,4803
4821,2860
2415,2768
2326,3615
783,4890
3577,4816
483,2796
4003,4908
2547,2853
4158,4938
148,4873
633,4885
1766,133
1054,1
2015,4829
586,4990
3421,1832
1464,283
3663,2847
3507,4955
3513,5069
2619,5002
621,4988
175,4904
832,1733
2970,2820
3003,4680
692,2853
1783,4251
4124,4940
2938,4755
2302,7
466,1855
1219,4888
3201,4728
3659,133
2587,4882
2978,1726
1803,4988
4304,3912
2515,4911
1356,63
2888,5064
368,1856
3068,4686
4190,4741
4083,4685
600,4940
3253,1841
2379,2767
3029,4890
2718,1847
4653,4688
323,2786
4630,1847
1900,4966
691,4654
4413,2849
3575,2848
3081,4830
158,2864
3750,4847
4280,2794
2478,4886
1749,116
2309,132
4053,4918
475,4921
4455,4952
4064,2866
4108,2783
2452,1788
3665,4889
1525,69
1943,4940
554,2816
2339,2810
2093,4747
1776,4773
1088,15
1347,2774
2512,318
1676,2796
2918,1861
2724,1834
1098,4755
602,4674
2384,5018
3808,4771
4224,4669
735,1855
2134,4831
418,132
775,64
1783,4746
2224,4994
3644,4917
448,4939
5042,4267
928,2844
1219,4792
515,1836
3793,4902
2380,5004
1038,4800
4535,4998
4042,4785
488,5077
399,5020
2524,1838
1682,4670
3547,4777
774,1732
849,4746
3740,1847
2048,4752
4375,4801
426,4860
3566,2813
3871,2824
4414,4820
2381,4730
1271,1
4982,4732
1674,4886
3093,1837
4642,4250
2091,4781
4507,1851
1541,4753
3749,4847
704,4735
2941,4675
404,2821
2166,3914
1636,4832
1925,4739
4087,2789
2278,4683
2669,2846
1753,4886
504,1735
377,1727
3466,4941
920,4901
1415,4920
3206,64
685,4635
605,11
2956,4915
329,1808
3592,1851
955,4861
5036,4730
3695,3
2251,4831
3376,4861
4173,113
1781,42
4114,4690
3135,4832
2914,4743
2065,2812
1024,4781
1301,4963
3445,2826
4719,1831
256,4938
1293,2835
2016,68
3752,4998
3080,4964
1064,4889
1318,4754
3942,2813
4343,4860
3341,4964
3471,4885
374,4676
1301,4677
773,1728
2770,2825
4399,4783
2011,4896
2560,4251
1935,4694
3407,4739
3811,1732
541,1862
4554,4935
4365,2841
4411,4998
4204,51
2804,4829
3938,45
2383,2798
102,4911
2307,3877
1872,2858
1661,4936
2938,2838
4464,4791
3777,4978
292,5077
389,2844
3029,5074
1004,41
3993,5002
2456,115
2065,4264
1212,4957
2186,4847
1706,4788
3586,66
2923,2800
3719,1742
2245,2820
3065,2795
74,132
1283,4906
3070,1832
1088,4849
4082,2832
1398,2790
1866,4989
1084,4934
4018,3924
3942,4688
183,8
3566,5016
4291,3883
1049,1862
3082,4911
4463,2845
1784,5016
1468,4987
407,2860
1111,2796
1205,4915
4448,4790
4382,1
767,2803
2685,5002
3643,4940
3804,1742
992,2847
3208,4956
1550,4855
2484,283
3896,284
213,5019
1280,4788
3617,4654
483,2837
1592,2809
2589,4993
2058,2779
2065,4876
2834,1748
4875,4979
3547,2817
1173,21
3721,1748
788,117
4189,4916
4320,5069
3036,4694
1749,4799
2880,4613
2954,4916
182,1727
1677,3914
5078,53
4087,4676
1712,4671
2592,4884
2635,4765
1281,4997
1065,4990
2842,4720
4698,4883
2331,2817
983,4944
2559,4946
3447,4764
5022,4770
2195,1838
4588,4671
3582,4906
4254,1860
309,5063
4427,2764
3896,4777
810,4968
650,4997
3871,2867
1593,7
510,4267
520,4829
2000,15
4308,132
1579,4748
387,46
3373,4684
2102,45
4479,3881
993,4940
4303,131
1256,1726
2442,1818
429,2772
1097,2822
98,4891
3663,52
4097,2779
4363,4668
2221,4815
1570,4862
674,5004
1192,5073
5059,4996
4437,4888
2447,49
2189,2785
1696,2784
1351,4783
2887,4858
4836,4751
2392,3886
1804,4882
1347,5065
4182,2856
3437,4776
1228,3880
818,4773
2362,1725
4500,4769
3647,4954
1659,4753
1417,4964
1413,1847
965,4771
3121,3877
2819,4761
4344,4829
779,11
233,2785
364,4961
706,4801
2576,2785
44,1727
3482,2782
2604,2820
2031,4733
4852,2853
615,4916
4496,4966
4638,2816
607,2788
3748,4251
1526,4901
87,52
2179,41
3295,4791
1626,1735
4487,2813
1513,6
628,4987
4163,4910
1513,1850
1664,1788
2333,4968
4048,5001
2141,2860
3417,5019
4617,49
1955,4752
3201,4957
4024,2773
3853,2773
529,4996
3083,5066
1887,2790
1979,2811
4478,3924
244,4962
4185,2796
2491,70
3336,4979
1357,4904
4647,4930
3811,5016
530,132
1285,116
1682,4861
2382,15
217,3912
2144,4968
2977,1857
2421,4696
3088,4753
3383,34
2713,4972
3140,4941
1956,2838
3829,4678
4744,4880
4807,4832
3526,4669
5062,4939
428,4793
2685,1845
2119,4690
3497,5020
1429,2787
3081,4829
4821,4676
3858,4914
201,70
2047,4961
2581,4718
3966,1839
2903,63
572,34
2482,4733
2447,4861
4016,5018
743,11
4587,2835
1148,4824
1917,5019
1957,4735
4663,1727
2673,4903
1573,7
4922,67
4049,1731
3750,2829
1205,4971
1354,4759
3302,4688
3512,4903
3773,4788
486,4778
3464,5002
3629,2833
2741,1860
3467,4730
907,3886
3247,1742
591,2798
914,2858
1376,4993
1278,64
3595,2846
1292,4986
390,4671
3139,5075
2373,2658
2635,4679
2934,2829
4044,218
4015,4995
787,5063
494,4877
773,4856
1953,4978
4488,8
934,1730
2045,1848
1055,318
4015,4720
2933,4856
1112,4883
2169,4971
3075,4992
4558,4248
4323,4917
3148,1733
1711,4892
210,1831
251,49
348,4917
4289,4965
1977,4917
1854,1849
2034,4926
2574,1847
3427,4910
4868,9
1371,283
2463,4688
4726,4901
4117,4803
3270,67
5058,4790
1009,4919
996,4831
2493,2810
3340,21
3909,4689
1622,4634
2092,1816
2770,48
3383,6
3561,4748
5062,4900
2021,1860
3202,4669
1934,1861
4835,4941
1799,4749
1961,4901
363,4684
2213,4797
626,4993
2491,4736
2662,4947
3474,3884
3335,65
1891,1857
2729,4759
2028,50
731,1726
2404,4962
3367,5000
3186,4897
3036,4248
3045,318
4529,1861
2168,4817
642,52
1222,4832
1867,4765
1438,4669
4555,4673
1272,2765
3842,4676
850,66
628,115
3209,4965
4864,67
3444,3505
933,4930
4202,4831
3089,4264
2692,124
3933,4903
1083,1
451,34
2065,4903
2565,4690
417,4910
1317,2840
1038,2671
2423,4783
3341,4882
1385,1862
2751,4669
1966,4906
108,2785
451,1856
4616,1846
3190,283
227,4884
494,1850
2892,3505
1176,4674
3639,4891
2920,4742
266,4991
3387,4673
1347,67
2716,4778
1440,1843
1243,2854
2629,4787
555,116
2002,4904
4146,5066
3828,2839
906,4926
4190,4896
2771,70
3551,4932
2451,2855
621,124
4445,1730
1920,4671
1010,1737
2316,4747
877,3915
102,1843
1144,4766
4079,4803
2286,4780
3926,4777
3597,5063
520,4785
3682,5070
877,4748
762,2784
2736,4803
2994,2823
2718,4678
1553,4879
3224,1748
462,4913
610,51
3571,5075
3423,4946
35,5069
3775,2862
1867,3
534,4752
932,12
2098,4883
3198,1817
1374,4729
918,1727
3609,60
3233,4856
3130,4673
4538,4694
3363,4742
595,4736
4643,2810
4642,283
3537,4690
4270,4671
3616,2810
3077,1740
4522,5077
4016,4736
1709,4936
2474,4954
4122,2826
2834,4791
4948,1850
3054,4970
2753,2809
637,2795
533,68
3569,4771
718,64
3052,54
2246,133
2568,45
4106,1841
193,4855
1208,4678
5021,4929
4382,4817
3171,9
1607,4784
660,40
4207,4947
4698,38
3063,4720
3731,5020
634,2817
3911,2854
323,4958
788,4935
3836,4751
1246,3615
941,2814
111,1808
2073,284
1019,1851
4167,15
3761,2826
4066,8
2863,4926
911,2787
2303,1840
4497,4735
2883,3912
271,284
1543,4682
3728,4792
2453,4786
3906,1860
1243,284
1510,4750
2045,4891
869,4265
1529,1727
563,283
2605,4688
1460,4723
1967,1808
4706,1732
2224,13
3653,4739
1191,1742
2221,4908
1404,4880
798,5001
3918,4818
809,8
4217,4878
4307,5004
2736,4847
4493,4979
2266,3883
1156,34
3224,4969
125,4732
1252,4742
167,4908
3585,4749
743,2796
262,4693
3938,4266
2087,5073
966,2764
1303,4731
3244,54
4313,4969
3979,45
1575,4878
4556,4672
3870,145
100,5004
4716,3505
4767,55
3532,4989
1799,3883
3107,1735
1648,45
1776,114
954,4754
3812,1788
4839,4978
2040,4750
3357,4780
135,4849
3312,4654
4534,4993
3191,5074
252,4901
1252,4265
3935,2823
4647,2799
4150,4817
1366,4986
25,2796
965,4915
857,4954
2320,4801
816,21
1619,4803
2659,4755
839,1835
4284,1818
243,4884
4612,2817
616,4847
266,4674
593,4734
2991,4769
2116,4858
3170,4889
1940,4883
1483,4760
4983,4678
184,4693
1214,5063
3985,4815
4190,2843
3051,4906
444,4676
3679,5000
3935,2779
1509,4890
4508,2779
1807,4690
4099,4913
2660,4736
2638,2844
2373,2864
4439,4746
4498,4773
819,5070
4163,4828
2752,4938
5043,8
1267,3881
503,2783
2899,4986
393,4970
3725,2812
2745,4635
1635,4774
1854,4723
4188,2860
3603,4673
323,1838
4186,2773
153,2827
2514,2787
3603,1725
3484,2781
3561,4759
947,69
1990,4695
2465,4969
642,1849
3005,2671
3288,4692
3619,4792
3515,218
354,4934
620,1742
4486,2817
1799,4921
1601,4690
4572,52
467,4673
748,4694
2353,1734
2512,4937
299,4668
3800,2798
988,4731
2138,2867
3888,13
373,4952
3543,4935
2189,4673
3395,47
1889,5016
2104,4819
424,4693
2193,1727
1193,4882
3868,4730
1636,2849
4183,4862
3527,4911
2180,38
3465,2786
1999,5066
3816,2857
4722,2768
665,4955
1111,4801
2014,4882
4034,4964
2745,2845
79,4674
1569,3886
1902,4775
1517,4731
1898,50
1961,2832
4866,1836
3844,2799
1798,320
3536,4250
1065,4900
699,2846
4328,4955
1712,4856
1084,2855
3898,4248
1794,4883
4065,4793
3181,2765
5014,4694
2524,1832
3218,4880
1234,1843
2681,47
1299,4896
1347,132
4066,48
4052,3
1215,133
4173,5018
1802,3884
949,4872
2584,4676
1481,4886
3140,5004
421,4992
1350,4720
3298,4785
3328,4850
3890,2864
4644,1847
525,1843
1189,284
269,117
4112,4775
816,4817
202,40
4863,2854
4529,3877
1705,4897
2243,64
2040,4251
1125,4679
4147,4763
3772,4751
4701,1848
2339,4253
1016,1727
2408,1732
559,1841
2278,4681
3327,4678
1502,15
3954,4729
3895,2812
342,4911
2602,4780
175,2817
2986,4786
4070,4894
2491,4848
1575,1827
2301,1841
4653,3
874,4979
1747,2798
4552,1842
1925,2837
1294,3913
558,3912
1022,4634
557,55
240,2794
4177,116
3438,4678
3662,4774
2014,4991
2911,4930
3257,4720
943,4951
3036,4829
3200,4779
208,4693
232,4988
1686,4732
3647,2785
4376,1896
935,1857
5041,2786
1775,285
1124,4889
4129,4937
3529,4774
3296,4759
1958,5075
1014,4741
409,4940
1789,2774
1998,4687
1143,2816
3851,2671
2655,2846
313,2845
773,69
3278,4613
3887,4761
3714,1737
2211,2858
3368,21
1044,320
1068,1726
3918,5077
854,4680
4184,1
2676,4914
2356,4741
1393,2831
2972,4882
1990,4861
1403,38
4302,4685
3098,68
431,4815
2066,4737
3673,4861
1166,113
654,133
2504,1857
227,3882
510,1847
436,1726
739,319
1288,2867
125,4695
1650,319
2618,16
463,4815
2944,4769
1659,55
2267,4634
1248,4687
2714,4634
3523,1896
2162,7
4511,131
1584,4979
3301,4727
4933,4894
2097,4741
3055,283
4657,1735
3415,11
3841,80
558,50
3096,1861
739,4735
1680,4789
225,5065
3558,1837
1297,4762
3762,2782
195,4932
1244,4953
2659,5016
293,4772
1588,4793
1954,2844
1888,1844
999,5069
186,124
793,12
3961,4250
2309,4890
1526,4669
3591,3882
769,11
3239,4695
1745,2855
3324,4988
3579,4793
2355,4824
1144,2818
1142,2845
4072,4966
4063,3615
334,4989
3200,4791
1771,2788
2726,4680
1868,4763
3597,2851
3387,4750
1756,124
2954,4914
3582,2827
870,4919
226,2841
712,4817
3446,4693
3173,2851
723,2768
4586,2800
1811,4730
4306,5063
1038,2837
3775,5002
697,4958
644,4787
1508,2798
2083,4926
2639,1729
391,4889
4155,4682
2406,56
2177,2858
2690,5
3607,4914
757,2835
3102,2862
1432,4849
3508,4896
3531,2848
996,4752
2705,4248
4160,1834
2309,2838
413,2788
2122,2845
2610,5066
3064,4990
3218,4749
1111,3877
2882,2867
3492,5001
501,4858
3309,4940
2170,4917
3576,2854
3405,4996
3749,1735
4618,4883
3264,1835
3256,2808
3620,4780
885,4677
758,4861
2499,4733
3902,4935
4037,2824
2947,2786
1943,284
1502,1896
5017,4908
1274,63
263,1840
3820,4734
1611,84
3579,4264
4652,1788
3932,4972
4974,4776
557,1740
3374,4677
4035,4749
401,4668
2541,2841
1616,3913
652,4856
2270,1841
138,4782
1016,1
3450,1742
1454,132
1598,1835
566,1860
3862,3881
1934,4993
43,4897
3643,4970
367,2823
897,2813
4927,5077
2275,1851
363,2864
2715,4887
3558,4755
4,5020
207,4791
3677,2835
4586,2832
5031,4987
3020,4787
694,2823
1245,1827
1999,1818
784,5004
1022,4876
1656,4669
1617,3913
3337,4961
4575,133
779,4739
4109,2821
2806,46
4208,4769
2376,4680
3462,2843
1712,4686
2643,4951
154,4911
2333,4966
4641,56
3757,4909
3252,1827
3485,4671
495,4799
4021,4765
2445,3877
4401,2776
4508,2772
2112,2768
637,4781
4617,4831
4394,4800
3750,113
4808,4793
4346,4696
985,4901
2003,2843
1741,2843
3134,2865
5053,13
4812,4797
814,4820
3811,5018
1801,2790
4807,34
1655,1730
3943,4671
1939,4789
2514,2784
3839,6
3602,4856
4605,1844
1512,4778
2039,53
3945,4920
3276,2799
2154,4894
4584,2840
3514,4820
4383,2866
3429,2795
794,1856
4117,4961
328,4906
837,3886
1003,58
536,1847
4011,4761
490,4963
489,4940
2257,5001
549,4755
1298,2854
2681,4878
4813,1735
277,3885
4853,4910
3156,2810
3696,1835
1957,5070
3272,2782
1667,1725
4757,113
4567,1837
3109,2845
1645,4992
4845,3884
1098,4766
1628,4799
4046,4906
4042,1841
931,3882
2270,4674
4533,66
1771,4954
3792,4896
2885,4730
1539,4723
3836,1
1238,4265
2176,2781
545,1748
4149,1838
1025,4890
1414,284
1435,4932
1225,4979
1280,5020
4475,61
3394,5065
1649,2784
3797,4900
3190,2827
244,5073
1491,2846
1312,4764
1532,4947
3842,2832
1608,66
3099,2809
5005,4965
1772,4952
575,4876
2046,4956
592,21
3309,1832
1790,1733
2524,4781
3506,9
1284,4884
434,320
2534,4690
1610,4267
3472,8
789,2786
387,4723
1104,15
3542,2813
3331,4775
701,4680
1260,4870
3308,2822
2992,124
259,21
868,1851
1375,4760
1340,2789
3867,4919
1200,1808
1041,284
1166,5
3436,4761
1255,5063
1496,4847
1594,2844
2233,4737
3349,114
422,4784
1364,4685
282,4824
4839,117
3486,53
1067,2821
1282,4917
601,1843
930,3915
785,2772
486,67
74,1857
3532,4919
1786,2790
2757,4741
3418,4673
507,4685
3827,15
4501,2811
930,1896
2730,38
4257,4635
1339,12
4163,40
2467,4732
4413,4248
3742,4990
3228,4832
1897,4947
3990,4953
2173,4956
4582,1725
1119,4265
1435,4787
3735,2851
2089,80
2720,4902
4128,319
3095,4780
2657,4992
1318,4753
2054,4901
916,4944
2065,4679
819,4858
4087,4733
3296,1836
3006,4683
2340,54
3530,4890
3323,1733
3240,4880
3831,4728
3370,4963
3631,4908
2419,4956
3577,4734
4567,2794
5068,4729
1722,4771
5072,4988
3047,62
2107,4683
2549,4870
1219,4932
1987,2798
1663,2817
3655,2848
1394,1742
1346,4673
1603,50
4182,3913
1977,4800
2926,4768
3737,4635
3974,4888
3839,1748
3989,2829
1695,4735
3385,2781
474,1748
1585,2848
4302,4690
4523,5020
1483,65
4665,4763
1379,48
2234,1808
307,4692
4252,2822
1247,9
712,2782
3026,4934
2477,4734
4097,4992
3151,4817
2661,46
3894,45
95,1737
4548,133
679,2796
1589,4734
4132,4972
692,4965
499,65
2563,2788
4326,4965
1520,2865
3675,2803
1892,4880
476,4930
97,4755
2920,4904
3498,4828
652,1729
592,4266
4169,2799
2060,4761
2625,145
193,4676
4703,4634
3313,4772
4290,48
2033,4819
4077,66
188,1860
4722,15
1815,1896
540,4264
617,4682
2920,2825
309,132
3390,4787
3765,4882
1893,4861
3577,4777
707,2853
1286,61
3322,4831
3583,2779
3605,4906
2487,58
1972,4776
1229,4693
3748,1835
3731,4988
3169,2796
1159,1851
1623,66
2296,68
1182,284
4834,1733
3275,4908
4010,4265
4117,4857
108,4879
5003,2820
2024,4896
1949,4991
1345,4731
1989,4914
2501,2817
3583,4939
3145,2798
4652,4768
3061,2849
377,1848
2713,4870
2757,4889
4203,4897
1377,1831
1787,40
2964,2765
383,4971
4312,4755
332,2779
806,1788
1196,2776
3704,45
4725,133
433,12
3047,5073
2668,4951
2400,4736
1105,4979
2905,1860
4415,4978
883,2809
2418,4892
1174,4733
3391,4729
4274,5077
1538,2789
4702,2866
4429,2767
1878,4720
3364,4887
934,1817
1188,4857
636,4654
247,4687
4514,4787
4046,4990
1072,1725
4805,4686
3052,133
2384,4673
494,4634
417,1896
2626,3886
801,4897
3524,1835
4378,4248
4445,4747
4119,4686
3057,2839
3027,4855
4645,2851
4148,2765
3379,50
3706,4916
1475,67
2237,4958
3754,2822
1078,2864
1759,4791
868,56
1984,4862
1966,4674
1990,2789
206,3914
4757,4250
673,4694
3720,4685
3176,4768
1741,70
5062,4738
2022,2829
5068,4880
3331,4669
4027,1725
3267,4248
3463,4873
2055,2860
606,1730
2512,1788
246,9
497,4761
3279,4785
3098,4850
915,4777
1125,4816
3831,1725
4863,4816
4475,2803
2770,218
4568,1827
4230,2818
2057,4934
1403,4931
3111,2857
3177,1837
278,2818
4465,4969
432,4799
2089,2772
4234,4979
2210,4748
4408,4855
4016,4878
271,4944
1203,84
4130,4755
377,4786
3151,4926
2448,4776
4725,2814
207,5063
3568,4856
2898,2839
1045,4718
4490,1727
3332,1842
1559,5001
4227,5000
3352,4772
2414,4961
3599,4873
829,4761
1754,4966
3147,4749
4001,66
1815,4688
144,4266
821,4832
329,4783
3807,1838
1617,1726
1437,2839
3096,4824
4699,62
1963,2862
2357,2833
4122,2803
1675,4755
3662,4970
3428,284
1965,13
3457,4249
3284,2840
1914,4674
493,4742
3575,4884
323,4858
571,4765
2752,4746
4576,1732
4719,3886
1309,4676
1493,4818
2242,2788
2974,2765
5031,4770
3820,2671
898,2790
1915,1857
3304,4674
1888,2799
605,2803
4306,5004
2778,1850
4518,1834
3546,4739
3738,2838
4418,2858
455,68
410,4680
2118,4739
3887,4743
306,4777
2143,4761
4470,4906
1320,1818
563,3915
1655,1840
1960,3914
3720,319
2734,4955
484,2839
735,34
240,15
1307,1737
4262,2853
1593,60
947,50
1131,2865
4407,2768
3293,5064
3261,4266
3281,4788
1044,3879
2421,4778
918,5064
2070,4729
2300,145
4102,2856
2950,4861
25,4920
3809,4635
3082,5077
2003,4992
4363,4729
1562,1734
371,4907
1611,4902
2718,64
3613,4680
4364,1838
488,2849
2792,4735
2262,4964
382,49
2906,4872
2634,4891
1278,4816
1554,1737
1137,4908
3519,2658
3356,4249
816,1735
705,4693
634,3886
2470,2812
1633,4880
2284,4903
4277,285
3921,53
1064,8
2030,4265
1892,4989
300,34
2137,48
125,2823
1434,4929
3769,4690
2076,4861
100,4772
1957,4978
2622,3505
3576,4888
3657,5073
2341,1851
2982,145
3113,4858
3930,47
2890,4901
1690,5070
784,3913
147,4775
2067,2855
2625,3913
2501,5077
792,4831
662,4816
1632,7
1938,2790
2439,4965
3658,1827
3156,4816
1107,4680
3202,2845
1383,4751
4209,4669
4415,2865
4868,1837
1124,4729
3027,2785
102,4944
3777,4692
1561,4759
163,2808
876,4911
1638,4882
2690,2835
2527,4946
388,3886
666,2812
2572,63
2585,4987
5056,1827
3434,4803
1313,4831
4146,2839
3374,124
3704,4818
935,4685
4217,4742
112,4829
5023,4954
4415,1837
1750,6
23,4784
3069,4797
255,114
2232,4954
2620,3912
3168,113
4182,4946
2148,4697
1118,4935
81,2817
2367,2810
4420,58
5039,2822
1105,4886
2508,4816
2984,1862
676,52
230,4910
4409,4939
1768,2818
1464,2855
1619,4957
2910,4672
223,2764
3592,5064
3638,4990
4280,4935
1363,48
4109,1860
2179,4939
660,4926
2236,4904
2520,132
4162,4938
557,4818
1335,4742
4063,4944
2095,124
4393,4746
2090,4888
1538,54
3523,4732
1059,9
3896,3882
2548,4799
3062,4913
257,1860
3387,4849
3555,4723
3247,4654
2254,5065
3671,4683
341,131
107,1725
44,4690
4155,4831
3923,4737
4505,5065
3041,4820
165,4766
2268,132
1146,2817
4399,2809
4316,4682
166,65
4658,2821
4606,4788
1173,4989
2215,3879
1664,12
2930,4785
4423,1843
292,4887
763,7
774,4759
111,4683
3906,5063
833,117
110,4753
931,2796
3413,4730
1521,1788
3379,4742
4526,4755
4757,2812
843,60
5005,38
1247,4886
1766,2818
1152,1834
3436,4668
4355,1841
3069,4816
3385,4669
4537,4830
2561,48
3163,4877
1610,4693
2380,2814
1286,2764
1166,2838
1899,4970
942,13
1683,1861
4097,4892
1905,4749
105,4742
1549,1728
372,48
1765,4830
988,4754
1900,40
1654,1847
930,4800
3927,4634
4942,46
3183,2825
981,3915
4974,5000
4624,4964
3273,4790
3963,4831
4230,4972
3876,4862
4466,1
630,4672
4348,4997
2058,4668
2730,3878
1318,3615
1633,47
4259,2824
4094,4790
2009,4832
4030,4819
3654,2799
3480,2858
977,4828
3171,4961
626,2798
4457,1788
75,4929
4202,4916
4368,2831
4397,1844
4008,4784
3300,4906
208,6
1367,80
1077,1850
194,41
4012,1831
1383,4678
457,1833
3840,4803
4706,2779
3954,4266
2153,4762
3702,4916
3149,5004
3160,51
375,4723
2631,4937
1798,4829
306,4738
3003,4687
982,2764
2164,4673
2198,4911
2549,4861
3788,5016
2154,3
3848,2789
5079,4932
4475,4672
4319,1862
2243,4918
110,1726
1649,4970
3910,11
4032,5070
4600,2768
4052,4896
332,4831
3603,1726
3225,132
1787,4654
3169,4654
642,1844
2470,2837
1425,4958
4136,4693
2585,4685
289,4264
3867,4909
349,4729
3103,60
4131,131
1493,320
852,56
1703,2785
749,4264
3573,2823
173,4972
1178,283
3532,4877
2058,1808
2673,4938
2981,2866
443,3915
4948,4635
462,61
1774,1788
1053,4935
2646,4685
1707,4253
930,4951
3669,4766
493,5074
2437,2786
709,4861
2690,5063
3554,4742
3325,4766
3333,12
27,4966
1144,2765
2859,4750
2509,4873
3558,4876
30,114
3103,3879
1322,3914
4376,4892
3684,46
209,1857
4474,4962
2868,4956
1236,4762
3935,4935
1402,1846
4146,1860
964,2829
1563,2823
2373,84
925,1
3064,4749
649,4671
4605,4953
3167,4734
4120,2846
222,4878
4464,2814
2696,4733
2640,2671
2925,3913
155,4963
1180,319
785,4892
3723,4862
4236,4742
854,4754
1061,4832
916,2789
2429,16
547,4855
3816,4896
4621,4998
3255,2787
134,2809
3106,4877
1130,4955
2033,21
1251,80
781,4958
1530,1837
3430,4946
3687,65
3419,4946
1799,4894
3510,50
2286,2816
4092,5070
1472,2845
263,4969
1274,117
3956,4733
226,1846
3800,2765
255,4889
1059,2820
2645,4941
652,4738
743,4803
4469,4828
1230,5074
4089,2790
931,50
3290,4613
3859,4962
4114,4668
2873,4770
3376,4850
1934,4735
479,2835
835,4906
1467,2841
3300,4782
1663,49
4240,2776
1934,2818
736,5019
5049,62
4376,1788
1154,1832
1001,4668
783,4904
1250,4748
1955,38
257,4743
2881,5063
1374,2782
2995,4670
3240,4739
940,1748
4838,2823
682,2788
4497,285
1778,4818
909,5075
1537,11
2272,4765
3662,1832
2752,4759
924,2776
2612,4727
2141,60
4515,2841
1661,3880
2390,4886
375,4746
2618,4733
2559,4773
2048,4691
2002,4900
588,4696
4704,1841
2368,4939
3748,4876
500,4741
2968,1835
1859,49
768,4919
827,4961
2874,1857
2239,4265
957,4862
1626,4759
3853,15
1603,52
1642,2854
2563,4766
3495,4921
2190,4248
143,3878
1661,4931
3214,4718
1109,133
4481,4969
1599,4958
3186,2848
3693,4752
1265,1816
2741,5002
3608,4791
1390,4265
4558,4694
4109,4748
1011,4265
4494,4915
3248,9
1905,4832
2916,2779
125,4790
1468,4737
2957,2803
1933,4681
2896,115
3173,4969
160,2784
2072,4936
1377,4697
471,4816
293,4816
2651,4691
3683,5000
1633,4915
1962,4251
2193,4931
3066,1726
1087,4963
4552,4857
1702,4937
1168,67
4286,4905
1679,5020
4495,4870
671,4728
3773,4856
106,5018
4375,2796
4283,2825
2298,6
4286,4792
4331,5073
2663,2831
1382,2795
2064,4830
1498,2820
3969,4681
1908,51
4530,5065
3603,11
3524,1856
4390,2825
2245,319
2608,4901
3371,2827
1805,4856
3752,2858
3905,4911
156,283
581,2818
2306,68
4621,1728
3185,4849
1530,2767
331,3879
332,116
1088,2810
253,4253
2949,4747
876,4718
2264,1734
2226,5063
3671,1742
402,6
4388,4857
1372,5070
1547,4947
2734,4790
1281,1730
830,4737
1287,2816
2283,4747
4080,1732
1792,2822
3353,1856
1271,4686
4127,2818
2622,1843
4014,4919
90,4876
20,4858
3734,2658
519,4832
2666,4682
2210,4885
3259,4882
2445,4250
937,54
3677,3877
2993,2671
915,4860
223,4787
2576,4936
817,4789
2945,4680
3138,2787
2465,1831
3851,4901
4145,2794
2583,4267
1241,4763
3022,4791
988,4755
2927,4789
1443,4916
2357,4759
2544,4769
4047,2827
4256,2846
738,2821
4387,4935
2072,5075
3280,132
389,4749
3170,4672
3727,2790
3010,5016
1804,4860
4068,116
3014,4905
3174,2855
3323,2811
4562,2841
3377,4896
1292,4947
3581,3884
1686,4680
451,4678
4616,4668
4983,4781
4314,1849
1567,4668
522,4670
4000,218
2744,4935
2415,2782
1503,3877
3346,68
398,5069
1760,6
3351,1845
3935,4962
1250,1848
1149,38
1183,284
1111,1733
3165,1831
3697,4938
1471,3877
4464,4904
1497,4793
219,4746
4556,2795
4368,4818
260,2848
4377,2832
928,1818
770,4265
1868,4990
4977,1840
261,4931
1592,4872
711,4890
2560,2860
4699,4816
2871,84
484,2764
3495,4694
4400,2840
2715,2844
4341,4979
1234,4919
993,4963
592,1860
4744,4885
1317,3924
1904,283
3949,4957
4171,2840
2313,4818
2478,4265
3898,4902
4300,4904
2931,4735
2861,4941
1899,4937
1529,4723
536,1850
2426,4681
2718,4738
4256,3505
4614,4697
4409,4768
4092,4890
1109,5004
3159,4685
4255,4970
1602,1808
4796,4799
4469,4694
468,3924
1468,4937
299,4673
2219,3886
951,2785
4323,2832
2620,4903
3898,1842
905,2765
4999,64
4173,2843
3125,4752
1556,2803
1995,4249
2587,2844
930,5063
2948,47
1116,4905
965,4883
1171,4760
1824,1734
2523,4906
3420,1851
1162,4896
4429,319
1127,5000
2733,1856
1533,9
173,3877
2250,12
2412,4785
1483,4792
2380,5002
4241,1742
4722,2817
1814,1731
4075,2847
4698,1846
588,4774
3087,4988
2681,66
1416,2821
2188,40
3953,4969
4138,1860
1665,4730
33,4753
1543,4729
3773,66
4386,2658
379,1896
4242,4862
3970,4891
1532,4684
76,4891
1063,2785
4326,4267
3342,4676
2095,5077
1160,1844
2762,4879
2020,48
335,4737
4429,4861
3230,4249
4528,4941
550,115
1311,4971
1678,1861
215,4956
4000,4723
720,4765
3552,7
2232,1732
4080,4769
1363,2841
1530,1834
3388,4909
1066,4669
2566,3505
2618,2860
1968,4748
292,4765
1164,4993
4070,4739
4087,2787
2570,4654
3750,4877
2551,4998
2210,4782
4166,1840
1012,283
2718,70
566,4675
1119,4673
325,4739
4610,48
458,4971
4118,283
2883,4938
2560,5016
1359,319
4538,4799
640,4720
267,2843
3983,4910
316,4748
2194,4877
2677,2810
855,4816
3393,5018
1568,4910
3026,4773
517,4972
2693,46
4064,4870
3063,58
2369,42
164,4799
2710,2783
4054,4800
2473,4684
2703,2833
1137,1861
685,2787
2125,2841
2103,4765
3189,2813
3393,4772
3394,4759
836,13
4413,1817
2147,218
1797,4904
2156,1896
1379,4962
791,4816
3142,4264
4148,4693
4211,4878
1410,4919
778,21
1031,4778
791,4929
1804,2774
1092,124
4078,319
5041,2790
4802,4681
3230,4782
754,4687
645,3924
1208,4749
2485,4752
2363,4681
1931,4934
4168,2808
1018,4820
3760,4265
3170,2782
2756,4919
759,1836
4190,1848
953,4937
2911,2817
3482,4697
2351,2765
4648,4961
682,13
1886,4759
189,11
2587,4816
3823,4265
4342,1834
3737,5001
1899,1837
3315,4789
4542,2796
606,4783
76,4750
2641,4780
3602,4671
5006,5001
1227,4753
3958,4951
5080,285
2931,4742
2974,46
3439,318
2695,4888
4171,2848
816,4672
1967,1742
411,1833
729,2774
4064,61
2508,4675
1471,4828
1119,4773
4161,4932
1128,4787
3146,4788
1388,4682
4585,2776
446,1740
3522,4755
1530,4954
2635,2821
2462,2851
3016,2817
4404,4987
4895,4932
4139,131
2345,61
339,4994
2690,5004
4357,4896
1984,4905
1692,4634
651,47
3576,4918
2040,4693
3455,2849
266,4779
1144,50
4699,3924
2474,4729
897,284
749,5077
201,4748
4642,5063
4399,4824
4365,4888
945,2844
147,218
3948,3884
1642,115
1267,4962
3183,1725
5044,4754
723,2772
4586,2812
2514,4635
4026,4873
1112,2788
413,4940
2882,4910
1096,4889
327,67
3034,5070
2524,4752
2680,4613
3981,4773
1683,2798
1900,2840
2409,4912
1613,4797
2676,4882
4715,2767
4324,4993
970,4764
3939,2843
2546,4970
24,4862
5080,4979
2459,4897
1905,4935
764,4957
603,2854
2460,4730
3728,51
229,4951
2469,4265
4151,1861
1743,4829
4070,4856
1445,2779
1924,2808
3838,12
3686,4873
2348,1729
3057,4988
2336,1817
1023,4932
4036,4687
1507,4951
1496,2821
2651,2764
1102,2773
2160,4729
2896,4856
1000,4855
543,4873
2013,4937
2593,80
895,5070
2197,4738
390,320
1701,56
4581,1735
2906,9
2314,4782
2894,2818
1633,4958
2399,4861
4504,4697
1596,2772
809,4862
2611,4778
4495,4965
2208,4680
451,4792
3136,4800
330,4906
1138,1733
4020,4671
2778,4937
4646,4734
3404,4613
2711,1731
3360,11
322,4931
2036,4742
269,4936
1063,3883
4414,1
4207,4877
1332,4697
639,2862
4272,4669
352,2832
2601,5074
39,60
2013,2864
737,4831
2995,318
1532,4939
1721,4888
323,4897
197,4888
4233,4919
3977,2795
3303,4965
4863,4249
111,1843
4015,115
1057,1857
4602,114
296,1838
866,1808
4470,5069
4129,4695
4806,4971
1055,4723
411,2799
2971,2867
4658,2855
985,4954
414,4266
3517,4887
4431,5074
3070,51
5045,4690
2534,4613
4288,60
462,4790
1520,4900
189,51
4649,21
4587,8
3259,4913
673,4902
4191,4962
3298,4889
3783,4791
2916,4267
4489,4953
1322,132
1744,4670
2931,4817
1167,284
3188,7
3741,1847
1830,4748
765,4858
3221,47
1347,4749
3248,67
2279,4998
243,1733
95,4729
4241,2810
1853,47
1175,7
3647,4998
325,4671
1689,4766
3680,53
4445,2867
656,3
2664,4672
3237,4910
2346,21
4805,4988
2645,4888
2297,5002
1681,3912
2932,1849
442,55
3465,49
3203,4848
3343,48
2340,4830
2184,1818
4094,4673
1707,1841
4409,80
2630,4779
1074,2798
3054,4903
288,4748
1720,1816
178,1855
2877,2779
1483,4906
1711,4695
1446,2781
1515,2857
872,4917
3679,4954
2071,41
2635,4733
3448,2808
2769,4908
3793,1836
603,124
4513,4801
2078,4763
488,4685
3278,4880
566,2767
155,2867
1944,2821
2178,1844
1167,4882
1444,2772
355,2776
1215,51
239,4683
1977,4776
1854,4993
296,4780
3759,131
1160,1845
2217,1833
2390,4677
678,2846
3685,4910
3157,4682
108,9
1874,2774
1356,4673
110,4670
3448,4785
2143,5065
4534,2768
868,4718
3475,2853
1864,4735
1209,4961
3445,4907
3081,4754
2338,2789
2547,4929
2269,2831
2926,3912
3983,4250
828,80
2987,4733
93,4694
4329,4752
192,4778
1583,1833
4631,4780
1208,2825
428,1845
1574,3912
2204,4752
3955,4880
2973,11
1981,4919
2365,4995
2735,2853
2518,4672
1553,2820
769,1748
3617,4921
4804,4773
1878,4684
2620,1847
891,4903
1029,2799
3462,4792
1979,4990
809,4773
2793,4678
3965,1734
4029,4680
3339,2856
3501,4900
1720,1861
1761,47
2241,4904
1242,2853
1556,4691
4510,2814
294,1850
4210,1836
4207,4820
185,5
4292,2837
2480,4819
1338,4690
607,4264
1508,4773
244,4994
102,2817
1819,4939
3179,4818
1152,4737
3521,4919
2696,4748
4110,4955
2235,42
2095,1842
1181,67
3438,1832
4407,2835
749,65
4049,4957
3149,1840
761,3924
3422,4932
995,2810
2693,2786
3966,4768
1180,4683
4922,2839
2092,38
880,1730
4845,2853
2533,116
1782,4914
2998,6
4585,4856
3448,117
4037,2847
2232,4957
2753,5018
2200,4870
2024,2857
968,4764
2482,1832
3806,4678
190,4993
4493,2839
708,4678
4841,2772
3643,114
3080,2784
2068,1728
663,4963
3287,2831
663,283
3099,4956
2455,1848
3772,1733
4463,1730
2815,5070
4419,116
3381,3
3576,4697
1117,2849
4218,4990
3616,2800
2258,4892
4054,1834
4244,4753
3413,2798
2431,4934
2590,4782
1756,2800
2241,4763
2007,2825
4452,4738
2942,4769
1314,4966
123,5019
1000,3615
4530,5063
4091,113
1257,133
1172,218
3083,1861
452,5073
2174,2768
3355,69
2422,2858
893,4986
1042,4689
1077,5064
1635,5074
2120,2811
1130,4829
4636,12
5044,2765
4056,4955
4186,4668
1237,5064
3278,1837
4342,132
2118,4953
2343,2832
3798,2824
3802,4774
2961,2821
5015,4785
3738,1846
2398,4919
3020,2867
3430,4670
1137,21
2395,42
3146,4885
1369,4737
4028,4800
2301,4675
3553,4768
3445,4978
1765,4968
542,1836
1247,1725
1717,5077
502,4817
3858,1850
179,2787
1228,2782
1403,4904
3510,4769
5043,3915
4626,4696
2580,1857
4084,4733
3111,4947
4010,4728
3022,4789
932,4885
3596,1788
3293,3877
562,4727
100,5002
349,285
860,4695
4580,4750
2685,4918
305,4727
3742,4760
4560,4690
1379,4686
4804,4861
1600,53
57,1727
1753,2821
675,5002
1011,1742
1697,4902
2881,1834
2253,1727
1974,4991
3986,1729
20,2800
253,4731
734,4769
162,117
2004,2785
4827,2790
2501,4889
4871,4894
2747,5073
345,3886
1888,2826
420,4920
5083,4905
1111,4889
413,4764
1337,4932
18,4879
4353,3886
1367,4884
4189,4738
3161,65
1668,4963
1099,5070
202,2848
2366,4774
259,4248
576,4956
904,4803
3154,4750
1363,4847
81,4771
2943,2840
921,2772
551,49
99,1818
4030,4882
1377,2814
3448,4937
244,4248
758,4886
1671,283
973,2820
4977,4861
5042,283
4001,3505
3050,53
418,4877
2316,1841
3728,4762
399,4774
857,47
337,2810
900,2785
2202,2796
4191,4828
3132,1726
541,285
2935,4267
866,4734
1792,4775
1946,5063
673,1834
2529,4672
3828,1842
550,4876
1015,4947
1221,4996
592,1862
2482,4995
4385,2787
4005,1808
4809,1839
4213,4694
3454,116
1230,2782
2931,1733
3366,2658
3293,4738
1165,4989
3112,4957
3889,4772
2378,2658
2308,4957
59,4801
2279,2773
1083,1729
4187,4856
3152,4829
3835,2796
1031,2809
2325,4862
2896,4694
5051,68
1490,4988
592,3879
468,4955
2357,4728
3898,1857
1530,4896
794,4918
3153,4770
394,5077
2343,4991
4794,145
4064,1732
2157,84
373,5075
1230,4964
208,4929
950,132
4496,5019
2409,4267
799,4728
451,4870
3550,4830
1651,4685
1174,4991
1794,113
2704,2822
613,4799
441,2833
4659,1843
1001,4788
2168,3505
1814,4780
4434,3886
4837,5063
1710,4876
120,4940
4345,1730
2725,4961
4591,4944
438,4857
1642,4689
1938,2814
1665,4958
1005,319
1686,4788
2648,8
1984,4783
3355,5077
2991,2813
2212,4857
2662,2829
2769,5069
1470,4781
4588,4847
146,2786
4924,4957
3317,68
2934,1896
1532,4686
305,2820
1911,4819
3658,4683
1342,1838
2116,58
2307,4799
427,1729
76,4964
1900,4764
597,58
3410,1839
1751,4892
1165,4880
222,145
1795,4777
1191,4880
2212,2851
1304,4759
728,54
4130,5073
781,4780
3581,2855
998,4786
3250,4686
3796,2814
1696,4955
1901,4749
1178,4613
1947,4938
2620,1857
3163,4741
315,4901
4923,4674
2902,3
2745,2800
2129,4755
3742,41
3761,4952
2613,4781
282,4249
4724,4749
1781,4762
1663,50
346,4791
4417,4944
1366,2768
3808,4679
276,4766
2402,1847
1664,4678
2345,80
1794,4749
632,4932
4105,4691
3240,4855
1179,4749
4292,4730
3472,5077
4491,4900
5067,4936
3905,4849
4180,3915
1389,4784
3799,4718
514,2787
2293,4870
3166,4850
2131,3883
5057,1727
3171,4760
2863,1846
475,2817
1154,2867
1721,1860
3395,4877
645,4780
5045,4855
2333,4683
4794,1837
3612,4766
2587,4818
4246,1843
3742,2788
472,3914
721,4677
1687,1726
2994,4675
89,318
2396,318
4706,4799
2277,2865
3513,4696
3115,4860
2029,49
123,2823
4354,1839
1247,116
229,4994
1541,4861
1622,64
2313,1831
3982,4752
173,2787
2357,54
1967,4692
2053,1837
4564,3915
2542,1862
4243,4741
714,4789
2969,4769
3945,4996
3922,53
869,2839
1550,63
1904,3
147,4250
4495,2848
2009,4989
1182,2773
490,4678
3058,4718
731,5004
3801,2822
1570,2658
2777,4994
3054,4738
4950,2848
4839,4820
2371,1730
4436,4249
2705,2790
2982,38
1954,4693
339,4996
3253,2781
1405,4917
2690,5002
2576,2813
202,2776
555,2848
3494,1817
2479,4688
2444,4917
1021,4689
4414,2764
2054,4971
1435,4754
3080,4872
2241,284
2431,2773
4167,5077
2364,2858
1802,4793
228,2829
973,5073
486,1817
2819,114
2520,4908
2056,4729
4659,4991
2349,48
3954,2857
3343,4681
2797,2782
4076,2812
1394,4832
3991,49
2229,1847
5083,2765
2678,1742
1065,4753
4649,63
435,4909
4445,132
1575,4803
4258,2781
4625,70
3704,4850
1754,58
3193,4920
3311,2847
4273,4820
2221,4901
933,15
1061,4918
3574,4778
469,2835
4113,4872
1437,4764
502,1733
3432,4926
3081,1726
1265,1849
2318,2816
4611,4733
1585,1818
2024,2822
1771,4251
3889,1851
3993,1725
4115,2823
420,283
2952,3881
1566,4997
2390,61
3360,4265
1097,4909
3044,42
898,4917
919,4765
4144,4995
3799,131
4154,4677
2319,4680
86,2812
4502,2858
4031,2816
3644,2808
2530,4730
2323,4858
139,1788
927,2671
3955,1838
3467,4694
187,4912
1325,4764
4866,4249
4658,1727
4604,1735
3443,4266
3960,2847
1620,5019
570,4815
5055,4764
727,318
2707,3881
1226,2847
3813,4781
3697,1844
1815,4905
2749,4727
922,4775
1076,4785
57,9
2059,2835
3248,4773
627,4912
1491,4679
1224,3883
3661,4911
939,4764
1738,4249
5028,4763
4307,1742
4220,1857
3633,4889
777,145
456,4732
2090,4634
2289,2829
3492,2772
429,3914
187,4860
1116,3884
4812,5077
2471,1827
369,9
1432,4998
5072,4921
2403,1850
3852,4886
3953,5075
708,2825
4515,4759
3302,2849
3552,4909
3797,4829
1921,1839
785,1849
4213,4915
2398,4993
3672,4936
4307,4691
811,4862
353,4752
2390,4782
457,4690
2296,4918
168,4635
3666,2782
278,4672
1774,4733
3111,4739
3281,4828
3135,2862
4295,2855
4463,1857
3293,4737
337,4824
4257,1788
2802,4936
3060,4783
268,3881
1178,4876
2970,4691
4527,4817
268,21
3088,2794
4200,4265
4032,3505
1354,21
918,42
2076,1849
1692,5016
3522,4774
5059,4857
2906,4768
4980,4670
4154,49
3917,4831
3103,1856
329,1740
3902,4769
714,4926
1193,4891
1602,4668
2958,2809
4573,1834
870,4789
1524,42
3221,5001
2554,48
159,2773
2130,4267
836,4860
2557,4819
3968,1849
1783,4765
873,41
4270,4952
2687,2833
943,2781
4206,4751
1584,2809
370,21
4252,4818
466,2860
3786,2858
1647,4830
3768,5
2694,4963
1361,4694
4565,4742
4392,1841
2528,1832
4798,4909
1998,3882
4401,2814
1452,2790
439,3881
1212,2671
1859,1788
2964,4681
3560,5073
288,61
2122,1827
2174,1827
3739,2831
1739,1727
3441,2818
3772,4930
2633,4829
3293,4897
3517,4921
3900,70
4811,1837
4220,4773
472,40
3447,4962
1787,4689
4411,1860
3839,4760
3057,1731
4625,4790
349,4791
1097,4824
1481,4729
4093,2832
3720,1838
2324,4855
698,4920
3943,4782
673,1845
1251,5004
3600,40
2926,4955
4170,1844
2567,66
1948,69
3287,1727
3583,1732
3329,2843
753,2841
4131,48
1502,4921
831,4267
2087,46
2997,4858
1397,117
4725,2781
3687,1732
1644,4753
1469,4774
2421,4250
2076,4683
463,4916
123,4755
3006,2838
441,4847
1404,3885
229,16
1931,4799
2958,5016
1693,1856
2134,4848
3295,5073
4336,4694
2470,4941
1541,2784
1886,2867
1709,4734
4711,4682
1281,62
2665,1839
3873,5073
3911,4729
1257,2820
1652,5000
4543,5002
5044,4793
1290,6
3534,4760
1072,1847
4472,2799
3018,2767
5005,4914
1542,1816
4134,2829
952,65
617,4978
4547,2800
4571,5001
3421,4986
3506,84
2324,4951
1676,4769
3566,4248
5044,2795
306,4934
127,4951
4722,4929
3729,2857
393,1839
4262,2795
2130,4996
4498,4998
2140,4686
3418,1841
3748,4733
651,4900
2438,60
3724,4903
3284,4961
1958,2816
2871,2658
3538,4785
1367,1737
4137,2812
4138,2835
2244,4675
4825,2831
2482,4936
738,5
3974,4815
142,4872
2039,2823
3224,4885
2735,4888
1166,4691
502,4986
4122,4735
2727,5075
4451,4946
4468,4828
753,2821
954,4887
4274,4696
1472,4824
820,1857
3851,67
3120,1851
2482,4669
1947,4905
3712,4674
2975,4248
2189,4883
3050,4970
4194,4737
456,4884
1491,4940
3081,63
2314,4986
1249,285
3184,4819
4240,4884
3323,124
4048,4728
2472,2799
765,51
3200,4750
4365,4996
438,4774
483,2810
494,4962
4020,4932
3917,4907
942,4267
2224,2822
1571,54
2985,4692
100,5
2483,2855
1099,3881
3702,2798
4060,4264
357,4954
2090,4790
1152,55
3200,4955
1384,4696
814,4944
1927,1850
333,2862
4517,2808
4030,3915
365,4913
1898,4789
2363,5063
1610,4250
3331,5063
4397,4919
252,2865
4021,5077
3321,56
3161,2835
3154,4957
1050,4267
853,5
4296,4730
3646,4998
1632,5020
200,2787
4235,2865
1398,4858
4213,8
924,5000
2080,5073
1516,4914
3737,4891
4191,5016
4948,2857
3794,4892
3276,1834
3202,133
2467,2820
4355,1861
333,4267
3400,4686
1881,4733
1723,4885
3767,4789
2289,5019
1372,2867
1507,4952
3892,4250
3259,4818
1187,4801
1563,4934
756,1728
402,4870
2339,1808
1244,4997
95,1835
1322,4862
4758,1730
231,2671
430,2800
3277,3
3865,319
1415,4987
2415,2854
3946,4929
4385,3615
2575,67
2544,4995
1948,4732
4466,58
433,1730
276,8
2319,4969
1548,2794
1805,4918
1257,4750
3183,4919
4337,4935
647,2796
1133,4910
2107,5069
1709,4678
1501,1847
3521,61
1415,2795
2561,4971
1656,1728
3866,4748
2549,56
2211,4750
18,4877
2480,1861
414,2784
3182,4915
5067,4994
1872,4800
3147,52
2346,4769
369,4848
1582,4773
2859,4965
2198,4785
2084,113
2689,2865
568,218
3034,2786
4428,4958
4593,4889
992,4989
3327,1833
1868,4986
2269,4788
953,4742
4967,4921
1774,2764
3213,4956
3112,4754
1596,4972
2727,4695
4212,4763
1449,4762
2493,4978
701,4669
2030,2853
3953,4668
3236,1742
1942,4915
1852,3924
1820,4654
3259,11
349,4803
3348,3880
800,4770
188,2835
1010,4770
4717,4697
1630,3881
3436,4780
3276,2790
4898,2849
3549,4918
738,1817
3585,1788
2792,4858
220,1855
2030,5066
700,113
3835,2798
1304,4955
1863,6
3497,3881
259,4990
4144,4674
1482,47
4081,4694
1584,1839
433,4858
4101,3880
2021,4931
254,4749
989,4902
1535,38
2337,4858
1583,116
1491,68
1563,4819
4510,8
524,5
3657,4829
4629,4742
852,4914
4619,1740
3988,1827
1936,1857
4427,4855
4000,284
4328,3
1662,320
4177,3914
3926,9
303,4681
1533,5
3929,4828
2486,2848
159,2826
3101,285
5062,1788
4203,1727
3800,4911
3831,53
4219,2789
4584,3878
2419,3924
964,2826
1272,4979
2586,4760
2065,3878
3801,4747
44,4736
4066,4894
3943,1816
672,4914
1908,4861
2964,4682
1370,132
19,4886
365,4968
4663,4934
393,4780
1045,2817
3682,4801
1707,45
3297,1730
3468,2799
1446,4971
1414,4992
1925,15
5045,2800
3094,4765
937,114
3850,4675
1351,1847
825,4681
2499,69
590,4939
4317,49
327,4919
1268,4955
1087,4790
2645,3885
2175,4993
2012,1841
1331,124
674,3913
14,2846
1901,4858
2478,4920
3376,55
3919,4801
1179,48
208,1851
3674,2820
915,4886
2172,64
4199,5064
663,4952
882,1847
734,1836
2654,4800
3983,1849
228,3885
2138,2847
3871,1848
2581,4971
25,53
2149,4830
583,1742
4641,1740
260,1839
2233,1851
4922,3883
4975,5001
2885,4790
1512,2843
5078,1726
3155,4264
1174,4889
2076,4970
2669,4996
1430,1839
3266,2858
3474,51
4232,4829
3494,54
4188,3879
2126,2864
2539,2821
351,4954
649,4988
887,4963
705,2856
2281,4733
1687,4250
1257,63
5053,4878
2924,3912
5054,12
2279,56
105,2857
565,9
3520,42
4648,4679
3559,3915
4524,2774
831,5063
110,1817
2329,38
655,4832
2203,4670
2420,4904
4322,56
3783,3913
1045,4249
3379,1727
1346,48
1371,2779
4156,4847
2191,4733
785,5004
4602,4998
1866,4670
785,34
2634,2840
1057,4882
851,4972
368,3924
73,4697
4334,4676
697,2803
3055,2790
2095,2821
1607,52
2138,52
3244,218
4016,3
1758,2772
2313,5064
4595,58
356,4731
3932,4919
1081,4250
3391,3885
2662,4694
2936,4748
2930,2783
1680,4781
925,2853
794,4972
688,4972
646,2821
4255,2795
2984,4695
86,2774
406,4997
1249,50
210,4679
3764,1735
1719,4896
4466,3883
3346,1748
198,2831
4041,4743
3803,4896
3994,1816
4421,2789
2501,4753
2393,3885
3363,4988
4148,4742
1013,3883
2121,4998
952,4969
787,4904
2536,1827
3644,4855
916,52
4662,2767
1435,1808
1186,2658
1987,4816
470,1
477,2671
92,4670
3485,4691
1099,3880
89,1843
4565,4797
4120,2860
199,4747
449,2783
4427,1840
3859,2803
1447,4792
3100,5065
3995,7
4042,4686
3582,4944
516,1846
980,4776
3341,2781
608,1727
2566,2865
3653,4968
3052,2862
4550,4861
3008,1748
1203,4752
1038,4947
435,1850
730,4790
950,2671
1916,4766
4622,2829
1068,4773
1432,4857
2651,2820
678,113
4100,4939
3725,2848
4235,2864
1604,4742
2117,1733
1220,4751
1412,46
5059,1835
4863,2833
1651,2829
3802,5063
1141,2831
3423,3877
189,4971
4239,4774
561,4771
831,2808
4158,2782
2305,4957
2361,4886
957,2846
3755,4776
2654,4873
2647,40
4359,4819
1943,1838
4132,4920
3437,4766
1579,2864
5031,2849
480,4910
2081,4816
1041,4832
139,4764
1244,4917
3208,4962
3291,283
3236,4251
2156,4882
2121,5073
3826,63
757,4685
1333,2867
2928,1
3488,2783
736,1732
1968,2765
1142,2784
2161,5070
2017,2776
1592,4817
4061,4670
1235,2823
1561,4998
2528,4677
503,47
519,4991
3628,2794
4285,4913
5049,1732
408,4720
3041,49
3223,4739
4242,1855
4464,115
1328,4856
3434,4963
1310,4920
564,4855
1552,4791
3987,4728
2317,2865
2493,2796
885,1734
2585,4917
4983,3885
302,2794
3439,4771
1744,4771
128,4876
838,4911
1464,4746
1743,4876
2370,4939
1346,2785
2982,4674
3772,1851
2291,4992
3453,4858
3433,1817
4188,4870
2261,4755
2219,7
3554,4956
3060,4824
4433,4746
549,3883
1330,1733
384,4979
4490,4691
2149,5063
4367,3914
552,41
1537,4901
2961,4694
4597,3883
2504,2854
2624,4931
524,2787
3352,84
4510,4769
1555,4937
719,52
2991,1731
2684,55
2729,4675
463,4946
2815,4995
855,4792
4871,3881
4072,4729
2801,70
2664,4962
1121,55
1393,4930
1315,115
3844,2851
1115,3877
3869,68
4420,2816
931,4738
1195,3505
290,4905
560,47
2949,5019
2306,4751
1616,2772
2142,1735
1955,4696
447,4669
379,4955
692,4760
627,4878
2175,113
2975,4759
2596,4952
2025,69
2292,2767
4313,3
4767,4737
1131,2794
1498,4919
1169,4861
3940,4900
628,4679
2989,4669
1054,4883
2150,4731
1360,115
592,2865
2871,145
3349,2849
873,2856
1792,4728
435,1733
4433,4249
4086,319
478,4792
2562,4720
3376,2768
672,115
3474,1733
901,4946
301,3877
1445,1816
814,1842
2154,4696
2370,4749
2805,1727
1477,4730
1809,4824
1683,52
1256,4964
3011,4697
4425,4750
2642,2840
4372,4831
3558,2826
3616,2860
2990,1725
1285,4766
2952,5016
3988,4916
5041,62
2336,4946
4386,4990
4458,2796
2159,4732
4539,4720
146,4774
428,1841
3539,4697
1448,48
2461,4634
1331,4692
1540,1844
2568,1860
4171,4941
2637,4769
2539,4682
1654,4930
4344,5074
4854,3885
4103,4737
2566,4934
988,4688
3022,4848
2382,4691
4421,4786
2371,4885
3519,12
539,1726
2469,4769
3198,4824
1692,4764
352,4940
2543,1833
3856,3886
956,1740
2985,4915
4712,4670
0,4779
4424,2823
2496,4766
2877,2811
1207,3615
2828,4908
1323,1846
4306,4937
3251,4692
1797,1730
2648,4799
3143,4915
4076,2820
3167,4696
972,62
1422,4789
81,1847
194,4803
3522,2821
2537,1849
3395,4878
545,52
3525,4735
3754,4996
1163,1788
1018,319
1349,1817
816,2773
3468,5073
1290,1737
2960,1808
2735,4695
2938,4673
1510,4971
261,4742
1903,4799
3612,4872
4237,145
4431,3878
4122,4904
1271,4742
2137,4746
3141,41
4982,4695
1826,4820
2521,1836
3397,320
402,4734
3826,2826
3446,2779
514,5064
2233,4773
3922,48
1152,3878
670,2783
1529,4654
3237,4992
3928,4820
1433,4912
3107,4953
3638,4695
3461,1733
4400,1737
3327,2862
4140,4856
416,4913
4556,4773
4485,4884
2297,5077
1529,4872
1661,2767
3860,1808
2501,4734
360,4750
3192,4979
3656,3886
3340,4768
2093,4953
2632,4266
2729,4900
4619,4888
4481,2858
1308,4857
801,4780
508,4880
5038,4793
2452,4991
809,4886
3854,4920
1179,4684
1642,4850
2142,145
3352,4993
3904,4862
4042,1728
1746,4692
3033,4772
5014,4954
1764,2833
1606,320
2911,4687
3560,4862
796,1839
1161,4267
4535,3886
2407,4956
5078,64
250,4729
4102,4883
2586,4782
5039,4919
1009,4777
1173,4772
3447,4832
459,2829
121,4733
1419,1841
2195,4934
2696,4780
3439,1844
287,4914
1081,2866
4647,4947
2174,4970
4899,1734
296,1734
355,4697
3382,4824
3331,4694
3236,1861
4459,1832
3469,4913
2203,4746
1825,4937
3840,2783
1904,4755
3732,1841
1373,4848
196,2813
1938,1856
3819,4753
743,2816
2571,4683
3187,2790
2683,4251
2662,1788
2390,4848
2477,1808
3232,3879
2231,4916
1344,284
406,1827
743,2790
3091,2865
1117,1845
502,4932
1524,3881
1558,4679
5017,3880
419,4817
3287,4690
3244,40
1684,2765
4667,4919
209,4680
1939,4956
3800,2844
4140,4941
1112,6
4032,2867
4296,11
1537,4937
2460,38
3142,4905
256,1849
2001,2785
994,1729
3782,2814
2469,4729
739,4883
2530,4729
3465,2764
1232,3505
2626,2768
2414,1843
2754,4872
1549,4921
3260,4687
2339,2822
3420,1837
4258,4891
3934,4635
698,47
244,1817
3076,2800
3308,4741
1828,4791
931,5063
1962,4797
746,1846
4163,4891
4275,5001
1325,2808
3934,4917
984,4731
3422,124
1648,4249
3740,4857
548,4267
4123,4730
376,4954
1508,16
983,4873
4450,4832
1208,3884
2439,4680
2300,4677
3552,4896
3334,4776
3529,84
3971,13
1551,5002
3958,4679
3744,3913
3305,4966
495,4986
264,4739
3022,42
383,5073
4487,4793
2009,1845
1002,4790
4297,7
1459,40
5006,4682
4022,4781
4492,4896
800,4883
4715,41
2743,2798
1938,70
3468,2825
2120,4890
2637,4907
2678,4248
1098,4946
2973,34
1524,4783
2351,1742
2184,4773
4874,1726
4118,4888
2419,2832
3864,48
3513,70
4484,2865
700,4956
1076,2816
1094,2837
1291,4951
1899,2862
3890,4939
1783,4728
3043,4728
350,4972
1514,4932
3165,5000
2669,4877
3319,4692
1948,4674
3039,5004
485,1851
2001,1851
3209,5063
452,4832
4372,2796
3575,4991
2099,4849
482,4683
1776,4253
2877,2774
1898,56
1121,5064
356,67
2022,4785
3782,1742
149,3886
935,2799
1210,2813
1009,4832
3244,4957
683,4848
569,48
4823,4777
4464,1
834,2784
270,1836
1180,4911
270,64
1955,4870
3831,4749
3563,51
4246,4789
252,2820
2273,4995
1345,4889
4825,4817
2400,51
86,4752
3797,4862
844,4971
678,47
808,2809
1596,4978
1949,1842
307,1735
2650,4674
789,1827
276,3914
4705,4936
2992,117
3284,4936
1782,4907
3335,4668
4203,4944
4310,2772
1700,4743
4477,4956
837,4971
2521,4799
3892,4926
3110,1856
173,2811
2312,4265
3442,2864
2983,318
3566,4782
4300,4938
2486,4906
3987,2855
4377,1848
1085,2847
1672,1725
4980,6
811,4251
3756,2800
1644,4733
2318,4994
818,4670
4123,2781
2060,2765
3394,1844
511,4729
78,48
1486,4850
3198,2844
2452,4964
3708,4697
2206,1848
1372,69
2884,4903
2469,42
3314,4729
2173,4947
4722,145
3405,2843
2517,318
1975,3
3080,4880
3831,4909
3309,1727
741,3
4242,320
4387,1849
671,4912
238,7
3060,2827
1285,2840
413,4672
1287,4939
2441,4920
4532,4849
457,1817
2525,2865
1406,1845
1552,4931
4194,1835
854,4964
2217,4818
3835,4994
4323,4954
1651,11
1274,3886
716,2784
4158,3913
2425,4992
1552,2837
1927,4738
4893,4688
411,55
651,2788
3611,4690
1206,4250
4644,1742
1152,1862
2674,2864
4649,80
2024,4956
3581,4761
907,4787
1937,1735
4313,4728
5040,2838
5081,4675
107,51
3544,2772
3989,4915
4468,16
1961,4878
3058,4921
1878,4880
3096,4909
4161,1833
4373,4779
2507,4787
1961,64
4923,2849
543,4883
2472,4265
2551,1838
562,4831
4924,4249
1774,1727
5059,4675
1101,1731
3124,4856
4704,4723
2918,1849
4292,4885
367,4750
3651,49
176,4684
4071,4897
3921,3883
4827,5069
482,4992
3143,1834
3654,2811
2223,51
3845,34
1822,4870
1418,4680
4337,4905
1790,34
4924,4684
1012,4729
2657,1817
614,4765
1953,4919
4202,4971
3392,4876
4015,4669
120,1837
3800,4760
650,4951
2077,2789
3080,4857
4614,2845
3247,4884
2055,4998
4488,1833
99,38
948,2671
1356,8
71,52
2647,2853
1821,114
2687,1808
1618,1818
2904,4654
1163,2849
764,4955
3536,4760
4061,58
482,132
572,4901
4661,4793
167,4803
4204,4916
658,131
667,4635
2757,1735
2710,4944
1691,4944
2080,4675
1382,1733
3585,4762
4241,4267
3626,4979
1496,4784
803,4988
1686,2856
4335,2768
4641,1855
2553,4791
389,4931
4533,4916
5012,4951
2271,2813
2637,4759
4226,1727
2577,5016
1571,1725
3784,2865
3423,4697
2693,4727
4387,4940
2189,4771
692,4930
760,16
4033,4654
4874,4729
1784,4911
4007,2782
417,4993
4430,4829
2939,54
2603,4678
4326,5001
4183,4956
745,4917
2275,2794
2667,2844
3113,4777
347,3885
3631,3912
142,2848
2988,4926
2167,4929
3940,53
1951,2849
3925,4736
2161,1856
2673,320
3308,4742
1439,4817
3080,4904
727,1740
3491,4674
1133,4685
166,3880
2296,284
4269,4250
1767,4935
3474,283
3162,4770
3300,1837
4623,4747
1681,5016
3697,4931
1822,2864
4394,4790
3931,4762
766,1728
1134,4964
4554,4912
3038,4957
3557,2803
1977,1818
718,4634
4110,4884
3170,1848
1494,55
4380,4958
516,4691
297,4739
3538,283
4022,3877
599,5065
3910,3
4717,1831
1638,4781
1472,4904
2012,2803
3441,4264
3132,4671
755,4913
1337,2822
4621,50
3316,4787
2066,4671
214,2858
3682,1732
209,2789
372,4931
4028,4944
657,4733
2000,4957
959,4916
1791,4739
3686,4911
2539,5075
2563,4251
1153,4993
986,4978
1682,64
4360,4910
96,4687
3966,4910
2987,124
1609,2857
2301,4917
2124,4946
2254,2849
2016,2853
3250,5001
4165,4918
4008,2822
126,7
2418,1834
5057,2787
1481,2831
1538,2782
1444,113
226,4820
3058,4786
4191,2851
689,80
1605,4771
4721,2831
3215,4635
1585,1734
2724,4819
4976,2779
2469,53
4536,4876
4410,4909
4048,1735
2634,1727
3415,4997
568,1725
705,5004
3588,4978
4120,4858
1854,2781
1918,60
584,2803
736,4966
1150,4690
679,1832
412,4946
1617,5075
4417,4634
1591,2827
294,4801
1361,34
3831,4929
2708,4988
2697,2865
382,4894
1779,116
2653,2768
4701,4251
712,4962
2540,4251
2675,4720
19,4891
4439,4771
1362,3615
4350,4718
251,4818
845,4689
3991,117
1185,1843
3971,2844
3668,4750
341,5069
2486,4766
3059,3912
3042,4829
1945,2846
4136,66
1091,4886
526,80
229,4888
4469,2846
2344,2782
1626,5
2091,4760
762,2768
288,2857
3551,1856
4588,4264
4448,4987
1869,4919
4173,4674
4950,4817
3993,115
4899,4789
2191,1729
1583,1862
976,1849
2792,1734
4666,4788
643,67
5008,3615
4144,1834
1071,3
3271,1851
999,2832
480,5002
1108,2856
3933,1839
3208,4687
4546,1841
3782,2853
309,4249
819,2847
528,16
402,4941
1619,4936
4945,4993
4410,4732
1447,2809
1429,4991
4092,4635
3824,4249
3790,4727
3761,4947
3981,2658
2214,4861
4205,1838
3713,4909
591,4885
2578,4913
1807,4266
891,4778
809,4920
3771,2851
761,4695
580,113
4424,2825
417,115
1259,4884
3421,2839
2561,4903
2113,320
1337,4886
4543,4897
4054,4884
3952,4970
4083,2835
2896,2845
3818,4879
3491,2854
1630,2835
436,47
3409,4997
4483,4930
749,1817
723,4954
314,4781
3901,5073
3085,12
2641,2825
2524,4747
2504,3883
257,4955
3097,1818
3475,2808
1265,4972
1026,4994
4038,1841
1635,4762
927,3882
3379,4789
1363,5000
1552,4849
3948,4930
1113,1788
2898,66
2932,2818
1945,2810
2555,4777
985,4790
2049,4670
5062,69
1479,2787
3765,4250
1431,4784
3750,4678
2287,67
4863,4755
5059,1729
775,2776
3574,4850
1047,4992
1507,5075
4188,4953
373,4690
1926,2825
548,4998
1460,1827
1611,50
5048,5000
2836,4824
2254,2841
2062,1848
3141,4728
1468,4872
745,2826
833,2823
4335,4969
4898,133
86,2773
246,1748
1913,4848
803,3
2280,4962
992,2860
2050,4727
4086,3881
352,4970
2475,4635
756,4904
4333,2781
539,4670
3792,4947
3101,15
209,51
2479,55
450,319
4428,218
2299,4947
2411,4989
4298,4783
1767,115
3983,6
3654,2808
1278,132
1418,4681
1332,2864
5060,2826
722,2774
1385,66
1318,4779
1010,9
4263,4753
1338,4720
3555,4730
2529,2784
753,4817
1607,4917
2471,1850
599,4689
2584,4986
1480,1748
2359,1845
3491,4743
2273,3924
1143,2809
495,4994
995,4682
771,3880
3339,4885
3958,4729
3179,42
950,2658
3777,4792
3760,3913
129,1861
2870,4937
742,4916
1055,2774
4305,2764
4174,4675
4414,4761
2617,2826
4374,116
689,3877
1110,218
4407,1832
3223,3881
809,133
2357,4940
2495,42
3334,285
3285,1857
464,4862
3305,131
3254,1840
2183,4746
852,4676
3676,2841
2805,1848
4136,4911
1482,4831
35,4962
4595,5074
355,1837
1049,1837
4115,4687
2660,2796
911,4978
2423,58
2508,4988
2593,4770
3067,1851
2285,4749
2351,318
864,4743
3184,2849
1353,4772
1781,4780
3789,53
2226,2784
3307,5002
1705,320
5010,4674
2925,4686
965,4903
1659,5002
1955,2812
854,2845
1079,1836
4207,4773
425,1735
3499,4880
1980,4965
1452,4781
2612,4962
922,4768
1680,4936
2259,4858
3304,1727
4593,4770
1461,4932
4486,4728
18,4873
2073,4930
4046,3881
1550,4969
634,4754
1065,4916
3911,1729
3792,1827
3639,4951
4360,2823
1544,4902
4026,4916
1561,4773
4811,67
4032,3884
3857,4771
4839,2845
3115,5004
3612,4780
3202,2812
4243,2864
39,2829
2614,4944
4571,4755
4038,4876
140,1788
1181,1831
4268,4251
2074,4855
1640,4918
468,116
3186,4861
4045,4668
2802,4850
3081,4991
3979,4815
4649,4736
419,1849
803,5002
2723,1835
4074,4818
3462,4890
367,1808
3500,4936
3723,2823
4315,2810
2874,2776
3749,2827
3567,4803
4585,60
2072,4889
3013,1839
3960,1836
3454,1862
2897,4883
4469,4815
717,4248
615,2860
423,4877
4619,1728
1560,4963
1854,2833
543,116
1751,4248
1942,64
429,4908
4391,4896
568,4828
461,67
1959,2779
2611,4751
4381,3
4536,84
5034,319
1383,4910
2416,133
1049,49
616,4919
1397,1845
2904,1862
3649,4987
4623,5064
2497,5065
3917,4894
3638,2844
2246,4753
1207,4792
4642,4870
4495,1837
1766,4776
631,4907
4098,4769
183,3881
2747,4817
3496,2800
3422,4774
848,11
1435,2864
431,4968
1744,5077
2618,4817
3749,64
4351,4934
1367,4741
1236,2764
275,1737
1917,319
3636,4801
2083,40
3412,4989
3443,1836
2633,4689
2218,1729
2118,5019
1899,1849
3467,2796
2042,1836
1997,2796
1812,3884
2148,4937
3899,2785
1419,4894
1973,4694
829,3924
4630,4879
954,4267
1929,4913
226,3886
951,2841
88,4692
3173,3882
1341,4766
3089,4669
4833,64
513,1729
1136,1740
3094,4962
2180,2790
1408,4911
2056,2860
1210,4855
834,1835
923,3882
933,4738
2717,2803
545,5069
4504,4858
565,2787
4577,2853
2496,4932
4619,56
2260,3877
943,2857
1000,4677
2302,4941
3555,4997
3732,13
2121,4748
2323,1725
3827,4849
4058,2851
455,2832
4805,4731
1317,1730
2761,2841
2213,66
1624,2772
1242,4728
1268,2860
1482,4267
3321,5074
877,2820
814,2840
557,4998
3484,116
1358,2773
4699,133
2104,4919
4287,5002
238,4829
2761,4783
2434,2783
403,48
893,4862
3008,2808
1767,4921
1500,1729
3404,4906
2884,2818
3015,4939
4138,4694
2241,2816
3154,4801
2207,1835
107,4695
3109,52
5071,3880
3468,4733
2122,1856
796,3879
4925,4934
2951,2773
2508,2817
3318,4861
3328,2839
350,46
1530,320
1696,4785
4726,68
426,4693
4383,4781
3225,218
4960,4777
1299,4759
1086,4972
794,4788
2500,4818
178,4750
4334,4680
2271,2826
4268,4993
5042,4972
1088,4815
4598,4760
612,4741
4151,3883
3287,4683
785,320
4035,4765
1208,2860
4296,1734
4150,2785
1752,2857
2757,2825
3647,5063
3291,21
925,2849
899,1842
4569,4635
3237,4847
4130,4672
635,1846
3340,4771
766,12
3675,2764
4269,4848
311,4884
919,4693
756,4905
2576,2803
4009,2849
5060,5064
1993,4680
407,4957
222,3912
2535,4978
4393,4848
1480,1896
1062,2786
3987,66
2543,4264
4401,4890
2720,4957
1646,4861
4354,4861
508,4849
4061,2826
3787,4694
3257,4986
28,4916
1825,1737
1427,4896
2190,1844
3051,114
1073,4913
2730,1833
4508,4920
1898,4911
3213,4689
4185,2786
3141,2786
3118,4790
2430,47
4290,1855
2454,4882
1600,2800
2747,2820
4220,4731
1823,4738
4441,4930
4572,2829
2317,2825
2968,1727
2749,2822
696,4734
2540,2785
1104,4970
3469,4910
222,2845
980,5002
4458,283
3943,4764
111,4915
2025,4691
1204,4685
4084,4919
1540,4883
3685,4848
2288,4937
4354,2773
3995,2867
2570,4748
3192,46
2616,2851
3733,4938
3473,2809
4243,4918
1402,13
215,4749
852,46
155,1846
2701,4855
978,3884
1568,46
2092,3879
3031,2848
3210,4830
2308,4998
2530,4882
151,4764
2102,5075
2374,4692
3759,4253
4521,4971
1122,4921
3279,2841
2703,4860
3042,320
3313,4994
503,4858
330,4803
95,2813
3135,4654
3187,1851
1000,1855
3370,21
2868,5075
1001,4690
2220,3882
4945,4731
766,4818
3329,1816
1486,5066
690,2786
812,4877
1056,1831
123,4909
1096,40
393,49
39,5020
4384,4771
3610,4754
3440,2787
5067,4886
1452,2808
3962,4932
456,4849
2733,4799
1976,3882
3524,2826
1462,4909
4616,2816
664,4773
2028,4830
4299,5070
2019,4910
681,4762
1264,1834
698,1856
1994,4781
1026,4939
2106,4892
435,4879
607,4781
3576,11
856,4896
3411,2846
2897,2788
4416,5019
663,4860
427,3615
4665,4824
3895,4669
4558,1734
3495,4830
3186,1737
437,4267
3305,4741
2500,4906
927,4743
4757,1729
1252,4783
3065,4953
719,4778
159,1850
2400,1733
1269,4728
25,4683
3929,1841
4706,4914
1426,4952
3853,4720
1873,2786
405,4752
545,4896
2307,2833
3138,1861
5025,1855
3669,4915
3827,63
1444,115
3899,4914
2057,2787
1241,5016
3238,4800
2777,4947
3761,4917
2479,2788
1538,5019
2404,2845
1709,4739
1773,2799
3076,3505
3933,5077
1422,4961
148,124
1063,4689
2287,2789
2156,41
2590,4728
2357,1742
3421,2865
840,4684
1955,52
3584,4978
700,4739
1089,4900
4069,1838
3191,1748
3217,4771
707,4860
3038,42
4343,65
957,1732
1252,2772
3616,4872
2126,4267
2363,4791
352,4832
1936,4778
2100,2851
1934,2809
1556,4884
2485,4739
1138,4935
3286,4978
2141,2818
2492,4992
3241,2866
1476,4831
388,3615
2661,1847
357,4253
3726,55
473,4753
3077,2821
81,4736
1260,2841
3384,4250
2070,2857
2601,4816
2690,2818
917,4817
537,4789
1323,4914
1551,4986
1792,4732
3892,1837
2292,2840
2195,4848
4212,4693
303,2846
720,4968
590,4786
3747,4267
2681,1728
3860,2790
3376,2772
3098,4778
3104,2851
4091,4828
2307,4772
3305,4935
4928,2844
500,1808
4442,4929
3828,4962
326,1788
200,2848
1360,4919
2234,4991
71,284
2045,2820
3440,1733
703,4772
4567,4936
4614,4771
237,5074
1043,2787
648,4817
3437,4672
1995,4720
4210,4694
258,4916
538,2824
3795,4931
3405,2772
4070,5018
402,4939
2063,2779
2155,4734
3717,4784
4448,4793
921,69
4,1839
3282,4901
3053,1850
1108,117
705,4819
2285,4692
3904,5064
216,2772
2793,4686
2265,2820
675,4683
660,4764
766,3615
3856,4917
3843,2768
1772,1845
127,2795
4193,2774
3814,3912
1974,1837
4553,1857
2703,5066
2258,2833
4106,4890
3185,218
678,4251
1017,1832
1576,283
4548,4747
1219,4741
1439,4779
4091,218
482,4829
3087,1849
3641,4876
4262,21
1719,3924
1718,64
2103,1861
179,1737
3398,2844
1375,4908
4236,4990
2476,4720
750,131
957,1851
3504,4266
2389,1845
2321,1725
3844,4753
79,2858
1090,4782
432,4997
215,5002
2978,1896
1200,4829
248,2821
1311,4918
3235,80
3741,4953
552,4816
3131,3
4154,2840
1626,4910
2367,2825
4448,4889
315,1842
1288,2848
3832,2831
4143,4737
2872,2829
3151,4773
1404,1727
699,4961
4273,4892
3758,318
573,5000
3932,4765
1373,1832
629,4832
5035,4727
1376,3915
3328,1727
2195,42
4022,5002
2250,3914
2936,4753
2491,5016
1490,5070
2727,56
3125,4669
1115,2790
3489,3877
986,4682
1577,4718
4311,2783
2755,1728
2041,2853
4805,5069
3851,1728
1814,68
2775,4750
2132,4988
874,4730
2163,1837
1154,4696
2693,4931
3039,1861
503,4919
3689,4988
1073,65
3330,1728
950,4873
1568,4752
1058,1731
2105,3885
1292,4912
944,4819
3074,4782
3449,2844
2980,4957
386,1808
3978,4904
4846,113
4518,3912
1607,4774
2678,5
2561,4786
4924,4687
1950,3884
1819,1850
1001,4896
3814,4870
5072,1788
3296,4671
3465,4755
491,4940
2143,4789
2686,1734
3334,1860
211,4720
2252,2764
141,4901
3498,2841
2281,284
1755,70
2695,4787
149,4991
3167,4958
655,4720
3227,4765
857,68
1949,4979
3814,1734
2106,64
4044,1835
913,2839
1621,4907
710,283
3046,4911
2047,2848
4834,1851
2200,52
3176,3885
3816,4962
3570,1841
3380,1734
3107,6
2289,3885
1866,1725
1377,4896
3432,4901
4598,4682
738,4986
4006,4882
1510,2856
3812,4677
4343,2781
214,2799
3004,4905
4359,4793
3837,4683
3466,4818
3053,5075
5017,4776
2051,2865
4590,4930
3501,4768
1821,4689
682,5064
276,4889
4437,4250
2337,4816
3113,4963
4006,4687
3761,4872
2897,4934
2525,4253
2328,4679
3164,5020
2760,1734
513,2848
1550,4770
2797,41
2062,3912
136,4782
3488,218
875,4267
4391,4751
190,1832
647,4926
1001,4689
870,4989
4162,63
1116,4733
3990,5004
1065,4265
3631,5002
537,4877
1652,3914
4353,3878
1527,4250
3848,1788
3026,2858
1665,3
4098,1734
4059,4693
938,4679
3341,4654
807,50
1485,2822
140,4818
1198,1729
3711,2838
3652,2808
982,60
5079,4731
188,4249
3045,2856
2243,4613
3783,1730
3980,2767
4399,13
2540,2848
3075,55
3196,4791
2320,285
2420,4862
3635,15
576,2822
4967,3882
3892,4753
4125,4634
949,1843
1750,4803
2154,4830
1995,320
3961,46
2394,1732
2534,4749
924,4731
2780,4781
3101,4998
4198,4818
3867,1742
1669,16
4187,5074
2460,4695
88,4730
3994,4668
3120,4736
3809,2855
190,2867
817,4815
3520,2838
1986,5074
163,318
18,2835
3761,4857
2146,2818
1281,2858
4442,1862
3921,283
4564,4689
4494,2781
1370,2767
4231,46
3106,2845
2666,2820
3303,2843
1298,2843
2021,4941
609,4996
4563,4763
4244,4979
30,4921
674,4741
1454,66
3647,4894
615,66
1521,2767
451,4961
1563,4678
3725,4870
3527,1733
4724,4785
1871,4876
1096,2764
2445,4944
3571,2851
4452,4930
1945,1832
1072,4696
2151,4884
1444,4937
527,4791
277,1728
1609,47
1948,4988
57,4742
4457,4681
1423,2817
249,4897
2451,2765
939,56
2299,1731
1441,2658
3822,1842
978,4860
4044,4848
474,4911
2630,115
1133,1740
148,4780
3679,1832
2876,4991
3632,1833
3969,2798
992,3884
3598,2822
2174,1834
3762,4787
4356,2808
1191,61
2433,62
1019,4733
2360,4786
4307,4743
4236,4793
1310,4776
1916,4803
635,4685
125,4963
3334,4635
4893,4857
1906,2773
3576,40
82,4694
4533,4789
3398,2813
251,4917
1587,1850
3435,4896
1532,4251
4014,4695
440,4766
2386,4790
4386,4872
3845,4935
3889,4856
458,4878
1623,4687
3811,3878
1899,4911
1387,4978
5026,1735
2512,1808
4070,4872
2491,4878
402,4921
3324,4778
3717,4654
3226,3882
3586,4878
186,4691
5013,2808
4948,4674
3789,1733
4222,4907
3790,4730
3956,4966
2013,38
4340,1818
249,2846
3576,1841
782,4914
2629,1831
14,4824
2612,11
756,4934
148,1733
2198,1788
2761,4723
4637,4732
1384,4918
1168,5064
2596,4763
214,5070
4616,4862
3191,4750
4418,1846
442,4752
4309,4684
1133,4993
4354,4742
1050,4762
4205,67
544,2840
732,1833
1863,4915
3496,4979
995,285
1271,1836
3810,1838
1693,4901
4345,4873
2419,4907
2661,1834
1750,1850
602,2812
3331,8
337,2840
2870,2866
3787,4891
2117,4736
537,4752
4043,4894
877,3
4009,4693
5078,2833
4579,1729
707,4887
4184,15
2150,3
1913,2765
3776,63
940,4938
2095,2767
167,1742
2719,61
1007,2765
4515,1846
2125,4792
4825,5075
1318,63
2260,4769
23,2851
513,4892
3402,4968
1601,4731
1770,4946
1751,4777
3367,2835
3690,4681
259,4911
2477,4994
321,2841
1232,2845
3965,2773
820,2784
2456,4739
1588,4969
1755,2795
1017,5077
1000,4741
3355,4250
470,2840
2382,4784
2564,1733
1679,4803
328,21
3519,47
1478,4693
1709,4904
3155,2829
1382,4688
4115,4882
1457,7
1275,4877
2707,4684
3294,4848
404,40
1258,61
3808,4731
2271,1842
2535,4972
31,4947
2648,1851
3252,63
1984,4946
3446,4741
2948,4880
2971,4817
4479,2818
4976,4697
4592,4946
4125,2832
1107,4882
2363,4737
4180,5004
452,1862
4518,61
3341,4792
950,3913
681,2832
1250,4886
1009,4780
3706,1808
2599,2767
4875,4830
3392,1843
4079,2773
1756,5064
245,4670
1987,2856
3655,62
1432,1838
3336,4935
1586,4862
992,4968
2909,16
4038,4613
2797,2774
1401,2768
4179,2854
1122,2847
4625,4693
3326,5002
2460,4782
4392,2788
4462,3882
1040,4937
742,4907
3711,69
2296,1839
577,68
3305,4894
2256,4885
4170,4669
2057,1856
388,4751
5012,2849
725,4829
1576,2837
3290,3881
2945,4677
4560,2848
536,2658
3873,2825
1800,4860
2180,2857
324,1808
359,4689
1780,4815
2480,2822
1536,4768
2270,1827
3210,4783
316,4686
1517,5077
2218,3881
2361,3914
1623,5066
1275,4792
316,4669
3216,2787
3157,2851
4758,1831
0,4682
2185,4946
4222,4850
3798,320
3679,4682
3802,2779
3897,113
164,4680
277,4919
386,4830
4283,1734
3464,84
2954,4937
2331,4890
4293,1862
1035,40
4620,4953
199,4935
2597,115
2153,2864
3639,2767
4627,11
2584,4906
2539,132
3661,4792
3012,4786
979,4935
546,4734
1206,4634
4285,4939
1359,2844
31,2779
1876,5065
2403,4774
336,4953
3787,4946
5084,4889
621,4971
1437,7
1764,4742
1566,2832
3745,5063
1673,5074
1959,3883
568,2795
3412,4964
940,4739
3811,4889
1924,4914
4466,2789
2890,2854
3900,41
353,4776
2120,4818
1753,1845
2328,2795
327,4936
1673,4748
4506,4911
461,4994
1716,2818
4153,4965
2398,4267
4060,69
147,2783
4338,2829
1658,4788
3317,2816
4628,2837
3790,5074
2206,4674
2802,5075
4618,4635
2342,4781
714,1728
3685,1725
1549,3884
88,4872
3483,5016
3449,4786
4165,4914
2014,8
4826,2856
4295,4862
3765,2790
1053,1838
643,4890
1749,4946
3307,4941
4627,2854
938,3882
2513,4760
3302,4819
4289,4248
1477,132
4435,4786
1011,4774
3421,4778
1301,4958
3437,60
2806,4669
1396,4915
3015,2838
5055,64
1126,2768
2260,1837
512,4929
1336,4691
3944,4728
303,4694
4054,4876
4871,5002
5021,4890
2035,117
1113,4752
4053,116
2691,4790
4561,3914
4238,68
2448,2813
2333,5069
1259,1808
3965,4902
5046,2658
2631,4897
1672,2824
3920,2841
1955,5018
848,2808
1252,62
582,4718
696,4681
3405,4747
4540,4753
76,4878
365,4995
502,2865
612,1836
3193,4879
654,9
4078,5064
1939,2827
2482,2785
2756,2855
3741,4979
1765,4934
2679,4253
2072,56
4433,1849
436,4772
2936,4906
168,4750
1878,1818
3089,1726
2222,4896
1695,2809
1161,4635
1623,4671
2637,3
3420,4759
1109,1833
4072,4797
3224,65
3198,4979
2264,2817
1119,1748
2218,34
3408,4934
2050,4860
4132,5069
1120,5065
661,4690
3104,4957
2263,2835
2518,1839
700,4675
2427,1734
4417,4911
4893,2788
3997,4902
2390,2829
1976,2812
2761,4803
1309,1728
2945,2789
1941,11
4535,4932
3821,4996
4258,2826
907,4253
4476,1839
3844,21
820,64
3409,4763
227,68
1803,4902
1690,2841
810,4965
1750,4761
4942,4946
3923,5070
2679,2658
236,4677
4160,4689
2511,4861
4584,4989
3731,4684
4402,4786
3280,4903
71,4885
4974,2814
1311,4912
4657,1844
907,4790
1960,4670
677,4820
3491,1808
2940,4920
82,5066
1800,1742
4417,2764
4657,5002
2361,4754
1258,2860
1454,4998
3547,3885
3192,132
1222,4995
4865,1729
2148,4829
150,4793
1496,4680
2476,2816
3818,2823
3621,1740
1607,45
4381,1855
4070,4917
682,5074
1629,2849
2746,318
2733,2816
1909,4686
4221,4766
989,5016
4645,4737
2295,133
933,4997
1012,4994
1417,5064
4068,68
1400,4752
355,3924
2003,15
3848,4797
732,4686
2326,3879
3798,4860
1914,4781
3580,4889
1415,4674
1007,13
2915,4958
3130,3880
407,4815
4503,4882
764,133
4345,5066
536,4766
4667,3924
1694,3881
2450,5073
2383,1729
1339,3885
2169,4930
1298,4682
1620,4684
4601,4754
5044,4884
391,2765
2321,5077
3830,2845
1163,4754
2044,4691
2993,2856
4480,4955
2019,4919
3895,4916
5028,4908
3298,4761
2965,4934
4575,4931
676,4671
4322,3886
3252,4749
4137,218
4469,21
1939,4774
698,1818
1852,4777
3521,4772
3957,1808
4296,4849
4004,2783
3022,2839
3224,5066
1473,1
634,15
4263,2772
2234,4917
4630,1849
4307,5020
267,1832
501,4732
1886,4907
307,4911
894,5073
4342,5074
1759,2840
3227,2827
4031,4694
2512,5070
2792,4742
1041,4910
1877,2765
2623,1834
5048,4938
330,319
2780,5016
3933,285
3763,4678
315,4998
528,4886
3710,113
4342,1737
2627,60
3673,1856
3424,4779
2655,4697
4424,70
2339,1816
874,4907
446,4736
4444,4849
243,1808
941,47
3138,4971
824,2671
902,4930
168,2855
1314,4687
333,1855
221,4934
4352,1
3202,4264
619,4994
1388,4935
1021,4906
305,4862
4287,4760
1952,4735
632,4886
2753,2773
3741,63
4111,1835
3830,4690
2167,1728
1815,4896
2526,4889
1679,4250
4603,4797
27,4791
3943,2810
1146,1818
4141,4921
563,1818
4337,1
791,4994
3217,4693
3680,4896
4410,1838
5058,4993
1792,2768
1552,4992
911,114
4708,4766
3485,3877
3711,2785
3689,4250
270,1733
141,1731
3110,4906
759,53
328,4253
1876,4264
445,2841
5005,2816
1994,4776
3133,4860
3760,4682
796,80
1703,13
1715,4251
3597,70
2021,1742
3720,4904
3410,4914
146,4872
3259,3
3626,2818
3059,41
5052,4688
4304,4872
4571,3914
3236,4876
1755,4267
2870,4683
2746,4685
902,1850
3154,2765
2900,4889
3207,1
612,2853
1470,2825
4614,4693
3195,2823
2498,45
3808,6
281,1729
1165,1725
2874,2788
687,4773
1183,4832
619,4787
1621,56
229,4771
1982,4847
2940,49
3441,1788
1584,4906
5024,4249
592,4900
2531,3880
3795,4889
4016,4634
3000,2849
1179,4991
3984,4723
2089,4946
1952,4797
2422,4862
1469,1841
4452,1831
766,4992
1970,34
1107,2800
1007,4799
243,4770
2552,2839
3938,4738
2871,4891
337,49
582,2821
5012,48
3484,4613
2224,4901
1116,1832
31,1730
3859,4768
4348,4909
3621,2817
540,2796
3701,4882
2492,4797
2735,11
4432,4800
33,4675
2342,2855
1267,4903
561,2817
1133,4797
1976,4738
858,4753
3118,4738
2881,4737
75,4678
3343,4635
3443,4730
3852,4915
922,2832
3149,4916
2544,2765
1636,4958
4113,15
3682,16
4562,4918
991,5074
400,318
474,1731
4481,4847
478,11
4092,2671
2523,34
271,4727
1545,60
3815,50
1939,4687
1527,2798
2149,53
4709,4763
2009,47
1047,4987
2292,4751
3791,5
771,4772
2515,2812
1925,4849
4386,1729
668,4751
2636,1860
3587,1831
2498,49
2456,4777
4573,3878
2663,4718
2892,1857
2352,4682
356,2835
1933,4696
5040,2781
1979,4781
4087,2837
4234,4731
4239,4997
3442,4939
636,4998
1245,4880
2238,38
1053,1841
1196,4251
3638,4972
3700,4862
1000,4681
624,5077
2133,69
1893,2837
1525,4934
2602,2848
4372,132
1678,2826
2682,4777
3771,2854
2134,4873
597,4991
1133,4957
3524,1730
2136,117
3178,5065
3742,320
1605,2768
412,4892
4214,4910
2346,4687
123,1726
1829,2848
949,4792
3825,15
1777,1832
2273,4694
965,1862
2993,4989
270,4972
3899,3881
1375,4905
4163,4855
1775,3
380,1788
2425,4889
1327,5066
2550,4720
3365,4654
3361,1831
2734,1827
3631,12
2185,2811
559,4952
2135,4938
201,4265
1820,4936
4484,1850
1167,3878
3713,4264
1404,4782
4412,4697
3764,2862
2929,2799
2296,4872
4130,1729
880,4800
2523,2795
4221,4953
430,1737
2507,1862
2931,4754
4435,2866
1277,1843
634,1847
1771,4265
310,1742
647,1733
1636,4790
2651,40
1088,4803
885,4755
3311,4908
1981,38
237,1847
239,2841
4138,2765
2499,1748
4067,3915
2793,4988
3893,4963
1720,4952
4196,4990
2568,4986
1749,1728
760,2854
4615,4966
1244,4905
1888,4749
4548,283
1784,4889
3586,4739
77,4861
3614,62
1344,4885
1026,50
3856,4884
3978,1728
5078,4801
2775,4728
2685,4858
814,4253
4007,4674
3825,4785
597,4883
3243,4753
1232,5065
745,21
1522,4911
3061,4791
3020,1817
2028,2822
1093,5016
631,5065
570,4768
2085,56
2355,4697
782,4654
4557,1835
3360,4897
4582,4910
426,1831
3707,4850
1039,2827
4457,4752
973,5063
3606,4774
3041,3924
2279,84
2397,5073
2708,3884
691,2854
1580,64
1228,283
3844,4690
922,5018
2688,4781
943,4799
983,4962
3242,2843
2535,319
4636,7
104,4815
1158,133
3551,4267
3518,2764
380,4996
4113,70
111,4697
4516,133
4447,2803
1341,4894
4208,3880
4327,4781
1528,2767
2153,5066
3727,4718
3547,1833
4464,3885
2368,4674
4095,4956
3064,2803
2601,2856
412,2857
1273,5018
4538,5063
3231,5
3461,4723
1342,4913
1485,1834
3838,56
4503,2841
4617,2811
976,4873
551,1849
3096,2794
254,38
990,1862
1347,2799
2916,7
1049,1840
3116,4673
1667,4911
4504,4743
43,4992
1366,4265
1129,3883
2416,4936
3961,4934
1872,4989
2975,2776
5068,3505
1999,1861
2376,4762
3123,2846
2665,4801
3382,2829
4304,41
4428,4755
1336,4793
2345,3914
3623,62
3675,4907
3523,4678
812,4873
390,4816
546,4762
515,4918
537,4882
3764,4799
5027,4779
2525,54
3825,2787
2726,4855
893,4770
140,4990
4098,1733
4496,1837
3903,1788
4527,84
4229,4849
930,2826
2122,1845
1807,4818
3222,5066
5022,4748
3212,4783
3739,65
2423,4266
1970,2671
3093,4695
4949,3880
3776,5063
2632,1725
1528,2795
4649,4952
5050,4857
3098,4946
4488,4781
1371,2843
1688,283
1494,4688
3377,2774
3351,2822
2717,5018
668,4998
330,2858
1562,4951
3137,2811
3214,4941
3749,4856
1958,53
3112,4936
3993,4801
3480,4908
1356,4919
2736,1848
3544,4990
2511,4987
4279,2853
1130,2855
2698,16
3567,38
1392,218
2509,1726
891,5065
2618,2798
5013,2785
3255,4989
1619,1838
499,1861
630,4764
2058,4832
2804,2796
4215,2799
3020,4720
614,12
1378,4677
4115,1857
4805,4994
1288,4773
1185,2818
207,4763
4230,5077
694,7
4591,4965
2095,58
1824,4917
459,4907
2441,4788
4418,4828
4082,4824
1240,2768
4854,4676
1048,1862
2607,4885
1465,6
4648,4692
3547,4877
789,2832
1233,4891
3361,4766
793,1842
1963,4681
4379,4966
2363,4870
3023,4970
1346,4685
4540,84
1312,5002
1136,4686
1661,1860
3482,4857
2723,2786
421,2795
660,2817
3966,1725
900,1808
2517,2822
2259,2827
4108,1730
377,1808
2566,4850
2489,4670
1548,4910
5024,4858
167,4737
4200,4930
1075,319
2095,4926
3849,1896
4425,4790
1052,21
2430,4988
1579,4695
4411,60
3767,4679
2990,2845
234,4938
3070,1827
1302,4908
2461,9
1867,9
2183,4792
5081,4761
3089,4801
898,4670
3419,5073
3975,4778
633,117
1208,2837
4274,4778
1663,3880
636,4880
659,2808
3522,4736
4206,2849
1400,5016
4653,114
1313,1842
4311,4730
1317,1818
1628,4685
3722,4886
951,2776
4050,4747
2332,56
2815,1835
742,1735
2521,113
2387,2820
3272,2794
4286,1832
2980,4848
1775,4991
4315,68
3371,2798
919,4684
1549,2773
4494,4765
3176,2862
585,5069
3781,4816
154,2838
960,4786
3049,4969
2155,4897
3533,5074
4050,2847
1174,4993
3854,319
4794,1788
4401,4930
3589,4762
1439,4759
756,2867
642,2821
1161,2867
2493,4764
2819,3
4565,4768
1756,4720
3580,2832
4155,4947
1216,4912
1966,4634
2573,5065
2770,1726
1515,4947
4154,4249
1924,3878
1684,67
1153,2809
194,4682
2842,4877
924,4760
2286,4819
4523,4991
1685,2812
1427,2788
1421,2821
246,2789
2515,4856
801,2849
4182,4739
264,4930
851,4742
1330,4761
1905,4903
3748,15
4840,2784
3537,3924
527,2812
2364,4930
2266,3877
2661,4820
2404,4675
363,53
4407,4934
2336,4776
2736,13
3264,4956
3558,2862
2145,4693
2522,3886
1968,4773
3944,2765
4348,3881
3169,5073
3741,4727
3106,4613
3979,51
1261,4918
2276,60
3130,55
1895,4952
1752,4634
999,2866
4400,1729
3921,4920
507,5000
2179,5018
2633,1862
1240,5001
4844,2814
1376,4989
2086,4783
5021,4764
4292,4892
4136,3885
596,4803
1257,4879
4851,4730
925,4970
2530,116
1655,2818
3215,1
2459,48
4619,4961
4532,2803
2081,3914
3153,3879
2439,5016
3301,2831
3859,131
269,4776
3204,1816
3674,4902
3821,5077
136,4963
1025,4803
4376,5073
3256,283
3754,4686
2751,3924
4379,3615
4834,4907
227,21
1971,2849
2395,4887
3959,2858
2367,4878
2639,53
2362,67
2052,4886
4351,66
957,4997
871,4750
1854,4820
2588,4887
2396,1737
2896,1845
1097,4766
1312,131
3866,2790
2340,3924
3008,4738
2742,64
4153,2795
2797,4675
179,2799
4304,1728
83,4886
433,4987
178,4670
3966,114
1374,4792
4224,2773
4641,1840
2298,4733
3301,4762
648,4732
1924,319
4335,4890
382,2860
2374,4681
1887,4747
1377,4727
1097,1839
4151,284
557,4613
3902,1896
59,2768
1353,4829
565,2854
5046,1855
1477,3912
632,4777
1590,4729
2723,4249
1211,4952
593,1725
238,5069
321,4682
2640,4792
3728,2765
2090,4956
4719,47
3317,4754
2419,4264
2509,4886
2047,284
4721,4778
2207,4654
222,3881
4357,4760
1980,4963
571,4880
476,4692
3061,4746
2112,4735
1301,113
3922,5066
909,4907
3869,4849
2303,3879
1693,5064
2562,2837
3185,4670
4141,4936
3230,4819
1172,113
633,4905
334,4680
2960,4972
4298,4926
5014,4696
1789,8
345,1817
1338,1788
1261,2779
1005,1861
4066,58
1380,4746
98,4742
2011,4635
150,3885
1203,4678
1994,4935
1960,4939
2757,45
1336,2820
3135,2796
2604,4920
3361,5075
3542,4882
3241,4920
1688,4693
760,1834
1948,2803
1135,4848
1546,3615
414,4902
4375,4926
1859,5069
1402,4768
2473,1827
3819,60
1266,4816
1765,4911
752,13
4532,4251
3094,4734
4572,4952
1365,53
3387,2773
4719,2784
4589,4903
2926,4917
1705,4932
806,4748
2662,4954
2182,4910
3561,2779
3117,4697
3595,5065
4608,4267
1917,4919
2474,64
1914,48
753,2811
1930,4872
2953,4718
138,3883
2521,1727
254,67
2545,2817
139,1847
3725,4785
1566,4991
1803,4251
4174,131
2640,46
1361,1742
3358,3878
4985,2826
1353,34
3769,4678
5034,1843
243,4772
3147,4797
557,4858
5038,4750
4401,4731
3414,4800
3208,1818
442,1818
198,2783
2046,2781
4051,1861
3408,1857
2282,4673
1372,4672
