292,4765
277,4793
1164,4993
1894,60
1228,4723
2578,1840
4087,2787
2017,2803
2570,4654
4722,2867
3750,4877
277,2822
2551,4998
1480,4784
2173,4634
4166,1840
1012,283
2718,70
566,4675
4610,48
4560,3878
3024,4971
458,4971
325,4739
3848,55
1876,4729
4118,283
1331,3879
2560,5016
1359,319
2538,4972
4538,4799
3483,2832
3177,2795
953,5070
640,4720
1943,2785
3983,4910
316,4748
1609,4755
4960,2786
1476,4971
3563,2823
2194,4877
2677,2810
982,2811
1568,4910
3026,4773
517,4972
3393,5018
160,114
1774,4955
22,2820
4064,4870
3063,58
2369,42
2178,4783
164,4799
4054,4800
640,2839
2473,4684
2703,2833
1393,69
1137,1861
172,4929
621,4718
2197,2838
217,4696
2103,4765
3587,1
3189,2813
3393,4772
2125,2841
725,8
901,4953
836,13
4413,1817
2415,1742
2147,218
251,5065
1797,4904
1075,318
1379,4962
791,4816
3142,4264
4533,2838
4148,4693
4451,1729
1410,4919
4174,4908
778,21
1031,4778
791,4929
1127,4267
2371,4689
280,2847
3332,4906
5022,2849
1092,124
4078,319
5041,2790
4408,1831
4802,4681
754,4687
298,4947
3130,5065
645,3924
1208,4749
4067,4956
2485,4752
3556,4738
1759,2787
1931,4934
4411,285
4168,2808
777,2811
3145,2817
1018,4820
3760,4265
3411,4634
3677,4939
1317,1817
2756,4919
3732,4732
759,1836
3242,4957
4190,1848
953,4937
3433,4935
3482,4697
2351,2765
3609,4799
4648,4961
3767,2774
3294,5001
682,13
4557,4677
189,11
2587,4816
77,4776
3823,4265
1325,4680
3774,5074
4342,1834
3315,4789
1899,1837
4542,2796
518,1732
606,4783
3363,4938
2405,4876
3204,2671
720,2816
2641,4780
3602,4671
3329,1834
5006,5001
374,2837
3753,5018
3296,4955
1227,4753
5080,285
2931,4742
2974,46
3439,318
1101,283
4171,2848
2136,4686
816,4672
2010,4862
1967,1742
4875,4697
411,1833
4064,61
2508,4675
1471,4828
2498,2768
440,49
3251,7
1119,4773
1128,4787
1610,2862
3146,4788
3936,5001
1388,4682
4585,2776
3996,4691
4236,1896
106,2783
3522,4755
1530,4954
2635,2821
2462,2851
1529,1735
4099,5000
2269,4673
4445,4886
3537,2764
4404,4987
2269,4850
4895,4932
261,4749
4139,131
712,1834
2345,61
2959,4829
2690,5004
4357,4896
1984,4905
1692,4634
3193,4904
3576,4918
2040,4693
3710,4935
5084,1849
3455,2849
266,4779
4699,3924
3570,4687
4132,49
2474,4729
1769,4732
3589,1848
897,284
749,5077
2325,4952
4642,5063
862,4929
4399,4824
2042,4635
4365,4888
945,2844
1073,2794
3948,3884
1642,115
3229,2858
4140,5075
217,5063
4455,1842
1267,4962
3183,1725
573,4995
723,2772
4586,2812
714,3883
1041,9
4528,4771
2514,4635
4026,4873
413,4940
290,4770
1210,3879
2882,4910
3344,3505
1096,4889
327,67
1684,4972
2524,4752
2680,4613
3981,4773
1683,2798
3260,3913
3518,145
2409,4912
1613,4797
3053,4765
956,3886
2676,4882
4715,2767
3939,2843
970,4764
2546,4970
1146,4783
24,4862
2459,4897
2742,2839
1905,4935
764,4957
2535,4891
1707,4963
603,2854
2903,2816
3422,2800
1152,2794
4570,4679
727,4934
229,4951
3728,51
3709,4913
2469,4265
4151,1861
1476,2867
2578,4654
2282,4761
5072,4764
2432,4816
4337,1846
4070,4856
1445,2779
1924,2808
4333,4789
3967,2858
1277,4741
3838,12
2348,1729
3057,4988
2336,1817
878,5075
1023,4932
1507,4951
1435,5004
1496,2821
2651,2764
5039,4926
889,4909
1102,2773
943,1733
2896,4856
274,4692
1055,4860
4610,4253
1000,4855
543,4873
2321,5066
2013,4937
895,5070
2541,4911
4000,4877
2197,4738
2485,3912
1276,9
3118,4792
390,320
3935,218
2314,4782
1701,56
1345,4904
2906,9
934,4675
2174,4755
2894,2818
1633,4958
824,4682
1215,1834
1338,1851
2937,2808
1134,4786
4282,4681
4481,4772
4504,4697
1596,2772
809,4862
590,4847
1132,2827
1048,1740
1551,4654
2611,4778
2208,4680
451,4792
3136,4800
803,4793
330,4906
721,4765
4020,4671
2886,3882
1864,4693
2778,4937
4646,4734
3404,4613
3186,4816
3360,11
2140,4820
322,4931
4636,4878
2036,4742
269,4936
500,1732
4414,1
4207,4877
1332,4697
4458,2827
1824,47
2089,2799
4416,4947
639,2862
4143,4768
1108,4797
4403,4687
352,2832
3468,2846
2601,5074
39,60
2013,2864
2995,318
4005,5002
3921,2790
1532,4939
4278,4909
1279,4964
1721,4888
323,4897
629,55
3969,68
4233,4919
937,4848
3977,2795
3303,4965
4482,3885
4863,4249
248,4790
2694,145
4015,115
1057,1857
4602,114
296,1838
3039,4861
4473,4849
4470,5069
4129,4695
4806,4971
4131,4951
1201,4768
4710,42
1055,4723
448,2835
2337,4932
556,4909
4658,2855
985,4954
3932,5020
414,4266
3860,9
2971,2867
4431,5074
3070,51
832,1733
5045,4690
5007,4879
2534,4613
5026,4772
462,4790
2185,1857
1520,4900
189,51
4649,21
1315,65
3307,4995
2132,4765
2151,4766
3259,4913
673,4902
3683,4787
4191,4962
3298,4889
1865,51
4489,4953
2916,4267
1276,4734
1322,132
727,4970
4603,2837
1744,4670
1167,284
3188,7
3741,1847
1830,4748
3670,1729
3297,4670
2863,47
3222,4735
2933,4687
3221,47
1347,4749
2279,3884
3248,67
2279,4998
3314,5019
1281,4676
2913,5074
456,3913
2046,319
95,4729
4241,2810
4191,52
1853,47
1277,4634
1175,7
477,2810
323,4911
325,4671
1689,4766
3680,53
4445,2867
2743,3883
2664,4672
3237,4910
2346,21
4467,4877
4805,4988
2350,4886
2297,5002
1789,4913
1681,3912
2424,4862
2932,1849
442,55
749,2768
445,2838
2312,5065
222,4668
3203,4848
1688,4694
3343,48
3837,2821
2340,4830
2184,1818
3413,4654
392,1849
4409,80
1707,1841
2630,4779
1074,2798
525,4911
1481,4681
288,4748
3449,4986
1720,1816
1483,2772
2792,5063
3399,4764
178,1855
2186,4800
849,2800
2877,2779
3553,4831
3370,2782
1711,4695
1446,2781
3287,4907
487,6
1515,2857
872,4917
2635,4733
2071,41
3448,2808
3629,5063
4451,4870
2769,4908
603,124
4513,4801
2715,1856
2078,4763
3366,4818
488,4685
453,4940
1303,4776
155,2867
2043,4883
1944,2821
2178,1844
1992,2772
566,2767
2924,4670
865,60
3406,4686
1444,2772
4161,4894
355,2776
514,115
2906,4788
3053,4931
1215,51
1723,4761
2509,4678
1630,60
4467,2658
239,4683
4206,5070
2889,4915
2184,69
804,4768
4453,2851
1854,4993
1218,4873
296,4780
3587,4896
3759,131
4844,4891
1160,1845
2390,4677
678,2846
3685,4910
3243,4669
1872,4955
1354,4882
3157,4682
4698,4848
316,4940
1874,2774
1356,4673
4034,4979
110,4670
3448,4785
868,4718
1864,4735
3475,2853
2759,4772
4534,2768
1292,1726
3445,4907
3081,4754
2338,2789
3925,4780
2547,4929
2926,3912
3983,4250
2202,5074
4604,4901
2573,4801
3935,4902
120,5064
4338,4738
828,80
4725,4918
4622,2788
2987,4733
3536,2817
2153,2832
558,5018
1428,9
192,4778
4329,4752
1583,1833
4631,4780
3750,48
428,1845
611,4876
1574,3912
3640,4882
2204,4752
3955,4880
3141,2835
1981,4919
2365,4995
2674,1896
2735,2853
2518,4672
769,1748
2235,2784
589,4962
3617,4921
1107,4765
4804,4773
1878,4684
2882,4968
2443,4739
891,4903
1029,2799
786,4787
3462,4792
2382,2784
1979,4990
550,4731
4068,2808
901,4919
4509,4954
1556,3886
2793,4678
832,4988
3965,1734
1337,284
401,8
4029,4680
3339,2856
1720,1861
1761,47
2241,4904
1242,2853
330,1
4510,2814
2157,4681
294,1850
3450,2854
4181,4787
3727,5073
1108,4887
2097,4947
4210,1836
1673,116
4207,4820
3340,4978
538,4772
3237,2773
4292,2837
3162,2864
2480,4819
924,4986
1806,2839
3721,4940
1338,4690
307,4968
607,4264
2662,4935
4155,53
59,4856
244,4994
102,2817
4642,2829
1819,4939
4070,4877
2697,5074
3179,4818
1972,3886
2404,4894
2253,1846
4869,4746
1607,218
2696,4748
3521,4919
4178,4920
4110,4955
2815,2796
2235,42
3742,1727
4869,4635
1181,67
3438,1832
4120,41
4407,2835
749,65
3485,1735
2099,5001
2904,3912
5026,4733
2121,4789
884,66
3149,1840
2287,2849
4491,4759
761,3924
4154,4848
3422,4932
995,2810
4378,1808
4483,4750
1248,2816
3966,4768
1180,4683
4615,218
4922,2839
1975,4957
3735,4776
1586,132
2092,38
4845,2853
2533,116
1782,4914
3747,4819
1106,5065
2998,6
1907,320
3044,4694
1536,4264
4495,4816
1605,2781
3448,117
1154,4752
4037,2847
2232,4957
2876,4683
1637,4880
2753,5018
3371,2847
3274,4879
2024,2857
968,4764
804,4248
4098,1816
2482,1832
2035,2817
1805,4693
3806,4678
4493,2839
708,4678
2891,4990
4841,2772
3544,60
4018,2809
3643,114
613,2789
2068,1728
663,4963
2614,2866
791,2816
889,4993
3287,2831
663,283
2455,1848
3772,1733
3731,4978
4463,1730
4497,4743
3936,4729
3763,16
410,4797
2815,5070
1507,2814
3381,3
3576,4697
1117,2849
488,3912
4218,4990
2258,4892
645,4896
4054,1834
4244,4753
2464,4738
5051,4733
3413,2798
1708,4770
1721,49
1756,2800
2590,4782
2321,1856
2241,4763
946,5073
2007,2825
3026,7
646,4849
4351,4673
2942,4769
1314,4966
1660,145
4192,4890
123,5019
2328,2855
2067,4797
501,60
1000,3615
1627,4941
4091,113
4028,4769
2615,4672
3224,4961
1257,133
3025,4751
1172,218
3083,1861
4975,2854
4147,4729
2174,2768
3355,69
4641,1834
2780,4903
2422,2858
893,4986
2673,4785
656,42
1878,5016
3311,4766
2120,4266
4400,55
186,3881
1077,5064
1454,12
1635,5074
3729,4972
4092,4800
2120,2811
1130,4829
5007,4997
4433,49
899,1851
5044,2765
3580,68
4056,4955
766,55
4186,4668
1237,5064
3722,115
4295,4691
2118,4953
4342,132
2343,2832
3324,65
3798,2824
1106,4747
228,2814
2961,2821
905,4731
4287,8
5015,4785
1542,4769
3738,1846
1123,4820
2398,4919
4805,4696
1315,53
3430,4670
1137,21
2395,42
3146,4885
2301,4675
4028,4800
3553,4768
3445,4978
542,1836
1247,1725
1717,5077
4257,4887
2056,1729
3521,45
3195,50
502,4817
1228,2782
179,2787
1403,4904
3510,4769
4222,2808
4320,4929
2705,2845
4626,4696
3680,4888
2580,1857
4084,4733
3111,4947
3421,4897
3243,2862
3022,4789
932,4885
597,1836
3596,1788
1016,2773
3293,3877
1243,2838
4238,3915
1621,1817
1457,2824
100,5002
5024,117
349,285
1099,4670
4365,131
860,4695
1233,4961
4580,4750
305,4727
1134,1847
3742,4760
4560,4690
1379,4686
1225,3885
2944,2816
1600,53
57,1727
3970,5074
1753,2821
675,5002
397,4954
37,4820
3496,3912
849,4694
1697,4902
1419,5070
834,4847
2881,1834
2253,1727
458,3
1974,4991
253,4731
20,2800
212,1818
734,4769
3492,284
3197,4883
162,117
4369,4939
4827,2790
2501,4889
4871,4894
2345,2795
2747,5073
1888,2826
420,4920
5083,4905
1111,4889
2724,4253
3845,4873
168,3
1633,4771
1337,4932
3853,4963
18,4879
823,4892
3633,2816
2030,1726
4353,3886
1142,4730
1347,4766
1367,4884
561,4824
3161,65
1668,4963
1099,5070
202,2848
3201,64
4118,3615
3723,2835
1878,4917
576,4956
259,4248
3664,3878
904,4803
2038,3884
2962,4920
3154,4750
3867,2764
3718,2658
2943,2840
81,4771
921,2772
551,49
1041,4684
2267,4969
1377,2814
969,4729
1045,4696
4030,4882
3448,4937
2382,4753
244,4248
4552,4790
973,2820
4977,4861
5042,283
1671,283
3063,66
418,4877
3050,53
2316,1841
4361,4785
4325,4800
3728,4762
337,2810
4331,4751
4048,218
3033,4931
900,2785
2202,2796
857,47
844,2849
2728,2818
541,285
2504,2658
2050,4691
2935,4267
3132,1726
866,4734
3498,70
1115,4746
3139,4957
673,1834
2072,4801
2529,4672
3828,1842
1946,5063
3627,47
592,1862
1221,4996
1015,4947
598,4695
494,80
943,4888
4809,1839
4213,4694
1004,4954
515,4778
2482,4995
4051,4903
3454,116
4005,1808
625,2855
3332,80
2931,1733
3366,2658
4109,2866
3293,4738
1165,4989
3825,2839
1389,4681
1159,2845
1058,132
3889,4772
2378,2658
2436,4736
2308,4957
59,4801
1083,1729
3217,4681
4187,4856
3152,4829
3835,2796
2325,4862
2896,4694
87,2773
4584,4861
5051,68
1490,4988
118,1842
980,2853
2357,4728
2321,4900
468,4955
1998,3914
737,4953
3898,1857
1158,4989
1530,4896
4960,4908
910,4987
3153,4770
394,5077
287,4888
2343,4991
2622,4848
4794,145
2203,4674
2157,84
23,4935
2392,2858
373,5075
560,3505
2541,4771
1921,1850
1230,4964
3758,4958
4307,4849
208,4929
4716,2847
4597,63
2409,4267
799,4728
2639,1831
4308,70
451,4870
4496,5019
1651,4685
1174,4991
4545,4993
2126,4797
1794,113
2704,2822
4659,1843
1001,4788
441,2833
2168,3505
1271,11
4837,5063
1545,4931
4434,3886
1710,4876
120,4940
526,4692
2725,4961
4591,4944
3458,1735
2662,5065
438,4857
20,5004
1642,4689
2081,4941
5061,51
3155,4847
4594,4733
2708,2825
1005,319
852,4849
1665,4958
4487,41
817,4946
1686,4788
3875,47
2648,8
3355,5077
651,1855
2043,4882
3324,4764
2240,2764
2991,2813
2212,4857
2494,5
3124,1896
2662,2829
4058,4889
1470,4781
975,4987
4588,4847
1369,4267
2063,5016
146,2786
4924,4957
2455,4963
2598,1730
1532,4686
2934,1896
3357,67
822,4970
4745,4729
305,2820
1106,4800
1911,4819
536,4894
1046,13
1342,1838
2116,58
2307,4799
427,1729
3684,2773
1927,285
1900,4764
333,1
597,58
3410,1839
1972,2786
1751,4892
814,2820
120,4954
1623,2839
2561,5074
20,61
222,145
1795,4777
1191,4880
1872,4730
2212,2851
4089,2837
826,5069
3234,4686
728,54
903,4887
768,55
4130,5073
2332,4998
441,2813
781,4780
3581,2855
3250,4686
3796,2814
1642,5074
3986,4848
4042,4952
204,16
1494,2787
2028,2671
1696,4955
1955,4771
1901,4749
393,4687
1947,4938
2620,1857
2515,4995
3381,4816
3163,4741
315,4901
5045,3505
296,4989
146,2772
3667,4830
1030,2832
2902,3
2745,2800
2129,4755
4043,4968
3742,41
2276,2820
3514,2790
236,54
282,4249
3898,4729
4724,4749
2613,4781
1781,4762
346,4791
4417,4944
4031,1840
1366,2768
3808,4679
2402,1847
4327,2867
1664,4678
2870,4873
2345,80
1794,4749
4105,4691
3603,4830
3240,4855
4049,4765
234,4902
2009,51
552,4746
1179,4749
4292,4730
1530,1834
2068,41
4205,4264
1351,4668
3942,4815
4491,4900
5067,4936
329,40
2624,1816
3905,4849
4180,3915
1450,4693
2429,2839
514,2787
3799,4718
3414,4902
2293,4870
4255,4926
3166,4850
2032,4850
4585,2796
5057,1727
3171,4760
2863,1846
475,2817
4354,2857
4308,4728
3395,4877
485,3878
645,4780
1538,2824
5045,4855
1721,1860
1227,4897
3225,4891
82,50
4469,4779
4794,1837
3566,3912
259,2840
3612,4766
162,4882
1121,4759
2587,4818
3415,4930
3397,4915
4246,1843
4652,56
463,4264
2177,4971
472,3914
784,3884
548,2781
721,4677
1687,1726
4452,4765
2994,4675
2396,318
539,2798
19,1725
4706,4799
2526,3
2277,2865
2109,41
3513,4696
987,4947
123,2823
2029,49
5061,4762
1663,4994
4354,1839
1247,116
3799,1837
1622,64
1541,4861
550,2862
2313,1831
3657,3884
3982,4752
3593,52
1967,4692
3167,2803
2357,54
2053,1837
4564,3915
3684,4635
2682,63
3235,1855
714,4789
4243,4741
2969,4769
3945,4996
1793,7
4021,4785
3261,15
683,4793
869,2839
1476,4779
1358,1835
2884,2826
1550,63
3317,4891
1617,4935
1904,3
147,4250
2368,4909
4124,4860
3241,2839
4277,4265
4066,4918
672,4970
2009,4989
32,1728
1182,2773
1506,3912
490,4678
3058,4718
3801,2822
845,4763
340,3882
2888,2803
1570,2658
2777,4994
3771,4776
3054,4738
4237,53
3517,4944
4839,4820
2371,1730
1410,2781
4436,4249
2705,2790
462,4857
1954,4693
339,4996
3253,2781
1405,4917
2576,2813
555,2848
90,4264
202,2776
1110,68
1171,2796
2019,4860
3494,1817
1449,4830
5041,4940
86,3880
4666,5004
2030,4669
2300,4965
1021,4689
4414,2764
2444,4917
2086,2827
2054,4971
1298,69
3080,4872
2241,284
2431,2773
2243,1860
310,1730
4167,5077
4055,2812
4444,3
3534,2765
228,2829
973,5073
2097,4696
486,1817
3386,41
1802,4793
3349,4683
4010,4727
2520,4908
2056,4729
4659,4991
1400,4936
3975,64
4722,3884
3489,145
2349,48
1101,4891
652,63
2664,4743
3343,4681
2797,2782
4076,2812
2592,284
1394,4832
1979,1839
4645,4748
2229,1847
2569,60
5083,2765
2678,1742
2108,2818
1065,4753
435,4909
4445,132
4610,4772
3808,4738
1575,4803
4258,2781
3377,3878
3704,4850
1754,58
262,60
3193,4920
1743,2816
2326,4911
3311,2847
2221,4901
3976,1726
933,15
1061,4918
88,2784
3574,4778
1437,4764
106,1733
4113,4872
232,4940
2726,4732
505,4824
3848,4992
2142,4727
502,1733
844,4754
3432,4926
2954,4910
3050,1848
2318,2816
1265,1849
4611,4733
1585,1818
4583,3883
1771,4251
3889,1851
3993,1725
1408,2811
4107,4817
3891,4828
4333,2840
4115,2823
2470,1728
5024,7
555,54
340,4733
2952,3881
2510,1729
1566,4997
2390,61
4509,4686
3360,4265
5045,4780
3992,2773
399,1841
3044,42
4137,2831
1277,318
898,4917
919,4765
2151,1862
4144,4995
1905,2849
4154,4677
3242,4251
2319,4680
86,2812
4432,2840
4502,2858
1341,4890
2530,4730
3644,2808
900,2812
2243,4940
1994,4785
3405,4686
2323,4858
3137,4880
139,1788
3939,2827
3467,4694
2454,4997
187,4912
4928,2860
1325,4764
261,4847
3955,1838
4121,1728
4658,1727
4604,1735
3443,4266
2040,2794
3004,4691
3960,2847
5055,4764
570,4815
727,318
2033,115
2707,3881
4051,2866
1419,4958
4293,2855
3813,4781
3697,1844
1815,4905
1687,4692
1117,4800
4838,4889
2749,4727
1555,2838
1199,4723
708,2783
2062,2825
1076,4785
57,9
2059,2835
1080,5066
2948,2858
1013,116
4982,4921
3248,4773
837,4905
1491,4679
1224,3883
1717,4951
3661,4911
685,4890
4307,1742
939,4764
1285,1742
1108,4799
5028,4763
4220,1857
3633,4889
2090,4634
3297,2858
2289,2829
2691,2781
1116,3884
3492,2772
3766,4672
298,4905
456,4732
4812,5077
2471,1827
187,4860
2656,4890
3389,4990
1432,4998
2252,4748
5072,4921
2656,5001
2403,1850
3852,4886
419,4920
4388,2857
708,2825
4108,2816
2057,2767
4515,4759
3302,2849
527,4885
3552,4909
1921,1839
785,1849
4721,4685
4262,4741
4213,4915
3978,3877
1884,1860
2398,4993
4408,285
811,4862
576,4847
4041,4783
4307,4691
353,4752
2390,4782
1115,4749
2304,4267
14,4762
3464,4883
2296,4918
168,4635
558,4770
3666,2782
278,4672
3347,4670
4263,54
3111,4739
3281,4828
3572,4931
3135,2862
4295,2855
2132,4733
3293,4737
337,4824
4257,1788
3614,4883
2802,4936
2013,2799
2970,4691
1178,4876
4209,113
4527,4817
268,3881
1921,2773
4515,2786
1293,2774
3088,2794
3270,284
3797,4892
3888,5064
4200,4265
4032,3505
1354,21
4104,114
2076,1849
1692,5016
3522,4774
5059,4857
4086,13
551,38
4980,4670
4154,49
4386,2671
3917,4831
3894,2783
3103,1856
3084,1846
1096,4901
4925,4998
3902,4769
714,4926
1193,4891
1602,4668
1470,4994
4573,1834
870,4789
4219,2832
1524,42
3221,5001
410,4965
1266,4732
3926,4747
2217,4914
159,2773
2130,4267
836,4860
3034,4820
2557,4819
2314,80
1783,4765
873,41
4270,4952
1200,4764
2687,2833
1699,4786
4206,4751
4385,2812
1584,2809
370,21
1686,2784
2199,4932
3990,131
4252,4818
3373,131
3748,2789
3786,2858
1647,4830
3768,5
1160,3882
3117,3878
2694,4963
4392,1841
4565,4742
83,4919
2343,61
2528,1832
1551,2671
4798,4909
1482,80
4401,2814
1452,2790
439,3881
1650,4250
1212,2671
2964,4681
2732,4926
3560,5073
1451,4952
288,61
2122,1827
1137,4998
1739,1727
3739,2831
2000,2787
3441,2818
3772,4930
3293,4897
1239,4789
3716,4748
3517,4921
4156,2796
3900,70
809,4793
4811,1837
1763,1848
472,40
482,4988
3980,1856
2890,4781
4284,4969
2612,62
3447,4962
2909,2848
1787,4689
1415,4720
4625,4790
349,4791
5082,4689
4411,1860
1216,1732
1097,4824
3057,1731
2967,2808
1490,4787
2449,4750
4093,2832
3720,1838
2324,4855
698,4920
1251,5004
673,1845
2327,4746
4418,4777
1094,4961
3600,40
2725,4882
2368,49
2926,4955
2911,4731
3689,1842
2567,66
1948,69
4798,4940
659,5001
3287,1727
4087,3914
3583,1732
3382,4947
753,2841
4131,48
2886,113
1502,4921
495,4847
3996,1734
831,4267
120,4264
5041,1843
1397,117
230,4253
2997,4858
1923,2785
4725,2781
854,46
3687,1732
196,1740
558,4986
102,4955
3243,4249
2359,4856
2576,50
3097,4803
1469,4774
2421,4250
2076,4683
463,4916
1903,4670
3362,1748
2025,1788
1798,4670
3006,2838
441,4847
1404,3885
467,2784
1038,4887
4982,4820
229,16
1925,1862
2047,2832
834,4820
1693,1856
2134,4848
5046,4677
3295,5073
2958,5016
3011,284
1541,2784
1502,4734
2525,4728
1886,2867
1709,4734
338,2846
4018,5001
2470,4941
1281,62
2665,1839
3873,5073
2941,2816
3911,4729
2736,4956
4809,4669
4538,4970
1652,5000
463,15
4622,4733
4543,5002
1828,2845
1290,4968
377,3914
5044,4793
534,1846
502,5019
4276,2773
1290,6
4472,2799
3049,284
3018,2767
1072,1847
5005,4914
4134,2829
952,65
617,4978
4547,2800
3421,4986
1227,4947
3506,84
3234,49
2324,4951
1676,4769
169,4692
2348,4635
338,4750
3091,4900
5044,2795
106,4850
306,4934
127,4951
638,2832
3030,1835
3124,4847
2991,4912
4722,4929
393,1839
4262,2795
238,4889
4404,1727
2130,4996
418,64
4498,4998
840,4786
3418,1841
3219,42
3576,4907
215,2823
3748,4733
4201,5018
3313,4819
651,4900
2345,65
1660,3883
2438,60
4138,2835
1958,2816
2871,2658
3229,5002
3538,4785
3284,4961
4137,2812
3657,4951
1382,4888
4357,117
2244,4675
4825,2831
1760,4905
738,5
3974,4815
142,4872
2912,4695
2039,2823
3731,52
2735,4888
434,1740
3605,4672
1166,4691
660,34
502,4986
4122,4735
1985,2789
4451,4946
4468,4828
5049,1838
847,4777
1172,69
753,2821
3308,47
4013,4855
3799,4735
954,4887
1472,4824
820,1857
3851,67
3120,1851
1698,12
4159,4857
541,3
4345,4739
1947,4905
3712,4674
1608,4953
4185,4970
2439,2848
3387,4917
3934,41
1664,51
4612,49
797,1834
2723,4969
2975,4248
2189,4883
4441,4766
1350,4673
121,4920
216,4816
2700,1862
4194,4737
456,4884
1491,4940
2390,3912
4240,4884
3081,63
1249,285
3184,4819
2452,15
3323,124
2472,2799
765,51
3200,4750
4365,4996
3841,4784
2723,4820
3653,114
2154,4915
246,4783
3766,1735
3905,2825
3587,284
483,2810
494,4962
4020,4932
216,1845
4278,5077
4437,2808
3917,4907
2500,4970
2224,2822
1571,54
2985,4692
100,5
1099,3881
3031,2839
3702,2798
3453,4790
4060,4264
1718,5001
1452,3505
357,4954
2638,4739
1583,4634
1152,55
3200,4955
1384,4696
762,4891
814,4944
1047,1788
333,2862
252,4681
1900,70
4517,2808
4030,3915
5059,4799
365,4913
2363,5063
1815,47
1610,4250
3331,5063
446,4729
2638,4957
4397,4919
4021,5077
4538,1818
1257,4962
3321,56
3161,2835
3790,4697
2014,4797
2493,11
3154,4957
853,5
2187,4249
4296,4730
3646,4998
1632,5020
4235,2865
3781,4784
1398,4858
2194,1851
4213,8
924,5000
3074,4919
1516,4914
3737,4891
4191,5016
4948,2857
3276,1834
3202,133
2467,2820
3195,5020
4355,1861
1881,4733
3400,4686
3295,4936
3701,5077
3748,3878
1723,4885
3018,2867
3295,113
3499,1856
1760,12
3767,4789
705,2823
1376,4797
680,4911
3520,4668
1507,4952
3892,4250
120,1737
707,2841
1435,4993
3014,3879
3821,4962
3429,5064
2751,4828
3049,2856
3259,4818
1671,1837
2378,4793
756,1728
1563,4934
402,4870
1243,68
633,4994
2339,1808
4515,2855
1854,1816
4440,2858
95,1835
1322,4862
4758,1730
231,2671
3865,319
2938,4759
1415,4987
3277,3
2415,2854
1973,11
4950,4971
5079,4941
4898,4878
4441,4937
725,4883
4385,3615
854,4729
4384,2848
358,4680
2575,67
2544,4995
1948,4732
76,4940
1906,113
2683,4902
996,4749
433,1730
3385,2829
3559,2789
3819,84
276,8
2319,4969
685,1726
1548,2794
968,4987
1747,4884
1284,4862
1636,41
3183,4919
1257,4750
4337,4935
647,2796
4270,2855
2326,2832
1467,3884
2107,5069
1709,4678
4517,2862
1501,1847
4535,1729
3521,61
2361,1731
1656,1728
3866,4748
2549,56
2561,4971
2067,4936
18,4877
2480,1861
414,2784
2399,4904
3182,4915
833,4890
261,2765
842,1849
2473,3882
2305,4264
1872,4800
3147,52
2346,4769
3837,4675
4320,62
369,4848
2335,2784
3960,4691
1546,2782
4465,4691
415,5064
364,4635
2859,4965
2198,4785
4504,1808
2084,113
2689,2865
3034,2786
1819,7
539,3505
4428,4958
4593,4889
992,4989
738,2835
784,4676
892,4669
1198,51
2269,4788
1868,4986
953,4742
4967,4921
3213,4956
4189,2818
3112,4754
1596,4972
2727,4695
1449,4762
3942,1831
2493,4978
2801,38
701,4669
540,4939
2030,2853
2974,2825
2166,2860
3236,1742
1942,4915
1600,3915
1852,3924
1820,4654
3489,4988
3348,3880
349,4803
2459,3881
2719,2783
800,4770
4263,4681
188,2835
1154,4775
4557,4972
1719,42
1041,1735
4536,49
4717,4697
1630,3881
3436,4780
4440,4901
3276,2790
4315,4870
4034,84
3549,4918
2607,70
738,1817
3585,1788
2792,4858
1772,4675
3392,284
4152,4777
2030,5066
700,113
3835,2798
1304,4955
4144,4674
259,4990
3497,3881
1482,47
3182,4780
1584,1839
433,4858
231,4747
4214,3882
2949,4829
1620,4718
4101,3880
1186,145
2021,4931
1535,38
1546,4681
989,4902
2337,4858
1583,116
2956,1735
3691,2786
4510,8
1563,4819
524,5
3657,4829
662,5001
3368,51
852,4914
1977,4771
4619,1740
3405,4832
3988,1827
445,2835
1295,2851
1221,4946
1911,1847
1936,1857
1583,2824
3157,4677
1916,4902
3548,4915
4000,284
4328,3
1662,320
4177,3914
128,4889
2534,4884
303,4681
411,1730
1533,5
3929,4828
2486,2848
2446,1841
4437,2767
2924,2671
4096,4634
502,4877
3101,285
5062,1788
4203,1727
3528,117
3800,4911
130,1817
4219,2789
4584,3878
1967,69
2419,3924
971,4688
964,2826
2586,4760
3801,4747
2065,3878
44,4736
2707,5073
3943,1816
672,4914
1908,4861
4289,2789
2964,4682
1424,218
365,4968
609,5020
19,4886
4663,4934
393,4780
3960,4830
2598,4873
3947,2820
1114,1847
88,1733
3682,4801
4709,131
1707,45
1077,2798
3297,1730
934,1833
3468,2799
1159,2764
1391,4830
1414,4992
313,4634
1925,15
5045,2800
3094,4765
4069,4855
3850,4675
1351,1847
327,4919
825,4681
1268,4955
2499,69
4317,49
4867,4938
3580,1731
3100,4674
1926,4884
1087,4790
2175,4993
3727,2843
3215,283
3503,2811
2012,1841
1331,124
1487,4727
674,3913
33,45
499,4730
1901,4858
2478,4920
1400,2799
3376,55
3919,4801
208,1851
3674,2820
915,4886
2172,64
4625,4955
663,4952
3045,2787
882,1847
120,4265
734,1836
2167,2841
4468,2838
2654,4800
4419,4779
2426,2825
2138,2847
228,3885
1746,285
2327,2837
3871,1848
2581,4971
620,4765
3019,2841
4794,1817
2073,4855
2149,4830
583,1742
4641,1740
1946,1818
979,4678
260,1839
1229,4762
2680,4686
4922,3883
4975,5001
2885,4790
3069,4931
1512,2843
4100,4961
1274,1740
2058,284
3155,4264
4215,4723
1174,4889
3057,1788
998,2844
2076,4970
2669,4996
4407,5064
3266,2858
2214,2851
3474,51
4232,4829
3494,54
1313,4897
2182,1896
2126,2864
2539,2821
4142,4889
351,4954
649,4988
2281,4733
705,2856
2129,67
1687,4250
1257,63
2435,2864
1297,46
2924,3912
5054,12
3899,4634
3227,4249
2279,56
105,2857
2771,5070
3461,1748
3520,42
4648,4679
853,4267
3559,3915
1202,116
4524,2774
3605,45
1377,4674
3583,1835
2896,9
373,4886
110,1817
670,4770
2329,38
655,4832
4245,4674
3287,55
4833,1733
2203,4670
4615,49
4322,56
5055,318
4478,4978
2806,1727
1348,4897
3783,3913
1045,4249
3379,1727
3418,53
1371,2779
1089,4684
312,5020
1379,4790
1046,47
3781,1742
504,4921
4156,4847
982,4690
2191,4733
987,4900
785,5004
3125,4979
3617,66
3735,4773
1866,4670
785,34
2634,2840
1057,4882
1384,4926
461,3879
368,3924
4377,2658
73,4697
2612,4908
4168,4696
4087,16
1756,4830
1070,2846
4334,4676
4360,2795
697,2803
4214,4947
2139,3914
2730,1851
79,4946
1372,2867
2095,2821
768,4860
1607,52
2138,52
4128,4857
3244,218
2313,5064
4595,58
1758,2772
3628,5075
356,4731
2255,1
473,1735
1081,4250
2964,4732
3391,3885
362,4878
878,4885
2662,4694
2936,4748
1680,4781
925,2853
794,4972
688,4972
4255,2795
4117,4751
1668,4681
2984,4695
86,2774
406,4997
4237,4763
210,4679
3764,1735
1719,4896
3986,2867
4410,2829
4466,3883
4307,4779
198,2831
4041,4743
4048,3884
3803,4896
3994,1816
1883,4737
723,2822
2501,4753
1774,45
409,1850
2393,3885
3151,38
3363,4988
4148,4742
2121,4998
952,4969
787,4904
2536,1827
1981,4774
3549,4831
4662,2767
1062,4800
4257,1732
916,52
1435,1808
4618,4856
1186,2658
470,1
477,2671
4436,2862
4572,4787
4804,3914
3057,4934
92,4670
3485,4691
1583,4788
3704,38
89,1843
4565,4797
3238,2784
2927,4669
4120,2860
199,4747
1969,5073
2097,4783
2580,1837
4427,1840
4335,4877
1702,4754
3859,2803
3102,58
1447,4792
3100,5065
2255,4266
4042,4686
3582,4944
516,1846
980,4776
608,1727
2566,2865
624,5016
1383,40
4279,1735
3653,4968
4514,145
3696,4971
1916,4766
3052,2862
3008,1748
1203,4752
298,2832
1038,4947
435,1850
950,2671
4311,34
4622,2829
2070,3877
1068,4773
2651,2820
756,4915
1978,1735
678,113
4100,4939
3725,2848
3512,61
2117,1733
4270,4912
1604,4742
1220,4751
3131,2809
1412,46
4863,2833
2002,2768
938,1851
1918,16
1651,2829
3802,5063
476,4685
2423,4760
769,319
2502,4818
1141,2831
1760,13
2976,4972
1171,1816
189,4971
4239,4774
561,4771
831,2808
3887,4996
2305,4957
2361,4886
735,5066
4356,2827
3635,284
3726,69
957,2846
893,4873
4256,115
3755,4776
1897,53
2151,7
3308,12
2647,40
4359,4819
1943,1838
2649,4782
903,4735
4132,4920
3655,54
2559,4938
866,1818
879,5004
2069,4793
1579,2864
726,34
449,54
386,4265
5031,2849
480,4910
2081,4816
3284,84
139,4764
1390,4781
1244,4917
3848,2813
3317,12
2908,1740
3137,4886
3236,38
3208,4962
2604,4832
3291,283
4589,2800
2156,4882
2121,5073
3741,4995
3826,63
757,4685
3197,4880
1098,2818
1328,2795
150,1851
2928,1
639,283
3488,2783
3384,4759
736,1732
1968,2765
2161,5070
2017,2776
5041,4680
5067,3883
156,2827
1041,4903
1592,4817
4061,4670
1425,4736
1561,4998
2528,4677
503,47
519,4991
1524,4905
371,4855
1061,1857
1905,4785
4285,4913
5049,1732
408,4720
3041,49
2906,4828
2063,4993
3049,1840
1990,45
4242,1855
4464,115
1328,4856
3434,4963
4822,1748
564,4855
2344,1848
660,4991
1552,4791
3987,4728
632,4782
2317,2865
4811,4801
5083,3505
885,1734
2585,4917
4983,3885
302,2794
343,80
4046,4947
1744,4771
3135,4688
4086,4688
128,4876
209,1848
926,2789
838,4911
1464,4746
4069,1840
2370,4939
1018,5065
1346,2785
2982,4674
2290,4883
348,4635
3772,1851
3453,4858
3433,1817
4188,4870
2261,4755
2406,4878
3554,4956
3060,4824
4433,4746
549,3883
384,4979
2149,5063
4490,4691
4367,3914
2243,4735
4868,4919
1537,4901
2961,4694
4597,3883
2970,2794
2504,2854
524,2787
3352,84
2050,48
4510,4769
1555,4937
572,1841
245,4634
4663,4979
2991,1731
2684,55
2729,4675
3578,4873
3441,2838
1643,2811
463,4946
3582,4990
855,4792
4871,3881
4072,4729
201,4250
2801,70
4385,4940
1013,4955
4247,49
1121,55
1393,4930
1444,2839
4985,4731
1315,115
1751,5018
3844,2851
3869,68
3789,5066
4420,2816
2636,4738
931,4738
1195,3505
4368,5
597,53
3463,4634
2471,4684
702,4884
2689,58
3629,3886
263,4691
560,47
2949,5019
2306,4751
1616,2772
2644,4687
1598,6
1955,4696
2499,4687
447,4669
379,4955
692,4760
4407,66
2175,113
192,4688
4006,4919
2975,4759
337,4697
2596,4952
947,4896
2025,69
1689,4803
4313,3
163,4718
4767,4737
1566,4678
1131,2794
1498,4919
3940,4900
5034,4819
3902,4727
628,4679
3383,1742
3655,4894
2989,4669
4701,5016
1054,4883
1360,115
2701,2783
592,2865
2344,5016
1749,4954
2871,145
3349,2849
1792,4728
435,1733
4433,4249
2584,2774
4086,319
2052,64
2562,4720
3376,2768
897,2851
672,115
814,1842
677,2860
3474,1733
1445,1816
226,5066
1365,4931
2154,4696
1809,4824
1645,2855
1477,4730
301,3877
1145,5004
2805,1727
1683,52
1481,2790
3331,2831
4168,4782
3011,4697
4425,4750
2642,2840
4137,4776
4372,4831
3616,2860
2300,2798
666,2865
4127,2786
3157,70
2990,1725
1285,4766
707,47
2952,5016
4547,4675
2629,4902
3580,2826
4386,4990
5041,62
2336,4946
4458,2796
3940,4955
4539,4720
146,4774
428,1841
3539,4697
3640,4886
1540,1844
1331,4692
2461,4634
543,4266
4959,4970
2568,1860
2637,4769
2539,4682
1654,4930
4344,5074
3022,4848
2566,4934
988,4688
3321,4735
4103,4737
4421,4786
2371,4885
3519,12
553,2827
1148,1844
1908,4979
539,1726
3802,4685
3198,4824
3888,1831
3223,114
372,2779
1524,2783
823,4253
1692,4764
4648,1727
352,4940
357,3886
2543,1833
2985,4915
956,1740
1997,2785
4296,4769
3034,4790
1008,2845
4712,4670
0,4779
2496,4766
2877,2811
1207,3615
2828,4908
2651,4876
682,1836
4306,4937
1930,4855
3251,4692
1797,1730
2648,4799
3358,218
3893,4872
4667,4746
4076,2820
3167,4696
2189,4669
972,62
1422,4789
3116,4720
194,4803
3522,2821
2537,1849
3395,4878
2395,2845
2575,3885
4403,4265
3754,4996
3525,4735
3773,4894
2598,4906
1163,1788
1503,4730
1749,4990
1018,319
3468,5073
816,2773
3257,4783
3135,4746
1324,2787
1290,1737
3125,56
2960,1808
4038,4264
2938,4673
1120,1844
2993,4266
1510,4971
2280,4737
261,4742
2775,4860
1903,4799
443,1837
4122,4904
4431,3878
4237,145
1221,218
4719,1737
1271,4742
3784,1818
3141,41
4982,4695
2581,2784
2995,61
3086,4679
1826,4820
1557,2781
2521,1836
4111,1896
127,2658
3369,4996
3116,2858
402,4734
1248,2658
3826,2826
3034,2840
466,2816
1755,4916
3446,2779
514,5064
1152,3878
3922,48
670,2783
1529,4654
2217,1727
3928,4820
1433,4912
3107,4953
3638,4695
1906,1730
4400,1737
2632,4694
3327,2862
4498,4677
4140,4856
416,4913
4485,4884
4066,12
2297,5077
1529,4872
1661,2767
2498,4763
589,1845
2283,4755
435,1726
747,4720
1981,2865
360,4750
3192,4979
3656,3886
418,4819
2501,4734
2093,4953
2632,4266
4292,2779
1807,4993
1049,2843
3573,4613
2729,4900
4619,4888
2468,1857
1308,4857
963,2821
3991,4677
801,4780
508,4880
5038,4793
1179,4684
3854,4920
809,4886
1642,4850
122,2856
467,4931
1869,4990
3904,4862
4042,1728
3352,4993
4796,1849
2087,4855
1746,4692
4181,4691
269,2774
3858,4672
3206,1737
3686,4993
5014,4954
1316,4817
1764,2833
3834,4988
1606,320
2911,4687
1566,4860
4535,3886
1161,4267
796,1839
2407,4956
4933,61
250,4729
4102,4883
324,4906
2586,4782
345,2846
2697,4961
5039,4919
3089,4775
3469,4803
3386,2816
2032,4738
4100,4250
1173,4772
1615,4669
3447,4832
3650,2796
4070,4909
1821,4675
372,1733
3594,320
5042,4850
459,2829
121,4733
3604,1817
287,4914
2696,4780
267,2856
3439,1844
1541,3884
2195,4934
1039,3914
2444,2821
4647,4947
2174,4970
4899,1734
296,1734
4490,4991
3382,4824
3331,4694
3236,1861
4017,2845
4459,1832
652,1816
2203,4746
3778,1846
372,3878
1825,4937
3840,2783
1904,4755
4482,4251
1373,4848
196,2813
1938,1856
1344,4763
3819,4753
2683,4251
2027,4990
3187,2790
2884,4872
4590,1843
2662,1788
3506,5004
2571,4683
3232,3879
2477,1808
2231,4916
1518,4748
1155,4264
4015,4989
997,2843
4109,2826
1344,284
4448,4251
1712,4681
921,4760
3091,2865
743,2790
1117,1845
502,4932
1558,4679
2748,4878
859,3912
2051,4903
5017,3880
419,4817
246,2847
3287,4690
939,4912
4667,4919
209,4680
4480,2785
4281,4958
3569,4870
1939,4956
1684,2765
4140,4941
1112,6
4032,2867
4296,11
917,4669
3584,4690
1520,1729
3899,3914
2127,41
4559,2788
2321,5069
1083,4265
2460,38
3193,4732
4135,2857
628,4749
4895,4267
3142,4905
2499,2786
3730,2671
256,1849
2001,2785
3782,2814
2469,4729
3589,1748
739,4883
2530,4729
5039,48
1232,3505
2626,2768
1924,4935
128,4992
4596,4793
840,2808
3063,5020
2414,1843
2754,4872
3137,1818
3789,4901
165,51
1515,4832
3260,4687
3759,4861
1972,70
2339,2822
412,2848
3420,1837
4258,4891
3897,5065
296,2841
698,47
244,1817
160,4917
531,4902
3076,2800
3308,4741
2956,4696
2723,4850
3306,65
2920,284
4412,4954
1962,4797
746,1846
509,4986
3535,4979
4163,4891
931,5063
1934,41
1392,38
4307,4885
3989,4954
3934,4917
2459,2837
1325,2808
984,4731
1465,4998
1321,4887
3422,124
3442,2812
190,4947
3740,4857
3524,318
548,4267
4123,4730
2244,3880
376,4954
983,4873
352,49
4450,4832
730,2814
1208,3884
4455,4668
2439,4680
1701,4733
2932,1840
1314,4679
1884,4773
3010,70
1084,4689
3334,4776
3529,84
3546,52
3971,13
3552,4896
3696,5000
2704,4769
4092,15
3958,4679
3744,3913
3305,4966
3786,4969
495,4986
125,38
3022,42
2635,4964
1957,4901
1392,2856
383,5073
4487,4793
2009,1845
214,5020
4297,7
1459,40
5006,4682
4022,4781
4976,4734
746,4909
4715,41
3295,4782
800,4883
2743,2798
1938,70
1197,5063
3547,5001
2120,4890
2637,4907
1197,3915
1310,1862
3473,51
1637,4773
2678,4248
375,4777
1098,4946
413,5004
340,5020
729,3880
2351,1742
1044,49
2184,4773
2358,320
1524,4783
4874,1726
3891,3878
4484,5064
4236,1837
2419,2832
3864,48
3513,70
4484,2865
1094,2837
1076,2816
1291,4951
1899,2862
2756,1730
1783,4728
3043,4728
350,4972
495,4891
1514,4932
2669,4877
4414,1731
2965,4962
3155,4900
1484,4901
3319,4692
1948,4674
3039,5004
1489,5077
2244,5077
2780,4775
2001,1851
3209,5063
452,4832
271,4635
2688,1856
4372,2796
5045,4929
3508,4994
2099,4849
482,4683
1776,4253
2508,1817
2877,2774
1121,5064
356,67
732,2848
3127,1836
2022,4785
1273,4904
282,4780
3469,2837
3782,1742
4408,4894
468,4759
4645,1732
4899,1836
1631,5064
935,2799
1995,1733
1210,2813
1009,4832
5046,4873
1419,2817
4033,4938
3244,4957
3567,47
4113,4613
569,48
1601,3
2880,1845
2928,4670
3311,42
4823,4777
4464,1
834,2784
2530,5069
1180,4911
270,64
3809,4956
1955,4870
570,1840
3831,4749
4246,4789
2452,4720
3055,2829
252,2820
2273,4995
1345,4889
2720,4820
2400,51
4028,4265
86,4752
4945,4897
3487,1740
3797,4862
4521,4829
3302,4729
2608,4693
844,4971
808,2809
1596,4978
2911,4934
913,5075
1949,1842
3995,4673
4435,4797
2590,4820
307,1735
2267,1836
789,1827
276,3914
4705,4936
2948,1847
2992,117
3351,4762
3335,4668
1782,4907
687,1838
142,2825
2167,4920
4203,4944
3033,4733
2645,2772
4310,2772
176,4752
977,4754
4477,4956
837,4971
2521,4799
1633,2811
2136,16
3892,4926
173,2811
2312,4265
3442,2864
2983,318
2179,124
2530,2764
4300,4938
2486,4906
1146,4917
444,4720
2225,4970
3987,2855
4377,1848
3085,2789
2189,284
4289,4819
3492,2809
4980,6
811,4251
1693,4951
3756,2800
1672,1725
1105,16
818,4670
2349,2858
333,2837
2318,4994
4123,2781
2229,4755
2060,2765
1470,4675
3084,1862
2951,2789
876,4913
511,4729
2433,52
3696,69
78,48
604,4267
2748,4747
1486,4850
2994,4858
1013,4926
3073,3877
2686,3915
3198,2844
3279,4850
1157,2848
1247,4916
3708,4697
2206,1848
1372,69
4436,4954
2884,4903
3650,1725
3660,3886
3314,4729
2173,4947
3920,4964
3434,48
4722,145
3405,2843
1975,3
1527,2790
3080,4880
3831,4909
3309,1727
3210,4904
4242,320
4387,1849
3430,4935
2695,4896
671,4912
2797,4613
413,4672
1482,4921
238,7
2346,2671
1533,4917
4338,2854
1285,2840
968,4755
3956,115
609,4828
1287,4939
2441,4920
457,1817
3194,1842
2525,2865
4541,4904
1406,1845
3562,4941
1552,4931
639,48
854,4964
2217,4818
3835,4994
4323,4954
2575,3884
1274,3886
4814,4991
1297,4774
1523,2854
716,2784
4221,41
4158,3913
2593,45
3696,4929
2425,4992
2942,2794
1893,2845
4893,4688
1927,4738
411,55
4443,3924
651,2788
2251,62
276,2837
2355,4775
777,2856
3965,319
2924,4940
4644,1742
1206,4250
457,2839
1152,1862
2674,2864
195,115
4127,4727
2375,145
2024,4956
3581,4761
1809,3885
92,1817
1430,1855
907,4787
1937,1735
1486,70
5040,2838
670,115
5081,4675
107,51
2314,4265
3544,2772
4468,16
4148,2796
1961,4878
3058,4921
4394,4689
4356,2833
1878,4880
1172,64
4012,1861
633,4986
4161,1833
4373,4779
1924,4799
2507,4787
4501,1849
1961,64
2283,4613
977,2781
543,4883
2472,4265
1676,4690
3726,4897
2551,1838
737,4997
562,4831
1807,4883
4113,1838
3392,4828
3888,4849
3653,4964
1774,1727
5059,4675
1101,1731
4441,4978
3124,4856
725,4988
1494,4785
1865,2767
2154,4749
786,4752
4237,49
4232,3912
2918,1849
2091,5077
3989,2854
4292,4885
3468,4951
367,4750
3651,49
1080,4820
4100,4935
1745,4774
2213,4997
4071,4897
3921,3883
2927,320
4827,5069
482,4992
2259,2860
3654,2811
2223,51
1869,3914
3845,34
2770,4916
1537,2847
4142,5064
1822,4870
2304,1
4337,4905
4094,3
1790,34
2468,2779
520,2812
1516,4829
3635,2849
4924,4684
4036,4679
4202,4971
1012,4729
614,4765
1953,4919
4493,2820
4516,4932
3788,2764
3480,4762
3392,4876
2895,4774
3800,4760
4574,3505
120,1837
650,4951
1322,1788
4280,4735
2077,2789
3613,4775
4614,2845
3247,4884
2055,4998
446,2824
3231,2865
4488,1833
1876,2822
4286,4979
948,2671
2584,2784
1356,8
120,4681
71,52
3196,1861
2647,2853
986,4800
2687,1808
4616,3882
1585,4961
1618,1818
2904,4654
5045,3615
4629,4671
1163,2849
1059,4969
3536,4760
4061,58
2090,4963
482,132
2915,4856
572,4901
167,4803
4204,4916
1083,52
658,131
4590,1840
667,4635
2778,4929
4259,2818
4462,4691
2710,4944
433,2847
1691,4944
1762,2838
493,4775
352,4677
3490,4729
301,2835
1498,2833
2080,4675
1382,1733
3126,4748
1496,4784
3626,4979
4241,4267
693,4990
1881,1837
4428,4677
803,4988
3395,4797
4335,2768
4641,1855
1903,4908
2553,4791
1547,48
2271,2813
2637,4759
3318,5016
389,4931
1559,2833
4342,2658
4226,1727
4983,4971
5012,4951
3162,4675
3748,5070
4631,2818
3925,4929
904,4777
3423,4697
3784,2865
1571,1725
2693,4727
3761,2865
2488,2794
1932,5064
2189,4771
1959,4908
692,4930
974,1842
4195,4737
760,16
4033,4654
1784,4911
4241,1845
4007,2782
4717,1845
417,4993
4430,4829
1749,2829
2603,4678
4326,5001
2743,16
4183,4956
1446,11
745,4917
2667,2844
3113,4777
347,3885
2692,5018
2148,1850
3118,4879
3631,3912
2988,4926
2167,4929
3940,53
1951,2849
2581,4750
2673,320
190,2818
1398,4730
3308,4742
235,67
1439,4817
721,4896
2161,1856
1651,4249
1334,4935
1429,2789
727,1740
1707,2796
3491,4674
57,1808
95,3912
3845,4741
1133,4685
166,3880
3474,283
1767,4935
4269,4250
3162,4770
4623,4747
1681,5016
3697,4931
1822,2864
1957,4832
3931,4762
388,4902
766,1728
3420,4944
1390,1808
1134,4964
4554,4912
1358,2866
3557,2803
1977,1818
2651,1834
718,4634
4110,4884
354,2779
3498,5001
2448,4689
1494,55
4380,4958
516,4691
2650,1850
2648,4251
297,4739
4022,3877
599,5065
3910,3
1426,4253
4717,1831
1021,3886
683,4921
1045,1842
4594,116
2012,2803
3842,4996
1472,4904
3441,4264
3132,4671
3642,2798
4375,2847
4177,4732
4485,4780
1337,2822
1486,15
4621,50
3316,4787
4361,62
2066,4671
4399,1838
3682,1732
209,2789
3095,1861
372,4931
4028,4944
4553,4994
887,5002
2000,4957
5017,2796
3285,4772
959,4916
1791,4739
3686,4911
1153,4993
2563,4251
986,4978
1682,64
2966,4729
96,4687
3821,4931
3966,4910
2987,124
1609,2857
1208,4953
2124,4946
2254,2849
1669,4788
2016,2853
3250,5001
4191,67
1941,1836
4008,2822
126,7
872,4730
2605,1728
2418,1834
5057,2787
1538,2782
1444,113
226,4820
1716,4907
2137,2796
4360,318
1113,5069
3058,4786
3521,4733
689,80
3421,47
1605,4771
4721,2831
1043,1727
3215,4635
1821,40
2724,4819
4976,2779
2469,53
3565,4968
1080,4748
1865,4932
4536,4876
4019,1731
4161,4820
4048,1735
2634,1727
2481,1733
4506,4917
3415,4997
954,4248
568,1725
805,6
3588,4978
4120,4858
3337,2844
1854,2781
3834,4930
1918,60
736,4966
1324,4913
1150,4690
679,1832
765,4742
412,4946
472,4947
4417,4634
1591,2827
4437,4961
294,4801
4537,1862
172,4760
1361,34
439,46
1334,5074
2708,4988
2697,2865
2727,5002
382,4894
1779,116
591,4720
4701,4251
1770,2783
2957,4993
989,124
712,4962
1408,4815
2540,4251
2675,4720
3696,1732
4439,4771
1362,3615
2323,4682
3554,4686
3033,4913
4350,4718
4627,2864
371,2823
2674,4613
251,4818
4037,4857
330,4760
1185,1843
3971,2844
3991,117
1512,2832
3668,4750
1211,4989
3059,3912
2486,4766
3042,4829
1945,2846
526,80
1091,4886
792,4668
136,2817
120,4848
229,4888
812,2803
4469,2846
1626,5
2091,4760
762,2768
288,2857
2152,4720
3516,1735
3950,4968
883,1726
4588,4264
4448,4987
1869,4919
974,319
4475,84
4173,4674
4928,4783
849,38
3993,115
4899,4789
2191,1729
1583,1862
4587,4858
3949,40
1092,117
2792,1734
2603,2860
238,4797
1376,1788
1112,4990
334,4668
4666,4788
643,67
3610,4858
5008,3615
3271,1851
3529,4769
1071,3
1004,4697
1984,4786
737,4879
148,4800
1492,5001
999,2832
480,5002
1937,4951
3933,1839
3208,4687
4546,1841
1940,2765
3782,2853
402,4941
528,16
1619,4936
3722,2818
81,4860
3951,4857
819,2847
4346,60
4410,4732
957,1835
1447,2809
1429,4991
5039,4818
4092,4635
445,4783
3790,4727
1446,4873
1708,4788
3761,4947
3962,4686
3981,2658
3758,4991
2214,4861
901,4913
5081,1840
591,4885
3713,4909
3443,1851
2578,4913
1807,4266
2078,4939
809,4920
3899,2812
3771,2851
3269,4776
3572,48
761,4695
1402,4815
4092,1855
3094,4770
3974,4678
108,5069
580,113
2136,1818
3463,4728
3809,2799
3421,2839
1259,4884
3145,4971
417,115
2561,4903
2039,2829
1337,4886
626,4692
2542,4669
4543,4897
4447,3914
4054,4884
3952,4970
3772,4752
817,4832
2896,2845
278,5
3818,4879
2542,4780
3491,2854
1630,2835
2172,5018
3420,4858
3197,2820
3594,1847
700,38
3409,4997
4483,4930
699,5070
749,1817
723,4954
4231,7
2336,5073
3901,5073
3085,12
2641,2825
2524,4747
4473,4787
257,4955
3696,4930
1754,4770
3097,1818
3475,2808
4305,21
1265,4972
5060,131
2660,2796
1635,4762
2343,4765
3319,5016
4038,1841
927,3882
1113,1788
3379,4789
3948,4930
1552,4849
1606,4818
3677,2866
5007,4941
2898,66
3896,283
3565,80
1945,2810
1534,145
2985,1840
4291,4892
1235,4908
2555,4777
985,4790
2049,4670
1003,2832
1479,2787
4551,1838
3765,4250
1431,4784
3750,4678
4863,4755
5059,1729
775,2776
3016,5002
4361,3882
3574,4850
1507,5075
1715,4672
4188,4953
373,4690
4811,4934
1926,2825
2947,4761
382,5077
1460,1827
3666,3886
3999,1836
231,4991
2307,4912
1611,50
337,4264
1312,4800
5048,5000
764,4849
712,5004
2836,4824
2062,1848
3141,4728
1468,4872
745,2826
4425,2858
1477,4251
2019,1840
4335,4969
4898,133
86,2773
246,1748
1755,1818
2280,4962
803,3
992,2860
3944,4265
3176,4990
2050,4727
4262,2841
4530,58
2475,4635
4333,2781
756,4904
352,4970
4576,1860
3792,4947
3101,15
3514,5075
3128,2773
995,2798
2580,4781
1570,1808
209,51
2479,55
516,4776
4428,218
2299,4947
2411,4989
4298,4783
4655,1835
3983,6
3654,2808
3918,1731
1278,132
3453,4688
667,4797
1418,4681
5060,2826
426,2821
722,2774
1385,66
1318,4779
4515,1
2936,4944
3236,4941
298,4783
4263,4753
1338,4720
3555,4730
2529,2784
863,5002
4758,2818
321,2838
2651,5019
2471,1850
599,4689
1607,4917
963,4727
2284,4684
2584,4986
3539,4613
2359,1845
1070,4815
3491,4743
1003,4819
2273,3924
1143,2809
2085,4766
2537,2773
995,4682
2536,4896
1024,5063
771,3880
1395,4931
3339,4885
1658,4935
4163,1851
3777,4792
3958,4729
950,2658
3760,3913
3124,4734
1335,55
498,4634
129,1861
1055,2774
4580,12
742,4916
4305,2764
4174,4675
2617,2826
4374,116
689,3877
2288,38
2744,4818
1154,4831
2640,4963
1110,218
3223,3881
1785,1730
2207,4803
809,133
4821,2860
2357,4940
2415,2768
2495,42
783,4890
3577,4816
483,2796
4003,4908
464,4862
3285,1857
3305,131
3254,1840
4158,4938
148,4873
633,4885
852,4676
3676,2841
2805,1848
1766,133
4136,4911
4595,5074
586,4990
35,4962
2015,4829
3421,1832
355,1837
1464,283
3507,4955
3513,5069
2619,5002
1049,1837
621,4988
2970,2820
911,4978
2423,58
3003,4680
692,2853
466,1855
2508,4988
2938,4755
2302,7
4124,4940
3201,4728
2285,4749
3067,1851
3659,133
2587,4882
2351,318
2978,1726
4304,3912
864,4743
2515,4911
1356,63
2888,5064
3068,4686
4190,4741
4083,4685
600,4940
1353,4772
1781,4780
2379,2767
3789,53
2226,2784
1705,320
3029,4890
5010,4674
2925,4686
965,4903
2718,1847
4653,4688
1955,2812
854,2845
1079,1836
4207,4773
1980,4965
3499,4880
4630,1847
1452,4781
2612,4962
2259,4858
1680,4936
1900,4966
691,4654
3304,1727
4593,4770
4413,2849
3081,4830
158,2864
18,4873
4486,4728
2073,4930
4046,3881
3750,4847
4280,2794
634,4754
2309,132
1749,116
1065,4916
3911,1729
4053,4918
3792,1827
475,4921
4064,2866
4108,2783
2452,1788
3665,4889
4360,2823
1943,4940
554,2816
1544,4902
2339,2810
2093,4747
4026,4916
1347,2774
1088,15
2512,318
1561,4773
1676,2796
4032,3884
3857,4771
4839,2845
3115,5004
2724,1834
3202,2812
4243,2864
39,2829
1098,4755
2614,4944
602,4674
2384,5018
4038,4876
140,1788
2134,4831
735,1855
418,132
4224,4669
1181,1831
4268,4251
1783,4746
1640,4918
468,116
2224,4994
3644,4917
3186,4861
448,4939
4045,4668
3081,4991
3979,4815
928,2844
1219,4792
4649,4736
419,1849
515,1836
3793,4902
2723,1835
4074,4818
1038,4800
4535,4998
3462,4890
367,1808
2874,2776
4315,2810
3723,2823
4042,4785
3749,2827
488,5077
4585,60
2072,4889
3013,1839
2524,1838
3960,1836
1682,4670
3547,4777
774,1732
4469,4815
2897,4883
717,4248
615,2860
3740,1847
4619,1728
1560,4963
2048,4752
1854,2833
4375,4801
543,116
426,4860
1942,64
429,4908
4391,4896
3871,2824
568,4828
4414,4820
1959,2779
2381,4730
2611,4751
4381,3
1271,1
1674,4886
3093,1837
4642,4250
2091,4781
4536,84
1383,4910
2416,133
1049,49
616,4919
1541,4753
2904,1862
3649,4987
3749,4847
4623,5064
2497,5065
704,4735
2941,4675
3638,2844
2246,4753
2166,3914
1207,4792
1636,4832
1925,4739
4087,2789
4642,4870
1766,4776
631,4907
4098,4769
183,3881
2669,2846
3496,2800
1753,4886
3422,4774
848,11
504,1735
377,1727
1415,4920
3206,64
920,4901
685,4635
1435,2864
2956,4915
329,1808
1744,5077
2618,4817
3749,64
3592,1851
955,4861
4351,4934
275,1737
1236,2764
2251,4831
3695,3
1917,319
3376,4861
3636,4801
3412,4989
4173,113
3443,1836
2633,4689
2218,1729
4114,4690
1899,1849
3135,4832
3467,2796
2042,1836
2914,4743
1997,2796
3899,2785
2148,4937
1419,4894
2065,2812
1973,4694
4630,4879
1301,4963
3445,2826
954,4267
4719,1831
1929,4913
256,4938
3752,4998
2016,68
226,3886
3080,4964
1064,4889
88,4692
3173,3882
3942,2813
4343,4860
1341,4766
3341,4964
3089,4669
3471,4885
1301,4677
773,1728
2770,2825
4399,4783
513,1729
1136,1740
1935,4694
3094,4962
2560,4251
2180,2790
2056,2860
1210,4855
3407,4739
834,1835
923,3882
3811,1732
2717,2803
4554,4935
4365,2841
545,5069
4504,4858
4411,4998
4204,51
565,2787
3938,45
943,2857
4619,56
2260,3877
2383,2798
2496,4932
102,4911
2121,4748
3555,4997
3732,13
2307,3877
2302,4941
1661,4936
2938,2838
4058,2851
3827,4849
4464,4791
3777,4978
455,2832
4805,4731
389,2844
3029,5074
2213,66
1004,41
1624,2772
3993,5002
1242,4728
2761,2841
2065,4264
1482,4267
1212,4957
3321,5074
877,2820
814,2840
2186,4847
3484,116
1706,4788
1358,2773
4699,133
2104,4919
238,4829
2923,2800
3719,1742
2245,2820
3065,2795
2761,4783
2434,2783
403,48
1283,4906
3008,2808
3070,1832
1767,4921
1088,4849
4082,2832
1500,1729
3404,4906
2241,2816
4138,4694
1866,4989
1084,4934
4018,3924
3942,4688
3154,4801
3015,4939
1049,1862
4291,3883
3566,5016
3082,4911
107,4695
3109,52
1784,5016
5071,3880
1468,4987
407,2860
1111,2796
3468,4733
796,3879
4925,4934
4448,4790
4382,1
2951,2773
2508,2817
767,2803
2685,5002
3804,1742
992,2847
3208,4956
1550,4855
3328,2839
213,5019
350,46
1280,4788
1530,320
3896,284
3617,4654
3225,218
2589,4993
1696,4785
4383,4781
2058,2779
1592,2809
2065,4876
426,4693
4960,4777
4875,4979
1086,4972
3547,2817
794,4788
1173,21
3721,1748
2500,4818
4189,4916
178,4750
4320,5069
3036,4694
1749,4799
2954,4916
182,1727
1677,3914
5078,53
2271,2826
4268,4993
5042,4972
1088,4815
2592,4884
1712,4671
4151,3883
3287,4683
785,320
612,4741
2635,4765
1281,4997
1208,2860
4296,1734
4150,2785
2842,4720
4698,4883
1752,2857
2331,2817
983,4944
3647,5063
3291,21
3447,4764
5022,4770
2195,1838
4130,4672
925,2849
4588,4671
899,1842
3237,4847
4254,1860
309,5063
4427,2764
703,1850
635,1846
3340,4771
3896,4777
650,4997
3871,2867
3675,2764
4269,4848
1593,7
311,4884
510,4267
919,4693
2000,15
2576,2803
4308,132
1579,4748
387,46
4009,2849
993,4940
4479,3881
5060,5064
4303,131
1993,4680
2102,45
222,3912
2535,4978
4393,4848
1480,1896
2543,4264
3987,66
2442,1818
4401,4890
429,2772
1097,2822
98,4891
2720,4957
4354,4861
508,4849
2221,4815
4363,4668
4061,2826
1570,4862
3787,4694
4097,2779
28,4916
1825,1737
1427,4896
2190,1844
1192,5073
5059,4996
1073,4913
2730,1833
4437,4888
4508,4920
2447,49
1696,2784
1351,4783
2887,4858
4836,4751
1898,4911
1804,4882
1347,5065
4182,2856
3437,4776
4185,2786
3141,2786
3118,4790
2430,47
2362,1725
818,4773
4500,4769
3647,4954
1600,2800
2747,2820
2454,4882
4220,4731
1417,4964
4572,2829
2317,2825
4441,4930
1413,1847
2968,1727
965,4771
3121,3877
696,4734
2540,2785
779,11
233,2785
1104,4970
364,4961
3469,4910
4344,4829
2576,2785
980,5002
44,1727
3482,2782
4458,283
2604,2820
3943,4764
111,4915
4852,2853
615,4916
4496,4966
4084,4919
1204,4685
4638,2816
1540,4883
3685,4848
4354,2773
3995,2867
1526,4901
2570,4748
87,52
3192,46
3748,4251
2179,41
3733,4938
3473,2809
4243,4918
1626,1735
1402,13
4487,2813
1513,6
852,46
155,1846
1664,1788
628,4987
1513,1850
2701,4855
978,3884
2333,4968
4048,5001
2092,3879
3417,5019
3031,2848
4617,49
1955,4752
3201,4957
3853,2773
529,4996
3083,5066
3210,4830
1887,2790
2308,4998
151,4764
244,4962
4478,3924
4185,2796
2491,70
2102,5075
2374,4692
3759,4253
1357,4904
1122,4921
4647,4930
3811,5016
3279,2841
530,132
2703,4860
3042,320
1682,4861
2382,15
503,4858
217,3912
2144,4968
330,4803
2421,4696
3088,4753
95,2813
3135,4654
3383,34
2713,4972
1000,1855
3370,21
1956,2838
2868,5075
3829,4678
1001,4690
766,4818
4744,4880
4945,4731
3329,1816
1486,5066
4807,4832
5062,4939
812,4877
428,4793
2685,1845
1056,1831
123,4909
2119,4690
3081,4829
4821,4676
1096,40
1429,2787
3858,4914
39,5020
4384,4771
3610,4754
2581,4718
2047,4961
3966,1839
2903,63
3440,2787
1452,2808
2482,4733
2447,4861
3962,4932
4016,5018
456,4849
743,11
2733,4799
1917,5019
1148,4824
3524,2826
1957,4735
4663,1727
1462,4909
4616,2816
4922,67
664,4773
1573,7
4049,1731
3750,2829
4299,5070
1354,4759
3302,4688
2019,4910
681,4762
1264,1834
3512,4903
3773,4788
1994,4781
1026,4939
2106,4892
3464,5002
3629,2833
2741,1860
435,4879
3467,4730
591,2798
856,4896
3247,1742
3576,11
3411,2846
914,2858
2897,2788
1376,4993
3595,2846
663,4860
1292,4986
427,3615
4665,4824
390,4671
3895,4669
3495,4830
3139,5075
3186,1737
437,4267
3305,4741
2635,4679
927,4743
2934,2829
4757,1729
4044,218
1252,4783
4015,4995
3065,4953
773,4856
494,4877
1953,4978
159,1850
4488,8
2400,1733
2045,1848
1055,318
4015,4720
1269,4728
2933,4856
25,4683
2169,4971
4706,4914
3075,4992
1426,4952
4558,4248
3853,4720
4323,4917
210,1831
348,4917
1873,2786
251,49
1711,4892
1977,4917
1854,1849
2307,2833
3138,1861
2034,4926
2574,1847
5025,1855
545,4896
3827,63
4868,9
1371,283
1444,115
3899,4914
2777,4947
2463,4688
2057,2787
4726,4901
3238,4800
3270,67
3761,4917
5058,4790
1009,4919
2479,2788
996,4831
3340,21
2404,2845
1709,4739
3909,4689
1622,4634
1773,2799
3076,3505
2092,1816
1422,4961
148,124
1063,4689
3383,6
2287,2789
2590,4728
3561,4748
2357,1742
5062,4900
3421,2865
2021,1860
1934,1861
4835,4941
840,4684
1799,4749
3584,4978
700,4739
1089,4900
4069,1838
3038,42
707,4860
3217,4771
4343,65
1961,4901
3616,4872
1252,2772
2213,4797
626,4993
2491,4736
2126,4267
2662,4947
2363,4791
1936,4778
2100,2851
3335,65
1934,2809
1891,1857
1556,4884
2729,4759
1138,4935
2028,50
3286,4978
2141,2818
2492,4992
2404,4962
388,3615
2661,1847
3367,5000
357,4253
3186,4897
3036,4248
1476,4831
4529,1861
3077,2821
473,4753
2168,4817
81,4736
1260,2841
642,52
1222,4832
1438,4669
2601,4816
4555,4673
1272,2765
2070,2857
2690,2818
917,4817
1323,4914
3842,4676
1551,4986
1792,4732
3892,1837
4212,4693
2195,4848
303,2846
720,4968
3747,4267
2681,1728
3860,2790
628,115
3376,2772
3209,4965
4864,67
3104,2851
4091,4828
2307,4772
3444,3505
3305,4935
500,1808
4202,4831
3089,4264
2692,124
3933,4903
451,34
4442,4929
2065,4903
3828,4962
326,1788
2565,4690
417,4910
1360,4919
2234,4991
3341,4882
2423,4783
1038,2671
71,284
2045,2820
1385,1862
1966,4906
108,2785
451,1856
4616,1846
703,4772
4567,4936
227,4884
4614,4771
494,1850
2892,3505
237,5074
1176,4674
648,4817
2920,4742
3437,4672
266,4991
1995,4720
3387,4673
4210,4694
1347,67
1440,1843
1243,2854
2629,4787
538,2824
555,116
3795,4931
3405,2772
4070,5018
4146,5066
2063,2779
3828,2839
906,4926
4190,4896
2155,4734
3717,4784
4448,4793
2451,2855
3282,4901
1108,117
3053,1850
3551,4932
4,1839
621,124
4445,1730
2316,4747
1010,1737
2285,4692
3904,5064
877,3915
216,2772
102,1843
2793,4686
4079,4803
675,4683
2286,4780
3926,4777
660,4764
766,3615
3597,5063
3856,4917
3682,5070
1772,1845
127,2795
877,4748
4193,2774
3814,3912
4553,1857
762,2784
2736,4803
2703,5066
2258,2833
4106,4890
678,4251
1017,1832
1576,283
4548,4747
1553,4879
3224,1748
2718,4678
4091,218
482,4829
462,4913
1439,4779
3423,4946
35,5069
3087,1849
3571,5075
3775,2862
534,4752
4262,21
1719,3924
932,12
2098,4883
3198,1817
918,1727
1718,64
3609,60
3233,4856
2103,1861
3130,4673
3398,2844
1375,4908
4236,4990
3363,4742
2476,4720
595,4736
4643,2810
4642,283
957,1851
4270,4671
3616,2810
3504,4266
2389,1845
2321,1725
3077,1740
79,2858
4522,5077
1709,4936
2474,4954
4122,2826
1090,4782
2834,4791
3054,4970
432,4997
2753,2809
215,5002
248,2821
1200,4829
637,2795
1311,4918
533,68
718,64
3235,80
552,4816
3052,54
3131,3
2246,133
4154,2840
1626,4910
2568,45
193,4855
4448,4889
1208,4678
315,1842
1288,2848
3832,2831
5021,4929
4382,4817
1607,4784
2872,2829
660,40
4207,4947
3151,4773
4698,38
1404,1727
699,4961
3731,5020
634,2817
573,5000
3932,4765
1373,1832
3911,2854
3758,318
323,4958
5035,4727
1376,3915
3836,4751
1246,3615
3328,1727
941,2814
2195,42
111,1808
4167,15
1019,1851
2250,3914
2936,4753
3761,2826
2491,5016
4066,8
2303,1840
1490,5070
1115,2790
4497,4735
2883,3912
3489,3877
911,2787
3125,4669
1543,4682
986,4682
3728,4792
2453,4786
3906,1860
2045,4891
1510,4750
869,4265
4311,2783
1529,1727
2755,1728
2041,2853
4805,5069
2605,4688
1814,68
2775,4750
2132,4988
1460,4723
874,4730
1154,4696
1967,1808
4706,1732
2693,4931
3653,4739
1191,1742
2221,4908
1404,4880
809,8
3039,1861
3918,4818
503,4919
1073,65
3330,1728
950,4873
1568,4752
2266,3883
4217,4878
4307,5004
1292,4912
2105,3885
1156,34
944,4819
3074,4782
4493,4979
3224,4969
386,1808
3978,4904
4846,113
2980,4957
1252,4742
167,4908
3585,4749
743,2796
1607,4774
2678,5
3938,4266
2561,4786
4924,4687
2087,5073
966,2764
1303,4731
4313,4969
3979,45
1001,4896
1575,4878
1819,1850
3814,4870
4556,4672
5072,1788
100,5004
4716,3505
4767,55
3532,4989
3107,1735
2143,4789
1648,45
491,4940
1776,114
954,4754
2686,1734
3465,4755
211,4720
2252,2764
141,4901
3498,2841
4839,4978
1755,70
2040,4750
2695,4787
3357,4780
149,4991
135,4849
3167,4958
4534,4993
3191,5074
3227,4765
252,4901
1252,4265
4647,2799
857,68
1949,4979
3814,1734
4150,4817
1366,4986
25,2796
2320,4801
857,4954
816,21
1619,4803
4044,1835
913,2839
1621,4907
4284,1818
710,283
839,1835
4834,1851
243,4884
4612,2817
2200,52
2047,2848
266,4674
3176,3885
593,4734
3570,1841
2991,4769
2116,4858
3380,1734
3107,6
1940,4883
1483,4760
2289,3885
4983,4678
4598,4682
3432,4901
184,4693
1377,4896
738,4986
4190,2843
3985,4815
3051,4906
444,4676
1510,2856
3812,4677
4343,2781
214,2799
3837,4683
3466,4818
4359,4793
3935,2779
1509,4890
4508,2779
1807,4690
3053,5075
4590,4930
2051,2865
3501,4768
2660,4736
2638,2844
1821,4689
4437,4250
276,4889
2373,2864
4439,4746
2337,4816
3113,4963
819,5070
4163,4828
2752,4938
5043,8
3761,4872
2897,4934
2525,4253
2328,4679
503,2783
2899,4986
393,4970
3725,2812
1635,4774
1854,4723
2797,41
513,2848
4188,2860
1550,4770
3603,4673
2760,1734
136,4782
4186,2773
153,2827
2514,2787
3488,218
875,4267
4391,4751
3603,1725
947,69
3561,4759
647,4926
1990,4695
1001,4689
2465,4969
3005,2671
3288,4692
3619,4792
3515,218
620,1742
870,4989
4162,63
3990,5004
4486,2817
1065,4265
3631,5002
1799,4921
1601,4690
537,4877
4353,3878
1527,4250
3848,1788
467,4673
748,4694
3026,2858
4098,1734
2353,1734
4059,4693
938,4679
2512,4937
3341,4654
1485,2822
140,4818
1198,1729
3711,2838
3800,2798
988,4731
5079,4731
982,60
2138,2867
188,4249
3888,13
3045,2856
3543,4935
2189,4673
3980,2767
3395,47
4399,13
1889,5016
3783,1730
2540,2848
3196,4791
2320,285
2420,4862
424,4693
2193,1727
3635,15
4967,3882
1193,4882
3868,4730
3892,4753
4125,4634
949,1843
4183,4862
2154,4830
3527,4911
2180,38
3465,2786
1995,320
4722,2768
3816,2857
665,4955
3961,46
2394,1732
924,4731
1111,4801
2780,4781
4034,4964
3101,4998
2745,2845
4198,4818
79,4674
1669,16
4187,5074
2460,4695
1569,3886
88,4730
1898,50
1517,4731
1961,2832
3120,4736
4866,1836
3809,2855
190,2867
817,4815
1986,5074
1798,320
163,318
18,2835
3536,4250
1065,4900
3761,4857
699,2846
1281,2858
1084,2855
4442,1862
3921,283
4564,4689
1712,4856
1370,2767
3898,4248
4231,46
3106,2845
1794,4883
2666,2820
3181,2765
5014,4694
1298,2843
2021,4941
609,4996
2524,1832
4563,4763
3218,4880
2681,47
1299,4896
674,4741
1454,66
1347,132
3647,4894
30,4921
1521,2767
1049,1840
4066,48
451,4961
4173,5018
1802,3884
1563,4678
949,4872
3725,4870
1215,133
1481,4886
3140,5004
421,4992
4724,4785
1350,4720
1871,4876
1096,2764
3328,4850
2445,4944
3890,2864
4644,1847
525,1843
4452,4930
1945,1832
1072,4696
269,117
4112,4775
816,4817
2151,4884
202,40
4529,3877
1705,4897
277,1728
1609,47
2243,64
527,4791
2040,4251
1948,4988
4147,4763
4457,4681
1423,2817
3772,4751
249,4897
4701,1848
2339,4253
2451,2765
2299,1731
559,1841
1441,2658
2408,1732
2278,4681
3327,4678
3954,4729
3895,2812
3822,1842
342,4911
2602,4780
4070,4894
2491,4848
2986,4786
978,4860
2630,115
1575,1827
1133,1740
148,4780
474,4911
2876,4991
4653,3
3632,1833
874,4979
3969,2798
1747,2798
992,3884
2174,1834
3762,4787
4552,1842
4356,2808
1294,3913
1191,61
558,3912
1019,4733
1022,4634
557,55
2360,4786
4307,4743
4236,4793
4177,116
3438,4678
635,4685
3662,4774
1916,4803
2014,4991
125,4963
3334,4635
1906,2773
3257,4720
3576,40
82,4694
943,4951
4533,4789
251,4917
3036,4829
1587,1850
3435,4896
3200,4779
1532,4251
232,4988
1686,4732
3647,2785
440,4766
2386,4790
4376,1896
4386,4872
3845,4935
5041,2786
1775,285
1124,4889
1623,4687
3811,3878
4129,4937
458,4878
1899,4911
3296,4759
1958,5075
5026,1735
2512,1808
4070,4872
2491,4878
3324,4778
1014,4741
409,4940
3717,4654
1143,2816
1998,4687
3226,3882
3851,2671
2655,2846
3586,4878
5013,2808
773,69
3278,4613
3887,4761
3714,1737
4948,4674
3368,21
3789,1733
1044,320
4222,4907
1068,1726
3918,5077
3956,4966
2356,4741
2676,4914
4184,1
1393,2831
2013,38
4340,1818
249,2846
1990,4861
2629,1831
782,4914
14,4824
1403,38
4302,4685
2612,11
3098,68
148,1733
2198,1788
2761,4723
2066,4737
3673,4861
1166,113
4637,4732
654,133
227,3882
1168,5064
510,1847
436,1726
2596,4763
214,5070
739,319
4616,4862
125,4695
4418,1846
1650,319
442,4752
2618,16
4309,4684
463,4815
1133,4993
2267,4634
1659,55
1248,4687
4205,67
2714,4634
1050,4762
544,2840
732,1833
2162,7
3496,4979
995,285
1271,1836
4511,131
1584,4979
3301,4727
3810,1838
2419,4907
4345,4873
3055,283
2097,4741
2661,1834
4657,1735
3415,11
1750,1850
3096,1861
558,50
3331,8
739,4735
337,2840
2870,2866
1680,4789
3787,4891
3558,1837
1297,4762
3762,2782
195,4932
2659,5016
293,4772
537,4752
1588,4793
1954,2844
4043,4894
877,3
707,4887
4009,4693
999,5069
4579,1729
186,124
793,12
4184,15
3961,4250
2150,3
3591,3882
1526,4669
3776,63
940,4938
769,11
2095,2767
3239,4695
167,1742
1007,2765
4515,1846
2125,4792
3579,4793
4825,5075
3324,4988
2260,4769
2355,4824
23,2851
1144,2818
513,4892
3702,4916
4072,4966
4063,3615
334,4989
3200,4791
3402,4968
2726,4680
1868,4763
3597,2851
3387,4750
1751,4777
3582,2827
3367,2835
2954,4914
1770,4946
870,4919
226,2841
3690,4681
3173,2851
3446,4693
2477,4994
321,2841
723,2768
4586,2800
1232,2845
3965,2773
4306,5063
2456,4739
1588,4969
1755,2795
1038,2837
1017,5077
3775,5002
3355,4250
697,4958
470,2840
2382,4784
2564,1733
328,21
3519,47
2083,4926
1478,4693
2639,1729
391,4889
1508,2798
2406,56
1709,4904
2177,2858
2690,5
1382,4688
3607,4914
4115,4882
1457,7
1432,4849
3102,2862
3508,4896
1275,4877
3531,2848
2705,4248
4160,1834
3294,4848
404,40
2309,2838
1258,61
413,2788
2610,5066
3064,4990
3218,4749
3309,4940
501,4858
2170,4917
1111,3877
3808,4731
3492,5001
31,4947
2648,1851
3749,1735
4618,4883
3252,63
2535,4972
2948,4880
3405,4996
3446,4741
3264,1835
2971,4817
3620,4780
885,4677
758,4861
4479,2818
2499,4733
4592,4946
4125,2832
4037,2824
2947,2786
1107,4882
2363,4737
452,1862
4518,61
3341,4792
1943,284
1502,1896
1274,63
950,3913
1250,4886
263,1840
3820,4734
1009,4780
1611,84
3706,1808
3932,4972
4652,1788
4974,4776
557,1740
2599,2767
401,4668
4035,4749
1616,3913
2541,2841
3392,1843
4079,2773
1756,5064
245,4670
1432,1838
2270,1841
138,4782
3655,62
3336,4935
1016,1
1586,4862
4038,4613
2909,16
2797,2774
1401,2768
3450,1742
1122,2847
1598,1835
566,1860
4625,4693
3862,3881
3326,5002
367,2823
1934,4993
2460,4782
3643,4970
897,2813
4927,5077
3558,4755
2715,4887
363,2864
4,5020
4462,3882
3677,2835
1040,4937
4586,2832
742,4907
5031,4987
3711,69
3020,4787
577,68
3305,4894
2256,4885
1245,1827
4170,4669
1999,1818
784,5004
1022,4876
3337,4961
1617,3913
388,4751
4575,133
5012,2849
725,4829
1576,2837
779,4739
4208,4769
2806,46
2945,4677
4560,2848
2376,4680
536,2658
3873,2825
3462,2843
2643,4951
154,4911
2333,4966
4641,56
2180,2857
3252,1827
3485,4671
495,4799
4021,4765
324,1808
4401,2776
4508,2772
2112,2768
637,4781
359,4689
4394,4800
3750,113
1780,4815
4808,4793
4346,4696
1536,4768
2270,1827
2003,2843
1741,2843
3210,4783
3134,2865
5053,13
316,4686
814,4820
3811,5018
1801,2790
4807,34
2218,3881
2361,3914
1623,5066
1275,4792
3216,2787
3157,2851
4758,1831
0,4682
3943,4671
4222,4850
3798,320
3679,4682
1939,4789
2514,2784
3839,6
3802,2779
164,4680
4605,1844
277,4919
386,4830
1512,4778
4283,1734
2039,53
3945,4920
2954,4937
2331,4890
4584,2840
2154,4894
3514,4820
4383,2866
4293,1862
4117,4961
1035,40
794,1856
328,4906
199,4935
2597,115
837,3886
2153,2864
3639,2767
536,1847
4011,4761
490,4963
2584,4906
489,4940
2539,132
3661,4792
3012,4786
1206,4634
546,4734
4285,4939
1359,2844
549,4755
1298,2854
2681,4878
4813,1735
2403,4774
1876,5065
336,4953
3787,4946
621,4971
4853,4910
3156,2810
3696,1835
1437,7
1764,4742
1957,5070
1566,2832
1667,1725
1673,5074
4757,113
1959,3883
568,2795
4567,1837
3412,4964
3109,2845
1628,4799
1098,4766
4046,4906
4845,3884
3811,4889
1924,4914
4466,2789
2270,4674
4533,66
2890,2854
931,3882
1771,4954
1238,4265
3836,1
1539,4723
2120,4818
353,4776
2885,4730
1753,1845
2328,2795
545,1748
1673,4748
4149,1838
4506,4911
461,4994
1025,4890
1414,284
1716,2818
2398,4267
1225,4979
1280,5020
4060,69
4475,61
147,2783
4338,2829
3394,5065
3317,2816
4628,2837
3790,5074
2206,4674
3797,4900
4618,4635
4316,4682
2342,4781
3190,2827
714,1728
244,5073
3685,1725
1491,2846
1532,4947
3842,2832
88,4872
1608,66
3483,5016
3449,4786
3099,2809
4165,4914
1772,4952
575,4876
2046,4956
4295,4862
4826,2856
592,21
3506,9
1790,1733
2524,4781
3765,2790
1053,1838
1284,4884
1749,4946
3307,4941
2534,4690
1610,4267
4627,2854
938,3882
3472,8
789,2786
3542,2813
1104,15
3331,4775
3302,4819
4289,4248
1477,132
4435,4786
701,4680
3421,4778
3308,2822
868,1851
2992,124
1301,4958
259,21
3437,60
2806,4669
3015,2838
5055,64
1126,2768
2260,1837
3867,4919
303,4694
3944,4728
1200,1808
1340,2789
1041,284
1336,4691
4054,4876
3436,4761
1255,5063
1496,4847
1594,2844
3349,114
422,4784
5021,4890
2035,117
1364,4685
282,4824
1113,4752
4053,116
3486,53
1067,2821
4561,3914
4238,68
1282,4917
601,1843
2448,2813
785,2772
486,67
2333,5069
74,1857
3532,4919
3965,4902
5046,2658
2757,4741
3418,4673
2631,4897
507,4685
3827,15
1672,2824
1955,5018
848,2808
1252,62
582,4718
3405,4747
4540,4753
76,4878
365,4995
930,1896
2730,38
4257,4635
1339,12
612,1836
2467,4732
4413,4248
3193,4879
3742,4990
3228,4832
654,9
4078,5064
2482,2785
2173,4956
2756,2855
3990,4953
4582,1725
3741,4979
1119,4265
1765,4934
2720,4902
2089,80
3735,2851
2072,56
4433,1849
4128,319
1318,4753
436,4772
2657,4992
2936,4906
2054,4901
916,4944
819,4858
4087,4733
3089,1726
1878,1818
3296,1836
3006,4683
2222,4896
3323,1733
1695,2809
3530,4890
3240,4880
3831,4728
3631,4908
2419,4956
3577,4734
4567,2794
2637,3
1623,4671
3420,4759
1722,4771
5072,4988
1109,1833
3047,62
2107,4683
3198,4979
2264,2817
1119,1748
3224,65
1219,4932
1987,2798
1663,2817
3408,4934
3655,2848
2050,4860
1346,4673
4132,5069
1603,50
4182,3913
1977,4800
3974,4888
3737,4635
3839,1748
1120,5065
3104,4957
3989,2829
2263,2835
3385,2781
474,1748
1585,2848
4302,4690
2518,1839
700,4675
4417,4911
4665,4763
1483,65
1379,48
2234,1808
4893,2788
4252,2822
3997,4902
2390,2829
1247,9
2761,4803
1309,1728
712,2782
2945,2789
3026,4934
1941,11
4097,4992
3151,4817
3821,4996
4258,2826
907,4253
2661,46
4476,1839
3894,45
679,2796
4548,133
820,64
1589,4734
4132,4972
3409,4763
2563,2788
227,68
4326,4965
1803,4902
1520,2865
499,65
1750,4761
810,4965
4942,4946
3923,5070
1892,4880
4160,4689
476,4930
236,4677
97,4755
2511,4861
2920,4904
4584,4989
4402,4786
3280,4903
71,4885
652,1729
592,4266
4169,2799
4974,2814
2060,4761
4703,4634
907,4790
193,4676
1960,4670
677,4820
4657,1844
3313,4772
82,5066
2940,4920
1800,1742
4290,48
188,1860
4077,66
4417,2764
4722,15
2361,4754
1815,1896
1258,2860
1454,4998
2920,2825
3547,3885
309,132
617,4682
1222,4995
3390,4787
3577,4777
4865,1729
707,2853
2148,4829
1893,4861
150,4793
1286,61
2476,2816
3818,2823
3621,1740
1607,45
4070,4917
682,5074
1629,2849
3583,2779
2746,318
3605,4906
2487,58
1972,4776
3748,1835
1909,4686
3731,4988
3169,2796
4221,4766
1159,1851
2296,68
1182,284
989,5016
4645,4737
4834,1733
3275,4908
4117,4857
108,4879
5003,2820
933,4997
1012,4994
1417,5064
2024,4896
1989,4914
4068,68
1345,4731
355,3924
2003,15
3848,4797
732,4686
2501,2817
1914,4781
3798,4860
3580,4889
1415,4674
3583,4939
4652,4768
3061,2849
377,1848
2713,4870
2915,4958
3130,3880
4203,4897
407,4815
1377,1831
1787,40
4503,4882
2964,2765
536,4766
4345,5066
4312,4755
4667,3924
332,2779
806,1788
1694,3881
1339,3885
1196,2776
2383,1729
4725,133
433,12
3047,5073
2169,4930
2668,4951
1298,4682
1105,4979
2905,1860
4415,4978
4601,4754
5044,4884
391,2765
2321,5077
883,2809
1174,4733
3391,4729
4274,5077
1538,2789
1163,4754
2044,4691
2993,2856
4480,4955
4429,2767
1878,4720
3895,4916
3364,4887
5028,4908
934,1817
247,4687
3298,4761
636,4654
2965,4934
676,4671
4322,3886
3252,4749
4137,218
4514,4787
1939,4774
698,1818
4046,4990
1852,4777
3521,4772
3052,133
2384,4673
4805,4686
494,4634
4296,4849
4004,2783
2626,3886
3022,2839
801,4897
3524,1835
3224,5066
4263,2772
4378,4248
2234,4917
4630,1849
634,15
267,1832
501,4732
1886,4907
307,4911
4031,4694
4119,4686
1759,2840
3227,2827
4342,5074
3057,2839
3027,4855
2792,4742
1041,4910
1877,2765
2623,1834
2780,5016
4645,2851
330,319
3379,50
3706,4916
1475,67
3933,285
3763,4678
2237,4958
1078,2864
528,4886
3710,113
4342,1737
2627,60
1759,4791
3424,4779
2655,4697
868,56
4424,70
1984,4862
1990,2789
2339,1816
206,3914
4444,4849
4757,4250
673,4694
446,4736
243,1808
941,47
3176,4768
824,2671
1741,70
902,4930
5062,4738
168,2855
2022,2829
1314,4687
3331,4669
4027,1725
4352,1
3267,4248
3463,4873
221,4934
3202,4264
619,4994
606,1730
305,4862
1021,4906
2512,1788
246,9
4287,4760
497,4761
1952,4735
3098,4850
2753,2773
915,4777
1125,4816
3741,63
3831,1725
4475,2803
2770,218
4111,1835
4568,1827
4230,2818
3830,4690
1815,4896
2526,4889
1403,4931
1679,4250
3111,2857
4603,4797
3177,1837
278,2818
2089,2772
1146,1818
432,4799
4141,4921
563,1818
3943,2810
4234,4979
791,4994
3217,4693
2210,4748
4016,4878
271,4944
1203,84
3680,4896
4130,4755
4410,1838
3151,4926
2448,4776
4725,2814
1552,4992
1792,2768
207,5063
911,114
4708,4766
3711,2785
1045,4718
3689,4250
4490,1727
2898,2839
270,1733
141,1731
3332,1842
3352,4772
4227,5000
2414,4961
759,53
328,4253
1876,4264
3599,4873
445,2841
1754,4966
3147,4749
4001,66
1994,4776
3133,4860
1815,4688
3760,4682
821,4832
329,4783
796,80
3807,1838
1617,1726
1715,4251
3597,70
2021,1742
3720,4904
3096,4824
4699,62
1963,2862
2357,2833
146,4872
3259,3
1675,4755
3626,2818
3662,4970
3428,284
1965,13
3059,41
3284,2840
4304,4872
1914,4674
493,4742
3575,4884
4571,3914
3236,4876
1755,4267
2746,4685
902,1850
571,4765
3154,2765
2900,4889
612,2853
1470,2825
4614,4693
3195,2823
3808,6
2752,4746
281,1729
4576,1732
1165,1725
2874,2788
4719,3886
1493,4818
2242,2788
619,4787
2974,2765
1621,56
5031,4770
229,4771
1915,1857
1183,4832
3304,4674
3441,1788
2778,1850
1584,4906
1888,2799
5024,4249
4518,1834
3546,4739
2940,49
4306,5004
4418,2858
455,68
410,4680
2118,4739
3795,4889
2531,3880
4016,4634
306,4777
2143,4761
2089,4946
3000,2849
3984,4723
4470,4906
1952,4797
1320,1818
2422,4862
4452,1831
1655,1840
766,4992
1970,34
1107,2800
1960,3914
3720,319
2734,4955
243,4770
240,15
2552,2839
3938,4738
2871,4891
735,34
1307,1737
4262,2853
5012,48
3484,4613
582,2821
947,50
1131,2865
4407,2768
2224,4901
3293,5064
3281,4788
1044,3879
2421,4778
918,5064
31,1730
3859,4768
4348,4909
3621,2817
3701,4882
2300,145
4102,2856
2950,4861
2492,4797
25,4920
2735,11
3082,5077
4432,4800
2003,4992
4363,4729
1562,1734
1611,4902
2342,2855
2718,64
3613,4680
4364,1838
1267,4903
561,2817
2792,4735
2262,4964
382,49
2906,4872
1133,4797
1554,1737
1137,4908
3519,2658
1278,4816
858,4753
3118,4738
2881,4737
75,4678
816,1735
705,4693
634,3886
2470,2812
2284,4903
3443,4730
4277,285
3852,4915
3921,53
1064,8
922,2832
3149,4916
1636,4958
4113,15
1892,4989
300,34
3682,16
2137,48
125,2823
4562,4918
2076,4861
3769,4690
400,318
100,4772
474,1731
1957,4978
4481,4847
478,11
3576,4888
3657,5073
2341,1851
2982,145
2523,34
3930,47
2890,4901
1690,5070
271,4727
784,3913
2067,2855
1545,60
3815,50
1527,2798
2625,3913
2149,53
2501,5077
4709,4763
2009,47
2292,4751
3791,5
771,4772
792,4831
2515,2812
1632,7
4386,1729
668,4751
1938,2790
2439,4965
2636,1860
3587,1831
3658,1827
4573,3878
1107,4680
3202,2845
2663,4718
2892,1857
1383,4751
1933,4696
2456,4777
356,2835
4209,4669
5040,2781
1979,4781
4868,1837
1124,4729
4234,4731
4239,4997
3027,2785
3442,4939
102,4944
636,4998
163,2808
1053,1841
876,4911
1638,4882
1561,4759
2238,38
1196,4251
2527,4946
3638,4972
388,3886
666,2812
1000,4681
2572,63
624,5077
2133,69
1893,2837
2602,2848
5056,1827
4372,132
3434,4803
1313,4831
4146,2839
1678,2826
3704,4818
935,4685
4217,4742
112,4829
2682,4777
2134,4873
597,4991
4415,1837
1133,4957
1750,6
3524,1730
3178,5065
23,4784
3742,320
1605,2768
3069,4797
412,4892
2232,4954
2620,3912
3168,113
2346,4687
4182,4946
123,1726
1829,2848
1118,4935
949,4792
1777,1832
2273,4694
965,1862
2993,4989
81,2817
2367,2810
4420,58
1105,4886
2508,4816
2984,1862
676,52
3899,3881
4409,4939
1768,2818
1464,2855
1375,4905
1619,4957
4163,4855
1775,3
2550,4720
1327,5066
2425,4889
3365,4654
223,2764
3592,5064
2734,1827
3638,4990
3631,12
2185,2811
559,4952
4280,4935
4109,1860
2179,4939
660,4926
1820,4936
2236,4904
4484,1850
1167,3878
201,4265
557,4818
4162,4938
1404,4782
1335,4742
4412,4697
3764,2862
2929,2799
4063,4944
4130,1729
4393,4746
2090,4888
880,4800
1538,54
2523,2795
3523,4732
4221,4953
3896,3882
2507,1862
2931,4754
4435,2866
1277,1843
2548,4799
3062,4913
1771,4265
257,1860
310,1742
647,1733
1636,4790
3555,4723
3247,4654
2254,5065
1088,4803
885,4755
3311,4908
1981,38
239,2841
3671,4683
4138,2765
2499,1748
4067,3915
107,1725
3893,4963
44,4690
1720,4952
4155,4831
3923,4737
4196,4990
2568,4986
3041,4820
165,4766
2268,132
1146,2817
4606,4788
166,65
4615,4966
4658,2821
1244,4905
2930,4785
1664,12
1888,4749
111,4683
4423,1843
2215,3879
774,4759
3586,4739
77,4861
3614,62
1784,4889
763,7
3906,5063
110,4753
931,2796
3413,4730
1521,1788
1026,50
4526,4755
4757,2812
843,60
5005,38
1766,2818
1152,1834
3856,4884
3978,1728
5078,4801
3436,4668
4355,1841
3825,4785
814,4253
4007,4674
2685,4858
3385,4669
3243,4753
4537,4830
1232,5065
745,21
2561,48
1522,4911
3020,1817
2028,2822
1093,5016
3163,4877
631,5065
2085,56
2355,4697
2380,2814
782,4654
1286,2764
1166,2838
4557,1835
4582,4910
1899,4970
426,1831
3707,4850
1683,1861
1039,2827
973,5063
4097,4892
3606,4774
1905,4749
105,4742
3041,3924
1900,40
1765,4830
988,4754
2279,84
372,48
2708,3884
691,2854
1580,64
1228,283
922,5018
2688,4781
943,4799
983,4962
930,4800
2535,319
3927,4634
4942,46
3183,2825
4636,7
4974,5000
104,4815
1158,133
3518,2764
380,4996
4113,70
4624,4964
1341,4894
111,4697
4447,2803
4208,3880
3273,4790
4327,4781
2153,5066
3963,4831
3727,4718
3547,1833
4464,3885
630,4672
4466,1
3876,4862
4348,4997
4095,4956
3064,2803
2601,2856
2730,3878
1318,3615
412,2857
1633,47
4259,2824
2009,4832
4030,4819
4538,5063
3654,2799
3480,2858
626,2798
3231,5
3171,4961
4457,1788
3461,4723
1342,4913
75,4929
4368,2831
4397,1844
4008,4784
3838,56
4503,2841
3300,4906
4617,2811
1077,1850
1367,80
194,41
976,4873
4012,1831
457,1833
3840,4803
4706,2779
3096,2794
254,38
990,1862
1667,4911
3149,5004
3160,51
3116,4673
3954,4266
375,4723
306,4738
1347,2799
3003,4687
4504,4743
982,2764
1798,4829
2549,4861
2198,4911
3788,5016
1366,4265
1129,3883
2154,3
4475,4672
5079,4932
4319,1862
2243,4918
3910,11
4032,5070
1649,4970
2416,4936
4600,2768
3961,4934
332,4831
5068,3505
2975,2776
1999,1861
2376,4762
3603,1726
2665,4801
3382,2829
3225,132
4304,41
1787,4654
1425,4958
4136,4693
2470,2837
3867,4909
4428,4755
642,1844
3623,62
2345,3914
289,4264
3675,4907
3523,4678
349,4729
390,4816
546,4762
3103,60
515,4918
852,56
1703,2785
537,4882
1493,320
5027,4779
2525,54
3825,2787
2726,4855
140,4990
749,4264
4098,1733
4496,1837
3903,1788
173,4972
1178,283
3532,4877
2058,1808
4229,4849
2981,2866
930,2826
2122,1845
443,3915
1807,4818
4948,4635
462,61
5022,4748
3212,4783
3739,65
1053,4935
2646,4685
2423,4266
3093,4695
4949,3880
3776,5063
1707,4253
930,4951
2632,1725
493,5074
4649,4952
2437,2786
709,4861
5050,4857
3098,4946
2690,5063
4488,4781
3325,4766
3333,12
1688,283
1494,4688
27,4966
3377,2774
1144,2765
3558,4876
3351,2822
30,114
2509,4873
668,4998
3103,3879
330,2858
1562,4951
4376,4892
3137,2811
3684,46
1958,53
209,1857
4474,4962
3749,4856
3112,4936
3993,4801
1356,4919
2736,1848
3544,4990
2511,4987
1236,4762
3935,4935
1130,2855
2698,16
1402,1846
4146,1860
925,1
2373,84
3567,38
3064,4749
1392,218
1563,2823
4605,4953
3167,4734
891,5065
4120,2846
2618,2798
222,4878
5013,2785
3255,4989
499,1861
2696,4733
2640,2671
630,4764
2925,3913
2058,4832
155,4963
2804,2796
3723,4862
785,4892
4236,4742
854,4754
3020,4720
916,2789
614,12
1378,4677
4115,1857
1288,4773
2429,16
1185,2818
207,4763
547,4855
3816,4896
4230,5077
3255,2787
134,2809
3106,4877
1130,4955
781,4958
1251,80
1530,1837
4591,4965
2095,58
3430,4946
1824,4917
459,4907
4418,4828
4082,4824
3419,4946
1240,2768
4854,4676
1799,4894
3510,50
2286,2816
1472,2845
263,4969
1274,117
2607,4885
1465,6
4648,4692
3547,4877
3956,4733
3800,2765
255,4889
1233,4891
3361,4766
1059,2820
2645,4941
743,4803
793,1842
4469,4828
1230,5074
1963,4681
4089,2790
3023,4970
2363,4870
3707,4731
3859,4962
1346,4685
4540,84
4114,4668
760,2854
3290,4613
2873,4770
1136,4686
1661,1860
3482,4857
2723,2786
1934,4735
479,2835
835,4906
1467,2841
660,2817
3966,1725
900,1808
1663,49
2517,2822
4240,2776
1934,2818
1075,319
377,1808
2566,4850
736,5019
4200,4930
2489,4670
167,4737
4108,1730
1154,1832
5024,4858
4376,1788
4425,4790
3849,1896
1001,4668
1052,21
2430,4988
783,4904
1955,38
257,4743
2881,5063
1374,2782
4411,60
3767,4679
2990,2845
3240,4739
940,1748
4838,2823
682,2788
234,4938
2461,9
1302,4908
898,4670
1867,9
2183,4792
3089,4801
3419,5073
3975,4778
909,5075
1778,4818
1537,11
2272,4765
1208,2837
2752,4759
924,2776
4274,4778
2612,4727
2141,60
1663,3880
375,4746
2390,4886
636,4880
1661,3880
2618,4733
2048,4691
2002,4900
588,4696
4704,1841
3522,4736
4206,2849
1400,5016
1317,1818
4653,114
3748,4876
4311,4730
500,4741
1628,4685
2968,1835
1859,49
3722,4886
4050,4747
2332,56
2815,1835
827,4961
742,1735
2874,1857
2239,4265
957,4862
1642,2854
1603,52
3272,2794
4286,1832
2563,4766
2980,4848
3853,15
143,3878
2387,2820
2190,4248
4315,68
3371,2798
1661,4931
919,4684
3214,4718
1549,2773
585,5069
3176,2862
3781,4816
154,2838
3049,4969
2155,4897
3533,5074
4481,4969
4050,2847
1599,4958
3186,2848
3854,319
4794,1788
3693,4752
4401,4930
3589,4762
2741,5002
3608,4791
756,2867
642,2821
1390,4265
1161,2867
4558,4694
2493,4764
1011,4265
4565,4768
1756,4720
4494,4915
3580,2832
3248,9
1905,4832
4155,4947
125,4790
1966,4634
1468,4737
2957,2803
2573,5065
1933,4681
2770,1726
1515,4947
3173,4969
160,2784
2072,4936
1153,2809
1684,67
1377,4697
1924,3878
293,4816
2651,4691
194,4682
3683,5000
3066,1726
1633,4915
2193,4931
1087,4963
924,4760
4552,4857
2286,4819
4523,4991
4286,4905
1685,2812
1168,67
1421,2821
246,2789
1679,5020
2515,4856
4495,4870
3773,4856
106,5018
4375,2796
4283,2825
801,2849
4286,4792
4331,5073
2663,2831
851,4742
1330,4761
1905,4903
1382,2795
264,4930
4840,2784
3537,3924
527,2812
2364,4930
2661,4820
3969,4681
2404,4675
1908,51
363,53
4530,5065
4407,4934
1498,2820
2736,13
3264,4956
3558,2862
2145,4693
4390,2825
2245,319
3944,2765
2608,4901
3524,1856
1968,4773
1805,4856
4348,3881
3752,2858
3169,5073
3905,4911
156,283
3106,4613
3979,51
4621,1728
3185,4849
1261,4918
1530,2767
2306,68
2276,60
332,116
1088,2810
253,4253
2949,4747
2264,1734
1895,4952
1752,4634
999,2866
2226,5063
4400,1729
3671,1742
402,6
1372,5070
507,5000
2179,5018
2633,1862
1547,4947
2734,4790
1281,1730
1240,5001
1287,2816
2283,4747
4080,1732
1792,2822
1271,4686
4127,2818
2622,1843
2086,4783
4014,4919
1376,4989
20,4858
5021,4764
3734,2658
519,4832
4292,4892
596,4803
1257,4879
2666,4682
4851,4730
3259,4882
2445,4250
937,54
925,4970
3215,1
2459,48
1655,2818
4619,4961
2081,3914
3677,3877
898,2790
915,4860
3153,3879
223,4787
2576,4936
2439,5016
817,4789
3301,2831
3138,2787
269,4776
2465,1831
3204,1816
3674,4902
3821,5077
1025,4803
3851,4901
4376,5073
4145,2794
3256,283
3754,4686
1241,4763
4379,3615
3022,4791
988,4755
2927,4789
4834,4907
2357,4759
227,21
2544,4769
4047,2827
4256,2846
4387,4935
1971,2849
2072,5075
3959,2858
3280,132
2367,4878
2639,53
2362,67
389,4749
3727,2790
4351,66
3010,5016
1804,4860
4068,116
957,4997
871,4750
3174,2855
3323,2811
4562,2841
1854,4820
3377,4896
2396,1737
3581,3884
2896,1845
1686,4680
1097,4766
451,4678
4616,4668
1312,131
2340,3924
3008,4738
2742,64
4314,1849
1567,4668
522,4670
4153,2795
4000,218
2415,2782
1503,3877
3346,68
398,5069
179,2799
4304,1728
3351,1845
3935,4962
83,4886
1250,1848
433,4987
3966,114
1374,4792
1149,38
3165,1831
4224,2773
1111,1733
3697,4938
4641,1840
1471,3877
1497,4793
219,4746
3301,4762
4556,2795
648,4732
1924,319
4368,4818
4335,4890
1887,4747
4377,2832
2374,4681
928,1818
770,4265
1377,4727
1097,1839
3902,1896
557,4613
59,2768
1353,4829
1868,4990
5046,1855
1477,3912
261,4931
632,4777
1590,4729
1592,4872
711,4890
1211,4952
593,1725
238,5069
2560,2860
2871,84
484,2764
321,4682
3495,4694
4400,2840
3317,4754
2090,4956
4719,47
3728,2765
1234,4919
2047,284
4341,4979
993,4963
2509,4886
592,1860
4721,4778
2207,4654
1980,4963
4357,4760
571,4880
1904,283
476,4692
1317,3924
3949,4957
2112,4735
4171,2840
1301,113
2478,4265
3898,4902
4300,4904
3922,5066
909,4907
2931,4735
2303,3879
1693,5064
2562,2837
1529,4723
3185,4670
536,1850
2426,4681
1899,4937
4256,3505
4614,4697
4409,4768
3230,4819
4092,4890
3159,4685
1172,113
633,4905
4255,4970
334,4680
1602,1808
4796,4799
4298,4926
5014,4696
1789,8
468,3924
1468,4937
1005,1861
345,1817
1261,2779
299,4673
2219,3886
4323,2832
2620,4903
3898,1842
4066,58
905,2765
1380,4746
2011,4635
150,3885
1203,4678
1994,4935
2757,45
1336,2820
3135,2796
2604,4920
4173,2843
3542,4882
3125,4752
1556,2803
3241,4920
1995,4249
1688,4693
760,1834
1135,4848
414,4902
1546,3615
930,5063
4375,4926
1402,4768
2948,47
2473,1827
1116,4905
3819,60
965,4883
1266,4816
2523,4906
1824,1734
3420,1851
1162,4896
1127,5000
752,13
2733,1856
4532,4251
3094,4734
4572,4952
3387,2773
1533,9
4719,2784
173,3877
4589,4903
2412,4785
2926,4917
1483,4792
2380,5002
806,4748
2662,4954
4241,1742
2182,4910
1814,1731
3561,2779
4075,2847
4698,1846
3595,5065
588,4774
4608,4267
1917,4919
2681,66
2474,64
753,2811
1416,2821
2188,40
1930,4872
2953,4718
3953,4969
138,3883
1665,4730
254,67
33,4753
2545,2817
1543,4729
139,1847
3725,4785
3773,66
1803,4251
4174,131
2640,46
379,1896
4242,4862
3970,4891
1532,4684
1361,1742
4985,2826
1063,2785
4326,4267
1353,34
3342,4676
2095,5077
557,4858
3769,4678
5034,1843
2020,48
335,4737
2762,4879
3147,4797
4429,4861
5038,4750
4401,4731
4528,4941
3208,1818
550,115
1311,4971
1678,1861
442,1818
4000,4723
720,4765
198,2783
3552,7
2046,2781
2232,1732
3408,1857
1363,2841
2282,4673
1372,4672
3388,4909
1066,4669
2618,2860
1968,4748
