292,4765
277,4793
1164,4993
1894,60
1228,4723
2541,3878
4070,4739
2017,2803
2570,4654
4722,2867
3750,4877
277,2822
2551,4998
3074,4613
2173,4634
2210,4782
1012,283
2718,70
566,4675
4610,48
4560,3878
3024,4971
458,4971
1119,4673
3848,55
204,1730
4118,283
1331,3879
2883,4938
1359,319
2538,4972
4553,4759
4538,4799
3177,2795
953,5070
640,4720
267,2843
1943,2785
1363,4759
316,4748
4960,2786
1476,4971
3563,2823
2194,4877
1082,4782
2677,2810
855,4816
1568,4910
3026,4773
517,4972
160,114
1774,4955
22,2820
2693,46
3063,58
4583,145
2369,42
164,4799
2710,2783
640,2839
2473,4684
2703,2833
1393,69
1137,1861
172,4929
4386,4787
685,2787
621,4718
217,4696
2103,4765
3587,1
3189,2813
3393,4772
2146,2814
3394,4759
901,4953
4413,1817
2415,1742
2147,218
251,5065
3553,4747
1797,4904
2156,1896
791,4816
3142,4264
4533,2838
4148,4693
4451,1729
4211,4878
4174,4908
778,21
1031,4778
791,4929
4627,4791
2371,4689
1804,2774
280,2847
3332,4906
4340,4791
4078,319
5041,2790
4408,1831
4802,4681
3230,4782
298,4947
3130,5065
2098,4890
645,3924
1208,4749
2485,4752
3556,4738
1759,2787
2363,4681
4411,285
3537,114
4168,2808
3145,2817
1018,4820
3760,4265
3411,4634
3170,2782
3677,4939
1062,1748
3732,4732
759,1836
3242,4957
4190,1848
953,4937
3433,4935
2911,2817
2951,4692
2351,2765
4648,4961
3767,2774
3294,5001
682,13
4557,4677
1886,4759
3578,2844
2587,4816
77,4776
3823,4265
3774,5074
4342,1834
3737,5001
3315,4789
4542,2796
518,1732
3023,2838
606,4783
76,4750
3363,4938
2405,4876
720,2816
1784,3885
3602,4671
5006,5001
374,2837
3753,5018
3296,4955
1227,4753
3958,4951
2931,4742
2974,46
3439,318
4326,4778
2695,4888
2136,4686
816,4672
2010,4862
1967,1742
4875,4697
411,1833
729,2774
2508,4675
3451,4963
1471,4828
440,49
3251,7
1119,4773
4161,4932
1610,2862
3146,4788
2376,1735
1388,4682
4585,2776
3996,4691
4236,1896
106,2783
446,1740
1530,4954
2635,2821
2462,2851
3016,2817
1529,1735
4099,5000
2269,4673
1407,4817
3578,4932
2269,4850
4895,4932
261,4749
4139,131
712,1834
2345,61
4258,2765
339,4994
4357,4896
1984,4905
1692,4634
3193,4904
651,47
2040,4693
3710,4935
5084,1849
3455,2849
1093,4265
266,4779
1144,50
4132,49
2474,4729
1769,4732
3589,1848
2186,4763
897,284
749,5077
201,4748
862,4929
4399,4824
2042,4635
4365,4888
945,2844
1073,2794
203,1832
147,218
1642,115
4140,5075
217,5063
4455,1842
1267,4962
3183,1725
864,4901
5044,4754
4586,2812
714,3883
1041,9
4528,4771
160,1848
2514,4635
4026,4873
1112,2788
1210,3879
2882,4910
3344,3505
1096,4889
327,67
1684,4972
3034,5070
1559,4944
2680,4613
3981,4773
1683,2798
1900,2840
3518,145
1613,4797
3053,4765
956,3886
2676,4882
4715,2767
4324,4993
3939,2843
2766,2845
2546,4970
24,4862
5080,4979
2742,2839
1905,4935
764,4957
2535,4891
1707,4963
603,2854
1249,4978
3422,2800
1152,2794
4570,4679
3011,3879
2460,4730
229,4951
3709,4913
2469,4265
4151,1861
1476,2867
2578,4654
3313,4683
5072,4764
2432,4816
4337,1846
1743,4829
1445,2779
1924,2808
1509,4738
4333,4789
3967,2858
3838,12
3686,4873
3057,4988
2336,1817
878,5075
1023,4932
3183,1731
1435,5004
1496,2821
2651,2764
4036,4687
889,4909
1102,2773
2160,4729
943,1733
952,4800
1055,4860
4610,4253
1000,4855
543,4873
2321,5066
2013,4937
1338,4957
2593,80
4000,4877
2197,4738
2485,3912
1276,9
3118,4792
390,320
3935,218
2314,4782
1701,56
1345,4904
3203,21
773,2811
2894,2818
1633,4958
824,4682
1215,1834
2399,4861
1338,1851
924,4861
1134,4786
4282,4681
4481,4772
1596,2772
809,4862
3059,4729
1132,2827
1048,1740
1551,4654
2611,4778
1881,4776
4495,4965
451,4792
3136,4800
330,4906
721,4765
1138,1733
2886,3882
1864,4693
4237,4965
2778,4937
4646,4734
3404,4613
2711,1731
2140,4820
322,4931
4636,4878
2036,4742
269,4936
1063,3883
500,1732
1528,2846
4207,4877
1332,4697
1824,47
2089,2799
4416,4947
639,2862
3905,2832
4272,4669
1108,4797
4403,4687
3468,2846
2601,5074
39,60
2013,2864
737,4831
465,2821
4005,5002
1532,4939
4278,4909
1279,4964
2391,4779
1721,4888
323,4897
3969,68
197,4888
937,4848
3977,2795
3303,4965
4482,3885
4863,4249
2956,4880
111,1843
2694,145
1057,1857
4602,114
296,1838
866,1808
3039,4861
4473,4849
4359,4954
4129,4695
4806,4971
4131,4951
1201,4768
4710,42
1055,4723
448,2835
2337,4932
411,2799
4658,2855
985,4954
4130,4734
414,4266
3860,9
3517,4887
3070,51
5045,4690
5007,4879
2534,4613
324,65
4288,60
2185,1857
1520,4900
189,51
4649,21
4587,8
1315,65
187,4940
2132,4765
2151,4766
673,4902
3683,4787
4191,4962
3298,4889
1112,1847
4489,4953
3783,4791
1276,4734
1322,132
727,4970
4603,2837
1744,4670
2931,4817
3188,7
3741,1847
279,2773
1830,4748
3297,4670
2863,47
3222,4735
765,4858
899,4249
1347,4749
2279,3884
3248,67
2279,4998
3314,5019
1281,4676
3056,4727
2913,5074
243,1733
2046,319
4241,2810
4191,52
858,80
1853,47
1277,4634
1175,7
323,4911
3647,4998
1689,4766
3680,53
4834,4787
4445,2867
2743,3883
656,3
3237,4910
2346,21
3762,1725
4805,4988
2645,4888
2350,4886
1789,4913
1681,3912
2424,4862
2932,1849
1579,4926
442,55
445,2838
2312,5065
222,4668
3252,4861
3465,49
3343,48
3837,2821
2340,4830
2184,1818
3413,4654
392,1849
4409,80
4094,4673
524,3886
2630,4779
1074,2798
3054,4903
1481,4681
3449,4986
1720,1816
1483,2772
4611,2803
3399,4764
178,1855
2186,4800
849,2800
1363,2826
2877,2779
1483,4906
3370,2782
1446,2781
3287,4907
487,6
1515,2857
872,4917
3679,4954
2635,4733
3339,61
3448,2808
4451,4870
2769,4908
3793,1836
4513,4801
2715,1856
2078,4763
3366,4818
488,4685
3278,4880
551,4955
1303,4776
155,2867
2043,4883
1944,2821
2178,1844
1992,2772
1753,4877
865,60
3406,4686
1167,4882
4161,4894
355,2776
3662,2795
2906,4788
3053,4931
1215,51
1723,4761
2544,4860
1630,60
4467,2658
239,4683
4206,5070
1977,4776
3113,5075
2184,69
804,4768
4453,2851
1286,5063
1218,4873
296,4780
3587,4896
3759,131
1160,1845
2217,1833
678,2846
3685,4910
3243,4669
1872,4955
2320,4737
3157,4682
4698,4848
316,4940
108,9
1000,4878
1356,4673
110,4670
3448,4785
2143,5065
868,4718
1864,4735
3475,2853
2759,4772
1292,1726
1209,4961
3081,4754
2338,2789
3925,4780
2547,4929
2269,2831
3983,4250
2202,5074
494,4790
2573,4801
120,5064
4186,3886
4338,4738
828,80
4725,4918
4622,2788
2269,4905
2987,4733
93,4694
2153,2832
558,5018
1428,9
192,4778
1583,1833
4631,4780
1254,1839
1208,2825
611,4876
1574,3912
3640,4882
2204,4752
3955,4880
3141,2835
2092,2840
2973,11
2365,4995
2735,2853
2518,4672
1553,2820
2235,2784
589,4962
3617,4921
1107,4765
4804,4773
1878,4684
165,4678
2620,1847
2443,4739
1029,2799
786,4787
3462,4792
2382,2784
1979,4990
550,4731
4158,3877
809,4773
901,4919
4509,4954
1556,3886
1464,42
832,4988
3965,1734
401,8
4029,4680
3339,2856
3501,4900
1761,47
2241,4904
1242,2853
618,4769
1556,4691
2157,4681
294,1850
3450,2854
4181,4787
411,320
1108,4887
2097,4947
4210,1836
1673,116
4207,4820
185,5
2941,54
538,4772
3237,2773
3162,2864
2480,4819
3383,4731
1806,2839
3721,4940
1338,4690
307,4968
607,4264
2688,117
4155,53
59,4856
1508,4773
102,2817
4642,2829
1819,4939
3763,4739
2697,5074
3179,4818
1972,3886
2404,4894
3329,4692
1152,4737
4869,4746
1607,218
2696,4748
4178,4920
4573,3924
4110,4955
2235,42
3742,1727
2095,1842
4869,4635
3438,1832
4120,41
4407,2835
749,65
3485,1735
2099,5001
2904,3912
1804,4693
2197,1856
2121,4789
4049,4957
2287,2849
4491,4759
2654,1808
761,3924
4154,4848
3422,4932
995,2810
2693,2786
4483,4750
1248,2816
2590,4815
1180,4683
4922,2839
1975,4957
3735,4776
1586,132
2092,38
880,1730
2533,116
1782,4914
2223,38
3747,4819
1106,5065
2998,6
1907,320
2564,34
4585,4856
4495,4816
1605,2781
1154,4752
4037,2847
2232,4957
2876,4683
2216,4855
2753,5018
3371,2847
2200,4870
3274,4879
3442,4253
968,4764
4098,1816
2482,1832
2035,2817
1805,4693
3806,4678
2243,4770
190,4993
708,4678
2891,4990
4841,2772
3544,60
4018,2809
3643,114
4284,4791
3080,2784
663,4963
791,2816
889,4993
3287,2831
663,283
3099,4956
3772,1733
3731,4978
4463,1730
4365,4696
3936,4729
3763,16
410,4797
2815,5070
1820,3881
4419,116
3576,4697
1117,2849
488,3912
4218,4990
3616,2800
645,4896
4054,1834
4244,4753
2464,4738
4700,1816
3413,2798
1708,4770
2431,4934
1721,49
1756,2800
2321,1856
2241,4763
2465,2800
2007,2825
3026,7
4452,4738
646,4849
4351,4673
4813,4972
1314,4966
4192,4890
123,5019
2328,2855
2067,4797
327,4876
1000,3615
1627,4941
4530,5063
4028,4769
2615,4672
3454,1733
1257,133
3025,4751
1172,218
3083,1861
452,5073
4975,2854
4147,4729
764,3924
3355,69
2780,4903
2422,2858
893,4986
2673,4785
656,42
3719,47
3311,4766
2120,4266
4400,55
1042,4689
4273,319
1454,12
1635,5074
3729,4972
4092,4800
2120,2811
1130,4829
713,56
4433,49
899,1851
4636,12
3580,68
4056,4955
2308,4815
766,55
4186,4668
1237,5064
3278,1837
4295,4691
2118,4953
2343,2832
3324,65
3798,2824
370,284
3802,4774
228,2814
905,4731
4287,8
3841,2860
5015,4785
3738,1846
1123,4820
2398,4919
4805,4696
1315,53
3020,2867
1137,21
2395,42
3146,4885
1369,4737
2301,4675
3553,4768
3445,4978
1765,4968
1247,1725
1717,5077
2688,2767
2056,1729
3521,45
3195,50
502,4817
3858,1850
1232,4955
1228,2782
1403,4904
3510,4769
5043,3915
4320,4929
2705,2845
3680,4888
2580,1857
3200,2764
4084,4733
3111,4947
4010,4728
3243,2862
932,4885
597,1836
3596,1788
1016,2773
3293,3877
4346,4691
4238,3915
1621,1817
1457,2824
562,4727
1927,1838
349,285
1099,4670
4365,131
860,4695
1233,4961
4580,4750
1859,4789
2685,4918
3742,4760
4560,4690
1379,4686
4804,4861
1225,3885
2944,2816
57,1727
3970,5074
1753,2821
675,5002
4026,4730
1011,1742
37,4820
3496,3912
849,4694
2310,4696
834,4847
2881,1834
2253,1727
458,3
1974,4991
3986,1729
253,4731
212,1818
734,4769
4579,4674
3197,4883
162,117
4369,4939
2004,2785
2501,4889
4871,4894
2345,2795
2747,5073
345,3886
420,4920
2182,4785
5083,4905
1111,4889
3845,4873
168,3
1633,4771
413,4764
2157,4770
3853,4963
18,4879
823,4892
3633,2816
112,5064
4353,3886
1347,4766
1367,4884
561,4824
4189,4738
1668,4963
1099,5070
202,2848
3201,64
1372,2823
3723,2835
1878,4917
576,4956
2366,4774
3664,3878
904,4803
958,2784
2038,3884
3154,4750
3867,2764
1363,4847
3718,2658
2943,2840
4568,4909
921,2772
551,49
99,1818
2267,4969
1377,2814
969,4729
1045,4696
3448,4937
3492,1831
244,4248
758,4886
4552,4790
973,2820
4977,4861
5042,283
4001,3505
3063,66
418,4877
399,4774
2316,1841
4361,4785
4325,4800
3728,4762
337,2810
4331,4751
2232,2658
3033,4931
900,2785
2202,2796
1802,1731
4191,4828
844,2849
2728,2818
541,285
2504,2658
2935,4267
4274,4901
866,4734
1792,4775
1115,4746
3139,4957
673,1834
2072,4801
2529,4672
3828,1842
1299,2784
550,4876
592,1862
1221,4996
4385,2787
598,4695
494,80
943,4888
4809,1839
4213,4694
1004,4954
515,4778
2482,4995
4051,4903
3454,116
3080,4930
1230,2782
3228,3914
3366,2658
4109,2866
3293,4738
1165,4989
3825,2839
3112,4957
1389,4681
3459,4954
1058,132
2378,2658
2436,4736
2308,4957
59,4801
2279,2773
3217,4681
4187,4856
3152,4829
3835,2796
1031,2809
3024,4993
2896,4694
87,2773
4584,4861
5051,68
1490,4988
980,2853
4489,1733
2357,4728
592,3879
1998,3914
737,4953
3898,1857
1158,4989
1530,4896
794,4918
4125,1834
910,4987
394,5077
287,4888
2343,4991
2622,4848
4794,145
1713,4759
4064,1732
23,4935
2392,2858
373,5075
560,3505
254,2784
2541,4771
1921,1850
1230,4964
4307,4849
3731,4635
208,4929
950,132
4597,63
2409,4267
799,4728
2639,1831
4308,70
451,4870
3550,4830
362,4733
1174,4991
2126,4797
1794,113
2704,2822
613,4799
4659,1843
1001,4788
2168,3505
1271,11
1814,4780
4837,5063
1545,4931
1710,4876
120,4940
3655,1841
4345,1730
4591,4944
3458,1735
2662,5065
438,4857
20,5004
2210,115
1642,4689
5061,51
3155,4847
4594,4733
3776,2789
1005,319
852,4849
1938,2814
4487,41
817,4946
1686,4788
2301,4955
2648,8
1984,4783
651,1855
2043,4882
3324,4764
657,318
2991,2813
2212,4857
2494,5
3124,1896
2662,2829
2769,5069
4058,4889
1392,1836
4588,4847
1369,4267
2063,5016
146,2786
4924,4957
2455,4963
3273,4848
3317,68
1532,4686
3357,67
822,4970
4745,4729
305,2820
4391,3924
1106,4800
1911,4819
3658,4683
1046,13
2116,58
2307,4799
427,1729
76,4964
3684,2773
2911,3
333,1
597,58
3410,1839
1972,2786
1751,4892
814,2820
120,4954
3092,4894
1165,4880
2561,5074
20,61
1795,4777
1191,4880
1138,5020
2212,2851
1304,4759
4089,2837
826,5069
3234,4686
1071,4997
903,4887
768,55
4130,5073
441,2813
781,4780
3581,2855
998,4786
948,4885
3796,2814
3986,4848
4042,4952
204,16
269,4735
2028,2671
1696,4955
1955,4771
1901,4749
393,4687
1178,4613
2378,1742
2620,1857
2515,4995
3381,4816
3163,4741
315,4901
5045,3505
393,4824
4923,4674
146,2772
3667,4830
2745,2800
2129,4755
4043,4968
3742,41
4170,4877
3761,4952
3514,2790
236,54
282,4249
3898,4729
4724,4749
1781,4762
1663,50
4417,4944
3175,4774
1366,2768
3808,4679
276,4766
632,4932
4327,2867
1664,4678
2870,4873
2345,80
1794,4749
3603,4830
1403,4992
3240,4855
234,4902
2009,51
552,4746
1179,4749
4292,4730
1530,1834
2922,4878
3472,5077
4205,4264
1351,4668
3942,4815
1957,132
5067,4936
2624,1816
3905,4849
4180,3915
1389,4784
1450,4693
2429,2839
514,2787
648,4775
2293,4870
4255,4926
3166,4850
2032,4850
4585,2796
2131,3883
3171,4760
2863,1846
475,2817
2431,4733
1154,2867
4308,4728
3395,4877
485,3878
645,4780
1538,2824
5045,4855
1606,4671
2333,4683
1227,4897
82,50
4469,4779
196,62
259,2840
3612,4766
162,4882
1121,4759
2587,4818
3415,4930
3397,4915
4246,1843
2665,4732
463,4264
3579,2820
3742,2788
784,3884
548,2781
721,4677
1687,1726
4452,4765
2994,4675
773,4996
89,318
19,1725
4706,4799
2526,3
2277,2865
2109,41
3513,4696
2674,4878
3115,4860
123,2823
5061,4762
1663,4994
4354,1839
1247,116
3799,1837
5024,285
1622,64
229,4994
550,2862
2313,1831
3982,4752
3593,52
173,2787
1967,4692
3167,2803
2099,4676
2053,1837
4564,3915
2542,1862
2682,63
3235,1855
714,4789
2969,4769
3945,4996
1793,7
4544,4937
3922,53
3261,15
683,4793
1476,4779
3681,4831
2884,2826
1550,63
3317,4891
1617,4935
1904,3
147,4250
2368,4909
3451,4818
4495,2848
3241,2839
4277,4265
4181,1737
672,4970
32,1728
1182,2773
1506,3912
490,4678
3058,4718
4346,1827
731,5004
340,3882
2888,2803
1570,2658
2777,4994
3771,4776
3054,4738
4237,53
397,4917
4950,2848
2371,1730
1410,2781
4436,4249
2705,2790
2982,38
462,4857
339,4996
3253,2781
1405,4917
3298,4961
555,2848
90,4264
202,2776
1110,68
1171,2796
2019,4860
3494,1817
1449,4830
5041,4940
2804,5065
2334,4775
2479,4688
2030,4669
2300,4965
1021,4689
4414,2764
2086,2827
2054,4971
2471,4635
1435,4754
2241,284
2431,2773
2243,1860
310,1730
4167,5077
4055,2812
2364,2858
2300,54
4444,3
3534,2765
228,2829
973,5073
2097,4696
486,1817
2819,114
2039,1728
4010,4727
2056,4729
4659,4991
1400,4936
3975,64
2480,2832
3489,145
2349,48
1101,4891
652,63
2936,4760
3954,2857
2797,2782
4076,2812
2592,284
1394,4832
3991,49
1979,1839
4645,4748
2207,2789
5083,2765
2678,1742
2108,2818
1065,4753
4649,63
4445,132
4610,4772
3808,4738
604,38
1575,4803
4258,2781
4625,70
1754,58
262,60
3193,4920
1743,2816
2326,4911
3311,2847
4273,4820
244,4768
933,15
1061,4918
88,2784
3574,4778
469,2835
1437,4764
106,1733
232,4940
3735,4668
505,4824
3848,4992
2142,4727
3217,1835
502,1733
844,4754
3432,4926
2954,4910
3081,1726
2318,2816
4611,4733
1585,1818
4583,3883
2024,2822
3889,1851
1257,7
3993,1725
4107,4817
3891,4828
4333,2840
4115,2823
889,4915
5024,7
555,54
340,4733
420,283
1668,4877
1566,4997
2390,61
4509,4686
3360,4265
5045,4780
3992,2773
1509,4962
1097,4909
4137,2831
1277,318
898,4917
919,4765
2151,1862
4144,4995
3069,2783
3799,131
3242,4251
2319,4680
86,2812
4432,2840
4502,2858
1341,4890
4031,2816
2530,4730
461,4790
2243,4940
1994,4785
3405,4686
3629,4782
2323,4858
139,1788
3939,2827
3467,4694
2454,4997
187,4912
4928,2860
1325,4764
261,4847
927,2671
3417,4685
4866,4249
4604,1735
3443,4266
2040,2794
3004,4691
3960,2847
5055,4764
2322,4820
727,318
2033,115
2707,3881
1620,5019
1419,4958
1226,2847
4293,2855
3833,4729
3697,1844
1815,4905
1687,4692
4838,4889
2749,4727
1555,2838
922,4775
3048,4742
708,2783
2062,2825
57,9
2059,2835
1080,5066
1706,4738
2948,2858
1013,116
4982,4921
3248,4773
3107,15
627,4912
1224,3883
1717,4951
3661,4911
685,4890
4307,1742
939,4764
1285,1742
1738,4249
4131,1842
4220,1857
3633,4889
777,145
2090,4634
3297,2858
2289,2829
1116,3884
3492,2772
3766,4672
298,4905
429,3914
4812,5077
2471,1827
3285,1849
369,9
3389,4990
2252,4748
5072,4921
2656,5001
2403,1850
352,62
3852,4886
3953,5075
4388,2857
4108,2816
2057,2767
4515,4759
3302,2849
3266,2773
3552,4909
3797,4829
785,1849
4721,4685
4262,4741
4213,4915
3978,3877
1884,1860
2398,4993
3393,4803
811,4862
576,4847
4041,4783
3672,4936
353,4752
4851,2823
2390,4782
2304,4267
14,4762
3464,4883
3499,4858
457,4690
168,4635
558,4770
3666,2782
278,4672
3347,4670
1774,4733
3281,4828
3572,4931
1079,2812
3135,2862
4295,2855
4463,1857
337,4824
4257,1788
3614,4883
2802,4936
3060,4783
2013,2799
2970,4691
1178,4876
4209,113
4527,4817
1766,4741
1921,2773
4515,2786
268,21
3270,284
3797,4892
1073,1856
4200,4265
4032,3505
1354,21
4104,114
918,42
1692,5016
3522,4774
5059,4857
4086,13
2906,4768
4597,284
4154,49
4386,2671
3917,4831
3894,2783
3103,1856
3084,1846
2653,4784
4925,4998
329,1740
714,4926
1193,4891
1602,4668
2958,2809
1470,4994
870,4789
4219,2832
1524,42
3221,5001
4868,4858
1266,4732
3926,4747
2217,4914
2554,48
2130,4267
836,4860
1557,4986
2557,4819
3968,1849
2314,80
873,41
4270,4952
1200,4764
2687,2833
1699,4786
943,2781
2003,1731
1584,2809
370,21
2916,7
1686,2784
2199,4932
3990,131
4252,4818
3106,4966
466,2860
3748,2789
1647,4830
3768,5
1160,3882
3117,3878
2694,4963
1361,4694
1614,1838
4392,1841
2343,61
2528,1832
1551,2671
4798,4909
1998,3882
1482,80
3453,4991
1452,2790
439,3881
1212,2671
1859,1788
2732,4926
3560,5073
1451,4952
288,61
2122,1827
1137,4998
1779,2768
1739,1727
2174,1827
3441,2818
3772,4930
2633,4829
1239,4789
3716,4748
3517,4921
4156,2796
2724,1857
3900,70
4811,1837
1763,1848
4220,4773
482,4988
3980,1856
3773,4830
4284,4969
2612,62
3447,4962
2909,2848
1787,4689
1415,4720
4625,4790
349,4791
5082,4689
4411,1860
1216,1732
1097,4824
403,4761
2967,2808
3839,4760
2406,4731
1481,4729
3720,1838
2324,4855
698,4920
1251,5004
3943,4782
2327,4746
4418,4777
705,5018
3600,40
2725,4882
2368,49
2926,4955
2911,4731
4125,2849
4170,1844
1948,69
4798,4940
659,5001
3287,1727
4087,3914
3583,1732
4361,4968
3329,2843
4131,48
2886,113
1502,4921
495,4847
3996,1734
4509,4741
831,4267
2087,46
120,4264
1397,117
230,4253
1923,2785
4725,2781
1197,4816
3687,1732
196,1740
558,4986
1644,4753
102,4955
3243,4249
2359,4856
2576,50
4924,4972
1711,5019
2421,4250
2076,4683
463,4916
3362,1748
2025,1788
1798,4670
123,4755
441,4847
1404,3885
4547,4253
1038,4887
4982,4820
229,16
1925,1862
4717,4878
1931,4799
834,4820
1693,1856
2134,4848
5046,4677
3295,5073
4336,4694
3011,284
2328,2765
1541,2784
1502,4734
2525,4728
1886,2867
1709,4734
338,2846
4711,4682
2665,1839
3873,5073
2941,2816
3911,4729
3435,4790
4809,4669
1257,2820
4538,4970
2018,4952
4622,4733
4543,5002
1828,2845
1290,4968
3893,4249
5044,4793
534,1846
502,5019
4276,2773
2656,4947
1290,6
3534,4760
4472,2799
3018,2767
5005,4914
1542,1816
952,65
617,4978
4547,2800
4571,5001
1227,4947
3506,84
3234,49
2324,4951
1676,4769
169,4692
5025,4951
338,4750
3091,4900
3566,4248
106,4850
3605,1731
306,4934
127,4951
3030,1835
3124,4847
2991,4912
4722,4929
3729,2857
2080,52
4262,2795
238,4889
2130,4996
418,64
4498,4998
840,4786
2140,4686
3219,42
1688,2827
215,2823
3748,4733
4201,5018
1683,3615
651,4900
2345,65
1660,3883
2438,60
3724,4903
4138,2835
1958,2816
2871,2658
3229,5002
3538,4785
750,3879
1367,1737
1382,4888
4357,117
2244,4675
4825,2831
1760,4905
2482,4936
3974,4815
142,4872
2912,4695
2039,2823
2031,4912
3224,4885
434,1740
3605,4672
3471,4962
1166,4691
502,4986
4122,4735
1985,2789
2727,5075
4468,4828
5049,1838
847,4777
3985,4730
753,2821
3308,47
4013,4855
3799,4735
954,4887
4274,4696
820,1857
3851,67
3120,1851
2482,4669
4254,1840
4159,4857
541,3
4345,4739
4450,1851
3712,4674
1608,4953
2439,2848
3387,4917
3962,4855
3934,41
4612,49
797,1834
3502,4781
2975,4248
2189,4883
4441,4766
3050,4970
1350,4673
121,4920
216,4816
2253,2671
456,4884
1491,4940
2390,3912
4240,4884
3081,63
2314,4986
3184,4819
2452,15
3323,124
4048,4728
3424,15
765,51
3200,4750
4365,4996
2723,4820
3653,114
2154,4915
3539,1838
3766,1735
3905,2825
3587,284
438,4774
4580,5077
494,4962
4020,4932
4278,5077
4437,2808
3917,4907
2500,4970
942,4267
4175,4695
1571,54
2985,4692
100,5
2483,2855
3702,2798
3453,4790
4060,4264
1718,5001
1452,3505
357,4954
981,5002
2090,4790
1583,4634
3200,4955
1384,4696
762,4891
814,4944
1927,1850
1047,1788
18,2789
1900,70
4517,2808
4030,3915
5059,4799
365,4913
1898,4789
1815,47
1610,4250
687,5065
3331,5063
2638,4957
4397,4919
252,2865
4538,1818
1257,4962
4612,2789
3321,56
3161,2835
2014,4797
2493,11
3154,4957
1050,4267
2187,4249
4296,4730
2635,4934
3646,4998
1632,5020
200,2787
1398,4858
2194,1851
4213,8
924,5000
3074,4919
2080,5073
3737,4891
4191,5016
4948,2857
3794,4892
3202,133
2467,2820
3195,5020
4355,1861
333,4267
1881,4733
2980,1725
3701,5077
3748,3878
1723,4885
3018,2867
2118,53
3295,113
3499,1856
3767,4789
705,2823
3057,4251
2289,5019
680,4911
3520,4668
1507,4952
3892,4250
120,1737
707,2841
1435,4993
3014,3879
3821,4962
3338,5001
876,3880
3049,2856
3259,4818
1671,1837
1187,4801
2891,4892
756,1728
402,4870
1243,68
633,4994
2339,1808
4515,2855
2077,2810
1854,1816
1244,4997
1322,4862
4758,1730
231,2671
430,2800
3865,319
2938,4759
1415,4987
2415,2854
3946,4929
1973,11
1489,4954
5079,4941
4898,4878
4441,4937
2045,4901
854,4729
4384,2848
358,4680
130,2857
2575,67
2544,4995
1948,4732
1906,113
2683,4902
996,4749
4466,58
1778,1808
3559,2789
3819,84
276,8
2319,4969
685,1726
1548,2794
511,2787
1747,4884
1284,4862
1805,4918
1636,41
3183,4919
4296,4855
4337,4935
647,2796
1133,4910
4270,2855
2326,2832
1709,4678
4517,2862
820,3914
1501,1847
3521,61
1415,2795
2361,1731
1656,1728
3866,4748
2549,56
2211,4750
2067,4936
2480,1861
414,2784
2399,4904
1718,2774
3182,4915
5067,4994
261,2765
842,1849
2473,3882
2340,4887
3147,52
2346,4769
3837,4675
4320,62
369,4848
2335,2784
1621,46
1546,2782
4465,4691
415,5064
2138,1729
1582,4773
2198,4785
4504,1808
2084,113
2689,2865
568,218
1819,7
539,3505
4428,4958
4593,4889
244,69
992,4989
784,4676
892,4669
1198,51
2269,4788
3327,1833
953,4742
4967,4921
1774,2764
186,4997
3112,4754
1596,4972
2727,4695
4212,4763
3942,1831
2493,4978
2801,38
701,4669
540,4939
2030,2853
2974,2825
3206,285
3953,4668
1942,4915
1600,3915
1852,3924
1820,4654
3489,4988
3348,3880
3259,11
208,4723
2719,2783
800,4770
4263,4681
188,2835
1154,4775
1906,4832
1719,42
1041,1735
4536,49
1010,4770
1630,3881
3436,4780
4440,4901
3276,2790
4315,4870
3986,4731
4898,2849
2607,70
738,1817
3585,1788
2725,55
2792,4858
3392,284
4152,4777
220,1855
700,113
3835,2798
1304,4955
1863,6
4144,4674
259,4990
1482,47
3182,4780
4081,4694
167,3615
433,4858
4214,3882
2949,4829
1620,4718
4101,3880
1186,145
2021,4931
1535,38
254,4749
2626,4730
2337,4858
1583,116
2956,1735
3691,2786
1491,68
4510,8
524,5
3657,4829
662,5001
968,3913
4629,4742
1977,4771
4619,1740
3405,4832
1524,2810
3988,1827
1295,2851
1221,4946
1911,1847
154,4860
1936,1857
4427,4855
3157,4677
1916,4902
3548,4915
4328,3
2094,2865
1662,320
4177,3914
2534,4884
3926,9
411,1730
1533,5
3929,4828
2486,2848
159,2826
2446,1841
4437,2767
1292,3924
4096,4634
502,4877
680,2785
5062,1788
4203,1727
3800,4911
3831,53
130,1817
4584,3878
1967,69
2419,3924
971,4688
964,2826
1272,4979
3801,4747
2065,3878
44,4736
3609,4997
4066,4894
672,4914
1908,4861
4289,2789
2964,4682
1424,218
365,4968
609,5020
1370,132
4663,4934
393,4780
361,4954
2598,4873
3947,2820
1114,1847
1045,2817
622,1842
4709,131
1707,45
1077,2798
3297,1730
934,1833
3468,2799
3994,4250
1446,4971
1391,4830
313,4634
1925,15
5045,2800
3094,4765
937,114
4069,4855
2450,4830
1351,1847
327,4919
825,4681
1268,4955
2499,69
590,4939
3580,1731
3100,4674
1926,4884
1087,4790
3874,1861
2645,3885
3727,2843
3215,283
2012,1841
1331,124
1487,4727
674,3913
1031,4801
14,2846
499,4730
2478,4920
1400,2799
3376,55
3919,4801
1179,48
3674,2820
915,4886
2172,64
4625,4955
4199,5064
1465,9
3045,2787
882,1847
120,4265
734,1836
4468,2838
2654,4800
3983,1849
1284,4978
2426,2825
2138,2847
1746,285
2327,2837
3871,1848
2581,4971
1561,4751
25,53
3019,2841
4794,1817
2073,4855
1363,4872
583,1742
4641,1740
1946,1818
260,1839
1229,4762
2680,4686
1661,4940
2233,1851
4975,5001
2885,4790
1512,2843
4100,4961
1274,1740
2058,284
2892,4776
5078,1726
1174,4889
3057,1788
998,2844
2076,4970
2669,4996
4407,5064
3441,4929
1430,1839
3474,51
4232,4829
3494,54
4188,3879
1313,4897
2182,1896
2539,2821
4142,4889
351,4954
649,4988
501,4670
2281,4733
887,4963
1687,4250
1257,63
2435,2864
5053,4878
1297,46
5054,12
3899,4634
2638,4772
2279,56
105,2857
2771,5070
565,9
3461,1748
4648,4679
853,4267
3559,3915
1978,4742
1202,116
4524,2774
1377,4674
3583,1835
2589,4850
831,5063
2896,9
670,4770
2329,38
655,4832
4245,4674
912,4674
4833,1733
2203,4670
4615,49
2420,4904
5055,318
4478,4978
2806,1727
3255,5069
3783,3913
1045,4249
3379,1727
3418,53
1346,48
1892,4969
1089,4684
312,5020
1046,47
1036,4793
3781,1742
4156,4847
982,4690
2191,4733
987,4900
785,5004
4235,4751
4602,4998
3617,66
3735,4773
785,34
2634,2840
1057,4882
1384,4926
2299,4913
851,4972
4377,2658
73,4697
2612,4908
4168,4696
4087,16
2407,4911
1070,2846
4334,4676
4360,2795
697,2803
2447,2785
2139,3914
3055,2790
2730,1851
79,4946
1682,4968
1607,52
2138,52
4128,4857
3244,218
2313,5064
4595,58
4016,3
3932,4919
3628,5075
356,4731
2255,1
3900,4904
2964,4732
3391,3885
362,4878
878,4885
2662,4694
2936,4748
2930,2783
925,2853
794,4972
688,4972
392,4783
646,2821
1668,4681
2984,4695
86,2774
406,4997
4237,4763
1249,50
3764,1735
1719,4896
3986,2867
3745,4992
4466,3883
4307,4779
3346,1748
4041,4743
4048,3884
3803,4896
3994,1816
1883,4737
561,4934
4421,2789
1774,45
409,1850
2393,3885
3151,38
3363,4988
4148,4742
4808,2823
1013,3883
952,4969
787,4904
2536,1827
3644,4855
3549,4831
4662,2767
1062,4800
4257,1732
3225,4793
1435,1808
1186,2658
1987,4816
477,2671
4436,2862
4572,4787
4804,3914
820,4250
92,4670
3485,4691
1583,4788
3704,38
1099,3880
4565,4797
3238,2784
708,4791
4120,2860
199,4747
1969,5073
2097,4783
2580,1837
449,2783
2724,2813
4335,4877
1702,4754
3859,2803
1447,4792
3100,5065
2255,4266
4546,4887
3995,7
3582,4944
516,1846
980,4776
3341,2781
2566,2865
1383,40
4279,1735
3653,4968
4514,145
3685,2824
1916,4766
3052,2862
4550,4861
1203,4752
298,2832
1038,4947
435,1850
730,4790
4311,34
4622,2829
2070,3877
1068,4773
1432,4857
2554,2788
1978,1735
678,113
4100,4939
3725,2848
4235,2864
3512,61
2117,1733
4270,4912
645,4267
1220,4751
1412,46
5059,1835
2002,2768
938,1851
1918,16
3633,3884
1651,2829
3802,5063
2423,4760
769,319
2502,4818
1141,2831
3477,4890
3423,3877
2976,4972
1171,1816
4239,4774
561,4771
831,2808
4158,2782
3887,4996
2947,4848
2361,4886
735,5066
3635,284
3726,69
957,2846
893,4873
4256,115
3755,4776
3897,1861
2151,7
2654,4873
1175,4930
4359,4819
1943,1838
2649,4782
903,4735
4132,4920
3437,4766
3655,54
1260,4855
866,1818
879,5004
2069,4793
1244,2847
449,54
386,4265
5031,2849
480,4910
2081,4816
3284,84
1041,4832
2597,4946
1244,4917
3848,2813
3317,12
2908,1740
4477,4677
3236,38
3208,4962
2604,4832
3291,283
4589,2800
3236,4251
3258,4958
2121,5073
3826,63
757,4685
3197,4880
1098,2818
1333,2867
1328,2795
1541,4784
639,283
3488,2783
3384,4759
736,1732
1968,2765
1142,2784
2017,2776
5041,4680
1108,4793
156,2827
1041,4903
1592,4817
4061,4670
1425,4736
1235,2823
2594,55
2528,4677
503,47
519,4991
371,4855
1061,1857
3628,2794
1905,4785
3111,4930
5049,1732
408,4720
3041,49
2063,4993
3223,4739
3049,1840
1990,45
5047,1836
4464,115
1328,4856
3434,4963
1310,4920
2344,1848
660,4991
1552,4791
3987,4728
632,4782
2317,2865
4811,4801
2561,2821
2493,2796
2585,4917
4983,3885
302,2794
343,80
4046,4947
3439,4771
4245,4956
4086,4688
128,4876
209,1848
926,2789
1434,2768
838,4911
1464,4746
1743,4876
1018,5065
1346,2785
2982,4674
2290,4883
348,4635
3772,1851
2291,4992
945,2862
3433,1817
4188,4870
2261,4755
2219,7
3060,4824
4433,4746
549,3883
1330,1733
2149,5063
4490,4691
4367,3914
552,41
2243,4735
4868,4919
2961,4694
4597,3883
2970,2794
2504,2854
2927,2798
2624,4931
3352,84
2050,48
4510,4769
1555,4937
572,1841
245,4634
719,52
2684,55
2729,4675
1708,4679
3441,2838
1643,2811
463,4946
3582,4990
2464,4958
2815,4995
4871,3881
4072,4729
2801,70
2664,4962
4385,4940
1013,4955
4247,49
1066,4882
1393,4930
4985,4731
1315,115
1751,5018
3844,2851
1115,3877
3789,5066
4420,2816
3663,5073
931,4738
1195,3505
4368,5
597,53
3463,4634
290,4905
2471,4684
702,4884
2689,58
1803,4677
2373,4249
2949,5019
2306,4751
1616,2772
2644,4687
2142,1735
1598,6
2499,4687
4075,1735
447,4669
379,4955
692,4760
627,4878
192,4688
4006,4919
2975,4759
337,4697
2596,4952
1377,1735
2025,69
2292,2767
1689,4803
163,4718
4767,4737
1566,4678
4480,284
1131,2794
1498,4919
1169,4861
5034,4819
628,4679
3383,1742
3655,4894
2989,4669
656,117
1054,4883
2150,4731
2701,2783
592,2865
2344,5016
1749,4954
2871,145
3349,2849
873,2856
435,1733
1101,4786
4433,4249
4086,319
478,4792
2052,64
3376,2768
897,2851
672,115
814,1842
677,2860
3474,1733
1445,1816
226,5066
1365,4931
2154,4696
1809,4824
1645,2855
1477,4730
901,4946
2370,4749
3653,2779
1683,52
1256,4964
3331,2831
4168,4782
4425,4750
2642,2840
4137,4776
4372,4831
3558,2826
2920,4723
666,2865
4127,2786
3157,70
1585,45
2990,1725
1285,4766
2952,5016
4547,4675
2629,4902
3580,2826
2631,4937
4386,4990
3988,4916
2336,4946
4458,2796
151,2856
2159,4732
146,4774
428,1841
3539,4697
3640,4886
1540,1844
1331,4692
175,4904
543,4266
4959,4970
2568,1860
1448,48
2539,4682
1654,4930
4171,4941
4344,5074
3022,4848
2566,4934
988,4688
1321,2816
4854,3885
2382,4691
2371,4885
3519,12
553,2827
1148,1844
1908,4979
539,1726
2885,54
2469,4769
3888,1831
3223,114
372,2779
3707,4879
823,4253
1692,4764
4648,1727
352,4940
357,3886
2029,4978
2543,1833
3856,3886
2985,4915
4296,4769
3034,4790
1008,2845
4712,4670
0,4779
4424,2823
2877,2811
74,2786
1207,3615
2828,4908
682,1836
1323,1846
1930,4855
3251,4692
1797,1730
2648,4799
3358,218
2233,3877
3143,4915
4667,4746
3167,4696
2189,4669
972,62
1422,4789
3116,4720
81,1847
3522,2821
2537,1849
3395,4878
2456,4831
545,52
2575,3885
4403,4265
3754,4996
3773,4894
1974,4731
1163,1788
1503,4730
1749,4990
1018,319
1349,1817
3468,5073
3257,4783
238,3880
3135,4746
1324,2787
1290,1737
2960,1808
4038,4264
2735,4695
539,4654
2993,4266
1510,4971
2280,4737
261,4742
2775,4860
1903,4799
4523,2845
3612,4872
4122,4904
4431,3878
1221,218
4719,1737
1271,4742
3784,1818
2137,4746
4982,4695
2770,2764
2995,61
3086,4679
1826,4820
1557,2781
2521,1836
2150,5077
127,2658
3369,4996
3397,320
3116,2858
3061,4685
3826,2826
3034,2840
466,2816
1755,4916
3446,2779
514,5064
2233,4773
1152,3878
2202,4773
670,2783
1529,4654
3237,4992
1433,4912
3107,4953
3638,4695
3461,1733
1906,1730
2632,4694
3327,2862
4498,4677
4140,4856
416,4913
4321,4786
4556,4773
2297,5077
1529,4872
1661,2767
2498,4763
589,1845
2283,4755
435,1726
2209,4692
1981,2865
360,4750
3192,4979
3656,3886
418,4819
3860,1808
3340,4768
231,1816
2632,4266
1807,4993
1049,2843
3573,4613
2729,4900
4619,4888
4481,2858
2421,4679
963,2821
3991,4677
801,4780
508,4880
5038,4793
2452,4991
1179,4684
3854,4920
1642,4850
122,2856
2142,145
2734,2767
1869,4990
3904,4862
4042,1728
4796,1849
2087,4855
1746,4692
3383,114
269,2774
3858,4672
3206,1737
4967,4692
3033,4772
1316,4817
1764,2833
3834,4988
1606,320
2911,4687
1566,4860
4535,3886
1161,4267
3560,4862
2407,4956
3508,2820
5078,64
4102,4883
324,4906
2586,4782
345,2846
2697,4961
5039,4919
3089,4775
1009,4777
3386,2816
4631,3882
2032,4738
618,4914
1615,4669
3447,4832
3650,2796
4070,4909
1821,4675
372,1733
3594,320
3151,3913
459,2829
4294,2867
121,4733
1419,1841
287,4914
2696,4780
267,2856
3439,1844
1541,3884
1081,2866
1039,3914
3114,2841
2174,4970
4899,1734
296,1734
4490,4991
355,4697
3331,4694
3236,1861
4017,2845
4459,1832
652,1816
3469,4913
919,4718
372,3878
1825,4937
3840,2783
1904,4755
4482,4251
3732,1841
196,2813
1938,1856
1344,4763
3819,4753
3558,4969
2683,4251
2027,4990
3187,2790
2884,4872
4590,1843
2662,1788
743,2816
3109,4748
2390,4848
3232,3879
2231,4916
1518,4748
4015,4989
997,2843
813,4937
1344,284
406,1827
4448,4251
1712,4681
921,4760
3091,2865
1117,1845
3589,4856
502,4932
1524,3881
859,3912
2051,4903
5017,3880
419,4817
246,2847
3287,4690
1093,4771
939,4912
4667,4919
209,4680
3244,40
4281,4958
3569,4870
1939,4956
3800,2844
1112,6
4032,2867
4296,11
2220,1818
917,4669
1520,1729
3899,3914
2977,4905
1537,4937
4559,2788
2321,5069
1083,4265
1338,4966
4135,2857
628,4749
4895,4267
3142,4905
365,4897
3730,2671
256,1849
2001,2785
994,1729
2469,4729
3589,1748
739,4883
2530,4729
5039,48
393,4966
3465,2764
2626,2768
128,4992
4596,4793
840,2808
1471,4905
3063,5020
2414,1843
2754,4872
1549,4921
3789,4901
165,51
937,42
3759,4861
1972,70
2339,2822
412,2848
3420,1837
3777,3882
4258,4891
296,2841
3934,4635
244,1817
160,4917
531,4902
1006,4819
3076,2800
3308,4741
2723,4850
1828,4791
3306,65
2920,284
4412,4954
1962,4797
746,1846
509,4986
3535,4979
4163,4891
4600,2838
2301,283
1392,38
4275,5001
3989,4954
3934,4917
2459,2837
4805,70
984,4731
1321,4887
3422,124
3442,2812
190,4947
1648,4249
2879,53
548,4267
4123,4730
2244,3880
376,4954
1508,16
352,49
4450,4832
730,2814
1208,3884
528,84
2439,4680
1701,4733
2932,1840
1314,4679
2300,4677
3632,4774
3010,70
1084,4689
3334,4776
3529,84
3546,52
3971,13
1749,4918
1551,5002
2704,4769
4092,15
3744,3913
3305,4966
3786,4969
495,4986
2797,3915
264,4739
2635,4964
1957,4901
1392,2856
383,5073
4487,4793
887,4634
2009,1845
1002,4790
1459,40
5006,4682
4022,4781
4492,4896
4976,4734
746,4909
4715,41
3295,4782
326,2773
2743,2798
1938,70
3547,5001
3468,2825
2637,4907
1197,3915
1310,1862
1872,4784
1637,4773
2678,4248
375,4777
1098,4946
413,5004
2361,2843
2973,34
729,3880
2351,1742
1044,49
2184,4773
2358,320
4874,1726
4795,4961
4118,4888
4484,5064
4236,1837
3864,48
3513,70
4484,2865
1094,2837
700,4956
1291,4951
1899,2862
2756,1730
3890,4939
4152,1727
3043,4728
350,4972
1514,4932
3165,5000
4414,1731
2965,4962
3155,4900
1484,4901
3319,4692
1948,4674
3039,5004
1284,4685
485,1851
2244,5077
2780,4775
3209,5063
452,4832
825,4669
2688,1856
4372,2796
3575,4991
5045,4929
3508,4994
3013,4903
482,4683
1776,4253
2877,2774
1898,56
356,67
732,2848
3127,1836
2022,4785
1273,4904
487,61
282,4780
3782,1742
149,3886
4408,4894
468,4759
4645,1732
4899,1836
4578,2822
1995,1733
1210,2813
1009,4832
3766,4784
1419,2817
4033,4938
3244,4957
3567,47
276,4944
683,4848
1601,3
2880,1845
2928,4670
969,5000
4823,4777
4464,1
834,2784
2530,5069
270,1836
270,64
3809,4956
1955,4870
570,1840
3831,4749
456,2800
3563,51
3055,2829
252,2820
2273,4995
1345,4889
2720,4820
4825,4817
4028,4265
86,4752
1634,4692
3487,1740
3797,4862
4521,4829
3302,4729
3133,2860
844,4971
678,47
1596,4978
2911,4934
913,5075
1949,1842
3995,4673
181,4832
2590,4820
307,1735
2267,1836
2650,4674
276,3914
4705,4936
2948,1847
2992,117
5058,2774
3284,4936
3335,4668
687,1838
142,2825
2167,4920
1001,2823
4203,4944
3033,4733
2645,2772
4310,2772
176,4752
2759,4771
1700,4743
837,4971
2521,4799
1633,2811
3892,4926
3110,1856
2312,4265
3442,2864
2983,318
2179,124
2530,2764
3566,4782
2486,4906
4216,4906
444,4720
2225,4970
3987,2855
4377,1848
1085,2847
3085,2789
1911,2825
4289,4819
3492,2809
4980,6
811,4251
1693,4951
3756,2800
2501,1846
1644,4733
818,4670
2349,2858
333,2837
4123,2781
2229,4755
1124,4723
2060,2765
3084,1862
3394,1844
2951,2789
876,4913
1263,1840
3696,69
78,48
604,4267
2748,4747
1486,4850
167,4696
1013,4926
3073,3877
2686,3915
3198,2844
1866,2767
3279,4850
1247,4916
2452,4964
2206,1848
1372,69
4436,4954
2884,4903
1959,131
2469,42
3660,3886
2173,4947
3920,4964
3434,48
4722,145
3405,2843
2252,4883
2517,318
3080,4880
3831,4909
3309,1727
741,3
3210,4904
4387,1849
3430,4935
2695,4896
3603,4947
671,4912
2797,4613
413,4672
1482,4921
238,7
2346,2671
3060,2827
4338,2854
1448,4969
3956,115
609,4828
2461,2862
1287,4939
2441,4920
4532,4849
2525,2865
4541,4904
1406,1845
3562,4941
1552,4931
639,48
4194,1835
4899,38
2217,4818
3835,4994
4323,4954
1651,11
4814,4991
1297,4774
1523,2854
716,2784
2193,4938
4221,41
4158,3913
3696,4929
2425,4992
2942,2794
1552,2837
844,2838
4893,4688
411,55
4443,3924
651,2788
2251,62
276,2837
3793,4669
777,2856
3965,319
2924,4940
4644,1742
3611,4690
4385,15
1152,1862
2674,2864
4649,80
195,115
4127,4727
2375,145
1365,4966
3581,4761
92,1817
1430,1855
907,4787
1937,1735
4313,4728
1486,70
3675,4968
5081,4675
107,51
2314,4265
3544,2772
3989,4915
4148,2796
1961,4878
3058,4921
4394,4689
3351,5020
1878,4880
1172,64
4012,1861
633,4986
3096,4909
4373,4779
4110,116
2507,4787
4501,1849
1961,64
4923,2849
2283,4613
977,2781
2060,51
2472,4265
1676,4690
3726,4897
2551,1838
562,4831
1807,4883
1008,2765
4924,4249
3392,4828
3888,4849
3653,4964
1586,4771
5059,4675
1101,1731
4441,4978
3124,4856
725,4988
1494,4785
4704,4723
1546,38
786,4752
4237,49
4232,3912
3729,2840
3989,2854
4292,4885
3468,4951
367,4750
3651,49
1080,4820
4111,2865
176,4684
1745,4774
2213,4997
3921,3883
2927,320
4827,5069
1204,4733
482,4992
3143,1834
2223,51
1869,3914
3845,34
2770,4916
1537,2847
4142,5064
1822,4870
349,4635
1418,4680
4094,3
1790,34
2468,2779
1191,1843
1516,4829
3635,2849
4924,4684
4036,4679
4202,4971
1012,4729
2657,1817
1953,4919
4493,2820
4516,4932
510,9
3480,4762
3392,4876
1563,4941
2895,4774
3800,4760
4015,4669
650,4951
1322,1788
4280,4735
2077,2789
639,4732
3080,4857
3247,4884
2055,4998
446,2824
3231,2865
4488,1833
1876,2822
930,4921
99,38
2584,2784
1356,8
120,4681
71,52
3196,1861
2647,2853
1821,114
187,1845
4616,3882
1585,4961
1618,1818
2904,4654
5045,3615
4629,4671
1163,2849
4531,4684
764,4955
4061,58
2090,4963
482,132
2915,4856
572,4901
4661,4793
4204,4916
1083,52
658,131
4590,1840
667,4635
2778,4929
3821,4780
4223,4873
2757,1735
433,2847
1691,4944
1762,2838
493,4775
352,4677
3490,4729
301,2835
277,4746
2080,4675
1382,1733
2750,4897
3585,4762
1496,4784
3626,4979
693,4990
1881,1837
4428,4677
803,4988
1686,2856
2761,1860
4641,1855
1903,4908
2553,4791
1547,48
2271,2813
2637,4759
3318,5016
389,4931
1559,2833
4342,2658
4226,1727
4983,4971
4533,4916
3162,4675
3748,5070
4631,2818
712,3883
3939,1896
2577,5016
3423,4697
3784,2865
2693,4727
3761,2865
2488,2794
1932,5064
4387,4940
3991,4746
692,4930
974,1842
4195,4737
760,16
4033,4654
4874,4729
4241,1845
4007,2782
3857,4931
4717,1845
417,4993
4430,4829
2939,54
4326,5001
2743,16
4183,4956
1446,11
745,4917
2275,2794
3113,4777
347,3885
387,8
2692,5018
3118,4879
3631,3912
142,2848
2167,4929
3940,53
1951,2849
2581,4750
1826,1840
3925,4736
2673,320
190,2818
1398,4730
3308,4742
235,67
1439,4817
3805,4800
3080,4904
1334,4935
1429,2789
1707,2796
2700,4694
3491,4674
95,3912
3845,4741
1133,4685
166,3880
2296,284
3474,283
1767,4935
3162,4770
3300,1837
1681,5016
3697,4931
1822,2864
1957,4832
3304,2790
4394,4790
388,4902
766,1728
3420,4944
1134,4964
4554,4912
1358,2866
2307,2849
3038,4957
1977,1818
718,4634
4110,4884
3170,1848
354,2779
3498,5001
2448,4689
4520,4249
4380,4958
516,4691
2648,4251
297,4739
3538,283
599,5065
3910,3
1426,4253
4717,1831
1638,4781
1021,3886
493,4969
1045,1842
4594,116
2012,2803
3842,4996
3441,4264
3132,4671
908,4911
4375,2847
4177,4732
4485,4780
755,4913
4124,1748
1486,15
4621,50
3316,4787
2066,4671
4399,1838
214,2858
209,2789
3095,1861
4041,2785
372,4931
4028,4944
4553,4994
657,4733
5017,2796
3285,4772
1162,4635
959,4916
1791,4739
3686,4911
1153,4993
2539,5075
986,4978
1682,64
4360,4910
3821,4931
3966,4910
2987,124
1609,2857
2301,4917
1208,4953
2254,2849
1669,4788
2016,2853
3250,5001
2312,4753
4165,4918
1941,1836
126,7
872,4730
2605,1728
2418,1834
5057,2787
1481,2831
1010,4879
1444,113
226,4820
1716,4907
4360,318
1113,5069
1988,2796
3058,4786
4191,2851
3421,47
1605,4771
4721,2831
1043,1727
3215,4635
1585,1734
1821,40
1209,4735
4976,2779
2469,53
3565,4968
1080,4748
1865,4932
4536,4876
4410,4909
1068,3881
2634,1727
2481,1733
4506,4917
3415,4997
954,4248
568,1725
705,5004
1099,1733
4120,4858
3337,2844
1854,2781
3834,4930
1918,60
584,2803
1324,4913
1150,4690
679,1832
795,3881
412,4946
472,4947
1617,5075
1591,2827
4437,4961
294,4801
4537,1862
5021,1728
1361,34
439,46
1334,5074
3831,4929
2697,2865
2727,5002
382,4894
3889,4954
1779,116
2653,2768
1770,2783
2957,4993
989,124
712,4962
1408,4815
2540,4251
2675,4720
4409,4900
19,4891
1362,3615
2323,4682
3554,4686
1300,4676
4350,4718
4627,2864
371,2823
2674,4613
251,4818
1135,2849
4037,4857
845,4689
1185,1843
3971,2844
1512,2832
3668,4750
341,5069
1211,4989
3059,3912
3042,4829
1945,2846
526,80
1183,1735
4136,66
136,2817
120,4848
229,4888
812,2803
4469,2846
2344,2782
2091,4760
762,2768
288,2857
2152,4720
1491,4887
3950,4968
883,1726
3551,1856
4448,4987
1869,4919
974,319
4475,84
4173,4674
4928,4783
1897,320
4950,4817
4899,4789
2191,1729
1583,1862
4058,2789
3949,40
1092,117
976,1849
2603,2860
2283,51
1376,1788
1112,4990
334,4668
5068,2818
4666,4788
643,67
3610,4858
5008,3615
3271,1851
4144,1834
1004,4697
1984,4786
4561,4769
737,4879
1492,5001
999,2832
480,5002
1937,4951
1108,2856
3208,4687
4546,1841
1940,2765
3782,2853
402,4941
528,16
1619,4936
2473,2860
81,4860
3951,4857
309,4249
2274,1832
4945,4993
957,1835
1447,2809
1429,4991
5039,4818
4092,4635
3824,4249
445,4783
2133,2808
1708,4788
3761,4947
3962,4686
3981,2658
3758,4991
2214,4861
901,4913
170,318
591,4885
4205,1838
3443,1851
2578,4913
1807,4266
2078,4939
891,4778
4480,1726
3771,2851
3269,4776
3572,48
761,4695
1402,4815
1215,5066
3094,4770
3974,4678
108,5069
580,113
2136,1818
970,4691
3809,2799
4424,2825
3421,2839
1259,4884
3145,4971
2561,4903
3072,1731
2113,320
626,4692
2542,4669
4543,4897
4447,3914
4054,4884
3952,4970
4083,2835
4437,2784
817,4832
278,5
3818,4879
2542,4780
1246,2858
3491,2854
1630,2835
2172,5018
3420,4858
3197,2820
436,47
2500,4993
4483,4930
699,5070
749,1817
723,4954
4231,7
2336,5073
314,4781
3085,12
3408,4912
2641,2825
2524,4747
2504,3883
4115,4687
3696,4930
1754,4770
3097,1818
3475,2808
4305,21
1265,4972
1093,1856
1026,4994
1635,4762
2343,4765
3319,5016
927,3882
1113,1788
3379,4789
3948,4930
1363,5000
1606,4818
3677,2866
2916,1737
2898,66
2932,2818
3896,283
3565,80
747,2845
1534,145
4291,4892
1235,4908
2555,4777
985,4790
2049,4670
1793,4939
5062,69
4551,1838
3765,4250
1431,4784
3750,4678
2287,67
5059,1729
775,2776
3016,5002
4361,3882
3574,4850
1047,4992
4494,1742
4188,4953
373,4690
4811,4934
1926,2825
2947,4761
548,4998
382,5077
1487,4692
3999,1836
231,4991
2307,4912
1611,50
753,4784
1312,4800
5048,5000
764,4849
712,5004
2836,4824
2254,2841
3141,4728
1468,4872
745,2826
3938,65
1477,4251
2019,1840
833,2823
4898,133
86,2773
246,1748
1755,1818
1913,4848
2690,6
2280,4962
992,2860
3944,4265
3176,4990
2050,4727
4262,2841
606,4849
2475,4635
4333,2781
756,4904
4086,3881
539,4670
3101,15
3514,5075
3128,2773
995,2798
3309,2794
1570,1808
209,51
2479,55
516,4776
450,319
2299,4947
2411,4989
4298,4783
4655,1835
1767,115
3654,2808
159,4791
1278,132
3453,4688
667,4797
1418,4681
1332,2864
426,2821
722,2774
1385,66
1318,4779
3394,2847
4515,1
3236,4941
298,4783
1010,9
1338,4720
3555,4730
2529,2784
3371,4889
753,4817
4758,2818
321,2838
2651,5019
2471,1850
599,4689
3385,4997
2284,4684
2584,4986
3539,4613
1480,1748
1070,4815
3491,4743
230,5073
2273,3924
1143,2809
2085,4766
495,4994
2537,2773
2536,4896
833,2833
771,3880
1395,4931
3339,4885
1658,4935
4163,1851
3777,4792
3958,4729
3179,42
1549,1848
3760,3913
3124,4734
498,4634
129,1861
1055,2774
4580,12
2870,4937
4305,2764
4174,4675
4414,4761
4374,116
689,3877
3454,4908
2744,4818
1154,4831
2640,4963
1110,218
4407,1832
1531,4613
2207,4803
809,133
4821,2860
2357,4940
2415,2768
2495,42
2326,3615
3577,4816
483,2796
4003,4908
3334,285
464,4862
3305,131
3254,1840
2547,2853
148,4873
2183,4746
633,4885
3676,2841
2805,1848
1766,133
4136,4911
1482,4831
4595,5074
586,4990
1054,1
3421,1832
355,1837
1464,283
3663,2847
3513,5069
2619,5002
1049,1837
621,4988
2970,2820
911,4978
2423,58
3003,4680
692,2853
466,1855
2508,4988
2938,4755
2302,7
1783,4251
1219,4888
2593,4770
2285,4749
3659,133
2587,4882
2351,318
2978,1726
1803,4988
864,4743
3184,2849
2515,4911
1356,63
2888,5064
368,1856
4190,4741
4083,4685
600,4940
3253,1841
1781,4780
3789,53
2226,2784
3307,5002
3029,4890
5010,4674
2925,4686
965,4903
2718,1847
4653,4688
1659,5002
854,2845
1079,1836
4207,4773
425,1735
1980,4965
323,2786
1452,4781
2612,4962
2259,4858
922,4768
1900,4966
691,4654
3304,1727
4593,4770
4413,2849
1461,4932
3575,2848
158,2864
18,4873
2073,4930
4046,3881
1550,4969
3750,4847
4280,2794
2478,4886
2309,132
1065,4916
3911,1729
4053,4918
3792,1827
475,4921
4455,4952
3639,4951
4108,2783
2452,1788
3665,4889
1525,69
554,2816
1544,4902
2339,2810
2093,4747
1776,4773
4026,4916
1347,2774
2512,318
1561,4773
1676,2796
4811,67
3857,4771
4839,2845
3115,5004
3612,4780
2918,1861
4243,2864
39,2829
1098,4755
2614,4944
4571,4755
602,4674
2384,5018
3808,4771
140,1788
2134,4831
735,1855
418,132
1181,1831
775,64
4268,4251
2074,4855
468,116
2224,4994
3644,4917
3186,4861
448,4939
4045,4668
2802,4850
3979,4815
5042,4267
1219,4792
4649,4736
419,1849
515,1836
3793,4902
803,5002
2380,5004
4074,4818
4535,4998
3462,4890
367,1808
3500,4936
2874,2776
4315,2810
4042,4785
3749,2827
3567,4803
488,5077
2072,4889
399,5020
3013,1839
3960,1836
1682,4670
3547,4777
3454,1862
774,1732
4469,4815
717,4248
615,2860
849,4746
423,4877
1560,4963
2048,4752
1854,2833
4375,4801
543,116
1751,4248
426,4860
3566,2813
429,4908
4391,4896
568,4828
461,67
4414,4820
2381,4730
2611,4751
4381,3
1271,1
4982,4732
3093,1837
4642,4250
2091,4781
4536,84
5034,319
2416,133
1049,49
616,4919
4507,1851
1397,1845
3649,4987
3749,4847
4623,5064
2497,5065
704,4735
2941,4675
404,2821
3917,4894
2246,4753
1207,4792
1636,4832
1925,4739
4087,2789
4642,4870
4495,1837
2278,4683
631,4907
4098,4769
183,3881
2747,4817
1753,4886
3422,4774
848,11
504,1735
377,1727
3466,4941
1415,4920
3206,64
685,4635
1435,2864
605,11
329,1808
431,4968
2618,4817
3749,64
3592,1851
955,4861
4351,4934
275,1737
1367,4741
2251,4831
5036,4730
1917,319
3376,4861
3636,4801
2083,40
4173,113
3443,1836
2633,4689
2218,1729
1781,42
2118,5019
3135,4832
3467,2796
2042,1836
2914,4743
1997,2796
3899,2785
1812,3884
1419,4894
2065,2812
1973,4694
829,3924
1024,4781
3445,2826
954,4267
4719,1831
1929,4913
256,4938
3752,4998
1293,2835
226,3886
3080,4964
1064,4889
951,2841
1318,4754
3173,3882
4343,4860
1341,4766
3341,4964
3089,4669
3471,4885
374,4676
773,1728
2770,2825
4833,64
4399,4783
1136,1740
2011,4896
1935,4694
3094,4962
2180,2790
1408,4911
1210,4855
3407,4739
834,1835
923,3882
3811,1732
933,4738
541,1862
4365,2841
545,5069
4504,4858
4411,4998
4204,51
565,2787
2804,4829
4577,2853
943,2857
4619,56
2260,3877
2383,2798
102,4911
1000,4677
2121,4748
3555,4997
3732,13
2307,3877
1872,2858
2323,1725
2938,2838
4058,2851
4464,4791
3777,4978
455,2832
4805,4731
292,5077
3029,5074
2213,66
1004,41
1624,2772
3993,5002
1242,4728
1317,1730
2456,115
1268,2860
1212,4957
3321,5074
877,2820
814,2840
2186,4847
557,4998
1706,4788
1358,2773
4699,133
2104,4919
3586,66
4287,5002
3719,1742
2245,2820
3065,2795
74,132
2761,4783
2434,2783
403,48
893,4862
3070,1832
1767,4921
1088,4849
4082,2832
1500,1729
1398,2790
3404,4906
2241,2816
4138,4694
2884,2818
1084,4934
4018,3924
3942,4688
3154,4801
2207,1835
1049,1862
4291,3883
183,8
3082,4911
3109,52
4463,2845
5071,3880
1468,4987
407,2860
1111,2796
3468,4733
2122,1856
1205,4915
4925,4934
4382,1
2951,2773
2508,2817
767,2803
2685,5002
3643,4940
992,2847
3208,4956
3318,4861
1550,4855
2484,283
213,5019
350,46
1280,4788
1530,320
3617,4654
483,2837
3225,218
2589,4993
1696,4785
4383,4781
2058,2779
4726,68
2065,4876
4960,4777
1299,4759
2834,1748
3547,2817
794,4788
1173,21
3721,1748
788,117
2500,4818
178,4750
4320,5069
3036,4694
1749,4799
2880,4613
182,1727
1677,3914
5078,53
4334,4680
4087,4676
4268,4993
5042,4972
1088,4815
2592,4884
4598,4760
4151,3883
3287,4683
785,320
2635,4765
1281,4997
1065,4990
4035,4765
4296,1734
4150,2785
4698,4883
1752,2857
2757,2825
2331,2817
983,4944
2559,4946
3291,21
5022,4770
2195,1838
4130,4672
925,2849
4588,4671
899,1842
3582,4906
4569,4635
309,5063
4427,2764
635,1846
3340,4771
3896,4777
810,4968
766,12
3871,2867
4269,4848
1593,7
311,4884
510,4267
919,4693
520,4829
756,4905
4308,132
1579,4748
387,46
3373,4684
4009,2849
993,4940
4479,3881
5060,5064
4303,131
1993,4680
407,4957
2535,4978
1256,1726
4393,4848
1480,1896
2543,4264
1062,2786
4401,4890
429,2772
1097,2822
98,4891
2720,4957
1646,4861
508,4849
3663,52
2221,4815
4363,4668
4061,2826
1570,4862
3787,4694
3257,4986
1825,1737
674,5004
1427,4896
2190,1844
3051,114
5059,4996
2730,1833
4437,4888
4508,4920
2447,49
2189,2785
1351,4783
2887,4858
4836,4751
4581,1735
1898,4911
2392,3886
3213,4689
1347,5065
4182,2856
3437,4776
3141,2786
3118,4790
1228,3880
2430,47
4290,1855
2362,1725
4500,4769
3647,4954
1600,2800
2747,2820
1659,4753
4220,4731
1823,4738
4572,2829
2317,2825
1413,1847
2968,1727
965,4771
2749,2822
3121,3877
2819,4761
2540,2785
779,11
233,2785
1104,4970
364,4961
3469,4910
706,4801
222,2845
44,1727
3482,2782
4458,283
2604,2820
2031,4733
3943,4764
111,4915
2025,4691
615,4916
4496,4966
4084,4919
4638,2816
1540,4883
3685,4848
607,2788
2288,4937
3995,2867
1526,4901
2570,4748
87,52
3192,46
2616,2851
2179,41
3473,2809
4243,4918
3295,4791
1402,13
4487,2813
1513,6
215,4749
155,1846
1664,1788
628,4987
4163,4910
2701,4855
978,3884
2333,4968
4048,5001
1568,46
2141,2860
3031,2848
4617,49
1955,4752
3201,4957
4024,2773
529,4996
3083,5066
3210,4830
1887,2790
2308,4998
1979,2811
2530,4882
244,4962
4185,2796
2491,70
2102,5075
2374,4692
3336,4979
3759,4253
4521,4971
4647,4930
3811,5016
3279,2841
530,132
2703,4860
3042,320
3313,4994
1285,116
2382,15
217,3912
2144,4968
330,4803
2977,1857
3088,4753
95,2813
3135,4654
3187,1851
3383,34
2713,4972
3140,4941
3370,21
2868,5075
3829,4678
1001,4690
2220,3882
766,4818
4744,4880
3329,1816
1486,5066
4807,4832
3526,4669
690,2786
428,4793
2685,1845
1056,1831
123,4909
2119,4690
3081,4829
4821,4676
1096,40
3497,5020
393,49
4548,283
3858,4914
4384,4771
201,70
3610,4754
2581,4718
3966,1839
2903,63
3440,2787
5067,4886
572,34
2447,4861
3962,4932
4016,5018
456,4849
743,11
2733,4799
4587,2835
1976,3882
1917,5019
1957,4735
4663,1727
1462,4909
2673,4903
4616,2816
4922,67
664,4773
4049,1731
2028,4830
3750,2829
1205,4971
3302,4688
2019,4910
681,4762
1264,1834
3512,4903
698,1856
3773,4788
486,4778
1026,4939
2106,4892
3629,2833
2741,1860
435,4879
3467,4730
607,4781
907,3886
591,2798
856,4896
3411,2846
914,2858
2897,2788
1376,4993
4416,5019
1278,64
1292,4986
427,3615
4665,4824
390,4671
3895,4669
4558,1734
3139,5075
3186,1737
437,4267
3305,4741
2373,2658
2500,4906
2934,2829
4757,1729
4044,218
1252,4783
4015,4995
3065,4953
773,4856
787,5063
1953,4978
719,4778
4488,8
2400,1733
934,1730
1055,318
4015,4720
1269,4728
2933,4856
1112,4883
25,4683
3929,1841
3075,4992
1426,4952
4558,4248
3853,4720
4323,4917
210,1831
348,4917
1873,2786
251,49
3148,1733
4289,4965
405,4752
1854,1849
2307,2833
3138,1861
2034,4926
2574,1847
5025,1855
3427,4910
3669,4915
1371,283
1444,115
3899,4914
2777,4947
2463,4688
2057,2787
4726,4901
1241,5016
4117,4803
3761,4917
5058,4790
1009,4919
2479,2788
996,4831
2493,2810
1538,5019
1709,4739
3909,4689
1622,4634
1773,2799
3076,3505
3933,5077
2092,1816
2770,48
148,124
1063,4689
2287,2789
2156,41
3561,4748
2357,1742
5062,4900
3421,2865
2021,1860
3202,4669
4835,4941
840,4684
1799,4749
1955,52
700,4739
1089,4900
4069,1838
3191,1748
3038,42
707,4860
4343,65
1961,4901
957,1732
3616,4872
363,4684
626,4993
2491,4736
2126,4267
2662,4947
2363,4791
352,4832
3474,3884
2100,2851
1934,2809
1891,1857
1556,4884
2729,4759
2485,4739
2028,50
3286,4978
2141,2818
731,1726
2492,4992
3241,2866
388,3615
2661,1847
3367,5000
357,4253
3186,4897
3036,4248
3726,55
3045,318
3077,2821
2168,4817
81,4736
1260,2841
642,52
1222,4832
1867,4765
3384,4250
2601,4816
4555,4673
1272,2765
2690,2818
917,4817
537,4789
3842,4676
1551,4986
1792,4732
3892,1837
850,66
4212,4693
2292,2840
303,2846
720,4968
590,4786
2681,1728
3860,2790
3376,2772
3098,4778
3209,4965
4864,67
4091,4828
2307,4772
3444,3505
3305,4935
933,4930
4928,2844
3089,4264
2692,124
3933,4903
1083,1
4442,4929
2065,4903
3828,4962
326,1788
200,2848
2565,4690
417,4910
1317,2840
2234,4991
3341,4882
2423,4783
71,284
2045,2820
1385,1862
2751,4669
108,2785
3440,1733
451,1856
4616,1846
3190,283
4567,4936
4614,4771
494,1850
2892,3505
237,5074
1176,4674
1043,2787
3639,4891
3437,4672
266,4991
1995,4720
3387,4673
4210,4694
1347,67
2716,4778
258,4916
1243,2854
2629,4787
555,116
3795,4931
2002,4904
3405,2772
4070,5018
402,4939
3828,2839
906,4926
4190,4896
2155,4734
3717,4784
4448,4793
2451,2855
3282,4901
1108,117
3053,1850
2771,70
921,69
621,124
705,4819
4445,1730
2316,4747
1920,4671
3904,5064
877,3915
216,2772
102,1843
1144,4766
2793,4686
2265,2820
2286,4780
3926,4777
660,4764
766,3615
3597,5063
3856,4917
520,4785
3843,2768
127,2795
877,4748
4193,2774
3814,3912
1974,1837
762,2784
2736,4803
2703,5066
2258,2833
2994,2823
4106,4890
3185,218
1017,1832
1576,283
4548,4747
1553,4879
3224,1748
1219,4741
4091,218
482,4829
462,4913
610,51
3423,4946
35,5069
3087,1849
3775,2862
1867,3
3641,4876
1719,3924
932,12
2098,4883
3198,1817
1374,4729
1718,64
3609,60
3233,4856
2103,1861
179,1737
3130,4673
4538,4694
1375,4908
4236,4990
2476,4720
595,4736
750,131
4643,2810
4642,283
3537,4690
3616,2810
3504,4266
2389,1845
2321,1725
3077,1740
3844,4753
4522,5077
4016,4736
2474,4954
4122,2826
1090,4782
2834,4791
4948,1850
432,4997
2753,2809
215,5002
2978,1896
248,2821
637,2795
1311,4918
533,68
3569,4771
3235,80
3741,4953
3052,54
3131,3
2246,133
4154,2840
1626,4910
2568,45
4106,1841
2367,2825
1208,4678
315,1842
1288,2848
3832,2831
4143,4737
5021,4929
4382,4817
3171,9
660,40
4207,4947
3151,4773
4698,38
1404,1727
699,4961
3063,4720
634,2817
573,5000
3932,4765
1373,1832
3911,2854
4273,4892
629,4832
323,4958
1376,3915
788,4935
1246,3615
3328,1727
941,2814
2195,42
4022,5002
111,1808
2073,284
4167,15
2936,4753
3761,2826
2491,5016
4066,8
2303,1840
1490,5070
1115,2790
4497,4735
2883,3912
3489,3877
2863,4926
2727,56
271,284
986,4682
3728,4792
2453,4786
3906,1860
1243,284
2045,4891
869,4265
1577,4718
1529,1727
2755,1728
2041,2853
4805,5069
563,283
3851,1728
2775,4750
2132,4988
1460,4723
874,4730
2163,1837
1967,1808
4706,1732
2224,13
2693,4931
1191,1742
2221,4908
1404,4880
809,8
3039,1861
798,5001
503,4919
3689,4988
2153,4762
3330,1728
950,4873
1568,4752
2266,3883
4217,4878
4307,5004
1292,4912
1058,1731
1156,34
944,4819
3074,4782
2736,4847
3449,2844
3224,4969
386,1808
3978,4904
4846,113
125,4732
4518,3912
167,4908
3585,4749
743,2796
4270,4857
2678,5
262,4693
2561,4786
4924,4687
2087,5073
966,2764
1303,4731
3244,54
3979,45
1950,3884
1001,4896
1575,4878
3814,4870
4556,4672
5072,1788
3870,145
4716,3505
4767,55
3296,4671
3532,4989
1799,3883
2143,4789
1648,45
491,4940
1776,114
954,4754
2686,1734
3334,1860
3812,1788
2252,2764
141,4901
3498,2841
2281,284
2040,4750
2695,4787
3357,4780
149,4991
135,4849
3312,4654
3167,4958
655,4720
3191,5074
252,4901
1252,4265
3935,2823
857,68
1949,4979
3814,1734
2106,64
4150,4817
1366,4986
25,2796
965,4915
2320,4801
816,21
1619,4803
2659,4755
913,2839
1621,4907
4284,1818
710,283
4834,1851
243,4884
4612,2817
2200,52
3046,4911
616,4847
3176,3885
3816,4962
593,4734
2991,4769
2116,4858
3380,1734
3107,6
3170,4889
1483,4760
2289,3885
4983,4678
4598,4682
3432,4901
184,4693
1866,1725
738,4986
4190,2843
1214,5063
3051,4906
444,4676
4006,4882
3679,5000
3812,4677
4343,2781
214,2799
3004,4905
3837,4683
3466,4818
1509,4890
4508,2779
1807,4690
3053,5075
5017,4776
4590,4930
4099,4913
3501,4768
2638,2844
1821,4689
682,5064
4437,4250
2373,2864
4439,4746
2337,4816
3113,4963
4498,4773
4163,4828
2752,4938
4006,4687
5043,8
1267,3881
2897,4934
2525,4253
2328,4679
2899,4986
3164,5020
393,4970
3725,2812
2745,4635
1854,4723
2797,41
513,2848
4188,2860
1550,4770
3603,4673
2062,3912
323,1838
153,2827
2514,2787
3488,218
875,4267
4391,4751
3603,1725
3484,2781
190,1832
947,69
1990,4695
1001,4689
2465,4969
642,1849
3288,4692
3619,4792
3515,218
354,4934
870,4989
4162,63
1116,4733
4486,2817
1065,4265
3631,5002
1799,4921
1601,4690
537,4877
1652,3914
4572,52
1527,4250
3848,1788
748,4694
3026,2858
1665,3
2353,1734
4059,4693
938,4679
2512,4937
3341,4654
299,4668
807,50
140,4818
1198,1729
3711,2838
988,4731
3652,2808
5079,4731
2138,2867
188,4249
3888,13
3045,2856
373,4952
2189,4673
3980,2767
3395,47
4399,13
1889,5016
2243,4613
2540,2848
2104,4819
3075,55
2320,285
2420,4862
2193,1727
3635,15
576,2822
1193,4882
3868,4730
3892,4753
4125,4634
1636,2849
949,1843
1750,4803
3527,4911
2180,38
3465,2786
1999,5066
1995,320
4722,2768
665,4955
3961,46
2394,1732
2534,4749
1111,4801
2780,4781
2014,4882
3101,4998
2745,2845
4198,4818
79,4674
3867,1742
4187,5074
2460,4695
1569,3886
88,4730
1902,4775
1898,50
3994,4668
1961,2832
4866,1836
3809,2855
190,2867
817,4815
3520,2838
3844,2799
163,318
18,2835
3536,4250
1065,4900
3761,4857
699,2846
2146,2818
1084,2855
4442,1862
3921,283
4564,4689
4328,4955
4494,2781
3898,4248
4231,46
3106,2845
1794,4883
2666,2820
4065,4793
5014,4694
3303,2843
2021,4941
609,4996
2524,1832
4563,4763
3218,4880
1234,1843
4244,4979
1299,4896
674,4741
1454,66
1347,132
3647,4894
615,66
4066,48
4052,3
451,4961
4173,5018
1802,3884
1563,4678
949,4872
3725,4870
2584,4676
3140,5004
3527,1733
421,4992
1350,4720
3298,4785
1871,4876
1096,2764
2445,4944
3890,2864
4644,1847
3571,2851
525,1843
1945,1832
1072,4696
1189,284
4112,4775
816,4817
2151,4884
202,40
4863,2854
1444,4937
1705,4897
277,1728
1609,47
2243,64
2040,4251
1948,4988
1125,4679
57,4742
1423,2817
3772,4751
249,4897
4701,1848
2339,4253
2451,2765
939,56
1016,1727
559,1841
1441,2658
2278,4681
3327,4678
1502,15
3895,2812
3822,1842
342,4911
2602,4780
4070,4894
2491,4848
175,2817
978,4860
4044,4848
2630,115
1575,1827
1133,1740
148,4780
2301,1841
3679,1832
3632,1833
874,4979
3969,2798
1747,2798
992,3884
3598,2822
3762,4787
4552,1842
1925,2837
4356,2808
1191,61
2433,62
558,3912
1022,4634
557,55
2360,4786
240,2794
4307,4743
4236,4793
1310,4776
3438,4678
635,4685
3662,4774
2014,4991
2911,4930
125,4963
3334,4635
4893,4857
3576,40
82,4694
943,4951
4533,4789
3398,2813
3036,4829
1587,1850
3435,4896
3200,4779
208,4693
1532,4251
1686,4732
4014,4695
3647,2785
2386,4790
4376,1896
935,1857
4386,4872
3845,4935
3889,4856
1775,285
1124,4889
1623,4687
3811,3878
4129,4937
1899,4911
1387,4978
3529,4774
1958,5075
2512,1808
4070,4872
2491,4878
402,4921
1014,4741
409,4940
3717,4654
1789,2774
1143,2816
3226,3882
3851,2671
2655,2846
3586,4878
186,4691
313,2845
3278,4613
3887,4761
3714,1737
4948,4674
2211,2858
3789,1733
1044,320
4222,4907
3790,4730
1068,1726
3918,5077
854,4680
2356,4741
2676,4914
1393,2831
2013,38
4340,1818
2972,4882
249,2846
3576,1841
2629,1831
14,4824
1403,38
4302,4685
2612,11
3098,68
756,4934
2198,1788
2761,4723
431,4815
3673,4861
1166,113
4637,4732
654,133
2504,1857
1384,4918
510,1847
436,1726
2596,4763
214,5070
739,319
4616,4862
1288,2867
3191,4750
1650,319
442,4752
2618,16
4309,4684
463,4815
2944,4769
1133,4993
2267,4634
4354,4742
1248,4687
4205,67
2714,4634
544,2840
732,1833
3523,1896
1863,4915
995,285
1271,1836
4511,131
1584,4979
3301,4727
3810,1838
2419,4907
1693,4901
4933,4894
3055,283
2661,1834
4657,1735
3415,11
3841,80
1750,1850
3096,1861
602,2812
739,4735
337,2840
2870,2866
1680,4789
3787,4891
225,5065
2117,4736
1297,4762
3762,2782
195,4932
1244,4953
293,4772
1588,4793
1954,2844
4043,4894
877,3
1888,1844
707,4887
4009,4693
5078,2833
186,124
793,12
4184,15
3961,4250
2150,3
1913,2765
2309,4890
3591,3882
940,4938
769,11
2095,2767
3239,4695
167,1742
2719,61
4515,1846
2125,4792
1745,2855
3579,4793
4825,5075
1318,63
2355,4824
23,2851
1144,2818
513,4892
1142,2845
4063,3615
334,4989
3200,4791
3402,4968
1771,2788
1868,4763
3597,2851
3387,4750
1756,124
1601,4731
1751,4777
3582,2827
3367,2835
870,4919
226,2841
712,4817
3690,4681
3173,2851
259,4911
321,2841
723,2768
4586,2800
1811,4730
1232,2845
3965,2773
820,2784
1588,4969
1755,2795
1038,2837
1017,5077
1000,4741
3775,5002
697,4958
470,2840
2382,4784
644,4787
2564,1733
1679,4803
3519,47
2083,4926
1478,4693
2639,1729
391,4889
4155,4682
1709,4904
3155,2829
2177,2858
2690,5
3607,4914
757,2835
4115,4882
1457,7
1432,4849
3508,4896
1275,4877
3531,2848
996,4752
2707,4684
4160,1834
404,40
2309,2838
1258,61
413,2788
2122,2845
3064,4990
3218,4749
3309,4940
501,4858
2170,4917
1111,3877
3808,4731
2882,2867
31,4947
2648,1851
3749,1735
4618,4883
3252,63
2271,1842
2948,4880
3576,2854
1984,4946
3264,1835
2971,4817
3256,2808
885,4677
758,4861
4479,2818
2499,4733
4976,4697
3902,4935
4125,2832
2947,2786
1107,4882
2363,4737
4180,5004
4518,61
3341,4792
1943,284
1502,1896
5017,4908
950,3913
681,2832
263,1840
3820,4734
1009,4780
1611,84
3579,4264
3706,1808
3932,4972
4974,4776
557,1740
2599,2767
401,4668
3374,4677
1616,3913
2541,2841
4875,4830
4079,2773
1756,5064
245,4670
1432,1838
652,4856
138,4782
1987,2856
3336,4935
1016,1
1586,4862
992,4968
4038,4613
2797,2774
1401,2768
3450,1742
4179,2854
1454,132
566,1860
4625,4693
3862,3881
3326,5002
367,2823
1934,4993
2460,4782
43,4897
897,2813
4927,5077
2275,1851
4392,2788
3558,4755
2715,4887
4,5020
207,4791
1040,4937
4586,2832
742,4907
5031,4987
3711,69
3020,4787
2296,1839
3305,4894
2256,4885
694,2823
4170,4669
1999,1818
784,5004
1022,4876
2690,5002
2057,1856
1656,4669
3337,4961
4575,133
5012,2849
725,4829
1576,2837
779,4739
4208,4769
4109,2821
3290,3881
4560,2848
2376,4680
536,2658
3873,2825
1800,4860
3462,2843
1712,4686
154,4911
2333,4966
4641,56
3757,4909
3485,4671
495,4799
4021,4765
324,1808
2445,3877
4508,2772
2112,2768
637,4781
359,4689
4617,4831
3750,113
1780,4815
4808,4793
4346,4696
2480,2822
2270,1827
985,4901
1741,2843
3210,4783
3134,2865
5053,13
316,4686
4812,4797
3811,5018
1801,2790
1517,5077
4807,34
2361,3914
1623,5066
1275,4792
316,4669
1655,1730
3157,2851
4758,1831
0,4682
2185,4946
3798,320
3679,4682
1939,4789
2514,2784
3839,6
3802,2779
3897,113
3602,4856
277,4919
386,4830
1512,4778
4283,1734
3464,84
2039,53
3945,4920
2331,4890
4584,2840
3276,2799
3514,4820
4383,2866
3429,2795
4293,1862
4117,4961
1035,40
4620,4953
328,4906
2597,115
837,3886
2153,2864
1003,58
3639,2767
4011,4761
490,4963
4627,11
489,4940
2539,132
2257,5001
3661,4792
3012,4786
979,4935
1206,4634
4285,4939
1359,2844
31,2779
1298,2854
2681,4878
4813,1735
2403,4774
336,4953
3787,4946
5084,4889
277,3885
3156,2810
3696,1835
1437,7
1764,4742
1957,5070
3272,2782
1566,2832
3745,5063
4757,113
1959,3883
568,2795
4567,1837
3412,4964
3109,2845
1645,4992
940,4739
1628,4799
1098,4766
4046,4906
4042,1841
1924,4914
4466,2789
2270,4674
4533,66
2890,2854
3900,41
1771,4954
1238,4265
3836,1
1539,4723
2120,4818
3792,4896
1753,1845
2328,2795
2176,2781
327,4936
4149,1838
4506,4911
461,4994
1025,4890
1414,284
1716,2818
4153,4965
1435,4932
1280,5020
4060,69
4475,61
147,2783
4338,2829
1658,4788
3394,5065
4628,2837
1649,2784
3790,5074
2206,4674
2802,5075
2342,4781
3190,2827
714,1728
244,5073
3685,1725
1491,2846
1312,4764
3842,2832
1549,3884
1608,66
3483,5016
3449,4786
3099,2809
4165,4914
5005,4965
2014,8
575,4876
2046,4956
4295,4862
592,21
3506,9
3309,1832
2524,4781
3765,2790
1053,1838
1284,4884
643,4890
3307,4941
434,320
2566,3505
1610,4267
4627,2854
938,3882
3472,8
789,2786
2513,4760
387,4723
3542,2813
3331,4775
4289,4248
1477,132
4435,4786
701,4680
1011,4774
1260,4870
868,1851
2992,124
1301,4958
259,21
3437,60
1375,4760
2806,4669
1396,4915
5055,64
1126,2768
2260,1837
3867,4919
303,4694
3944,4728
1200,1808
512,4929
1041,284
1166,5
4054,4876
1255,5063
1496,4847
1594,2844
2233,4737
4871,5002
422,4784
2035,117
1364,4685
282,4824
1113,4752
4053,116
4839,117
2691,4790
1067,2821
4238,68
1282,4917
601,1843
2448,2813
930,3915
486,67
2333,5069
74,1857
3532,4919
1786,2790
1259,1808
5046,2658
3418,4673
2631,4897
507,4685
3827,15
1672,2824
3920,2841
848,2808
1252,62
582,4718
696,4681
4540,4753
76,4878
365,4995
4501,2811
502,2865
2730,38
4257,4635
1339,12
4163,40
4413,4248
3193,4879
3742,4990
3228,4832
654,9
1897,4947
4078,5064
1939,2827
2173,4956
2756,2855
4582,1725
3741,4979
1119,4265
1765,4934
2679,4253
1435,4787
2720,4902
2089,80
4433,1849
4128,319
3095,4780
1318,4753
436,4772
2936,4906
2054,4901
916,4944
168,4750
2065,4679
4087,4733
3089,1726
3296,1836
3006,4683
2222,4896
2340,54
3323,1733
1695,2809
3240,4880
3831,4728
3370,4963
1161,4635
2419,4956
3577,4734
4567,2794
2637,3
3420,4759
5068,4729
5072,4988
1109,1833
3047,62
4072,4797
2107,4683
3198,4979
2264,2817
1119,1748
2549,4870
1987,2798
1663,2817
2218,34
3655,2848
2050,4860
1394,1742
4132,5069
1603,50
4182,3913
1977,4800
3974,4888
2926,4768
3839,1748
1120,5065
661,4690
3989,2829
1695,4735
2263,2835
474,1748
1585,2848
4302,4690
2518,1839
4523,5020
700,4675
2427,1734
4665,4763
1379,48
2234,1808
4893,2788
307,4692
3997,4902
2390,2829
1247,9
1976,2812
1309,1728
712,2782
2945,2789
3026,4934
1941,11
2477,4734
3151,4817
4535,4932
4258,2826
907,4253
2661,46
4476,1839
3844,21
3894,45
95,1737
679,2796
1589,4734
4132,4972
692,4965
3409,4763
2563,2788
227,68
4326,4965
1803,4902
1520,2865
1690,2841
1750,4761
4942,4946
3675,2803
3923,5070
2679,2658
4160,4689
476,4930
97,4755
2511,4861
2920,4904
4584,4989
3731,4684
3498,4828
3280,4903
71,4885
592,4266
4169,2799
4974,2814
2060,4761
1311,4912
4703,4634
907,4790
2625,145
1960,4670
677,4820
3491,1808
3313,4772
82,5066
1800,1742
4290,48
188,1860
2033,4819
4417,2764
4722,15
4657,5002
1815,1896
1258,2860
1454,4998
2920,2825
3547,3885
309,132
540,4264
3192,132
3390,4787
3765,4882
3577,4777
4865,1729
707,2853
2148,4829
150,4793
1496,4680
1286,61
3818,2823
3621,1740
1607,45
4381,1855
682,5074
3322,4831
1629,2849
2746,318
3605,4906
2487,58
1972,4776
1229,4693
2733,2816
3731,4988
3169,2796
4221,4766
1159,1851
1623,66
1182,284
989,5016
4645,4737
4834,1733
3275,4908
4010,4265
108,4879
2295,133
5003,2820
1012,4994
1417,5064
2024,4896
1989,4914
4068,68
1949,4991
1400,4752
2003,15
3848,4797
732,4686
2326,3879
2501,2817
1914,4781
3580,4889
1415,4674
3583,4939
1007,13
3145,2798
3061,2849
377,1848
2713,4870
3130,3880
2757,4889
407,4815
1377,1831
1787,40
4503,4882
2964,2765
536,4766
764,133
383,4971
4667,3924
332,2779
806,1788
1694,3881
2450,5073
1339,3885
1196,2776
3704,45
433,12
3047,5073
2169,4930
2668,4951
1298,4682
2400,4736
1620,4684
2905,1860
4415,4978
5044,4884
391,2765
2321,5077
883,2809
2418,4892
3830,2845
3391,4729
4274,5077
1538,2789
4702,2866
2044,4691
2993,2856
4480,4955
2019,4919
1878,4720
3364,4887
5028,4908
934,1817
247,4687
3298,4761
1188,4857
2965,4934
4575,4931
4322,3886
3252,4749
4137,218
4514,4787
4469,21
698,1818
4046,4990
1852,4777
1072,1725
3521,4772
3052,133
2384,4673
417,1896
494,4634
3957,1808
4004,2783
3022,2839
801,4897
3524,1835
3224,5066
4263,2772
4378,4248
2234,4917
4630,1849
1473,1
4307,5020
501,4732
4445,4747
1886,4907
307,4911
4031,4694
894,5073
1759,2840
3227,2827
3057,2839
3027,4855
2512,5070
1041,4910
1877,2765
2623,1834
2780,5016
4645,2851
5048,4938
4148,2765
3706,4916
1475,67
3933,285
3763,4678
2237,4958
3754,2822
315,4998
3710,113
4342,1737
2627,60
1759,4791
3673,1856
2655,4697
868,56
4424,70
1984,4862
1966,4674
2339,1816
206,3914
4444,4849
4757,4250
673,4694
3720,4685
243,1808
874,4907
941,47
3138,4971
1741,70
902,4930
5062,4738
168,2855
2022,2829
1314,4687
5068,4880
333,1855
4027,1725
4352,1
3267,4248
3463,4873
2055,2860
3202,4264
619,4994
1388,4935
305,4862
2512,1788
246,9
4287,4760
497,4761
1952,4735
632,4886
3279,4785
915,4777
1125,4816
3741,63
3831,1725
4863,4816
2770,218
4111,1835
4568,1827
4230,2818
3830,4690
2167,1728
2526,4889
2057,4934
1679,4250
3111,2857
4603,4797
3177,1837
27,4791
278,2818
4465,4969
2089,2772
1146,1818
4141,4921
563,1818
4234,4979
4337,1
3217,4693
2210,4748
4408,4855
271,4944
1203,84
3680,4896
4130,4755
4410,1838
377,4786
2448,4776
5058,4993
4725,2814
1552,4992
207,5063
911,114
3568,4856
4708,4766
3485,3877
1045,4718
3689,4250
4490,1727
270,1733
141,1731
3332,1842
3110,4906
3352,4772
1559,5001
2414,4961
328,4253
1876,4264
3599,4873
445,2841
829,4761
5005,2816
3147,4749
4001,66
3133,4860
1815,4688
3760,4682
144,4266
329,4783
796,80
3807,1838
1703,13
1617,1726
3597,70
2021,1742
3720,4904
1437,2839
4699,62
1963,2862
3410,4914
2357,2833
4122,2803
3259,3
3626,2818
3662,4970
3428,284
1965,13
3059,41
3457,4249
5052,4688
1914,4674
493,4742
3575,4884
4571,3914
3236,4876
1755,4267
2870,4683
323,4858
902,1850
3154,2765
2900,4889
3207,1
1470,2825
4614,4693
3195,2823
2498,45
2752,4746
281,1729
4576,1732
1165,1725
2874,2788
4719,3886
1309,4676
687,4773
2242,2788
619,4787
2974,2765
1621,56
5031,4770
229,4771
1915,1857
3820,2671
3304,4674
3441,1788
2778,1850
1584,4906
1888,2799
5024,4249
4518,1834
3546,4739
1982,4847
605,2803
592,4900
455,68
410,4680
2118,4739
3795,4889
3738,2838
4016,4634
3887,4743
2143,4761
2089,4946
3000,2849
1179,4991
4470,4906
1952,4797
1320,1818
563,3915
2422,4862
1469,1841
766,4992
1970,34
1107,2800
1960,3914
3720,319
1007,4799
2734,4955
484,2839
240,15
2552,2839
3938,4738
2871,4891
1307,1737
337,49
4262,2853
5012,48
3484,4613
1593,60
1131,2865
4407,2768
2224,4901
3293,5064
3261,4266
1116,1832
1044,3879
2421,4778
918,5064
3859,4768
4348,4909
3621,2817
540,2796
2070,4729
4102,2856
2950,4861
2492,4797
25,4920
3809,4635
2735,11
4432,4800
2003,4992
4363,4729
1562,1734
371,4907
33,4675
2718,64
3613,4680
4364,1838
488,2849
1267,4903
561,2817
2262,4964
382,49
2906,4872
2634,4891
1133,4797
1554,1737
1137,4908
3519,2658
1976,4738
3118,4738
3356,4249
2881,4737
75,4678
705,4693
3343,4635
634,3886
2470,2812
1633,4880
4277,285
3852,4915
3921,53
1064,8
922,2832
3149,4916
2030,4265
2544,2765
4113,15
300,34
3682,16
2137,48
125,2823
4562,4918
1434,4929
991,5074
2076,4861
100,4772
474,1731
1957,4978
4481,4847
478,11
2622,3505
4092,2671
3657,5073
2341,1851
2982,145
3113,4858
2890,4901
1690,5070
271,4727
784,3913
147,4775
1545,60
3815,50
1939,4687
2625,3913
2149,53
2501,5077
4709,4763
2009,47
1047,4987
3791,5
771,4772
792,4831
2515,2812
1925,4849
662,4816
668,4751
1938,2790
2439,4965
2636,1860
3587,1831
3658,1827
2498,49
3156,4816
4573,3878
3202,2845
2663,4718
2892,1857
1383,4751
1933,4696
2352,4682
4209,4669
5040,2781
1979,4781
4415,2865
4087,2837
1124,4729
4239,4997
3027,2785
3442,4939
102,4944
636,4998
163,2808
1053,1841
876,4911
1638,4882
3777,4692
1245,4880
1196,4251
2690,2835
3638,4972
388,3886
666,2812
3700,4862
2572,63
2585,4987
624,5077
2133,69
1893,2837
1525,4934
4372,132
3434,4803
1313,4831
4146,2839
3374,124
1678,2826
935,4685
4217,4742
112,4829
2682,4777
5023,4954
3771,2854
597,4991
1133,4957
1750,6
3524,1730
2136,117
23,4784
3742,320
1605,2768
3069,4797
255,114
412,4892
2620,3912
3168,113
4214,4910
4182,4946
2148,4697
123,1726
1829,2848
949,4792
3825,15
2273,4694
965,1862
2993,4989
81,2817
2367,2810
4420,58
270,4972
5039,2822
2508,4816
2984,1862
676,52
230,4910
1768,2818
1464,2855
1375,4905
1619,4957
4163,4855
1775,3
2910,4672
380,1788
2550,4720
1327,5066
3365,4654
3592,5064
3361,1831
3638,4990
3631,12
2185,2811
559,4952
4280,4935
2135,4938
1363,48
2179,4939
660,4926
1820,4936
2236,4904
4484,1850
1167,3878
2520,132
557,4818
3713,4264
1335,4742
4412,4697
3764,2862
2929,2799
2296,4872
4063,4944
2095,124
2090,4888
880,4800
1538,54
2523,2795
3523,4732
1059,9
4221,4953
430,1737
2931,4754
4435,2866
1277,1843
634,1847
2548,4799
3062,4913
257,1860
310,1742
647,1733
3387,4849
1636,4790
2651,40
3247,4654
2254,5065
885,4755
3311,4908
1981,38
237,1847
3671,4683
4138,2765
2499,1748
4067,3915
2793,4988
341,131
44,4690
1720,4952
4155,4831
3923,4737
4196,4990
2568,4986
4505,5065
165,4766
2268,132
1146,2817
4399,2809
1749,1728
4606,4788
166,65
4615,4966
4658,2821
1244,4905
2930,4785
1664,12
1888,4749
111,4683
4423,1843
1173,4989
774,4759
3586,4739
77,4861
3614,62
292,4887
3906,5063
833,117
931,2796
3413,4730
1521,1788
1344,4885
3379,4742
4757,2812
843,60
5005,38
1247,4886
1152,1834
3856,4884
3978,1728
5078,4801
3436,4668
4355,1841
3825,4785
814,4253
4007,4674
2775,4728
3069,4816
597,4883
4537,4830
1232,5065
745,21
2561,48
1522,4911
570,4768
2028,2822
1093,5016
3163,4877
631,5065
3061,4791
1610,4693
2355,4697
782,4654
1286,2764
1166,2838
4557,1835
3360,4897
1899,4970
426,1831
3707,4850
942,13
1039,2827
4457,4752
4097,4892
3606,4774
1905,4749
105,4742
3041,3924
1900,40
1765,4830
988,4754
2279,84
1549,1728
2397,5073
1654,1847
691,2854
1580,64
1228,283
3844,4690
2688,4781
943,4799
983,4962
3242,2843
3927,4634
4942,46
3183,2825
981,3915
4636,7
104,4815
1158,133
3551,4267
380,4996
4113,70
4624,4964
1341,4894
111,4697
4516,133
4208,3880
3273,4790
4327,4781
1528,2767
3963,4831
3727,4718
3547,1833
4464,3885
630,4672
4466,1
4230,4972
4348,4997
2058,4668
3064,2803
2368,4674
2601,2856
1318,3615
412,2857
1633,47
4259,2824
4094,4790
1273,5018
4030,4819
3654,2799
3480,2858
977,4828
626,2798
3231,5
4457,1788
3461,4723
1342,4913
75,4929
4202,4916
4397,1844
4008,4784
1485,1834
4503,2841
3300,4906
208,6
4617,2811
1077,1850
194,41
976,4873
4012,1831
1383,4678
551,1849
3840,4803
4706,2779
254,38
990,1862
1667,4911
3149,5004
3160,51
3116,4673
3954,4266
375,4723
306,4738
1347,2799
3003,4687
4504,4743
982,2764
2164,4673
2549,4861
3788,5016
43,4992
1129,3883
2154,3
3848,2789
4475,4672
4319,1862
2243,4918
110,1726
3910,11
4032,5070
2416,4936
4600,2768
3961,4934
1872,4989
4052,4896
5068,3505
1999,1861
2376,4762
3603,1726
3123,2846
3382,2829
3225,132
4304,41
1787,4654
1425,4958
4136,4693
2470,2837
3867,4909
4428,4755
3169,4654
3623,62
1336,4793
2585,4685
3675,4907
3523,4678
349,4729
812,4873
546,4762
3103,60
4131,131
515,4918
852,56
1703,2785
537,4882
3764,4799
2525,54
3825,2787
2726,4855
893,4770
749,4264
4098,1733
3573,2823
4496,1837
3903,1788
1178,283
3532,4877
2058,1808
2673,4938
4527,84
930,2826
2122,1845
443,3915
1807,4818
3222,5066
4948,4635
462,61
1774,1788
3212,4783
3739,65
2646,4685
2423,4266
1970,2671
4949,3880
3776,5063
1707,4253
930,4951
3669,4766
2632,1725
1528,2795
2437,2786
709,4861
5050,4857
3098,4946
2690,5063
3554,4742
4488,4781
1371,2843
3333,12
1494,4688
27,4966
3377,2774
1144,2765
2859,4750
3558,4876
3351,2822
30,114
2717,5018
3103,3879
330,2858
1562,4951
1322,3914
3137,2811
3684,46
1958,53
209,1857
4474,4962
3214,4941
3112,4936
2868,4956
3993,4801
3480,4908
2736,1848
3544,4990
2511,4987
4279,2853
3935,4935
2698,16
1402,1846
4146,1860
964,2829
925,1
2373,84
3567,38
3064,4749
1392,218
649,4671
2509,1726
3167,4734
4120,2846
2618,2798
222,4878
5013,2785
4464,2814
3255,4989
1619,1838
2640,2671
630,4764
2925,3913
2058,4832
155,4963
1180,319
2804,2796
3723,4862
4236,4742
854,4754
4215,2799
1061,4832
614,12
1378,4677
4115,1857
4805,4994
2429,16
1185,2818
207,4763
547,4855
3816,4896
4230,5077
4621,4998
2033,21
134,2809
3106,4877
1130,4955
694,7
781,4958
1530,1837
2095,58
3430,4946
1824,4917
459,4907
2441,4788
3687,65
4082,4824
1240,2768
4854,4676
1799,4894
3510,50
2286,2816
4092,5070
263,4969
1274,117
1048,1862
1465,6
4648,4692
3547,4877
3956,4733
226,1846
789,2832
255,4889
3361,4766
1059,2820
2645,4941
652,4738
793,1842
4469,4828
1230,5074
1963,4681
4089,2790
3023,4970
4379,4966
3859,4962
1346,4685
4540,84
4114,4668
931,50
1312,5002
2873,4770
1661,1860
3376,4850
3482,4857
2723,2786
421,2795
479,2835
835,4906
1467,2841
3300,4782
3966,1725
900,1808
2517,2822
4240,2776
1934,2818
2259,2827
1075,319
377,1808
2566,4850
736,5019
4200,4930
2489,4670
167,4737
5049,62
1154,1832
1548,4910
2095,4926
4425,4790
1001,4668
1052,21
2430,4988
1579,4695
783,4904
1250,4748
257,4743
2881,5063
1374,2782
3767,4679
2990,2845
2995,4670
940,1748
4838,2823
682,2788
234,4938
3070,1827
2461,9
4497,285
898,4670
1867,9
2183,4792
5081,4761
3419,5073
3975,4778
909,5075
633,117
1537,11
2272,4765
3662,1832
924,2776
4274,4778
2612,4727
2141,60
1663,3880
4515,2841
375,4746
2390,4886
636,4880
2618,4733
2559,4773
2002,4900
588,4696
4704,1841
659,2808
4206,2849
1400,5016
1317,1818
4653,114
2368,4939
1313,1842
500,4741
1628,4685
2968,1835
1859,49
3722,4886
951,2776
768,4919
2332,56
2815,1835
742,1735
2521,113
2874,1857
2239,4265
957,4862
1626,4759
1642,2854
1603,52
3272,2794
4286,1832
2563,4766
2980,4848
1775,4991
143,3878
3495,4921
3371,2798
1661,4931
919,4684
3214,4718
1549,2773
4494,4765
585,5069
3781,4816
154,2838
960,4786
2155,4897
3533,5074
1109,133
4050,2847
1599,4958
1174,4993
3186,2848
4794,1788
3693,4752
4401,4930
1265,1816
3589,4762
1439,4759
3608,4791
642,2821
1390,4265
1161,2867
4558,4694
2493,4764
4109,4748
2819,3
1756,4720
4494,4915
3580,2832
3248,9
1905,4832
4155,4947
2916,2779
1216,4912
1468,4737
2957,2803
2573,5065
1933,4681
2770,1726
2896,115
1515,4947
4154,4249
160,2784
2072,4936
1153,2809
1684,67
1377,4697
471,4816
2651,4691
194,4682
3683,5000
3066,1726
1633,4915
1962,4251
1087,4963
2842,4877
4552,4857
1702,4937
2286,4819
4523,4991
4286,4905
1685,2812
1427,2788
246,2789
1679,5020
2515,4856
4495,4870
671,4728
106,5018
4375,2796
4283,2825
2298,6
801,2849
4182,4739
4331,5073
2663,2831
851,4742
1330,4761
1905,4903
1382,2795
2064,4830
3748,15
3537,3924
527,2812
2364,4930
2266,3877
3969,4681
2404,4675
1908,51
363,53
4530,5065
4407,4934
2336,4776
3603,11
3264,4956
3558,2862
2145,4693
4390,2825
2245,319
3944,2765
2608,4901
2522,3886
3371,2827
4348,3881
3752,2858
3169,5073
3905,4911
3741,4727
156,283
581,2818
3979,51
4621,1728
3185,4849
1261,4918
1530,2767
331,3879
2276,60
1088,2810
253,4253
2949,4747
876,4718
3130,55
1752,4634
999,2866
2226,5063
4400,1729
3671,1742
402,6
3921,4920
4388,4857
2179,5018
2633,1862
1547,4947
2734,4790
1281,1730
1240,5001
830,4737
2283,4747
4080,1732
1792,2822
3353,1856
4844,2814
4127,2818
2622,1843
2086,4783
4014,4919
90,4876
5021,4764
3734,2658
519,4832
4292,4892
4136,3885
1257,4879
2666,4682
4851,4730
2210,4885
2445,4250
937,54
925,4970
3215,1
2459,48
2530,116
4619,4961
4532,2803
3677,3877
2993,2671
3153,3879
223,4787
2576,4936
2439,5016
817,4789
2945,4680
3301,2831
3859,131
2465,1831
3204,1816
3674,4902
3821,5077
136,4963
3851,4901
4376,5073
4145,2794
3256,283
2583,4267
3754,4686
2751,3924
3022,4791
988,4755
2927,4789
4834,4907
1443,4916
227,21
2544,4769
4047,2827
4256,2846
738,2821
1971,2849
2395,4887
2072,5075
3280,132
2367,4878
2639,53
2362,67
389,4749
3170,4672
2052,4886
3010,5016
1804,4860
4068,116
957,4997
871,4750
3014,4905
3323,2811
4562,2841
1854,4820
3377,4896
2588,4887
1292,4947
2896,1845
1686,4680
1097,4766
451,4678
4616,4668
1312,131
4983,4781
3866,2790
3008,4738
2742,64
1567,4668
522,4670
4153,2795
4000,218
2744,4935
2797,4675
1503,3877
3346,68
398,5069
1760,6
4304,1728
3935,4962
83,4886
1250,1848
433,4987
178,4670
1374,4792
1149,38
1183,284
3165,1831
4224,2773
3697,4938
4641,1840
1471,3877
4464,4904
2298,4733
219,4746
4556,2795
648,4732
1924,319
4368,4818
4335,4890
260,2848
1887,4747
382,2860
928,1818
770,4265
1377,4727
1097,1839
4151,284
3902,1896
59,2768
1353,4829
1868,4990
565,2854
4977,1840
1477,3912
632,4777
1590,4729
1592,4872
2723,4249
711,4890
593,1725
238,5069
2560,2860
4699,4816
484,2764
321,4682
3495,4694
4400,2840
3317,4754
2090,4956
4719,47
2715,2844
1234,4919
2047,284
2640,4792
993,4963
2419,4264
592,1860
4721,4778
2207,4654
222,3881
4744,4885
1980,4963
571,4880
1904,283
476,4692
3061,4746
3949,4957
4171,2840
1301,113
2313,4818
3898,4902
4300,4904
3922,5066
909,4907
2931,4735
3869,4849
2861,4941
1693,5064
2562,2837
1529,4723
3185,4670
536,1850
2426,4681
2718,4738
4614,4697
4409,4768
4141,4936
4092,4890
1109,5004
1172,113
633,4905
4255,4970
334,4680
2960,4972
1602,1808
4796,4799
5014,4696
1789,8
4469,4694
1468,4937
1005,1861
345,1817
1338,1788
299,4673
2219,3886
951,2785
2620,4903
3898,1842
4066,58
905,2765
1380,4746
98,4742
4999,64
150,3885
1203,4678
1994,4935
1960,4939
1336,2820
3135,2796
2604,4920
3361,5075
3125,4752
1556,2803
3241,4920
1995,4249
1688,4693
760,1834
2587,2844
414,4902
1546,3615
1948,2803
4375,4926
1859,5069
2948,47
2473,1827
1116,4905
3819,60
965,4883
1171,4760
1266,4816
2523,4906
1765,4911
3420,1851
1162,4896
4429,319
2733,1856
4532,4251
3094,4734
4572,4952
1365,53
1533,9
4719,2784
173,3877
2250,12
4589,4903
2926,4917
1705,4932
1483,4792
2380,5002
2662,4954
4241,1742
4722,2817
2182,4910
3561,2779
4075,2847
3117,4697
4698,1846
588,4774
3087,4988
4608,4267
1917,4919
2474,64
1914,48
1416,2821
2188,40
1930,4872
2953,4718
3953,4969
138,3883
4138,1860
2521,1727
33,4753
2545,2817
1543,4729
139,1847
3725,4785
3773,66
1566,4991
4386,2658
4174,131
2640,46
4242,4862
3970,4891
1532,4684
1361,1742
3358,3878
76,4891
4326,4267
1353,34
3342,4676
2095,5077
557,4858
3769,4678
5034,1843
2020,48
335,4737
243,4772
1160,1844
4429,4861
5038,4750
3230,4249
4401,4731
3414,4800
550,115
1311,4971
1678,1861
442,1818
215,4956
720,4765
198,2783
3552,7
2046,2781
2232,1732
4051,1861
4080,4769
2282,4673
1372,4672
3388,4909
1066,4669
1968,4748
