27,26
86,87
57,17
100,101
28,29
61,62
36,17
40,41
18,19
98,99
110,111
97,38
91,62
46,47
18,85
55,13
32,33
6,7
93,29
82,3
52,53
25,26
84,103
68,87
118,29
57,111
105,103
22,3
88,17
112,62
37,38
50,71
77,92
2,3
14,15
55,56
42,60
0,1
119,62
40,21
81,33
59,19
97,17
64,17
45,41
89,104
79,80
34,17
93,17
89,29
106,107
10,11
35,1
73,3
14,13
43,29
8,9
25,109
116,9
79,90
6,83
63,9
59,21
27,117
12,13
20,21
32,94
48,38
46,49
30,96
48,41
68,69
12,49
50,51
114,104
70,90
23,24
74,3
75,76
52,56
77,78
102,21
81,24
44,29
