171,7
6,9
185,189
88,200
125,126
28,183
207,107
136,199
179,160
164,162
177,178
118,131
134,135
102,11
37,147
121,109
133,53
63,180
142,180
61,132
73,5
163,69
124,94
148,31
145,190
75,151
130,131
181,140
22,53
128,129
161,162
143,87
173,174
186,137
136,39
143,144
195,196
67,141
179,144
115,135
195,151
95,24
203,78
142,99
54,1
4,31
159,160
36,193
50,170
198,19
164,47
158,137
191,187
138,53
2,108
152,151
20,155
105,192
156,126
125,157
165,5
159,176
82,209
172,83
112,129
120,3
127,109
204,62
133,87
175,58
166,167
154,155
91,184
185,51
114,132
64,178
121,122
152,153
72,169
166,66
35,137
124,206
113,205
181,184
