27,26
86,87
57,17
100,101
28,29
43,3
40,41
18,19
98,99
110,111
97,38
30,31
45,9
46,47
18,85
16,17
32,33
6,7
93,29
82,3
84,85
25,26
84,103
16,58
118,29
57,111
105,103
88,17
112,62
4,5
37,38
50,71
100,108
2,3
14,15
55,56
23,71
0,1
119,62
40,21
81,33
67,62
64,17
72,29
45,41
89,104
79,80
34,17
93,17
95,29
115,60
10,11
35,1
73,3
14,13
43,29
8,9
54,38
79,90
65,66
6,83
63,9
59,21
27,117
12,13
70,13
32,94
48,38
46,49
10,39
68,69
65,15
12,49
50,51
114,104
23,24
74,3
42,9
113,41
52,56
77,78
102,21
34,76
44,29
