171,7
6,9
88,200
125,126
145,96
28,183
177,178
134,135
102,11
74,210
133,53
142,180
61,132
73,5
110,157
163,69
124,94
148,31
75,151
8,123
181,140
173,174
136,39
67,141
148,117
179,144
95,24
54,1
4,31
106,176
164,47
138,53
152,151
105,192
134,201
156,126
125,157
165,5
172,83
150,174
112,129
120,3
127,109
204,62
139,140
175,58
166,167
91,184
185,51
150,80
114,132
64,178
166,66
124,206
44,208
113,205
181,184
185,189
207,107
149,101
136,199
179,160
164,162
118,131
23,168
37,147
121,109
63,180
145,190
197,141
130,131
22,53
128,129
161,162
0,187
143,87
186,137
143,144
195,196
173,182
115,135
195,151
203,78
142,99
116,146
159,160
36,193
50,170
198,19
86,194
158,137
191,187
2,108
20,155
188,189
159,176
82,209
133,87
154,155
119,202
121,122
152,153
72,169
35,137
163,92
