1205,3924
3680,4832
189,4903
2918,2845
120,5063
3808,2809
2426,4858
1392,4995
3332,4900
1161,2838
749,2823
5081,4750
4294,4781
2562,2809
552,113
2648,4780
1771,2860
983,5063
3351,5075
326,4265
3539,4690
862,2860
4981,2773
1998,1733
2394,3924
1569,4951
165,4965
4070,4882
2303,132
4569,4998
272,2838
2143,4728
2307,4988
2001,4748
2541,2782
1798,1836
4852,114
3334,15
2687,4746
2605,1835
3970,4986
2701,2774
4062,3
4172,2867
902,4894
4349,4267
2941,4993
931,53
714,4951
2759,285
1160,4762
1109,4723
2312,2776
4480,4788
4191,4900
2875,4850
5082,285
775,13
2199,5001
394,56
3766,5065
1500,52
3698,4883
867,4947
3604,4870
4806,2838
4241,4695
1169,4250
2634,4829
1429,1740
3474,55
1169,1861
2401,4771
1710,4906
4030,64
4611,2796
3059,7
2961,4990
4591,4970
315,1837
1003,3924
3664,4696
1426,4759
2237,3878
2945,4738
732,4900
3234,1734
1618,2658
2936,5020
2127,4857
1381,4908
3956,117
2601,67
1955,4830
2957,4955
3483,45
5005,2790
1695,2810
5071,4818
2751,4894
4534,42
3154,1748
4637,145
2536,4686
1512,2776
1102,2846
1783,4918
1854,4930
1648,8
1566,5064
3184,1847
2815,3505
4278,4743
2993,2839
3250,3880
3744,2851
535,4921
3944,2820
2446,49
4002,4870
5082,4884
3662,4613
666,2810
742,3880
3445,21
914,1733
3498,4934
4042,3505
4579,2849
4016,4759
2563,2824
4287,4685
2401,5075
612,4953
3569,131
3776,1737
194,4891
1540,4768
1685,4819
4324,4988
3768,4668
105,15
2421,4635
2649,4920
5055,16
266,4793
2649,2764
545,4754
1245,4769
336,2839
1545,4971
2911,5069
4636,4820
3813,4761
3873,4989
5067,2866
2738,4820
1672,218
3827,4885
3583,4897
3458,4784
3343,2811
1172,5004
1795,4739
4376,4935
1743,4857
4018,4879
3057,5063
537,4952
2129,4939
4636,4939
1393,2814
1388,2808
1073,2808
1259,5018
3145,3915
1996,4779
3040,4894
4119,4742
1564,4972
250,2803
1028,2782
2710,5020
424,4964
663,4249
2383,4635
4113,4680
4313,4880
1476,4777
4611,4780
1602,1833
856,4828
4216,2854
147,4248
2412,3877
3109,2671
2607,4904
4854,1735
1364,5075
1181,2787
2209,4832
1939,4266
2708,4750
3444,4752
107,4685
3328,1
4327,1833
2147,4761
2444,1730
24,5074
3359,4946
4002,4777
900,4691
2732,2867
2428,1748
2622,4746
5046,1862
3336,1841
4580,4728
2725,2844
3916,4265
3827,4692
3048,1731
2161,4723
2819,4771
3147,1855
3738,320
2130,4987
1263,1727
3725,70
3709,1857
3595,4693
2714,4903
1518,3881
2039,4941
1915,4669
324,285
1825,4885
580,4775
4559,45
1008,80
1666,4956
327,4877
2731,4892
4928,2796
4278,2835
4054,5070
2954,4783
1648,5018
4587,4686
2514,1726
108,4681
4519,2798
1513,1856
403,5020
1746,66
4197,1740
2263,4829
3747,65
5022,2845
3244,4248
1248,4689
5022,5002
205,4989
2705,2860
3702,2795
3809,4768
4569,4931
3916,4860
3835,1846
2656,4988
2021,4912
876,2784
3422,46
1045,1729
1688,1808
4388,4858
4983,4250
3428,4728
972,5002
3629,319
295,4829
1555,5000
2226,4951
4840,1816
2889,4987
3943,2831
360,4855
1084,4784
2729,4994
2144,4819
1234,4654
3336,1855
379,1808
2461,4887
4100,4792
4502,4988
4411,4905
4105,4761
4715,4678
1039,2811
2170,5070
3075,2764
276,2851
3176,2827
597,3
1700,80
4374,2857
2888,4785
2265,4776
3408,4818
2883,1838
1640,2809
3633,3880
3135,2824
2086,2823
2442,2794
4516,4718
4404,9
3180,4682
1441,3883
633,4771
2542,8
4405,4824
554,1730
262,4686
1509,4738
1270,52
328,2840
684,1857
2178,4947
3609,114
1408,2809
4369,1725
3657,4264
4758,49
1307,4979
2628,1816
4356,4885
824,4972
3225,2856
2485,3879
1981,4879
194,68
3522,4932
1990,2798
1722,4692
4406,4909
1986,3615
4300,4730
2667,41
1946,4771
19,4952
2697,4682
4580,4749
2723,3881
259,4671
211,4727
2041,117
3095,4909
812,1833
3823,15
3991,69
1369,2782
1419,4734
4194,41
4370,5019
150,1733
1745,4735
2965,4931
0,4720
4806,4635
2321,1837
3090,4789
2339,5016
1461,4697
2020,5065
2805,4858
593,4832
723,4817
4237,4965
3644,4904
2459,2800
2321,4728
1503,2829
3553,4787
299,53
1415,4264
2721,4788
405,4915
4388,2813
1028,64
2122,4964
714,2803
2528,4818
864,4946
2440,4692
4745,2825
2372,5016
3831,5004
2292,2799
2159,4686
1944,2857
3522,4903
4314,4634
2417,1728
3296,4691
2037,2786
490,5004
3416,48
4578,4800
3099,2833
4625,4889
2267,1726
3479,65
3289,2837
224,2851
702,2788
2034,4884
3078,4848
1950,70
4228,4683
1944,4990
674,2803
4176,2847
1275,4815
1553,4747
823,8
3955,4676
1157,1848
4492,1855
1165,285
3898,2822
5015,4965
658,4921
1769,4904
1286,4970
2295,2767
2728,4903
1049,2671
1069,2814
693,4267
436,4687
4744,2864
4457,5063
2548,5069
4661,4755
3460,1831
4567,4671
384,1818
596,2851
1007,34
71,2822
3077,2808
1991,1860
1223,68
4502,2803
4238,4847
2043,2789
4497,4250
2942,4697
4471,38
1690,4793
3335,4739
2771,4786
1994,2855
4722,4856
325,70
4865,4987
2652,4694
1876,2781
2348,4784
3345,4880
850,4830
4097,4990
4009,4966
3576,1727
1453,3915
5062,2835
2482,4727
3261,4817
1164,4860
183,4988
4285,1844
799,4955
2484,4732
719,40
395,4737
2638,4885
3447,4684
1511,60
3031,1734
2608,4819
1703,3880
2439,4675
1026,5074
3097,4754
4608,1742
3688,4971
1356,2790
2365,4673
1624,4910
355,4732
5021,1848
3938,4751
4291,1851
3853,4267
381,4987
822,1849
2511,4790
4213,64
834,4850
327,1851
4355,4692
3945,4253
871,1726
3205,64
1653,1808
2324,15
2030,4855
2065,5070
916,113
3308,1845
3714,80
1671,4832
192,2841
2239,4677
1511,4248
1900,4947
691,4613
3898,4905
4293,1844
185,2862
1485,4936
4208,1748
2936,4993
4416,4799
862,4889
3065,4963
1183,2848
2976,4738
512,61
3379,2773
3894,2846
903,4791
2132,1846
2338,4668
859,4686
3842,319
4216,4998
2621,4916
2112,4972
1579,1728
1006,218
2528,133
1137,4919
1686,4902
289,4765
4321,4736
4000,5064
2010,2840
4311,4688
4582,2824
3175,1818
2053,11
4950,3884
1711,2816
2454,4947
3413,4830
2129,4770
4844,4996
3267,4978
135,4785
843,4935
1784,4947
3288,4968
374,34
4244,54
5039,4791
274,4940
4556,1856
2200,4765
4325,1831
1503,133
611,2849
276,64
450,4266
400,2817
2343,4688
2590,4819
4058,4781
226,5070
856,2784
1440,4887
3953,2831
1455,2833
3211,2794
3028,1836
3037,4797
4641,4688
3647,1841
4303,65
815,4764
1779,4995
272,4691
4479,1726
4805,4770
563,116
3531,12
4593,47
4147,4766
1644,4962
4478,4737
4507,2671
1159,2822
3265,4785
1676,4947
2859,1816
912,4787
3227,4892
4138,2786
1944,2835
2736,5002
2028,4890
1056,2765
4298,4947
474,4904
1404,15
5057,4819
2624,4267
4563,4780
3809,4971
3664,4888
4135,4931
196,4266
4552,1847
2284,3885
4851,3879
3107,4759
1180,4951
5025,4912
295,4763
1976,2853
3032,4964
3899,4934
260,1836
4213,4970
422,4890
3492,2849
1440,2786
3070,2829
1527,4793
3066,5074
722,4778
2969,16
2426,2796
596,4763
3352,4914
948,4693
1488,2846
4570,54
542,2781
1973,3881
1328,2848
4512,3877
1650,4860
2753,124
1325,3880
3008,319
1906,4776
236,68
1540,4930
4574,4818
4128,5019
99,4953
2721,4739
1247,7
4348,4926
919,2794
5031,5004
4214,1836
3993,4914
3847,5069
782,4679
915,4677
3690,4815
3210,4911
4600,4963
3490,4793
2325,1735
232,4848
4600,117
1099,4870
3838,2779
4569,16
3814,2824
1045,2773
3419,5075
3660,2808
3566,4902
3497,4989
4086,4265
380,4751
3312,58
2487,4730
254,4677
2419,4896
3947,4920
2716,4768
519,4939
995,3877
2736,2796
211,4831
4281,4253
603,4769
3258,4824
1032,4876
4017,5002
4107,4962
1216,4947
4061,4876
3287,2798
1299,4931
585,4753
1926,2774
3552,4964
2253,2845
5058,4965
4629,7
4702,2811
3049,4685
695,5
668,2795
4068,2798
2119,115
2440,4264
960,4613
1703,1727
3564,3883
4320,1834
836,4789
302,4995
503,4792
4376,4778
76,2838
1155,4677
1692,4613
1104,4902
967,4727
2770,4790
2329,4996
4071,38
4032,4775
361,4860
3499,4800
1671,4773
1782,4914
3433,4849
1170,9
4086,2845
1673,4830
709,2849
1826,4824
722,3924
4433,1839
2449,4613
3315,5074
236,2831
3062,1847
3619,2764
1023,4818
3816,4781
3892,4885
4714,1839
2224,2838
3581,2764
800,4934
1951,1816
2036,4723
4655,3913
3141,4956
32,285
3629,42
1146,4940
2169,4778
2997,4783
3660,2798
1761,4908
4999,4908
2195,5063
1675,2658
4976,2849
652,4817
1243,4830
4083,4941
3962,4742
676,4897
4288,4674
2898,4800
1694,4762
3029,4634
4153,2833
4291,4697
4205,4686
3856,4731
2503,49
967,124
868,2817
4814,4855
2211,4901
3155,4968
1708,4770
2446,4886
2089,5070
590,4752
2481,1833
2538,3882
3268,4998
288,2671
3604,4788
958,2838
1175,4751
521,4888
2954,4829
2575,2768
2496,4727
2992,3878
3326,2849
1104,2858
1466,4801
81,7
3972,1839
1376,2776
2256,4797
2870,47
1370,3913
4898,2829
3405,4894
108,4682
4023,6
3606,42
4123,4988
4393,1837
3507,4777
2461,4818
1025,4855
3764,56
2139,4946
2735,62
1521,4926
3779,4884
1679,319
1966,2866
594,4829
1552,4891
3751,4668
449,4989
2065,4784
967,4265
2072,4905
4424,46
1900,53
4539,2849
2628,4902
5025,5004
3009,4908
370,4876
3199,4787
4497,4832
265,4777
2300,4790
3874,3882
737,2821
3445,3615
4596,5001
3752,4635
3769,4771
2227,2817
3329,4897
2221,3915
150,2787
577,1827
1484,4736
3762,4674
3778,2837
1606,4789
155,4909
4133,2776
2409,4919
1444,4697
1255,113
1157,4961
4052,4879
1501,2799
3825,4901
3829,4858
4814,4720
3283,1862
1492,1848
20,2786
4821,4951
4245,3880
4080,4763
775,4997
3109,4736
1206,4966
525,4969
1037,1844
3449,4266
1971,4691
4420,4755
2647,4671
2596,4772
919,66
5062,318
4139,4736
4231,4691
2162,4669
1957,218
901,4672
209,2839
2133,4902
4022,4732
2460,4889
4922,4953
2652,4723
1363,4720
2763,319
3785,5064
2079,4250
510,54
1656,2808
345,4878
2105,4961
2630,45
1409,4681
2510,1728
270,2772
2073,5000
2752,4803
1699,4955
1597,5
3734,4963
1058,4944
3330,4883
3532,4987
4510,46
416,4953
1101,4878
2018,2795
4302,2808
3931,4902
1480,3615
1932,5075
3190,2800
3563,4762
1195,116
2143,1847
2304,4904
2171,60
4537,2857
2106,2841
100,1856
2072,5077
890,2808
2420,4887
3108,4860
4380,4979
630,4820
1016,4743
1669,5016
4200,4862
1431,4878
513,2856
1080,3885
4386,2860
616,4678
2355,4746
2373,4887
4583,41
1941,2841
3388,2847
1429,4751
3005,4733
868,4677
1606,4929
4407,4919
1422,4909
3519,2833
2552,1849
1280,4870
3834,4901
558,1851
3475,1731
720,4692
1273,4872
1311,3615
2314,3913
3314,4887
1092,2826
3960,4979
1435,65
2374,4882
1405,41
342,2833
3910,4956
1820,4860
4149,2845
2242,4673
835,2773
2560,4913
1460,4892
4200,285
1635,4880
2098,53
1043,2849
579,4876
4328,2827
4845,68
3553,2862
1801,4790
2284,2867
2151,56
3163,4779
3625,1848
4055,4990
2134,2839
120,2845
2727,218
708,2824
3201,4720
2458,2787
176,4253
3497,4695
3292,1742
4554,65
1172,1842
2251,114
4386,4763
1513,4921
599,4914
2335,4801
3704,4766
531,4690
3339,2833
4145,5063
4717,4921
4437,4737
3529,2787
1596,55
3400,4746
981,4734
2433,2854
2266,4971
3728,2767
2469,4929
1409,52
1220,4832
4186,4914
4107,1831
1593,4669
650,1860
4708,4934
3363,55
4084,1855
2612,4970
966,52
3073,1834
927,4766
1086,2823
1024,284
864,4961
3292,1842
1826,4723
1384,4994
4025,4990
2722,4882
2529,48
3156,4778
4042,4791
2919,4668
4130,4783
2128,56
2553,4680
2215,2818
3338,3615
1941,2799
2373,2860
2896,61
634,4732
2540,2846
3662,117
3617,4892
3444,1732
1387,4685
3474,5002
1957,5065
3963,1818
612,2784
1323,3915
470,4909
935,4902
139,124
304,61
3399,4729
4018,6
4454,2818
2497,2790
4095,52
655,2853
896,2818
242,4682
655,283
2704,2822
1961,1728
1059,4876
2168,3505
3108,145
125,5066
985,2764
1675,2844
604,2658
4185,1833
316,56
951,4996
2893,2764
1710,4991
549,6
1440,4856
1460,4929
4408,4890
178,4689
2016,4679
202,4986
3774,62
2665,5074
1663,4830
3794,1726
1052,4986
2053,1896
3998,4789
4468,4888
3670,4918
588,4768
994,4885
1274,4905
4185,5004
2583,34
3220,4896
1115,4906
1211,3912
4092,4761
336,4940
4974,5066
1938,4684
2328,3505
4467,4890
3232,4754
3326,4938
3112,4861
2089,318
3491,4902
3369,4728
5051,2781
322,2810
1519,1837
3189,58
2205,4861
1152,4979
1909,1847
1724,4681
3554,4759
3264,2768
1431,4896
3222,40
4415,1845
5046,4682
1422,4968
2452,4921
1929,4879
1985,4727
3281,1725
3197,5065
1794,2846
3816,64
2246,4990
2537,4746
1560,4792
2525,4760
3077,2779
4453,4790
1918,1817
1875,5066
3734,2826
1632,2786
404,2829
3574,1817
4094,64
2178,4969
2127,2658
1304,4870
729,2808
14,2840
1457,4738
892,1730
3616,4990
3117,4681
4542,2866
4176,4691
2750,4679
367,4891
1592,2835
4538,21
4278,4888
744,4887
4071,1729
1686,4913
2463,1850
3980,4755
2620,2799
514,1846
4825,4782
1634,67
151,4815
2436,116
3867,4828
3085,4930
1489,4265
1537,4654
2573,1734
1636,4954
2113,1832
711,2768
422,4891
2920,4913
3949,4734
2755,4848
1110,56
2910,4885
4325,2800
312,4987
367,4831
1510,5077
3695,4929
3742,2821
567,4673
3762,4894
3456,1730
97,4692
4549,2787
3011,4674
2955,4906
2868,5004
502,4856
322,5000
5021,3913
171,41
1342,4989
771,4776
234,1845
3855,4902
624,117
3055,61
2723,4742
4867,5063
3296,4926
603,4994
2068,4689
1552,1837
1998,4791
4019,4799
4604,4779
1684,2840
3166,4963
1040,4803
2290,2820
4383,1850
3049,285
1231,4678
2438,4877
924,2779
1782,42
444,4857
1787,2812
3271,1731
4563,2866
1137,3879
2438,5020
5045,4855
2001,84
2252,115
1505,47
4015,42
2998,4265
1233,2860
2563,2813
3042,4994
1353,115
274,4894
2275,5019
1589,4760
4495,5004
3032,4979
1950,1838
3543,284
1265,2784
4000,4787
696,2789
1200,4695
172,4913
686,4687
709,4800
4520,4689
4871,4790
73,3878
1983,2784
2256,4913
4977,2853
2964,1836
3706,283
4593,1862
4531,4765
977,2845
1400,3878
5030,4801
256,3885
1336,4741
308,4861
1828,218
3375,4861
4439,4890
2514,4978
2044,4992
208,145
3742,3884
3281,4901
3635,4905
2547,4956
459,1735
1566,4751
242,4930
1970,4738
4368,2857
4135,4787
1519,4774
3249,2838
1800,4775
3580,4679
1684,2862
1419,2855
2082,4861
3758,4677
3716,69
3055,1727
186,4860
2178,55
1286,1849
1903,4989
3044,54
1976,4770
2482,4668
33,4828
351,52
710,2671
148,4686
2308,4683
314,4786
2184,4729
441,4906
3788,4930
3573,47
592,2824
1906,2833
2528,4966
920,4792
3754,4890
823,65
808,2864
149,114
432,4909
643,4856
4550,68
2013,50
2590,4783
961,2796
540,4880
4881,4746
101,4913
3443,1808
2609,52
2503,4787
489,4797
3745,4979
4052,4969
171,4754
3125,4935
4514,4891
4260,4737
800,4727
2379,2826
2690,4669
256,4910
269,1839
4318,1896
3917,4955
419,1896
1161,3915
2965,4720
786,5065
1501,4952
2061,9
3854,4695
801,1730
875,4997
2088,4801
4432,4766
4319,2789
87,3912
1233,4692
2992,4988
3723,218
1134,5077
2290,2856
78,1737
2807,4676
2527,5020
2159,2860
5060,4732
4459,4683
619,4735
3358,66
4821,2786
4981,2858
566,2855
3901,66
3842,4738
3527,3883
1645,4265
2218,3
4255,2783
3903,5066
4372,4944
766,4941
1536,1847
107,5066
1985,4972
841,2671
2030,69
1084,1725
579,4830
79,2817
2970,319
1724,4994
2358,2844
1132,2839
3931,5065
4021,4935
902,4997
2138,4917
1115,4769
4456,13
4945,4742
525,4887
2912,4884
642,4264
1491,4955
1628,2851
2956,4824
3784,1843
1942,4993
1304,4768
4071,4264
347,4989
3146,4965
3109,4880
2080,4687
3587,2765
3933,1737
4590,4697
1121,4878
3743,4762
4212,2858
2675,2799
979,2796
633,4769
3741,1730
272,116
1529,4692
1001,5016
2224,2867
3794,4267
3593,4856
414,4763
3626,40
1514,2820
2900,4963
3307,4683
3086,4990
322,1832
663,2813
1148,2857
973,283
3655,4938
885,4882
4530,4779
3471,2865
1184,1851
184,3880
4229,4906
248,113
4001,4752
1969,4958
2004,4801
1665,4786
2226,4935
2057,2781
1784,1848
3632,4789
1822,2812
2362,1861
3724,4253
2085,4886
801,2784
2328,4672
1460,113
4201,4935
4548,4266
1087,1734
3468,2772
1919,4742
608,1850
1395,1734
4100,4776
868,2854
1161,52
1544,4832
2269,1729
4411,1834
4166,4962
4299,4920
3054,4873
4616,4688
3536,4754
4559,4913
2190,145
3734,2786
4612,2824
884,2837
4489,67
1503,2831
784,4994
2017,5074
2162,4829
4401,4876
2611,4682
3548,4684
561,4686
4535,1734
4794,4966
667,1856
2181,4688
2757,3885
2703,4266
591,3915
1556,4970
3265,1861
798,4764
3561,16
1197,4969
2905,1832
1254,4890
1488,4723
918,4832
3561,4953
2320,1836
2728,1839
1513,4749
449,4952
1964,2862
3419,15
4197,4684
173,47
1767,4824
4481,132
648,4735
1454,4737
1987,2844
4169,4670
3348,4883
2072,2860
1293,4978
2374,4684
1499,4831
2897,1817
823,4690
1986,4634
729,3914
4090,4857
3756,21
2476,4673
3541,2843
3201,4727
3149,4889
2929,4896
1563,4723
3688,4991
2230,2798
3103,4763
1076,3912
3826,5077
3777,4737
4093,3877
2250,4904
172,15
1576,45
3104,5018
2549,4635
3803,4888
344,6
4167,4856
4536,4986
2300,4904
2376,4766
2215,4720
4429,3912
4168,4784
3943,34
1590,4766
4443,4727
2802,4857
3975,2849
5045,64
2681,4677
4087,41
98,4919
1494,4900
4358,1847
934,3885
4725,4944
664,2817
4320,2824
1158,4688
1219,4674
4977,4915
4040,2829
2461,4743
1480,4759
3996,4855
258,1835
2923,131
1289,4752
2049,1734
371,4803
2400,1726
3905,4747
4984,5066
3814,4901
2677,4857
1676,4751
1001,2772
4168,4940
1926,60
817,4267
3378,68
3930,2783
896,3915
1024,1840
1252,4886
2273,4988
4419,4957
3559,4732
2096,4755
4375,13
368,1816
412,4754
2527,2845
2761,47
1031,4876
2426,2774
5029,4792
1312,5073
3096,4782
3032,4921
3047,2835
974,15
4042,1851
3232,2794
1032,4817
1805,5066
1237,4718
580,4970
2097,2790
3277,4770
801,4951
931,4736
2182,1788
4174,4772
2285,2831
4100,3886
3406,1729
1806,4730
387,2781
3620,53
698,2832
492,4886
1586,4938
2644,4685
2000,2865
268,3912
2097,4998
1607,4832
2759,4673
1954,4991
4084,4738
3645,4820
4518,5002
2905,4818
4298,4685
3089,1748
3863,4907
1761,4763
422,4792
4960,3615
2995,3885
1749,1841
3935,4931
3164,2809
2962,4746
3137,4738
4841,4731
428,1857
2127,4759
4169,2837
1074,4718
3826,3886
3237,4941
2707,5070
3177,60
1436,2837
5025,1862
1392,2799
3132,218
4192,131
4721,2779
581,4996
3737,4752
1608,2787
4355,4889
804,4691
2664,1740
2912,3886
2753,4720
656,2782
2453,4738
2505,2774
1927,2858
2107,4265
508,2822
1710,4669
2992,4849
556,4770
337,2789
834,4691
634,4961
4075,40
1335,4779
2690,5077
1661,1855
3533,4953
1979,5075
1576,9
2345,4765
738,4694
1490,4787
761,4673
3848,4986
577,52
2138,1816
890,53
5067,2827
215,60
4700,4253
1538,3615
1480,5077
1804,3878
3080,4991
801,5074
902,52
1670,4916
493,4723
3237,2849
2016,62
2191,1733
1611,4940
686,4989
3695,2796
1631,4267
208,2833
2743,4734
1086,2848
1502,4782
4641,4784
2758,2783
1882,4860
4532,4832
3529,4797
4541,1836
105,4785
3800,4779
4578,4613
2448,2803
1986,4782
3658,4873
2016,284
853,4250
265,4737
2181,3915
1786,4969
2913,2788
3731,4952
4425,2826
3528,4947
1455,4870
545,2790
3985,2796
3630,4969
2545,2864
3373,4939
1087,4939
4950,4249
2237,4689
4625,4998
4126,4687
3380,4739
682,4904
2152,2827
429,4996
1688,4613
692,4926
2113,1839
3177,2826
1487,2849
4085,80
2004,4968
2664,4956
303,114
2456,1835
3525,4769
1819,284
1418,2825
2729,4955
520,4747
1541,1831
2134,4848
1947,1734
2409,5001
4243,5016
4298,4751
545,4741
4619,2849
2580,4988
4323,4765
358,2843
3037,2820
1562,1843
4482,4691
1651,4934
4471,4872
1071,5002
1236,4683
3646,2795
4347,40
863,2851
1270,2785
712,2853
199,4887
2068,2779
4482,285
1500,1732
3525,2833
4623,62
798,4820
2698,48
2207,4883
3254,5
1302,4755
3439,11
3386,133
4630,3880
538,2832
908,4791
3805,2810
4428,4886
1409,4738
2643,4723
898,4956
1645,4910
637,2846
3986,4997
2222,2776
4507,2826
3572,3878
935,4970
1118,1842
2214,48
1773,4971
2538,4735
5039,12
2455,318
2890,4734
3974,4882
3173,4677
3538,2838
111,4771
729,51
3564,3877
1165,4689
3514,4267
2169,2862
150,2855
936,2865
4134,1841
1489,4654
722,4909
3843,5004
4226,4892
23,2858
4615,4780
1044,5077
3119,4768
909,2821
963,117
111,4993
2231,1731
4582,1840
1653,4728
3816,4783
4390,2835
1796,3914
1017,1840
1007,4909
2309,2781
288,4887
4307,4969
265,2799
3072,4884
797,4958
4332,4903
4422,4769
278,2767
3248,2786
2317,4762
4484,4816
221,42
1463,4771
1138,4880
2408,115
972,4785
482,1836
4758,40
1550,4910
3754,4694
4361,1734
4299,4819
2198,64
429,4789
1475,12
3817,2799
3205,3883
3113,47
496,4771
4923,2860
4515,2827
4044,4883
1493,4739
1293,4955
2444,4850
2970,8
1701,1
2368,4957
3108,4683
3734,4916
4261,4938
2339,4739
4275,80
3442,1861
343,2824
1379,4692
2707,46
2554,2658
2093,4955
1617,117
2562,65
1349,4815
282,4939
2730,117
4619,2671
4215,4775
799,1727
213,3886
2801,8
2113,4920
980,4991
1107,58
2701,1839
3724,4934
4083,4634
2325,4995
3552,69
683,4987
650,4858
280,5004
3583,4931
4105,133
3295,4917
3118,1896
3943,4800
5041,4828
1192,1729
945,3882
1483,1896
2381,48
4166,2773
838,4963
4438,114
4351,1817
2751,4697
2807,4897
696,1835
3167,2784
2497,3924
1414,1861
3259,4695
823,1726
983,4613
17,4764
2542,4932
2724,3505
4,4689
4153,4737
3230,4888
784,113
4194,1840
466,4930
4479,4900
2122,4784
2087,1836
3694,4986
3088,4992
193,4253
2430,4850
4173,5066
4581,1827
156,1842
4757,84
3857,4956
1147,4696
4021,2785
901,2764
1341,1727
4188,4759
1994,4748
2023,2779
4543,15
2379,2781
4699,1735
2269,4801
3180,4266
2742,2794
3864,2848
2134,4799
3309,2784
2532,4820
2828,2773
1335,4755
1361,3912
1946,2840
3873,84
1976,113
4500,1729
2943,2768
1404,4904
2368,3878
206,1728
4198,2838
2095,9
3762,4917
1012,4782
3561,4684
4134,2798
3649,1730
2179,34
4118,4781
228,113
2777,2829
2497,5000
39,2783
3679,4994
2114,3884
588,1725
250,4749
4376,5077
1507,4952
2448,80
4042,4753
2117,4939
1811,4753
3171,4692
1189,4909
2893,4720
3259,1735
254,4753
3835,5066
1677,4797
4118,1734
2464,2814
3380,2843
4283,4797
1119,4907
3302,5074
5058,4902
2087,4911
4653,68
4330,5075
4925,4961
4707,4914
2998,4914
1218,1827
3022,2764
4074,4896
574,5074
2315,4880
663,2867
2672,4971
980,4908
721,3912
3979,3880
2515,4760
4084,2813
3623,2800
411,4676
3393,2794
4505,2786
2309,2817
1177,4918
3084,4776
3599,5073
2902,4889
1699,4761
4590,1855
4138,1726
2631,4250
255,2798
3071,4901
968,5066
3119,4682
4725,2851
2499,8
17,2773
3175,4990
3646,3914
2709,133
3767,4634
2082,2658
498,4850
958,4688
326,2789
492,4930
4358,4937
3761,2803
628,4940
1106,4908
5023,4681
4020,4952
1219,4695
2166,2671
1760,4786
4033,4968
4018,4787
3440,58
1450,4763
2264,1847
3641,4930
4007,2844
4933,4956
3823,4752
1720,4746
1627,2845
1025,4674
3151,4918
4642,2867
2711,4892
1646,1849
2603,61
1493,4777
807,1843
1987,2847
3680,2795
1062,4952
3415,58
682,4931
3949,4267
2514,4749
2439,4686
1752,3879
4047,4249
4845,1742
4067,4727
2306,2824
4195,4746
568,2788
304,1
240,4673
3954,2781
3975,1861
2138,319
1440,3877
195,3880
1368,4780
4022,3878
2390,4668
1154,4997
3369,4755
1928,4857
1548,4738
2381,4684
3489,4995
350,4879
4031,114
2186,4682
2282,2858
1667,4673
4396,4818
476,4769
322,3884
4499,54
723,4832
2029,4799
4268,4910
4362,4817
228,1896
4594,2671
2291,4880
3025,4682
31,3913
2738,4763
1787,4754
1184,3879
3588,4880
1760,4817
3904,4677
913,4780
2400,4676
268,3882
612,4801
2133,4920
1401,2858
3970,4720
1470,2817
3494,4754
3635,2822
2524,2825
864,5074
1308,4963
1044,64
203,4668
403,4920
5084,4961
3585,2854
3047,2783
254,1726
624,4819
348,4920
3655,4905
2745,61
961,2840
2558,58
492,320
2970,64
3722,4941
4354,4971
5034,4723
647,1848
462,6
998,84
662,5001
4389,47
4154,62
4825,4801
1703,3877
300,4861
2958,4963
2352,2808
2214,4818
2336,117
959,1831
1585,4905
4190,21
3696,4996
3959,2826
4721,2826
1420,4857
4646,4799
3436,1733
4021,9
2530,4750
5045,5074
25,2768
1895,117
1365,64
1572,40
4713,4994
340,65
1007,61
3101,3886
1285,4892
2618,2854
2263,7
2608,4882
3423,1
4428,117
2956,4674
2102,131
751,56
1595,4782
2469,2860
2769,4897
753,4884
1088,4753
4429,2865
852,2855
59,4817
1391,8
3472,4986
1990,4955
4716,2781
2010,4743
4949,2776
2067,5077
5071,4858
1891,4911
3081,4679
4176,2768
2273,4771
4509,4786
1373,1896
4335,2809
833,4759
3589,4689
904,3915
1540,41
4228,51
1882,4762
3004,2851
3546,4634
438,5000
3683,115
1143,4751
3038,2832
4767,4887
2999,1734
3265,318
1149,4677
104,4751
2581,4953
2374,4777
1805,12
4981,4762
1029,4816
538,2783
2400,49
3944,4914
953,4770
2703,115
4235,4882
3710,5074
3414,4693
4981,1848
4405,4953
4353,4918
1719,4991
1658,283
2698,2855
3691,4969
1288,4778
2102,115
3179,4919
577,5075
3934,4688
3429,1728
376,4801
4368,114
1503,4938
2022,4818
3327,4968
765,1896
2499,4781
3210,1837
3360,56
692,4862
2180,4941
1357,4785
552,4766
641,2803
4532,2854
4661,4965
2008,4737
3937,4672
325,4862
2052,4265
2257,4957
4456,2783
1372,4962
2908,4783
1450,2808
4949,2794
146,4777
3573,2790
572,1842
1702,4676
1070,3914
4645,1834
214,4855
1019,1816
880,4894
2124,1862
5071,284
1608,4926
2952,285
121,4801
3463,1855
1853,4697
1563,4799
2642,4670
2407,1847
3102,4248
1791,1729
3583,2844
1634,48
3923,1727
1950,2784
4825,133
604,4265
2147,2772
1704,62
3788,4670
2646,4829
2353,4759
2028,4682
2580,4750
2693,2813
3190,4675
879,4763
317,145
4974,2789
4045,2841
281,3877
3699,4689
2110,2786
1721,4761
4159,2833
3876,45
4286,2795
4354,2787
2356,2854
4985,4737
4317,3
2692,2776
573,4761
3017,2840
195,1860
3694,3915
3528,1838
1579,4682
3635,1832
951,2835
3407,4727
1620,4931
2014,4993
121,114
3459,3882
5036,1836
4170,4815
3129,4749
3374,1729
235,4718
1871,4777
3426,2808
4722,117
3934,4879
3987,2867
1332,4995
3799,3915
2103,4957
1819,4940
4795,6
3790,4768
4200,1842
2372,4962
2026,2784
2909,2800
570,4946
1576,1849
3683,4993
348,2824
2410,1845
2213,3924
2653,13
1434,4906
3695,4723
648,2811
4305,16
2020,65
1045,4879
3682,60
1952,4686
2329,4888
2754,5077
261,3885
2029,4965
4565,2857
4069,4762
3281,4729
3636,4680
4706,5
5076,4815
665,4873
1386,4872
471,1808
4323,4746
181,4727
4017,4683
3360,4780
2763,1818
1576,2867
4489,132
3360,68
238,2658
436,4785
2482,42
2669,4760
3793,4970
4426,4935
1686,4849
3117,4634
146,4730
3267,4754
1603,4882
1570,4675
2014,1861
3717,2779
2883,4765
1196,1834
2757,4672
4758,4673
583,4951
1013,1848
3152,4775
1669,4734
1764,3882
3799,4734
1132,84
1669,2789
1148,4778
3275,5065
409,4902
2070,15
2518,4848
718,4654
628,4776
4077,4873
1983,4692
973,4265
1005,53
2222,2795
2763,4964
2693,4774
2875,2767
3892,4770
1066,2864
3549,3914
2310,4832
2657,68
1771,4861
2701,4251
5035,1827
3488,4754
1134,4762
2191,4818
3534,4916
2255,4944
2975,2812
3515,1847
2009,2865
3591,4858
2943,4882
4075,5
3484,2812
893,12
900,4876
1694,2814
2060,4752
3549,4782
2993,1742
271,4689
1339,4951
1367,3882
479,4818
970,16
4008,4683
1605,2764
2920,319
1892,3885
75,4955
1307,5064
1452,4957
1219,4730
991,2847
275,21
3519,3878
4426,1860
2048,2671
2323,1831
3346,2862
767,16
1403,4748
3100,131
4373,4799
2598,4727
2951,2847
2286,4885
4138,4686
1829,124
2938,4883
1320,68
228,5066
4549,4772
4209,4819
1003,4830
2807,4855
3638,4819
4441,5069
667,4938
3972,2860
1923,4816
4580,3615
2947,4913
4079,1851
3509,1817
591,4941
4169,4962
1638,2826
3535,4831
3633,4799
4012,2853
2806,4946
3025,4931
2954,4731
846,4789
2025,4830
3020,285
843,50
1473,3915
2615,4749
4652,4872
4309,1817
3853,5004
4518,2825
497,4679
3171,320
3243,1855
3862,4847
3402,4915
1760,4935
2451,1733
3856,2848
2322,4723
2345,2814
308,4819
1059,61
1421,1726
4472,4694
1646,4747
3406,4938
2001,2854
4232,2765
3178,2865
2289,3882
1241,133
2614,2803
1568,1862
377,4654
4813,4733
3075,4883
4471,2843
4273,1840
2272,4829
2499,1851
2428,115
4356,2827
4513,4760
1635,66
5033,2784
687,4856
1650,4930
4536,4764
2271,2803
3348,4248
1165,5
824,2809
1490,4902
1275,4676
1202,4892
2375,1727
2593,4668
2220,4900
1098,4992
2056,283
1854,1817
4246,4766
3207,2837
2120,2796
2081,4816
1688,4815
1341,3883
2048,4785
3226,4264
4269,4935
726,1831
4224,69
3008,4938
4207,2798
4612,2772
4309,2808
4169,4972
2135,4964
4605,4720
2066,4909
547,4930
2018,4787
519,1728
3629,2851
2092,1848
1188,4727
4406,4850
2194,4723
3302,4748
4869,285
3522,1862
3070,4751
2043,56
2121,2857
2433,5073
1608,4776
4225,2835
1395,67
3302,13
118,4861
981,4939
3674,4917
2625,4920
1482,4979
1763,4830
36,4986
1397,4799
2238,4734
4259,5073
1137,4879
3515,4957
1412,4828
4161,4918
4496,1860
2943,41
4960,2765
2366,42
3089,3
425,4679
595,3615
449,4728
190,4748
2472,2829
2211,4963
1753,2795
3334,4779
2052,4978
3378,4890
940,4741
2719,4748
1174,41
4425,3882
4190,4720
974,3
2676,4978
3907,2768
4893,4634
1570,5063
715,11
3988,4675
129,218
4925,4692
1429,4766
147,4738
1368,2829
3348,3881
423,4817
3070,4793
268,4937
77,21
2231,4889
4617,2829
4642,4998
3084,4910
3639,5002
1962,1834
3778,63
2245,2865
751,53
2489,51
2761,4764
2284,4741
4486,4727
4297,145
3389,2851
1031,4828
4127,4963
5023,4670
2114,5019
1988,4737
4060,1860
2248,4792
3473,60
1373,4968
206,4742
4552,5065
2569,285
1436,2817
832,1727
2933,2790
3928,4747
4178,4958
1694,4678
1271,4889
4302,4946
1692,4873
1049,4921
428,115
4553,2846
3935,4738
3329,4892
2900,2867
1152,5065
3533,4820
1633,4990
1233,5075
3342,4735
1310,4789
3950,4734
2725,2768
3465,53
522,4970
1867,5065
924,4829
1373,4790
4439,131
1046,3913
3022,4897
3603,4694
1591,2810
459,5077
4651,2767
2663,2813
4211,5000
1226,5000
633,1834
4357,2795
20,4888
1057,4987
2509,49
3905,5064
2075,49
2446,4847
4482,4685
1762,4793
4026,2860
2759,4675
2589,2844
3386,4251
4844,320
3410,4687
3794,4994
1119,3886
3386,124
3135,1841
3995,1840
4501,9
1508,4749
1446,1726
2607,5020
1016,4962
2587,11
2303,4692
3797,4908
3055,4773
4564,4697
4628,4824
3358,9
4148,1729
2908,4937
3411,4613
1111,9
3698,4777
4003,2823
4561,2788
866,1840
723,63
4560,4752
2730,2795
4480,58
4470,4909
919,4785
556,4877
1626,4797
422,2783
1306,66
3155,4930
5054,4970
71,4778
2415,5074
3586,4677
3257,2856
4041,2860
2370,4634
1809,4687
1095,4910
3893,47
1280,2862
2915,4769
3854,4946
3703,1748
1015,4739
887,4686
1130,2798
2137,4782
2400,1808
1525,2822
2574,116
4711,4694
3972,1857
1975,50
3187,2783
4150,4919
2830,4848
671,4786
4846,3615
3269,145
2425,70
727,67
946,80
4626,4861
2510,2851
808,113
352,4858
512,15
2978,2783
3255,4779
2098,4965
2210,4779
4805,45
611,1855
269,4732
2750,4682
2733,4872
4228,4746
1013,1748
2738,54
3688,4781
2051,2818
3011,1730
3173,4991
1300,2658
1235,4689
4510,4765
2620,4800
4163,4753
4222,4902
3608,3913
1954,318
1692,4764
2474,4972
2644,4894
2326,4997
4570,2783
1964,4249
2161,131
2510,2784
2552,2860
5035,5075
833,1
500,1818
3771,2849
3630,1808
448,2671
4704,4788
4226,4872
4650,4774
3553,4750
3848,4970
2422,69
474,2787
2235,4944
1212,4930
103,4903
2345,4894
2221,4957
773,4896
1619,42
4843,70
1796,4939
2600,4953
217,4989
728,4889
2742,4883
3156,4968
2951,4892
872,2800
3832,64
1340,133
817,4979
3511,4677
4486,4828
2041,5075
304,285
3102,4727
4309,4771
429,2854
371,4783
1454,4684
1826,2787
2763,5016
3669,4972
876,2824
549,1726
3134,1740
3046,4690
4221,4850
387,4793
2298,4897
3901,5075
3022,2788
984,4944
3418,131
4315,45
1429,4995
2807,4739
247,131
2433,7
2088,4900
2584,4777
3336,4996
1174,4793
3162,1842
1684,1847
1464,60
1571,4919
2151,4685
560,2781
1569,2843
3978,4824
2917,1748
2915,4829
1038,2772
1070,4969
4438,2851
170,2856
3748,7
3133,5020
81,9
3690,4778
3106,4907
3613,53
2352,4994
3952,4887
3273,3882
300,4997
2639,284
4243,4889
917,3914
4843,52
127,2658
4373,5066
2232,4961
1286,2779
3404,4735
2517,4831
4023,12
4725,56
2917,4995
2314,4264
691,4723
671,4903
3994,4762
875,5000
1237,1846
434,4686
1238,4786
86,1842
4173,1842
3386,4682
4406,4267
1358,1838
2842,2796
4823,4819
3934,2767
1162,4772
2956,4987
416,47
3955,4848
2463,4878
4633,4888
4400,61
4798,4680
394,4889
3907,4690
1122,4886
395,53
4536,2849
4701,5070
1479,4265
2296,62
3477,4793
418,4819
4305,4777
4550,40
4156,2833
1977,50
2047,2768
3971,4747
1881,4902
3032,4932
2300,4994
535,2848
1791,2783
926,4897
230,4754
356,4905
2100,4761
3014,5063
698,4989
1280,2840
111,4896
526,56
2193,116
39,4761
991,4940
2650,2847
2666,5077
423,4670
1830,4888
4517,4993
4050,2827
3420,70
4942,2813
1525,4723
3228,4723
72,2820
1787,4858
677,5
4975,4738
4124,1808
552,2784
2288,4791
3757,2854
3681,1843
2700,4785
2366,4671
122,318
4719,2855
623,68
2098,4264
4572,4748
2962,4673
3769,1788
457,2765
2020,4743
736,4763
4705,54
1432,4264
3976,2776
699,4987
1622,5019
2244,2835
267,318
741,2776
4589,4731
3151,4956
832,1862
4067,4991
3900,4936
766,2847
3194,4932
1001,2803
4005,4962
4595,11
1034,1737
512,4800
1954,114
4049,2826
1097,1845
3391,4723
4165,4850
3309,4752
562,4816
3870,60
1418,2811
2956,1726
1741,4936
1031,3882
289,5066
91,5001
1144,4693
2331,4730
349,2845
4604,2795
1586,66
1988,2856
3594,4944
1658,2851
2407,2867
2594,4803
4603,3877
3569,4858
3132,4634
2815,4830
3737,4968
1511,4849
967,4695
1191,4855
196,2813
1909,4889
4485,4681
4706,38
2314,4970
188,4669
556,2855
375,4264
1454,2808
2674,4913
801,4911
1379,2824
2341,4686
1969,52
4323,4777
3684,3
4401,4887
4627,4727
1081,1832
4827,4937
3184,4946
4141,1728
1429,2772
2584,4264
717,2658
2056,4876
3005,4937
1962,1734
3982,1837
1113,4775
3361,3877
485,4762
3318,4968
803,4989
913,4695
1529,5066
2943,4861
1956,4870
1686,4877
4842,4876
3281,53
3078,1849
3365,4730
1532,4769
2014,2808
1982,4696
3780,4800
155,1728
273,4849
4440,4743
3017,4693
4120,4944
4163,2814
3951,65
1979,4941
5035,4989
643,4936
2115,3879
1773,4265
2283,4876
3096,4693
2000,4785
519,1731
4967,5018
2183,4940
3814,1788
2013,1855
725,4994
172,4870
213,4676
3036,4847
1356,3915
4196,4824
4281,117
516,4738
3985,5019
3991,3878
3595,2799
1056,4727
3897,5065
5057,1848
1452,116
590,113
4130,1788
123,2866
5014,80
573,4800
3033,4736
2361,1729
1922,4674
2453,3883
3448,2785
3483,4969
2801,3505
3726,4733
1513,1831
420,1737
2533,4613
4028,4912
3477,5020
1935,1835
1473,4904
3720,3880
1149,2786
443,4971
1521,1827
3664,4788
1807,4772
3811,4775
806,3877
90,4697
1893,2787
966,3881
1342,4634
4650,62
30,2849
4980,67
565,64
1058,4990
2978,4692
4823,2787
3977,4848
1049,4910
917,4784
2842,5066
4308,4787
810,4768
1468,4896
2734,4820
315,4988
3989,4781
2360,4754
3536,2782
1033,4680
3987,4731
478,4829
2079,4753
297,4764
5048,4750
3438,4774
734,3877
1590,284
2669,84
4290,4686
914,4885
4722,2772
3575,4856
3088,4748
3165,4903
3733,4751
1152,4890
5030,4797
985,4735
912,4265
4203,63
1824,4785
3080,318
752,21
2264,4770
120,4930
1137,4685
3408,4787
1869,4884
4432,4685
3435,1740
2212,2827
1167,283
3490,4764
2196,56
273,285
2775,2774
4337,4800
3843,4695
970,4248
271,4907
3645,1740
699,4900
4542,4912
1575,319
4010,1845
1663,4820
2120,4890
3462,4900
89,4971
680,4877
82,2808
2365,4873
2078,2825
260,4689
2563,55
2091,1846
3936,5063
3259,4848
911,4903
4398,4820
978,4769
719,2843
174,4785
4160,1728
1602,2867
2405,1861
2429,5064
2397,2856
2618,4801
1432,4870
4485,4972
1245,4264
30,4917
2952,4778
4702,2838
3254,4979
3363,4680
406,3913
3475,2767
2633,4816
3182,2784
3327,53
2253,4682
1947,2825
221,4944
136,1849
2575,1740
3522,4679
3660,4897
3217,3879
497,3914
2945,4251
3280,4936
3941,4749
308,3883
4057,5069
3360,4613
4526,4800
27,4991
900,2658
4269,2773
2693,2856
1181,1851
1743,4972
3710,2843
1261,1729
692,2764
873,46
1597,2845
5062,4897
2258,2862
3319,61
1966,3878
4120,4857
4420,1850
3759,4870
4049,4789
1002,4792
1414,4790
1288,5020
3232,4932
487,61
4318,1831
2511,2799
870,4965
693,4916
2475,113
4482,4861
3400,34
629,4669
719,4799
136,4915
1905,4803
3276,4689
2156,4772
4114,53
988,4780
662,4799
4246,2784
328,4816
2181,48
1578,4688
3923,4817
1557,1730
2498,84
893,3883
3026,4634
3516,116
1699,4969
3173,53
4387,4998
3258,4784
2696,2811
1184,1896
1772,67
2485,4696
1259,16
4619,1788
4145,2847
3797,4862
4859,2855
1026,66
714,1850
1221,4930
533,1816
3680,1857
1467,2816
1948,4688
105,21
3303,1849
3864,4654
4960,4747
1135,4989
4469,2847
608,2864
1004,1846
3992,3882
718,1788
99,4939
1412,2835
2909,4936
1762,4936
2292,4737
899,4971
3180,4728
2521,1856
4039,2789
1099,4879
2985,4723
1141,4685
3863,1831
271,4879
4252,4690
2475,5002
1007,4987
1292,4673
4255,4775
942,4997
2111,4902
2531,2838
825,2835
912,4776
1708,4870
1541,2862
648,4797
1907,54
2387,5069
5011,4727
2153,4824
1258,4765
3478,2841
3077,2826
1944,1841
3363,4759
3607,3915
2664,9
3905,4613
2176,4870
2323,4697
1594,1841
598,38
1353,69
2899,4929
3562,2857
2507,13
4434,1728
570,2843
4636,4670
2286,4670
2806,4986
1738,2860
3948,4947
608,11
2274,2767
3651,4935
846,1737
3065,4791
4933,4830
1956,3914
3129,2781
2288,11
2061,2795
1371,4882
4486,4896
3701,1896
4549,45
2660,4878
4506,4872
931,2856
2155,2811
2310,2779
2975,4692
36,1730
413,4783
4431,2767
5047,1733
162,2790
1545,1729
2022,4957
1457,4903
941,4249
3390,4764
3197,1740
1790,145
3321,4910
1777,1846
3062,4956
373,4850
100,4894
3154,4803
2222,63
4708,2803
748,2843
403,4964
3526,4896
194,4800
1515,4954
3330,4918
1590,11
203,4953
3817,1817
4566,4830
1918,3884
3519,61
279,4901
3463,1839
2589,40
2583,2786
156,67
1606,4674
1659,1835
3901,4675
3513,4738
4156,4986
1410,4686
4073,3878
399,4762
2320,2764
1200,4683
2557,7
1295,2839
1995,2795
1258,4266
4865,4858
1929,21
4217,69
2445,4889
4410,4963
4461,4879
434,5018
511,4941
683,4878
705,5066
752,4966
3481,4944
2544,4938
1049,4785
1634,3913
1701,2854
2005,4790
2519,60
1911,5073
4408,4953
2016,4742
1208,2764
4354,2658
3955,3883
2133,4877
2494,4781
3067,4995
3843,4783
2273,4718
1045,2786
4185,4685
2243,3615
3826,4678
1628,4916
282,4613
2490,2794
2058,1856
4154,1862
1768,4964
4309,4788
2158,49
2548,4695
577,2829
392,9
2041,4941
2312,4776
4004,4739
3503,1732
4640,62
1583,46
3294,5074
1194,2812
490,4674
3299,2851
3307,4894
4133,3915
2646,4748
3627,4994
3945,131
1869,4635
4707,4968
3137,4872
991,1837
4666,11
4652,2814
200,4882
3288,4951
961,2784
3290,4755
950,64
1490,2849
4028,4696
1115,4695
1492,1847
4085,4879
3040,4693
1942,4888
4628,67
2700,1857
3306,4723
1477,2835
3696,2817
1747,15
2556,4879
2706,4870
3836,66
1301,4747
3595,4824
3690,4765
1194,4886
664,4917
1352,5
2760,2799
1691,4930
2885,5066
2227,4998
478,2773
2519,4828
288,4920
1566,4861
3364,1808
4472,4793
324,2829
2777,2816
4080,4672
2330,2788
4038,2838
3797,4978
1871,4751
3391,4764
1824,5077
993,4761
1756,2865
1403,4750
3790,4883
3682,4264
956,2813
5028,2822
1344,1817
776,1727
2852,1818
101,2816
3272,4987
1622,2783
3916,4681
474,4891
1104,4682
2140,2833
2936,4764
534,5019
3361,4941
2329,4824
1609,4771
1645,4879
4365,4677
1957,4654
443,318
399,4937
1449,4882
2464,1833
1486,4777
3364,1748
4058,4684
307,53
1657,1835
1784,2823
3629,4792
1680,132
4466,7
1475,4799
3458,2848
2009,2817
1758,4773
152,11
2040,2784
4719,16
3491,68
3481,4995
234,2783
481,4790
686,4830
849,3882
2942,4820
1691,1839
4823,54
4516,4613
3816,4991
343,2798
1396,4988
4030,16
1437,4760
3859,4832
2023,2827
1040,4723
2071,13
326,2798
1635,4248
4449,4789
1566,4847
386,4882
2133,4897
1900,4998
2261,4861
1167,4993
2020,2829
4099,4799
3761,4824
557,2843
4194,4963
201,4913
1987,4689
192,4759
122,4952
3423,5064
487,4858
2341,3915
1722,54
4124,4828
3029,4680
3643,4998
3164,4963
1113,4672
4464,4992
1829,4890
1684,5001
992,133
4466,5020
4581,21
1256,3880
1772,1726
3630,3880
919,4761
1220,4938
4827,4762
3048,4952
405,4847
2653,4776
4218,58
3459,4759
3513,1836
4361,4746
627,4856
3610,2820
890,5073
1007,1860
1515,4690
2119,4253
630,319
4127,1727
3499,2794
3873,4803
2871,3877
2699,4670
2744,2844
3735,3882
960,2840
3683,4747
1608,2826
2189,4997
2210,1837
1358,4858
4380,4718
1770,4762
3651,1808
2077,4729
2904,4779
786,318
2666,4918
3829,4728
150,1849
3516,4753
1141,4251
4600,4913
3718,284
209,2795
1882,4963
150,4720
1436,4931
924,4872
1127,2782
4050,4870
3171,4969
3417,65
3573,4267
3757,2825
588,4906
1519,2798
3699,1729
3556,4962
548,1835
3661,4907
2342,4908
460,4789
4095,1737
1208,4828
2235,4729
3212,4947
2335,3505
699,4998
968,1726
3734,3881
1254,4894
2153,4849
4665,2799
4409,4872
1943,4941
2483,4906
1245,2821
2601,2796
3355,4989
2472,4954
1679,4792
4258,4828
1024,2799
4663,1725
3980,2764
2342,2784
2235,2764
3444,4800
3342,4800
461,4819
1961,1855
996,4952
3982,1737
2660,52
2757,2658
415,131
1218,1840
949,4921
3796,4250
3283,4732
899,4803
1251,4790
1635,4674
836,3877
4166,4801
4460,4697
3725,5
3455,4815
4170,4979
1046,4754
683,1844
4089,4763
2506,5070
1466,2855
93,4921
4602,4941
918,4938
1208,11
2366,4889
2081,2816
2574,5000
1131,4720
3218,2816
4498,5069
2815,4861
2694,4683
1373,1728
447,2764
1673,80
3298,4994
1237,113
2710,4988
3664,45
1983,4266
926,70
3191,1732
3525,5002
181,21
4490,2865
4352,4793
1035,34
2903,66
3248,4951
2187,4763
1096,4860
3474,4690
3844,4888
926,4793
676,4992
4804,2848
1271,4970
3857,4732
4660,1855
4403,2788
536,218
3235,2814
3029,1827
3832,4761
149,1737
2797,4944
854,1842
4648,285
30,2832
1954,54
1434,4688
4467,1
2349,4778
2077,3877
299,4678
4056,84
4960,2781
2454,3924
4152,5002
1868,4884
2874,4788
581,49
120,2864
1666,2849
2348,2808
1414,1731
1359,70
1877,3615
4245,4746
1363,3
1047,2810
3063,47
1979,4968
790,4938
1893,4989
2958,2813
2060,2824
1895,4681
304,50
2029,5004
4128,2773
4106,11
191,4946
352,1838
2963,2820
1336,2810
1467,5004
1484,4902
4974,2764
3273,4907
4757,2858
3604,4969
2999,4678
3437,64
2474,4776
1404,4957
5010,4920
1080,4731
4015,1845
2929,4737
3499,4989
1950,4613
3251,5069
443,4776
2276,2783
4490,2851
902,1843
4276,12
1131,1733
1985,4762
4312,4678
5009,4926
2366,2856
1664,4876
229,4697
4623,38
563,4847
180,4873
4065,4677
862,2853
146,4786
2512,1839
4197,4635
4119,1735
1321,218
2002,1837
662,66
485,4912
605,4979
3479,4892
3723,4872
3042,4872
3166,4778
1064,4828
237,2846
3010,56
4255,318
3618,2671
4646,47
4184,4958
4116,2796
1427,41
2461,4904
2568,2816
3778,4267
1388,1816
3465,4919
4034,2848
4435,4815
2038,5074
3843,1737
5025,4777
3847,2841
3044,4954
1199,2832
2535,5064
2319,4911
2247,4930
2376,4911
2749,2864
3220,1849
4623,4921
867,4906
135,4685
920,2821
2914,318
2055,68
2067,4761
2022,1730
4611,51
4145,4727
929,285
2689,2782
1313,4884
2778,4921
1225,4762
2001,1861
4124,1848
4086,4909
1578,2823
5022,4884
4393,1737
4330,4690
1701,5070
870,4884
4852,1728
1092,117
2213,4769
2248,2800
325,2658
3360,4961
2593,5016
301,4248
4541,1832
3998,4776
3765,4771
1701,4896
1279,4916
1536,2825
3080,4816
4838,2671
3190,4917
4470,4994
958,4910
3217,4938
2758,4769
1009,11
1505,16
3403,4828
2334,4265
1164,133
682,4884
28,3885
2479,4965
1918,4888
2233,4939
2968,4935
2710,2774
286,3886
2109,4755
1473,4816
3251,4250
2411,4250
614,1730
1044,4956
3300,4694
4379,2821
694,2858
1500,51
3073,4671
1972,4250
475,1818
1782,1847
138,4939
2599,4954
2693,2827
4227,4749
3930,52
4135,2765
511,4911
2161,1727
1129,4720
4311,5070
4606,38
1915,4250
1301,1748
3185,2824
4491,5066
4274,2818
2575,4788
3030,4891
1980,4995
818,6
4584,4797
1189,21
24,4909
1217,4892
4234,4878
4132,4738
3887,4940
33,2787
2360,2823
95,4681
965,70
5023,4755
3226,1728
4130,4830
1438,5000
3811,4862
4212,5001
3543,4248
1441,4799
3490,2768
1098,5064
3683,4994
3225,4894
331,1861
2234,4672
645,4920
1989,4787
4166,4862
2955,4832
2147,1855
1694,133
78,3
3910,2796
3669,4684
221,4997
2123,2822
2381,4736
497,4815
4132,1726
1473,4770
987,4921
897,4996
1540,2832
3706,1726
3279,8
3849,1841
1242,2865
4566,4904
475,1896
1184,2814
2797,4820
1180,4673
4506,80
567,2853
457,4718
3610,46
1493,2784
3135,2845
5049,4856
805,2798
4172,48
4350,1726
2240,4937
3517,15
3713,2846
203,1843
3579,2774
924,4934
3375,145
529,4872
2928,4971
1162,1732
3549,1896
4099,2765
2148,1734
4483,1844
903,4743
2222,4920
4382,2838
3626,4911
619,4855
1564,117
1772,4998
1989,4248
1908,4787
3679,52
237,4937
2034,2847
2662,4858
3055,4670
3059,4932
3588,1840
2444,2833
2986,116
709,5019
2228,5000
2951,284
3921,8
1109,4783
193,2796
2633,4847
345,4679
916,4777
3214,4672
4131,4752
4208,2798
266,4803
3625,2809
2320,4817
2236,2847
4086,4729
431,2808
4233,4782
1278,53
526,62
4182,4763
3866,55
4186,2658
2411,4989
1159,132
1026,4790
1678,1850
291,4774
2869,1734
181,4678
3305,4792
1723,9
1824,4872
449,2817
3674,21
4208,4784
288,4921
175,2782
4433,4896
129,4910
2600,3914
3524,4955
4644,4762
3839,2808
765,4686
2608,2867
4494,55
2886,48
2421,2773
3865,4735
1377,4850
120,1838
3596,1732
1319,1861
4258,4793
1708,16
2672,4755
4563,2773
3409,4978
863,4776
4345,4753
1225,3924
4362,4939
2134,2829
4069,49
405,4828
2886,4778
2597,4781
3267,4912
3239,3883
2281,2776
2630,2833
1016,1857
205,2837
4514,4676
3592,4686
2184,3
1638,2825
4837,4906
4540,4957
4170,2803
991,4911
1464,218
3001,1740
2313,2846
770,4856
2714,4912
266,60
1917,4678
2581,1849
175,1846
4252,318
4298,4817
4449,4955
1686,2767
4132,46
4637,4693
1462,2671
2727,2820
2027,4251
1122,2798
2196,4686
4053,4787
2710,1847
3580,4849
2691,131
378,1818
460,4736
4535,80
561,4768
4048,5000
1270,15
3397,4778
2203,1837
2341,4782
3657,2858
3370,2837
1853,4939
851,1731
4077,5064
1381,4987
299,2840
2484,1842
2003,4931
5011,4673
4210,2841
3573,1857
1492,3883
1711,11
5005,284
4231,2821
4355,4914
326,4987
2117,1
1952,4765
478,4678
4299,5073
4059,117
2497,45
4371,283
4227,53
4147,4248
4078,4780
1511,4752
3606,4872
2352,1849
2302,4996
1470,51
3944,4987
3157,2854
1418,1728
3482,4921
1336,51
496,2788
686,4734
1505,1850
1504,4934
2529,4680
4462,58
1868,49
3450,4990
2985,2800
4283,1733
1612,5065
4518,4880
4925,4784
1254,46
2163,4265
4624,4746
44,4986
959,3886
3181,4751
4863,4773
10,4723
4337,4820
1682,4251
1392,4961
2986,1842
4315,1733
1413,4886
4491,4882
1696,5064
1492,4849
4722,4801
717,2787
14,4958
4358,4828
39,4248
3019,1725
4027,2832
4807,2867
3984,4850
348,4902
4555,3878
2010,2831
3591,2798
1718,4888
2668,5070
4833,4780
1157,4781
177,2772
3082,2671
3677,4748
853,3615
176,2773
2994,4947
1022,80
3437,4894
3238,4817
4000,2824
2563,4785
1334,4736
2972,1843
1009,4870
3454,4718
4481,4751
5082,319
4491,1728
2337,1843
4290,4684
493,4968
3552,132
3297,1835
2914,283
3022,40
3691,115
928,4732
1994,4671
1607,1827
3733,3879
2875,4673
2904,285
1459,5000
4286,4686
1194,4970
4307,5063
1142,4780
4383,4730
281,4762
596,2858
3637,68
2694,2658
792,56
1940,4934
968,3505
1891,4679
4139,2764
4700,4901
43,4679
1775,4248
480,1849
3836,3882
2931,4679
3487,132
1211,4783
3477,3880
4656,1857
1810,4819
997,4730
1235,2838
2406,4877
229,4694
966,4783
930,4635
2289,2866
2899,4681
938,4683
2319,45
861,62
3472,3881
2412,4953
3225,4998
4627,133
4144,5077
1528,4674
630,4968
4002,4729
3345,5018
495,4679
1234,1845
1701,4764
1658,51
2634,4988
3348,1817
366,4816
4066,50
4369,4734
3865,4935
1579,4919
1198,65
1854,2833
1283,4764
759,15
3421,46
14,2772
2988,4861
4045,2784
2367,4906
1590,4675
2365,2854
2653,4668
632,4799
2493,2811
185,2788
2675,4912
4324,4946
1049,4696
4375,4918
2879,4965
2791,5063
5011,2779
2171,2829
1812,1730
1156,218
1949,4907
1069,61
72,4678
489,4728
3000,2794
1491,4872
153,4816
2780,2820
2694,1734
1411,1728
4262,5002
4037,2866
1449,3913
3573,3912
143,4801
4027,16
3727,4971
2309,4729
2131,4729
3027,4908
2372,4692
658,4695
2380,4994
463,54
4272,4816
2200,4946
2428,2845
4980,1845
3697,53
3887,2866
2589,4729
282,3878
3750,5018
4547,2843
1024,4961
3014,4787
4867,4751
698,4737
805,4267
4657,4778
1557,1728
4092,4759
2191,117
2980,1840
1525,1726
1048,132
2209,4787
2375,4944
2548,70
1409,4906
2344,5019
780,1847
2547,4788
2529,4907
4864,4801
1366,3924
944,4939
1418,3883
2612,2774
891,4910
3903,4873
3298,4818
4394,5069
2253,4730
3102,4939
4007,2803
1425,2787
353,4934
3307,2811
2639,1843
4520,4731
914,2814
1144,4862
1361,4872
3220,1850
1137,70
3897,4996
4148,4824
4136,4779
4334,4946
4536,4891
3629,4880
3744,4747
805,4847
755,4876
3494,56
2471,4735
456,4264
3814,283
3564,4682
2116,3615
1195,2829
4018,4963
1491,4743
1108,4991
874,2822
3620,4847
1096,4746
1891,11
316,4265
1165,5019
2137,4685
4853,4676
4047,4797
1390,4250
4982,4968
3206,4877
1023,4788
3107,5073
2428,2835
1428,16
1717,3886
2923,5063
340,4675
1703,4762
3283,3879
3996,1731
2992,4919
4459,4727
405,4676
121,2816
2178,4997
3328,1857
1906,320
1573,3615
3528,4952
371,4691
1455,4877
688,4932
4244,4885
1587,3879
2387,3878
4161,2843
2329,4961
2591,4761
2682,2829
1038,4969
1322,1846
4245,4781
4595,4776
2493,1862
1947,2839
1341,4957
4142,4816
569,1727
2323,1725
3408,9
3796,34
2572,2764
368,124
1088,3505
1874,2864
1944,4685
1471,4963
4327,4733
884,2779
3380,2810
3014,4969
2191,5016
822,5016
3987,38
2214,2855
3072,4972
4539,13
2625,51
4166,2786
3036,4672
1102,4770
646,4910
409,2794
215,1732
614,4964
3955,5065
3626,4267
1124,1734
1040,4778
1757,5075
3853,2862
1852,4937
4149,285
3058,4251
1668,2843
2937,1734
4711,4903
1353,2814
614,4855
3606,4742
28,4935
3906,4772
3050,2820
83,4679
3186,4932
1167,4991
382,2845
4431,4989
3355,4900
2501,2671
743,80
295,4913
3962,70
3463,1833
3839,284
2920,131
4614,4937
2218,4944
3981,4793
2124,1735
557,4677
1348,4251
3471,2795
1457,2773
2410,4789
4014,4896
4284,4251
4629,113
2766,2825
3475,42
3478,53
207,4817
2874,1849
290,16
3601,1832
3697,2857
1461,4731
1234,2799
4619,4988
1540,2833
654,1850
4983,1729
2926,5001
637,113
694,2772
4114,2838
306,3
389,3877
2352,4997
4603,4750
1247,114
271,1731
5062,4989
336,1832
513,4751
2216,4862
855,47
5081,4673
3154,50
445,4964
3404,5065
1696,55
3242,4738
1810,67
4130,4990
1139,4729
2472,4978
3392,3615
2969,4692
4091,4939
3720,6
3832,2796
1076,1842
205,4266
244,4878
483,4741
174,4732
1052,3615
4103,2671
482,319
1883,15
4575,2853
2720,4753
228,4951
1058,4790
1537,4755
659,4855
4649,4878
1738,4779
3618,41
1274,2839
1029,2764
478,66
3555,2856
1525,4958
1435,4682
1940,284
1196,4882
560,5018
3164,4654
3160,1740
4484,1836
2423,2854
2092,124
2140,4697
4853,2798
3091,8
111,4909
477,4797
3240,2838
3549,4778
2109,53
940,2809
620,4248
499,1733
1946,3880
4449,4936
3941,4692
668,5063
868,4671
4237,5066
5046,5077
3387,4762
4826,117
4003,1836
3815,4832
1331,61
2970,4727
603,12
306,132
2117,3885
1381,21
786,4946
3966,1843
2198,4671
569,1833
2976,4801
2514,4992
191,2795
3457,2773
878,113
3519,1735
2215,53
3351,4267
2505,4872
4468,4958
1148,4788
4114,4969
1293,4936
844,16
5012,4914
3056,4915
3141,2786
2144,4732
4655,4849
4838,4787
1067,4688
4441,5073
2906,4727
1421,4750
2041,115
3555,4264
3794,2781
2879,5069
865,5075
947,1728
3607,4934
3496,4634
3939,4760
2493,6
1658,2862
3725,4930
4262,2824
100,1832
3803,4248
5056,1817
4008,2795
179,113
3184,4727
482,4897
887,4738
3009,40
2645,132
4844,68
2014,4913
2830,46
1369,34
4528,4877
1348,2785
2891,12
3698,4897
3291,4771
741,4776
3507,1862
2376,4855
2067,1733
2016,12
2045,2765
2301,5069
178,4786
1612,4907
4094,51
1319,4253
1785,4918
308,4686
3262,4754
2091,4720
3504,41
2556,4861
1567,46
2928,5000
3928,3877
4304,4695
981,1827
2107,4752
3156,4765
2962,2855
3061,7
3520,1725
1263,4815
1327,1850
1389,4736
4869,4936
1411,4921
701,5075
2050,40
3591,2811
4370,4849
336,1729
2085,4751
3099,4913
3477,2800
2896,4751
3525,4674
3472,2822
1454,1834
3806,53
606,4931
3084,4679
2704,1896
1613,15
2218,4902
1791,4955
1307,2858
1946,40
4698,2853
1265,4921
5051,4766
4521,4613
4606,1842
2720,5019
4366,3882
2263,2782
3114,4932
4705,4887
1195,4892
3919,1856
471,4930
1191,2841
3212,4248
4346,4264
1245,1847
1679,4968
571,1832
437,6
4401,1841
4139,4966
275,4786
1675,4849
3659,4676
979,2835
1695,4968
1680,4937
2278,4267
3587,2849
2122,4972
861,2773
3649,4879
1179,2800
1038,1845
4314,2855
2457,4770
3296,4860
271,2764
3786,1733
1978,2785
2551,1788
4550,2812
495,4803
1953,4817
3528,2814
204,68
4845,61
3979,4879
1362,4789
2423,4921
1751,2803
1936,2832
1464,4946
270,4819
2360,4902
3576,4635
3518,4738
4895,4250
3981,4720
1190,1731
2350,4876
871,2789
4185,4955
4299,5070
2653,4792
4465,4784
4812,1896
1992,1849
296,4792
3278,1808
4477,4691
627,1840
4046,4900
2972,9
3172,4955
3575,2658
2567,4676
1336,2798
1604,4951
1344,4939
2129,4696
4466,41
3414,4797
3538,1748
1322,2857
3464,4889
2400,4987
3139,4930
2213,2768
687,2809
1393,1834
1170,2789
3090,4654
4001,1841
1311,4879
1097,4791
4708,4941
4547,1737
269,4978
3085,4755
2797,318
4589,62
3305,4741
3161,4675
958,4679
1681,4718
1811,2814
887,4996
2261,4654
349,3505
800,4886
2281,4762
177,4969
4465,4966
4214,4972
3105,4912
992,4787
3599,4800
3796,2785
4843,4918
1911,1742
1531,4753
2107,2853
868,66
640,4862
771,2810
398,4695
3875,1818
1702,133
1399,4793
4268,4681
2112,4886
4539,2787
3253,4751
1613,320
4231,47
1592,4690
1136,1840
3483,2831
3097,4728
4035,2794
3389,5002
1082,3615
4473,4634
4140,1855
2709,2825
2738,4937
3031,4993
347,1832
579,4720
270,117
955,41
1080,4267
4579,4920
1511,52
4089,2768
1758,15
2663,4911
1163,4779
4172,2816
4274,2776
3110,4897
3139,1
3719,4857
2139,4816
584,4969
2146,4857
522,4886
3614,114
3096,4788
2256,3915
2911,4957
3730,1827
2505,4737
4496,63
3178,4679
607,4755
1642,4774
2055,4856
1426,1860
448,4907
4492,11
660,3912
180,3877
1194,4957
1504,4963
37,4930
1621,4818
152,4926
1531,4673
2054,4917
3619,4693
349,4673
2095,4253
2940,4987
3695,2788
5036,5065
4070,4750
1893,4777
1810,2838
4294,4776
3496,2658
3134,320
4484,51
4371,4762
2961,4779
4542,2827
4342,4772
424,4882
749,1843
2401,1835
245,4679
2670,5064
3783,66
3163,2851
4354,5063
4798,4774
1154,2854
2553,318
3456,21
3592,55
3361,4762
3029,4732
1447,7
1736,2772
1557,4675
4032,4870
1752,3
2338,4886
3182,2822
3142,4986
996,4990
327,3
1758,4673
2643,114
3918,5066
678,1833
3155,4934
3067,56
684,4819
4807,4249
3565,5063
4416,69
993,2790
3223,4993
3674,2765
3501,4906
128,4989
2167,4996
1090,4861
1168,4682
120,4850
2055,3884
4427,4969
4810,12
2998,2798
4372,2813
3319,4820
147,4770
3785,4830
3688,114
3191,65
2977,4266
2349,4953
872,4907
4070,65
4146,2779
454,319
2986,1817
1706,4690
3321,1836
3460,4688
3743,4952
3173,2816
1303,4673
1163,5016
954,5002
3051,2767
986,70
2957,4896
3404,4917
2775,42
2542,4883
194,21
1651,145
3129,2854
2110,4727
4933,4909
2277,4248
2208,2808
4050,4860
380,2790
3455,131
1429,4876
4359,4887
3182,4668
4700,4831
2966,34
2606,5
3054,4734
3580,42
4033,4731
3944,2847
4842,5074
2073,4858
812,4753
463,4914
248,4695
2617,4674
3174,1836
736,68
4072,2768
2236,3884
628,2798
1878,1728
877,3915
1763,4955
3663,4755
1606,47
1404,4765
2758,4673
3769,7
3893,1737
2605,4861
5041,4953
3007,4921
1180,4685
1931,4789
3342,2786
3974,4676
1878,52
1448,3885
4588,1728
2680,4913
2117,2833
3450,4791
999,2765
4229,50
334,4248
4525,49
4005,1839
972,3505
2931,4739
4119,4634
4648,60
3120,4697
1425,1847
2927,4264
604,2764
332,5065
4309,4685
1373,2831
517,4737
906,4735
2443,4935
546,46
26,2798
4562,2808
2986,4870
1635,63
4924,4634
2394,4912
342,4938
1477,1832
5035,2800
3733,1742
4077,4993
4182,2829
788,1845
504,4849
4275,2823
4321,4772
906,4896
209,4880
952,54
4130,2843
219,2787
3519,2794
4398,2795
4240,4734
2591,4750
2741,4674
668,2787
2959,4769
3211,2848
3629,4689
1428,4892
2322,2783
2367,4991
1243,4887
1649,4904
487,4961
3168,1838
1928,4790
1770,4787
1895,4850
3182,4251
101,4761
905,4816
2301,4791
3845,5018
3532,1861
2689,4947
253,5070
2755,4613
1355,7
2573,4748
2568,45
3399,1836
3191,4765
1562,4739
1604,4685
2031,3883
89,2829
1805,4860
2348,2832
3328,5065
3070,4932
436,1842
3850,4930
434,4682
3562,4907
3961,1732
579,4906
4352,4882
3835,1843
2621,2795
3046,1726
4233,4880
842,4987
735,4962
1878,4998
876,2795
2182,5004
1101,116
590,1847
4259,5019
2538,4937
3138,1818
1320,4941
2926,2789
3156,4696
91,4878
2399,4723
3894,2798
4644,3885
2152,2782
4423,4857
3071,4696
2338,4940
2583,4730
3719,4784
3322,2858
221,4964
4213,2860
3274,3615
4060,4965
4543,1835
3060,12
3087,2843
628,54
1649,4937
3386,4891
4322,4735
2414,4900
2489,4742
76,4902
942,2854
2185,4919
1310,4849
2079,4696
300,4689
1984,1855
122,4753
908,4880
3739,4994
936,2853
3449,4937
2686,45
3521,4820
531,2856
2661,4937
1794,48
4039,4718
4159,4906
1996,84
1140,56
337,4970
3993,4965
1646,4883
1375,2671
977,52
795,45
2199,4885
3766,4957
5078,4669
3241,2783
1231,1808
185,41
4719,2851
1762,1896
2802,1848
3050,4761
4337,4799
2293,41
4283,5063
1708,4932
3624,285
3574,4989
3989,11
4309,4818
2097,4689
4632,4776
4476,1841
3975,4736
1197,2840
514,4937
1082,4731
889,133
624,2856
1235,4750
3377,1848
5048,5016
1977,4878
85,4938
4086,3615
4479,1855
1411,4955
1053,4966
1330,2784
4899,4876
5046,5
3101,4736
3796,2826
1598,1834
223,4248
4490,4987
3808,4906
3753,4786
3909,1857
1595,4265
1100,4937
970,2844
3672,4979
4145,5075
4262,2825
3469,4909
3010,5020
4391,65
4436,4888
4183,4939
5054,1845
1531,2773
2944,5069
1170,2671
2094,2829
965,4915
3024,4832
3826,6
2499,115
2016,2768
521,4914
2387,4682
4005,4828
2868,5070
261,2851
4004,2781
1254,50
716,5019
3313,42
4432,2782
3816,2795
513,2800
4147,4785
4189,9
1454,4909
3932,4675
1969,2773
1242,4830
3635,1817
1081,4820
4374,4747
954,5075
2475,4934
2352,4913
3875,13
4099,4768
1267,2800
3820,2810
877,4996
1567,1861
953,4249
3090,1839
3057,4253
2507,4803
888,4696
2956,4996
225,4870
3515,4930
2793,1862
3613,4613
421,1725
4658,4929
3311,12
1394,1846
890,2862
2609,4934
2320,1860
3603,2864
3945,66
209,4829
3163,4693
2138,4733
1775,2809
1036,1843
3188,4683
3345,2784
1262,2817
4321,1735
340,4954
4002,1862
222,4681
1060,2788
3937,5073
653,4966
1403,1834
2356,4732
3640,1730
3339,2843
3182,117
1593,34
2309,4961
374,124
1498,3878
2719,4906
5056,60
4098,2810
3455,4779
826,117
4406,4855
3612,4990
4372,4675
3558,2790
2805,4801
1177,4920
3067,4944
1329,5077
3895,4654
3200,1833
4262,4972
3724,4855
2929,4762
2396,4935
3283,4926
4497,2789
4061,2812
3790,3882
4364,2811
2994,2767
1967,318
3709,4683
2436,4762
2453,4900
862,4906
710,55
119,5004
2426,4685
297,2822
3116,4886
3782,3877
1105,5064
1107,5020
3947,4971
2703,2786
938,4679
2032,4770
5031,4786
1914,34
1604,16
3532,4882
2576,320
4214,4669
2974,4882
3972,7
762,4921
2332,1855
4853,4911
106,4773
5059,2838
4466,2818
4160,4857
213,2838
4121,4996
4129,4718
2926,1851
2204,4693
3127,5070
1874,1843
3207,1833
4144,1733
3496,4855
2464,4788
1117,4873
696,4635
3193,2789
4587,3
3852,4723
269,2822
757,4777
3821,4860
4960,3915
3325,4737
2482,2812
1207,1856
4258,2808
4705,4896
3078,5018
4282,5075
4609,1726
3096,1737
1484,4994
4631,5
3073,4727
2036,53
2925,4815
1097,4790
2006,2799
896,4817
3128,46
1956,1740
4308,4873
1153,7
3363,4250
302,4765
2646,2782
3895,5
3996,2768
3110,2817
3713,4784
3790,5069
292,1840
1283,4947
2178,4876
2627,1725
1746,4936
2218,4694
1774,2839
357,4970
3034,4251
2076,1840
4091,4978
788,4991
2038,4901
4611,4988
1076,4265
3611,4958
4448,4766
674,4741
1055,1827
4545,4991
3000,115
96,4768
341,47
2925,2786
852,4920
2903,4668
4569,4690
938,3885
1120,4908
3577,4910
249,2818
544,4990
4288,3
1036,4765
1199,2831
1266,4727
2467,4687
2059,7
2244,9
4017,4774
610,4668
2112,4793
3975,1734
3142,2783
915,1742
1699,2846
1619,2658
1747,4918
950,4934
3637,4934
4147,4970
1072,4696
956,4743
816,4817
2556,4914
5082,2837
4175,4249
2434,4831
1497,1861
3355,4751
2553,114
467,68
4147,4763
891,3878
3894,4688
730,1730
2256,4733
1642,4697
606,49
1050,2865
1620,2835
3426,4953
567,4891
713,4920
494,1833
2252,5065
1711,4815
332,4917
2505,64
4064,4789
3327,3880
4422,4829
4319,4787
838,4668
4620,5075
3120,5020
2952,4990
4219,4266
523,4792
2442,4855
174,4692
4589,4671
4798,4775
1809,50
4575,3915
1520,3883
3965,4903
3679,1832
774,4904
479,4932
267,1727
1594,2784
589,1818
2295,2839
4943,4737
1958,4739
4164,80
1324,4830
2730,2772
3307,4920
3324,4730
1180,4954
245,5016
575,1734
4419,34
1049,2864
4489,4738
1704,54
1893,4972
3954,2811
4460,3878
763,3884
2431,4916
1548,4956
973,4672
107,1837
4281,2826
3645,2865
466,4793
1852,4695
4561,4971
4135,2776
3835,4684
2397,4778
1382,4249
4433,1850
1530,12
92,5075
680,4815
2081,319
2384,4774
3578,4824
1548,4994
508,1732
1387,3915
3563,4894
4152,4828
2409,4770
3479,319
2071,54
4131,2794
3188,4990
1308,1827
1178,4971
4056,4781
2223,2857
4627,4896
3732,4882
3010,2853
3262,1726
104,2833
90,48
3471,3886
4256,65
2611,1896
2358,4738
1687,4965
2621,4957
3043,4909
4608,4889
4807,2823
1358,1862
1576,4926
2042,133
784,2671
3962,2800
2878,4729
501,2823
556,4969
754,4917
1971,3912
2452,2809
1874,4997
2129,4747
1802,4940
520,4692
2096,4790
3168,4799
1325,1727
3412,2820
2625,4799
1393,2831
3659,4944
441,4848
3525,4778
1296,2789
249,2846
2453,1856
1772,2829
1653,4957
1381,4847
1146,4862
258,4803
91,40
1117,4752
476,2840
3970,48
2731,4906
1601,4856
3585,4919
2331,4946
3621,2855
128,2833
1049,2765
4072,2846
3485,4824
3619,4720
1193,4782
414,4789
1196,2811
3744,4729
959,41
3076,47
1338,2784
3321,4914
3080,42
3814,117
4173,1851
3589,4654
3811,3924
3457,2767
2964,4741
4511,131
4570,2841
2756,4266
4255,4902
2333,5074
2852,4966
1641,84
4334,4766
1786,2813
1037,47
3980,4793
2342,4693
1979,2864
2093,4817
4167,2782
637,2839
4463,1735
2701,2814
265,4613
305,4688
2745,4739
4099,4996
1151,4931
1320,4847
1694,1837
402,5069
2863,4760
2719,4786
4337,2844
4629,4790
2342,124
3713,2765
4446,4680
3580,5019
3280,52
2110,5075
3033,2799
633,4264
3254,3914
3738,4908
4066,4849
4540,1848
547,4879
857,4989
4325,2794
709,1733
4052,4963
3435,4991
4031,1838
540,5001
2649,4870
4525,145
2815,4790
351,2774
3724,4830
4139,4878
195,2768
2804,4978
2264,54
427,2764
3816,1818
2548,4878
1148,4947
4383,4668
3809,2814
686,4913
504,2783
2618,4929
2618,34
2208,4965
1275,2846
4465,4909
3996,4743
4594,4747
4325,4990
3535,1846
2185,4800
3826,4674
1399,3883
1533,4788
4033,4900
2888,2845
4386,2764
1263,114
3418,4743
2642,4749
4981,2848
3837,5000
3363,4791
5082,4989
1487,65
3380,1831
3361,1843
3923,4972
2195,4780
2636,2827
275,4941
968,2833
2446,9
3482,1845
31,4669
4925,5063
3776,13
1090,4769
2241,4754
2460,4815
481,2835
3774,5066
149,3615
2456,34
209,48
71,4872
127,4768
4485,4674
2481,2831
1622,4675
151,4926
2940,4830
138,4970
3689,4963
3481,4902
3228,4680
2339,3912
4093,4694
3478,1831
3700,3913
4438,4829
1678,4672
3958,1735
1409,70
2497,4870
267,1851
1519,2774
485,3615
4644,4741
2705,4797
182,2853
3443,4965
2490,2825
4841,4779
1765,4687
986,2833
3357,4888
4039,4892
1273,4693
4812,2813
2072,1855
357,4931
3205,4873
2448,4939
4067,4962
2836,4730
4925,2845
227,131
1445,4746
83,61
455,4635
4659,4935
4461,2832
3220,4832
2642,4735
1068,4989
2677,4748
2748,2796
368,4792
246,284
1330,2785
1087,4917
4837,318
1951,4956
4982,131
460,3924
4554,4971
2494,4876
2044,4690
602,4858
1120,4979
1492,319
2125,4986
1421,1861
4587,1725
3514,2853
3525,4847
1291,4993
2408,4743
2000,4792
4840,4772
3830,3924
2221,5004
463,2774
601,3915
1949,4978
4617,1729
4387,2786
3542,4962
1739,4937
1872,4892
4050,1727
3074,4878
3863,4760
1511,4733
3684,4267
2684,2803
296,2832
2521,4682
1865,4915
4,285
899,4886
1431,4817
4309,4993
1498,2845
562,3877
3645,4790
3821,145
1958,4921
598,4787
3994,4680
858,5000
4620,4779
157,1816
3905,2844
2105,2837
3993,40
1364,4635
463,4785
1368,4969
4756,4730
2333,4966
3500,40
5007,1847
3065,1855
3483,4879
3947,4988
3126,4915
2984,41
83,4994
2612,3879
1485,2835
1703,4956
3344,1849
4416,4733
2072,4266
1930,4969
3567,113
3468,4738
1126,4996
4043,5066
1016,2782
3377,1833
3470,4266
1599,1732
2859,2818
1189,4775
3389,5077
2270,4918
1097,1834
3100,5077
416,2795
1254,4674
315,4965
5068,4887
589,1748
1244,4249
503,4679
505,4892
4155,4694
3438,113
2364,4772
2413,2658
4432,2832
1643,4990
1646,2814
4864,4761
4067,1847
1542,11
959,4816
4279,4951
939,2838
1021,4907
2801,4930
158,4267
474,3880
3521,3877
4488,4797
2986,4251
1234,4777
2605,4787
2770,4850
1616,1816
1076,5019
1885,4763
3356,1733
79,1846
1869,5004
4455,21
4233,4815
3193,5074
248,1734
2752,1734
1234,38
2674,4956
621,4797
3191,4801
866,12
1489,4750
2635,51
3785,4743
286,1851
2532,2835
531,5018
1463,4733
3177,4695
797,4877
1877,2768
1419,2840
4358,1740
3426,4901
2483,4737
2205,80
824,2846
1124,5063
3560,4718
929,54
3676,4830
26,1788
1293,124
2271,4694
1643,4686
4299,4723
876,4820
2932,4793
4154,55
1145,4760
3634,283
4336,2658
4795,2803
4525,1808
4724,4669
673,5074
495,1831
2362,4938
2194,3912
3693,4873
1672,1861
2026,4994
4076,2671
4215,2847
2356,4675
4481,4748
1877,4803
1090,4759
4032,145
162,45
2888,4936
4091,4676
2230,4747
4410,4903
2351,47
3518,4941
4638,4952
666,5016
3867,1729
1347,4697
4767,1842
1516,4877
4428,4743
4032,4856
4367,124
3966,4720
4152,4801
2957,4265
4405,4753
1046,4963
415,2824
2520,3505
2206,4674
2470,319
1613,4251
4366,47
4104,4253
2290,5020
1260,80
2168,4694
507,60
3474,3915
2011,15
2373,2835
1454,4763
4015,11
1953,4690
4943,4786
3940,4995
932,2840
4283,4830
2197,4780
4467,4887
854,117
1588,4816
597,2862
3075,2658
4492,4751
3201,4697
4444,4939
449,4684
3776,5075
3841,283
3288,4964
754,4250
4021,2768
4698,2823
1507,218
4584,5
4307,2782
241,4904
1947,4250
3044,4903
4525,4684
1716,4693
2029,4889
4701,3913
1060,4676
2604,2776
2489,4654
469,1734
4170,4675
166,2832
3654,133
3078,4900
3580,1732
4376,4968
1159,4972
2965,2774
2791,4774
4374,1850
1238,4911
4044,2855
3792,4668
3565,4742
2190,4940
1102,1729
4197,2831
1479,4784
3752,284
2158,2787
3057,2862
1003,38
4454,4997
1608,4697
4484,61
825,2820
2340,4914
179,4858
3140,2671
287,5075
1567,1838
2606,4728
2319,60
3159,4692
4553,3914
1938,2822
2002,1833
121,4687
3444,4785
2545,4900
3321,4727
4083,8
3313,2824
1554,4995
2260,4921
1826,4988
642,50
1239,4828
2371,4909
4559,2773
1505,2798
3262,4253
2225,34
440,4963
1005,1725
2534,2840
2350,4910
2744,2796
3034,5004
1335,4914
2251,4816
4471,2788
365,4995
2592,4793
96,4910
3680,4248
963,2849
1917,1857
1963,2810
3747,2857
705,70
4609,1896
2192,1839
2479,9
4375,4929
5055,4697
4527,4910
14,1730
1583,2855
4139,51
162,49
209,3505
3774,5004
327,1827
4705,4931
3260,4734
2142,4885
909,2841
580,15
3158,4986
4135,7
1027,1726
1343,4890
3363,4904
2277,4793
691,2776
2207,4855
943,1840
4545,4788
1533,16
1071,2776
1150,4672
2151,5018
944,4746
4236,3885
1207,4747
4045,4782
144,4776
3207,4781
489,5001
3540,4765
3583,1740
3369,48
2889,2820
1611,5077
2950,1851
1799,124
4392,1831
3100,2790
2729,4743
3831,2803
4590,2833
3286,4738
1303,4784
445,2813
2580,54
403,4957
1536,4857
3666,4763
1332,4907
2920,9
3392,4934
777,48
1916,1845
2308,4696
2549,4870
1501,47
1988,4993
3384,4266
3214,2824
2375,4931
676,4742
3501,4728
4714,4909
2168,4944
4254,4962
3808,4978
931,62
24,2820
2479,4961
349,2849
4293,4888
687,5020
2644,3881
2414,4878
3675,2789
2137,3
1918,1735
1200,4690
3748,4832
1809,2831
78,4860
4419,2786
2991,5019
4874,69
4120,4668
3377,4884
2618,319
2609,4856
2055,4830
2654,1727
1198,2816
2646,4935
3014,4972
2713,1845
3752,218
3826,65
4614,2798
3617,4738
221,4689
4497,2835
149,4250
2304,58
1418,4689
4649,4674
541,4937
5010,4888
4825,2821
2049,4689
1779,5019
1605,13
4125,2827
1102,4769
1251,4265
341,3882
1901,2856
1262,1844
3762,318
4922,4793
403,53
2457,4760
2100,2817
3626,4921
3829,4958
3116,4831
1263,4774
2251,4251
3403,2829
4977,4690
191,4669
4402,1817
1792,115
2254,4760
2203,4998
173,3505
1974,2857
2595,4265
3010,2774
2999,4961
2034,4264
566,4938
4068,2817
4156,2841
610,4849
3645,48
4630,318
2725,2847
3290,4635
3180,2779
389,4779
104,4961
2052,2767
3797,4765
1809,319
2422,4678
4386,4824
205,3924
3508,2671
968,4953
4378,4885
1783,4830
3403,1841
3325,4680
705,5069
428,2855
2134,4890
4167,4792
1382,3615
708,2671
5043,2865
434,4966
1784,4695
30,68
2327,4774
4843,4818
4112,4850
4649,4684
531,4979
4387,1834
721,4958
1395,15
5003,1850
1595,4817
936,40
257,1861
4062,5020
718,4887
2733,5077
3487,4970
1446,1742
433,3886
668,4754
1233,4689
4333,4695
2286,2856
2428,2866
1790,2773
2030,4997
683,8
2053,4718
3074,1847
389,2767
3168,2858
1824,2847
3411,1728
2901,2860
4438,2785
1105,2843
1451,2867
2555,218
4029,114
2195,1843
1277,4937
3381,9
4008,1735
2559,1849
4922,2765
85,4760
1236,1847
20,4856
1160,4769
2900,4770
2554,2781
3858,4760
3218,4731
3181,4997
330,3886
568,4759
3795,2765
1557,1862
4235,4786
277,4882
4338,84
2286,1725
3684,2784
4346,2773
2200,40
232,4920
1709,2787
3235,64
3654,2812
880,4861
71,5016
2264,5
2699,4253
2457,4954
1800,1788
1757,4995
2380,2813
627,3882
798,1837
679,4692
4532,2839
4313,4862
496,2857
2145,5074
2087,5075
2874,3912
1435,2783
3147,4914
1766,1841
3829,4914
4149,4684
231,4969
2681,2794
1268,4791
2780,2794
2430,1833
2035,218
923,4787
3592,4884
1097,4906
2238,124
306,4755
544,319
317,3877
301,2784
664,1844
3072,4791
1505,66
740,1737
3550,2772
1282,2814
566,1861
2426,4997
2040,1848
808,2855
1501,4718
1938,1835
1886,283
205,4790
3705,1808
344,51
2261,4917
3048,2849
1000,4897
1027,4692
2070,4816
1326,4897
795,4907
2429,1848
3142,2838
4577,124
4189,2776
4479,4766
2532,4771
1183,1832
3894,4728
1789,4862
4662,5004
1523,49
3644,4764
853,4733
3022,3884
387,319
2224,283
1342,4912
3032,1836
4347,5064
939,4761
518,2800
4004,3883
1074,3924
2004,3885
268,4994
172,4803
3453,7
4426,4962
3481,4689
735,3878
1122,5074
183,4860
3895,80
829,4916
792,4997
1347,4907
4814,2808
995,4766
918,2867
1537,5074
1283,62
4428,5073
1620,4690
2487,4774
368,4696
4714,4675
2338,2821
212,2832
4745,218
1510,4686
3665,1857
470,2853
3409,2783
527,60
1092,5004
688,4879
2441,2847
3687,5000
2198,2816
2052,4747
860,4824
75,4746
893,1725
4572,2846
2271,115
1927,4819
4431,4678
4537,116
991,4889
561,5019
3666,4884
1049,1788
2694,4690
477,4766
1520,131
423,4824
3950,4935
627,69
1976,4889
171,1847
2656,4678
1335,4718
888,1731
3464,4861
143,1788
1099,4250
4027,8
3892,4946
1987,4900
4462,5073
4922,4750
909,4909
681,3924
2863,34
4177,4903
3865,70
2600,3882
1146,4873
2182,4926
1701,3886
3117,145
3858,2781
3767,4739
1111,4992
3025,1827
1714,2835
699,2818
3267,2810
3896,5001
2900,4986
1631,1832
1176,114
2924,2849
2498,4905
2706,4760
3900,4970
477,319
1451,2812
2532,1732
2859,4957
1790,4912
3491,4775
139,4914
953,1832
4579,1850
2815,4917
4598,2846
227,15
3174,5001
3134,2848
1588,4803
4206,2789
4514,2857
374,2796
4942,5
3167,4911
2889,4892
2387,1733
2184,84
4844,133
3894,132
3750,2816
1111,320
2300,4675
83,1846
1228,2864
3688,4968
1473,4861
1145,4872
2734,4937
4496,2803
4844,2774
462,4797
3610,2835
2757,2814
2852,4765
1602,4690
3457,1818
3499,2783
3812,132
261,4824
4704,4753
544,5073
4796,4879
3241,4939
3039,1816
3280,4847
2211,4678
2859,4751
4136,1734
3169,1725
4122,1817
204,4968
4645,5001
2509,56
2601,4911
2929,4746
4125,8
3445,4956
3614,5001
1541,4779
4983,4791
2087,4743
4642,4993
4106,4979
427,2839
2349,4978
3008,1834
1777,4877
37,2824
3675,4951
4202,4907
2454,1851
1366,4817
2091,41
1922,4801
4021,1731
1885,1836
4161,4968
3935,13
1170,1725
2882,4729
979,66
3360,5065
519,4970
3298,66
617,4755
357,4968
3665,4879
467,4670
3165,1726
3822,4996
1204,3924
3459,1835
109,48
3970,4970
4578,1
2919,4743
2415,4964
28,58
420,4738
2399,4789
934,4762
5050,13
210,4727
3272,2765
1322,2788
236,2811
442,58
1538,318
1282,2772
3252,4800
2275,5064
846,4731
2244,4940
1716,3913
4173,4969
3135,4862
568,4832
4579,4635
2693,4872
4599,4734
2656,1845
3470,4688
4570,4993
4357,133
4475,2862
1721,4741
1904,4771
3680,1848
4375,2856
3425,4782
3536,4727
2381,5063
337,4784
4307,1
2509,42
5082,2835
2267,4739
3526,3505
917,3885
103,5001
246,1847
4552,1730
2531,4781
1885,4992
1716,1834
4374,4775
2685,34
1800,4743
2226,9
3500,4779
4843,4889
83,4264
1264,4901
4204,283
3928,4849
240,4904
1380,4686
4241,2785
334,4774
3220,4906
3968,2822
154,4997
2397,65
1865,1740
794,4248
4078,4732
3298,4735
1084,4764
5058,4884
4143,4892
3074,2838
1187,2867
2443,4750
703,2851
2311,55
2123,2833
3277,4858
3956,4993
1354,4889
3436,1843
253,4790
2693,4986
542,2782
3634,1842
4526,4820
2110,4996
1588,2833
1995,4998
4303,4877
1173,4250
3119,4759
1262,2814
102,3914
1967,5077
3987,4987
1415,80
4322,4889
1046,2858
921,4777
1452,4739
1882,4946
816,4688
3665,4681
414,4681
1754,285
2913,2833
3557,4696
2261,4784
2053,1856
4373,4753
3443,4906
2541,5066
414,4824
3998,4781
849,5064
2885,2783
1245,1725
3418,4769
244,4918
245,4694
4299,4799
1115,4914
3567,2839
3570,4251
2380,2841
1563,4870
3082,4921
1420,133
1094,52
2472,4905
3183,11
4556,2865
4274,4668
1192,60
409,4803
1279,4992
2352,2829
1353,4870
947,5077
440,4978
942,1840
3983,4771
3421,2783
3304,63
3416,2799
4292,1836
2583,4800
2468,4953
788,4723
4286,4926
202,4800
1590,2847
3515,1827
1865,5018
3076,5063
3298,4947
604,4944
396,4909
627,2781
4093,4831
882,4955
5081,4953
2994,4679
2047,2843
3328,3878
3230,1841
3829,4746
1542,4689
1411,4772
1955,1838
1079,68
1859,4248
1715,5064
2638,42
4806,65
4069,4978
3818,4857
1250,4737
2961,21
555,4695
3384,4694
4011,4691
596,13
2747,4736
1793,3
22,4877
547,1847
2954,2765
1706,5074
2414,4684
524,2781
369,4784
1096,5018
2415,1836
413,4988
81,1832
3812,5020
478,1850
1689,4689
2639,4729
4091,4248
4327,1839
760,4676
1012,2781
438,114
4609,2867
3493,4687
4207,4253
345,4815
4521,4754
676,4789
111,4677
854,4696
5083,2811
3352,4764
1164,7
1780,4916
3871,4784
2172,2837
641,1842
2049,40
4572,2772
890,4900
222,2853
4116,4680
3798,1788
2305,4670
3764,2862
4385,1
1238,117
638,2811
3263,4988
784,3878
2984,4751
3683,3884
1931,4772
4196,4669
887,2847
377,4920
3685,4824
2240,1836
795,80
2270,4778
2167,4890
726,3878
2758,2838
392,2855
1291,1808
1463,4613
336,80
1264,2826
992,4751
1160,4961
477,4937
719,4862
99,3883
1302,1732
1257,2813
1188,4250
2414,4847
4148,6
671,1849
1696,4264
253,1818
4042,4962
4802,7
2335,2817
1584,1808
484,4777
2290,2860
509,2856
3154,4783
3476,1730
3670,4986
3444,3924
4482,3915
3252,4253
3401,4733
3448,1847
4899,2790
3288,12
4215,5016
1909,4685
3955,62
532,5019
2308,4669
2972,4690
3359,4934
3033,3915
1680,4773
636,2782
3950,4831
979,4861
2026,4907
2168,16
87,4962
1638,4926
2659,5000
1802,4248
678,4862
3899,4991
2498,4613
1438,4761
1632,4904
2724,4737
3329,4957
1297,1832
782,2794
696,2813
933,4996
2687,1896
3862,4986
1040,4957
4063,4913
2666,21
3834,4773
691,1836
4561,4918
262,56
3016,60
2644,4776
2138,2790
4827,4265
3604,4910
437,46
2797,4801
2636,4801
108,4654
4368,68
1600,2867
4715,4962
4967,4685
3341,4901
1498,2825
1007,5077
2186,4751
3755,2784
1076,4775
657,65
2317,4914
3124,3913
3812,4803
3105,4894
4187,1827
1820,4755
3986,4781
1665,4963
1070,2864
2460,4894
3271,2785
1694,3886
4503,2827
1214,3924
2583,4264
14,4935
2966,4677
2681,4743
2383,1728
929,40
1472,4784
1199,4935
3381,2822
2263,4678
1633,4734
2938,1836
3079,4962
1782,4692
1178,5070
1524,4940
1512,4876
2485,283
543,4879
955,1735
933,4692
1498,49
416,2783
287,1844
2904,4886
3575,1831
4705,4671
150,2814
1906,4992
3719,4771
2948,2794
4101,5002
26,4931
1759,1839
4523,2785
2990,4919
1336,42
1237,4686
222,2817
1505,1827
1412,1833
3411,50
511,2788
363,4972
2999,1827
387,5065
4580,1846
2552,1846
4468,4635
2364,4965
1108,4940
4113,4870
1199,4727
2955,4990
4082,4738
3398,4872
4006,3880
838,4938
2920,1727
694,4782
3164,40
3780,5018
3432,4904
4039,4991
792,4887
3481,1748
2959,2820
3517,46
337,4731
2473,3879
4140,2862
3502,4997
3580,4733
1383,4678
4809,4931
392,4885
848,2818
1777,4674
2240,3505
1998,4634
4948,4774
2063,2799
958,4888
1622,2787
2439,3924
4083,4914
3828,4855
4458,1732
793,1860
148,2787
3038,1896
2954,4249
853,2814
4185,4941
1146,2853
2539,4760
4218,2832
2655,4990
3310,66
4523,4921
3614,2776
4296,2862
892,4759
749,4858
4745,4777
3789,48
2143,4954
4105,4791
4284,4937
2320,2844
2989,4882
1804,4849
2948,56
2714,1808
3658,67
1457,1742
1545,4908
1066,5065
2745,2832
1133,55
3595,2788
1499,283
3226,1857
886,4987
2578,4741
851,4785
2953,2787
2310,2826
3645,4693
4615,4857
2350,2855
3045,1849
3333,4723
1720,13
4108,4746
2797,2826
1527,5016
505,1846
1304,1844
598,4803
512,4886
2087,2798
3739,4737
2165,2810
3037,4989
2246,1725
4626,4654
1796,49
4663,4695
2735,5077
3898,5000
110,12
428,4932
88,4749
2483,4739
3707,4766
512,4997
193,1856
5059,4964
999,8
3858,4929
59,4669
4255,4971
3901,4914
1055,2823
3576,1725
4518,4678
3295,4679
4823,2827
1800,5066
373,4901
2568,1841
1779,4727
1392,4819
1077,46
1462,3924
1667,4778
726,4954
2286,4635
3671,4931
475,4683
3896,4695
3366,2860
1046,124
1892,116
3354,16
3725,4962
4305,4873
469,2779
1108,4994
334,2779
1507,63
3206,4856
483,1735
4386,4720
2520,4691
4133,4671
2567,2799
2540,4718
4715,3883
1334,69
3434,4249
4370,2800
3544,2787
5081,2848
2482,4873
4535,4972
4293,1846
3297,4682
2271,4768
17,3505
4273,5064
995,4908
4478,4832
882,15
2263,4747
2742,4780
912,4931
3943,4249
842,4911
2483,2840
3658,4891
2648,4940
392,4913
773,2849
3930,2866
2360,4937
409,16
199,4693
4846,4979
2922,4688
4180,318
1309,2816
1641,2864
3190,4946
4559,4680
4394,1856
2591,4768
4062,4728
3420,5075
635,4803
3170,4742
1380,4878
2095,5066
3046,4766
3539,34
2449,4857
123,4734
2911,4953
2666,218
4573,4248
1440,3
3811,1818
2802,4671
3684,4870
2331,2798
871,4769
448,4911
71,5074
3039,4890
4505,4684
3551,54
630,2813
1620,1861
3511,4955
3960,4907
2963,4961
3464,4762
1005,3915
4396,4680
395,3914
1344,4731
2806,4770
4513,4972
1327,2848
3470,1837
659,4997
2142,4683
4086,4932
825,4896
4569,1748
1264,52
904,4891
4472,1845
977,2671
893,4934
2013,4753
3571,2803
2087,5018
362,2823
1155,2816
2141,2846
3251,4849
334,4775
4179,1816
4225,4901
4573,4951
666,11
2986,2779
436,2844
3154,3912
358,15
3714,4250
1319,116
3802,1848
1394,55
1403,2817
4473,318
609,67
3998,2773
3979,2821
2233,5074
690,4771
3864,5
1520,2839
4495,2785
4458,5077
2223,5063
451,2779
4475,4730
4052,131
1386,5002
1895,2849
2169,2840
2698,2860
420,2798
3597,5073
465,117
4043,4693
2517,2822
764,4249
2319,4954
2084,4971
1153,2851
1034,4772
1156,1832
738,4831
4199,4748
4698,4727
3859,4785
3792,4765
4603,4857
4612,4848
1022,4938
2677,4880
3584,4932
549,61
1017,4828
242,67
2468,4742
393,67
1770,5004
1607,4953
371,4920
904,4873
2295,3886
1668,4920
3336,4817
4984,4993
1635,4903
1633,4679
4578,4635
105,2854
2949,4759
305,50
260,4668
4599,2783
1019,4910
3406,4772
4080,61
3035,3914
3586,4877
4975,3912
812,4862
2919,4778
1400,5016
923,4936
1385,4926
1805,53
1428,5019
4493,11
1536,124
1659,4858
3733,2816
3125,4694
1438,4770
1100,4915
2730,4847
2340,4759
4740,1817
3668,3878
3059,5004
5029,2838
369,4250
4058,2860
2003,117
4606,4987
3264,4768
4331,68
714,4267
4967,2848
503,2865
2553,2803
2937,4979
428,2867
4439,1728
4427,4891
1517,4797
3119,4772
3928,4267
3589,1847
1797,1832
785,47
78,5020
4531,4873
1131,5073
4158,1728
2660,2835
1688,4956
1724,4784
4538,2838
4869,2866
311,4674
4417,4687
5021,4939
1162,4696
3826,2832
3268,1817
4234,1729
4098,4847
2269,4879
2483,2773
2888,1849
2273,4693
3535,1837
3137,12
2687,4937
1918,4803
1992,4929
3454,2857
3474,4770
1110,1839
627,2840
4073,4957
90,3912
1718,68
1658,4683
844,4689
3113,3505
1782,4681
1155,16
2167,2790
4396,60
3856,1843
3398,2832
977,2788
1392,4748
351,2847
3861,4935
2259,63
4389,1855
473,4849
1519,2818
1995,3880
795,4786
480,4877
2011,4819
3068,4771
599,4777
1783,2851
1153,4755
3228,4896
581,1
4362,4896
1434,4915
1425,2865
3492,4768
3682,4858
3578,2849
4575,4969
3458,11
1091,4971
2023,4946
3664,2658
3254,4819
1189,1849
2594,3885
2425,4730
3145,4669
4534,4904
3908,4788
2376,2810
3169,2851
1412,51
650,2858
2032,4265
3330,4831
3042,2773
2396,4969
568,4730
3024,4759
1153,2831
2600,2857
4574,2865
2700,4900
1785,1832
2628,11
3399,84
3100,4799
2237,5063
2652,145
4621,4909
4465,60
3676,4720
756,2817
3934,4951
4148,2795
2212,4944
1806,1
1196,2788
3529,1855
3570,319
253,1817
4602,4816
4284,1735
2283,21
3656,132
1616,4939
4095,1725
4836,4742
5039,2839
1892,4691
1703,2860
1586,4728
3009,4910
4169,2857
379,51
1398,4944
975,4993
3089,2658
3568,4768
328,4720
3134,2840
3774,3885
3264,54
1201,4741
655,4857
2801,5066
1414,3878
662,2865
2375,4897
1613,1850
1874,4964
4181,5000
1916,4737
450,1827
625,2779
2984,4847
1247,2827
862,4737
4807,5077
1367,3505
326,1727
3644,15
164,4695
3700,3877
650,4832
136,4613
3009,3924
2450,4909
948,4780
1030,4743
1231,5016
2264,7
3103,4969
2648,4677
2633,4956
4289,1839
4473,1740
185,45
219,3883
1531,4858
1820,68
3271,2784
1009,1896
1482,2765
3875,4936
3630,283
2571,4992
1765,1728
143,1833
637,4760
4536,4759
3511,4769
1226,8
3064,4819
3164,4964
3277,2786
1699,4953
744,4972
2780,4266
2681,5
2945,5019
3080,4832
3773,5065
4153,4856
1335,2857
5055,4908
3830,2835
438,4937
774,4855
5010,2812
1792,3615
1952,4741
1279,4693
2943,5077
2140,4870
5059,2767
3211,4970
1490,4687
2594,4968
2151,2860
2547,1841
665,2790
4025,2796
4644,2864
496,65
3642,2658
1959,4996
1159,2814
2678,1733
440,5004
269,2846
2221,5001
4183,4935
1771,4979
1523,1727
2348,1
3020,4782
4159,4932
4368,2658
1385,4791
691,2789
580,4762
2168,2862
2058,2808
3555,4784
1138,4680
2180,4991
2451,4801
4560,4877
1871,2767
2760,2820
1217,4770
522,4670
2479,4824
3184,4938
4000,218
3808,2767
905,4929
1004,4857
517,4819
2508,4613
4006,1748
2869,3615
2612,4873
995,4915
3201,4903
3764,1896
4865,4970
1489,16
3316,4676
3156,2833
1028,4670
4699,4884
2366,4768
4109,4770
2597,2827
1048,49
849,4998
1117,1726
781,4730
2754,1728
2372,1849
4007,3915
1292,4759
1293,3615
3737,4791
3298,4679
2990,113
1933,55
1605,1834
2075,1844
4000,4890
2003,4775
3378,4750
4203,4803
185,1831
3956,4906
3719,4752
2440,50
827,2846
2054,4753
384,4669
1427,117
3059,319
2480,4939
1254,2820
356,4966
1427,4743
4619,3615
233,2774
2030,2849
1557,4971
4063,4884
1917,1817
1986,15
387,113
2873,3914
3734,2809
4567,3914
498,4761
4567,4668
1064,4917
1636,4731
3292,117
801,3878
139,2837
2150,5019
225,4682
29,2787
981,4946
2500,4897
839,4654
4507,4635
3965,4669
3430,4264
4572,48
3785,4885
973,4889
4057,1862
3346,4772
598,4915
1215,3884
2542,2785
1342,2826
4455,1861
1303,4763
169,4856
1347,4891
3288,1844
4665,2800
147,114
2021,3914
2646,1816
1321,2849
3827,1841
424,5066
4146,4913
1627,4848
1227,4885
1491,64
2763,4952
1900,2786
1191,21
3368,4897
2670,4883
3943,2854
2718,2787
3153,4669
4505,4903
1341,4897
2747,2855
4520,61
2437,2785
735,62
3327,2782
2343,2856
2379,2803
4520,4997
301,4735
4412,4755
1068,4738
1022,2810
3807,1832
4822,4887
4363,4894
4512,4782
2283,4995
784,4956
2647,1833
2433,5001
2089,4753
202,5018
3867,1730
454,69
3374,1846
1539,4741
1530,1816
4466,4685
671,4801
2590,4994
738,4779
3382,3877
2925,4956
1647,4829
2746,4683
4293,1845
641,4743
4577,4775
365,4682
2171,1788
3968,4727
4363,4685
2577,4947
3871,40
926,4768
2212,4968
4180,4896
1897,4784
1535,1837
402,63
3602,8
272,2840
3173,4930
1202,84
819,4993
335,145
2018,5019
495,4685
3049,4801
3053,4932
3617,1851
1869,4858
879,2848
4225,4955
647,1842
931,4264
1375,1861
625,80
3785,2854
4017,1860
1630,4909
2712,4883
3534,5066
4279,1840
96,4883
1426,1838
3414,2853
1632,5073
1104,1846
3710,3882
2911,4952
2105,4820
2612,51
3124,5
1469,4729
1939,42
1019,3881
4108,4681
4422,2800
4172,2787
4402,4970
374,4770
1021,4797
3393,2764
4400,2820
2153,53
3644,55
2553,133
1105,4861
2563,3924
22,4613
2755,4670
3190,4731
3002,40
1515,1737
4270,117
2955,2798
1292,1725
4438,65
2974,50
2124,3881
2041,4828
