1621,4686
1205,3924
2484,1740
189,4903
2918,2845
120,5063
3808,2809
2426,4858
1392,4995
1178,4965
749,2823
5081,4750
4599,4879
4294,4781
2562,2809
2648,4780
2120,4912
1771,2860
280,1834
3351,5075
326,4265
3539,4690
862,2860
4981,2773
1998,1733
118,1816
165,4965
4070,4882
2303,132
617,4739
4712,2846
272,2838
2143,4728
2307,4988
1101,2814
2541,2782
1798,1836
4852,114
3334,15
2687,4746
2605,1835
1755,21
530,2818
4062,3
4172,2867
902,4894
4349,4267
931,53
2041,46
714,4951
2759,285
1160,4762
1109,4723
4868,4819
4480,4788
4191,4900
2875,4850
2747,4921
775,13
394,56
2945,8
1500,52
3766,5065
867,4947
580,4931
4241,4695
1261,4766
3698,4883
2634,4829
1169,4250
3555,4987
3474,55
1169,1861
2401,4771
1710,4906
4611,2796
3059,7
1595,4953
2176,4818
4591,4970
315,1837
1003,3924
3664,4696
1426,4759
2237,3878
2917,62
3234,1734
336,5
1618,2658
2936,5020
2127,4857
3956,117
4943,21
2601,67
1955,4830
2957,4955
1695,2810
3922,4915
5071,4818
2037,4785
2751,4894
4534,42
3154,1748
2536,4686
1512,2776
3930,2839
3906,4831
1783,4918
1854,4930
1648,8
1566,5064
3184,1847
795,4775
4278,4743
2993,2839
3250,3880
3744,2851
3149,54
2446,49
4236,4820
4002,4870
5082,4884
742,3880
666,2810
4097,4727
3445,21
4042,3505
3498,4934
4579,2849
2160,5020
2563,2824
4392,2846
4287,4685
612,4953
3569,131
3776,1737
2949,1847
194,4891
1685,4819
2039,2788
4324,4988
3768,4668
105,15
2421,4635
2317,2767
5055,16
3204,5019
2649,2764
545,4754
1245,4769
336,2839
1545,4971
3572,4873
3813,4761
4086,2844
3873,4989
5067,2866
2738,4820
1672,218
3583,4897
3458,4784
2996,4855
3261,5063
1172,5004
1795,4739
4376,4935
1743,4857
3057,5063
3889,4765
537,4952
4636,4939
1393,2814
1388,2808
1681,4671
1259,5018
3145,3915
3433,113
1996,4779
3040,4894
4119,4742
2710,5020
2716,4870
818,1
1028,2782
424,4964
2383,4635
4113,4680
663,4249
4313,4880
504,4743
2156,4736
1602,1833
4216,2854
856,4828
2412,3877
609,4677
3109,2671
2607,4904
4854,1735
1364,5075
1181,2787
413,4986
3250,3915
2708,4750
3444,4752
3328,1
4327,1833
2444,1730
415,2813
2147,4761
24,5074
3359,4946
4002,4777
3491,4961
2732,2867
2622,4746
2219,4987
5046,1862
3336,1841
4580,4728
2725,2844
2353,4654
4604,1842
3048,1731
2161,4723
2819,4771
3147,1855
3738,320
2130,4987
4601,4934
3725,70
885,2847
3595,4693
2714,4903
1518,3881
2039,4941
324,285
2095,4972
1825,4885
4559,45
1214,1818
1008,80
3711,50
327,4877
2731,4892
4928,2796
4054,5070
2954,4783
1648,5018
838,4972
712,4678
2514,1726
108,4681
4519,2798
238,4849
1513,1856
1746,66
4197,1740
2263,4829
3747,65
5022,2845
3229,4769
5022,5002
205,4989
2705,2860
3824,4687
3809,4768
4569,4931
3916,4860
3375,15
3835,1846
3652,4906
2021,4912
876,2784
3422,46
1045,1729
4388,4858
3845,4697
4983,4250
3428,4728
972,5002
2905,2838
2741,4654
1555,5000
2226,4951
4840,1816
2889,4987
1262,4944
360,4855
1084,4784
2729,4994
2144,4819
1234,4654
4327,4793
379,1808
4100,4792
404,69
4502,4988
4105,4761
4715,4678
2203,4791
1039,2811
2170,5070
3075,2764
1478,4971
3176,2827
597,3
1700,80
5013,2821
2888,4785
2265,4776
2883,1838
4660,2800
1640,2809
3633,3880
3135,2824
2442,2794
3815,70
4516,4718
1586,4873
3180,4682
1441,3883
633,4771
1509,4738
4405,4824
3363,3886
262,4686
1270,52
1207,4862
328,2840
684,1857
2178,4947
3609,114
1498,285
3244,2823
3657,4264
4758,49
1307,4979
2628,1816
824,4972
1801,4741
3225,2856
2487,4781
1981,4879
194,68
3522,4932
1990,2798
1722,4692
1986,3615
1873,4768
2667,41
1946,4771
4049,2817
19,4952
2697,4682
4580,4749
259,4671
722,4691
4705,4669
2041,117
3095,4909
812,1833
3991,69
1369,2782
1419,4734
246,4987
4364,2829
4370,5019
150,1733
1745,4735
2965,4931
0,4720
3088,4761
2321,1837
3090,4789
2339,5016
2020,5065
4698,4797
2909,1727
593,4832
4237,4965
723,4817
3644,4904
2459,2800
2937,320
1503,2829
299,53
3603,4884
1415,4264
2721,4788
405,4915
4388,2813
1028,64
4348,285
714,2803
2528,4818
4745,2825
1219,4690
2372,5016
3831,5004
1625,53
2292,2799
2159,4686
3522,4903
4314,4634
2868,4248
3296,4691
2637,4751
2037,2786
490,5004
3416,48
644,4876
3099,2833
4625,4889
2267,1726
3479,65
3289,2837
702,2788
1213,1839
3078,4848
626,2849
1950,70
4228,4683
1944,4990
674,2803
647,4742
4383,5070
823,8
1553,4747
3955,4676
1724,4917
4492,1855
1165,285
3898,2822
5015,4965
658,4921
1286,4970
5056,49
2728,4903
1049,2671
72,4689
1069,2814
693,4267
219,4937
4744,2864
4457,5063
4661,4755
3460,1831
2646,4994
4567,4671
3691,11
596,2851
1007,34
71,2822
3633,3924
1991,1860
1223,68
4502,2803
4238,4847
2043,2789
4497,4250
4612,4799
4471,38
1690,4793
2547,4882
2771,4786
1994,2855
325,70
4865,4987
2520,4965
2652,4694
3385,1838
2348,4784
3345,4880
850,4830
4009,4966
2553,4681
3576,1727
1453,3915
5062,2835
1164,4860
3889,2824
183,4988
4285,1844
562,4634
799,4955
395,4737
719,40
3207,5002
2638,4885
3447,4684
1511,60
3031,1734
2524,1734
3570,52
2439,4675
1026,5074
3097,4754
3688,4971
3356,4668
1356,2790
2365,4673
355,4732
2281,5073
5021,1848
3938,4751
3512,116
3853,4267
381,4987
822,1849
2511,4790
4213,64
2443,4677
327,1851
4355,4692
3945,4253
1479,63
1653,1808
2324,15
482,4686
2030,4855
2065,5070
916,113
3308,1845
529,2854
192,2841
1483,1855
2239,4677
1511,4248
1900,4947
3898,4905
2336,4817
4293,1844
185,2862
1485,4936
4416,4799
592,4857
4473,4264
862,4889
1183,2848
2976,4738
512,61
3065,4963
903,4791
2935,2867
1616,4741
2132,1846
2338,4668
859,4686
3842,319
4216,4998
3355,5074
2112,4972
1579,1728
1006,218
2528,133
289,4765
3586,1848
3392,4990
4321,4736
4000,5064
2010,2840
4311,4688
313,2820
2053,11
3175,1818
4950,3884
1504,4780
2454,4947
2129,4770
3267,4978
4844,4996
1345,4870
2121,4761
843,4935
1784,4947
3288,4968
374,34
4244,54
5039,4791
4659,4691
2200,4765
1257,4917
4325,1831
611,2849
995,2782
276,64
450,4266
400,2817
2343,4688
394,55
4058,4781
226,5070
856,2784
1440,4887
3953,2831
2372,4797
3028,1836
3037,4797
692,2773
4641,4688
4303,65
815,4764
1779,4995
1357,4788
3026,4958
4805,4770
4479,1726
563,116
3531,12
4147,4766
1644,4962
797,4988
4507,2671
1159,2822
3265,4785
3325,4961
1575,4988
2859,1816
912,4787
3227,4892
4138,2786
1944,2835
2736,5002
3952,2824
4298,4947
1434,1727
474,4904
1404,15
2624,4267
4563,4780
2828,4855
3809,4971
3664,4888
196,4266
2506,3883
4552,1847
2284,3885
4851,3879
3107,4759
1263,1845
3643,4921
295,4763
1976,2853
3032,4964
3899,4934
4213,4970
511,4803
422,4890
3189,13
1440,2786
1527,4793
3066,5074
3070,2829
2426,2796
304,4720
596,4763
3352,4914
948,4693
1488,2846
3907,4897
1770,4697
542,2781
1973,3881
2499,4873
1328,2848
1650,4860
2753,124
4512,3877
236,68
1073,45
1906,4776
1540,4930
4574,4818
4128,5019
99,4953
4048,2821
4348,4926
3013,4880
919,2794
5031,5004
3993,4914
2048,4248
782,4679
3847,5069
915,4677
3690,4815
4600,4963
3492,4930
4343,45
2325,1735
232,4848
4600,117
1099,4870
3838,2779
4569,16
2978,2773
515,116
3419,5075
3660,2808
3566,4902
3497,4989
4999,4926
380,4751
3312,58
254,4677
4206,1742
2419,4896
4220,4986
2716,4768
519,4939
995,3877
2736,2796
4281,4253
3258,4824
603,4769
1394,4972
4017,5002
4107,4962
1216,4947
311,1731
3287,2798
458,283
1299,4931
585,4753
1926,2774
3552,4964
2253,2845
3149,53
4702,2811
3049,4685
695,5
797,4786
3776,4249
4068,2798
2119,115
2440,4264
960,4613
1703,1727
3564,3883
3411,13
4048,4857
302,4995
503,4792
4376,4778
76,2838
1155,4677
967,4727
155,55
3809,1816
2770,4790
2329,4996
4071,38
361,4860
1525,2846
3499,4800
1671,4773
1782,4914
1673,4830
1170,9
3394,4889
573,4782
709,2849
1826,4824
722,3924
2571,80
2449,4613
3315,5074
236,2831
3062,1847
3816,4781
1023,4818
2777,2867
575,4847
4714,1839
2224,2838
3581,2764
800,4934
2448,5077
2036,4723
4655,3913
3141,4956
32,285
3629,42
1972,2843
2169,4778
3660,2798
1761,4908
4491,69
4999,4908
1675,2658
3417,4903
4976,2849
1243,4830
4083,4941
3497,4856
3962,4742
4288,4674
1854,4941
2898,4800
1694,4762
3029,4634
4291,4697
4205,4686
2692,4251
1646,2773
2503,49
967,124
868,2817
4814,4855
2446,4886
3155,4968
2147,2767
2105,4752
2089,5070
2481,1833
3268,4998
2538,3882
288,2671
3604,4788
891,4784
1175,4751
4867,16
521,4888
2954,4829
2575,2768
2496,4727
2992,3878
1247,4786
977,60
81,7
1466,4801
3972,1839
1376,2776
2256,4797
2870,47
3349,4970
3405,4894
108,4682
4023,6
2725,1847
4123,4988
2082,113
4393,1837
3507,4777
2461,4818
3764,56
3158,283
2139,4946
2735,62
1521,4926
3572,4670
1966,2866
3837,4769
594,4829
1552,4891
3751,4668
449,4989
967,4265
2072,4905
1058,48
2229,2772
1900,53
4539,2849
2628,4902
5025,5004
370,4876
3199,4787
3306,2790
592,66
265,4777
2300,4790
3874,3882
737,2821
3445,3615
3560,4903
3752,4635
2227,2817
3841,4990
3329,4897
2221,3915
150,2787
577,1827
3762,4674
4489,4674
3778,2837
1606,4789
155,4909
1546,47
2478,4780
1444,4697
1255,113
1157,4961
4052,4879
1501,2799
3829,4858
1552,3877
4814,4720
621,4675
1492,1848
20,2786
4821,4951
893,1
4080,4763
775,4997
3109,4736
1206,4966
1037,1844
497,5075
2327,4784
1971,4691
4420,4755
2647,4671
2596,4772
919,66
5062,318
1321,4752
4163,4905
2162,4669
1957,218
901,4672
2956,4669
2133,4902
4022,4732
2460,4889
4922,4953
2652,4723
1363,4720
480,5069
2079,4250
510,54
3900,4930
1656,2808
345,4878
2510,1728
2630,45
1503,4770
2876,4941
270,2772
2073,5000
2752,4803
1699,4955
1597,5
3734,4963
1238,2841
3532,4987
4510,46
416,4953
3534,4723
2018,2795
1702,320
3931,4902
1865,2839
4302,2808
1932,5075
3190,2800
3563,4762
1195,116
1360,53
2304,4904
2171,60
4537,2857
2072,5077
4569,1847
100,1856
890,2808
4380,4979
4078,4778
630,4820
1016,4743
2506,5075
1669,5016
4200,4862
513,2856
1080,3885
3088,4762
4386,2860
616,4678
4023,2822
2373,4887
4583,41
3388,2847
1429,4751
3005,4733
2801,3881
868,4677
3801,1734
4407,4919
1422,4909
3519,2833
4925,4790
1280,4870
3834,4901
558,1851
3475,1731
720,4692
4313,4771
2314,3913
2059,2832
1092,2826
3314,4887
1435,65
3960,4979
713,4884
1405,41
3910,4956
1820,4860
4149,2845
3471,4938
1763,53
2242,4673
2560,4913
1460,4892
4200,285
1635,4880
1043,2849
3128,2855
4285,4916
4328,2827
3553,2862
4845,68
2284,2867
1801,4790
2151,56
198,3886
4055,4990
1468,4900
2134,2839
120,2845
2727,218
708,2824
3201,4720
176,4253
3857,1
221,4930
3292,1742
4554,65
5045,4689
2251,114
4386,4763
1513,4921
599,4914
2335,4801
3704,4766
3324,1841
1320,4685
4145,5063
4717,4921
4437,4737
3529,2787
1596,55
3400,4746
2330,3912
2266,4971
896,4906
3728,2767
2469,4929
1409,52
1220,4832
4186,4914
2532,3879
4001,1848
650,1860
4708,4934
3363,55
4084,1855
2612,4970
966,52
3304,2865
927,4766
1149,69
1024,284
864,4961
3292,1842
4025,4990
1384,4994
836,4914
4533,5020
2529,48
3156,4778
4042,4791
4130,4783
2553,4680
2128,56
1498,4902
3338,3615
1325,1857
1941,2799
2373,2860
2896,61
634,4732
3662,117
148,4613
2088,2865
3444,1732
1387,4685
3474,5002
1957,5065
612,2784
2285,4727
1323,3915
1556,63
935,4902
139,124
304,61
3399,4729
4018,6
4454,2818
3472,2810
4095,52
896,2818
242,4682
1253,4894
2704,2822
1961,1728
1059,4876
2283,4997
3507,1850
3108,145
125,5066
985,2764
1675,2844
604,2658
4185,1833
1060,1725
2893,2764
1710,4991
2352,4932
549,6
1440,4856
1460,4929
4408,4890
518,117
2850,67
202,4986
3774,62
2665,5074
1663,4830
3794,1726
1052,4986
2163,318
2483,2845
4468,4888
3670,4918
588,4768
994,4885
1274,4905
4185,5004
4534,4772
1115,4906
647,2821
1211,3912
4092,4761
336,4940
1938,4684
2328,3505
4704,45
3373,4954
3232,4754
3326,4938
3112,4861
2089,318
3369,4728
3079,4695
5051,2781
322,2810
1519,1837
3189,58
1057,2768
1909,1847
1724,4681
3554,4759
3900,52
1431,4896
3222,40
1707,1838
4415,1845
1422,4968
1064,2829
2452,4921
1929,4879
1985,4727
3281,1725
1794,2846
979,4251
2246,4990
2537,4746
2539,4250
1560,4792
2525,4760
4983,4737
4453,4790
1918,1817
1875,5066
3734,2826
2755,2789
404,2829
386,60
4094,64
2178,4969
2127,2658
1304,4870
729,2808
1457,4738
670,2812
500,5020
3616,4990
3117,4681
4542,2866
4176,4691
2750,4679
1592,2835
4974,2833
4538,21
4278,4888
744,4887
180,4993
3516,4265
2463,1850
3980,4755
2620,2799
514,1846
4825,4782
1634,67
2685,4877
2436,116
3085,4930
1489,4265
1803,1737
1535,4849
2573,1734
1636,4954
2113,1832
711,2768
422,4891
2920,4913
2647,4248
204,1838
1110,56
2910,4885
4325,2800
312,4987
367,4831
1510,5077
4698,3883
567,4673
4260,84
3762,4894
3456,1730
97,4692
4549,2787
3011,4674
166,2823
232,4962
502,4856
322,5000
5021,3913
171,41
1342,4989
771,4776
370,4253
3055,61
624,117
4044,4670
2723,4742
4867,5063
3296,4926
603,4994
4041,1862
3087,1840
1998,4791
4019,4799
4604,4779
1684,2840
3166,4963
1040,4803
1363,1733
4655,3883
3049,285
1231,4678
2438,4877
924,2779
1782,42
444,4857
1405,4688
3271,1731
1898,1861
1137,3879
2438,5020
5045,4855
2001,84
1132,4691
1505,47
4015,42
2998,4265
1233,2860
1583,4965
252,2860
1353,115
1589,4760
274,4894
2275,5019
3510,4916
3032,4979
1950,1838
3543,284
1265,2784
4000,4787
221,5002
387,4690
172,4913
686,4687
709,4800
4520,4689
4871,4790
73,3878
2580,2843
4977,2853
2964,1836
1100,116
3706,283
4593,1862
4531,4765
977,2845
3575,3880
256,3885
1336,4741
308,4861
256,4944
3375,4861
4439,4890
2514,4978
2756,3615
1830,4986
208,145
3742,3884
3281,4901
459,1735
2547,4956
1566,4751
57,4772
1970,4738
4368,2857
4064,4856
4135,4787
1519,4774
1800,4775
3840,4734
3580,4679
1684,2862
2082,4861
3758,4677
2235,4792
1859,4683
3055,1727
186,4860
2178,55
1286,1849
1903,4989
3044,54
1941,4752
33,4828
4072,3505
351,52
710,2671
148,4686
2308,4683
2184,4729
3037,113
3788,4930
3573,47
592,2824
1600,2796
2528,4966
4120,56
920,4792
3754,4890
823,65
808,2864
149,114
2990,1832
4550,68
2054,4681
2013,50
2590,4783
961,2796
2685,4723
4881,4746
101,4913
3443,1808
1344,2865
2503,4787
489,4797
3745,4979
1068,4676
171,4754
3125,4935
4514,4891
4260,4737
800,4727
1034,2782
5037,4760
256,4910
269,1839
4318,1896
419,1896
1116,4994
1161,3915
2965,4720
1501,4952
2061,9
3854,4695
875,4997
4558,2782
3745,3885
2088,4801
4319,2789
4432,4766
87,3912
2992,4988
4059,4720
2577,4889
1134,5077
2290,2856
78,1737
2807,4676
2159,2860
5060,4732
2018,41
2363,15
619,4735
3358,66
4821,2786
4981,2858
566,2855
3901,66
977,4890
1350,2796
1645,4265
2218,3
4255,2783
3903,5066
4372,4944
1536,1847
989,2844
364,4820
1985,4972
841,2671
2030,69
1084,1725
579,4830
79,2817
160,4678
1689,4929
2358,2844
1132,2839
3931,5065
1716,5019
902,4997
2138,4917
1115,4769
418,2867
4945,4742
525,4887
2912,4884
642,4264
1491,4955
1628,2851
3898,4766
1942,4993
182,4970
4071,4264
1304,4768
347,4989
3146,4965
3109,4880
2328,145
3933,1737
3692,3879
4590,4697
1121,4878
3743,4762
4212,2858
979,2796
4329,4830
3741,1730
272,116
1203,4896
1529,4692
2224,2867
3593,4856
3794,4267
1046,4926
3626,40
4082,2860
2900,4963
1514,2820
3307,4683
322,1832
3086,4990
3146,2867
1148,2857
787,4739
3655,4938
885,4882
4530,4779
3471,2865
184,3880
5055,4905
248,113
4001,4752
3417,4787
1969,4958
2740,3915
1665,4786
2226,4935
2057,2781
1784,1848
1822,2812
2362,1861
3242,4897
3724,4253
2085,4886
2328,4672
4032,3912
1460,113
157,2822
4548,4266
1087,1734
1096,4248
1919,4742
608,1850
1395,1734
4100,4776
868,2854
1161,52
646,4675
2269,1729
4411,1834
4299,4920
2064,4782
3054,4873
4616,4688
4559,4913
4160,4897
3734,2786
4222,4693
4612,2824
884,2837
4489,67
1503,2831
784,4994
1901,60
2162,4829
1335,1836
2611,4682
3548,4684
4535,1734
4794,4966
667,1856
30,4763
4054,4955
2757,3885
2703,4266
591,3915
1556,4970
798,4764
3561,16
137,50
1197,4969
1488,4723
1254,4890
2610,4779
918,4832
3561,4953
2728,1839
2423,2782
449,4952
1964,2862
1102,2853
3419,15
4197,4684
173,47
4481,132
2956,4882
2431,283
1454,4737
1987,2844
4169,4670
3348,4883
1293,4978
4593,4890
2374,4684
2897,1817
823,4690
2616,1855
729,3914
1986,4634
4090,4857
3756,21
1096,4919
3541,2843
3201,4727
3149,4889
533,2812
1563,4723
3688,4991
2230,2798
1472,2787
3826,5077
368,45
3777,4737
4093,3877
2250,4904
3890,4909
1576,45
3104,5018
2549,4635
3803,4888
344,6
4073,1737
4536,4986
2376,4766
2719,13
2215,4720
4429,3912
3271,4727
3943,34
1590,4766
4443,4727
5045,64
3975,2849
4027,15
2681,4677
98,4919
1494,4900
2059,2817
934,3885
4725,4944
664,2817
712,2843
4320,2824
3847,1731
1219,4674
4977,4915
4040,2829
2461,4743
1480,4759
4016,4253
2923,131
135,2803
1289,4752
2049,1734
371,4803
2400,1726
3905,4747
3530,8
1676,4751
2677,4857
4853,1728
4168,4940
1001,2772
3422,4674
817,4267
3378,68
3930,2783
896,3915
2336,5
1252,4886
2273,4988
810,4759
3559,4732
2096,4755
4375,13
2563,4792
412,4754
2527,2845
2761,47
1120,1816
2426,2774
5029,4792
3032,4921
3096,4782
3047,2835
4042,1851
1501,4685
3232,2794
1032,4817
1810,2795
1237,4718
2778,4792
580,4970
2097,2790
3277,4770
567,4732
2182,1788
931,4736
4174,4772
3701,61
4100,3886
3406,1729
1806,4730
387,2781
1887,4884
698,2832
492,4886
268,3912
2644,4685
4600,4937
2000,2865
1607,4832
704,4730
2759,4673
2905,4818
4084,4738
536,6
4518,5002
4298,4685
3863,4907
1761,4763
1250,4951
422,4792
83,2787
4960,3615
2995,3885
3935,4931
3088,2776
3164,2809
2962,4746
3137,4738
428,1857
2127,4759
3896,5020
4169,2837
3826,3886
932,113
3237,4941
2707,5070
3177,60
4538,4776
5025,1862
1392,2799
4192,131
4721,2779
633,2813
581,4996
1608,2787
4355,4889
3134,4782
2038,2774
2912,3886
2664,1740
2753,4720
2453,4738
656,2782
2505,2774
1803,2840
2107,4265
4487,4994
1710,4669
2992,4849
337,2789
4570,4891
834,4691
634,4961
1335,4779
2690,5077
850,1861
1661,1855
3533,4953
2354,1818
1576,9
2345,4765
738,4694
1490,4787
2876,1735
3848,4986
577,52
2138,1816
3943,4782
5067,2827
4700,4253
1538,3615
1623,2838
1480,5077
1804,3878
3080,4991
801,5074
3305,2800
2120,284
493,4723
3237,2849
2016,62
2191,1733
1611,4940
3695,2796
2942,4731
208,2833
2743,4734
2676,4761
1086,2848
1502,4782
4399,4768
1882,4860
2758,2783
4532,4832
3529,4797
4019,3884
105,4785
3800,4779
2448,2803
455,4680
1986,4782
3658,4873
2016,284
853,4250
1554,1730
988,2781
1786,4969
2913,2788
3731,4952
4425,2826
3528,4947
1455,4870
2758,4781
1148,1850
3630,4969
2545,2864
3373,4939
1087,4939
2237,4689
432,16
4625,4998
4126,4687
3380,4739
682,4904
2597,4972
1876,116
1688,4613
692,4926
2113,1839
3177,2826
1487,2849
303,114
2004,4968
900,5016
3525,4769
2456,1835
2406,4762
1819,284
3409,4691
2729,4955
520,4747
1541,1831
2409,5001
1947,1734
4462,4774
2706,4903
4298,4751
545,4741
4619,2849
2580,4988
4323,4765
3037,2820
3441,2799
4482,4691
2929,4777
1651,4934
4471,4872
1071,5002
1236,4683
731,16
4347,40
863,2851
1270,2785
3775,2848
199,4887
5061,5065
4482,285
1500,1732
3525,2833
4623,62
2698,48
630,1839
2207,4883
3254,5
1302,4755
3439,11
846,4879
4630,3880
538,2832
908,4791
105,4940
824,4916
1409,4738
2643,4723
898,4956
1645,4910
3986,4997
3240,4266
2222,2776
4507,2826
3572,3878
1118,1842
2944,2856
1773,4971
2538,4735
5039,12
2449,4936
3538,2838
2455,318
3173,4677
2964,4931
2897,4743
111,4771
729,51
3564,3877
1165,4689
3514,4267
150,2855
2587,4674
4134,1841
3255,1848
1489,4654
722,4909
3843,5004
4226,4892
4615,4780
2385,42
1044,5077
3119,4768
909,2821
4051,2808
2231,1731
2630,4886
4582,1840
1653,4728
2309,2781
4390,2835
4838,5075
1796,3914
1206,66
1007,4909
288,4887
4307,4969
265,2799
797,4958
4332,4903
3129,4760
2317,4762
3248,2786
1864,1834
4484,4816
752,4673
1463,4771
221,42
1138,4880
972,4785
482,1836
2408,115
4647,2833
4256,4932
3754,4694
4361,1734
4299,4819
2198,64
429,4789
2180,4678
3817,2799
3205,3883
2882,4776
3113,47
4923,2860
4515,2827
4044,4883
1493,4739
1350,4884
2970,8
3708,4909
1701,1
2368,4957
3108,4683
3734,4916
2189,4738
2339,4739
3814,4732
3442,1861
343,2824
1379,4692
2707,46
5046,1861
2093,4955
1617,117
2562,65
1349,4815
2730,117
4126,115
3797,4775
4215,4775
799,1727
213,3886
2801,8
2113,4920
980,4991
910,4690
4083,4634
3724,4934
2325,4995
2072,4761
4406,3880
683,4987
650,4858
280,5004
3583,4931
4105,133
3295,4917
1255,1737
3943,4800
5041,4828
1192,1729
4120,1862
262,4800
2381,48
4166,2773
838,4963
4438,114
4351,1817
2751,4697
3172,2786
3167,2784
480,4674
2497,3924
1414,1861
3259,4695
823,1726
983,4613
214,2779
2542,4932
2724,3505
4,4689
3540,4910
2050,2865
784,113
4194,1840
466,4930
4479,4900
2087,1836
297,1896
3694,4986
3088,4992
2430,4850
4173,5066
2289,4772
4581,1827
156,1842
4757,84
3580,4267
1147,4696
4021,2785
4433,64
4188,4759
599,4904
1994,4748
2023,2779
4543,15
2379,2781
4699,1735
1498,3914
3180,4266
4348,5004
3864,2848
2134,4799
3309,2784
2532,4820
3873,84
1335,4755
1946,2840
3614,4634
452,2821
1976,113
4500,1729
2943,2768
1404,4904
2469,1839
206,1728
4198,2838
2095,9
2561,11
1012,4782
3561,4684
4548,4672
3649,1730
2179,34
4118,4781
228,113
2777,2829
3861,4997
39,2783
2114,3884
588,1725
2248,4763
250,4749
4376,5077
2448,80
303,1730
2117,4939
2146,1727
1811,4753
3171,4692
2893,4720
4216,5070
254,4753
3835,5066
3259,1735
1677,4797
2464,2814
4035,218
4283,4797
5006,11
1119,4907
3302,5074
5058,4902
1969,4957
4653,68
4330,5075
4925,4961
4707,4914
103,4670
3022,2764
700,4909
4074,4896
574,5074
2315,4880
663,2867
721,3912
980,4908
1080,69
2515,4760
4084,2813
4422,4930
3623,2800
3388,4992
3393,2794
4505,2786
2309,2817
1177,4918
3599,5073
2902,4889
908,2767
394,1835
1699,4761
2631,4250
4138,1726
3071,4901
877,4954
968,5066
3119,4682
4725,2851
17,2773
3025,4696
3646,3914
663,4672
2709,133
958,4688
2082,2658
3175,4990
3254,2785
326,2789
492,4930
4358,4937
3761,2803
628,4940
2440,4695
4020,4952
3942,124
1219,4695
2166,2671
175,4828
4033,4968
4018,4787
3440,58
1450,4763
2264,1847
3641,4930
4527,4787
4933,4956
3823,4752
1720,4746
3618,2781
3151,4918
4642,2867
2696,4855
2711,4892
1646,1849
2603,61
1493,4777
1296,4251
1897,3883
3680,2795
1062,4952
3415,58
682,4931
2514,4749
4510,4801
2439,4686
4047,4249
4845,1742
4067,4727
3552,4910
4195,4746
4851,69
304,1
240,4673
2138,319
4798,1834
1440,3877
568,2788
897,60
1368,4780
195,3880
4022,3878
1154,4997
3369,4755
4945,2767
1928,4857
1548,4738
2381,4684
3489,4995
424,4749
4031,114
2282,2858
1667,4673
2504,2803
476,4769
322,3884
4499,54
2577,2839
210,4926
2029,4799
4268,4910
4362,4817
228,1896
4594,2671
242,4920
3025,4682
31,3913
4229,114
1787,4754
1184,3879
3588,4880
1760,4817
3904,4677
2265,1839
823,4972
268,3882
612,4801
2133,4920
1401,2858
3970,4720
1470,2817
3105,2839
4842,4819
2524,2825
1308,4963
1044,64
203,4668
403,4920
667,3505
5084,4961
3585,2854
3047,2783
254,1726
2741,56
3655,4905
1528,4670
961,2840
2558,58
2745,61
492,320
2970,64
4561,2795
5034,4723
647,1848
462,6
3174,4995
2201,4896
4389,47
662,5001
4154,62
1609,4676
1703,3877
300,4861
2958,4963
4627,2849
2214,4818
2336,117
959,1831
561,1788
4190,21
3696,4996
3959,2826
4721,2826
1420,4857
4646,4799
3384,66
3430,4731
2530,4750
5045,5074
25,2768
1895,117
1365,64
4713,4994
2039,4918
2700,4889
1007,61
3101,3886
1285,4892
2618,2854
2608,4882
3423,1
4419,4248
2441,4749
2956,4674
2102,131
751,56
1595,4782
2469,2860
2769,4897
4081,1845
2585,1728
4429,2865
59,4817
3472,4986
852,2855
1391,8
1990,4955
2290,2846
140,4969
4949,2776
2067,5077
5071,4858
1241,285
3081,4679
4176,2768
2273,4771
4526,4880
1373,1896
4335,2809
371,4816
3355,15
1540,41
4228,51
1882,4762
2879,47
3004,2851
3546,4634
438,5000
1143,4751
3038,2832
3748,4885
4767,4887
2999,1734
3265,318
104,4751
1923,4760
2581,4953
2374,4777
1805,12
4981,4762
2186,4876
2400,49
3632,4672
3944,4914
953,4770
2703,115
4235,4882
3710,5074
2646,4803
4405,4953
1658,283
1719,4991
3697,2825
2698,2855
2905,51
3691,4969
1288,4778
2102,115
3179,4919
3934,4688
4083,4768
2484,4882
376,4801
4368,114
1503,4938
2022,4818
3327,4968
765,1896
166,2827
3210,1837
3056,4776
692,4862
2180,4941
1357,4785
552,4766
641,2803
2956,4720
2008,4737
3937,4672
325,4862
3515,2849
1570,4671
2257,4957
4456,2783
1372,4962
1450,2808
1821,2839
4949,2794
146,4777
3409,49
1702,4676
1070,3914
4645,1834
214,4855
1019,1816
880,4894
2613,2813
5071,284
3076,4793
121,4801
2952,285
3463,1855
1853,4697
4567,13
2642,4670
2407,1847
1791,1729
1528,5065
1634,48
3583,2844
3923,1727
2239,2788
4825,133
2147,2772
784,2839
1704,62
3788,4670
2646,4829
2353,4759
2028,4682
2693,2813
3634,4897
879,4763
317,145
4213,2671
1055,4964
4045,2841
281,3877
3699,4689
2110,2786
1721,4761
3876,45
3970,54
4354,2787
200,5074
2356,2854
4317,3
4985,4737
2692,2776
3017,2840
2598,1839
2793,3879
3694,3915
3528,1838
3635,1832
951,2835
2014,4993
3407,4727
2913,4249
121,114
4805,4753
3459,3882
5036,1836
4170,4815
3129,4749
2012,4884
235,4718
1871,4777
3426,2808
2073,4918
3934,4879
3987,2867
1332,4995
3799,3915
1505,4782
1819,4940
4274,4775
3790,4768
4200,1842
2372,4962
2909,2800
570,4946
2544,4748
3763,7
3683,4993
348,2824
2410,1845
2213,3924
2653,13
151,4684
3695,4723
648,2811
4305,16
2020,65
1151,1831
1625,4786
1952,4686
2329,4888
2754,5077
261,3885
2029,4965
4565,2857
2426,42
589,4723
3636,4680
4706,5
5076,4815
665,4873
701,2865
471,1808
4323,4746
4017,4683
2526,4936
3360,4780
2763,1818
1576,2867
4489,132
238,2658
1656,4746
2482,42
2295,4880
2669,4760
3793,4970
4426,4935
3117,4634
146,4730
2925,1851
1603,4882
4058,4267
1570,4675
2014,1861
3717,2779
2757,4672
2215,11
1196,1834
4758,4673
583,4951
1013,1848
4194,4912
761,61
1764,3882
3799,4734
1669,2789
1132,84
3582,3913
3275,5065
409,4902
2518,4848
2331,2829
628,4776
1983,4692
4077,4873
973,4265
217,54
1005,53
2222,2795
3242,4939
2693,4774
2875,2767
3892,4770
1066,2864
2310,4832
4058,4732
1771,4861
4170,4911
5035,1827
3488,4754
1134,4762
2191,4818
3534,4916
961,2786
3515,1847
2975,2812
902,3879
2009,2865
2943,4882
4075,5
3484,2812
2156,1849
893,12
4460,4907
1694,2814
2060,4752
3549,4782
2993,1742
271,4689
4336,3882
479,4818
1130,4266
970,16
4008,4683
1605,2764
2920,319
1892,3885
1488,4858
1452,4957
1219,4730
3862,4671
991,2847
275,21
3796,4761
4426,1860
2048,2671
3851,1855
3346,2862
767,16
1403,4748
3100,131
4138,4686
3647,4728
2951,2847
2598,4727
1340,4877
1829,124
2938,4883
1320,68
228,5066
4549,4772
2614,4695
2807,4855
4660,4267
3638,4819
4441,5069
667,4938
3972,2860
1923,4816
747,2790
805,5064
4079,1851
3509,1817
591,4941
4169,4962
3535,4831
3633,4799
742,3
2324,4682
2806,4946
3025,4931
2954,4731
846,4789
2025,4830
843,50
955,2658
1892,63
2615,4749
4652,4872
4309,1817
3853,5004
4540,4913
497,4679
3171,320
3243,1855
3862,4847
3402,4915
621,4817
3856,2848
2322,4723
2750,4944
308,4819
2345,2814
1421,1726
1059,61
632,3913
3406,4938
2001,2854
4845,1837
4232,2765
3760,4964
2289,3882
1241,133
2614,2803
1568,1862
3070,4991
4813,4733
3075,4883
4471,2843
4273,1840
2499,1851
2056,5018
3786,4770
4356,2827
4513,4760
1635,66
5033,2784
687,4856
1650,4930
152,2865
3348,4248
2363,2796
1165,5
824,2809
1490,4902
2220,4900
1202,4892
189,4685
4627,3885
2593,4668
1098,4992
2056,283
1854,1817
4246,4766
3207,2837
444,4892
1688,4815
1741,4987
2048,4785
3226,4264
1341,3883
4269,4935
726,1831
3536,2799
4207,2798
4612,2772
851,4683
4169,4972
4605,4720
2135,4964
2066,4909
2183,46
2018,4787
547,4930
519,1728
2906,1847
1939,4783
1188,4727
4406,4850
2194,4723
3302,4748
3522,1862
3070,4751
1083,4946
427,124
2121,2857
2433,5073
1608,4776
4225,2835
1395,67
3302,13
3443,5066
3674,4917
2625,4920
4216,2789
1482,4979
1763,4830
36,4986
1116,3886
2238,4734
4259,5073
3515,4957
1534,4891
1412,4828
4161,4918
4496,1860
2943,41
2516,4926
3089,3
425,4679
595,3615
4569,4733
190,4748
2472,2829
1753,2795
3192,5020
1474,50
3334,4779
2052,4978
3378,4890
2719,4748
4425,3882
1174,41
1016,4760
4190,4720
3907,2768
2676,4978
457,5063
3325,4742
1570,5063
715,11
3988,4675
129,218
1941,2856
1429,4766
147,4738
3348,3881
1037,4797
423,4817
3070,4793
268,4937
77,21
1458,320
4617,2829
4642,4998
3084,4910
3161,4735
3778,63
2245,2865
1962,1834
751,53
4018,1732
1462,4718
2284,4741
4486,4727
4297,145
3389,2851
1031,4828
5023,4670
5068,2844
1988,4737
4060,1860
2248,4792
1229,4248
1373,4968
206,4742
4552,5065
2689,4819
1436,2817
4053,2853
832,1727
2933,2790
3928,4747
1694,4678
1271,4889
4349,63
1692,4873
1049,4921
428,115
3003,11
829,2829
3935,4738
3329,4892
2900,2867
3533,4820
1152,5065
1233,5075
3904,53
3696,4997
1310,4789
3950,4734
2725,2768
1056,3886
522,4970
1867,5065
924,4829
1373,4790
4439,131
1046,3913
2806,5000
1591,2810
459,5077
4651,2767
3343,4947
4435,3880
4211,5000
1226,5000
633,1834
4357,2795
20,4888
1593,4684
2509,49
3905,5064
4482,4685
2446,4847
1224,6
4026,2860
2759,4675
2589,2844
3186,4675
4844,320
3410,4687
3794,4994
3210,4998
3386,124
3764,4747
3135,1841
3995,1840
4501,9
1446,1726
3589,4815
2607,5020
2587,11
2303,4692
3797,4908
3750,58
2895,4847
4564,4697
4628,4824
3358,9
4148,1729
2908,4937
1111,9
3698,4777
3267,49
551,2818
4561,2788
866,1840
723,63
4560,4752
2730,2795
4470,4909
3662,2846
556,4877
919,4785
2861,1839
422,2783
550,2772
3155,4930
5054,4970
71,4778
3586,4677
3257,2856
1806,4904
4041,2860
2370,4634
1809,4687
1095,4910
839,4954
2915,4769
4661,4674
3854,4946
3703,1748
1015,4739
905,4784
1130,2798
2400,1808
4147,1856
1525,2822
2574,116
4711,4694
3972,1857
3187,2783
705,5016
4150,4919
2830,4848
671,4786
4846,3615
2434,4820
1461,3881
727,67
946,80
4626,4861
2510,2851
817,1733
352,4858
512,15
962,4904
3255,4779
2098,4965
2210,4779
611,1855
269,4732
2750,4682
4165,5019
97,4266
4228,4746
1013,1748
2051,2818
3688,4781
3011,1730
71,4730
3173,4991
1300,2658
3409,65
4510,4765
2620,4800
4163,4753
4222,4902
1657,2788
1954,318
4495,320
2474,4972
1692,4764
1964,4249
4570,2783
841,1725
2161,131
2510,2784
2552,2860
833,1
3747,4696
500,1818
3771,2849
3630,1808
448,2671
996,3880
4352,4723
4650,4774
3553,4750
3848,4970
474,2787
103,4903
2235,4944
2474,4750
3002,2795
2345,4894
2221,4957
773,4896
1619,42
4843,70
1796,4939
883,5075
728,4889
2742,4883
804,4876
3156,4968
2951,4892
3832,64
1112,4938
1340,133
3511,4677
378,4251
4486,4828
2041,5075
304,285
3102,4727
429,2854
2939,4743
1454,4684
1826,2787
2763,5016
2930,4917
678,4730
876,2824
549,1726
3134,1740
3046,4690
387,4793
4006,4669
3901,5075
2298,4897
3006,3881
984,4944
3418,131
4315,45
2807,4739
1507,4735
247,131
4355,4996
2088,4900
4396,3880
3336,4996
1174,4793
3162,1842
1684,1847
1464,60
1571,4919
4893,319
560,2781
1569,2843
3978,4824
2915,4829
1038,2772
3396,4738
2715,285
4438,2851
170,2856
3748,7
3133,5020
81,9
2700,4908
3106,4907
3613,53
2352,4994
152,4964
355,4968
300,4997
2639,284
99,4939
917,3914
4843,52
4029,4920
656,4879
2232,4961
4373,5066
3404,4735
2517,4831
4023,12
2078,1816
4725,56
2917,4995
2314,4264
691,4723
671,4903
875,5000
729,4690
490,4880
434,4686
1238,4786
86,1842
4173,1842
1358,1838
4406,4267
475,3913
2842,2796
4220,4996
3934,2767
1162,4772
2956,4987
416,47
2463,4878
3327,2862
4633,4888
4400,61
394,4889
3552,2832
1122,4886
4289,4905
395,53
4536,2849
612,2772
1479,4265
2296,62
3477,4793
418,4819
4305,4777
1894,4765
4156,2833
1977,50
1881,4902
3971,4747
3992,4782
2300,4994
535,2848
4152,2784
1791,2783
926,4897
230,4754
356,4905
1614,4880
698,4989
4395,5065
111,4896
1280,2840
2193,116
2347,4861
991,4940
39,4761
2666,5077
423,4670
2650,2847
4563,45
1987,1841
4050,2827
3420,70
3228,4723
1525,4723
72,2820
1787,4858
1201,4937
4975,4738
4124,1808
775,2764
552,2784
2288,4791
3757,2854
3681,1843
1605,4250
3541,4965
122,318
4719,2855
623,68
2098,4264
1296,4909
2962,4673
3769,1788
457,2765
2020,4743
736,4763
4705,54
2925,1836
768,2773
699,4987
2244,2835
267,318
173,4879
741,2776
708,4784
3151,4956
832,1862
4589,4731
3900,4936
3194,4932
1518,66
4005,4962
1001,2803
1034,1737
3316,4876
512,4800
1954,114
4049,2826
1097,1845
3391,4723
556,4934
562,4816
3870,60
194,4694
1418,2811
2956,1726
1741,4936
289,5066
2932,4815
91,5001
2331,4730
3193,11
349,2845
4604,2795
1988,2856
3594,4944
1781,4828
2900,4778
2407,2867
2594,4803
4603,3877
3569,4858
3132,4634
1939,4768
1511,4849
967,4695
1191,4855
2694,4718
196,2813
1909,4889
4485,4681
4973,4728
2314,4970
188,4669
4851,4849
375,4264
1454,2808
2674,4913
801,4911
1379,2824
2095,11
1969,52
4323,4777
3684,3
2977,2826
1081,1832
5062,4954
4827,4937
3184,4946
3670,1726
1429,2772
2584,4264
717,2658
2056,4876
3005,4937
1988,4782
3982,1837
1113,4775
3361,3877
485,4762
732,4891
913,4695
3311,2671
1529,5066
2943,4861
1956,4870
1686,4877
1552,5020
3281,53
3078,1849
3365,4730
1532,4769
1535,4692
1982,4696
273,4849
3780,4800
3085,4918
575,4978
4440,4743
3017,4693
4120,4944
4163,2814
3951,65
5035,4989
3794,2768
643,4936
2115,3879
1773,4265
3991,4856
2000,4785
519,1731
4326,5000
4967,5018
2183,4940
2013,1855
2154,4723
725,4994
172,4870
213,4676
208,320
1356,3915
4196,4824
4281,117
681,4677
3991,3878
2375,1896
3595,2799
1056,4727
3897,5065
5057,1848
1452,116
590,113
1678,1808
123,2866
5014,80
573,4800
4050,4873
158,4677
1922,4674
2453,3883
3448,2785
3483,4969
2801,3505
4404,1840
1513,1831
420,1737
2533,4613
3477,5020
3941,4909
503,46
1473,4904
1149,2786
443,4971
1521,1827
3664,4788
1807,4772
629,50
3426,4763
806,3877
90,4697
1893,2787
966,3881
1342,4634
2620,2865
30,2849
565,64
4049,1725
1058,4990
2978,4692
4823,2787
3977,4848
3385,1
917,4784
4823,4730
4308,4787
810,4768
1468,4896
2734,4820
315,4988
1940,4855
2360,4754
3536,2782
2167,4264
3987,4731
297,4764
2079,4753
3438,4774
5048,4750
2464,4784
567,4858
1590,284
2669,84
4290,4686
914,4885
4722,2772
3575,4856
1404,4831
3733,4751
1758,4736
5030,4797
985,4735
1152,4890
912,4265
3201,283
1824,4785
2496,4773
752,21
2264,4770
120,4930
1137,4685
3408,4787
1869,4884
1022,4903
493,2837
2212,2827
1167,283
3490,4764
2196,56
3843,4695
2775,2774
4018,1733
3079,4249
970,4248
271,4907
3645,1740
699,4900
4542,4912
3749,4672
4010,1845
1746,21
2120,4890
3462,4900
89,4971
680,4877
82,2808
2365,4873
1642,4877
260,4689
2563,55
2091,1846
2306,1856
3273,1840
911,4903
4398,4820
978,4769
719,2843
572,1842
4160,1728
1000,4824
5072,4906
2429,5064
2397,2856
2618,4801
2405,1861
4073,4264
4326,4938
1245,4264
2952,4778
30,4917
4702,2838
3254,4979
3475,2767
406,3913
5022,1841
2633,4816
1601,2845
3327,53
2253,4682
1947,2825
221,4944
136,1849
2575,1740
1020,1841
3660,4897
3217,3879
980,4930
2945,4251
3280,4936
3941,4749
308,3883
936,5075
1567,4856
4526,4800
27,4991
900,2658
4269,2773
1181,1851
3264,4860
3057,4690
1743,4972
3710,2843
873,46
1261,1729
896,1839
5062,4897
2258,2862
3319,61
1966,3878
4420,1850
2600,4990
4049,4789
2691,2844
1002,4792
1414,4790
1288,5020
3232,4932
2159,80
2511,2799
870,4965
4318,1831
4482,4861
2475,113
4517,4906
3180,4761
629,4669
719,4799
136,4915
1905,4803
2156,4772
3599,2803
4114,53
988,4780
328,4816
4246,2784
2462,4750
1578,4688
3923,4817
1557,1730
1195,4803
2498,84
3026,4634
3434,4917
3516,116
1699,4969
3173,53
3750,2779
3258,4784
2696,2811
1184,1896
1772,67
1566,4961
4345,4683
4619,1788
4145,2847
3797,4862
4859,2855
1026,66
1221,4930
2518,4885
3680,1857
1467,2816
4339,3878
1948,4688
394,48
3303,1849
3864,4654
4960,4747
1135,4989
608,2864
1858,2764
1004,1846
3992,3882
1412,2835
3243,4830
2909,4936
4507,4684
899,4971
2292,4737
3180,4728
2521,1856
1099,4879
2985,4723
2219,2809
3863,1831
271,4879
2041,4695
4252,4690
2475,5002
1007,4987
2111,4902
4255,4775
3312,3914
1918,4782
2531,2838
825,2835
912,4776
5054,3915
1541,2862
648,4797
1907,54
2387,5069
5011,4727
558,2786
2181,34
3478,2841
3077,2826
1944,1841
3363,4759
3519,15
2664,9
3905,4613
2176,4870
2323,4697
2659,4966
598,38
1353,69
3562,2857
2507,13
3822,3505
570,2843
4636,4670
2286,4670
4286,4916
2806,4986
1738,2860
608,11
2249,4932
4483,4743
3651,4935
846,1737
4478,2790
4933,4830
1956,3914
3065,4791
2061,2795
860,145
1371,4882
4549,45
3701,1896
2660,4878
931,2856
4506,4872
1493,2783
1074,4956
2310,2779
2975,4692
36,1730
413,4783
943,1851
5047,1733
162,2790
1545,1729
2022,4957
1457,4903
1971,3505
3390,4764
1790,145
3070,1834
3321,4910
1146,4935
3062,4956
373,4850
100,4894
3154,4803
2222,63
4708,2803
810,4678
403,4964
2956,4934
194,4800
1515,4954
3355,1841
1590,11
203,4953
3817,1817
4566,4830
1918,3884
3519,61
3793,4265
3463,1839
2374,4747
2583,2786
156,67
1606,4674
1659,1835
3901,4675
3388,4730
4156,4986
4073,3878
399,4762
317,48
1186,2845
1200,4683
2557,7
1295,2839
1527,4746
1258,4266
4865,4858
1929,21
2445,4889
4461,4879
4410,4963
999,1843
511,4941
683,4878
705,5066
2888,4763
752,4966
1340,4772
2544,4938
1049,4785
1634,3913
1701,2854
4076,4890
1911,5073
2650,5065
4408,4953
2016,4742
1208,2764
4354,2658
3955,3883
3067,4995
1395,8
1420,4930
3843,4783
2273,4718
1045,2786
2243,3615
282,4613
3826,4678
1632,4677
2030,4992
2490,2794
2058,1856
4154,1862
1768,4964
4309,4788
2158,49
2852,4968
392,9
2041,4941
2312,4776
301,2803
25,4783
3503,1732
1583,46
4640,62
3294,5074
1194,2812
1615,4940
3299,2851
3307,4894
426,4903
2646,4748
3627,4994
1359,63
1869,4635
4707,4968
3137,4872
991,1837
4666,11
4652,2814
4307,4781
1149,1827
961,2784
3290,4755
950,64
1260,4264
4028,4696
1115,4695
1492,1847
4085,4879
3040,4693
1521,4678
2700,1857
3306,4723
3363,4990
1477,2835
3696,2817
1747,15
2556,4879
3836,66
3553,4777
3595,4824
872,283
1194,4886
491,4761
1352,5
2760,2799
3690,4765
1691,4930
2885,5066
2227,4998
2519,4828
2284,4781
4540,4265
1566,4861
3364,1808
4472,4793
324,2829
2777,2816
573,4908
2330,2788
4038,2838
3797,4978
3391,4764
697,5002
1824,5077
1756,2865
298,4913
1403,4750
5028,2822
3682,4264
2762,4749
3284,1748
1344,1817
776,1727
2852,1818
101,2816
3272,4987
1622,2783
3613,4775
474,4891
3918,1808
2140,2833
2936,4764
534,5019
3361,4941
2329,4824
1609,4771
2289,1
1957,4654
3279,4998
443,318
399,4937
1449,4882
2464,1833
1486,4777
2368,4829
2991,5073
307,53
1657,1835
1784,2823
1680,132
3038,4995
4466,7
1475,4799
3458,2848
2009,2817
2678,2795
152,11
2040,2784
4719,16
3481,4995
3289,4797
2293,4788
481,4790
686,4830
849,3882
2942,4820
1691,1839
4516,4613
2288,4951
1316,2810
343,2798
1396,4988
4030,16
1437,4760
3859,4832
2023,2827
4336,4248
1267,1748
326,2798
1635,4248
4449,4789
1566,4847
323,320
2133,4897
1900,4998
2261,4861
557,2843
2020,2829
4099,4799
1129,48
4194,4963
201,4913
3476,69
192,4759
3542,3924
122,4952
3423,5064
487,4858
1722,54
4524,4748
4124,4828
3643,4998
3164,4963
2748,53
1113,4672
1256,3880
1829,4890
1684,5001
992,133
3493,4762
4581,21
1772,1726
3462,2768
1161,4793
919,4761
1220,4938
4827,4762
3048,4952
2279,4815
2653,4776
4218,58
3459,4759
2633,124
4361,4746
627,4856
2640,218
890,5073
1007,1860
1515,4690
2119,4253
4127,1727
3852,4674
3499,2794
3873,4803
2699,4670
2365,4776
2744,2844
3735,3882
960,2840
3683,4747
4361,2813
2210,1837
1358,4858
4380,4718
3599,5074
1373,1742
538,5063
3651,1808
786,318
2077,4729
2904,4779
3829,4728
150,1849
3516,4753
1141,4251
4600,4913
4411,12
4942,1816
150,4720
924,4872
1436,4931
2059,2839
1127,2782
4050,4870
3171,4969
3417,65
3573,4267
3757,2825
823,4891
3891,4737
3556,4962
2342,4908
548,1835
3661,4907
460,4789
3147,4938
4095,1737
4924,4688
2235,4729
3212,4947
2335,3505
699,4998
1254,4894
3734,3881
2880,1834
19,54
4665,2799
4409,4872
2483,4906
1245,2821
4605,16
3355,4989
2601,2796
2472,4954
1679,4792
1024,2799
1054,4917
3980,2764
2235,2764
2342,2784
4321,4847
4619,4695
3342,4800
461,4819
1961,1855
996,4952
415,131
2660,52
1884,4774
2033,4914
1218,1840
949,4921
3796,4250
3283,4732
899,4803
2471,4986
1635,4674
836,3877
5017,1816
4170,4979
3725,5
3455,4815
3003,1840
4089,4763
683,1844
2506,5070
181,4747
1466,2855
93,4921
2366,4889
918,4938
1398,4778
2649,5065
2081,2816
2574,5000
1131,4720
3218,2816
4498,5069
2815,4861
2694,4683
1318,67
1673,80
3298,4994
1237,113
2991,115
3664,45
1983,4266
926,70
3045,4926
2923,2855
3525,5002
181,21
4490,2865
4352,4793
1035,34
2903,66
4526,4250
1096,4860
3474,4690
1488,1838
3844,4888
676,4992
3875,1816
4804,2848
1271,4970
3991,2812
4660,1855
4403,2788
536,218
3235,2814
3029,1827
3552,5073
149,1737
2797,4944
854,1842
1954,54
4178,4956
1434,4688
4120,1728
2349,4778
2077,3877
4960,2781
4467,1
3034,4879
2454,3924
4152,5002
1868,4884
2874,4788
0,4916
581,49
120,2864
1670,53
2348,2808
1414,1731
2354,4742
4245,4746
1363,3
1047,2810
1877,3615
3063,47
2907,1855
790,4938
304,50
2958,2813
4570,2809
676,1728
1895,4681
2029,5004
4128,2773
4106,11
191,4946
2963,2820
2569,4265
1467,5004
1484,4902
4974,2764
1814,9
3273,4907
3604,4969
2047,4692
2999,4678
3437,64
3621,2822
5010,4920
1080,4731
1404,4957
4015,1845
2929,4737
1819,4679
3251,5069
443,4776
2276,2783
2515,2795
902,1843
3779,4930
4276,12
1131,1733
1985,4762
3453,4746
2366,2856
5009,4926
1934,2811
229,4697
4623,38
563,4847
4065,4677
2697,2865
862,2853
146,4786
2512,1839
4197,4635
4119,1735
2937,3915
2372,4873
662,66
485,4912
605,4979
679,2764
3723,4872
3042,4872
3166,4778
1064,4828
1343,116
3010,56
3618,2671
1300,4676
4646,47
4184,4958
4116,2796
1427,41
2461,4904
2568,2816
2106,4931
3465,4919
1874,4903
4034,2848
4435,4815
2038,5074
3847,2841
3044,4954
4095,4761
1199,2832
1909,1842
2319,4911
2247,4930
2376,4911
2749,2864
1478,1833
3220,1849
4623,4921
867,4906
135,4685
4704,4792
2914,318
1874,2768
2067,4761
2022,1730
4611,51
4145,4727
3067,4873
2689,2782
2778,4921
4124,1848
1225,4762
1202,1846
866,38
4086,4909
1578,2823
5022,4884
4393,1737
4852,1728
1701,5070
2755,1840
2524,4250
1092,117
2213,4769
325,2658
2248,2800
3360,4961
2593,5016
1338,4669
3808,45
3998,4776
3765,4771
1701,4896
1279,4916
1536,2825
3080,4816
431,2833
4431,4972
4470,4994
958,4910
3217,4938
2758,4769
1009,11
3403,4828
2104,4858
2334,4265
1164,133
682,4884
4514,4654
1918,4888
2233,4939
1517,2840
2710,2774
2968,4935
3415,4939
1473,4816
2109,4755
3251,4250
2411,4250
614,1730
4059,1835
4379,2821
1026,3886
694,2858
1500,51
5026,4935
1972,4250
475,1818
1782,1847
138,4939
2599,4954
3930,52
4060,285
783,4739
4135,2765
511,4911
2161,1727
4311,5070
4059,1737
4606,38
1915,4250
3185,2824
4491,5066
537,1727
2575,4788
4274,2818
1980,4995
4597,4830
818,6
4584,4797
1189,21
4234,4878
2230,1734
4132,4738
3511,4679
3887,4940
33,2787
2360,2823
3009,4954
965,70
5023,4755
4130,4830
3226,1728
3811,4862
290,4761
2125,5064
3543,4248
1441,4799
3490,2768
1098,5064
3683,4994
3225,4894
4346,1818
2234,4672
645,4920
1989,4787
5032,2825
2147,1855
3804,2831
1694,133
78,3
3910,2796
3669,4684
990,4824
2123,2822
2381,4736
4132,1726
1473,4770
244,2840
2164,2782
897,4996
1540,2832
3706,1726
1180,4673
3849,1841
1242,2865
4881,4908
475,1896
4506,80
2797,4820
3538,4781
567,2853
312,4861
3610,46
1493,2784
3135,2845
5049,4856
805,2798
1234,5001
4350,1726
2240,4937
2044,4876
4009,4998
203,1843
3579,2774
3713,2846
3517,15
4197,2857
529,4872
2928,4971
1162,1732
3549,1896
2148,1734
4483,1844
2437,4786
581,2840
2222,4920
3626,4911
4382,2838
4516,4951
1564,117
1772,4998
1989,4248
1908,4787
2034,2847
237,4937
2691,69
2203,4253
3055,4670
3059,4932
3588,1840
2444,2833
2986,116
709,5019
4563,4671
4470,4889
3921,8
1109,4783
193,2796
2633,4847
345,4679
3214,4672
1400,4748
4131,4752
4208,2798
266,4803
3773,4848
2320,4817
4086,4729
3460,2812
431,2808
4233,4782
526,62
4182,4763
1368,2854
3857,4992
4186,2658
2411,4989
1159,132
1026,4790
1678,1850
291,4774
4290,4920
1058,1733
3305,4792
1723,9
449,2817
1824,4872
1324,84
4208,4784
288,4921
175,2782
4433,4896
2600,3914
1863,1735
3375,4735
4644,4762
3839,2808
765,4686
26,6
4494,55
2886,48
2421,2773
3865,4735
1377,4850
120,1838
3805,4248
1708,16
4258,4793
2672,4755
1706,4956
4501,5070
3409,4978
863,4776
4345,4753
4362,4939
2134,2829
4069,49
3635,49
2886,4778
2597,4781
2707,64
3239,3883
2281,2776
3267,4912
1016,1857
4570,4908
2382,1896
4514,4676
3592,4686
2184,3
2890,4766
4837,4906
4540,4957
4170,2803
991,4911
3001,1740
2921,4727
2313,2846
2714,4912
3974,2810
266,60
1917,4678
2581,1849
175,1846
4252,318
2484,5077
4449,4955
3574,4783
4132,46
4637,4693
1462,2671
2727,2820
2027,4251
5014,4970
3354,4908
4053,4787
2710,1847
3580,4849
2691,131
378,1818
4535,80
3397,4778
1927,6
4048,5000
428,4953
1270,15
2203,1837
2341,4782
3657,2858
401,4760
1853,4939
851,1731
3342,5077
1381,4987
2003,4931
2484,1842
885,4972
5011,4673
4210,2841
1492,3883
3034,4904
5005,284
4231,2821
1711,11
4355,4914
326,4987
3840,4989
478,4678
4299,5073
2497,1817
4059,117
2497,45
4371,283
4227,53
353,4904
1511,4752
3606,4872
2155,5077
2352,1849
2302,4996
2106,4877
3157,2854
1418,1728
3482,4921
1336,51
1238,4248
496,2788
1505,1850
2235,4909
1504,4934
2529,4680
4462,58
1868,49
3854,4890
2985,2800
4283,1733
1612,5065
4518,4880
2896,4912
1447,4885
2163,4265
4624,4746
44,4986
1420,3884
4863,4773
10,4723
4337,4820
1682,4251
1392,4961
2986,1842
3265,4828
4315,1733
1413,4886
4491,4882
3275,4742
4722,4801
243,1788
717,2787
14,4958
4358,4828
39,4248
3019,1725
584,5020
3619,4251
3984,4850
348,4902
2010,2831
4555,3878
2896,69
1718,4888
2668,5070
4833,4780
2245,1848
177,2772
3082,2671
3677,4748
853,3615
176,2773
3458,2787
3838,1726
3437,4894
3238,4817
4000,2824
2563,4785
2972,1843
271,4251
1009,4870
3454,4718
5082,319
604,4962
4491,1728
3691,4993
4290,4684
493,4968
3552,132
3297,1835
2914,283
651,4883
3691,115
3733,3879
1994,4671
1459,5000
1636,5020
4194,4787
2875,4673
2904,285
4286,4686
1194,4970
4307,5063
3047,4792
4383,4730
281,4762
596,2858
2694,2658
3855,61
792,56
1940,4934
968,3505
3982,4770
4,4267
4700,4901
43,4679
1775,4248
480,1849
2931,4679
713,4872
3487,132
1211,4783
3477,3880
1261,3505
1810,4819
997,4730
1235,2838
2406,4877
4011,4754
421,1730
930,4635
2289,2866
2899,4681
938,4683
2319,45
861,62
4813,4847
3225,4998
710,4768
4627,133
4144,5077
1528,4674
630,4968
1128,4850
3345,5018
495,4679
1701,4764
1658,51
106,4777
893,5019
3348,1817
366,4816
4066,50
3865,4935
1151,4876
1579,4919
1198,65
1854,2833
759,15
2868,40
3421,46
2988,4861
3353,1846
4045,2784
2367,4906
1590,4675
632,4799
2493,2811
3472,2800
4068,4905
185,2788
2675,4912
4324,4946
1049,4696
1812,1730
1026,3915
1031,5016
2791,5063
2171,2829
5011,2779
3190,4731
1949,4907
2145,1734
1069,61
72,4678
489,4728
4286,4728
1491,4872
153,4816
2780,2820
2694,1734
1411,1728
1410,4907
493,2821
1449,3913
3573,3912
143,4801
3727,4971
2309,4729
4027,16
2589,2841
2372,4692
353,63
658,4695
2380,4994
463,54
2200,4946
4390,61
2428,2845
4980,1845
3697,53
4629,2790
2589,4729
282,3878
3750,5018
1078,4670
1024,4961
4867,4751
4165,1834
698,4737
1557,1728
4657,4778
4092,4759
2191,117
1215,4752
2980,1840
1048,132
2209,4787
2194,4883
2375,4944
1519,5065
1409,4906
2344,5019
780,1847
3540,5073
2529,4907
4864,4801
2921,4909
944,4939
1418,3883
2612,2774
891,4910
3298,4818
4394,5069
3129,38
2253,4730
3102,4939
4007,2803
4322,131
353,4934
2639,1843
4520,4731
4945,4784
914,2814
3220,1850
1361,4872
3354,1742
1137,70
3897,4996
1059,4896
4136,4779
4536,4891
2344,2783
3629,4880
3744,4747
805,4847
456,4264
3494,56
1701,2816
2471,4735
3814,283
3564,4682
4010,5001
4018,4963
2372,1734
1491,4743
3620,4847
874,2822
316,4265
1096,4746
1611,4931
1891,11
1165,5019
2137,4685
3875,114
1390,4250
4982,4968
3206,4877
768,2814
3369,51
3107,5073
2428,2835
1428,16
1717,3886
2923,5063
340,4675
3412,4670
475,4883
3996,1731
2992,4919
4459,4727
405,4676
121,2816
2178,4997
3063,4787
1538,2864
1573,3615
3528,4952
371,4691
1455,4877
2387,3878
2318,4915
1587,3879
4244,4885
2743,5000
2329,4961
2591,4761
2682,2829
1322,1846
3174,1839
4245,4781
2493,1862
1947,2839
3053,1740
1341,4957
2330,4769
569,1727
2323,1725
3408,9
3796,34
2572,2764
368,124
2718,1788
1874,2864
2035,4748
1471,4963
4327,4733
907,4743
3380,2810
3014,4969
2191,5016
822,5016
2214,2855
3072,4972
3138,64
2625,51
4166,2786
3036,4672
2476,285
3930,5075
646,4910
409,2794
215,1732
614,4964
3955,5065
1124,1734
1865,4673
1040,4778
1757,5075
2251,4873
1852,4937
4149,285
2937,1734
4711,4903
1702,67
1812,285
1353,2814
614,4855
3606,4742
28,4935
3229,4678
3050,2820
83,4679
1167,4991
2357,4776
382,2845
4431,4989
2639,4733
2501,2671
743,80
295,4913
3962,70
3463,1833
2920,131
223,6
517,4934
2218,4944
3981,4793
2124,1735
557,4677
1348,4251
3471,2795
660,1735
2446,4879
4014,4896
4284,4251
4629,113
2766,2825
3478,53
4594,42
207,4817
2874,1849
3601,1832
290,16
1012,1845
1234,2799
309,4759
4619,4988
1540,2833
654,1850
2926,5001
1062,2800
637,113
694,2772
4114,2838
306,3
389,3877
3816,1816
1247,114
5062,4989
104,4267
712,4672
336,1832
513,4751
2216,4862
855,47
5081,4673
3154,50
3549,4986
1696,55
3242,4738
1810,67
610,4265
2668,4966
1139,4729
4091,4939
3392,3615
2969,4692
3592,113
3720,6
3832,2796
1076,1842
205,4266
244,4878
1921,4693
1052,3615
4103,2671
895,5074
482,319
4575,2853
2720,4753
3365,4820
1058,4790
228,4951
1354,4673
659,4855
4649,4878
1738,4779
3618,41
1274,2839
3418,3
4649,55
3555,2856
1525,4958
1435,4682
1940,284
2485,1834
1196,4882
4484,1836
148,1896
3160,1740
2423,2854
2092,124
4350,283
4853,2798
3091,8
111,4909
477,4797
3549,4778
2435,52
2109,53
620,4248
940,2809
897,3877
3941,4692
499,1733
668,5063
868,4671
495,2831
5046,5077
1674,2824
3387,4762
4826,117
4003,1836
3815,4832
1331,61
2053,4785
306,132
2117,3885
1420,4248
1381,21
786,4946
1533,1732
2198,4671
569,1833
2514,4992
270,284
191,2795
3457,2773
878,113
2215,53
3351,4267
4033,4912
329,4265
4468,4958
1148,4788
4114,4969
1293,4936
844,16
3056,4915
3359,1855
2144,4732
1002,2818
4655,4849
4838,4787
1067,4688
4213,320
2906,4727
1421,4750
2404,2788
3555,4264
3794,2781
2879,5069
865,5075
3607,4934
3496,4634
302,4253
3939,4760
2493,6
3725,4930
4012,2849
4262,2824
3803,4248
2590,4739
4008,2795
5056,1817
4310,2864
3184,4727
887,4738
2755,3880
3009,40
2645,132
4844,68
2014,4913
1369,34
826,4781
4528,4877
2891,12
2981,1896
3698,4897
3291,4771
741,4776
3507,1862
1564,4778
2067,1733
2016,12
2045,2765
2961,4940
178,4786
1612,4907
4094,51
3262,4754
1785,4918
4572,1817
2091,4720
1897,4672
3504,41
1567,46
3604,1748
2928,5000
3928,3877
4304,4695
2107,4752
2962,2855
2546,1896
3061,7
3520,1725
1263,4815
1392,4690
1618,4682
1389,4736
4869,4936
1411,4921
701,5075
2050,40
3591,2811
3377,3615
2085,4751
3099,4913
3477,2800
2253,4264
3525,4674
3472,2822
1454,1834
473,2814
3836,4720
606,4931
3084,4679
2704,1896
2218,4902
1346,4746
1791,4955
1307,2858
1946,40
4698,2853
1265,4921
2737,12
1549,1833
4606,1842
2720,5019
4366,3882
2263,2782
4705,4887
4505,2789
1195,4892
2334,61
1191,2841
471,4930
3212,4248
79,4733
1679,4968
1245,1847
571,1832
782,4759
4401,1841
4139,4966
275,4786
1675,4849
3659,4676
979,2835
235,69
4348,4989
2278,4267
3587,2849
2122,4972
861,2773
1179,2800
2586,4894
1038,1845
2457,4770
3296,4860
271,2764
3994,4815
3786,1733
2621,4904
2551,1788
4550,2812
495,4803
1953,4817
1989,1839
204,68
4845,61
3979,4879
1362,4789
3673,80
2707,4905
1936,2832
1464,4946
270,4819
3576,4635
3518,4738
2165,4962
4895,4250
3981,4720
1190,1731
3349,2825
871,2789
4185,4955
4299,5070
4465,4784
834,145
4812,1896
1131,1831
296,4792
3278,1808
627,1840
4046,4900
2670,4857
2972,9
3172,4955
3575,2658
339,1848
1336,2798
1344,4939
2129,4696
4273,4761
4466,41
3538,1748
1322,2857
857,4791
3464,4889
2400,4987
3139,4930
2213,2768
1035,4773
2202,4951
1170,2789
3090,4654
4001,1841
1516,4883
1311,4879
4708,4941
4547,1737
869,53
3085,4755
2797,318
4589,62
3305,4741
3161,4675
958,4679
3952,4946
1811,2814
887,4996
271,1851
800,4886
2281,4762
4465,4966
177,4969
3731,115
4214,4972
3105,4912
992,4787
3785,4892
443,4877
4843,4918
1911,1742
1531,4753
2107,2853
868,66
640,4862
4026,70
398,4695
2962,2827
1702,133
3794,42
4268,4681
4539,2787
1663,4774
3253,4751
1613,320
4231,47
1592,4690
1136,1840
3483,2831
3097,4728
3190,4911
1648,1857
1082,3615
4140,1855
4473,4634
2709,2825
2738,4937
270,117
347,1832
4561,58
579,4720
1080,4267
79,145
1511,52
3737,1725
4089,2768
1758,15
3586,4828
1163,4779
4172,2816
4274,2776
3110,4897
3139,1
3719,4857
1380,1847
3410,4253
2146,4857
522,4886
3614,114
3044,3882
2256,3915
2911,4957
3730,1827
2505,4737
4496,63
607,4755
4601,4248
1642,4774
1426,1860
448,4907
1569,38
4492,11
3091,64
180,3877
1194,4957
1504,4963
37,4930
4534,2782
152,4926
1346,3878
2054,4917
3619,4693
349,4673
2095,4253
3695,2788
5036,5065
3201,52
4070,4750
1153,131
1810,2838
4294,4776
3496,2658
3134,320
4484,51
489,4906
2957,145
4342,4772
4542,2827
424,4882
749,1843
245,4679
1826,2779
2670,5064
3163,2851
2325,2803
4354,5063
4798,4774
1154,2854
1358,4970
3456,21
3592,55
3361,4762
3029,4732
2255,1727
1736,2772
1557,4675
4032,4870
3182,2822
1671,2853
3222,5074
3142,4986
996,4990
327,3
1758,4673
2643,114
3702,4761
678,1833
3155,4934
273,4957
684,4819
4807,4249
3565,5063
1157,15
993,2790
3223,4993
3674,2765
3501,4906
128,4989
920,4723
1168,4682
120,4850
2055,3884
1744,4739
4810,12
579,318
2998,2798
4372,2813
3319,4820
147,4770
3785,4830
3454,4965
3191,65
2977,4266
2349,4953
544,4824
756,2849
4146,2779
2986,1817
3321,1836
3812,4749
454,319
3460,4688
3743,4952
165,5019
1303,4673
1163,5016
954,5002
986,70
3051,2767
2957,4896
3866,4718
1585,2812
2542,4883
194,21
1651,145
3129,2854
2110,4727
282,3881
2208,2808
1047,1728
4050,4860
380,2790
3455,131
1429,4876
4359,4887
3182,4668
2966,34
1718,4855
3054,4734
2896,2782
3580,42
4033,4731
3944,2847
4842,5074
2073,4858
2693,21
248,4695
736,68
2617,4674
2399,116
1579,4882
4072,2768
1376,4957
628,2798
2236,3884
877,3915
1763,4955
3663,4755
1606,47
2758,4673
3769,7
4004,16
390,34
2605,4861
5041,4953
3007,4921
2699,4728
1931,4789
3342,2786
3974,4676
1878,52
2070,4759
4588,1728
2680,4913
2117,2833
3450,4791
999,2765
4369,4884
2355,4728
4525,49
4005,1839
972,3505
2931,4739
4119,4634
1425,1847
3120,4697
272,4793
2927,4264
1373,2831
2631,2856
4309,4685
2777,2857
517,4737
3051,4944
2443,4935
546,46
26,2798
4562,2808
2986,4870
1635,63
4924,4634
2714,4748
2090,4828
1477,1832
5035,2800
3733,1742
4077,4993
4182,2829
788,1845
1422,4793
4321,4772
281,7
906,4896
209,4880
952,54
4130,2843
219,2787
753,2671
4240,4734
3667,1850
2591,4750
2741,4674
668,2787
4027,4877
3211,2848
2959,4769
1428,4892
2367,4991
1243,4887
3376,2800
487,4961
3168,1838
1928,4790
57,5075
4134,3615
1895,4850
3182,4251
101,4761
3532,1861
4426,4718
3845,5018
2689,4947
2592,68
253,5070
2755,4613
1355,7
2573,4748
3793,4828
3399,1836
3191,4765
1562,4739
1604,4685
2031,3883
2631,2846
721,4952
2348,2832
3328,5065
3070,4932
436,1842
434,4682
3936,1
3562,4907
3961,1732
579,4906
4352,4882
2529,113
3046,1726
2643,2831
4233,4880
842,4987
735,4962
1878,4998
876,2795
764,2855
687,4944
590,1847
2538,4937
3138,1818
4259,5019
4638,4800
2926,2789
3156,4696
91,4878
2008,4911
3894,2798
4644,3885
4423,4857
3513,4896
3071,4696
2338,4940
3719,4784
1301,4267
3322,2858
221,4964
795,4669
3274,3615
4060,4965
4543,1835
3087,2843
3386,4891
628,54
4530,2764
1649,4937
4322,4735
4344,4816
2489,4742
4174,3879
942,2854
2185,4919
1310,4849
2079,4696
300,4689
1984,1855
3162,13
3739,4994
4040,1861
3449,4937
2686,45
4422,133
531,2856
2661,4937
4039,4718
936,2853
4159,4906
1996,84
1150,4750
1140,56
4864,2798
3993,4965
1646,4883
1375,2671
795,45
2199,4885
1012,4774
5078,4669
3241,2783
2008,4801
1231,1808
76,2786
4719,2851
1762,1896
2802,1848
3050,4761
4337,4799
2293,41
1062,4692
3624,285
4142,2848
3574,4989
3989,11
4309,4818
1105,1896
4632,4776
4476,1841
3975,4736
1197,2840
1082,4731
2504,2817
889,133
4808,4746
1235,4750
3377,1848
1977,4878
85,4938
3890,4830
4086,3615
4479,1855
1411,4955
1053,4966
1454,1817
169,1846
5046,5
3101,4736
3796,2826
1598,1834
223,4248
3204,2838
3808,4906
3753,4786
3909,1857
1378,2843
970,2844
1100,4937
3672,4979
4262,2825
496,4266
3822,4773
4391,65
4436,4888
3010,5020
5054,1845
1531,2773
1170,2671
2390,4741
1657,2823
2094,2829
965,4915
3024,4832
3826,6
2499,115
2016,2768
573,4697
2387,4682
4005,4828
261,2851
2144,2848
1254,50
1743,4919
716,5019
3313,42
4432,2782
3816,2795
909,15
4189,9
2035,283
1454,4909
3932,4675
1969,2773
1242,4830
3635,1817
641,4775
4374,4747
954,5075
2475,4934
4280,2782
2205,1843
4099,4768
1267,2800
1821,2857
3875,13
1567,1861
953,4249
3090,1839
3057,4253
2507,4803
888,4696
2956,4996
2949,320
3515,4930
2793,1862
3613,4613
2250,4860
3311,12
274,4685
1394,1846
890,2862
2609,4934
3163,4693
3603,2864
3945,66
1491,2800
1088,51
2138,4733
1775,2809
4067,4862
3188,4683
3345,2784
1262,2817
4321,1735
3691,3505
4002,1862
222,4681
1060,2788
3937,5073
3187,5016
1403,1834
3640,1730
3339,2843
3333,2779
1593,34
3182,117
2980,3615
1498,3878
374,124
2719,4906
4098,2810
3455,4779
758,3924
4554,4734
4406,4855
3612,4990
4372,4675
1687,4860
2805,4801
1177,4920
3067,4944
1329,5077
171,4855
2929,4762
4262,4972
3724,4855
2649,67
2396,4935
3283,4926
4497,2789
4061,2812
3790,3882
3872,1817
1462,4753
1967,318
3709,4683
2436,4762
2453,4900
862,4906
710,55
2696,283
3514,4678
297,2822
3116,4886
3782,3877
1105,5064
1107,5020
3947,4971
980,2847
2128,66
2032,4770
5031,4786
1914,34
3532,4882
1604,16
2576,320
4594,318
3972,7
2995,4894
762,4921
2332,1855
106,4773
5059,2838
4121,4996
4160,4857
213,2838
3675,4754
4129,4718
4662,4654
2926,1851
2204,4693
3127,5070
1874,1843
870,4786
1812,4803
1161,47
2464,4788
1117,4873
3193,2789
3496,4855
4587,3
3852,4723
269,2822
3325,4737
3821,4860
1460,2825
2482,2812
1207,1856
2108,320
4258,2808
4091,1727
3078,5018
4282,5075
4609,1726
3096,1737
1484,4994
3073,4727
1318,70
101,4817
2925,4815
1097,4790
2006,2799
896,4817
3128,46
1956,1740
39,4668
3316,69
3363,4250
302,4765
2646,2782
3895,5
3996,2768
3110,2817
1625,2764
292,1840
613,1850
1283,4947
2178,4876
2627,1725
1746,4936
2218,4694
3568,3879
357,4970
3034,4251
3554,5064
4091,4978
473,4742
2038,4901
4611,4988
1076,4265
3611,4958
178,4872
674,4741
1055,1827
4545,4991
3000,115
96,4768
2045,4946
3347,4870
852,4920
2903,4668
4569,4690
938,3885
2287,2822
3577,4910
249,2818
544,4990
495,2803
1036,4765
1199,2831
1266,4727
2059,7
2244,9
1514,11
610,4668
2112,4793
3975,1734
3627,4956
1092,3886
915,1742
1699,2846
1619,2658
2285,2824
950,4934
3637,4934
4147,4970
1072,4696
956,4743
816,4817
1152,4251
3597,2829
4175,4249
2434,4831
1497,1861
2553,114
1196,4857
4147,4763
891,3878
1445,115
3894,4688
730,1730
2256,4733
1642,4697
606,49
1050,2865
363,4687
2642,3912
567,4891
713,4920
1711,4815
494,1833
2252,5065
332,4917
90,46
3327,3880
680,66
4422,4829
4319,4787
838,4668
3120,5020
2952,4990
3277,2781
2091,1816
523,4792
2442,4855
4589,4671
174,4692
4798,4775
4575,3915
3346,320
3965,4903
3679,1832
774,4904
2685,4979
479,4932
267,1727
1594,2784
3638,69
1299,4910
4943,4737
1958,4739
4164,80
1324,4830
2730,2772
3307,4920
960,4995
3275,4883
245,5016
575,1734
4419,34
1049,2864
4489,4738
1704,54
4484,1860
3954,2811
763,3884
3756,4831
2431,4916
1548,4956
973,4672
4281,2826
2076,4882
4136,4781
466,4793
1852,4695
4561,4971
4135,2776
2397,4778
1382,4249
886,4946
2931,4788
1530,12
92,5075
680,4815
2081,319
2384,4774
3578,4824
4184,4253
1387,3915
2245,2832
4152,4828
2409,4770
2704,4926
2071,54
3479,319
4131,2794
3188,4990
1308,1827
1178,4971
72,1831
3262,1726
4627,4896
2872,2785
3010,2853
104,2833
1470,2855
90,48
3471,3886
2611,1896
3564,84
2358,4738
1687,4965
2621,4957
3043,4909
4608,4889
4182,2800
2894,1851
1576,4926
2042,133
784,2671
3962,2800
754,4917
501,2823
4591,16
556,4969
1971,3912
1874,4997
348,5001
1802,4940
520,4692
2096,4790
3485,1740
1325,1727
1354,2851
3412,2820
2625,4799
1393,2831
3659,4944
385,4952
3525,4778
249,2846
2453,1856
4659,16
1772,2829
1653,4957
1381,4847
1146,4862
867,4957
1117,4752
476,2840
3970,48
328,4995
1601,4856
3585,4919
1262,1860
2331,4946
3621,2855
128,2833
1049,2765
3853,4946
3619,4720
5027,4753
1193,4782
414,4789
4426,1834
3744,4729
959,41
1338,2784
3321,4914
2366,4759
3080,42
3814,117
3811,3924
3589,4654
3457,2767
2916,2776
4511,131
2694,5073
4570,2841
2756,4266
4255,4902
2333,5074
2852,4966
3835,2831
1786,2813
1037,47
3980,4793
433,3615
2160,2849
1979,2864
2093,4817
637,2839
4167,2782
3311,4850
2701,2814
265,4613
305,4688
2745,4739
1151,4931
2524,4742
1320,4847
1694,1837
2863,4760
2151,2831
2719,4786
4337,2844
4629,4790
216,4954
4446,4680
1894,2814
3580,5019
3033,2799
2110,5075
633,4264
3254,3914
2605,53
4066,4849
4370,5066
4540,1848
547,4879
857,4989
4981,5018
709,1733
4052,4963
3435,4991
4031,1838
540,5001
3359,2865
4525,145
351,2774
766,4746
3724,4830
195,2768
3536,3886
2804,4978
2264,54
427,2764
3816,1818
1183,2783
211,2773
4383,4668
3809,2814
686,4913
504,2783
2618,4929
2204,4911
2208,4965
1275,2846
4465,4909
4594,4747
4325,4990
1593,2845
2185,4800
1536,4693
3826,4674
1399,3883
1533,4788
1041,21
2888,2845
4386,2764
3418,4743
1527,1849
2642,4749
4981,2848
2884,4818
3363,4791
5082,4989
1487,65
3361,1843
3923,4972
5083,132
2636,2827
2195,4780
968,2833
2446,9
2385,4763
3482,1845
4925,5063
3776,13
1864,4820
4703,2764
2241,4754
2460,4815
481,2835
149,3615
2456,34
1484,2800
209,48
71,4872
4485,4674
1431,4946
2481,2831
1622,4675
2940,4830
138,4970
1772,1818
3689,4963
3481,4902
3228,4680
446,1846
1537,2835
3478,1831
3958,1735
4438,4829
1409,70
2497,4870
267,1851
3760,4972
1519,2774
485,3615
3525,4267
4644,4741
2705,4797
2490,2825
3443,4965
4127,113
1765,4687
1983,4962
986,2833
4039,4892
1373,1849
3357,4888
4812,2813
2072,1855
357,4931
2836,4730
2448,4939
3532,4847
2308,2857
4925,2845
227,131
1445,4746
83,61
455,4635
1214,4916
4461,2832
3807,4972
2642,4735
1068,4989
2677,4748
2748,2796
246,284
1087,4917
3366,3877
948,16
4837,318
1951,4956
4982,131
2957,4695
4554,4971
2494,4876
2044,4690
602,4858
1120,4979
1492,319
3909,4856
935,4249
4587,1725
3514,2853
3525,4847
1291,4993
1162,2785
2000,4792
4840,4772
3830,3924
2221,5004
463,2774
4386,2835
4617,1729
4387,2786
3542,4962
1063,4793
1872,4892
4050,1727
2409,4696
3074,4878
3863,4760
296,2832
3684,4267
1299,4789
1118,4251
2521,4682
1865,4915
4,285
899,4886
2512,4670
1498,2845
4309,4993
1514,4780
3645,4790
598,4787
1958,4921
3667,4962
3994,4680
858,5000
4620,4779
157,1816
3905,2844
2105,2837
2511,4965
1364,4635
463,4785
2333,4966
1893,1833
3384,4734
3500,40
5007,1847
3065,1855
3483,4879
3947,4988
3126,4915
2612,3879
830,3882
2283,4692
1485,2835
1703,4956
3344,1849
4416,4733
1930,4969
1629,2822
3468,4738
4388,3914
1126,4996
4043,5066
3377,1833
1016,2782
3470,4266
4210,4248
1189,4775
2159,4896
3389,5077
2270,4918
1097,1834
3100,5077
416,2795
576,2825
5068,4887
589,1748
1244,4249
4341,2765
503,4679
4699,1725
4155,4694
3438,113
2364,4772
2413,2658
4432,2832
2023,4890
540,4829
4864,4761
4067,1847
1542,11
959,4816
4279,4951
939,2838
1356,4818
474,3880
1689,4955
4488,4797
3521,3877
76,4939
2605,4787
2770,4850
1234,4777
1616,1816
1076,5019
1885,4763
2573,2817
1869,5004
4455,21
1466,4987
4233,4815
248,1734
3625,4905
2752,1734
1234,38
621,4797
1104,2831
3191,4801
866,12
1489,4750
2635,51
286,1851
3298,1735
2532,2835
531,5018
1463,4733
3768,5070
3727,1735
1877,2768
1419,2840
4358,1740
3426,4901
604,4819
2205,80
824,2846
1124,5063
3560,4718
3676,4830
2533,4753
1783,4931
1293,124
2271,4694
1643,4686
4299,4723
2932,4793
3982,4965
4154,55
3634,283
446,2856
4336,2658
4795,2803
4724,4669
673,5074
4525,1808
1746,3881
364,4912
2194,3912
3693,4873
1672,1861
2026,4994
4076,2671
2356,4675
4014,4958
2112,4780
1090,4759
1877,4803
162,45
4032,145
550,1846
2230,4747
4410,4903
2351,47
4638,4952
221,4731
666,5016
3867,1729
3056,1861
4767,1842
1516,4877
4428,4743
4032,4856
3848,3880
3966,4720
4152,4801
4405,4753
1046,4963
3595,4935
1763,2796
2520,3505
2206,4674
2470,319
3660,1842
4366,47
4104,4253
2290,5020
1260,80
2168,4694
507,60
847,3884
3165,1727
2373,2835
1454,4763
4015,11
1953,4690
4943,4786
603,4862
932,2840
4283,4830
4839,4918
4467,4887
854,117
1588,4816
597,2862
3075,2658
4170,4894
3201,4697
449,4684
3054,4819
3776,5075
3841,283
754,4250
297,4849
4021,2768
4698,2823
1507,218
4584,5
3187,1896
2109,4860
1947,4250
3044,4903
4525,4684
1716,4693
2029,4889
1060,4676
4223,45
2489,4654
765,3
469,1734
4170,4675
166,2832
3078,4900
3580,1732
217,4971
515,4739
1159,4972
2965,2774
2791,4774
4374,1850
1238,4911
4044,2855
2750,1788
2317,4988
1102,1729
1479,4784
4197,2831
2190,4940
3752,284
1141,4678
3057,2862
1003,38
1608,4697
4484,61
4834,4850
2043,1848
2340,4914
179,4858
2545,4939
287,5075
1567,1838
2606,4728
2319,60
4553,3914
1938,2822
1675,1851
2002,1833
4867,4848
3444,4785
2545,4900
3321,4727
4083,8
3313,2824
1554,4995
854,2808
3543,4970
642,50
1239,4828
2371,4909
4559,2773
1706,4883
3262,4253
2225,34
2453,4746
1005,1725
2534,2840
2350,4910
2744,2796
1335,4914
2251,4816
108,4917
365,4995
3685,38
96,4910
2592,4793
3680,4248
4480,4785
1917,1857
1963,2810
3747,2857
4609,1896
966,4952
2192,1839
2479,9
4375,4929
713,2789
1583,2855
14,1730
4139,51
4443,2838
210,4746
209,3505
3774,5004
327,1827
4705,4931
3260,4734
2142,4885
909,2841
4618,2803
3214,4792
4135,7
1027,1726
3363,4904
2277,4793
1343,4890
691,2776
4428,4779
943,1840
664,4991
1533,16
1071,2776
3051,4964
2626,1788
2151,5018
4236,3885
4045,4782
944,4746
144,4776
3207,4781
694,4752
3540,4765
3583,1740
3369,48
2889,2820
1370,2865
2950,1851
4392,1831
4623,48
3100,2790
2729,4743
3831,2803
4590,2833
3286,4738
445,2813
2513,4937
2580,54
449,2810
1536,4857
3666,4763
1332,4907
1916,1845
3392,4934
3496,1832
2662,4781
2308,4696
2549,4870
1501,47
1988,4993
3384,4266
3214,2824
2663,1856
3501,4728
4714,4909
2168,4944
890,2774
4254,4962
2611,5070
24,2820
2479,4961
349,2849
4293,4888
687,5020
1692,2817
756,9
2414,4878
3675,2789
2137,3
1200,4690
4007,2786
3748,4832
1809,2831
78,4860
2991,5019
4874,69
4515,4918
3251,1818
3377,4884
2618,319
2609,4856
2055,4830
2654,1727
1683,4739
2646,4935
2713,1845
14,4680
3826,65
3752,218
3617,4738
4614,2798
2005,4783
149,4250
4497,2835
1418,4689
4004,4904
4649,4674
541,4937
3593,4936
4825,2821
2049,4689
1605,13
4347,1837
4125,2827
1102,4769
341,3882
442,4753
1901,2856
1262,1844
3762,318
403,53
2457,4760
3841,4686
3626,4921
2635,4832
3829,4958
3116,4831
1263,4774
2251,4251
4977,4690
1826,2813
191,4669
1232,3913
1792,115
2254,4760
2203,4998
4630,2825
2595,4265
3010,2774
1974,2857
2999,4961
1292,124
4068,2817
4156,2841
610,4849
566,4938
1520,2865
2725,2847
3290,4635
1484,46
3180,2779
273,1834
104,4961
2052,2767
3797,4765
1809,319
2422,4678
4386,4824
2580,4763
5078,1731
968,4953
4378,4885
1783,4830
3403,1841
4058,4759
705,5069
428,2855
2134,4890
708,2671
5043,2865
899,3880
4626,1725
434,4966
1784,4695
30,68
3251,5002
4843,4818
4112,4850
4649,4684
1489,4800
4387,1834
721,4958
1395,15
5003,1850
4084,4860
2173,4674
257,1861
4062,5020
718,4887
2733,5077
3487,4970
4041,4940
433,3886
668,4754
1233,4689
872,5016
2286,2856
2428,2866
1790,2773
683,8
2714,4764
2053,4718
3074,1847
389,2767
3168,2858
3411,1728
3422,4723
2901,2860
4438,2785
1105,2843
2733,4855
4029,114
2195,1843
1074,4751
1277,4937
3381,9
370,4850
2559,1849
4922,2765
85,4760
1236,1847
2657,2810
2900,4770
2554,2781
3858,4760
1160,4769
3442,4688
330,3886
1766,2829
3795,2765
1557,1862
568,4759
826,4774
277,4882
4338,84
2286,1725
3684,2784
4346,2773
2430,4917
3252,56
1709,2787
3654,2812
3235,64
880,4861
2264,5
5076,4939
2699,4253
1800,1788
1757,4995
1035,15
627,3882
2380,2813
3340,4872
679,4692
4532,2839
4313,4862
496,2857
2145,5074
2842,4830
2007,4993
1435,2783
1766,1841
5013,4903
3829,4914
4149,4684
231,4969
2681,2794
4711,5077
2780,2794
2430,1833
2035,218
923,4787
3592,4884
1097,4906
3888,4885
544,319
1624,4768
317,3877
301,2784
3072,4791
1505,66
740,1737
2678,4955
3550,2772
5071,2848
566,1861
2426,4997
2040,1848
808,2855
1501,4718
2893,1846
2368,4673
205,4790
3705,1808
344,51
2261,4917
3048,2849
1000,4897
691,1851
2070,4816
813,4914
795,4907
2429,1848
3142,2838
4189,2776
2532,4771
3480,2857
1183,1832
3894,4728
1789,4862
1853,318
1523,49
2476,3884
3644,4764
853,4733
387,319
2224,283
4306,4742
1342,4912
3032,1836
939,4761
2760,4677
518,2800
1074,3924
1975,4697
2004,3885
1616,4774
172,4803
3453,7
4426,4962
3481,4689
735,3878
1122,5074
3895,80
576,4952
792,4997
3146,4684
1347,4907
4814,2808
918,2867
995,4766
3218,2781
1283,62
4428,5073
697,4872
368,4696
2487,4774
2338,2821
1510,4686
4745,218
3113,4961
3665,1857
883,4686
3409,2783
527,60
470,2853
1132,4766
688,4879
2441,2847
3687,5000
2198,2816
2052,4747
2164,4855
2579,2803
893,1725
4572,2846
2271,115
1927,4819
175,7
4537,116
991,4889
561,5019
3666,4884
3407,4886
2694,4690
477,4766
1520,131
423,4824
524,4966
627,69
1976,4889
171,1847
143,1788
1104,2816
3464,4861
1099,4250
693,2864
4027,8
3892,4946
4162,4677
1987,4900
4462,5073
4922,4750
909,4909
503,5002
4177,4903
814,132
3865,70
2600,3882
1146,4873
2182,4926
3117,145
1171,1839
3007,2829
1111,4992
3767,4739
3025,1827
1714,2835
3267,2810
1339,3913
3896,5001
2900,4986
1631,1832
1176,114
1452,2811
4631,4860
2706,4760
3900,4970
477,319
1451,2812
2532,1732
4146,4915
1790,4912
3491,4775
139,4914
953,1832
1100,5001
4598,2846
227,15
3174,5001
989,4957
1588,4803
3644,1726
4206,2789
4514,2857
4169,3880
4942,5
3167,4911
2889,4892
2387,1733
4616,4969
3894,132
3750,2816
1746,3878
1111,320
2300,4675
83,1846
1228,2864
3688,4968
1697,4957
4496,2803
4091,4676
3610,2835
4844,2774
4187,4918
4081,4879
462,4797
2757,2814
2852,4765
1602,4690
3457,1818
1506,5077
3812,132
261,4824
544,5073
1969,2837
4796,4879
3039,1816
3794,4969
3280,4847
2211,4678
2859,4751
4136,1734
3169,1725
3331,2840
4645,5001
3895,4670
2509,56
2601,4911
2303,4937
4125,8
3445,4956
3614,5001
1541,4779
4983,4791
4106,4979
942,1734
427,2839
2349,4978
3008,1834
5078,1
37,2824
3675,4951
3177,4672
4202,4907
2684,3882
1366,4817
2091,41
1922,4801
4021,1731
1885,1836
4161,4968
355,1788
4155,3883
979,66
519,4970
3360,5065
3298,66
830,4729
617,4755
357,4968
3665,4879
467,4670
3165,1726
3516,124
3459,1835
4578,1
3970,4970
2919,4743
972,114
2423,1742
2415,4964
28,58
420,4738
2399,4789
5050,13
249,3881
3130,4856
3272,2765
1322,2788
236,2811
442,58
4400,4957
1282,2772
3252,4800
2275,5064
846,4731
2244,4940
5056,4931
2199,2790
568,4832
4579,4635
2693,4872
3135,4862
3159,4997
2656,1845
4357,133
4570,4993
4475,2862
1422,4964
1904,4771
1721,4741
4375,2856
3680,1848
4616,2814
2381,5063
4131,4669
337,4784
4307,1
5082,2835
4482,4676
2267,4739
3526,3505
917,3885
103,5001
4552,1730
3348,2847
1885,4992
1716,1834
3537,4920
4374,4775
2685,34
1800,4743
3500,4779
2273,4682
83,4264
3480,4776
1264,4901
4204,283
3928,4849
1204,2817
1380,4686
4241,2785
334,4774
3220,4906
3968,2822
2533,4788
2397,65
2987,4902
794,4248
4078,4732
1084,4764
3353,4966
5058,4884
4143,4892
3074,2838
1187,2867
2443,4750
1101,4779
555,4906
2123,2833
3277,4858
3956,4993
3436,1843
3693,2822
253,4790
2693,4986
542,2782
3634,1842
4526,4820
4275,4266
1588,2833
733,1851
4303,4877
1173,4250
3119,4759
5041,4797
102,3914
1967,5077
3987,4987
1415,80
1868,2794
1046,2858
921,4777
1882,4946
816,4688
1696,47
2583,4892
414,4681
1754,285
2913,2833
3437,4669
2261,4784
2053,1856
4373,4753
3443,4906
2541,5066
3998,4781
2518,52
2885,2783
3740,113
1245,1725
3418,4769
244,4918
245,4694
3567,2839
4664,2779
1056,2776
3570,4251
2380,2841
1563,4870
3082,4921
2472,4905
1886,2812
1094,52
3183,11
4556,2865
4274,4668
1933,4777
1279,4992
891,4931
2352,2829
1353,4870
4394,4904
440,4978
942,1840
3983,4771
3421,2783
3416,2799
2573,1788
4292,1836
2583,4800
2975,66
788,4723
4286,4926
202,4800
1590,2847
1865,5018
4205,4737
4168,2851
3298,4947
627,2781
396,4909
2697,2786
4093,4831
882,4955
5081,4953
2994,4679
2047,2843
3328,3878
2019,2768
4182,1788
1542,4689
1411,4772
1955,1838
1079,68
1715,5064
2638,42
93,3615
2121,4963
4069,4978
3818,4857
1250,4737
555,4695
3384,4694
4479,5077
4011,4691
2747,4736
1793,3
1672,1730
22,4877
547,1847
1975,4759
1706,5074
2414,4684
369,4784
2883,4900
1096,5018
2415,1836
413,4988
2519,4997
3812,5020
478,1850
1689,4689
4327,1839
4091,4248
171,4963
1012,2781
908,4671
438,114
4609,2867
3493,4687
4207,4253
345,4815
625,4816
111,4677
2697,4793
854,4696
5083,2811
3352,4764
1164,7
1780,4916
3594,2860
641,1842
149,5065
2049,40
4572,2772
890,4900
4116,4680
3798,1788
3246,2857
2305,4670
3764,2862
44,3
2984,4751
638,2811
363,4972
4196,4669
962,2854
3683,3884
2262,2818
1931,4772
887,2847
377,4920
3765,66
3685,4824
2240,1836
2270,4778
185,4878
392,2855
726,3878
2758,2838
3855,113
1291,1808
1463,4613
336,80
992,4751
3892,4888
1160,4961
477,4937
719,4862
22,2800
1302,1732
1257,2813
1188,4250
4148,6
4021,4743
2998,319
253,1818
1696,4264
4042,4962
2335,2817
1584,1808
484,4777
4183,2864
4153,4734
509,2856
3154,4783
3476,1730
3670,4986
4482,3915
3252,4253
2682,4991
759,4803
3448,1847
4899,2790
3288,12
4215,5016
1909,4685
3955,62
87,2820
2972,4690
3359,4934
3033,3915
1680,4773
1589,4687
3950,4831
2026,4907
44,2829
2168,16
549,4909
87,4962
1638,4926
2659,5000
678,4862
4041,4670
3899,4991
2498,4613
1438,4761
4018,117
3329,4957
1781,4819
1297,1832
782,2794
696,2813
933,4996
2687,1896
3862,4986
3828,4896
570,1730
2666,21
3834,4773
691,1836
4561,4918
262,56
2644,4776
2605,4830
2138,2790
4827,4265
3604,4910
1540,4905
1560,4733
2636,4801
4368,68
108,4654
4715,4962
2523,2809
4967,4685
3341,4901
1007,5077
657,65
2186,4751
195,1832
2633,4957
1076,4775
2317,4914
3124,3913
3812,4803
3105,4894
4144,4818
1820,4755
3986,4781
4976,4778
1070,2864
3271,2785
2460,4894
4503,2827
1694,3886
1894,2858
14,4935
2383,1728
2966,4677
250,2825
2681,4743
1880,4739
1472,4784
1199,4935
3381,2822
2263,4678
2938,1836
2973,69
1782,4692
1178,5070
1524,4940
2485,283
3773,2814
575,2768
543,4879
955,1735
1498,49
416,2783
287,1844
2224,4654
3575,1831
410,4754
4705,4671
1906,4992
3719,4771
150,2814
2948,2794
2979,3882
26,4931
4523,2785
3318,4829
2990,4919
1336,42
1237,4686
1791,4902
1505,1827
3411,50
511,2788
2999,1827
2106,62
4580,1846
2552,1846
736,4930
4468,4635
2296,4755
1108,4940
4113,4870
1199,4727
3398,4872
4082,4738
1494,4886
4006,3880
838,4938
694,4782
1699,21
327,4996
3164,40
3432,4904
4039,4991
792,4887
3481,1748
2959,2820
337,4731
3427,4696
4140,2862
3502,4997
3580,4733
4602,4855
4384,4888
4809,4931
392,4885
848,2818
1777,4674
2240,3505
4948,4774
362,124
958,4888
3288,1748
1622,2787
2439,3924
4083,4914
3828,4855
4458,1732
1943,4778
2930,4930
3038,1896
2954,4249
853,2814
4185,4941
1316,4920
2539,4760
4218,2832
2655,4990
4523,4921
3614,2776
511,4671
678,8
892,4759
749,4858
4745,4777
2143,4954
2214,4926
4105,4791
4284,4937
2320,2844
2989,4882
1804,4849
102,4730
2484,4913
3658,67
1545,4908
1457,1742
1066,5065
2745,2832
3595,2788
1675,4964
4164,5075
3226,1857
886,4987
2578,4741
851,4785
2520,4677
2310,2826
3645,4693
4615,4857
2350,2855
3333,4723
3085,4765
4525,4872
4108,4746
2797,2826
229,2786
505,1846
1304,1844
598,4803
512,4886
2087,2798
982,4962
2165,2810
3037,4989
2246,1725
2735,5077
1796,49
243,4251
1418,4857
3898,5000
110,12
428,4932
88,4749
512,4997
3707,4766
5042,4926
5059,4964
4315,2787
3858,4929
3580,4723
999,8
4255,4971
3901,4914
1055,2823
3576,1725
4518,4678
3295,4679
327,4760
1800,5066
373,4901
2568,1841
1954,145
1077,46
1998,2844
1462,3924
1667,4778
726,4954
2286,4635
3999,4952
475,4683
3896,4695
3366,2860
3354,16
86,4862
253,4753
3725,4962
4305,4873
469,2779
1108,4994
334,2779
4825,320
3206,4856
483,1735
4386,4720
2520,4691
1639,117
2540,4718
4715,3883
1334,69
530,1831
2259,4751
3544,2787
4370,2800
5081,2848
3441,5004
4535,4972
4293,1846
3297,4682
17,3505
3489,4693
4273,5064
995,4908
4478,4832
882,15
2263,4747
825,2808
2043,1836
3943,4249
842,4911
2483,2840
3658,4891
3563,4693
392,4913
773,2849
3930,2866
2360,4937
409,16
1977,145
4846,4979
4740,2671
4180,318
1309,2816
3190,4946
4559,4680
3597,4861
4394,1856
2591,4768
4062,4728
3420,5075
4513,2786
1380,4878
2095,5066
3046,4766
2830,3878
1821,34
2449,4857
123,4734
2666,218
4573,4248
2802,4671
1440,3
709,1788
3501,34
3684,4870
2331,2798
871,4769
448,4911
71,5074
3054,3878
4505,4684
3551,54
630,2813
1620,1861
1584,2803
2963,4961
3464,4762
1005,3915
3925,4782
395,3914
1344,4731
2806,4770
4218,1856
2180,1732
1327,2848
3470,1837
659,4997
2142,4683
4086,4932
825,4896
683,4696
4261,2844
904,4891
4472,1845
977,2671
2013,4753
3002,4635
3571,2803
2087,5018
362,2823
2141,2846
3251,4849
743,4978
3422,4779
4179,1816
4225,4901
4573,4951
666,11
2986,2779
436,2844
3658,5020
3714,4250
1394,55
3802,1848
2470,9
764,4676
1403,2817
4473,318
3998,2773
3979,2821
609,67
690,4771
3246,4793
3864,5
1520,2839
4495,2785
1213,2862
451,2779
1370,1849
4475,4730
4052,131
4639,1737
1895,2849
2169,2840
2698,2860
420,2798
465,117
83,2860
4043,4693
2517,2822
764,4249
2319,4954
3157,3886
1379,4963
1034,4772
1156,1832
738,4831
4698,4727
1436,4892
3792,4765
4603,4857
1902,4678
4612,4848
1022,4938
2677,4880
549,61
1017,4828
4711,1827
242,67
2468,4742
393,67
1770,5004
1139,56
904,4873
2295,3886
1668,4920
4123,2853
4146,1896
4984,4993
1635,4903
4578,4635
1633,4679
4167,1730
2949,4759
305,50
260,4668
4599,2783
1019,4910
1580,4953
75,4727
3035,3914
3586,4877
4975,3912
1400,5016
2919,4778
2593,4860
1385,4926
2619,5065
1805,53
1428,5019
4493,11
1536,124
1659,4858
775,4737
3125,4694
298,2867
1100,4915
2730,4847
2340,4759
4740,1817
3668,3878
3059,5004
1623,2776
4058,2860
2733,11
4606,4987
2003,117
3264,4768
4331,68
714,4267
2066,2786
935,4684
2553,2803
2937,4979
428,2867
4439,1728
4427,4891
3119,4772
3474,40
3928,4267
2792,4911
785,47
1797,1832
78,5020
1131,5073
4208,4746
2660,2835
4158,1728
1724,4784
4538,2838
2660,4996
4132,145
311,4674
4417,4687
277,4830
3826,2832
5021,4939
3268,1817
4234,1729
4098,4847
2269,4879
2483,2773
455,4771
1053,4732
3535,1837
3137,12
2687,4937
1918,4803
1992,4929
3474,4770
1616,4957
426,15
4073,4957
627,2840
90,3912
1658,4683
4529,4889
1718,68
1782,4681
1155,16
1708,42
2167,2790
4396,60
3856,1843
3398,2832
351,2847
1398,318
4541,2843
3861,4935
2259,63
4389,1855
1519,2818
1995,3880
1380,4850
795,4786
4435,1851
2011,4819
599,4777
3068,4771
2745,4736
1153,4755
3228,4896
581,1
4362,4896
3073,4961
1425,2865
3492,4768
4237,56
3578,2849
4575,4969
4074,4947
1091,4971
3664,2658
3458,11
3254,4819
2425,4730
2594,3885
3145,4669
1779,4941
288,4675
3908,4788
2376,2810
3169,2851
1412,51
2032,4265
3330,4831
2521,4723
4871,4920
2396,4969
568,4730
1153,2831
3024,4759
2600,2857
4574,2865
383,62
3701,5063
2628,11
3399,84
3100,4799
2237,5063
2652,145
4621,4909
3513,2821
1026,1896
756,2817
3934,4951
4148,2795
3985,319
1806,1
1196,2788
3529,1855
3570,319
253,1817
5006,4788
2283,21
3656,132
4950,116
1616,4939
4095,1725
4836,4742
2340,4934
1892,4691
1703,2860
1586,4728
3009,4910
4169,2857
3850,1836
975,4993
3089,2658
313,2765
3568,4768
3134,2840
3774,3885
3264,54
4438,4884
1201,4741
1414,3878
3163,1848
2801,5066
662,2865
2375,4897
1613,1850
4808,4990
4,4890
1916,4737
450,1827
625,2779
2984,4847
862,4737
4807,5077
557,4803
1367,3505
3918,4775
3644,15
164,4695
3700,3877
650,4832
3009,3924
590,2865
948,4780
2450,4909
1231,5016
1619,4774
3288,4732
3103,4969
2648,4677
2633,4956
4289,1839
4473,1740
448,4998
219,3883
1531,4858
1009,1896
3271,2784
3141,3877
253,1835
3875,4936
3630,283
2571,4992
4536,4759
143,1833
3511,4769
589,5066
3636,4251
1226,8
3064,4819
3164,4964
3277,2786
1699,4953
908,4685
2780,4266
2681,5
3568,4830
1419,1833
3773,5065
4153,4856
1335,2857
5055,4908
3830,2835
438,4937
1952,4741
5010,2812
4436,4678
3933,4824
1279,4693
2943,5077
2140,4870
5059,2767
3211,4970
1490,4687
2151,2860
1257,4968
665,2790
4142,1848
4025,2796
4644,2864
496,65
1714,7
1159,2814
2678,1733
3003,4894
440,5004
269,2846
2221,5001
4183,4935
1771,4979
2344,2829
2348,1
4159,4932
689,285
4368,2658
1385,4791
580,4762
3202,4672
2058,2808
684,16
3555,4784
1138,4680
2180,4991
2451,4801
1871,2767
2760,2820
4401,4879
4221,4988
522,4670
2479,4824
3184,4938
3808,2767
4208,4772
905,4929
1004,4857
517,4819
2508,4613
2869,3615
4020,4956
2612,4873
995,4915
3201,4903
100,4952
4865,4970
4216,2784
3156,2833
3297,4766
3316,4676
4699,4884
2366,4768
4109,4770
849,4998
3906,319
1048,49
1117,1726
781,4730
2372,1849
4524,4747
4007,3915
1293,3615
2653,4912
3737,4791
3298,4679
2990,113
1933,55
1605,1834
1140,4963
4543,4772
2003,4775
3378,4750
4203,4803
185,1831
3956,4906
2440,50
2871,2843
4247,2790
2054,4753
384,4669
1427,117
3059,319
2480,4939
1254,2820
4120,5063
1427,4743
4619,3615
233,2774
2391,4986
1557,4971
1986,15
1917,1817
2592,3
2873,3914
2240,4763
3734,2809
4567,3914
498,4761
4567,4668
1636,4731
3547,1732
4318,3615
801,3878
139,2837
2150,5019
225,4682
29,2787
981,4946
2585,4861
588,4897
4507,4635
3965,4669
3430,4264
4572,48
3785,4885
973,4889
3753,4988
598,4915
1215,3884
2542,2785
485,4788
4455,1861
1303,4763
169,4856
986,12
3288,1844
1123,1839
4665,2800
147,114
2021,3914
2646,1816
1321,2849
2643,4676
2110,4669
4146,4913
1627,4848
1227,4885
1491,64
5025,4885
1900,2786
1191,21
2718,2787
3153,4669
3943,2854
2606,2855
553,4668
4505,4903
1341,4897
2747,2855
355,4733
2437,2785
735,62
3327,2782
2343,2856
4520,4997
3544,1727
301,4735
4412,4755
1068,4738
3807,1832
1389,45
4363,4894
3893,4763
4512,4782
2283,4995
784,4956
2647,1833
2433,5001
2392,55
3084,4944
3867,1730
454,69
3374,1846
1539,4741
671,4801
4466,4685
4562,4613
738,4779
3382,3877
4201,2845
2925,4956
1647,4829
2746,4683
4293,1845
3627,1849
561,1838
365,4682
2171,1788
3968,4727
4363,4685
2577,4947
926,4768
1509,113
4180,4896
1897,4784
1535,1837
1957,4763
2861,318
3602,8
272,2840
3173,4930
1202,84
819,4993
2018,5019
988,4677
3049,4801
3053,4932
3617,1851
1869,4858
4151,4829
4050,4772
4225,4955
647,1842
1375,1861
3731,4790
625,80
3785,2854
4017,1860
1630,4909
2712,4883
640,2841
1353,34
96,4883
1426,1838
3414,2853
1632,5073
1104,1846
3710,3882
4662,7
2612,51
3124,5
3637,4817
1939,42
1469,4729
4108,4681
4422,2800
1019,3881
4486,1833
374,4770
491,1732
1021,4797
3393,2764
4400,2820
2153,53
3644,55
2553,133
4496,67
2563,3924
2755,4670
773,4915
1515,1737
3993,4897
4270,117
2955,2798
1292,1725
4438,65
2974,50
