2382,4267
4172,21
3027,4914
4413,285
580,4723
1595,4792
983,4694
167,13
4384,13
440,2810
3953,52
4542,4906
1305,5019
518,2764
3837,2790
1635,4920
2286,4971
5079,4778
866,5074
2601,4682
2714,50
3212,4684
2734,4856
4334,2854
3892,1834
570,2833
475,2783
4980,2831
3354,117
1745,4672
4528,1896
3266,4916
3193,4876
4146,4742
1385,4862
3788,4753
4341,16
4726,114
2792,1839
4984,3924
1868,1837
957,4926
572,284
2385,84
3344,2764
648,1731
1668,2835
4261,2829
103,1735
2102,4978
1443,4764
2478,2781
1148,4760
3526,4910
1810,4672
95,1732
1226,114
2509,1842
4114,4764
1403,2846
4500,4741
912,4686
5023,131
3576,4682
1866,34
2088,2841
1270,4894
3955,4669
1568,1748
3221,4929
2121,4790
4167,2826
3300,53
503,4793
2184,1827
2932,5004
4252,4971
2692,2867
2408,2817
2405,4876
1711,1856
3242,2785
4298,2857
1652,4972
1385,1851
1138,4994
783,4921
3593,54
893,320
4498,2810
399,61
1276,4884
4798,4965
1604,2658
1985,2784
3890,4267
1391,54
3186,4249
4604,4654
474,1808
19,3915
3888,4972
2402,4678
4004,4741
211,2823
480,1740
768,4870
4302,4737
1494,7
4144,4250
3372,2827
1853,2808
4034,2847
1925,1836
2964,1857
1646,3885
3149,4775
4068,2658
1093,4265
3729,284
2884,15
123,2835
3589,1848
4489,5020
625,4993
264,5074
105,4728
1331,53
484,1856
2588,5074
1231,2848
2043,4971
2651,4994
3756,4969
4381,4905
2480,2846
4520,1728
1666,4736
243,1849
416,4938
5030,1846
975,4913
2369,4671
3963,4946
2134,145
2727,132
3324,64
2968,2849
2572,4994
2775,4741
2138,4919
4283,2822
2355,66
483,2825
874,3886
2631,2789
722,4882
3313,4858
4646,4684
312,4754
3532,283
1286,4776
2331,4914
3122,4946
3275,4755
1781,4885
202,2865
720,1857
4794,4264
4044,4773
4959,4886
1703,4778
3973,1788
1214,4920
2683,4694
4663,4883
1649,2856
111,1837
2678,1848
777,67
1651,2779
3242,2841
4137,2825
2265,3885
1289,4688
4095,4728
1613,4830
1949,132
2899,42
1185,63
1190,1832
1180,4766
560,4671
4898,2783
2740,4962
467,2854
2476,56
3250,2855
1544,4862
697,3885
1531,42
4410,2853
3140,4918
2605,4797
264,4752
3254,3882
94,1842
1152,4919
1309,2811
3594,4904
3004,4689
4233,4801
4170,145
2381,4654
1868,58
1074,4251
1575,4676
3225,4832
2504,4776
4400,2810
3693,4820
1826,4849
150,4734
2974,1856
1388,38
3140,4731
3435,4733
3858,2790
2478,4879
1425,4748
3133,4249
1947,4832
1601,4965
3405,114
1354,116
1276,2798
3225,4956
2175,4769
2759,2785
3470,4953
2634,5074
3904,4998
1280,4678
4364,1732
4447,4728
643,4787
1948,4800
3125,4749
3233,4964
2344,318
247,4815
1940,5064
4393,4677
4332,4686
3033,1831
3141,4249
3827,5069
3638,2827
4208,4819
3125,2796
1298,4747
3805,1818
1466,4697
294,4829
995,4896
4221,3924
4043,1846
560,283
2677,4682
2527,4695
594,4786
4698,4944
4477,4250
3295,4673
2991,2796
2151,47
3835,5077
1198,4793
1552,4995
4146,4910
1681,4897
1030,3
3867,4849
3923,4781
29,1742
1186,4797
4342,66
3970,4870
2089,2831
4575,4883
785,4896
3971,116
3566,2810
388,318
1366,117
2510,1896
2307,4686
4404,2796
4305,2849
1753,1849
771,4668
4403,4749
4122,48
1956,2818
1035,1831
552,4781
3469,4654
4009,3880
4597,4848
1017,15
2928,3886
1506,4773
565,1837
4639,1835
3993,4720
1692,114
912,3912
3575,4253
3044,1847
1901,4764
188,2811
753,2810
454,4858
1912,4266
1451,4966
4278,4792
3968,3924
2963,4775
790,5075
5054,2844
4480,38
3257,4751
3461,2826
3793,2858
870,4769
1634,5066
4456,52
647,5000
4616,4728
4337,4888
1595,4938
4342,2823
1106,61
3939,4998
2674,3915
4623,5073
1367,4958
689,4947
3184,4965
1263,4889
4098,1844
3835,4755
4491,4919
1607,4965
3909,1728
1350,4251
2761,1818
1786,4856
205,4919
2492,2794
1471,58
3118,4737
625,4696
2068,2857
4424,4741
388,1728
2139,4791
1375,4935
4345,4690
1666,2827
1073,2817
2882,5019
2385,4817
3697,2822
1269,2817
1937,1857
1471,4986
3676,4936
4153,4884
1169,4919
2517,4688
4443,4670
4705,1844
4369,4892
3116,5063
3306,13
1787,1862
2123,4694
918,4680
4622,1844
2193,4772
1763,4741
714,4738
659,2844
864,4890
2868,2787
1331,2845
3845,4819
3262,4671
73,4996
1524,4965
4165,4993
4404,4688
2777,4759
468,5004
1109,1845
3725,4675
3984,4803
2686,2824
762,4968
4758,4754
1354,4692
2873,4673
2124,4861
346,4966
3178,4739
772,4766
3966,2816
3490,1727
2285,4686
2159,5077
2916,319
2431,4897
3724,2767
791,4720
3108,5000
1612,2765
3792,4862
4837,70
3818,4693
3446,4786
745,62
2578,115
3810,1737
804,2856
492,2820
4500,4265
2364,2843
2027,4685
3660,2798
515,4993
473,4678
4590,2855
520,4969
3028,4956
3446,3615
4414,4920
2233,2826
5039,4731
1278,2816
3697,5020
4445,4885
4646,1847
2334,2768
4379,4932
3528,3878
753,48
1049,2839
4095,124
1470,1857
3458,9
1294,4935
3770,2818
293,46
200,2803
3354,4670
2252,4267
378,2794
4516,66
2291,4791
2662,1742
351,2781
4355,4780
198,4797
1852,4720
234,4746
4360,1725
1430,2845
311,2779
1751,4772
2717,4849
107,42
3289,4938
535,1840
4622,1808
4442,4673
2512,62
1686,2821
3825,4249
3128,2827
4711,2856
3928,4830
1140,4250
2660,2800
4210,5063
4710,4820
4221,65
566,4777
4463,2856
1708,2795
2003,4749
517,4896
1002,55
4581,4769
4210,1726
147,1726
3266,2800
884,55
4804,4751
615,4697
579,4831
1178,69
742,12
2101,2860
3246,5063
597,4880
31,4958
1418,1846
111,2832
4227,4817
4841,5004
3191,4856
2536,1838
4449,1846
4315,4920
2520,4635
1141,5001
2046,4697
1421,4266
3295,4831
4162,68
323,4773
3415,4779
1072,4931
1401,4773
2495,2764
3395,4935
1802,4669
2,1840
938,2856
3922,4761
909,4728
4467,4912
4554,1808
37,1818
1937,4679
711,4902
90,4892
2395,4998
93,4908
519,4816
3789,4905
4714,1728
4173,4896
4933,4779
2403,2849
954,1827
3931,2841
1296,4727
3210,1817
3620,1740
2399,4249
3305,4754
4661,4913
3785,4760
382,2785
1179,2811
4144,4803
4283,51
4141,49
1477,4954
3480,4930
2668,4929
1666,4850
1392,4681
2970,4962
1299,1740
405,4741
4838,4772
3557,4991
1094,2855
3899,4911
3726,2860
1210,5000
3393,4947
3753,4774
3674,1836
781,4267
2718,2822
1685,4761
535,5073
4636,2800
1591,2795
739,4970
4466,46
689,4692
1280,4965
2109,2765
2142,4912
1628,320
1600,3913
2578,40
3185,2798
450,283
3720,2767
1365,4883
4167,4750
3942,2783
1064,3914
688,1847
2919,4958
152,4952
3393,70
1406,4997
1328,51
3139,4731
676,3883
522,3505
2742,4817
2874,4681
4823,4910
5028,2851
2320,1817
4588,4970
4477,4249
5041,1808
1453,3914
1779,16
345,51
2021,115
251,4688
3119,2827
4001,2854
4945,2841
564,1862
2644,5000
3008,4900
1944,2774
2351,2853
188,4870
4121,4671
789,2779
1010,4965
505,3878
751,2857
612,1845
4636,4685
361,2803
4443,2817
4425,4878
3308,2829
4083,4816
2695,11
4805,284
1097,4792
246,1849
2291,4892
1578,68
487,1
2336,4818
674,4938
2726,2818
4705,9
781,115
2091,4693
1622,4956
813,3914
2426,4697
484,4765
88,4766
4400,145
916,2838
254,4654
4758,2864
2428,4674
2309,15
168,285
3958,2795
1937,13
2258,4788
4313,5066
595,4831
485,4998
799,113
2043,4720
803,114
779,4884
4841,132
3159,1831
4279,1842
4201,1817
1174,1818
3416,1860
3665,67
4423,2847
136,2844
1647,2867
2933,1735
3645,4613
1011,21
1201,69
2077,4692
157,4907
2235,2855
3848,5064
791,1856
1318,4760
1005,3912
412,3879
773,4930
1365,4248
1756,4856
870,4883
2595,4783
4610,2781
1189,4997
2216,4779
19,4676
4491,4918
2028,2776
483,4882
4637,4901
4601,4829
561,2821
3381,4783
492,283
2555,4952
4867,4855
149,4831
4516,2774
1319,113
4592,1844
5054,4998
1819,4250
3288,5064
507,2779
3046,4668
4649,4904
3646,4968
1649,4788
1883,4771
3509,4760
894,4768
2675,4870
1544,4791
241,4829
86,5000
4125,4890
1562,1842
3750,4691
3287,4953
222,2671
4417,2811
2243,52
1800,114
1866,4832
2685,48
3711,4939
3790,4915
2262,4891
572,124
915,1841
2180,2798
1171,4251
1654,4910
4710,4958
1877,1833
3666,60
4364,4907
3146,4736
2278,2864
382,2843
4539,4858
3600,4965
643,4989
4629,6
2746,3885
4571,66
583,1730
3769,4855
3019,4971
1803,2821
3413,2779
678,4897
3366,319
276,4669
3529,4894
3009,2854
4071,1834
1022,4761
3351,4685
2879,4737
4235,4749
3406,1727
1984,4940
2931,2658
548,2860
956,4769
2202,4996
2385,3886
1159,40
193,4862
849,15
4387,1827
773,4774
542,4738
579,51
4141,4989
1232,4879
3692,4957
763,1726
518,4986
4498,2827
2306,113
2082,4861
613,2788
1668,4905
3335,2784
3075,4930
272,2789
2537,4992
1119,2862
3154,1732
1162,4793
4605,4876
3953,1740
4068,4248
4080,46
2011,124
3128,4766
4565,2779
950,2796
4121,4678
2489,4876
4043,4884
2591,4727
3013,4672
3530,4730
3702,4860
1265,4891
3150,4695
1381,1725
631,50
1911,4741
862,4762
4665,4671
3280,4892
2739,4746
1462,1857
4366,4681
2680,4934
977,1846
1821,4900
3289,4937
918,4693
2552,4692
629,4728
981,4890
2512,63
1360,3913
1373,4916
4273,4885
2939,4913
3629,1735
4235,1844
4028,4992
3531,4696
4482,4952
4745,4934
74,4892
3989,115
380,2853
1969,5075
3526,4872
3894,48
230,1827
1611,4818
3142,1860
2197,4847
4715,4779
2331,4729
4391,4883
2612,1834
4471,2773
3725,4936
2132,4987
3842,2800
4287,11
926,4908
3414,55
78,133
3553,2765
2412,115
3086,4781
3842,4951
2111,5020
4599,4819
4844,2862
4337,4903
1699,1847
2048,4979
3342,50
1312,2853
391,2858
4365,4872
4565,4816
2265,4936
3728,2833
1483,4720
1500,1725
2458,4896
1037,5070
2051,283
267,4266
984,5000
3460,4935
3818,3883
2229,4720
331,1816
1657,4789
3352,2774
3822,4669
3169,2658
4405,4250
2359,4694
309,4674
2000,1729
4293,4730
4647,4266
1033,114
4515,5063
1032,2794
4378,2844
3759,4961
1799,4787
1691,4906
2588,4993
3097,116
3442,2847
4005,4694
1182,4787
108,4783
3374,4991
4279,2781
852,4830
3344,2838
221,1
3864,4878
1063,3505
817,1850
4814,2813
2707,2782
230,4969
1683,1732
1780,1728
2301,4248
3067,1861
3246,4759
2568,4890
4524,4885
1257,5070
1084,62
2497,1808
2031,4789
827,2835
1322,4978
2580,2813
4417,5064
4054,1857
451,4891
3144,1732
3747,5004
1071,4738
2956,2867
1479,3505
2652,2790
1539,4760
2142,4800
4186,1
3394,4958
3027,4891
289,15
4137,4831
3195,3877
588,4787
991,4790
2136,4791
884,4761
1792,2773
2334,2831
3664,4926
2274,4675
924,4780
1946,1849
517,2847
2023,1845
4227,42
3187,3505
3542,2789
1883,4678
4416,113
4134,4884
376,4675
608,5065
496,4903
2979,2853
4095,4988
467,5001
3171,2858
3521,4763
1927,4685
2981,2796
364,318
770,2767
99,1735
0,2787
2087,4738
4308,4880
3663,113
620,15
3386,2779
426,2768
1426,4782
747,4995
3193,3879
1065,2827
1471,4791
4050,41
2301,4954
916,2839
2288,4683
4468,4889
4268,4673
3267,4694
3696,4676
954,4961
1398,4972
479,5070
2861,5069
4184,4668
2182,2784
2512,2658
2535,4761
1105,4940
2252,4784
2037,4683
4591,5
3955,4789
4387,4997
2924,4687
3225,4926
2194,3877
4170,1734
1544,2773
4326,4929
135,4787
3847,4778
3856,4786
2608,4690
2623,4961
1583,4913
2763,3885
639,1734
3859,5065
4102,50
675,4695
1643,66
4565,1788
4202,1734
1815,4733
1412,4987
4835,2846
1072,4800
3771,2833
3730,4902
4810,4884
616,4753
1060,4674
1531,4697
2075,13
1318,4761
2954,4887
5033,2840
1008,3877
2609,4267
2202,4675
2133,4829
4802,42
3604,2844
4155,4939
3517,4856
4526,1838
2167,2846
551,117
1321,2818
3388,66
3218,4989
2699,4887
995,4668
211,4672
2212,4735
4708,4799
3274,41
2934,4739
2199,4772
890,5018
1413,12
914,1742
3185,1731
5067,1857
4236,4784
4434,2794
2625,2776
395,2820
590,4901
2751,4265
2942,3913
1131,4694
1295,4673
4506,66
1151,4635
695,2837
3853,5064
1560,2785
4186,4889
1641,1818
2905,4797
1527,2789
363,4773
1934,115
2361,4728
1705,3881
1667,2824
262,4727
29,4248
717,2783
1161,5004
1710,4253
3198,5019
2101,46
1719,2800
1241,4785
3057,1849
3790,4771
3415,3878
3662,49
1611,145
3392,2773
5060,4776
2157,1732
3277,4997
2119,5075
4700,15
3946,4987
4230,4856
1076,2799
2901,4786
2417,132
1438,4774
891,1848
2509,4857
3433,5077
2893,1818
3087,3878
1064,5074
3634,4264
3661,41
3796,1840
593,4751
3066,4693
3138,38
1432,285
3045,4857
2744,4769
1385,1848
3194,2765
4024,42
878,4683
3285,4847
4026,2772
3616,4908
1149,12
4561,4728
1704,1843
4362,4731
2112,4905
28,4952
880,4266
1637,4848
2099,1725
558,4903
2597,4654
4019,15
3859,2786
1105,2851
2542,2831
4163,4858
1005,54
4442,4248
2966,52
3690,2826
3438,1848
2729,2844
4756,2781
1989,4793
1458,4732
4025,2772
2198,285
2563,4848
3079,4776
1301,2867
4866,2800
2269,1788
3361,5016
839,64
3014,4267
3850,4761
2052,5069
2501,2841
1854,4668
4213,6
1281,2776
1284,4777
192,2772
3567,2787
3687,6
1678,4729
3958,1740
129,3877
629,4679
5023,4693
1700,4669
1865,4730
1352,4739
2336,4891
4614,4743
969,4961
4247,4970
2348,1742
551,5004
324,1851
2576,2848
954,3882
4447,4963
4381,4902
3795,319
354,4733
3061,1845
799,4978
5043,1841
1933,15
3756,50
10,2773
2736,2841
3750,2796
738,2831
213,4946
3471,145
4036,5001
609,4918
2495,5065
619,5020
3584,114
4837,4910
717,4904
3587,4986
3504,2821
4344,4679
2039,4956
1794,8
2985,1832
3351,4801
3985,1847
1659,4969
2954,4956
1812,2864
2596,4774
3667,4957
340,4760
522,80
4725,4987
232,1856
1966,4952
2976,4971
1543,4989
382,5069
1077,1843
2164,4954
334,4720
4367,4761
848,2825
4450,4961
659,4910
2380,4946
4295,51
2994,5074
3953,4951
4515,2855
4497,4816
2255,1742
4367,4878
1055,1857
729,4938
2713,4830
2151,1857
1147,4857
3041,145
1140,2823
2446,4929
3521,5020
3548,320
1414,4891
1713,4858
4836,2847
594,4990
2370,2843
2932,45
4327,320
3729,2823
1945,2867
3473,4770
1346,4896
1339,4265
4065,52
3430,4654
4347,4832
1622,4692
3289,4746
171,4849
3328,4751
2504,4779
2266,4886
347,2803
806,4885
3762,4903
112,4987
354,4940
3202,4815
4807,4730
5023,4681
548,1832
422,4765
3846,2827
2740,4769
4563,3877
576,49
3851,4951
2012,1742
2511,4883
3093,3884
354,4782
2221,4681
2309,41
2289,4966
1649,285
2926,114
4564,4788
2223,4779
2428,4783
1702,4793
2663,1841
1801,4613
933,4673
3043,131
1072,3615
2701,2829
4230,1725
1922,5000
1611,1846
4352,3883
3314,2790
2426,3883
704,2846
1549,116
2582,4800
2264,4913
2458,1833
134,84
3501,4956
2745,2843
1766,4696
369,4919
3146,4253
1077,4728
1719,42
852,1848
4408,124
2531,4791
1680,4930
679,1849
2282,4856
469,4880
4575,1
3494,4754
3623,283
4141,4932
109,4687
1408,2776
1138,1831
4310,1857
3726,4971
1369,2845
525,2829
4622,132
841,1841
4220,2829
3112,4849
2153,4888
863,1844
2555,5020
1717,1837
4191,4799
2653,4751
1528,1833
451,2786
581,1855
2165,4890
4596,4972
3614,2767
4659,4678
337,2794
4566,5004
3202,4894
1768,63
782,2773
1484,4907
1035,4687
702,4996
2305,4729
3447,4892
1260,1818
3008,4723
3644,61
167,4760
1446,131
296,2803
1864,2856
3834,4935
3558,2843
3740,2823
3503,4751
2126,4957
4157,1851
1118,283
760,5075
3899,4737
3349,4768
3919,4674
256,2829
699,4912
2995,3884
1510,4248
912,4792
4590,4855
87,4690
125,4763
4507,4762
1658,4654
1353,4995
3568,4765
315,80
4534,2817
4370,2846
3243,4880
4329,45
346,4993
799,115
333,4741
1331,4965
1513,5002
1222,4734
4510,133
547,2823
4619,4815
3183,4731
1461,4635
4432,4873
3299,4938
661,4776
451,63
1062,1817
2647,1851
2255,2821
3719,2825
142,2827
1705,2823
917,4900
1486,4911
2133,4971
1955,4679
2886,4908
3110,4748
753,1841
4268,2856
4285,4998
3507,40
4545,2773
3314,1846
1746,4771
143,4728
2086,1835
724,4926
1796,2787
4711,5002
3931,4674
4168,4890
3861,4910
449,4917
4027,4634
244,2810
488,5069
3931,1742
2324,4930
4504,2768
205,4997
2739,4965
1530,4264
3051,4634
4083,2767
2135,4815
2209,4681
4030,4926
4161,2823
1319,4747
4411,4994
784,2808
3802,4684
4163,4782
3840,4897
3378,4768
3370,1733
2913,1730
1015,4720
4082,4249
3490,2866
275,5016
2950,4916
1406,3882
1653,4947
1527,4907
262,4938
1533,5077
1008,2844
3000,4729
4822,2857
4159,4248
4419,2843
432,4848
4943,3924
3927,4267
946,69
2637,218
2374,4952
1486,2851
2602,4855
4433,4944
3198,5016
523,4689
337,4678
43,1896
988,4790
994,4919
2298,4785
558,40
3663,283
745,2843
3256,4966
3871,1838
4794,69
3677,4856
4082,4917
172,65
3150,2768
702,4265
4615,70
2778,4860
1664,4775
3718,4734
92,1896
2549,319
3407,4903
2450,1726
4381,4741
3638,4992
3617,66
2151,4771
136,4718
2213,3505
1356,2841
987,1862
3470,4769
1497,2784
2048,4969
2871,4635
3037,4879
3995,4937
3855,4918
1134,2826
4493,3885
4535,4957
2524,5065
3975,2809
4370,16
3389,56
2463,4990
130,3505
1703,4738
1175,4926
4590,2858
917,4634
586,1834
4530,4741
1350,1816
3330,1849
1977,4970
3463,1827
3566,4267
1449,1837
1570,51
3352,2812
1432,4988
457,4264
2317,2843
286,2809
544,8
1991,2786
3796,58
4293,4996
3091,4265
4225,4695
4156,4861
4311,1835
3594,4912
1462,2799
2200,4729
2615,116
2791,4883
2650,2846
2503,1726
3561,4673
4430,318
1791,4718
2178,2851
4636,1856
4080,4686
2724,2847
2409,4742
3811,3914
1347,4916
4510,5064
547,1835
2077,56
2508,4860
3299,4695
3575,1839
2724,4920
740,1730
3372,4988
165,2786
4156,2854
3562,4677
1738,4817
3534,4248
2513,1748
4745,4791
100,1836
4116,2824
1629,4889
357,4791
201,4672
3809,1849
874,3882
3404,2855
5032,4916
471,1844
1640,2813
1479,4832
692,4790
18,4888
4289,4731
443,3505
717,50
3504,2803
2583,1849
4219,4951
1721,4882
4087,4829
4229,4743
1925,3885
1656,4996
148,4861
1346,1860
1229,4672
4123,4634
4293,4934
554,115
1657,1862
1276,116
608,4784
3478,124
4864,4739
3509,4781
4605,4720
3241,5063
608,4911
1531,46
4625,4830
158,1896
520,2857
260,2796
4973,1842
3388,4993
4594,4978
4159,4931
1256,4890
3151,58
212,2765
741,4830
418,3880
4319,2853
2399,4250
4967,4729
1751,4820
3344,5077
1900,4971
2351,4754
4600,2837
3609,2795
1791,4755
4454,63
934,2846
3860,320
2021,4815
993,4775
1654,4884
2359,2794
2156,2855
1188,4912
247,4916
2375,4979
2586,2782
4011,4929
964,4940
3230,2847
1588,1737
3263,4697
2317,3914
1110,4736
3493,2851
3605,3886
1509,3913
1884,4772
1517,5069
314,116
2733,2798
83,1841
3385,115
437,4738
4623,4266
4352,3884
3007,2776
4758,5064
2595,2658
3494,4902
2003,48
3946,4690
2345,4912
179,5064
1633,2776
3650,3878
746,4908
1941,4995
1219,4676
3474,4692
3821,12
2218,2788
4123,4824
2890,70
3857,4734
1030,116
1778,4873
2913,4935
1747,4855
2357,2764
149,4792
2286,1846
1310,5019
1384,4771
1394,13
1698,4765
2162,2840
4725,1834
138,2843
4950,1725
2771,1731
2925,4265
3641,4766
1404,4733
2179,2846
3191,2816
5041,4921
379,1727
3073,3915
1165,4746
3782,69
2069,1843
1927,4687
1769,4783
4826,4768
3146,4902
4493,4911
3954,4762
1796,4951
1340,2799
2199,4934
3504,4824
2097,4996
3974,1838
4188,4965
2585,4818
2623,4783
4119,2786
653,2833
1496,4760
2542,58
3276,4688
2656,4937
1763,4858
1006,5064
2032,49
4279,132
3486,4858
103,1839
4113,2858
5062,2817
1161,4720
1443,3913
3888,52
99,4861
808,1840
3153,4753
423,1737
3965,2822
221,4914
972,5070
2337,4964
1301,4996
3325,1740
1614,2816
1659,4677
4130,2781
1490,9
1183,62
1554,4685
1382,4978
1158,1896
2686,4736
1647,4729
1634,4904
1581,4688
1107,4965
1496,1849
4552,1737
4651,55
4508,4692
5022,4886
3041,284
413,4687
3517,4741
3710,2790
658,4682
1983,4957
3730,2821
1036,2822
3075,4971
3837,2785
992,5066
3087,4937
3101,4669
1912,4946
3593,3912
4382,2774
3258,4677
2097,1827
2504,4904
620,4766
2909,4759
927,4248
3003,4735
2943,320
2096,4785
3936,4800
3611,4820
3177,2824
2482,2822
2681,1742
3525,4783
240,52
4464,4788
2339,5063
2580,4751
1018,15
1160,4718
604,1860
4146,4739
3363,117
436,4669
3491,8
1639,4965
4086,2823
1207,2789
2020,4892
3927,1730
461,2843
1013,2846
3392,2825
3917,2772
1759,117
439,4696
2232,1845
2554,2829
3083,2820
1084,4939
3057,4906
2456,4784
653,218
1087,4997
1959,1732
473,2658
1997,4265
441,1832
1648,13
932,4958
1350,69
2617,55
528,12
1588,4877
4103,4855
902,4978
1405,4830
2836,4799
1715,145
2485,2820
999,318
4418,3886
2484,4817
4016,4748
4378,5016
1880,4978
3917,2840
5035,1861
3461,6
2635,4956
369,1816
342,4850
3747,4678
1761,61
2910,1817
1935,4890
151,2809
4171,4743
1305,3883
624,4266
1244,2800
812,4920
3380,4896
1393,4730
2924,124
3178,4931
1153,116
3012,2848
1134,2827
3008,2803
1267,4763
4076,4671
2279,41
1641,67
488,4906
4798,4680
3962,4738
1394,4762
2002,4880
1484,4671
3534,4635
4823,4672
119,53
3926,4964
3175,1832
1574,4613
3844,1843
1289,5000
712,1728
98,4683
2936,1850
1925,4890
4088,4887
2890,2839
2651,2825
236,21
1790,2817
2852,4828
1779,4947
5015,4799
2877,4788
2661,4941
4147,4910
4112,2831
1938,5074
1477,4672
696,1726
1494,4877
544,4751
4010,4944
2736,3
2386,4755
1587,4739
3534,117
4644,4760
1143,3879
3163,285
716,4687
3700,2808
4261,2860
3083,124
1757,4779
1893,2767
5038,4879
4321,2794
1359,4996
2488,42
2223,4753
2279,4937
1601,1816
3290,1851
357,2808
509,65
726,4903
4616,4935
3647,3882
1331,4956
2388,4918
1348,4870
4522,5069
1391,4768
661,4734
826,4671
666,4872
3718,3
2263,2767
5013,4817
2335,4734
608,2824
641,4993
2459,54
1640,2671
1326,1832
1245,1832
1663,5074
2719,2789
4522,4847
1997,4753
1476,12
386,4962
4177,4915
1357,4728
148,5016
4397,1851
455,1860
596,2794
3972,63
4949,4679
2383,2838
4586,2795
2573,46
1340,4892
1718,58
930,2785
2375,1726
2320,1856
3270,3885
3891,54
370,1726
3723,4940
3242,2818
3439,2786
3012,4965
3513,4920
1454,1831
2583,4738
3863,21
4898,4876
897,4931
404,4917
1664,319
755,4896
5048,2848
4060,4755
1390,4991
3629,4941
3049,47
2523,2764
878,2798
4094,62
4473,4905
4854,2814
1331,2856
3975,131
1182,4801
3429,133
4805,70
2056,2816
2153,284
3629,124
1614,1856
2801,1740
3253,4784
2228,4946
3423,4671
3670,2816
554,2818
633,55
3890,4727
4456,1860
2745,49
1598,4988
605,4737
3337,4830
1736,2820
1193,4910
547,65
1755,4784
1366,4883
2518,4873
4543,45
3515,4267
2932,4946
2988,4764
2288,2829
4633,3881
266,67
2475,4723
1367,2823
2032,4970
1719,5002
2034,2811
4174,2854
4299,2810
2652,4877
111,2864
572,2854
3634,2784
674,38
1807,2808
3580,4772
717,68
1240,2811
2059,2818
1600,4876
3126,4971
3382,4938
2401,1
2381,2839
1250,4915
598,1848
1190,3880
3931,4728
2653,2783
2594,4267
137,5065
673,4751
2259,12
3342,1839
4460,2812
1498,5077
4593,4873
774,1734
3465,4789
880,5074
3783,4994
1110,16
2130,1841
1810,2790
1967,4936
4369,4762
3654,3877
327,4931
2125,4727
1510,2784
4744,4873
3570,4752
233,4733
3206,4738
340,2790
3232,4932
4568,4672
405,4946
4005,4727
3430,3879
3853,4739
1143,4971
3255,4692
3537,4951
4591,145
3197,4742
1546,2800
1964,4998
4001,4818
3669,1860
2802,38
2916,2846
471,4772
2039,4723
610,4816
1544,2776
4362,1735
139,4777
4440,1839
4431,2858
2517,3878
3134,1843
1325,2826
2455,132
1709,4856
973,4676
1645,2854
4980,4956
1184,4988
2036,13
2578,4832
2375,4762
109,4879
2530,2764
227,4883
3097,4917
3076,61
1813,52
4155,4940
3105,4680
3213,4669
3329,3879
1712,56
4630,4831
905,64
1177,4784
1809,2794
154,4668
1029,4800
1983,4739
3892,1840
19,319
102,4905
4066,4720
3974,4903
659,4678
3492,2862
2304,4995
764,1836
1928,4741
1640,4751
677,4903
4122,1861
1787,4817
777,4830
3875,4681
2987,1816
212,5074
1097,4696
1412,2817
3445,4920
1396,2864
4089,5020
3826,2841
1891,4860
2301,1896
4311,4738
3018,4820
898,3884
3782,2838
686,1847
2508,4905
2628,4958
1255,2831
1176,2833
3268,4878
2157,38
539,4784
3257,4782
4619,52
437,1840
652,4670
1706,4253
2565,4759
4652,2824
2929,38
1379,4873
3061,4906
3856,4896
4223,4885
3709,1850
541,4783
1454,2781
674,2835
2046,2787
3613,52
3308,4780
527,1845
5060,2843
3204,4880
2139,4906
3136,5002
275,1845
2868,4877
4470,1844
2280,2787
3990,4674
932,2790
2506,4682
4259,2773
2449,1730
3292,4788
722,2825
3205,4891
1246,4921
4000,5000
797,5
2734,4668
1988,4969
524,4251
1566,131
2074,64
3653,5075
119,52
856,2818
59,3881
3866,4889
569,4727
891,52
684,4635
1916,4746
5084,4681
4030,4267
3445,4681
2037,4266
496,4883
2994,4766
3754,4265
2609,40
3722,2794
2019,4832
1803,4671
3166,1748
3257,3884
413,1856
616,3924
3566,4730
391,4688
3777,5065
1636,4696
1192,4785
4226,1816
374,319
337,4742
638,4692
2037,4989
4027,70
1570,4832
1752,4803
1520,64
1091,2867
4509,2840
863,1730
771,80
5012,5074
2737,4787
2098,2764
691,4849
1101,4998
1322,4728
3861,68
1303,4847
2578,2857
4073,38
3708,1843
3042,4265
3340,4800
3114,2822
3838,4932
2040,4747
3079,2813
4280,4957
731,4879
2380,1726
4923,4958
1685,4849
2214,4965
3752,5069
4619,318
400,2781
1619,4783
3155,2786
1089,4936
494,4736
106,1729
2094,4782
1902,2851
4867,4996
1426,2765
1413,4901
4422,1832
3062,4891
4423,4909
2078,4791
1206,4741
569,1845
2023,4779
3969,4990
2314,2824
3404,4930
2372,4903
3889,2790
1167,1827
2403,4788
4236,4998
3931,4748
3623,4818
2122,1817
2583,116
1688,4770
1173,4902
1229,4734
1284,4916
2302,6
3559,4692
1319,53
1186,4755
2738,2658
410,4762
2869,5019
4032,4953
4365,15
3003,4774
4271,4989
372,2844
5068,4970
1988,2847
1051,4961
963,2784
695,2857
957,54
3673,4736
526,1729
1854,4831
3118,4879
2627,4880
774,2767
800,4759
1796,4989
3895,133
4161,4729
343,2812
1294,4678
4244,2864
351,3878
3590,5064
937,4969
1908,2814
208,4251
99,2854
1118,4772
3902,4697
75,2860
640,4765
5038,4904
3556,4672
1190,2788
4804,5066
919,4926
4667,4789
3236,2866
2916,15
4663,1725
3975,4728
1676,2803
1580,1835
2719,4857
3669,1808
2724,2658
3846,4847
286,5069
3721,4858
3874,2832
809,4673
692,5063
2189,1843
3593,2809
2157,2788
4322,2846
4618,15
3900,4782
2537,4753
3304,4880
3784,4634
3575,4889
692,1836
1076,4739
3727,2816
468,2827
4620,4947
4110,4693
532,40
227,4935
4822,1
3227,4918
293,2824
3516,4997
4473,2844
1465,2846
2453,5018
4508,4880
2463,4912
1596,4264
1389,4966
599,4857
1010,4879
1586,4760
1713,4746
1019,50
777,3882
400,4979
149,5016
2756,5002
780,4635
3401,1839
1174,2811
3356,4777
3443,1740
4533,4774
1639,4931
1220,4819
2006,4886
2756,4776
940,5019
4051,38
1330,4952
1593,4690
507,3882
3785,1851
4589,1837
656,3913
1074,5019
4352,1833
3130,7
2334,1860
2712,1728
2204,4760
2175,4850
2162,4910
264,1845
3583,1840
2093,4848
4394,2835
541,2795
605,12
3303,3505
2344,5018
420,4747
1270,4917
2707,8
950,4736
3074,2845
4331,4817
2214,1788
2674,4613
3851,4771
4704,145
2703,124
77,4797
4594,9
1059,4944
4514,4751
1623,2764
4033,4789
746,132
5011,2790
4629,4727
3314,4676
3380,2795
196,4685
3498,4751
1466,4901
1871,4998
5057,4969
1525,4747
209,1818
3838,4734
4020,4847
2173,2789
3183,4954
1233,1839
1492,4779
840,1855
3157,68
4976,4763
4116,4988
2132,69
3572,4818
2912,4670
2975,1855
2065,132
4127,4929
1292,4674
4898,3881
3494,4797
1494,2788
2682,4958
1424,2810
3254,4264
1921,4682
3093,4753
1422,4777
2372,4991
3241,4818
2395,4790
962,16
735,4765
2874,1748
1829,2790
2117,4753
3551,4954
1894,4855
2220,4733
4152,4885
1566,70
3288,3913
3642,1816
1570,5000
3605,2857
2230,4850
1631,4856
4288,2864
3536,4815
5071,4873
1441,1728
4807,5000
1703,40
3585,4993
2513,7
715,4892
2310,2776
2476,2800
3232,4961
1751,4766
2672,3915
3281,1843
324,4912
3483,4944
1424,283
3858,4988
4347,2783
2032,4760
4373,4760
2051,2789
753,2831
1300,4986
1821,4733
3859,4250
1478,2849
2392,4793
3451,2865
3357,4697
3362,4913
4814,4988
3233,131
4323,2851
3627,2787
3233,124
4096,40
420,4670
3377,4785
3245,2837
2071,4946
3408,6
4490,4904
2885,4773
1335,4747
4021,124
631,1846
2914,4778
4192,2860
807,4883
2726,34
4512,4831
1417,2847
1440,4937
1116,4890
4328,80
2166,63
1034,2857
1340,4773
4517,1734
3215,4963
32,4785
4059,1735
787,5004
3114,218
4245,1740
904,4944
1665,4894
4422,4773
4608,1856
1571,12
1211,4820
4811,1727
3097,4993
766,2835
3440,115
525,4781
1177,4755
4167,13
1738,1817
4959,113
3451,4678
4327,4915
783,70
2127,2832
2140,113
2350,4944
3145,4692
1096,4961
3156,117
5028,4914
104,4971
730,4771
1002,4940
2343,2840
1532,1844
1135,4913
4852,4685
1687,4830
292,5064
4501,1788
1825,4910
478,4887
866,2817
985,4736
3118,4963
2869,1734
2126,4969
1052,113
4231,2784
947,4732
3106,1727
3391,4878
4170,1862
2428,2773
3453,4801
1132,4991
2443,4961
3699,4940
5056,4803
729,2857
2482,1748
682,4681
3824,4678
3766,4729
4558,16
88,4955
2431,4751
4756,1831
605,1847
1400,4941
3049,4849
3405,2796
1407,2790
405,4828
4710,1
652,4684
2177,4264
3279,2824
4071,4720
2724,1846
220,4909
1969,4784
324,84
1224,4878
4471,2768
677,2833
1490,2832
960,2827
943,4253
481,2856
3191,4929
2582,4779
4063,1845
1724,1861
4432,11
4871,4902
1948,4872
2176,3505
1106,3883
1635,4251
3546,4993
2757,3878
2282,4883
824,4996
1466,4671
1777,1731
183,4832
599,2843
396,4788
2569,4673
3076,133
1461,1
3947,4872
1699,4929
1881,1742
3739,2856
3071,320
122,2809
4976,3884
160,4858
396,5018
677,3884
2019,4897
2341,2866
2695,4775
1677,5019
1320,1737
2045,4897
3535,70
2055,2864
4219,2827
1333,4688
3646,4901
3298,4783
420,2783
2123,4953
741,4682
3568,4265
3263,2832
414,4957
2696,4873
241,4760
2170,4938
2034,4769
4093,2790
4478,218
2287,117
2899,2843
1516,4787
3081,4830
2850,2821
3663,3877
1132,4963
3863,4979
2348,4793
1020,4736
1900,1731
4546,5063
1637,2796
624,4904
4595,4689
2693,4728
4041,4720
3752,4861
1364,4979
4700,4763
389,4694
3376,1742
371,2858
1661,2787
3332,4766
3208,4996
2733,2795
2047,38
2878,4751
5060,4979
2761,2786
3909,2809
4058,4816
540,4935
5059,5
4621,2786
2446,2814
4145,4682
4382,4873
2056,3912
2177,5063
964,2658
1335,1849
366,16
135,1735
2440,4681
4368,4634
27,4670
447,4761
3821,9
2268,4902
4842,4831
4587,320
827,5073
4543,4685
2460,2779
351,4771
3861,4743
4462,4264
430,4747
3079,5070
3034,1851
754,4962
4066,50
1655,1844
2547,2764
3971,2833
2591,4682
1863,4771
2333,4785
491,4674
1086,4855
4716,4856
3129,5019
3863,4672
1859,285
33,2827
127,4735
3140,4768
4807,4916
4051,41
907,2820
2869,318
2471,4830
4535,21
1273,4910
2701,4797
3035,42
203,1816
3186,4734
2746,4691
4597,4857
4155,46
993,4695
453,12
4006,4906
5035,4634
2456,4951
719,4654
1512,4912
3329,4673
1050,2773
3406,4689
1674,4778
4406,12
1399,4669
3592,4904
2674,4787
5057,2812
674,4761
364,4746
4140,1731
3397,2788
1150,4993
4305,40
191,4850
1324,2810
665,2772
4805,5001
1379,4847
3713,4931
4599,4720
755,113
4823,8
2887,16
2219,4692
723,4736
3859,4778
210,4894
829,2671
4232,4770
2893,2808
773,4940
2246,4739
909,4935
470,4743
2747,4734
1711,4819
1676,4938
1552,4920
4107,4751
4574,1816
392,4953
4545,54
799,4264
3016,4685
3850,4266
4043,63
2045,41
2876,5020
1204,2827
1363,4654
369,4738
3294,6
1287,2849
1492,2773
1312,4884
370,1732
4190,1846
2481,4685
4123,63
187,2783
1458,4693
3668,4910
3268,2848
2493,1862
2672,1835
675,2658
4034,2867
155,2773
858,1728
344,70
3474,1842
282,2768
2688,1838
3972,2800
3294,2817
609,1817
30,4820
401,4801
2490,4860
2218,4783
3307,4727
811,4986
4314,2846
1521,1816
3767,4815
1776,4879
3237,5019
1388,4669
4216,2848
2488,5066
3080,2809
3120,4998
3876,4969
2414,1727
2093,4674
2530,4988
2162,1860
1303,3913
2374,4734
929,4751
3369,3505
3841,4971
1222,4815
3028,3886
4463,1733
3826,4916
1252,3882
2650,52
4344,4946
4173,132
126,1737
489,54
1991,4889
3556,48
4238,2860
3847,4741
4521,4671
3195,4777
914,2786
4385,13
2695,2811
215,2818
4417,4900
4422,2772
1494,3881
4500,4946
2496,40
1707,5004
2306,4849
2356,2864
2457,4939
1662,4693
2146,40
33,4891
4821,2839
2320,4994
201,4746
2158,2843
3916,69
3031,1845
2044,4877
853,5069
4309,1748
1616,2864
1654,2840
1114,2810
872,2785
189,3882
569,5019
3404,1835
1096,4996
3584,4856
32,1734
4152,4931
1651,1839
4056,13
1927,4957
3852,5065
3390,2840
5039,4849
4475,4768
1780,2832
368,9
3617,2864
354,84
286,2813
1017,2784
1963,4938
604,3615
299,2814
4187,2773
2662,1729
873,4937
2442,46
1351,49
166,2853
1051,285
1950,4674
1392,61
483,3915
88,4781
4448,4997
968,4785
1998,2658
1091,4782
4220,4248
582,1732
3734,4857
4724,4921
4293,2800
549,4849
3022,4786
2362,4694
4468,4958
3734,4968
493,1832
1224,4689
4288,4695
3556,4669
1455,4919
902,4957
4592,4738
147,5004
3656,4946
2572,4907
450,1848
3216,2803
1563,4634
3613,5063
666,4887
2893,1849
1889,16
2194,4733
4853,2800
1675,4978
1597,2788
2891,12
2686,4940
2245,4746
463,1856
3103,4944
3295,4791
434,4766
4561,5070
4604,4964
2525,40
444,4683
4579,45
4703,4883
14,4941
3075,1832
1676,4882
3261,45
2212,4830
3690,4264
4499,2825
396,3924
2534,2813
1256,3882
2163,2789
1172,4733
289,4968
4327,1861
842,4251
409,4791
1566,2848
3003,4792
280,4815
1238,1896
2622,4921
326,4634
5024,4957
1989,4905
236,116
3064,2813
4186,2772
2209,4951
259,55
881,4990
4334,4884
2267,4770
2667,1849
4373,5004
809,2841
159,4778
733,4966
3649,2837
2618,2831
4527,4696
657,4737
397,4742
882,2768
3895,52
1682,61
3201,1788
572,4635
3510,4746
1511,4951
3001,4970
2132,1818
761,1834
4273,114
2987,4776
1631,115
2149,5073
2584,69
3921,2782
3253,4797
4548,67
2884,4779
813,1837
3466,3882
2343,4934
356,4760
801,4733
1448,4816
2323,4769
4556,4937
695,4754
3838,4966
4008,4972
777,2837
2086,4800
1709,4753
4500,5019
451,4782
4262,4878
4072,4909
4495,56
4600,5074
4439,4971
1332,4736
2235,2832
660,3881
740,4766
1415,2772
1054,1856
2056,4907
1158,4682
2083,2773
1663,4817
4169,4848
1072,47
3137,1727
5009,4819
380,4828
479,48
4271,1728
4276,4937
2150,4685
3985,2810
4159,4668
2312,4962
4806,4957
2061,4900
2174,4791
4648,1735
379,1730
3581,4879
2633,4774
547,4962
3241,1844
3068,1834
1570,5077
1373,1727
3514,5000
1904,4768
2504,4733
4393,2854
4493,4907
3526,4750
261,2826
2336,4730
4446,4910
4217,5063
3025,4799
856,4684
917,2823
3117,4671
1119,3882
4338,2817
1641,4858
2025,4955
1511,4987
1386,4688
3080,2782
1451,4801
4813,3912
3625,4786
3106,2862
1513,4691
4178,4940
2409,3912
1000,2837
2155,4736
2068,4873
3442,1833
3585,2773
1892,4978
1554,4775
1488,1728
1307,2820
4092,46
1638,2774
4836,4916
1865,70
2969,4265
1701,1832
2665,4634
559,2779
4490,4997
2754,4989
4703,2824
4823,1855
3588,4819
3990,4955
1889,4848
3939,4897
3351,4759
2652,1896
1288,4926
1554,4681
4511,4738
178,1833
698,2860
1685,5016
1461,4920
778,1860
1942,2776
252,61
2211,1847
3050,4787
3483,2765
4399,1725
3023,4777
796,4824
1618,4739
578,284
1557,60
496,4797
1188,3505
2259,4997
1807,4747
3931,1733
1638,5004
3926,4956
3622,4905
1548,1844
3985,2790
2502,4939
1198,4940
2219,2860
5054,4888
2757,8
1010,4992
344,2867
2468,1833
2500,2835
1322,48
4307,1850
3401,1737
4726,4784
841,4669
2512,4820
853,3878
4569,2831
3673,1737
2713,1847
3783,4737
3728,5001
3919,84
3037,2846
561,4671
3794,5075
3284,5064
2416,2803
4199,4887
538,4780
4421,3881
4441,2795
3673,5016
2907,115
3487,4986
1471,4817
4311,4910
3442,5020
4067,4935
159,4992
4229,2851
4609,4857
83,4678
2634,4912
2314,1862
929,4750
984,2862
3543,4876
800,4253
446,4679
3975,4674
1641,4993
1188,51
4166,4860
3314,2776
2759,5069
1017,4902
2569,9
304,4759
2939,2765
3554,4803
1089,4679
4082,2773
1952,2839
4072,47
1211,5019
1530,4770
2630,4857
2942,4799
2649,21
3908,4831
1081,1808
746,4817
4020,53
4030,4739
3105,4879
2051,6
2436,1816
323,4785
3660,67
2290,4951
3502,4970
4565,4790
1955,4855
1532,4906
3655,2788
4976,283
4893,4972
3100,4929
537,4673
3459,61
2312,4828
1019,2786
2050,69
814,4936
1418,2658
962,114
884,4831
1054,4989
425,4732
1181,45
823,2671
2143,4820
2500,52
844,4905
3343,4849
1532,4735
4134,5063
976,1737
483,1835
3700,2816
411,2858
194,4962
4440,2785
3273,6
3278,1733
4429,4635
4268,4946
573,4792
3630,53
1316,1845
3328,4904
832,2818
3832,2845
2584,2855
3949,4878
2736,4990
396,7
3741,1737
4244,2847
1774,4792
4187,4742
3441,4674
4122,4683
4064,2856
1776,4908
4999,4890
274,2786
4179,4944
3052,1735
1895,4946
291,9
139,4884
748,4880
1468,3885
2859,2837
5038,4994
1700,1728
2679,4793
4871,21
1981,285
1867,4773
1233,2817
4269,4944
2540,145
385,4870
4239,4883
4707,5019
0,4731
3151,1844
2742,2796
2645,131
3848,4777
1758,1727
3347,131
4012,3915
4287,4857
889,2837
1429,45
3736,5002
2372,4861
3191,4848
2570,2820
3304,4919
931,1857
27,4775
33,4902
2048,4938
2453,4882
5068,9
1304,40
563,4742
3136,4888
974,4763
697,65
2471,1834
1340,4888
3451,4855
1215,1740
3520,4816
754,4988
4476,4749
575,4990
1665,4747
3388,4792
2761,52
3637,4672
303,67
166,4897
2518,3505
1336,70
3937,5073
3202,4916
1238,61
326,4635
1035,4697
1907,1726
4757,2835
3385,2839
1916,4888
4032,4730
3978,2835
4605,1845
1959,1860
1464,4737
1247,4766
1770,4904
3177,1839
2117,4267
4209,4253
4899,1844
3834,5020
2115,62
3574,4910
2571,4955
4313,4820
2501,4253
2598,4613
4409,4764
1296,1808
4329,4674
2313,5000
3767,4918
100,5073
237,1808
1981,1835
3098,4264
3890,4723
2681,4879
2861,4723
1952,4926
155,3913
4409,4990
785,2827
267,60
2759,2776
2289,34
1661,2785
1120,4894
978,40
4343,4935
864,4759
3257,2839
3233,4994
2479,4909
3050,4907
4197,69
2512,2858
726,4790
2473,52
1123,3914
4822,4883
3254,4743
2611,4739
1238,4264
1268,40
4231,1788
1814,4778
1022,4824
913,4996
3091,53
680,4676
765,114
2746,1818
4603,2860
4245,5064
3599,4690
4026,2855
390,4815
1225,1857
542,117
599,124
2146,4904
4020,4916
3605,4994
4423,4882
2708,4969
1932,1726
4716,1835
4229,4693
1546,4832
3801,4739
3702,2782
2269,6
2134,4249
4474,2837
1937,4968
1389,4963
3901,1844
1532,41
19,4878
4898,4682
4028,2658
2424,4760
3062,2856
5058,1817
2681,47
1148,1837
984,4971
954,2867
2487,145
606,1833
3678,2857
3776,5074
1798,4693
3835,3885
1328,4730
3202,4888
130,2823
894,4748
4542,2764
611,1730
1997,2808
2,4937
1626,2786
5034,4248
4822,2823
223,4990
2292,4799
1639,5069
4135,4753
3399,2785
4352,1836
2737,4856
3592,4955
4632,4832
5034,4828
3540,4972
2530,5065
4168,1727
2357,4803
1392,4860
2684,66
3082,4760
3725,4775
3627,2808
722,4785
1405,4887
3369,4849
3209,4964
2426,16
3393,4768
2590,4824
1033,1851
1685,4918
3614,4692
4342,3505
4491,4672
1072,4694
2703,5063
1662,2835
4698,4635
2889,3886
1573,4998
3229,1748
2205,2772
3087,1834
2565,4979
2163,3877
2861,2864
3577,1846
4417,65
1068,9
3539,2773
911,2841
1898,5063
121,2822
1661,3883
2699,1851
2108,5019
644,4831
1292,4771
2714,56
2269,4723
3887,4761
305,2781
4442,2786
3923,1861
1150,3883
1636,4930
4038,1850
3357,2799
4021,4889
2382,68
1959,4678
4313,1848
916,2814
3636,4672
4103,4249
4454,4855
1752,5069
3785,4734
1056,4676
3169,2844
2998,2809
4657,4872
1854,4762
3802,4891
744,2860
502,4848
4117,4905
315,1831
3235,50
3198,60
378,3505
76,4720
1387,5075
2434,1831
4045,4769
5017,4944
739,3881
2145,1843
4541,1847
2490,3914
1939,1834
4226,1733
1800,4912
885,4916
1222,4786
255,1831
4370,4761
2137,4991
3007,132
2444,1734
1645,4903
5030,2776
4147,2774
3287,2785
304,4921
3228,1850
925,4729
1560,4896
1978,4723
442,115
4278,4765
3871,4897
378,4998
3107,4748
3229,116
4557,4731
4491,1725
288,4672
2564,5001
3501,4877
1535,3913
4157,2835
476,4848
1400,4848
4193,1838
3571,1732
2684,2799
256,3877
4495,115
2104,3915
2526,4914
4551,1835
22,4671
3499,4936
2260,34
1656,4752
3513,2816
3073,2812
1275,2846
1600,4936
3083,4947
1081,285
3110,4669
271,2837
2195,5070
3018,2808
2001,4693
4712,4958
3899,3877
376,4917
327,2786
1570,218
527,2829
109,4770
2011,116
1422,1727
1319,13
219,4683
121,1748
4271,4965
3863,2776
4834,1732
634,4911
2073,61
3224,4829
1916,62
1582,5075
1774,68
3664,1731
3478,4733
881,4944
2109,4901
3430,4613
3169,84
4442,4916
2699,63
555,3615
4942,4729
2727,4760
1555,46
620,2835
4217,4877
636,2862
3419,4968
2381,41
1942,4734
225,4762
24,2779
3156,2816
1830,1730
2209,9
4833,124
4481,7
4144,4783
3411,4691
3557,4849
4058,4918
2530,4894
1239,4884
2313,2768
5030,4953
3477,2796
3142,4912
2065,2831
2241,4674
4120,4935
2527,2867
4805,4909
717,4944
1016,1860
4046,5070
3053,4755
4356,4830
2619,2774
804,1788
4,5020
3019,68
3677,2835
1412,1839
3362,2846
4227,4939
839,4889
736,5073
177,2840
1612,2794
4476,3879
1606,4940
2058,2813
3001,2827
3527,117
1635,3884
5072,62
2111,1816
161,2781
4698,5075
1941,50
1401,2839
1113,4778
707,2846
2596,4995
4617,4831
1099,4696
2387,42
2877,4911
1152,2848
2136,4946
4019,2820
4080,66
5058,4897
1488,5019
2514,4754
1452,2858
443,2818
4474,2768
1705,4761
3509,4791
2230,4878
1925,34
2205,3877
1722,4911
3594,4830
752,4901
4342,4877
2323,3878
3373,4782
3544,4688
1003,284
4533,2851
2656,4677
4465,4249
1799,4779
4867,132
1425,145
720,4685
2956,4693
3293,4743
1947,1844
794,1856
4577,4752
3205,2866
2021,4728
1445,2803
1471,4763
1185,4265
4387,4787
1666,4696
2119,4829
4899,132
2655,4671
416,4994
94,4908
2249,1844
1297,2844
1108,2818
2391,4797
3937,1734
4332,2768
1793,2848
1183,4736
385,1731
5015,2832
3719,2799
4525,4792
2308,4613
3687,1851
556,4903
1457,1816
3943,2853
311,3886
4595,4803
161,5020
2054,4748
2719,4746
1556,2800
4291,2799
2587,2843
1163,318
3152,55
245,2787
2010,2783
28,2831
3014,4886
2879,4801
1166,1846
3010,4880
799,3915
322,3879
836,4613
106,4966
1081,4742
2558,4861
3139,5077
3244,3877
662,4676
75,4250
466,2866
3327,3924
1060,4916
4385,1729
733,2832
3005,4968
2111,4873
4094,2658
4050,2812
4185,5001
2852,4957
312,62
4501,4992
3618,4735
3965,4884
336,4951
3331,2773
2599,1849
33,4764
3740,4731
1908,4965
4411,4735
2385,4946
2591,4774
881,41
1493,4917
796,54
2125,4880
2549,4676
467,2764
1293,4734
1268,1842
1792,4750
3276,4889
3759,4764
2442,1857
3611,3877
2221,4979
668,5018
2780,2823
3287,1840
2805,4693
202,4880
2633,4887
1580,3882
3766,4789
1274,4815
3088,2768
18,2818
2908,2857
3069,1845
3794,1862
4280,4684
1598,4786
4640,4855
873,1735
2916,2843
3801,2855
1644,115
2399,4792
3902,1843
1335,4914
4057,2858
967,2671
2251,9
1922,1726
2045,3914
1300,4774
2184,1842
2642,4969
513,2845
2702,1748
3978,4785
4557,4792
4840,3884
973,1731
2714,4253
1999,4958
2509,4911
3225,1818
2502,4749
2307,2781
3137,131
1186,4883
2958,4784
1515,2833
3009,2796
1958,4929
1418,70
4711,4914
2881,4978
4367,4777
882,53
4133,4919
2550,1855
448,4680
532,4887
1987,117
1043,4920
1703,4964
3597,4754
250,3882
331,4815
2670,4939
693,4692
325,2833
1802,4941
4617,1833
3344,4695
749,69
3028,2812
2583,4801
659,4685
767,4820
253,2671
2103,2808
3297,1
1380,4896
4004,4682
1881,4989
4296,4696
3430,1831
1165,4695
3443,1855
1076,65
2301,11
4276,4860
1739,4879
5042,8
2162,4746
1739,1808
3170,2823
3118,4939
3270,4946
4278,2818
1479,21
4221,4936
2370,4872
3668,4734
3176,3924
4377,4832
975,4755
1569,2782
3651,4857
192,4786
1957,4819
715,3886
2806,2781
3335,4956
2037,4742
1282,4889
4302,61
431,2851
3488,4908
850,4669
2296,2808
1176,2838
2237,2788
416,4776
3479,4781
1041,1860
855,1840
3347,4915
1405,4937
3078,4673
845,2810
144,4962
4652,2821
177,2658
3239,62
731,1835
1499,1861
1094,4763
1804,2826
2707,4673
2179,1732
4280,1832
1597,2781
1824,4751
2213,2821
1240,4678
1629,4799
111,42
4508,3912
1885,1730
2516,38
4105,4676
2270,4773
3104,4681
1462,65
1971,4673
1711,1850
680,4780
2237,5065
4025,4940
331,3924
2726,4824
1009,4785
2493,4752
277,4691
89,1834
3471,4763
2670,2865
1755,1731
1038,4799
3417,4909
1949,4780
3045,2816
3062,2790
4030,4978
250,4947
3443,4788
3141,2813
219,4829
4347,284
2586,4728
602,2767
854,66
2390,2779
2759,3883
4540,12
1162,2812
4378,2671
2468,4988
1474,70
2968,4775
2605,4686
3961,2866
1271,4861
3581,4917
1464,4728
375,1836
3422,1843
4489,4920
4156,51
1294,4860
3348,4790
3766,1836
2033,2795
1369,70
4081,2658
99,4991
267,1850
832,4720
2591,4909
4237,5063
3682,4931
258,4695
1961,5074
2745,4936
359,3913
1099,42
3007,4669
2571,4913
2154,4938
1204,4760
831,2803
4202,51
4437,4901
3007,4738
373,4817
579,4890
1220,2785
907,4883
30,4678
3395,2776
239,2860
528,1835
1165,12
4834,2867
2016,2816
1957,48
1631,1861
1045,4682
4002,1731
3954,284
1087,4916
3729,4954
745,2808
243,4683
2193,4905
843,4776
454,4683
1754,4738
2082,2839
1218,2784
709,4634
784,4847
632,4872
2724,4613
2665,1731
3631,4768
2985,1808
3370,46
5049,4783
3706,4690
570,4789
1648,4995
465,4768
3108,2833
183,4687
2920,4785
995,4913
1082,5016
3227,4897
3008,2773
5054,4762
1656,4892
2657,1838
1769,1847
2597,4729
2834,4957
3707,4734
4118,2844
154,5070
4346,1
4341,4770
2876,4918
3222,3886
3064,4686
4407,2862
996,4951
4511,4248
302,2817
2606,67
910,4884
4071,2795
372,2841
654,1733
4142,1860
1567,2867
1218,52
4414,4668
4318,133
262,4986
985,4727
715,4939
3990,13
2741,2838
2689,2811
1147,4940
1774,4728
1909,2847
3127,58
3488,4264
3048,4751
963,4921
2090,2827
473,2833
4408,4872
1749,2779
2525,4905
3065,4940
298,4751
2494,4732
2233,45
36,12
3710,16
4255,4968
2566,40
667,2767
3467,319
144,4733
1285,4691
1891,5000
2421,2854
1434,51
290,4829
2129,4787
4844,5019
2275,4685
920,4988
4999,70
492,3615
3194,3877
1388,1841
1738,84
4541,3884
1455,4677
1206,2794
3717,4873
732,4785
4072,4993
10,4879
3689,4799
3631,4676
4372,2788
2398,15
2040,50
4098,5001
3002,4918
1483,1850
4086,1737
1876,1843
2060,4912
536,1
3990,5020
1958,4954
2111,1855
1565,2864
1442,61
1306,4683
1072,4889
3720,4762
2472,4941
3618,4732
4464,9
2260,4916
1582,4654
4795,1896
3232,4766
2378,1827
810,4764
4509,2790
4151,4720
1886,4789
2143,4910
1386,2799
2499,5001
4386,4771
917,3505
4282,4720
3281,4635
4324,4958
1159,4681
2979,2860
3022,62
3259,4952
1356,4678
3145,9
127,4731
4924,1
3585,4905
2425,4783
3338,2812
4744,4879
951,2823
4577,4674
2509,2838
1601,4739
2485,1
1776,5000
2045,2784
1745,4995
215,4768
1875,2860
1611,4902
337,4690
3967,3915
2624,1846
2288,4676
3539,4688
3723,2857
4113,2851
419,9
4157,4249
3955,84
3705,3881
1298,2827
4335,4930
265,4847
2963,4784
2902,15
1980,46
1291,4987
640,5020
346,4920
1914,4885
4031,9
744,4672
1944,4675
3375,4978
546,5073
2008,2857
3020,1735
4599,4861
3363,4907
3191,66
3030,3877
1623,2857
3285,4818
187,4675
4374,1845
3108,2857
3374,2853
3996,4797
1509,6
2603,2851
3282,2788
2113,4847
340,4687
3365,3
2118,132
3066,2774
2329,1735
4981,4803
4578,4749
2629,4673
764,4697
1190,4873
879,5069
2753,4697
2705,1737
4464,132
252,2832
2683,5016
3145,4771
666,2812
2533,5016
2976,2764
2672,1839
4034,2831
1994,4862
3371,4741
1585,2855
801,2832
3123,4785
122,67
1950,4936
1806,4780
2499,4850
3829,4746
1379,51
664,3884
4640,4968
488,2768
2296,4969
2709,84
2311,4992
1645,1849
1810,58
3278,2854
3188,124
4807,4773
2148,4697
2878,1732
4184,3883
526,4952
263,4946
2945,4879
1821,4728
3117,1726
3403,4720
4292,124
1002,2858
2929,4886
4211,4780
666,145
1363,67
4581,1846
647,4803
799,4775
3384,133
3594,2860
3170,4654
1435,1788
3593,320
1203,2844
1934,2841
3983,63
2640,4988
3701,1860
4623,5001
3900,4691
3888,4267
778,11
347,5016
2036,1730
2411,4768
2579,4952
568,4951
4503,4748
4284,1734
1989,1861
3556,2867
1908,4792
4102,4267
143,5077
622,2840
153,4941
1048,67
1613,4957
3683,133
1651,1843
1977,4978
4463,4885
2874,4969
725,4870
2010,53
2088,1836
4028,2826
3623,5019
1722,4873
3283,1861
3750,1827
3767,1731
1577,2867
3258,4917
4652,4769
4428,2784
1212,4989
4924,2813
2074,4669
467,145
696,1861
1612,7
3567,2794
227,3912
172,4671
3139,2835
1705,4991
4407,1862
1148,5074
2962,4792
2921,131
4641,2798
842,4889
5017,3879
2661,65
4111,2803
549,4861
3778,4849
376,51
2035,1843
151,4746
226,4681
4062,4265
1892,1732
4842,115
1598,4939
4551,1733
1934,4884
2155,2841
3437,4917
4311,69
3669,4858
1965,4782
2262,1857
836,52
1482,1730
596,4816
3126,1837
1453,67
5061,1734
3666,1838
2647,4675
3164,4783
2677,1835
2475,1817
4186,51
4015,4986
4413,4912
4090,4921
1619,4789
2577,3913
3726,1843
2071,11
4846,6
2425,7
771,1850
4291,2865
1595,4860
632,2858
2515,114
4620,4916
3930,4916
575,4997
2024,3881
287,5016
623,5001
2378,1725
4104,47
617,4935
3348,4887
3600,2864
1023,2855
3006,4962
2335,69
2690,116
3739,115
1637,52
3232,1835
2732,2827
3472,46
4245,2823
2959,1808
227,1861
1139,1896
4209,4903
3513,4786
4479,12
3422,4889
673,4896
4203,70
2624,4737
976,4682
719,4994
2618,1728
4260,4783
946,4987
241,3615
2287,4779
4028,1748
1518,2862
1752,4918
1188,2847
2227,2772
246,4736
1032,15
2357,4953
2692,4774
470,2811
4238,4760
258,3
4447,4921
2168,4682
4387,2862
5081,4828
2059,1861
2946,4264
1912,4250
3690,4908
2547,4831
3842,4732
423,4890
4352,16
1628,1857
1954,4654
3294,4685
2288,2820
4292,4965
4432,1833
2063,4828
3333,4820
3781,4763
3568,1849
2063,1737
2185,5075
359,1730
2805,2810
1970,4849
1803,1818
3347,4793
3487,2765
578,3885
1642,58
969,2860
2436,4747
4252,4677
1880,4862
973,4876
2871,1808
4703,4979
3026,2843
3316,2848
4599,2811
474,1837
3167,4734
1264,4743
3345,3883
3166,4770
1621,1730
309,5002
1927,4880
4271,4782
331,4786
1655,1843
216,4979
4282,4750
306,4921
4200,4790
4217,4728
3601,4747
3517,1834
2747,6
2551,4675
1783,2671
2084,4886
3602,4939
3957,56
3106,5018
663,4761
4530,2658
2390,4790
4122,4989
1282,4734
3249,4994
4460,4971
1887,4894
3677,58
1056,66
877,4917
2736,4778
2409,4789
2392,4997
4108,1842
2057,4850
1182,4900
1891,145
2650,4876
1443,4847
207,56
4138,2788
744,4884
3617,1861
1952,4957
5025,4929
1003,4766
4328,2785
2642,4677
1568,4909
3244,2803
3057,117
2172,4801
1752,2658
4740,4888
3533,4862
1963,2671
407,2789
632,4818
139,4671
4287,4781
2063,3912
2241,4906
3184,4787
3826,1849
923,2808
1185,5073
1018,4994
2023,318
3095,4782
1822,1727
3103,4884
1260,2774
3784,4747
1640,4267
3167,2833
2873,1831
499,4677
3588,5004
4039,49
2583,5004
2222,52
1819,4937
1488,4679
1694,4635
2922,3915
4414,4872
2060,6
3322,4904
5062,4792
4518,4847
773,66
1520,5004
4488,4889
3758,4886
3645,60
295,4751
264,2818
4925,8
4924,1725
1289,60
189,12
3175,4682
2461,2787
1425,2768
2532,4916
1350,4691
2892,4769
3435,4994
405,4253
3475,4770
1299,4748
123,2818
578,4986
1015,4894
172,4692
510,1850
4408,4946
3553,4855
2288,4739
1761,2779
1047,5000
3154,61
2494,4778
3863,1842
1017,55
4070,4782
2708,12
4552,5004
389,4966
2047,4901
1813,3914
3534,2671
955,4670
1387,4850
3826,4830
4045,4992
950,4855
1178,4634
978,1840
1356,2781
2076,4691
1889,4918
2646,45
1291,318
3245,2831
3440,2818
2225,2847
726,4861
2931,2814
3893,4820
1806,3877
2008,2822
3078,4961
770,4737
1642,4635
3793,4816
3674,13
2248,4634
3462,2866
3037,1843
3903,1860
4484,114
2502,4734
2359,4995
4608,4937
449,4991
4066,4954
2708,4908
3658,1860
1033,4936
1038,2840
888,4783
4189,4674
3251,131
1019,1855
3439,1838
355,2798
4277,2835
4095,4683
2454,1730
5043,48
3051,1846
4254,4956
1328,4790
1346,4771
393,4978
2629,2785
1509,2817
1659,2812
3236,11
344,2835
4144,1726
1790,2825
3947,41
3622,2847
1156,4944
788,4743
2421,4848
3172,1816
1181,1788
437,2671
1674,4907
2129,21
1485,4787
5042,5000
4627,4830
3463,67
271,4990
733,4671
4866,2826
2488,67
3510,4690
225,4872
5013,4901
4583,2833
4810,4766
1478,2823
545,4877
3151,5077
4637,2826
4387,319
1515,218
1780,3914
1076,2854
2893,318
2342,12
2222,2818
2414,4939
842,3880
1858,4723
2004,4917
3053,4752
4447,4760
1136,2831
4840,4775
233,2788
3712,4936
2495,4672
2667,2855
2210,4253
661,4855
2176,1836
2281,4880
3472,1748
71,2833
1413,4253
4382,4774
724,4249
4361,3912
1102,4749
3100,4739
2480,1857
1600,1835
4384,4778
1186,4953
3295,4803
3801,4779
3804,4894
2902,4694
3507,4912
111,1731
392,4886
3891,145
3489,2829
4298,4876
1335,4265
3139,4777
697,4878
2733,4936
465,3885
2538,2813
4275,4769
2078,4696
3720,4687
1798,4818
785,4774
1898,4781
1670,64
2390,5065
1246,4670
2329,4956
3426,1850
3624,4697
3315,4861
877,4654
1345,4677
1609,2788
803,4772
2979,4855
3682,4965
4982,4916
2465,1731
4622,4752
168,4918
190,5064
2210,4746
4555,4986
2342,4790
2477,5077
4758,2848
338,4906
947,4988
1320,41
2877,2840
4131,4930
3519,114
1279,4681
1876,2849
3608,1731
902,5069
763,2814
3221,5004
1560,5002
4439,132
158,53
4381,4819
1889,55
4662,4940
3841,2820
4505,2810
1629,13
4560,4954
689,5073
2398,13
2303,4939
2,2844
182,4941
4578,4882
2432,4890
2806,4689
3365,4947
2561,4979
1761,4742
697,4680
2842,4755
3663,2779
3986,4736
2546,1846
2207,4914
4981,4732
1267,4955
3298,64
3661,4775
1357,61
3744,4897
3530,63
1380,113
3261,4693
1195,2787
3482,4677
2415,4966
2852,4670
3602,3882
2696,5069
611,4682
4049,4995
2636,4900
400,4857
2459,4886
1385,2848
1630,4687
1424,4613
4217,4953
2389,3881
3326,4785
677,116
618,2837
781,4957
3169,4681
4396,2768
2270,2788
4550,4989
4631,4668
4373,4892
2875,4915
538,1737
3426,2794
4416,4748
3060,4736
742,1817
1587,4803
670,2814
1364,4680
3030,4961
3480,4778
4214,2837
2892,4930
1030,4969
3026,4995
2547,5020
2918,4797
1473,4876
5043,4678
4623,3882
3385,5063
254,4773
177,1841
223,2794
2218,63
4448,4768
3058,4684
4622,4921
200,9
3095,4954
1033,2789
2664,1862
4810,5000
134,5000
3459,4727
1501,4692
1781,4764
3850,2671
4724,3914
3009,4787
822,40
3494,4987
1228,4995
1572,64
39,4687
4258,4937
4118,1846
4618,42
1573,4913
2868,4994
4851,4785
1245,4800
3170,4970
3408,4759
3560,4765
4374,4791
925,115
1413,4966
2011,4902
3859,2658
2429,4738
801,62
2631,4739
1547,113
4087,4764
306,4856
3596,2854
1470,4683
741,4953
2562,4921
1265,5018
4030,4900
2967,4935
2031,2810
3172,3883
3636,4910
3268,4266
214,1847
3714,4892
3039,2768
141,5019
1533,2862
2362,13
4136,4848
3789,4884
3918,4680
2964,4919
392,1730
372,4766
3806,1788
424,51
2585,5019
713,4862
4843,1748
4354,2809
2069,4939
3413,3913
103,3883
505,40
3256,2784
4881,284
4037,2832
3779,2817
3543,4788
2053,1839
946,4755
2694,2765
2193,4759
2676,4850
4577,1730
4311,4901
5059,3882
3942,4682
4556,4697
859,2864
3466,4760
2741,4779
3429,2818
4823,2866
1052,2844
3479,4782
986,4677
891,1860
487,2865
450,1838
779,4908
4552,4858
2488,4765
3186,47
1270,5019
2013,52
3487,4773
4490,5075
4206,4966
4054,132
4126,4934
5049,4752
1522,1836
3240,4674
861,4831
2995,2776
1750,3883
1487,4780
3052,66
1988,4787
4106,4760
2073,4878
2458,4816
3412,145
3646,4679
4451,2853
1302,2851
270,4988
832,1857
3765,4736
1198,4755
890,2839
1343,4718
3292,2839
2748,4673
2938,4742
3033,3913
5076,1850
3969,2776
764,4735
1099,4766
4354,4905
4493,46
2899,4965
597,3913
3456,4677
1152,5002
3356,4729
332,4789
90,1848
2747,65
2209,4941
3376,2787
1521,4734
702,4938
1195,4935
3966,4654
3976,5065
1782,5000
4622,4789
2618,48
2067,1834
4833,2795
3492,4971
2460,4888
2018,4979
2688,46
307,1860
4204,4723
1246,61
4071,1726
2387,2658
4632,4781
2006,2823
3841,7
3965,2787
4328,2844
4631,1734
1458,21
1283,66
3013,4266
719,84
1913,4634
3049,4747
2894,2818
1306,2860
17,2853
3104,4891
3053,55
920,4754
4131,4918
727,2858
2393,4819
225,2862
4340,4957
161,4965
3617,4691
2493,113
2231,2833
2669,4688
4002,2794
3404,4613
3895,3913
3261,5004
4208,4694
3697,1846
2001,4986
4230,5004
1173,51
913,1730
1185,4873
227,4947
90,4781
3017,4962
2599,2809
3078,2782
1761,3912
1044,38
4038,4824
2910,318
584,4250
2383,218
3472,145
2556,2826
2291,1851
2441,2844
4554,4761
820,4765
1117,4993
305,2841
1613,9
3988,4816
3513,4784
4351,115
3330,53
4188,2857
4088,1839
3055,1834
5015,34
1792,4774
2083,4668
2513,55
2503,4747
2353,4902
4096,5018
941,4685
3825,3881
2328,124
5015,4683
2079,5064
2473,1857
4471,3883
4449,2789
1314,2764
3823,5063
3772,4832
2575,4676
2401,2783
3870,4876
4188,2814
2404,13
4519,4766
1285,4815
1574,3884
2879,60
4504,4968
4563,4752
4724,34
4495,2846
3383,1788
2289,84
2577,4994
2354,4669
2068,4979
3865,4990
3203,4963
3386,4955
1354,4753
561,11
4805,4877
1486,4749
3693,4251
3109,2841
4646,4792
3429,320
840,4966
3742,4870
4219,4801
3091,56
1137,2658
4270,4954
4618,2779
1558,8
921,4897
1291,4751
2389,5004
333,4937
4077,3914
952,1834
4034,4752
143,4856
1469,4936
1535,1742
4473,4264
4802,218
1235,2847
1910,1849
3414,2772
2321,4742
1470,1742
2582,4891
1711,4789
1280,1862
4802,1817
1430,4799
2310,4996
1699,4962
1741,1730
3849,4936
2221,47
289,4878
4001,2865
953,4908
1229,4634
1211,2832
4229,4978
4406,5002
1009,4905
800,2841
3820,1735
2614,4901
3098,4770
3710,3883
3046,52
2231,4675
2266,4831
5084,1856
2581,145
1278,4891
211,4991
4270,11
2988,117
4400,2821
2931,1841
4417,2794
1360,5070
641,2814
1181,4816
1764,284
2047,4786
2569,2831
3045,70
509,4885
4013,2811
3922,80
315,4676
1166,4832
2984,4954
1611,16
648,4792
3032,2866
2626,318
993,113
4101,4654
4511,4916
3306,2851
4324,2784
808,4941
784,3615
2284,3885
1076,2847
2110,4777
1950,2813
3622,1730
1651,4793
3951,114
2544,4729
4975,5004
1895,15
2433,2796
418,2844
535,3615
1184,4870
4490,2811
1676,16
637,1818
2941,1851
1396,4877
1244,50
1288,4900
4581,2827
2742,4972
1910,4718
3972,218
1179,4746
4543,1731
3905,4929
250,4697
3481,4765
4712,4824
2054,4264
4026,4995
703,45
5040,4858
679,4764
3496,2789
2349,2849
4664,50
1826,41
1362,4741
4111,4970
3788,4947
3023,61
2034,4956
979,4691
3064,49
1579,4872
2587,4819
2113,4904
1791,4889
4470,284
4159,1827
4181,4820
1471,4968
778,2788
1247,4940
3523,2824
3852,4753
2716,4251
2558,2853
3625,4965
2079,4992
1157,285
1475,2862
3429,2782
5038,2812
4481,5016
4726,4692
3815,1734
3052,4799
2219,2798
3989,2765
4515,3886
2087,67
3527,4782
3591,4917
2576,2864
3566,4912
3194,4918
4923,70
4117,3
1587,55
1109,1735
35,4817
4075,4848
1166,4894
3352,4720
1624,48
3769,1849
2085,4979
3245,4251
3685,2841
3393,4965
5043,4931
596,4936
3237,4727
2239,2847
2436,2858
1596,2865
4481,2774
1325,4793
1573,4850
5008,2845
1466,4958
3743,4727
1311,66
3091,3
1902,4849
1945,1817
938,4953
98,4266
2703,4902
1790,1861
571,4969
1760,124
437,4883
1168,4938
81,3913
4984,4250
3317,4989
2436,4685
3848,115
4530,4905
1722,4816
4319,4736
4398,2845
4104,54
4977,4672
2677,124
3782,319
1259,4265
4614,2840
135,1834
19,4941
5080,4694
1067,51
29,4763
3359,1735
399,4930
4505,4991
3299,2858
426,4908
998,2773
3757,1840
848,2774
2994,4759
4187,4929
3890,54
3320,4902
1938,1860
93,4939
1609,4971
1090,133
587,4684
4632,2812
1928,65
3343,2782
4600,48
2802,4903
2429,2796
3663,61
4621,4957
3741,1731
3625,5074
1614,1731
895,67
2427,4994
3486,2866
742,4847
2594,38
323,2860
1544,2860
3309,2854
1631,1857
3989,4654
5030,4946
3220,52
293,4850
2630,2814
2189,4776
4556,4956
2362,4787
321,1857
751,4911
3536,2796
528,4681
1469,4673
3807,1846
3756,4764
265,4870
3054,4872
1501,4763
2119,218
978,1735
4184,4267
5078,4673
29,2799
2411,4848
853,4729
2600,4909
1565,2856
4620,4768
707,64
3196,4970
2947,21
2995,4728
814,5004
1704,4872
4263,4799
2618,5073
4584,1788
1768,3879
3746,2831
1656,4896
883,4916
1637,4791
3713,4831
2048,4718
2450,3505
1037,4946
1296,4249
3538,1832
2229,4818
136,68
3059,4904
1311,2855
2339,4779
1246,4668
4576,4998
3602,5075
4133,58
383,4855
4243,2858
3383,5069
4498,4929
2894,3882
817,2817
355,4830
3896,2831
1915,145
2017,4988
436,4680
242,4779
3526,4773
2617,2844
233,4751
1765,5004
2697,4265
2695,5074
4132,2864
2736,4737
265,2768
3956,13
3466,4735
1445,2814
485,4786
2564,4731
489,4919
2987,4769
4568,5004
2162,1844
2505,4909
3306,2764
277,3880
3656,63
3533,4678
2410,5074
1602,5004
1630,51
4804,4674
3082,41
1718,4739
3401,2765
3943,2848
3584,2767
3638,1846
2563,2848
1279,4824
3431,3505
1329,13
192,1730
1675,4870
542,2790
2912,1857
1895,4771
426,3883
1177,113
4976,5002
4000,2798
1046,4634
535,4692
1075,4675
1422,4873
2502,4762
4812,4890
3792,4675
4490,2854
692,4765
1493,2833
4439,4678
25,3913
2107,4789
2527,4676
949,1788
3517,1748
2828,4723
419,2781
1903,2796
4530,4672
4087,4907
300,1843
1272,4687
203,1748
1044,4818
1125,4894
378,46
2350,4752
3605,2844
1562,4994
699,2768
2109,4855
3919,2788
924,4679
1523,4764
1142,4790
3151,4683
178,4848
1002,4782
677,4762
570,2782
4717,4671
1256,4848
1132,4904
4572,4831
2928,4938
4621,4965
268,56
3031,4686
3399,2783
4706,4972
3584,2846
1765,4738
306,2794
4796,3877
4130,4787
2181,38
3403,4680
2927,4734
753,2795
3311,60
3096,3
2009,4961
126,62
2298,4880
3933,1861
1489,4265
2421,4251
227,4782
3666,4951
3351,4671
3691,4965
3478,2774
1906,3877
4709,2860
1366,2768
4348,5064
2994,3879
3451,1840
5040,1851
3493,4890
2645,69
1767,80
3869,4995
580,116
4600,4964
3459,3880
2561,4957
650,41
468,2864
1996,2856
3204,1728
2340,51
4822,58
1561,4729
89,4941
4261,218
4702,1840
2409,2820
4349,4953
4168,2810
2304,4800
2195,4905
1513,3913
1005,4765
4359,2858
3395,5018
1487,4878
531,117
1921,1808
1695,4730
3359,4748
937,1835
2575,4968
2043,3915
4039,3914
4027,4965
1100,4797
2002,1737
98,69
1282,4782
2286,4791
479,320
3264,4771
3064,4968
3222,1816
1956,4786
2200,64
3001,5065
3206,4964
1570,4818
656,1731
4022,4753
2029,4634
1749,67
3515,4784
4213,4799
129,4938
1349,2785
2,80
4377,1808
1257,1838
1285,3877
604,4752
2097,4799
2724,2765
2741,4777
2567,1861
1049,4931
3032,5074
4757,67
3442,48
4183,4815
627,1856
3211,4816
4895,4934
2168,5074
468,1848
1616,1860
1603,1834
2458,1730
4046,1818
158,115
4459,4249
4557,319
3124,2862
2586,4993
76,319
4055,4742
3689,1817
1613,2827
300,4879
546,4819
658,4773
736,4760
5052,2844
5084,2658
3934,3505
3028,4860
4451,115
245,4741
3730,8
2306,5018
622,2844
2904,1733
398,4737
4543,4749
1772,4253
4056,21
2312,1838
3154,5069
1475,4906
2602,4251
2859,3924
3611,1726
2421,4684
4095,4778
4152,4265
881,1861
431,4728
565,4890
985,1831
1404,4911
4756,4892
3590,4792
525,4968
1596,4781
751,2788
2279,2851
1562,1816
3326,4815
2465,4919
781,4963
1787,47
4067,5002
1536,5002
993,2826
1995,4786
3850,4991
3311,2658
4459,4776
3809,4784
4084,4734
2746,4994
4838,4824
665,4789
1001,2808
2371,4955
4354,2847
5043,4913
1240,5018
4561,117
1572,4954
2032,5019
4176,4921
826,4691
3066,5016
2271,8
1884,4939
396,4250
3239,2821
2778,4772
3191,4952
3960,2847
2852,2822
4011,1861
4827,5077
1332,4788
3524,1808
4557,4987
1079,2798
3239,319
2431,84
2919,4907
2476,3881
167,116
1966,4965
3303,4993
1486,4979
4128,2823
4587,4797
2100,4253
4254,3915
1561,4992
875,4961
750,4879
1196,5
1754,2847
175,4829
2984,47
473,1726
4121,4882
2859,4962
2192,66
1090,4938
1144,1848
1234,1862
3452,4882
4606,4820
2842,4990
774,4727
3359,4791
4716,2858
3663,4944
3115,4902
1381,1731
4805,2851
3157,4788
269,2829
3958,283
3435,1850
795,145
1010,4690
2551,4761
1278,4940
2339,4889
4268,4909
4295,2855
3125,4264
2745,1735
4293,4750
1809,4888
3685,4731
1006,4937
5071,2767
2552,4734
4585,4672
3612,1857
4367,3912
1085,131
4745,4972
3460,2845
368,4683
1024,2809
225,5018
2494,4931
31,4847
2677,2787
405,62
2951,4735
1422,2857
1405,4763
2218,4880
4222,4759
2450,132
3786,2809
3455,4849
1995,4250
1709,1788
2935,21
2133,1855
1936,116
3376,4697
3964,4780
1710,4770
2202,4908
2063,4824
925,4957
3471,1730
72,4673
3171,4912
1046,5002
770,4676
2737,2855
3483,2809
4522,4697
1499,11
724,4911
3753,4947
1116,4857
4798,4909
3341,2821
3080,4670
2667,116
291,4902
4223,1731
281,2787
2170,4787
585,1849
1560,1727
4125,1851
1012,2800
3010,2810
1299,4905
2714,2811
3940,5001
1968,4931
1060,3886
4038,4693
2096,4737
4474,2814
3845,4250
725,2798
498,3884
2055,2831
3782,38
2669,4248
1209,4997
2762,1817
4159,4890
1484,4952
1786,4264
4661,4676
502,4732
4112,2867
1829,4759
2182,4861
849,2784
4236,2764
1288,42
4282,3914
2657,2823
3766,4892
1100,1847
234,1728
282,4787
224,4926
4317,4635
4350,53
742,4788
1278,4682
59,132
994,1849
4836,4856
2127,4965
3327,4828
147,1833
2757,2858
528,4965
2096,2847
1576,4919
819,2843
4092,320
4410,4720
1482,4733
507,4675
164,4907
78,4677
1405,4799
4280,4784
2484,4801
3006,34
1738,2849
3644,5004
3807,4672
2873,4887
4012,4968
2985,5069
1138,4781
1096,2785
1804,4743
1116,2812
4851,4613
1171,4793
4505,2779
2574,64
3140,2838
1720,1846
2167,4877
1880,4992
4134,2768
266,2857
2324,2787
3516,4957
3229,4905
4715,4892
2497,5074
2561,4956
158,4766
2911,4862
5053,4879
623,4847
4470,4862
2079,2812
4424,2787
2340,60
4138,5
4142,1733
4623,62
3294,124
24,4952
334,4789
500,4882
1937,4941
2667,80
418,4688
149,4832
1937,4830
3132,4886
2828,63
533,4682
1280,2794
2591,4736
2392,2837
3401,84
3364,40
3682,63
1234,4824
3176,4876
1198,5063
2123,4888
4277,4890
4406,4790
2385,42
4463,4675
4985,4748
3727,4897
2638,47
2940,4896
3954,4786
2547,3882
2665,115
2991,1861
4064,65
3571,115
1964,1836
1914,131
3155,4760
4594,4752
2965,4830
4054,2820
2038,4680
2461,2851
828,4941
1256,4732
3764,1841
237,1856
468,4909
1317,4734
623,2779
3152,4774
844,2772
1986,4786
2124,1818
1415,4998
1274,4956
1057,2866
3835,2820
1279,1849
1465,1833
4023,4978
4943,1850
4435,1855
3221,4847
4550,1856
4645,4761
2076,4783
4552,4861
1007,1831
3230,318
917,11
314,48
3209,4920
1247,2817
3487,4774
2205,4818
883,1862
1946,2838
2889,1725
1187,114
1072,4762
276,4787
2009,4751
1291,2860
134,9
4463,2776
513,2796
1880,5020
3964,4939
2002,68
3195,38
4703,4753
2139,4903
3271,133
1318,4791
4599,1856
1155,3878
4722,9
3489,4768
2868,4880
5050,4248
5036,5019
2036,4675
3614,1896
3426,65
2760,3924
2458,4831
995,4968
3356,4903
4214,4831
239,4783
1538,1732
3782,4965
3509,2798
3416,4766
4076,4674
1095,2837
1522,3
391,2773
928,4879
1343,51
4725,4668
654,4921
3409,4990
4402,4732
1005,40
4121,4695
1061,4819
2486,4819
1928,4829
4125,4781
4074,4929
4641,2838
4395,4267
3928,4978
248,2843
862,124
138,4885
1989,2809
1275,133
1963,5074
4826,4972
3824,4754
3362,4775
3192,41
1795,4832
4597,4887
4103,5016
155,1843
2541,284
4609,4915
1965,1725
2029,1846
1297,5
3711,4892
4866,2822
3146,4676
4353,4749
2647,41
3097,2784
2292,5020
3142,4760
1525,1740
2752,2811
1700,284
3669,4884
2162,4972
35,1728
1020,4692
950,4678
665,2794
575,3883
2318,4753
3742,1818
4244,4791
4811,4816
4559,4995
4037,4775
4274,4913
1595,2768
4651,2784
2097,2809
178,2814
3763,4267
965,3912
2744,4828
3408,4803
3260,4668
666,4670
2971,4772
2283,2811
4207,4878
3205,4674
3289,9
1262,4765
1046,4958
1612,1839
2937,4735
1988,4754
228,4751
732,1818
4418,4997
3530,4956
1770,318
1334,2811
2249,54
3218,1788
362,4951
525,1748
4340,2833
1898,4777
4491,2865
279,4944
2407,4789
1972,4921
2446,4947
2143,4912
2678,4783
1815,2658
3892,4747
1124,4749
4177,2772
1626,4683
4548,4249
904,2790
655,4686
860,2764
3833,4904
1579,4946
4121,4828
2150,2796
1039,12
4044,1730
3458,2825
4440,3505
1790,2857
2118,5066
2897,2785
2328,2788
4982,3913
2741,2832
918,4902
5013,2854
2025,4676
4347,4862
1330,4779
3686,5070
748,4776
894,4730
2212,2825
1744,1896
1402,4732
1371,4266
3115,4692
4326,2808
168,1831
356,2784
2384,69
729,2835
2737,4820
1587,2860
4948,1734
2095,2866
2574,2837
4853,4998
699,3615
2620,4940
2339,2788
2869,115
3096,2813
304,4969
731,4678
2861,4860
5043,4876
3403,4748
2319,4783
4187,58
3588,2853
4313,4248
2479,4917
4109,2799
2319,4828
589,2854
4525,4691
3027,5066
1059,4878
633,1835
4000,2784
720,2858
3838,4681
2280,2824
1372,4686
1079,2765
2647,4819
4185,4848
3216,2821
1282,2816
4031,2811
2150,4888
3706,4946
624,2795
3874,4733
79,4889
3028,4917
1013,4251
3067,2841
4612,5070
1125,45
2248,4916
4868,1847
855,2784
4413,4770
2643,4694
1419,4783
1971,5066
1772,4951
2519,4958
4190,1856
4554,16
2045,4970
3689,2808
2905,2812
461,4939
4623,2765
3331,4780
2571,3915
4157,4734
534,2833
3572,2827
1770,4690
3849,1808
1548,3882
346,2765
1705,5016
1512,4749
2186,4849
873,2772
1939,4679
5037,1732
2191,3880
1108,4979
1494,4929
3012,284
453,4778
1063,2849
4132,4753
1865,4668
2460,4931
3151,4971
1031,2783
2172,64
834,1839
1158,2790
3690,4877
829,5077
911,1834
887,2658
4586,4978
1370,4964
3282,4904
364,4860
1776,4682
325,4914
887,4780
1517,4917
2469,4996
420,5020
944,11
4612,2866
148,1855
1059,4906
3113,4860
5036,4754
769,4969
238,4718
2991,4848
2578,4820
3408,4747
2450,4963
3033,4858
329,3615
4106,4832
3618,4792
1314,46
2185,4780
4491,4902
3580,2847
1806,1843
2607,1845
4532,318
2882,4695
4254,4683
1773,4680
2192,4820
5045,1836
1176,4969
1219,4941
4135,4248
3478,4879
2587,4903
3503,4989
1983,4791
4190,80
470,4953
71,4751
3214,4723
370,4696
4608,4782
1310,4738
937,1833
4607,4689
2619,4778
3280,4896
3768,4800
3919,2810
1313,4930
4744,4930
424,55
4597,4993
4103,4902
2144,5016
1285,5073
4273,4671
1251,115
4476,2798
2591,2658
2417,5073
3279,1837
1057,4995
3225,4696
1408,5016
3729,4693
4036,4695
4083,124
2003,4883
2910,1742
3301,7
624,4891
679,2789
1049,4929
548,116
1684,4954
2031,4749
4175,4887
3951,34
2418,4930
139,41
1718,4681
100,4855
3211,4818
1032,4635
2613,4751
1366,4951
390,5074
3846,4669
3010,1845
568,4752
2103,4861
2747,4953
344,4912
1166,1862
3856,4892
1794,55
539,2814
91,1730
3095,4696
92,4888
4282,2840
1568,4763
513,2787
4871,1728
3329,1848
2649,3877
3024,4635
3951,5075
4664,4683
5022,1735
3455,4991
2207,4961
3945,2829
2418,4249
3417,4997
813,4730
1384,5066
633,4870
1037,4907
5009,4754
2498,4989
2390,4919
3370,5073
4228,4691
3745,4784
3105,4817
1108,3880
957,1860
3863,2768
364,2796
751,2816
3444,4992
841,4727
2234,5064
205,4797
918,4264
3698,5074
1480,4250
1100,4771
3719,4681
4515,1836
1414,4680
3469,4995
1412,46
2392,4900
341,4969
4304,4917
1159,4892
3129,4682
789,1742
1469,60
1825,2808
996,2858
471,2847
420,2835
3895,2846
328,4918
3406,13
3951,3915
1496,4782
1240,1847
2895,4613
4193,5069
2204,284
1112,5
553,4905
716,4819
2252,4760
742,320
2530,4886
2035,1849
4661,2827
2064,4979
433,4654
4581,1731
210,64
4485,4873
2663,4879
3662,2864
4814,4775
649,1847
787,2776
1874,4947
2875,2795
2168,4993
336,3885
2019,2818
259,1740
2035,4819
2018,4787
134,1788
118,5075
2949,1817
4068,4761
322,4908
4125,2776
3429,4790
1503,4963
548,2785
2112,4855
2686,4986
3243,4741
4017,2794
3654,2785
4090,4931
1628,3924
3033,4737
2425,1845
880,2808
440,2773
2639,4250
4016,2865
2440,4696
2133,4917
3199,4978
1988,4755
3204,4751
4411,4749
3726,4847
3550,48
429,3912
4292,4803
445,2765
3900,4947
1669,4676
396,4783
2569,4686
4864,4723
1262,1735
4413,53
844,56
250,4990
3336,4989
2842,5069
3857,4782
956,4249
957,4784
1722,5077
2178,4850
1251,4788
3957,1737
4144,1728
2737,58
2232,4683
2610,4887
1470,4961
3439,4771
1717,1788
1892,2831
2678,4686
4454,4791
3481,52
1883,4968
1194,3615
2427,2798
4295,2849
4149,2811
3741,1843
4293,4748
3994,4770
1361,2787
467,1740
842,4820
3728,4953
1471,4739
1182,4914
2114,5019
2466,4861
2053,3615
2681,4773
3868,1833
3159,4680
2924,2840
2057,2845
2012,4673
1571,1734
2051,2854
2477,4961
904,3885
2491,5069
789,4862
581,51
1589,4799
2740,3881
4552,4775
678,1851
3501,1839
782,4941
3154,4250
219,60
999,4962
2544,1836
4699,55
1480,1
1617,1728
375,2781
4511,4752
2742,4996
1354,5070
3431,4253
4327,4264
2514,4906
3610,4987
588,1857
3805,1896
1430,4689
4336,285
2435,4958
4067,53
3986,4861
3100,84
1175,1818
1264,4910
3065,117
2105,1808
4289,58
4298,4909
1451,2787
2468,4686
3399,4938
2721,4903
2222,3924
2140,4934
3551,4970
2519,4953
4471,4848
460,2808
90,4958
2278,55
793,5064
1386,4994
1360,145
1567,2844
4365,2764
676,4680
1906,2776
4066,3883
82,2865
4110,2848
3224,5004
4339,4855
1105,4848
338,2858
1248,1857
3345,4677
577,4931
1683,4828
851,4947
2706,4930
1902,283
4149,2783
4386,4879
1942,4670
713,4903
2508,4692
5003,4817
721,5001
4191,1833
1753,4850
3790,4900
2758,4993
2649,2822
4141,2864
3969,5
26,69
2081,6
3545,4264
2148,42
4574,4250
2163,4787
4415,4787
3586,4917
2395,2831
1116,2857
3949,2843
3823,2822
1723,4779
3565,318
1016,65
2988,4695
1618,2846
3618,6
3596,5018
2902,113
2640,3912
2544,4733
1689,5016
3319,5000
2962,58
4069,3879
4461,4894
3854,3881
1190,4250
1171,4938
3713,4952
1376,1851
1406,2816
1339,117
1259,4741
3494,4988
3291,1836
4297,1835
2516,2790
3989,3915
1126,2810
4542,7
2445,5066
3908,4732
1902,1727
3294,320
3485,4829
1139,145
3736,4986
1185,4932
4660,285
3100,4800
929,2855
1214,4996
3185,4815
1400,2814
2685,2812
3090,2774
4128,21
4612,4892
2675,4829
3520,4723
3765,4791
644,4913
4642,4766
4187,2822
4289,4782
712,5020
4846,1742
4263,5073
2360,4971
970,4995
24,3505
3781,2865
4601,133
3318,4687
3636,4907
2019,4885
992,4902
340,3879
2219,2854
4000,4790
4505,4880
167,4687
4589,2841
4134,4896
2343,2809
4331,58
2501,2837
2256,4916
2957,2857
3179,4882
2961,5074
2892,4654
1281,2764
3400,4692
1313,4914
4517,4250
4590,4672
3650,4249
2039,2817
1787,1896
2490,4880
4545,4766
1640,5018
2556,38
2357,51
298,4799
496,2821
222,2799
4135,4780
1964,4921
3544,4910
2187,4769
3253,4938
338,4956
3072,4997
192,4746
377,4738
4437,3505
3480,4747
5048,4887
2603,4908
3461,1733
3327,4850
429,2840
4359,70
1339,4778
1705,68
823,45
4719,4912
1495,4690
3865,1726
3228,4926
2503,45
1612,2841
4244,4765
72,4797
4292,4884
2923,1827
4128,4940
822,9
2297,4768
3753,4734
4475,3915
4867,4870
3555,4762
765,2789
1795,2798
1723,2851
3427,12
2704,4996
2519,4829
4722,7
3050,1845
2526,5066
1536,3881
3577,1896
557,2858
3996,4760
4551,64
2893,2658
4127,4905
4554,2768
1746,4873
3726,4739
4808,4742
1451,7
3735,4990
2624,2816
3830,2843
3128,4783
4030,1725
2666,4754
199,115
4179,2851
3008,3914
927,4962
4463,4882
2472,5019
4101,2824
3299,2862
4009,4686
4554,4849
1381,4793
1498,3912
1220,4729
2392,2658
747,4748
4435,2795
4361,2764
3482,4952
3788,4768
4260,4786
2551,4790
1533,5002
2616,4741
2062,4694
1562,4763
1691,5070
4194,2824
3710,4692
1597,1855
354,4907
3531,4858
3535,4882
1173,2764
1200,2790
1656,2812
1546,2858
2325,4695
908,51
841,16
3749,2810
3394,1740
3312,4986
1088,63
106,4791
5034,4765
2616,1844
4274,5069
3399,4250
4866,4978
1495,2858
4022,4877
4440,1861
2047,54
1853,4849
325,4873
1288,4738
2982,65
4875,1846
3243,4727
1379,4944
1368,2816
4128,4968
1456,2827
2966,1817
1941,4879
4306,4847
277,4765
170,4815
727,4800
1962,4797
2541,3914
3675,4931
2920,4793
2434,124
1067,4765
1563,2864
4418,4995
3126,4872
2458,4913
483,4957
3771,5000
3702,5020
807,54
4867,4753
4263,4872
729,4905
1263,4816
4531,8
3355,4986
2933,4762
5068,4793
3258,4764
306,4797
4236,1855
2529,4873
4977,4849
2464,4929
658,2840
4550,2858
2292,1728
843,64
1368,4782
107,4920
3059,4682
1371,2818
1650,11
3115,3884
3359,4673
149,2772
3017,4769
2049,4855
1139,4250
820,1735
4321,40
2277,4762
3384,4919
4360,1788
1425,4951
1351,5073
2545,2765
1997,2860
487,15
2157,1848
4218,1847
2283,4265
949,2783
4218,4862
4188,2811
680,80
4386,4955
2637,4907
1374,4780
2729,4768
3483,4884
2172,62
4456,4918
4973,4879
4959,4251
4469,4688
1515,47
3073,4993
4493,4800
373,4910
3630,4944
4615,3885
1041,4803
1292,60
3211,4748
255,4672
609,4962
897,12
475,56
3502,2765
934,2773
3060,4253
4287,4790
1162,4955
887,4731
891,4732
1198,285
2588,2808
1337,4746
1705,2843
644,4265
1970,4889
4586,4816
4466,4679
4318,4860
1427,4729
3024,4693
1373,2862
913,1808
1987,4890
2635,4720
250,4686
2467,4918
1591,124
1406,1817
3139,4858
3640,4873
3906,285
2480,285
3519,4847
1676,4792
4566,4786
257,3915
2398,4678
1876,4951
1380,4774
44,2764
5053,2765
831,4739
5046,4831
1567,2847
223,5075
81,4926
1668,1742
4577,49
1261,4774
882,2825
507,3912
2223,2767
397,4686
981,1788
432,1851
4622,1839
4386,4876
3729,1846
2483,4727
3207,4790
3435,4682
3180,4751
895,7
3705,4947
2233,4857
3723,2849
4007,2864
4302,46
1910,1
1279,4917
3304,2767
3234,58
1922,4954
1434,4791
316,4746
1353,4892
4412,2784
4714,4896
3487,4670
4188,4792
850,2829
2513,1788
1874,4888
169,4873
4206,4940
576,4828
2677,4968
2356,2848
826,4968
213,1861
2942,2853
853,4684
4428,4828
1889,1847
1338,55
4241,4971
1324,6
1337,4992
2483,2764
4158,4799
628,4998
821,12
4498,2837
4508,2790
1323,1862
2511,54
1013,1844
3631,4919
3212,4890
1610,2854
460,4947
1903,4971
4189,4727
2491,2814
4321,4775
1488,5069
1536,1839
4158,3913
1103,4789
2323,2798
2419,4677
3105,4772
3805,4951
877,7
137,4849
2647,2817
3354,4742
2219,2841
4392,2820
4200,4761
1296,2783
3133,4906
3356,4738
1912,4782
2676,114
4364,21
2950,4678
4132,2789
4278,2843
3327,4878
1307,4687
3603,4848
2938,2812
473,2848
4652,4676
971,4878
1132,4872
3282,4697
3458,1832
3396,4912
1238,4787
4667,4906
1613,4264
1321,1860
1210,4749
2651,67
4229,2856
4534,62
1433,4919
846,4892
2148,4775
3627,2864
504,4860
4560,1737
818,285
1018,2833
899,1840
4439,1816
982,4736
165,2814
356,1735
2393,4857
2308,46
486,4766
305,4831
1070,70
4504,4675
1391,4765
3597,2790
3260,4917
2766,2837
756,4911
3071,4797
1945,4990
1993,34
1216,1841
4165,2798
4371,4994
361,4817
4427,4878
4837,4635
4578,4965
570,4774
807,4759
465,4787
1281,4855
3604,319
1499,2867
2761,1737
1824,4966
3959,53
1509,4762
4107,4775
3822,4970
3598,132
2174,5001
5024,13
1759,4954
776,1727
4484,4688
844,4734
3701,3883
858,4687
1389,4897
1657,4670
1650,2798
3326,4919
1394,68
1146,2825
997,5016
1441,4676
2606,2816
4359,2826
4470,4970
2268,51
2678,1730
631,2800
1152,4992
3629,4792
1068,4775
3814,1731
2170,5064
4577,8
2157,5001
3263,2787
918,1834
716,4873
4893,4773
3379,4671
1365,8
3761,3615
4809,4735
2096,4921
4874,2818
786,4919
634,117
1964,4751
2382,4991
1586,4249
3320,1788
164,46
3738,4681
1636,4780
1089,2835
2347,2765
2095,2843
1914,21
1780,4803
3621,4850
2326,1833
134,4761
432,2840
1128,4900
4326,1735
3243,4936
32,4910
3968,51
2233,4883
4715,4765
2164,1832
3078,4634
1535,4789
3098,2767
481,4695
2444,4934
1429,4746
476,4782
1184,4931
2974,4857
3176,218
4651,4902
3355,1725
3155,2800
4059,4786
277,4764
649,4905
1376,4831
3037,4963
3710,2782
1499,2847
2730,4961
288,4932
3314,4963
1778,4738
3986,4902
1077,4998
1779,9
1262,1733
871,4934
4808,1855
1980,4264
1173,4904
3839,4994
1187,2832
3624,4785
4180,145
4302,4849
1354,2846
1280,2773
3068,4675
2217,1847
3379,3877
4219,2822
3658,1748
3101,4888
417,2858
4299,1855
4655,4958
2661,4754
820,1728
2328,2838
4627,4754
2955,4964
3897,2847
1450,4857
1981,4683
4279,3
2407,3615
1090,2808
2256,115
2731,3885
4468,4887
2172,63
3522,4915
328,4771
4292,45
3652,4986
1634,4816
4210,4886
4349,61
643,4886
3736,4772
4311,2837
1405,4759
1224,4951
3742,4872
2910,1841
1582,21
1535,4926
2345,4896
2715,4730
661,4884
616,4918
4707,4766
1435,2658
612,285
4320,4993
3260,4786
2432,4736
3844,4878
1553,3924
707,4747
2722,4897
1010,80
3205,4916
3776,4752
712,4883
586,4916
4309,68
3051,56
1563,2847
4018,320
2145,21
1698,2822
3610,4635
5006,69
3429,4972
3322,4892
1181,3885
553,2847
3465,4774
450,3505
3196,4824
2989,4684
4607,2813
1865,2848
3910,1832
4498,4879
2127,131
496,3
2472,4692
418,4906
4346,4964
4256,3880
4571,4860
2464,4829
4527,1841
3396,4776
1013,4828
3699,4676
3439,4801
4303,4870
2433,5020
3396,4671
2140,1836
5045,4946
758,4736
3160,1855
3328,4988
4441,4694
2996,4634
1530,1845
544,4695
4282,4955
3338,2789
578,1734
234,4913
4950,4817
3728,4904
2351,4678
2556,4788
1865,4688
1227,4731
825,1851
3372,4848
3207,4785
406,60
2896,5016
1583,4751
4142,4989
354,4816
3255,4773
3219,4723
2305,4251
719,4669
3275,3924
3462,56
3237,4987
4080,2809
3805,2788
2534,1833
2473,4763
2110,4800
356,4817
3605,1725
1456,1788
2461,1730
1399,2765
1501,4668
4543,2781
253,1737
2479,2814
3875,2856
4923,4903
1000,5075
3425,4934
253,4685
4805,4732
1228,1846
1889,84
240,1835
4227,4749
1287,4772
1202,4752
1095,4266
3408,4750
1283,2821
2326,4692
1944,285
3459,1731
3636,117
4933,3505
1556,4799
2186,1843
2641,2782
847,4775
1663,4857
1989,1896
327,2658
1583,2811
2836,2796
644,4915
559,2851
631,4797
2498,4884
3547,4883
4664,2788
3244,5073
2563,145
5062,4784
4399,2796
3811,4687
3650,4819
3611,1848
3168,1742
3727,4766
4642,4734
1769,5064
3460,4248
3633,4752
1359,2798
4307,4766
4509,4902
2936,113
1449,1730
1597,4682
2762,1849
1337,2765
1423,3878
4363,4897
4864,5066
3623,4991
4566,2812
4400,2855
3175,4896
553,3
2901,1731
1570,4847
1200,4921
119,3878
3420,4697
4323,2786
4802,2781
1633,4856
3562,4909
99,2847
4353,4773
3316,5001
251,4267
986,4906
2370,47
4033,4903
1607,49
2347,4941
2369,4789
4549,3881
2717,2855
799,5000
4633,4894
1210,4733
5037,4965
539,4880
152,4792
2428,4832
1145,21
3634,2839
727,2847
189,2772
4101,4910
3268,5004
1500,3924
5012,3912
2744,2817
4869,1857
1371,4800
3796,4951
3508,55
2598,11
1097,3880
1376,45
931,4956
3545,46
4232,4860
3265,4679
4137,1836
3545,4855
4428,4801
880,2783
76,2784
1777,1856
2479,4797
3757,4926
4039,124
1871,4750
1872,4824
1231,4784
4578,4676
3135,4990
644,4992
1093,4799
4365,4962
4554,2782
1638,5077
4865,2790
3398,4694
3456,4926
3901,4996
525,4831
1095,4669
3659,6
1068,4994
1599,4774
5057,4739
1404,63
2419,4787
4606,4797
1108,3883
2089,2858
3023,3883
1477,2786
353,4894
1356,4769
3318,4824
4714,2833
4170,7
3776,1836
3725,113
3623,2814
2072,2658
3937,11
689,3877
1204,4684
2699,40
3264,4915
4611,11
3625,4939
1182,4682
3822,2773
453,4830
1635,2818
2556,68
962,3913
2437,2865
144,4860
1799,4958
2490,4773
497,4919
373,4775
3790,4962
3623,2818
4595,5074
3121,4870
1952,4910
4390,4855
3163,11
2731,4815
540,4691
595,4776
358,1843
3773,4914
1334,4790
184,2822
2589,1833
2266,2774
4715,4764
3450,5020
689,2847
3939,4743
4596,2866
192,1788
2348,4879
4109,4972
1059,4886
2177,4932
2550,69
1132,3883
957,4248
5082,2867
822,4675
307,2835
3427,42
1218,2827
3159,2839
1371,5066
931,5065
4276,41
434,4755
2819,2832
5021,4921
3680,4797
3217,4689
2033,4678
3085,2765
2638,2809
449,1856
4199,4265
1652,1850
3891,6
4271,84
1761,5069
2567,2860
5058,4916
816,2816
4319,1848
1669,4963
1927,4788
3465,4890
679,4992
3822,4816
3728,1896
2943,4944
4454,1748
663,4748
2248,1840
830,2811
4041,64
1980,2845
1222,2817
3065,4728
387,4926
264,4884
4402,5073
3235,2866
3535,5074
886,70
2681,4680
410,45
569,2824
3168,67
4164,4971
2485,51
1454,4939
5046,4994
4508,3505
1891,1731
2325,4759
2566,4671
2944,12
1751,4692
2922,4789
173,5074
869,4789
4477,5016
4426,5018
4443,4968
4503,2854
1972,283
4450,2855
4092,4882
3712,4832
1469,319
2673,4929
592,4896
2572,4766
4410,49
3476,2853
2369,4733
2417,16
4344,1845
1719,4679
25,2825
2219,4907
4195,2774
1275,4818
5032,2848
364,1816
1702,4926
804,4793
596,4750
882,3884
1129,1729
665,1842
4483,1726
4810,2779
1144,2774
3838,4685
1191,2818
4003,4760
2202,4952
812,4961
5008,2794
3200,1843
1961,2844
515,4766
442,4862
3381,4997
2126,4266
1146,4897
3068,2768
4588,5063
4417,113
1406,4872
158,4918
427,4819
4198,1861
4416,2779
3109,16
2378,1734
4317,2837
3811,4690
2430,4799
1030,2840
3553,4902
293,1860
1265,4935
4481,4730
17,4989
2748,4855
2975,80
411,45
3412,4989
572,5000
2734,4961
2882,4992
387,4732
2607,2857
1745,4686
2871,2788
4660,4890
2433,218
886,51
3169,1733
4632,1827
932,4759
4705,1843
1532,4249
4561,2831
291,2789
4072,2862
3319,2803
4617,2862
4027,46
2188,2855
4408,4910
4099,2768
2708,2853
3979,4728
1143,4987
3435,4684
1264,45
3814,69
2656,4954
2805,4988
1714,4858
3124,1860
2986,4681
2797,1856
2628,4970
3273,4635
4403,4956
1886,1856
3214,2821
3078,4801
695,4692
2382,4801
1109,4746
423,4913
2069,2776
895,4892
1084,4613
2197,4916
637,285
3009,4634
1201,4672
3662,4786
4811,4764
999,4914
4012,4965
292,2860
2669,40
1061,2816
797,2841
125,218
3950,5000
3588,4800
1931,3914
556,116
782,4831
2091,2846
3307,2839
4711,1733
488,4850
1105,2809
3589,55
4054,4885
1146,5074
3986,4685
2705,4819
4812,4916
962,4998
2611,113
269,4634
4013,4736
1232,4774
2273,4803
3298,124
962,4776
2074,124
2107,3879
735,4738
2186,4957
443,2774
2999,4964
3318,4674
3931,1857
897,4857
1159,4737
3235,4907
2755,2837
1682,4775
3680,2822
1320,4732
1078,1835
2461,2810
1039,2799
4186,5074
3385,2794
635,4695
1029,5074
778,2799
738,4727
1610,2808
2870,5004
3152,4733
552,4734
2,4675
4147,4803
3231,4962
978,3912
1680,1740
1668,2825
4571,283
4524,4635
4109,4739
2042,4736
2546,218
3747,40
3397,4732
4012,60
2636,1731
908,4770
2717,114
1330,47
1407,2803
2134,2800
3082,1836
630,4944
1501,54
1334,4779
2237,2809
4556,4919
4191,2773
4133,2783
3346,4889
3386,4890
571,46
476,3882
3428,4944
311,4884
3195,4775
2013,12
3579,2856
4559,1838
3631,4753
3812,70
3009,4759
1042,2776
970,2767
2527,1855
4794,4940
3718,4750
1646,4861
623,65
2216,1896
2026,218
18,4789
1067,4786
210,1726
4242,2785
712,4908
3618,3880
2689,2856
334,4762
4389,2799
599,4801
3468,3882
2359,4792
1676,4674
416,2779
4441,5073
108,283
1418,5002
3590,2781
4549,4913
1418,2790
565,4674
2101,4669
1479,4914
3222,4997
1657,4781
1194,4693
2376,2867
1500,2818
2174,80
1802,4884
4213,4953
3245,4993
974,4932
2972,4938
2312,2794
3688,4253
2262,2858
466,3883
99,4891
4005,4829
4533,4847
1597,4830
1683,113
355,5001
3574,1832
1761,2814
2969,4886
1583,4817
4147,4831
190,2785
691,4688
3566,4964
211,15
4527,4776
3285,1841
781,4735
4186,2822
3231,319
4362,2658
2842,2767
3591,1827
3082,4962
3177,4737
2093,4760
908,4678
1016,13
2222,2827
3946,1727
3238,4772
4556,4955
2183,4920
1231,38
247,4672
3558,4751
1950,4251
481,4693
3050,4939
4023,2847
3718,4680
1371,4911
4839,3878
3661,5063
423,4831
3295,4884
627,64
5083,4910
4227,1818
2175,46
4541,11
2882,4763
519,5000
2960,4742
2976,2848
2647,2789
2342,2790
3952,41
2987,2783
3931,4877
4271,4764
961,3880
3308,4932
2687,4728
2408,4690
3348,5000
2339,4688
4587,115
1707,2832
3725,2799
4013,4987
2450,2781
3329,2790
3007,4887
1247,4988
2301,1788
2371,2765
3626,2823
1404,4937
2106,4734
3302,51
3581,2844
909,133
192,4678
2624,4904
1519,2671
526,4894
2227,4752
929,4816
855,4694
1712,2781
2452,4862
3946,5004
2971,4266
3031,4993
1793,4800
3225,4918
2038,4951
475,4820
3585,2779
1594,5020
892,4680
855,4788
1059,284
4167,4695
1951,285
4119,4880
2384,5001
1058,1832
2276,4751
2722,2846
2544,4915
3524,4862
4663,4761
2720,4886
571,1844
3973,5002
1154,4786
4432,4670
4210,2811
187,2820
1919,4887
3209,4774
3713,4739
354,3877
1239,48
4090,4788
3171,1834
2186,1742
3851,2767
2035,2794
4808,4944
3714,4913
3771,4727
1682,4672
5050,4910
1928,1848
1089,2796
2472,4694
449,145
3931,4998
2385,4831
3895,4963
971,52
29,5069
1821,56
4122,4931
1720,68
2892,3877
652,2820
1622,4743
1046,2839
3966,4718
3994,218
2897,62
3954,4635
996,2798
5076,318
3372,4850
2880,2768
3993,1742
2386,4680
811,4879
4114,2773
3932,4793
1602,218
4841,2784
1119,4680
3402,1808
573,5077
2386,2823
745,2860
395,13
4210,4920
4051,4250
1153,1862
1919,4855
812,4753
902,4887
2578,5020
3294,4996
3555,4996
2414,4872
3890,4970
751,4972
653,1835
2482,320
2719,4946
1952,2841
317,4937
5036,4856
1378,3914
3708,4692
238,4992
3591,3914
1228,1840
797,2840
644,1857
1612,4995
3900,4819
486,5075
783,4749
769,4972
1914,4858
4275,4900
2480,4732
361,4747
286,4682
1980,4910
2416,4730
2208,1726
2475,4972
3273,2843
806,2856
324,4264
3144,1857
507,2835
500,2781
2380,1835
4451,2864
2321,4954
3872,2857
2522,2764
623,4954
155,2839
4436,4791
4464,4969
3168,4718
4660,63
4575,4687
1946,4674
2687,4771
3010,2776
2327,2854
2135,4824
1413,4752
149,4955
502,2796
593,2849
3513,4743
2485,4906
3715,60
3330,66
3731,4682
742,4878
2740,4912
850,1827
4031,4946
1029,5073
4297,2774
4273,4769
601,2823
3424,1827
4924,2796
2634,2821
3387,1857
2196,12
3899,6
2416,2785
743,2814
1562,1726
156,2862
1200,2671
1985,61
1891,1818
3812,4769
26,50
2361,4861
682,4677
1398,4909
2084,1832
2893,46
3048,4673
99,2817
4922,1835
2401,4265
574,4830
669,4901
1594,4978
3164,4873
4137,4926
1198,15
1454,117
348,2843
1397,2832
3742,4772
1288,4635
1852,2764
855,4751
1593,4267
1347,2860
3008,2841
1880,4932
929,1843
4149,45
1540,2816
983,133
4827,5070
4207,4739
2194,4763
1685,4957
5053,4683
2747,5069
812,4906
3229,1818
4637,1733
448,4994
4047,4849
1651,4904
4024,62
4637,4850
753,4934
5061,4870
3803,2822
3641,1851
2472,4961
939,4951
2481,4792
3167,4792
3278,4803
4075,2671
2083,133
2265,3882
1527,4677
211,2844
410,4759
4510,1833
1644,1831
1139,4964
3266,4673
2604,4952
1369,2779
4864,4746
1117,4901
785,5074
4233,4685
3183,3924
4370,4251
1765,4879
3481,2831
2097,4880
2904,4768
3699,4670
2200,52
1989,2787
1869,4972
2214,4253
3714,4746
3139,2844
787,2851
1156,4728
4308,4964
2308,4961
467,11
2741,2776
2465,1
189,4966
150,4820
3510,4793
2769,51
1289,2862
4430,4964
1327,62
3180,4818
2357,132
1028,4801
756,1742
4420,1
5042,4832
4174,48
3409,124
969,47
1067,2774
4377,5019
1126,4886
803,80
3579,4997
1258,4963
3014,4613
1265,2854
1249,4793
3257,2821
4463,131
3934,4861
2187,2784
801,4819
666,4966
2134,4803
2530,2864
3455,4779
1124,1834
875,4267
4867,4966
1724,4749
508,4775
1824,1827
4715,4941
2112,4731
2422,4952
1612,4954
2519,4861
2522,2658
183,4675
3584,4870
1171,1837
3365,4918
1422,4695
3552,4695
4402,1729
710,4901
1186,38
718,4991
4384,4883
1526,2810
1497,4743
1519,4678
4091,4964
2622,4735
3171,1841
3127,5070
2895,6
3616,4777
3982,4887
1664,1847
1825,4856
3011,4930
2242,2857
3223,4732
1266,4677
332,4818
344,13
2888,4935
1889,2658
3720,1849
275,4690
1967,4919
3235,4800
705,3885
1964,1740
73,4747
3892,4902
545,2816
3500,124
3028,3505
3608,4682
2532,2816
3354,4878
3205,2853
1887,3913
4119,2795
1160,4918
4329,4771
4022,4688
3987,2831
1876,2790
3981,2824
3056,2841
25,4682
639,4786
342,5004
4378,4765
2451,4900
2970,4988
958,4913
3224,1848
338,4787
1720,4877
499,1856
3268,4896
2681,5002
2930,2784
4473,4746
1418,3879
4272,131
3568,4675
4173,2833
809,4784
439,2765
4569,4803
1924,4253
4457,1818
266,113
1758,3886
999,4249
3683,1725
3450,4752
1875,4951
4186,1742
3036,4734
3939,4995
143,4803
3347,1818
4812,4882
5010,4934
755,131
3690,2810
2411,13
666,4751
2303,11
4513,4824
1146,2811
3835,52
3391,2862
3055,4768
2377,3882
1557,41
2084,12
962,4930
2548,2821
3132,5018
4083,4970
4394,4777
1785,4669
1214,4815
1693,4850
3860,4789
617,4904
4497,4768
2195,4738
1433,2784
1422,320
3269,4993
3475,2785
1971,2837
1260,4693
3611,4829
2585,4971
1599,4681
4077,4687
3443,1838
1883,4781
4705,5075
1065,4818
788,4818
3848,2843
4478,2808
651,4913
4270,16
4352,4730
1705,4994
4594,4997
856,68
1156,1837
2279,2835
3431,3883
3651,4731
1964,4803
76,4674
2437,5066
354,4988
83,4957
2968,113
4060,2844
1763,4766
587,4765
2990,4789
1238,4779
668,4749
534,1855
4342,3924
4639,4681
2032,2824
4154,2774
2089,1834
817,5077
1581,2823
1098,1857
3518,4830
267,2837
2885,2658
2627,2671
2483,4998
30,4885
207,4956
3712,1896
2230,2783
869,1731
3209,1818
2636,34
1109,4729
3823,2787
3893,60
344,4954
2659,4680
2880,4971
3722,4828
4375,2866
766,4760
153,4786
4224,5016
896,4747
4430,2837
4599,4966
1772,4732
466,2827
1629,4720
4133,4777
2086,4936
485,2790
3703,2844
2755,4916
3935,2800
2175,16
1005,283
3137,15
3574,2824
2222,67
1617,4941
4066,2768
2332,4786
368,319
1100,319
171,4961
2274,1849
3142,58
747,4729
3008,4886
3323,4727
1404,4669
3110,4988
172,4250
3348,4673
698,4997
1604,4889
1091,4966
849,4727
426,4800
336,4686
4893,4829
1294,133
3949,4857
3608,2768
2403,2846
4019,1838
516,13
2735,4784
3807,2847
4825,2832
2859,2795
2909,4264
3001,5073
1512,4734
1933,5020
4562,41
1852,4953
3595,5004
255,1860
2476,2823
2623,4685
1311,1837
2704,2810
2149,4890
2930,50
1181,2809
3790,4788
1786,51
2566,1808
4590,4886
699,4686
1588,4888
2674,47
2497,1842
2441,318
1109,4780
955,4905
1754,4787
1249,1816
4644,2823
3840,21
5038,4691
1277,2794
576,4749
1012,4993
4208,2785
3300,45
637,4951
4115,4995
3904,4932
2435,4718
1532,2840
3407,1836
546,4873
4090,1850
196,4754
378,4829
3377,4994
312,4750
1077,4748
4647,67
2626,4989
4026,2785
460,4749
4722,4824
1804,2796
3776,4780
3603,133
197,4249
3702,2785
936,1818
4476,1842
2886,70
35,2784
3196,4669
2620,2858
2467,84
830,4669
2316,4728
4424,4937
608,1734
4015,1725
1642,283
2092,2795
2069,4785
2958,1730
5045,4819
3046,4723
3563,4775
1756,4991
724,4684
2597,4778
3321,80
4013,4996
1494,47
2291,4718
1898,4815
300,3615
140,1860
3252,2857
2647,2849
1506,4912
592,1732
165,12
2446,5016
2309,2840
4380,4747
3607,4759
1924,2786
3833,1833
86,4248
4491,11
4278,4905
4632,4791
4598,4885
841,2855
3281,40
3842,4861
528,2800
2906,4820
406,4953
3972,4773
2452,4683
3030,5
863,4763
3409,2776
3955,4672
4335,4750
2239,2773
648,1860
808,4878
1117,2844
4452,4681
2150,3615
106,4690
4836,4972
1443,16
4126,4889
939,1841
503,4965
696,2822
5010,4816
716,2833
1034,2810
913,4890
398,4905
191,21
4114,1748
3423,42
3489,4820
4707,1839
2720,4987
1025,4793
1777,4892
2735,116
3188,4885
2590,1833
417,4688
2946,4926
4854,4730
2933,4675
4977,2773
683,2862
1626,3882
861,1838
4822,11
3821,1856
2051,4888
1236,4857
1879,4689
1223,4696
459,131
3998,4817
4842,4987
3801,4897
4146,4914
3367,3505
4044,4956
551,40
2960,4856
5038,2838
4138,4799
612,42
3118,3505
1362,4674
1898,4752
205,4729
2710,15
102,4884
4967,3877
4275,131
4365,61
2079,4764
500,4727
2325,84
1136,4799
1083,5016
1381,4824
3468,4965
3359,4684
2649,2785
4066,4793
3594,4800
713,4819
2217,4953
1640,4921
579,2818
3486,4929
4284,145
1762,4769
3255,116
1690,2789
2605,4935
4186,4266
3469,2846
4129,2813
1087,1827
3857,2832
2054,47
3072,5075
4022,4689
468,4861
3976,4990
3630,4731
2678,4253
189,4858
721,2788
3349,4729
3309,2817
558,5
2254,2853
4539,1740
3495,1732
1302,132
4547,3913
1000,4829
1558,4934
1053,1838
2664,1734
3801,2773
165,2849
2129,4782
463,4952
1560,4966
3546,3
4148,4902
3626,4759
2085,4995
4948,4877
1491,5020
1589,4955
2187,4264
684,3884
446,4968
3904,4748
1337,4749
2090,4917
1538,67
973,4830
813,4873
1106,65
2714,2831
472,2865
2698,4743
4059,4754
938,4870
813,5018
5078,4730
2123,2783
3511,5070
179,4685
3114,131
2648,4777
4215,5
4976,4848
4065,4697
2895,2658
1647,1856
1367,8
4206,1848
1131,2784
1038,2860
2167,2816
2631,4752
2361,2856
2195,4884
1176,4884
75,4679
2312,4739
1294,2865
940,4673
1599,131
445,4761
3365,4764
1604,4902
89,2788
2899,4903
2609,2849
2932,2858
177,4696
534,2856
449,1788
3076,3615
3471,4250
3013,4739
4550,4686
2062,4849
2999,4688
4305,2825
1800,4694
890,61
936,4693
3659,4995
709,2867
1057,4879
1261,2822
817,4761
1774,1896
3716,2826
3609,4990
3548,4670
917,2839
4416,4743
2021,4750
310,4900
1293,3912
2988,284
1179,9
3321,2825
507,4989
2869,47
1296,3615
3389,1832
3453,4873
1408,4817
3376,4992
2334,1733
3257,2658
615,2812
4245,145
3558,1840
3656,68
3865,4791
2929,4965
4529,1734
3576,4679
4704,52
4600,4785
1501,64
4619,61
2461,4918
1766,1748
4652,67
196,64
844,1748
2042,2811
495,84
1577,3914
3545,4718
3330,4815
3494,41
1558,34
1625,4683
3198,2787
118,4748
727,4886
853,4695
3987,1732
2561,1832
1373,2829
1236,4691
4393,1855
3555,1734
2190,4904
3239,4887
613,68
3204,1737
4258,4670
3539,2786
2507,2817
4321,4681
1872,4751
4281,1839
4798,56
1019,2774
1072,4914
3844,4733
3381,4792
170,2782
4845,3
3244,5069
1005,1808
4190,4880
3675,4829
3739,55
3475,2812
2073,50
4308,2782
2964,4939
2639,4764
966,1848
3789,4873
2619,4771
2909,4997
3358,2854
3424,2798
4045,2820
4517,2816
2025,4613
3785,4856
82,5066
634,1846
4022,4718
1558,4797
3446,2781
1964,4919
2218,4764
3942,1733
2878,4920
1065,13
4387,4729
2567,1839
4136,4919
3349,4672
2042,55
4390,4988
4138,2764
2168,4750
685,4829
3703,4792
1982,4774
2642,4746
3956,4820
4279,4829
3537,4674
4619,4737
2266,2814
3660,4887
1050,12
2259,1727
2690,4880
1824,4654
4332,2860
3760,285
1623,2786
630,2821
3840,133
1945,4929
3743,4729
4245,3884
2578,4768
2036,124
4180,1734
3239,4778
3195,62
3944,4784
1318,4783
4619,3884
4588,2767
4530,4940
2669,4739
1363,3879
4142,2854
1635,3615
1534,2844
3247,4669
2302,319
410,2855
1592,4779
712,4911
2001,4678
3156,4857
2988,4251
2904,4966
4083,4901
4406,4910
3118,1734
1105,2837
1638,4952
558,4264
945,4904
3318,4781
3727,4862
2588,4727
3374,58
4463,5001
4625,2825
969,3913
766,2781
3538,4858
4871,2820
3999,5019
2221,4892
2042,4958
2046,3615
4640,4882
2062,4777
2522,4966
1426,4670
909,2849
3783,4693
3892,4940
150,4731
1960,1857
2490,1731
4094,54
837,4910
2727,4894
3606,50
4199,4907
2627,4679
1040,4743
3011,2776
1027,4995
2737,4768
3921,2785
4814,5004
3210,1742
4406,42
4381,4912
479,4988
1957,4682
1465,4952
726,4939
3408,4878
3498,4992
4261,4886
2071,3878
4045,54
1749,4910
3856,4689
1145,4990
1830,4266
922,1731
3333,4946
1815,4674
3938,4862
1517,4965
184,4248
1646,4930
4241,4731
1490,42
3003,2816
4616,4697
3251,4935
3951,1734
3209,4670
2467,4787
2625,4992
4439,5063
888,5002
2554,4783
1223,4917
1250,4936
2188,218
104,21
2242,4695
652,3877
1936,4929
3025,1827
2542,2787
4484,4770
3136,4968
2540,1748
3011,4249
3119,66
3502,318
4107,4951
3459,9
5005,4978
3987,4771
3951,4818
787,64
1931,2671
1738,1835
205,4728
4846,5075
1427,16
2978,4801
1705,4746
1768,4689
3822,4820
594,4968
1949,2800
2239,1725
713,4673
548,3877
741,4728
4276,2855
4480,4677
2387,1827
790,2822
3530,1731
752,1831
2170,4952
2500,4742
4373,5019
768,4248
1485,4858
1891,4683
228,1808
682,1857
1226,4963
4304,4775
3790,5075
4216,38
942,4979
2130,2853
2361,114
576,7
3423,5018
1307,4904
2760,4848
3676,5
2962,4896
2340,5020
2551,80
3120,4991
3595,41
1481,1737
511,1818
942,4685
975,4991
570,1832
1045,4720
3669,4912
1619,4896
1951,4897
1387,4679
1058,4861
4046,5002
1420,1843
647,4734
1889,4746
2293,1735
1689,4918
2366,4876
1094,4829
3689,4777
288,4743
4476,131
4252,4788
277,4938
2601,4889
3717,42
1586,4931
4600,4946
2407,4877
2775,2786
4708,5069
1033,5074
4548,4897
2562,2811
4491,2790
1391,16
3835,1818
4565,53
2443,2812
4195,40
921,2829
1034,1848
2943,4749
5081,15
2128,2798
1404,12
4460,60
2751,4991
4959,42
1639,1856
3611,4910
4285,4831
3625,54
1015,2862
3374,3
3405,4746
750,4861
2640,2795
1368,1832
2055,2822
1567,2821
1582,1831
3472,2786
4716,51
1809,4672
1635,4850
4591,2845
122,2829
3987,2782
2084,4970
2232,4829
2016,1842
281,4986
3528,1832
397,4680
2896,4878
3085,4788
3232,4968
1193,218
24,2803
2047,4775
1888,4884
5022,2851
3892,4267
4974,4736
579,4915
3276,4733
1272,2816
676,6
371,4774
3289,2783
528,4958
1178,320
4334,4754
3908,2865
3979,4954
5013,42
4109,4733
3955,4746
2014,4685
1145,124
2092,4635
2744,2811
1040,3912
83,4763
695,4801
3111,124
579,1831
4054,4828
1370,4750
3969,1846
3425,4953
3978,4817
779,66
2039,4989
2366,4904
2974,4779
3592,4743
4893,2787
1183,21
4334,61
4715,4998
2287,2810
4,2822
2664,2839
3356,11
3660,2829
4431,2773
741,13
4543,4908
313,4878
1586,1727
4579,7
3818,4872
3148,1844
2156,3886
1304,2820
2583,4995
1859,4679
2192,2840
4285,218
1264,4816
4155,4801
3466,2788
1946,4673
236,4768
4214,4731
3446,4987
2083,4914
4498,4829
3952,116
1319,4785
1048,4684
127,4958
3189,3879
3550,2809
1323,4883
5045,4718
3317,46
1484,47
2990,4891
102,4780
1927,3880
3197,4978
774,2795
211,4900
4325,4250
1241,2772
4717,5000
4626,4937
3164,68
2165,4763
3543,4680
4425,4668
942,3
3216,4760
3307,4697
1702,2853
833,4820
781,4695
3326,2671
4175,4857
2908,2844
501,1730
3444,2814
1235,4741
3841,5064
2101,1860
174,4736
3276,4848
5040,2809
2107,2783
2928,4686
3617,4961
4609,2829
2713,2803
2332,3
4315,48
1270,4964
3814,2786
4756,3912
4206,4995
1525,3885
443,1731
4340,4941
1689,4989
1308,1733
1193,4954
917,2798
3037,3879
1715,4870
3296,2867
3585,3505
1785,5070
3980,4894
619,1851
2426,68
2657,1728
1257,4761
3165,4987
1500,4676
4557,4941
4495,67
1192,2848
4522,47
2669,4849
1201,4930
4703,4760
143,4613
1585,4772
3985,4818
1387,3879
3992,2867
759,3877
783,4992
1538,1834
3412,4861
2363,4848
1603,4872
724,4968
1246,4909
3795,2824
2555,4876
4001,2821
4637,4994
2193,2838
296,4913
2993,4731
1186,4763
2292,2860
4321,1851
1660,4668
3278,1848
1203,4760
4537,4878
4412,4750
1946,4935
1460,2864
1722,4891
2300,4894
2804,1846
1596,4912
4343,2827
3991,3881
831,2818
3945,1855
4157,4911
1601,4820
2896,4935
37,4873
1241,2864
3237,2847
107,132
1419,4267
1099,1726
1886,1728
2616,4731
4468,4746
3079,2853
349,5016
1978,4946
484,1737
1809,1788
1098,4921
1716,2813
3116,4786
1887,4731
2119,4990
476,117
4114,4951
1098,5000
827,218
3230,2837
2393,4782
5060,67
1999,4688
2018,1735
1145,4989
207,4886
2496,4992
3107,4696
1154,5000
2214,3615
3298,2849
882,4880
3929,4909
2775,4783
2039,4901
1027,2764
3681,2796
558,4766
3074,4894
1595,4908
1133,4901
398,1848
3078,4926
4197,4879
2136,45
1107,4931
804,2838
2741,3884
3090,4683
881,2853
3693,2786
389,48
2448,2820
2281,4669
1281,4678
3353,3912
4219,4989
4275,4671
740,5066
19,60
3908,1862
3215,2818
3387,5016
1519,4675
4321,4720
1634,2814
1239,40
2677,4861
2960,34
4556,2840
2403,4776
655,4787
3213,9
4394,4931
2956,54
1375,4961
4334,2821
1532,4669
245,4993
1988,2788
2699,284
2364,4788
2047,2787
1147,4735
900,2772
219,1827
4810,133
1927,4800
297,4886
800,4684
2514,2768
413,2776
3978,2816
5036,2858
2395,3
1310,2817
4925,4829
4649,1827
2911,2800
3262,1846
2007,4692
1024,2854
1217,4751
3542,2866
4187,4676
2097,4994
1723,4936
1107,4264
1217,4920
899,1731
1131,4901
1877,60
4512,1848
2008,133
1400,1818
1132,5
2524,2818
103,69
4316,3886
2286,53
1955,3878
4534,1748
4296,46
1577,2773
4314,4963
3480,4729
1137,4994
3183,2867
591,4750
1662,5063
3364,4267
3436,2837
3393,1845
3499,3877
43,4989
3512,4921
3527,4894
619,4961
3453,2818
3666,4966
4740,4793
1371,4766
1386,61
4546,2867
333,2776
305,4970
2890,4912
1963,2847
3939,4919
2692,3505
4168,4776
556,2800
763,4780
858,4988
2139,4966
448,5069
666,4746
2333,4954
1937,5070
807,66
3925,4992
3185,284
313,5075
675,1748
2852,4941
3016,4819
4360,2856
3900,4879
362,4897
1345,4961
3546,4754
1920,4790
4428,4987
521,15
1363,1808
785,4989
618,2773
1162,2772
848,2810
2230,4939
1403,1896
760,4253
1990,4742
4659,7
4313,1843
2352,60
82,2857
1554,3912
1288,69
914,4995
3482,5019
4631,42
2760,2764
3328,4978
3035,4966
4084,4971
3337,2864
3061,2794
1611,4934
2443,4941
2585,4772
610,2825
1739,66
3790,4908
1130,2843
2528,2814
1170,3914
2589,4678
2427,4916
2973,2803
3282,4750
416,4909
4580,4858
1644,4747
3028,3877
3287,2796
226,4850
4794,4832
4602,2781
954,131
3978,4687
2428,1844
5061,4731
3488,4862
3564,3881
1785,60
1211,70
1241,4250
1145,2810
4245,5002
3252,38
1231,4996
2098,319
1948,4908
3130,1734
4587,4689
563,4915
4412,2851
2601,61
4025,4785
4185,4676
2852,4882
3054,4248
3656,2772
3002,4671
4501,1840
3821,4883
1333,4946
1673,1849
1612,4675
4415,2854
3496,1816
1232,3915
1453,4686
4419,4736
2739,4986
2531,2795
1493,4968
119,4759
1355,4987
503,2785
2682,2840
2308,2789
2113,4900
3525,4761
560,2773
4606,4965
1570,1816
1754,45
4374,2846
1751,4932
5042,1740
5059,1846
1170,4930
4630,4908
2689,1860
2139,2829
708,1808
2934,4900
271,4682
655,1735
271,1742
776,2800
1175,2776
3242,4860
2326,2787
3540,4684
963,4862
4373,4931
855,4916
992,2790
198,4697
4701,55
1956,5019
250,2820
3711,4962
2962,4679
593,4250
1918,2841
2393,2787
99,2821
1080,4873
3043,4938
4164,4686
1882,4681
3496,4253
1880,55
847,50
165,2838
3301,4855
4314,4955
129,4754
3198,4860
3329,4956
1496,4887
126,4728
1378,4762
4235,4903
3894,4930
705,4908
2448,1860
615,4780
4008,4886
2480,4926
3529,4917
361,4681
2890,4857
4069,4787
2459,48
1278,63
1675,4987
3489,4956
39,4753
2531,4870
4023,4763
1648,4920
4638,2843
3020,4879
2,2854
1875,4880
3906,11
32,1837
3762,2835
839,4682
2488,2838
4959,318
57,4803
2082,4755
2981,4613
1139,4829
3265,4987
2071,218
2537,4991
1103,4720
4133,1832
4254,4780
1215,4678
1073,4997
279,4817
1432,1841
878,1849
4319,4613
915,2865
4369,66
4517,2798
3064,4674
3991,4749
425,2822
4579,4962
2200,4786
1517,131
3127,4887
3063,4998
4419,5018
3948,5020
2805,1742
1381,3913
2939,1844
472,4690
2753,4944
3806,4989
1080,4696
367,3912
655,4882
1713,4913
3815,117
3542,2839
1593,4766
3724,4684
3681,113
2947,2773
421,2838
964,4769
450,3878
3289,5073
2172,2814
3537,42
3058,15
2204,4797
1080,4901
4019,4963
3827,2765
405,4743
2877,2822
2706,1730
474,4250
636,2787
96,48
2208,62
739,4891
1434,4889
489,7
4131,4901
4280,4978
732,4797
2988,4774
4456,4766
3825,4803
2518,4966
1884,5069
3361,320
447,1855
651,70
4618,2856
3530,2853
22,4729
3563,4267
2374,1725
3784,1836
1768,1857
3350,4784
948,4736
1004,4952
221,4759
2537,2821
4189,4965
396,4817
176,1839
2527,4692
2899,4673
4551,3912
3318,53
509,2781
149,1728
4118,2860
2694,5020
2050,2795
4079,2794
1394,16
2943,4728
621,4968
2024,4718
4480,4921
904,2817
3477,4855
3140,5018
1998,1850
3771,4831
4027,4937
4660,4876
4933,4848
2482,2808
2127,1726
3328,4856
1640,117
2551,4861
704,1841
4541,4791
4186,4870
3186,4855
3377,114
2698,319
2507,4997
1640,4939
2045,2796
1620,2825
4067,5075
2895,4723
3690,4733
3668,3505
2552,5001
1899,4935
2702,4682
2512,2768
776,2839
3803,4775
2249,1835
3945,1733
3576,4799
734,4941
4409,5004
196,3884
1145,4783
5040,45
2030,4253
3459,4856
3320,2823
2589,4916
2645,4764
2868,4766
1199,2827
524,285
4525,4681
2834,21
1339,5064
187,4969
1211,61
2444,4961
4615,4687
286,4800
692,4675
1116,1834
4304,2786
4550,3924
1589,5065
953,2658
3965,4688
4014,2774
