2556,5
4807,4803
2980,1737
1768,1740
3799,1788
4074,7
2955,1737
3028,1
2944,1740
3110,67
2850,2851
4973,4968
3929,3
4545,62
2437,61
4039,66
4370,67
1809,1737
2373,69
1263,84
1914,66
5017,4762
4110,1
4585,16
4724,5
2359,7
5048,4692
1970,67
1664,84
2461,1737
4667,4679
3374,1
496,58
334,84
870,58
3185,1742
4028,6
3846,5
4227,5
4794,4686
3025,1737
5013,4768
5030,4678
3661,1742
4384,1742
2311,70
1110,58
2476,7
3017,1737
1439,58
4153,7
3015,68
4338,61
3994,5
3816,61
2863,2866
471,58
4560,15
1858,56
4485,1788
2624,1737
24,21
2592,61
3785,1740
3648,1788
3582,70
3627,7
4740,4671
2616,1737
4051,61
2894,68
3049,1737
2257,1
4826,1855
1220,58
869,84
2631,5
2098,1737
1578,58
252,58
2729,5
2019,68
1913,1737
5049,4694
664,84
3103,1
2918,1737
2444,64
2597,6
2448,3
2694,62
3432,1737
4756,4669
4057,64
4363,1
4528,64
2130,1737
2317,1737
4206,1737
2940,1740
1959,1737
3616,65
4200,1742
3908,7
3466,62
1764,1737
3027,70
4383,1737
3184,67
2444,1740
5057,4782
2064,66
4065,1742
4150,1808
2599,68
2581,1737
5047,4672
2487,64
4758,4765
1802,1
1215,84
2734,67
2004,69
4949,16
1991,1737
2393,61
2690,61
2338,1788
2471,1740
2750,67
5080,80
4402,68
3678,61
2044,67
907,58
5029,4673
4794,4688
5013,4786
1403,58
1717,84
448,58
2119,1
822,58
5049,4742
3780,1808
1126,84
4203,1
2760,7
3439,1737
2444,1808
2998,1
4698,4678
4445,68
2946,1742
2304,61
2951,1737
4290,61
3987,1737
4059,1742
2924,7
4242,1742
4084,1
2928,66
639,218
1891,63
2236,1
4331,1742
3215,1737
4509,1742
2367,67
2240,68
4003,61
322,58
3939,5
2984,67
3249,1737
312,124
2091,5
204,58
2383,67
5054,4674
4708,2811
3609,7
562,58
3733,1737
4467,67
5028,4693
4960,4963
1604,84
2859,2860
4458,1788
3780,1748
288,84
2797,2798
5047,4694
3358,1737
2842,67
4103,70
1926,1
4639,16
4293,1742
2850,1740
4804,4760
3888,1742
4089,67
4123,3
3005,1808
4325,67
4,7
3310,5
2372,5
1060,114
2631,1740
3851,1737
3668,1
4976,4929
3926,1737
2612,1737
2227,1
3077,61
2585,61
91,58
3138,61
3908,1737
937,84
4327,1
1969,7
3138,1737
3231,1742
2170,61
4821,4253
10,12
2082,1
505,58
4698,4680
2909,1740
3958,1737
2142,63
3131,6
3130,1737
400,58
3947,1742
3785,5
4834,4677
2026,67
2457,1737
1595,58
2036,1740
4518,7
3103,1737
3357,1737
1766,1
4641,16
3640,5
2475,67
4476,1737
5054,4861
2507,1737
2907,68
3137,1737
3629,1737
3980,1737
1747,1748
989,58
3125,1742
4295,64
871,58
3034,65
1229,58
2078,7
2145,68
274,58
1111,58
1883,5
2741,70
156,58
2218,5
955,84
314,84
521,84
4133,7
4950,4954
3846,64
4942,3879
3189,67
2690,1
4959,4695
4967,4969
4089,62
1946,65
5050,4672
2445,1808
4210,6
2692,67
4881,4887
1582,84
4159,67
4757,4679
4435,1
4806,16
4042,1737
5053,4678
1014,84
373,84
4950,4759
2374,61
1123,84
4092,1737
3818,1740
4834,4695
4310,68
4475,7
299,84
4859,4677
1425,58
2122,61
3612,1740
5032,4718
2917,68
4202,62
3581,61
4028,1808
3147,5
4767,4787
2984,63
697,58
2876,117
1547,58
4093,66
1625,84
4238,3
2249,7
2780,2789
4520,1742
254,58
2623,7
1344,84
3602,66
1471,115
1920,7
4464,65
2228,61
4137,61
1518,58
4557,114
2453,6
3638,1
4490,61
2440,5
4948,4720
4811,45
598,84
981,84
4615,15
2945,1740
2251,69
4814,4818
4959,4677
4835,4683
4082,6
2516,1737
1939,3
266,84
4652,16
604,58
2491,1737
3176,69
4814,4733
5050,4690
2183,67
1018,58
3920,68
4338,69
3941,1740
2310,66
2744,1740
3606,70
4589,84
1815,1816
3174,68
4017,5
3539,1737
4074,62
5061,80
2425,5
3956,62
4502,1742
1941,62
3352,1742
3208,62
3889,67
966,84
1998,1
4109,1748
2654,1
2801,1737
3007,69
1112,15
4531,5
4009,61
1515,58
3666,6
5043,4748
2558,5
291,58
2624,67
5028,4735
3770,1740
3985,68
3371,63
3887,53
3746,1
1145,58
1970,61
1040,58
2154,1
4443,69
1168,15
2412,1737
1249,84
4472,1737
1603,15
1949,7
5079,80
1971,1737
4945,4947
3991,1788
3033,5
2046,1737
4480,1742
3152,61
1336,58
933,84
1747,66
2952,61
165,58
3876,3884
1878,6
5036,4797
1989,1
1629,58
4462,61
4518,1737
4924,1860
3332,1788
1429,58
3667,1737
3785,66
556,58
2310,60
2095,1748
3435,1737
1720,15
3191,1742
4698,4670
970,58
2019,61
2364,7
1034,285
3524,1
852,58
3240,1742
1210,58
4542,1737
593,84
1917,65
5057,4678
2444,62
2943,66
1136,84
1535,84
1961,5
3854,1896
4524,67
4983,1860
3543,5
3679,7
2689,1740
1829,6
2617,5
3038,1737
5042,4751
2930,68
1926,62
59,68
4329,62
4985,4885
3568,1742
4827,4832
4035,66
4744,4695
4038,61
2168,60
4112,1737
499,58
4985,4998
2517,61
857,58
4104,1737
1707,58
732,84
2546,1737
4659,45
2750,5
5050,4743
2472,1788
1966,67
3463,1788
44,54
3290,6
3330,7
4842,4264
3515,1
158,58
4356,1737
4740,4676
994,84
3987,5
4136,1737
4495,6
2322,1737
5027,4733
4579,145
1964,1737
4108,67
573,16
2314,1737
3363,1742
4726,4734
1830,1842
2136,61
1956,1737
1223,58
3463,7
3892,61
2608,1
2850,66
2819,2823
2122,67
3833,1737
1519,58
2476,1742
3697,60
922,58
1971,61
190,84
2886,1
2032,61
4119,1737
804,58
2178,64
4085,1737
1162,58
3898,6
4167,61
4605,58
2156,1737
4083,62
2159,1740
2780,2783
2211,1740
126,15
5048,4679
1658,58
3200,1742
2667,3
3865,1740
2613,67
4045,70
2830,2831
3444,1737
4210,1737
217,116
4667,4680
3139,7
4744,4677
2315,7
1919,6
2579,60
2243,1740
4085,64
2929,7
411,84
2000,62
4089,5
3339,1788
3196,67
5030,4693
2348,69
243,15
3474,1737
4844,4266
2945,61
3944,5
809,58
4740,4682
3925,1742
27,21
637,84
3494,1
691,58
3516,1737
3262,61
3062,7
2260,5
1830,1836
3420,7
4522,1737
2374,5
5049,4683
606,58
4984,4870
2115,1
1995,1788
3275,3
2283,61
2408,1737
3703,67
4213,1737
325,58
3743,66
1916,1740
3065,3
4039,61
3237,67
4167,1742
4340,1740
251,84
3352,61
4481,67
2323,61
4392,1740
3041,1742
5017,4761
3787,61
4110,6
4724,6
106,58
5047,4685
4159,7
3585,66
1012,58
405,84
1292,84
3076,1737
4985,4913
2480,1737
4667,4678
2325,3
1252,58
2077,1740
4183,64
1610,58
4028,7
2982,5
1600,124
4794,4687
4397,1740
5013,4783
1342,15
2019,1740
2311,65
1771,5
2352,62
1187,84
1922,1
3816,62
4794,4670
2234,62
3404,1737
1939,1748
2029,64
2578,1
4317,6
2033,5
1997,1740
4719,80
2727,1742
2985,1
4665,12
3863,1737
3664,1
3224,1740
5049,4693
643,58
3618,1742
2967,6
2917,61
4756,4687
3285,7
2425,61
2444,65
2225,1737
2580,67
1408,84
1796,5
3633,61
4756,4670
4214,1742
2094,1
5054,4689
3616,66
1448,58
2566,5
4178,1
2469,1737
59,1
5057,4781
2334,1737
2064,67
854,58
159,58
3552,1740
1960,1737
4839,1861
517,58
3560,61
3193,1742
3470,1742
351,84
2004,70
3218,1737
4665,3883
4667,4692
2897,1788
1936,61
1576,84
4851,56
2247,62
2469,64
4794,4689
5029,4672
5013,4785
3561,1740
705,84
408,84
354,58
4553,64
2303,1737
3080,1740
5049,4741
81,21
2702,1
4376,1740
4698,4679
2727,1788
2926,1737
4257,4253
4451,1742
4757,4755
1713,15
4147,1737
3292,62
2928,67
4505,7
2240,69
1967,1737
4064,62
1755,1737
3865,3
4155,67
4050,1
3139,1740
2202,1
5054,4675
3486,1737
4425,1737
4859,4742
2869,61
2518,69
3740,66
4467,66
3964,1742
592,84
4960,4964
3585,61
1091,58
1313,84
3512,1737
2617,61
5047,4689
4103,65
1505,58
2292,63
2256,1737
4288,1742
4804,4761
1002,84
2582,6
4089,66
2715,1737
4234,3
2511,1740
1060,115
1046,58
4507,1740
418,84
4345,7
3910,67
4795,4720
4492,68
3215,61
1920,1737
3759,1742
3333,66
4618,124
2659,5
2568,68
2566,1737
10,13
4950,4762
4254,4253
4698,4681
4517,1742
1156,58
3698,1737
2221,1737
1645,84
1348,84
3295,1
1652,58
2580,1740
1881,70
3130,66
3509,1737
2691,60
5041,80
1914,6
3486,7
5054,4685
3126,62
3559,1737
4295,67
3844,7
4999,1839
3408,1737
4430,68
2367,1740
3896,1742
3400,1737
2889,68
4246,1788
1335,283
3082,3
659,84
2329,61
4168,1742
2882,61
2628,1737
2757,69
3066,1742
3917,67
4950,4955
2596,69
2579,7
2603,1737
3606,1740
3057,1
1521,84
4975,4929
2261,1788
4974,4972
4959,4694
2950,1748
823,84
1413,84
2369,7
1457,58
4381,1742
2871,114
3814,1742
4177,69
4089,61
364,84
3121,1737
5050,4673
2055,1
2917,1740
2780,1788
2426,67
4632,15
4210,7
4138,1742
4881,4886
3059,67
880,58
3744,1737
2166,1
1254,58
2496,61
4802,4762
2196,1740
4845,4824
2931,61
3228,61
973,58
4834,4692
4602,284
3415,1737
4586,15
2736,61
2260,61
3403,1
4859,4676
855,58
1743,1737
3601,1742
1213,58
130,113
258,58
2148,1788
4514,1737
4767,4786
3443,7
140,58
620,218
4466,1742
754,58
1253,84
4039,5
2313,62
1971,67
4299,1742
3109,64
3862,1788
4534,1
2029,1737
2780,2790
3351,7
3520,1
5028,4682
3780,1737
2117,7
4557,113
4899,4914
3747,1737
2235,68
2453,5
3830,1737
4657,131
1637,15
3749,1
3968,62
4745,4691
3934,7
1953,64
4255,4253
4814,4819
4959,4676
3468,7
2972,60
5030,4668
3174,1788
404,84
1599,84
2143,67
3598,1737
5050,4691
4025,1737
4330,1737
2598,61
3689,1748
2599,1740
4051,7
4338,66
3134,67
2092,1740
4485,7
30,21
2089,3
2310,67
2451,1742
1291,58
5053,4695
3902,68
3298,1742
5027,4817
3303,1737
2129,5
2542,1788
4529,70
2260,67
463,84
4606,116
4859,4690
1206,58
3832,5
4050,68
3002,1788
1941,61
4434,61
1072,58
1642,84
4898,1730
3436,61
5027,80
4767,4768
3898,1740
2320,7
2353,1742
342,84
2694,7
807,58
4198,61
3007,68
2148,5
1917,63
3184,61
1058,84
466,58
3666,7
5043,4751
2727,69
4864,4720
1047,58
3780,3
3101,1742
348,58
3597,1737
4895,1730
1661,58
5028,4728
706,58
3093,1742
2462,1740
2669,1740
2521,62
32,21
3887,52
588,58
2661,1740
3710,1737
2041,6
2882,1
2150,67
2902,68
3378,1808
2761,62
4443,68
4227,61
3799,7
3692,67
3946,1737
4945,4946
4666,52
672,84
2223,1748
2120,1
1060,133
1534,84
1747,69
3876,3885
4580,58
4740,4695
1878,7
3990,1
2156,60
1426,84
4924,1861
2863,2811
4359,1742
3785,65
3842,1788
3062,1740
3916,7
3186,1742
1955,1
4317,64
4698,4671
4411,7
4029,1740
4899,1850
4550,1742
1499,58
4013,66
2947,3
1321,84
4468,67
2400,1742
275,58
2384,67
889,58
2444,63
4528,7
3345,5
3436,66
1024,58
1829,5
5042,4748
2930,69
3813,1740
109,58
4005,1742
294,84
1454,58
3200,5
1015,58
3628,61
3830,1
31,21
2599,61
2891,1740
1798,5
4035,69
4899,4910
2384,1740
4744,4696
2387,1737
4713,2811
4807,15
2168,61
4382,64
300,58
2517,60
4985,4997
1613,58
4404,1748
1255,58
658,58
3863,61
4975,4971
1946,5
1342,16
2648,1740
44,55
4066,1742
4526,1737
3756,1788
3569,68
4842,4265
1339,84
2713,62
2145,1740
954,58
2733,67
3762,3
3087,62
698,84
4566,15
3199,1742
1801,1
4406,1742
4240,61
2492,1737
255,84
2694,1740
1069,84
4199,61
4726,4735
4661,1816
3360,1788
3859,62
1612,84
2156,65
3781,7
4092,1788
3341,1788
4064,5
2819,2822
3869,1742
3674,1740
3376,7
1398,84
757,84
1881,1808
3750,7
4854,4856
1044,84
2017,1742
2878,284
1451,58
3576,1742
4798,4799
4022,61
4167,60
483,58
5003,5004
4706,2810
841,58
2446,1788
2289,69
5040,80
3411,1788
2400,64
5048,4680
2495,1737
1471,132
2052,1737
3770,61
2554,1737
2707,5
3867,7
290,131
4667,4683
2400,63
1232,58
2292,69
4744,4678
2311,61
1919,1
2579,63
4422,1737
638,58
2929,6
2527,1737
3560,1740
2806,1740
5030,4682
1528,58
2330,1737
2076,67
1774,1
357,58
2483,67
2305,1737
4844,4267
4448,1737
1972,1737
4160,67
4071,61
1947,1737
1565,58
4740,4683
4625,15
239,58
4094,1740
2022,1737
1939,1737
3034,1748
4009,1748
4097,1740
2307,62
2574,1740
5015,4718
3124,7
1830,1837
4297,63
4224,1737
3440,1742
2189,62
2484,1742
2608,1740
5049,4682
2936,1737
5031,4718
788,58
3273,1742
4468,1740
4494,68
3386,3
4758,15
4822,4720
2585,1740
3704,1742
3707,7
4700,3924
3542,1788
2883,7
4167,1737
4859,4861
2982,1737
1724,1732
4159,1737
1914,64
5017,4760
3931,1740
4490,1740
2940,67
317,320
1350,84
4724,7
3427,1737
2413,61
5047,4684
4198,1740
5048,4694
2664,5
3235,1742
3014,1737
428,84
4985,4912
1866,62
2913,1740
381,84
793,58
1878,1737
2027,1
4851,45
782,84
675,58
3425,61
4794,4684
3577,1788
3104,1788
1033,58
3431,67
5030,4676
3028,1740
775,15
4336,1737
4549,1740
4048,67
2268,1737
4557,283
4794,4671
1858,54
2574,67
3582,68
3990,63
1633,84
2727,1737
2874,15
4304,6
2564,61
2419,1788
309,58
2290,1740
5052,4720
2072,61
1159,58
1901,5
1317,84
3336,61
3906,67
549,58
4756,4680
2967,1
5049,4692
1932,1737
2771,2772
4512,66
1368,84
2444,66
90,58
2694,60
4053,1
4756,4671
4057,70
4528,66
1968,61
5054,4694
996,58
1354,58
4103,61
4090,6
3908,1
4107,6
241,15
2444,1742
1594,58
4531,1808
3565,1742
2064,68
2463,68
514,84
5047,4674
2487,66
3123,1742
4055,67
3235,1788
2135,1740
4405,1740
4827,4829
4665,3882
4667,4695
2842,2848
4025,5
2924,1740
4089,1740
3616,1740
4806,4803
2605,61
1433,84
5013,4784
333,84
387,58
1001,58
176,145
4594,131
2324,67
2402,1737
970,145
990,84
883,58
2662,1
2345,66
3785,1788
1241,58
1116,84
4354,3
4698,4676
2674,1737
2926,1742
2089,69
4757,4754
168,58
4726,4693
2170,1740
3625,1740
3714,7
406,84
542,58
2928,68
2122,7
1432,58
1378,84
2219,61
2648,67
2937,1742
3808,69
2893,1737
1672,58
143,58
679,84
5054,4672
4999,4911
2515,61
2387,6
4999,1848
2745,6
2713,1742
4960,4965
1273,84
3585,60
2425,1748
4316,1740
2444,1788
2727,3
5047,4688
4640,58
1306,58
4490,7
574,84
3270,1
1181,84
1296,124
2174,60
4804,4762
5025,4819
2929,67
1852,1
1546,58
1983,67
75,15
4835,4689
4,1
2631,1742
3300,1737
3058,1740
3554,1737
4412,61
3394,62
1882,1737
4021,67
4492,69
2223,70
2301,1740
2426,62
4516,67
1870,1748
4881,4891
795,84
4240,5
4950,4763
3021,1788
4199,69
4834,4675
2863,7
2938,68
336,84
3329,61
835,58
4859,4681
4239,1808
4122,1740
3204,65
1193,58
3640,7
225,58
1881,69
1075,58
979,145
3130,67
5057,4718
3646,61
4390,67
4501,68
4558,15
3602,63
616,58
4295,66
2081,63
2264,1737
4134,68
4296,1742
4999,1838
4521,1
4430,69
3288,1788
3523,1
2630,67
4150,68
2959,61
709,58
3830,1788
591,58
4564,16
2757,68
4811,49
2310,1737
4950,4952
2579,6
4008,1740
4942,3877
4806,4764
3775,1742
3921,7
2975,1737
4959,4689
2755,1737
1882,68
1514,58
2616,1
4967,4971
4085,7
4177,68
1396,58
2324,1740
3986,1740
2709,3
2229,1737
4881,4885
2146,67
4364,61
5053,4676
4028,1740
4802,4763
4707,2811
4698,4696
2356,1740
3721,1742
346,116
290,284
4834,4693
3198,66
1571,84
2265,1740
2374,66
36,21
4123,1737
2383,1740
4498,67
1755,1748
2394,1
2637,67
3061,61
4093,64
4822,80
3311,7
2356,69
2249,5
2084,66
676,84
1027,58
5028,4683
3602,64
2611,1737
3988,67
4985,4991
4571,15
2686,1737
4899,4917
2400,6
3822,1742
2455,1740
4811,47
3951,68
4045,63
4426,3
2118,1740
998,58
3428,7
2143,61
2897,1737
1178,84
4835,4685
2972,61
3695,67
5030,4669
1238,58
2889,1737
4405,61
1939,5
957,58
4268,4264
3166,1740
4153,61
2117,1737
4338,67
4283,1742
3002,1
3979,1737
2310,64
2167,1737
151,84
3545,7
2631,62
997,84
1480,114
1815,1818
3902,69
5027,4816
949,145
4840,16
1785,1737
1089,84
4240,1740
1588,58
4511,61
2579,1788
393,15
2927,62
4050,69
2729,67
3889,65
1998,7
3021,5
3304,1737
2037,1737
3493,1
4767,4771
4036,7
2714,1742
4417,3
4531,7
5043,4750
4810,4751
3523,1737
4161,6
5028,4729
4103,5
4507,62
1343,84
4209,1742
4277,1742
2657,3
4049,1737
2342,61
3887,55
129,58
2606,68
3253,61
4478,1788
1019,145
1517,114
625,58
3042,1742
632,84
5053,4742
4025,61
1531,58
1877,1742
3269,1737
4132,1737
3640,1737
317,124
950,58
1747,68
3876,3886
4740,4688
441,218
3950,1
540,84
3582,63
1386,84
2538,1748
3990,6
2780,1729
3867,1737
4924,1862
4359,1737
3785,64
1915,1
3068,1788
2928,61
4698,4668
2729,60
2196,61
4203,1742
1991,61
1405,58
2088,67
3248,69
2511,67
332,58
4933,1842
1000,84
2997,62
690,58
1739,61
1540,58
1584,84
572,58
4983,1862
3825,1742
2481,5
5042,4749
2778,2779
4467,61
1741,1742
59,70
3200,6
4985,4891
3830,6
4035,68
146,84
4667,4668
4744,4697
4713,2810
2369,67
2978,1737
4985,4996
3863,60
2930,1742
3723,1737
4975,4970
4469,67
4659,47
5050,4741
2439,1808
44,48
337,58
1043,84
3205,61
2982,1808
2021,1737
3784,1742
2733,66
4740,4678
577,58
4026,1737
584,84
3977,61
1483,58
4001,1737
4493,1737
4726,4732
2991,5
4610,283
3580,1740
4298,1737
3275,1808
2156,66
3296,1
2378,68
5049,4671
2733,1742
3229,1737
2608,3
1469,84
4899,1835
4569,58
2850,64
2819,2825
2944,5
174,58
3080,7
4525,1737
3710,7
1010,84
2347,70
1971,63
4854,4857
2886,7
999,58
5043,4733
4134,61
4933,4913
1411,84
1357,58
4452,1742
3602,7
2403,1737
4327,1808
1239,58
3099,3
2124,3
2289,68
4260,4253
2400,65
4985,1840
442,84
649,84
2531,3
524,58
1138,58
4667,4682
3140,1740
2433,1737
2292,70
4039,1788
3983,1742
2929,5
3686,1737
1356,84
2637,1740
5030,4683
4183,61
3858,1742
4051,67
4287,67
3925,1740
2736,1740
2635,1808
4702,12
3664,1808
4631,16
5076,4889
2852,2856
3758,62
3852,7
788,84
1251,84
3062,5
4802,4803
529,58
1908,68
4175,5
5049,4681
3963,3
4308,1742
4454,68
3275,5
467,58
4068,1742
3925,67
825,58
2694,67
1675,58
2678,68
3909,1742
976,58
4977,16
2373,66
5043,4683
4859,4860
4340,1742
1724,1733
4392,1742
1854,1856
3762,1740
1472,84
1950,3
2920,1
2110,1737
248,58
2063,1
2356,61
2930,1808
622,58
3392,5
5047,4687
4355,1737
3246,1742
2144,1737
3267,61
3585,64
3820,61
2670,2671
2664,6
1990,5
2791,61
2596,61
3789,1740
341,58
1191,58
3006,1742
4667,4696
492,58
3692,7
4804,15
3871,1742
2313,1737
4055,61
850,58
2592,1740
1549,58
2388,1737
4302,1742
3226,7
1978,1808
4794,4685
5013,4781
5030,4677
2723,3
4334,69
122,58
1939,61
4794,4668
1640,84
3558,67
3448,1742
2438,66
3289,1742
4186,68
3582,69
2616,1740
2836,2835
3990,60
4047,5
513,84
2142,70
3765,1742
4196,61
4757,4751
4529,60
1056,84
3528,1
2631,6
2651,1740
4374,1742
4471,1742
2147,1737
4756,4681
2037,1808
2918,1740
4512,67
2148,1748
3939,1740
2694,61
4057,69
993,16
4528,67
4999,4920
5054,4695
2947,1737
3616,68
4103,60
2145,61
419,58
2252,1737
2425,1737
777,58
4046,1788
2064,69
3499,63
4318,1737
659,58
3780,68
3602,1742
2004,64
1273,58
3124,1788
1424,84
2318,67
799,84
2412,1788
1542,58
4827,4828
4667,4694
3631,5
75,16
2693,1737
1670,15
200,58
3063,5
4665,3881
2530,1737
903,58
2062,68
2251,1737
1907,1742
2743,1737
2544,1
2804,61
3535,1
2251,61
2056,61
2733,7
1399,58
4078,3
4513,61
3033,67
1650,84
175,58
4068,61
2584,1737
4390,1737
4638,15
2306,1737
1042,58
4243,5
2156,5
4698,4677
1940,1737
366,84
4757,4753
4834,4686
2628,1
2886,1737
3035,1
2928,69
1723,84
1338,58
4950,15
2347,3
5017,4953
2280,62
1991,5
3827,1740
2654,62
1264,84
2984,70
3629,1748
2090,1737
3433,7
5072,5073
5054,4673
4999,4910
4823,4817
2151,1740
4467,68
5044,4926
2983,7
1944,5
4524,5
4960,4966
3341,7
153,84
5042,4693
2617,67
3353,1737
4135,1737
4450,7
2309,1737
5047,4691
3428,1737
2168,7
5008,1737
1919,69
2174,61
5025,4818
985,58
4089,64
4835,4688
4419,7
867,58
1804,1737
3664,1740
1225,58
2631,1737
4228,1737
4507,1742
3656,1740
2623,1737
5015,4797
2682,1737
2223,65
2463,1740
1993,61
2117,1748
526,58
1616,58
3333,64
3080,1788
4881,4890
2659,7
1416,58
2881,1
423,84
4132,60
10,11
501,58
1351,58
4189,61
4698,4695
2489,6
3105,1742
4199,68
4108,5
2901,1737
3181,7
4834,4672
1591,58
4859,4680
4651,15
3963,61
3910,1742
1881,68
4610,114
1132,58
4062,1737
3137,1742
2215,62
1468,84
3284,1737
2326,7
1290,58
4721,80
3052,1737
4140,1896
4999,1833
2474,7
2741,67
3955,5
5042,4679
3316,1737
2467,60
4725,1861
588,16
1859,1861
2757,67
4811,48
4950,4953
4028,68
3863,5
3099,1742
4810,4682
4806,4765
4120,7
72,1
3340,70
1093,84
4554,1742
3346,1737
4173,62
2049,61
1636,84
2842,1740
3084,67
5050,4687
3569,1737
3569,61
4210,5
4881,4884
2894,6
1177,58
4053,1737
3557,1742
1826,1827
5053,4675
4802,4760
4707,2810
2869,1740
1059,58
3918,1737
4698,4697
2022,61
4834,4690
3198,67
3952,1737
600,58
4859,4678
453,58
2146,1740
3028,68
3180,1737
335,58
2175,61
693,58
1543,58
2451,61
969,84
4039,7
2943,1740
3720,1737
3990,1737
4531,1740
4592,58
234,58
2541,62
2780,2784
109,84
3656,5
1711,15
3602,65
3399,1737
1420,84
4985,4990
3386,1742
3202,1737
1498,58
4464,68
3076,1788
3972,1737
4899,4916
2400,7
3820,5
4022,1737
2023,1808
2110,1808
4811,46
2996,5
3132,7
2086,5
5029,4739
4561,133
4959,4678
4814,4817
4835,4684
3697,1737
2922,7
2653,1737
3944,62
2234,5
2362,62
1929,62
3356,1742
5050,4689
3949,1737
1807,5
3826,62
3348,1742
3941,1737
2891,7
4338,64
4432,5
2089,1
5062,5063
590,115
2257,61
20,21
111,84
2029,6
1480,115
5027,4819
771,58
4074,61
717,84
2367,1
1385,58
4859,4692
4050,66
2729,66
512,84
3761,61
161,58
4095,1740
3453,1
4812,62
2688,63
4767,4770
790,84
2148,7
4292,60
1054,15
3676,63
3282,1742
5043,4753
4810,4748
287,58
2620,3
4161,5
5028,4730
2804,1788
4399,7
3027,3
3090,1737
1881,1748
1950,69
3385,3
527,58
3867,61
1063,84
3887,54
5047,4741
1141,58
3857,7
3805,1737
4530,69
2699,1737
3797,1737
3479,1742
3371,65
1450,58
3799,1
4180,5
4109,63
4666,50
2046,1740
3244,1742
2175,1737
3997,62
2473,67
3930,67
1878,5
4182,1742
3029,62
3829,1737
2830,1
3990,7
4631,15
2977,1737
4559,16
3951,1740
1346,285
3916,1
762,84
3682,1737
4698,4669
2682,5
3640,67
1881,1
4982,1855
4283,67
4013,64
2947,5
4035,1740
2241,1740
4809,15
4627,16
4128,1742
1718,145
1883,1740
2505,61
3713,61
1219,58
3543,6
1441,84
5042,4746
1577,58
2728,3
565,84
4467,60
609,58
4160,1742
2296,5
2514,68
4152,1742
1869,61
4373,1808
4157,67
106,84
4667,4671
2661,1788
934,58
4362,3
3380,1808
2369,66
800,58
2140,61
1174,58
1946,3
3820,1740
735,58
3428,1808
3798,1742
4601,58
4659,46
3639,1742
44,49
4179,1742
4457,1808
4367,1737
2059,1
179,84
2237,60
4563,114
4740,4679
3145,1
4240,63
3091,61
4401,1737
2321,1
2036,61
1912,3
2753,6
3842,1740
4726,4733
1830,1841
3131,67
2156,67
5027,4815
2559,6
2378,69
5049,4670
2917,6
2224,1737
2005,1
2006,1740
2720,1742
3147,67
4064,7
2904,5
2819,2824
416,133
2343,60
2880,62
2476,1737
2762,62
4617,84
4933,4912
2583,60
5014,4718
2007,67
3898,5
2923,1
2869,69
4389,64
4029,67
2159,1737
2124,60
787,84
2949,61
2235,3
4985,1847
2400,66
1752,62
4643,15
4221,7
3753,1
321,58
1977,5
2891,1788
2041,1740
4667,4685
4744,4680
2311,63
4715,2811
2579,65
4031,1
4412,5
1467,58
5030,4680
4017,1737
4513,1740
2348,64
118,58
3648,7
4314,1737
2891,64
1008,58
2092,61
4398,67
4492,60
4549,61
2617,1788
4960,1788
2445,1
4590,145
3812,7
3758,63
1248,58
1562,84
3059,61
1622,58
4533,1737
1891,7
5049,4680
3656,1808
4756,4676
4454,69
1988,61
3201,3
4432,1737
2694,64
882,58
3929,7
2441,62
2635,1742
4424,7
1998,1737
5043,4682
1724,1734
1122,58
4161,66
1854,1857
3780,1788
4093,7
5017,4766
2882,1737
4110,5
2032,1737
3113,67
4724,1
2378,1740
3619,1737
571,145
3874,12
2363,68
5048,4696
1805,62
4062,7
3033,1788
3702,62
4170,1737
3866,1742
4055,60
2077,1737
2572,7
995,84
3860,62
3863,67
2098,1808
1596,116
4851,47
4794,4682
273,58
3674,1808
5013,4780
2197,70
3522,5
3587,5
3893,1742
2905,61
3202,61
3990,66
2153,1742
3015,64
1335,113
4701,3924
4794,4669
1858,52
4439,1737
4186,69
4516,1740
1419,58
2029,61
3990,61
3760,1742
1997,1737
4246,1
4135,1896
3319,7
2929,1808
3170,1742
4757,4750
4421,1737
4172,7
1334,58
5023,4720
3336,63
2608,1788
3889,63
4756,4682
2771,2774
2990,1742
3011,61
4512,68
4603,133
1574,58
3646,7
2509,1740
4805,16
935,58
4528,68
5054,4692
4057,68
4237,1742
1293,58
2580,61
4103,63
2770,1737
1947,5
476,58
2329,1737
1883,61
5057,4770
834,58
2599,64
3780,69
716,58
4839,1862
2004,65
3010,1
4461,1788
3033,1742
1081,84
4827,4831
4665,3880
4416,61
257,84
3931,64
4455,1742
4513,67
3239,1
4967,4929
2804,62
1599,15
2807,3
2737,67
2023,69
3033,66
4553,69
4499,1
4322,1742
530,84
4107,1808
2345,64
2526,1
2659,1740
2438,61
3648,1742
4479,1742
4698,4674
4539,7
363,58
2419,1740
721,58
2496,67
4276,68
1938,1
3845,67
3080,67
2626,1737
4756,4696
1449,84
3174,61
403,58
4834,4670
2682,61
2594,1
2578,1808
2688,70
4373,5
4284,1742
4798,80
4125,1742
3001,1
3121,1808
1286,58
2235,1737
3676,70
97,84
5054,4678
3064,1737
4433,1742
4623,15
3807,6
3433,6
1957,5
4808,4759
3847,1
4999,4905
1152,58
5047,4669
2217,1737
4524,6
2487,1737
4457,61
2477,7
4316,1742
2613,5
3827,67
4278,61
2727,61
4428,1788
1394,84
4103,66
2256,1740
5047,4690
2235,61
4490,5
149,15
1383,58
3699,61
1919,68
3991,61
2929,65
5025,4817
786,58
4343,1742
4835,4691
668,58
4335,1742
1026,58
5029,4735
2545,1737
1033,84
2918,60
4508,1788
4368,61
4154,1788
1993,60
4278,1742
4614,116
3571,1740
4881,4889
2834,2835
383,84
2566,1740
2894,1737
1197,84
4132,61
3313,5
4950,4761
4874,4872
4698,4692
3464,1
2489,5
4108,6
4834,4673
2863,1
3257,1742
3971,1788
3902,62
2344,5
3963,60
1988,7
2148,1737
4610,115
3369,1737
3446,5
3802,1737
2508,5
555,58
3804,1
811,84
2008,66
1054,16
3419,1737
2980,1
3116,3
5028,4679
3655,64
1769,1
1822,21
2367,1737
851,58
2155,1737
3898,61
1993,1737
2426,1737
3219,1742
4463,1
1209,58
4725,1860
270,58
2401,1737
4523,1742
2439,61
1859,1860
4811,51
4515,1742
2596,64
4028,69
3846,68
4942,3883
1335,133
4467,1737
2500,61
4810,4683
3110,1742
2673,1737
2073,5
71,58
4835,4673
1453,58
1902,1
485,58
4085,5
4068,67
1893,1788
3121,1742
4526,61
4263,4265
2421,1742
2917,1737
725,58
1575,58
876,58
5062,5066
2711,1737
5050,4671
1234,58
4485,1742
23,21
5053,4674
4028,1742
3346,60
4802,4761
188,84
2560,1737
2746,6
3153,1742
2356,1742
3926,67
916,58
2199,62
2971,1
4834,4691
3198,64
2297,68
1824,21
1973,1788
4859,4697
2374,64
4340,61
4053,68
3060,1737
1985,6
3028,69
83,84
3972,62
3923,3924
4435,1788
3743,7
3854,62
2937,5
4039,6
3307,1737
392,84
1478,84
837,84
2780,2785
3553,1737
2066,1737
2255,1737
3656,6
3118,1737
59,60
1881,1737
2058,1737
2792,5
2211,67
2289,1737
2104,7
4157,62
4899,4919
2586,61
3820,6
2110,61
1953,69
2455,1742
3822,1740
4745,4688
3329,1737
910,84
803,58
5029,4738
3577,1737
2626,7
4835,4687
3786,5
1916,68
478,58
3152,67
451,84
3279,64
1657,58
2053,1742
2805,1737
718,58
1552,58
2666,1
3069,68
4153,67
1996,67
2599,1737
2692,61
2395,61
1619,114
3960,1737
2200,61
437,58
2257,60
1287,58
3472,1737
4826,1856
2439,1740
3664,61
1974,1808
2029,5
1480,116
1062,84
5027,4818
677,58
3188,1737
2071,1
1823,21
2685,5
559,58
4648,15
4209,69
2957,1740
4050,67
1068,58
2325,1788
3433,67
4898,1729
4767,4781
1870,67
3234,7
4602,15
2989,1740
3937,1740
5043,4752
1886,67
4030,1737
4578,116
642,84
4103,7
4598,115
4107,64
2132,1788
4209,1740
2464,62
3203,7
2657,1
3705,1737
4899,4901
3887,49
199,84
1983,6
3242,1737
2661,1737
3217,1737
2265,6
4227,62
4981,1827
3205,1742
2305,5
1874,1737
4744,4668
537,84
2241,61
461,84
1877,1740
3921,1742
3202,68
4666,51
2607,1742
4008,5
256,84
4740,4690
1011,58
3582,61
2830,6
1369,58
2156,63
2193,67
3371,1748
2324,5
3802,6
4871,4873
3842,7
1609,58
4928,4929
670,58
4027,1
3844,1737
3410,5
2347,61
3624,1737
389,58
4067,7
271,58
3140,61
885,58
3468,1742
4933,1840
3979,64
4487,69
1125,58
170,58
2477,62
3605,6
2168,1740
2906,70
2634,67
5042,4747
2930,64
1434,58
702,84
2514,69
2007,61
4568,16
1309,84
3607,1737
1316,58
4942,12
2710,7
4667,4670
506,84
4540,61
4659,49
4563,132
4548,1742
2972,3
3639,1737
44,50
2804,68
3762,62
2733,64
4740,4672
2804,1808
4108,1748
4157,1737
2193,61
2753,5
3146,1742
2257,1740
1830,1846
2995,64
2815,2817
2378,66
2559,1
2472,3
3782,1737
2608,5
2489,61
5049,4669
4899,1837
353,58
1891,1740
1203,58
1149,84
3258,67
4383,68
2944,7
2819,2827
4518,67
2414,1
3178,1742
3767,70
744,58
1998,1788
1246,15
3377,1788
4071,1740
3602,5
4060,1737
3973,1742
2392,1742
2869,68
2595,1737
2600,61
2124,61
3709,68
806,145
3577,3
719,58
2531,5
3749,67
4985,4907
1077,58
1883,65
655,84
3647,1742
4667,4684
2292,64
4744,4681
2439,5
618,58
1721,15
2579,64
4207,68
196,84
1524,58
917,84
5030,4681
1865,66
2206,1737
2891,67
2965,62
3022,1
1639,16
4899,2835
2022,1740
4628,15
4474,1808
3016,1808
2727,1748
566,84
3816,67
2852,2858
2506,62
4435,61
1699,84
2484,1737
4942,1856
1891,6
4259,4253
4756,4677
1966,1742
4582,15
4457,1740
3275,7
4151,62
2480,1808
3497,1
2522,1
2641,61
369,84
3065,7
261,84
2373,64
305,58
2377,5
1101,84
3797,7
1724,1735
804,84
3726,61
2751,1
187,58
4080,5
2232,5
4193,1742
5047,4681
2197,1737
3837,1
2004,60
3766,7
2739,1740
4985,4917
102,58
5042,4670
992,58
2510,5
3696,68
2076,61
2576,67
1366,58
4008,64
671,58
4851,46
1596,117
4794,4683
1029,58
3990,67
2498,1808
4837,80
290,114
3230,1742
1910,1740
1858,53
3711,5
2438,64
4186,66
279,84
2120,1737
2206,60
1476,58
2390,1737
4047,7
508,58
4757,4749
920,84
1716,58
3528,3
2579,1737
2372,1737
3474,67
4631,145
3902,3
5049,4697
4756,4683
4562,58
4641,15
3697,67
4512,69
4528,69
1146,84
3476,1
2930,7
3616,70
4103,62
4093,1740
3762,1788
2093,1737
3200,67
4893,4879
1739,1740
4153,1737
5057,4769
2444,1737
2599,67
2710,66
1563,84
3780,70
4922,4250
2004,66
2899,7
28,21
4405,1737
4703,12
1761,1737
4827,4830
753,58
3008,1737
3635,64
2024,5
2882,68
4455,1737
635,58
2079,6
2375,1
3776,1742
2239,1740
2023,68
4109,70
1382,84
944,58
4553,68
1318,58
4485,61
2753,66
2278,1737
3603,1788
5053,4669
1184,58
1972,3
1904,1737
1558,58
4698,4675
2324,61
3538,7
2525,1740
2514,1737
2717,1742
4276,69
2517,1740
3566,1737
4169,5
1533,58
487,84
4756,4697
4834,4671
3676,1788
3827,1742
818,58
1169,84
1942,1737
1712,84
3433,5
5072,5075
4366,1737
3841,62
4436,1742
2076,1740
1058,58
3807,1
1557,84
4808,4760
5047,4668
4524,7
3506,68
2863,1729
3605,62
5010,80
3827,66
5067,1
5042,4691
839,284
2998,1788
1946,1740
2221,1
1879,62
4293,1737
3899,1742
4190,67
5025,4816
1996,1740
4343,1737
4835,4690
78,15
4008,60
465,58
1901,1737
4239,1742
3779,5
5029,4734
3656,1742
347,58
2365,61
2918,61
4492,64
4614,117
712,84
4447,1740
4881,4888
2793,2795
587,58
4178,1737
5053,4687
4132,62
4874,4873
4950,4766
3861,1742
4698,4693
4942,1855
896,58
4108,7
2684,1737
1183,145
393,16
302,58
2947,61
3232,1737
3910,1740
3963,63
2471,61
2698,67
3897,1737
221,58
2666,1737
2532,61
1992,67
2333,60
103,58
515,84
4324,1742
3730,7
1367,58
2264,1740
770,58
3175,1737
5028,4672
4276,1740
4167,1
652,58
2741,65
3954,1742
3573,62
1749,1737
4581,117
2738,1737
4492,1808
2310,1740
941,84
1148,58
3863,7
4942,3880
3813,62
72,3
4358,7
4959,4690
2701,1742
3789,5
2315,67
2013,1
3318,1737
3286,1
3236,1748
5050,4685
4004,62
2224,7
4875,4877
2462,1
4210,3
1379,84
3506,1808
5053,4673
2388,7
4551,1808
2516,60
657,58
2655,67
2378,61
2139,1737
346,115
3062,67
4834,4688
539,58
2131,1737
3793,1737
3110,61
953,58
2806,68
4703,1827
3183,1742
3372,1737
4982,1856
2876,114
2695,1742
510,58
4802,16
2417,1737
4037,1737
376,58
4087,1737
2484,61
2356,64
750,58
4227,1737
3395,61
4349,1742
2007,1740
59,63
260,84
3200,61
2919,61
4985,4988
4464,70
213,84
2232,61
2193,1737
1319,58
4899,4918
1677,58
1953,68
978,58
2455,1737
3132,1
2748,1742
1559,58
3129,1742
5029,4737
2308,1
4959,4672
4835,4686
1218,58
2646,67
2439,67
4666,46
3033,62
250,58
4227,64
1100,58
2568,1737
4311,1742
1807,7
4268,4267
3069,67
4432,7
1619,117
570,114
2327,5
2492,68
4826,1857
1184,84
3664,62
3051,1737
2870,15
1480,117
4836,80
4796,4673
4899,1840
100,84
2536,5
4209,68
4006,1742
3960,62
2729,64
3315,1737
3889,70
2525,61
4360,66
4397,67
4813,4718
2950,6
1897,1737
4767,4780
747,58
4270,1742
1105,58
2148,1
3007,64
3328,65
5043,4755
3778,1737
1997,67
4704,2810
602,84
787,58
4103,6
4578,117
3337,1737
3770,1737
3027,5
1401,58
462,58
2517,69
2284,1788
3887,48
5047,4743
2343,1737
4325,3
4530,67
2265,5
621,58
1946,63
4744,4669
4109,61
1971,1740
2607,1737
4313,1742
4666,48
3202,69
2023,63
2120,5
216,84
4945,15
3976,1742
4740,4691
2456,7
2901,1
2830,7
3990,5
1170,58
3171,1737
2288,64
202,58
3802,7
3062,60
1052,58
3731,1
4871,4872
1346,283
3785,69
4664,1856
3114,5
3778,60
4410,1748
1466,58
2750,1737
4385,1742
386,84
1526,16
4275,1742
1881,7
3201,1737
4556,285
2286,67
4561,283
2986,1737
4166,1742
39,41
4219,61
1949,1788
3697,5
3848,1
4933,4940
3036,1737
3979,67
4487,68
2677,1737
2532,1740
3605,5
2477,61
2741,6
1829,1
824,84
4985,1835
2804,1740
2717,61
2534,1
3275,1737
1556,84
1919,1808
2160,1788
89,58
1195,84
3981,61
4382,68
4042,61
2369,64
4546,1742
1353,58
414,58
4636,145
2693,69
4379,1742
1946,1
4659,48
4898,62
280,58
44,51
1593,58
4549,1748
2602,1
1858,46
4740,4673
4563,116
3009,1
3145,7
520,58
4317,61
1479,58
2852,2853
3902,1737
511,58
2991,6
4240,64
3936,1737
4174,1737
2815,2816
2489,60
5049,4668
751,58
4163,1742
3966,1
1109,58
3585,1740
154,58
1260,58
446,84
2819,2826
3934,1737
2320,1788
3500,5
2590,5
3767,65
4699,1861
1300,58
3355,1
3266,1788
2242,62
1809,62
3383,1737
2869,67
4246,1737
3998,62
5048,4684
2400,68
1491,84
4221,5
1792,1
4045,65
3991,5
3817,1742
3388,62
4482,1737
4667,4687
2292,65
4744,4682
3559,7
2579,67
2925,61
4804,4803
4301,62
2730,61
4794,4678
2348,66
3165,61
2891,66
893,84
4019,1742
2970,1737
2741,1740
3790,1737
3812,1
488,58
1854,12
862,58
2791,1740
728,58
3889,3
4756,4678
3397,1788
3201,1
4068,1737
821,58
1870,63
2769,7
1671,58
2148,68
3065,6
3143,7
3007,5
3069,1740
4340,1737
2620,64
1724,1728
4161,64
2933,7
4093,5
5017,4764
3271,1737
1950,6
4134,1737
2444,1748
282,283
1943,61
5047,4680
1508,58
3585,69
3067,68
4567,15
4985,4916
139,15
1670,16
2201,1788
4055,62
5036,4718
4008,65
3238,1788
4533,60
4794,4680
4933,2831
5013,4778
5022,80
1935,5
1993,6
3220,1742
3990,64
3015,66
583,84
346,283
1858,50
3943,1740
239,84
2509,67
2475,1737
3377,7
2064,1788
3920,1
2625,61
899,58
3178,61
845,84
3677,5
4757,4748
1513,58
3033,1808
3960,7
640,84
4705,2810
3889,61
1395,58
2728,1740
289,58
5049,4696
1754,1737
3038,3
1502,84
2350,1
3204,1740
4448,62
4340,68
680,58
3391,1788
918,84
3794,5
2014,66
2563,1
3722,1740
2177,1742
3154,1742
1947,7
3997,1740
5024,80
459,84
2792,61
4420,67
773,58
4531,64
4893,4878
5057,4768
3513,3
2378,1788
2599,66
1908,1742
2710,67
2603,7
1269,58
4922,4251
2004,67
3985,7
3580,61
3027,61
1151,58
3173,1742
4810,4693
2503,62
3499,65
4380,1742
4665,3886
554,58
2936,1
2024,6
2882,69
3931,66
1460,58
2632,1742
3426,1788
5029,4683
4109,69
2720,7
5083,80
4007,62
2958,1
3033,64
3094,7
3091,1740
3515,62
3572,5
3708,7
2753,65
4726,4670
2182,1737
5053,4668
4243,6
1800,1737
4834,4685
3314,1737
3566,1742
191,84
2944,67
4807,4765
3459,1742
2343,67
1307,84
4834,4668
1129,84
2458,1
2460,1737
3865,6
1872,1788
2101,1737
848,84
5054,4676
2065,1742
545,84
1705,58
4808,4761
379,58
5047,4671
5028,4691
737,58
1587,58
4881,1835
1715,113
3827,69
3016,1737
2906,63
3773,1
412,84
5057,4786
234,84
5042,4688
2201,67
2110,7
4744,4741
1128,58
3492,7
3513,1808
1919,70
2244,1737
4810,4679
2268,61
4089,69
1985,1742
3179,61
4835,4693
3544,1742
4530,61
4745,4747
4008,61
1221,58
2741,1808
4239,1737
2286,1737
2730,3
5029,4733
4959,4860
3507,1737
1920,1742
3582,1737
2449,1
2793,2794
1412,58
3309,62
245,145
5053,4686
802,58
2085,62
5035,80
3963,65
2769,1737
590,133
3454,1742
4511,69
4081,62
4859,4685
4535,67
4576,16
842,84
3963,62
2348,1737
4999,5000
3013,1737
3076,7
1982,1737
2008,68
3051,1
2370,1740
3055,1737
5028,4673
3655,66
2309,67
2004,1740
4351,1737
449,58
456,84
2143,1740
1909,1737
645,84
3672,1742
2902,61
4811,53
2757,64
689,58
1539,58
1973,6
4318,7
2999,7
3736,1
2596,66
4950,4956
2950,1737
3963,1748
2382,63
3340,65
2311,1
4127,1737
4835,4675
2010,61
246,58
2616,5
1993,67
2174,1737
4373,1737
3395,1737
4161,1737
4526,67
4263,4267
2422,1
1643,15
4875,4876
923,124
3569,1742
2617,1737
1346,133
3203,1742
1376,58
5062,5064
1690,84
2894,5
3944,66
5050,4669
2455,61
4435,7
5053,4672
3664,65
2516,61
2631,68
1247,84
4105,5
3500,1737
4834,4689
2996,1740
3667,61
4340,63
1891,65
1948,1788
3071,1742
3467,1737
1509,84
4809,16
2482,1737
2209,7
892,58
4982,1857
2876,115
1304,84
2752,1
204,84
2258,1740
3803,1742
3720,1740
1971,70
2173,1737
2943,1737
3990,1740
2754,1737
4531,61
2780,2787
2746,1737
767,145
2445,1742
5028,4727
2491,68
3948,62
59,62
2721,1737
3213,1737
3887,45
3502,5
3159,60
2277,1740
2807,2813
3991,67
5029,4736
3428,3
4269,1737
4959,4675
2900,1742
3562,1737
1916,70
4587,16
4007,67
4666,47
3169,3
3033,61
4227,67
3279,66
3480,1788
641,58
4025,1740
1807,6
4724,1788
1869,1737
1962,61
1941,1740
3801,1737
4757,4691
5072,4849
2753,63
3253,1748
3805,7
2310,68
2492,69
2516,67
3664,63
2385,5
926,84
1958,1
3849,67
5027,4820
4282,1788
4632,145
3595,1737
2253,6
2257,67
5017,5019
2114,1740
4899,1843
4108,1808
1328,58
1973,1740
1702,58
157,58
2106,1740
3865,67
3021,1
1568,58
4711,2810
1421,58
1314,84
3898,1737
2444,6
2012,1737
4767,4783
1870,65
5014,4673
1895,1896
962,58
4960,1
5043,4754
4704,2811
4810,4747
3777,3
4578,114
4598,113
4107,66
3985,62
4490,70
1202,58
4899,4903
5047,4742
3887,51
2899,62
385,84
4530,64
4745,4672
4327,1742
928,84
303,84
4016,1737
766,84
1946,60
4075,64
4744,4670
2023,62
4109,60
4008,7
4666,49
3705,67
4194,1742
3836,5
3876,3882
2567,1742
4210,1808
2324,7
491,58
2509,61
3062,61
3785,68
849,58
5082,80
2314,61
3855,1742
3842,5
4239,5
3951,1737
5015,4673
4928,4931
987,84
3522,1737
1089,58
2347,63
2057,1737
2722,1
1096,84
1719,84
2907,7
4572,15
121,58
2727,1808
3794,1737
3265,7
3503,5
39,40
3786,1737
4836,4800
446,58
4134,7
3939,67
4933,4939
3979,66
3084,1740
2128,61
2741,5
247,58
2652,1742
4282,7
605,58
1914,1740
3558,1808
4209,1788
1511,58
4868,15
1960,64
3591,70
2395,1740
4499,1742
914,58
4055,1737
3324,1
2024,61
2387,1740
1070,15
5014,4797
796,58
3717,1788
3475,1
2801,68
1154,58
4659,51
3043,3
1161,84
186,58
4662,12
2989,67
1036,58
2691,1737
1858,47
4740,4674
4435,64
3471,1742
4317,1808
3591,1737
4317,60
2852,2854
2274,62
3642,1737
4240,65
2632,62
2995,66
1830,1844
2378,64
3413,1740
2472,5
2715,67
2608,7
4106,1788
4899,1839
1013,84
2098,67
4647,15
5034,80
2505,67
4198,67
683,58
2042,5
4699,1860
3932,1
298,84
1041,58
4256,4253
3280,1740
2328,1737
3673,61
3616,60
3564,1742
4026,61
2869,66
2963,5
5048,4685
2400,69
2346,1
1915,1737
3828,1742
1883,67
4985,4905
2830,2833
894,58
1966,1808
199,58
3263,7
1359,84
2292,66
1566,84
4985,2835
1917,1748
557,58
4667,4686
2315,61
2201,5
760,58
2579,66
1134,58
2376,61
2930,1788
1463,58
3779,61
4794,4679
5013,4775
5030,4687
495,58
4584,15
1865,64
853,58
5052,80
4068,5
4289,1742
1947,1740
1362,58
4020,1788
316,84
906,84
5037,4797
2516,6
2960,1748
1244,58
2445,62
1602,58
3909,62
4216,1737
3985,1788
3147,1737
1779,1742
4468,61
1966,1740
4756,4679
3874,1856
5049,4685
3250,1808
1025,84
1759,1
33,34
1635,15
3633,5
3690,62
3065,5
2646,1740
2064,60
2192,1
965,84
4933,4911
1724,1729
2319,6
241,16
4895,62
3027,65
4490,1737
4403,62
2909,61
3206,61
1943,60
5047,4683
4758,4762
3585,68
2009,1740
3625,61
2174,5
4483,7
931,58
1289,58
4851,48
1171,58
2066,5
3905,1742
472,58
2681,1740
4794,4681
2382,65
846,58
3340,63
3028,1737
1680,58
2830,67
4336,1742
3990,65
4281,67
2117,1788
4177,1742
1335,114
3832,1737
1813,1742
1086,58
1858,51
3067,1742
3624,1
4186,64
2706,68
4009,1737
1190,84
2568,61
805,58
4542,5
4757,4747
3083,1742
185,15
3664,7
2012,5
4805,4766
268,84
1045,58
4756,4693
1196,58
2950,60
1878,1808
228,58
4150,1737
1914,1808
3004,7
2509,1737
4359,61
4999,4916
3313,1737
1954,1737
4100,69
3133,62
2930,5
163,84
1233,84
4107,61
3301,1742
4893,4877
2060,62
4531,67
2463,67
2674,62
2710,64
2875,131
5047,4697
3780,64
4056,62
4922,4248
3945,7
4440,7
2672,1737
3938,62
3853,7
665,84
2024,7
2882,66
2369,61
3931,69
2924,1737
1208,84
233,58
3762,67
2472,1740
4740,4741
222,84
4109,68
2023,70
384,84
2133,61
2737,64
4405,67
1497,58
4336,1788
2710,1737
1579,84
2345,69
2753,64
3930,6
3748,1
3138,1742
1745,1737
2946,1737
3995,1742
4698,4673
2374,1788
2430,1742
2898,1742
2378,7
610,84
2170,1737
3603,5
5008,1
4404,60
1038,58
2850,3
2944,68
4807,4764
1267,84
399,58
935,84
3162,1742
2185,1742
2300,61
3865,5
4209,61
3703,61
3996,67
3979,61
552,84
19,15
3156,1788
1253,58
3676,65
4714,2810
4710,2810
3034,70
4808,4762
3720,5
4999,1847
3189,1742
180,58
2145,67
4524,1
3395,67
4899,2787
538,58
4464,1896
3827,68
4388,1742
5067,3
1444,58
2161,67
4744,4742
3452,7
2386,62
4564,15
2929,70
4338,1740
4089,68
2056,64
4835,4692
4745,4746
2371,1737
3594,1
5029,4732
1946,70
4492,66
873,84
4846,4850
1160,84
4757,4670
1605,84
4950,4764
4698,4691
2395,67
2928,1740
2146,61
4199,64
4108,1
3731,70
3549,1737
1277,84
1331,58
4859,4684
980,84
3902,61
3406,6
1678,84
872,58
2081,65
4390,68
5078,4889
4519,1742
3369,1742
2988,1742
2008,69
2191,61
2728,61
2014,63
2252,61
2001,1742
1881,1788
2227,1737
1205,58
891,84
4372,67
2302,1737
4639,15
4598,133
4581,115
1623,84
3951,61
4811,52
4028,64
2080,1737
746,58
4942,3886
1480,284
2305,62
4137,69
5013,4718
628,58
4835,4674
4286,1740
5036,4673
2078,1737
2912,7
4577,15
2402,67
2324,1737
5050,4683
3214,1742
3986,1737
4875,4879
4263,4266
2112,1737
2780,6
3978,1737
4210,1
2104,1737
694,84
5062,5065
4757,4672
4435,6
2571,1737
3842,62
2537,1737
4028,1737
2560,1740
1945,1
4492,1788
3581,69
1780,67
3848,1740
4158,3
1891,64
623,84
3999,5
497,84
3028,64
2098,61
389,84
4407,1742
393,145
433,58
932,84
3818,67
4719,4720
1525,115
4039,3
315,58
4531,60
673,58
2356,66
3965,1
2004,7
3985,67
2958,1737
230,58
1064,58
3552,1788
4899,4920
4959,4669
96,58
2992,1737
3951,67
4745,4693
2079,69
3221,1788
4609,58
2872,15
4537,7
3488,1742
2379,1
843,84
2325,69
4959,4674
2897,1740
149,145
2976,61
189,58
2220,1737
4895,4897
1039,58
4227,66
4652,15
1653,58
3390,64
3876,3877
2187,1737
3641,6
580,58
1976,3
2262,1737
3320,1
1888,1737
1345,84
2439,1737
2310,69
5053,4689
1918,1
3113,1742
2498,1737
1886,1737
2236,67
3104,7
5017,5018
3670,1742
2465,1737
3865,66
2957,1737
1924,1
1618,84
4360,68
5028,4736
3268,7
4508,68
1274,84
4767,4782
2943,69
450,84
1870,70
5072,5074
2,3
3007,66
1950,62
575,84
2989,1737
3666,1
4852,16
2981,1737
2727,67
1943,5
4578,115
4073,1
4372,1740
4107,69
4399,3
3509,61
267,58
2599,5
4899,4902
1232,84
3887,50
4544,62
4055,6
4744,4688
1698,145
3327,1
4404,1740
2178,1788
2639,3
1946,61
182,58
4744,4671
4021,3
2100,1737
2412,61
5025,4733
2358,1
1446,58
4107,1740
3876,3883
1986,7
3396,1737
2830,5
2284,7
1686,58
141,58
2288,66
1247,58
2122,1740
2694,1748
4108,68
3731,3
4928,4932
1830,1851
3438,1737
4866,1838
4535,7
2749,60
2020,1737
4262,4253
2591,1737
2475,5
2611,7
1881,5
1995,1737
4444,67
946,58
1995,61
2625,1737
2972,1740
3969,62
4247,4248
4836,4801
4933,4938
3575,1788
93,84
4528,61
3469,5
3073,1742
636,84
4171,1
4100,3
2873,116
4032,1737
5048,4672
2804,1742
4024,1737
2349,1
2424,62
1755,1
3433,1737
3929,1740
4804,16
3963,1808
3252,1737
1773,1737
3227,1737
2195,1748
2969,61
475,58
4659,50
2952,67
2493,61
3046,61
3302,1737
44,45
297,84
1137,84
715,58
3762,61
4435,67
4740,4675
1073,58
134,58
3276,67
3705,61
2852,2855
1004,84
2659,67
1912,7
4236,7
630,58
1830,1845
2995,69
1919,1740
3989,1737
430,58
1520,58
2815,2818
2051,61
1358,84
349,58
3769,1737
4664,1855
2461,60
2118,7
231,58
436,84
3636,1
3433,60
993,15
4039,68
2454,5
1343,145
2994,6
4933,1839
1495,58
5043,4672
3616,61
1947,61
4071,1737
2008,61
905,84
2780,1808
780,58
4464,3
4843,4265
3460,1742
2050,1
2235,7
2400,70
4198,1748
1276,58
3991,7
3817,1740
1688,84
3941,62
2608,1808
3140,1737
5048,4669
3578,1742
2312,1
3325,1737
2439,6
3625,67
2579,69
4794,4676
5029,4693
5059,80
2419,64
5013,4774
5030,4684
4432,1808
2891,68
3633,1737
4923,4249
3418,1737
2516,7
2766,2767
2445,61
3758,67
785,58
2716,1740
3212,1737
3027,1737
1830,1831
2729,3
3889,1
3963,6
5049,4684
1820,21
3874,1857
4756,4672
4004,1740
208,58
3201,7
4079,1742
3707,1737
653,84
582,58
1870,61
4798,4800
3143,1
2152,1
2064,61
3898,1788
301,58
504,58
2637,6
2620,66
4933,4910
878,58
2624,5
3762,1737
183,58
541,58
2555,61
5047,4682
1447,58
4758,4763
4346,61
2004,63
2902,5
3260,1
1687,58
2271,62
4305,1742
3846,1737
4008,67
2137,62
4851,51
5061,4720
378,58
216,145
1228,58
3686,1788
4794,4694
4658,283
4074,1740
5013,4776
2547,5
2382,70
1586,58
4864,80
4395,70
112,113
1858,48
3558,68
2455,5
1312,84
4132,5
1150,84
2836,2840
4246,5
2568,62
326,84
4757,4746
1324,113
2791,1788
3528,6
3606,1
3810,1742
4805,4765
3815,1737
2728,1742
4977,4979
3174,7
4017,70
2950,61
5017,4946
3967,1742
4644,15
3329,68
3942,1748
875,58
4340,70
2040,1740
4142,1742
2401,61
3416,64
4999,4919
1115,58
2518,66
2014,64
1870,1808
4104,1
4093,1737
915,58
4107,60
2425,1740
4512,1740
1529,58
4531,66
4893,4876
5057,4774
3772,1742
3780,65
5047,4696
4922,4249
830,58
5029,80
3368,1
4096,1742
5033,21
696,58
4665,3884
2201,1740
571,16
3635,69
293,84
3931,68
4185,1742
631,58
2882,67
3991,1740
1060,116
2265,67
2557,5
431,58
2747,61
4794,4696
1892,7
4740,4742
4109,67
2023,65
2918,6
940,58
2298,1737
3831,1742
4067,1737
2273,1737
2345,68
330,58
1180,58
3823,1742
1538,58
2519,62
4339,1737
2196,3
1545,84
3785,3
4834,4683
4111,1
4404,61
5011,15
2517,1737
4276,64
4034,1740
3097,1
2122,1
895,84
2418,62
2529,1
2416,1737
2912,1742
4373,1
3375,1
2256,60
4714,2811
4999,1846
4808,4763
4411,1737
2141,5
4228,1
4400,1740
4359,67
3506,67
3526,6
4893,4894
5057,4784
4154,3
3958,5
3056,1788
3817,61
3156,7
682,84
2110,5
25,21
99,58
2907,1737
3492,1
4510,68
1481,58
2726,1737
2436,1737
4035,3
4835,4695
1363,58
561,84
1683,133
4195,1737
5029,4731
4959,4862
648,58
1753,1737
2954,1737
3012,61
4875,4880
4492,67
4003,1742
2161,1737
4447,1737
3816,1
3004,1737
1144,58
4307,68
296,84
5053,4684
3437,7
2760,61
2391,1
4698,4688
4981,12
3687,61
1028,84
2914,68
3963,67
1799,1737
1948,5
2934,3
4199,67
3985,1737
3032,7
2047,1737
3571,68
2084,1742
4845,4720
164,58
700,84
3897,1742
1803,1
39,16
1628,58
2172,7
4460,1788
4767,4789
4859,4668
1428,58
4423,7
2559,1740
4175,1788
4893,4880
5042,4672
2302,1742
4581,114
4547,62
3580,67
759,84
4811,55
3859,1742
2243,1788
4137,68
2603,1742
1282,15
169,58
2315,68
1828,6
2616,7
2269,1737
1021,84
2106,67
2842,1737
5050,4680
3028,1788
3569,1740
4960,1737
1422,84
2780,7
1315,58
4149,1740
4500,1742
3944,68
17,15
3557,1737
4113,1737
4608,15
1555,58
3664,67
963,84
2445,69
4017,3
2472,61
4397,61
1746,1737
4240,1748
3785,63
1695,84
3581,68
4527,1742
3606,63
1738,1737
2539,7
4573,284
3195,1742
1927,1
2897,7
2276,68
4292,1742
831,58
4222,61
2263,1748
490,58
365,84
3929,67
1071,58
3720,1742
372,58
2499,1740
2356,67
730,58
1580,58
2842,60
2007,1737
4511,1740
2706,1737
3223,70
3758,1737
3887,47
2880,1788
3157,1742
4825,80
2079,68
2315,1737
2083,1
1617,84
3994,1737
1909,62
4453,1742
2325,68
4633,4635
4959,4685
1916,64
4604,58
4666,45
4082,62
3033,3
4089,1788
2730,1737
4227,69
2962,1
711,84
3876,3878
4396,1742
2568,1740
5030,4742
2347,1737
3445,1737
1049,84
2753,61
2277,61
2574,61
2082,61
2928,5
4017,61
4415,1742
4162,62
1523,58
2884,1742
2877,84
3342,6
1891,1748
1884,1
2729,69
4637,15
5028,4737
4358,1742
3504,3505
4491,7
4109,1740
1182,58
4098,1737
2943,68
3517,1737
2911,1742
4933,4935
214,58
4016,66
4417,5
901,58
4809,145
2245,60
2617,3
123,124
2727,66
783,58
3000,1737
3099,61
4103,3
1892,1788
1397,58
4490,68
3027,6
2517,66
2409,1737
1279,58
1795,1737
4899,4905
4744,4689
2647,1740
4550,5
3032,1737
2195,1737
2201,1737
4075,66
756,84
3290,60
44,56
3202,64
3569,67
3703,1740
1875,1
1917,1808
3028,1808
2533,1808
3370,7
2022,67
2455,67
4108,69
1830,1848
4132,67
3916,62
4303,1742
3316,68
2745,1737
2179,5
4110,1808
1257,84
1934,62
2579,1808
2492,1808
1544,84
2290,61
39,42
3507,64
4247,4251
1475,58
2961,1742
4933,4937
507,58
3979,68
865,58
4528,62
1364,84
3770,67
2741,3
3901,1
230,84
362,84
2034,1788
4413,67
5048,4673
1256,58
3347,1737
1630,58
1960,66
2395,1742
4140,1742
1430,58
2091,1737
2164,1
991,58
2369,69
2166,1737
3132,1748
1349,58
3112,61
2575,61
4089,3
435,84
1231,58
4659,53
1784,1737
5030,4691
2076,68
4095,61
1589,58
2426,1
2669,67
1167,84
3135,1742
2268,1788
516,58
4435,66
1858,45
2324,1788
4004,67
1130,58
3256,1
2011,1737
2338,68
4483,1742
930,58
2338,1808
3902,1740
2659,66
3728,5
2040,61
3842,1737
2991,3
4240,67
1830,1834
2246,62
2374,3
4175,61
5049,4673
2472,7
570,132
4035,1808
2683,1737
4383,64
4512,61
282,114
1078,84
3743,68
4040,1737
2757,66
3989,68
4551,5
3130,5
861,15
5017,4759
2437,67
3787,7
1897,7
3508,1808
3894,67
4843,4264
4504,5
2677,61
5048,4687
3577,7
4072,1737
881,84
183,84
3731,1740
4204,62
4985,4911
3991,6
3310,1737
4667,4672
5048,4670
699,58
4744,4685
445,84
374,58
2579,68
4898,4897
2929,63
3190,1742
4794,4677
240,58
2056,7
2489,1748
2239,1748
3182,1742
5030,4685
4017,1740
3513,1737
5056,21
1504,58
3022,5
1947,1742
4923,4248
2220,7
1899,1737
3785,1737
2741,1737
4047,61
1541,58
87,15
1962,1
2894,67
4621,84
4726,4672
2277,67
4399,1740
3593,1
2539,62
2618,1
5049,4691
4756,4673
791,84
613,84
3201,6
1020,58
2694,69
3928,1737
1968,6
4798,4801
5041,4253
3352,5
2637,5
1030,84
2624,6
4161,69
4107,1
3027,67
686,84
5057,4779
4442,1740
2378,1737
1762,7
3817,64
5047,4677
2487,69
3198,1737
2428,1737
2967,1740
5013,4678
421,124
2918,1808
3434,1737
4008,68
135,84
1919,60
3843,5
4851,50
3409,1737
769,58
4794,4695
2197,65
5013,4791
3411,7
2609,1
2830,65
4841,4267
651,58
1939,67
1265,58
4524,1737
1858,49
1272,84
3943,1737
3641,61
1147,58
4899,2821
2438,68
4297,65
2629,1737
1976,60
4428,7
566,58
3977,67
235,124
4070,1748
4665,1856
2385,67
3586,67
1456,58
3506,1737
2243,61
3528,7
4805,4764
3038,6
4756,4695
2051,1740
1696,58
3507,61
2532,5
525,58
1631,58
3816,1737
4050,7
1431,58
5054,4697
3808,61
3683,5
2373,62
2518,67
2014,65
3740,68
1944,61
3501,1742
4400,3
2329,1740
1330,58
5057,4773
3591,5
1908,1737
2674,60
1337,84
3780,66
3061,1740
3945,5
4076,67
4629,15
4504,1788
431,84
894,84
1501,84
2693,7
3635,68
4375,61
2586,67
1966,6
2882,64
3664,1748
1060,117
3116,1737
1930,1737
3692,1896
5013,4793
2733,1
3658,62
2023,64
4109,66
4726,4738
4740,4743
1980,1737
2089,61
2753,70
977,58
2156,3
3077,67
4698,4687
2378,5
474,84
1217,58
3603,7
3841,1808
3580,1788
2938,61
4081,1
1224,84
1099,58
4807,4766
4845,4733
3357,1742
3853,1737
518,58
4528,1740
5037,4673
1388,84
4067,67
4980,1816
2320,1737
493,58
2256,61
1917,1
3114,1742
4295,69
2869,5
375,58
3034,68
3548,1742
4430,66
3911,3913
4103,1748
1715,114
1772,1
4663,16
615,58
5057,4791
4007,1740
3223,61
1923,1
4626,124
924,58
2579,1
5025,4820
4974,4970
2056,66
3490,1737
4835,4694
1916,61
4039,1740
4,8
3442,1742
2979,62
4607,58
2286,1740
1889,5
4099,1737
5029,4730
1946,68
4177,67
4161,1788
5050,4679
4642,15
3215,5
4273,1742
2533,1737
4846,4848
1797,5
2694,1788
2402,62
2760,62
3424,5
3667,67
4853,80
4199,66
758,84
2118,61
4241,1788
4859,4686
2357,1
1763,1
4427,1737
3561,61
2994,1808
2900,7
4039,1808
426,84
3028,60
4859,4671
2890,61
2337,61
2212,1
201,58
2696,1742
3801,61
3130,61
2067,5
2016,1740
4595,15
4118,1742
2915,1737
1465,58
592,58
2474,1
1993,1740
4336,7
1597,124
1022,58
327,58
1694,84
3749,7
685,58
888,58
4129,1742
4811,54
4028,66
1262,58
4806,4759
4467,1740
567,58
4338,1788
72,7
772,84
3431,61
4835,4676
2476,67
3789,1
2174,1740
1828,7
981,58
725,84
2516,1740
4320,1742
4976,4968
2126,7
3176,64
5050,4681
444,84
1807,1737
4047,68
1372,58
3944,69
4155,1788
3930,1740
148,58
2616,1788
2445,68
3902,66
3174,67
2472,62
2056,1737
4525,7
3198,69
3581,67
3399,60
4606,114
4315,1737
339,84
2374,69
107,16
2712,62
4158,1
4620,84
4434,67
2308,1737
2897,6
3144,1
3028,66
1950,1737
3035,1740
710,84
1984,1737
2350,1737
4531,62
3334,61
3780,5
2545,61
2622,1737
2842,61
2004,1
1881,1740
2956,5
1259,58
3223,65
142,84
3082,61
2586,6
3887,46
2660,1
3907,1742
3526,1742
2277,1737
2807,2814
3329,1740
2996,3
3032,1788
1299,58
2908,1737
3577,1740
4959,4684
4633,4634
3675,7
4109,7
974,58
2404,1740
1916,65
840,58
3876,3879
2456,61
5030,4743
519,58
5053,4862
1133,58
1080,58
2891,61
3136,1740
3674,68
2162,1737
2492,64
4757,4688
3749,1788
4418,1742
815,58
4805,4803
4030,1
396,84
3192,61
3849,64
4017,60
2968,7
2257,64
1682,58
2207,1740
356,58
3865,64
1973,1737
674,131
4172,68
1006,84
2381,1737
5028,4738
3433,70
2023,1737
5054,4742
3876,1856
2903,62
2444,1
4767,4776
3944,1740
4933,4934
3819,1788
4359,7
1361,84
4235,61
4528,1
1950,60
1034,114
4363,64
5042,4754
1886,68
2485,1740
4372,1742
2474,1737
4578,113
59,65
3089,6
2524,1737
4140,5
4899,4904
4052,1737
4744,4690
2497,61
3050,61
4985,4995
2318,61
4016,1740
361,58
1282,16
2737,61
1346,117
4533,67
601,58
2429,1
3600,1742
1507,58
4431,1742
4048,1740
3592,1742
4026,1742
3353,68
4306,1742
3802,3
2314,1740
3625,1788
792,58
4108,70
4239,6
1830,1849
4114,1737
3533,1737
4394,61
3521,1
1032,58
2367,61
2341,1740
3390,1737
2229,60
4575,15
1023,58
1911,1737
2347,65
1381,58
3587,1737
3507,67
4247,4250
2028,61
3662,1737
2613,1740
308,58
1621,58
2091,68
2256,5
352,84
3696,1737
3605,1
2373,1740
541,84
4487,64
2156,1740
4117,67
3037,1
1246,145
2211,1737
1084,84
1674,84
5048,4674
4985,1839
2423,1740
3865,1737
3591,67
1960,67
217,113
2396,62
1948,1808
4744,4672
2026,1740
2369,68
2243,1737
2930,1737
2912,68
4018,62
4659,52
5030,4688
44,47
155,84
2537,1
4429,1742
4319,1742
4107,1788
4435,69
1143,84
4740,4685
3091,67
195,58
2122,1788
417,84
2659,69
2523,67
1767,1737
4726,4727
4240,68
1830,1835
3421,1737
1459,58
3413,1737
5049,4672
570,133
2806,7
1874,61
4853,4720
3028,5
4610,133
3092,1742
4518,68
4973,4972
1374,58
3707,1
3808,1742
2883,1
1988,68
1347,84
1240,58
3051,61
2319,61
3616,63
3713,1
975,58
2738,1
4148,1742
4110,61
2887,1742
1333,58
2067,61
1724,1725
3281,7
5048,4688
1765,7
3519,5
1215,58
3577,6
260,58
1573,58
4985,4910
4082,1737
874,58
3151,1742
452,84
1868,1788
5048,4671
2932,1808
3263,1788
441,285
3622,1737
4183,69
2562,1737
1114,58
4227,1
2377,1737
4794,4674
3229,1
2419,66
5030,4674
2019,1737
3414,7
3986,1788
3086,1742
1626,145
1811,1
2427,1737
4334,66
4159,61
4923,4251
3215,67
3582,66
3970,62
2029,69
4047,60
4069,1742
839,133
363,84
4034,3
4726,4673
3734,62
1919,1788
620,116
4393,1742
3889,7
2019,64
5049,4690
4756,4674
3103,5
1928,1
2792,1737
3201,5
2444,68
3137,61
3692,1737
3695,1740
443,58
3251,1737
801,58
5043,4688
4161,68
5054,4671
4663,15
5057,4778
4960,62
2830,1737
2430,7
2487,68
5047,4676
3656,67
4758,4761
224,58
3198,1742
4063,1742
3093,1788
4985,4920
5025,4815
4619,58
3482,5
971,84
4667,4689
4305,1740
4835,4669
95,84
4095,67
2220,1788
3579,1737
2080,61
4297,1740
1167,58
4851,53
1703,84
1596,114
1919,63
4794,4692
2469,69
2362,1
1663,58
816,124
4841,4266
708,58
2830,70
3868,1742
112,115
1548,124
2438,69
98,58
152,84
3111,1742
1976,61
1937,1737
3613,62
306,15
4600,15
3951,1788
774,84
2665,1808
2579,1740
4394,3
3174,5
4756,4688
2240,64
3754,7
2672,67
4833,80
2836,62
3416,66
4999,4913
703,84
2498,5
3919,1742
3313,1742
2518,64
2373,61
4100,64
3740,69
3723,7
4512,1742
4353,1742
2613,61
5057,4772
4153,1740
4531,68
1651,15
2727,5
3780,67
1009,58
4808,16
1057,84
2208,1
4280,1737
2335,6
4804,4764
310,58
3963,1740
3840,7
614,84
5038,4673
550,58
4507,1737
5029,4727
4726,4739
4109,65
4004,7
2682,1742
4528,1808
1440,58
2958,5
3033,68
269,58
162,84
4213,61
1375,58
2753,69
3930,5
3489,1737
4611,16
765,58
3552,61
1615,58
5044,4720
3477,1742
4328,1742
2472,67
1659,84
3603,6
3731,61
4293,6
4276,66
4834,4681
3335,5
3393,6
2715,62
4053,1808
3821,62
3640,1
3876,1855
956,58
2282,1737
3075,1742
4089,1808
4980,1817
2753,1740
2076,1737
5054,4680
3680,7
2630,62
4295,68
3034,69
4808,4765
4999,1840
4400,1742
1819,34
3577,67
3395,68
3911,3912
2366,6
5057,4790
4446,67
3570,1742
1946,1737
3067,1808
2332,1
4745,4670
1919,66
4806,4762
4035,5
2056,67
3174,1737
4,9
78,16
425,84
3839,1737
4835,4697
961,58
4745,4751
3346,1742
4085,61
217,218
3160,1742
1157,84
1946,69
843,58
3538,1788
4459,1742
5050,4676
1201,58
262,58
4846,4849
4881,4883
128,58
2277,7
3987,68
2223,63
2046,61
3365,1742
3861,1737
1948,7
4108,60
2240,61
4492,1737
477,58
2061,1
4859,4673
359,58
4845,4718
2967,61
3764,1
4950,16
1567,58
3986,7
2081,70
4767,4791
3939,61
3109,69
2210,1737
3259,1742
4252,4253
2084,68
4810,4755
1522,58
1175,84
4287,1740
3780,1740
3602,70
2289,5
588,15
2494,1742
2440,1
3749,6
3786,1808
2885,7
4028,67
3846,62
3357,3
4959,4697
2701,1737
4835,4679
502,84
2716,1808
4976,4969
611,84
3751,68
2802,2803
2780,1
3632,1748
913,58
4869,1729
2911,67
3997,1808
2294,67
3842,61
3069,61
1905,7
1153,58
3902,67
2445,67
4229,7
4717,4718
3799,1737
2216,1737
2054,67
3581,66
3606,61
2478,1737
710,58
3204,63
781,84
1891,69
2897,5
3108,1737
576,58
3028,67
1438,84
4767,4773
429,58
1564,84
2627,61
3581,1742
4836,4799
2510,1737
3900,1862
2630,1742
3534,1788
86,84
469,84
4413,61
3780,6
2345,1748
2828,2829
2544,1737
1950,66
2953,1737
210,58
395,84
2193,1740
92,58
3003,1737
3931,3
2807,2809
2902,67
2562,60
4982,12
5048,4741
4959,4687
2325,66
1714,58
4109,6
1916,66
2842,2846
4187,68
3033,1
2301,67
4655,15
2948,62
2072,1737
5053,4861
1794,1737
1972,67
3077,7
2287,1
3141,1742
454,84
3674,69
3802,62
356,84
4317,69
4593,15
4101,62
2374,1737
2054,61
4899,1847
2366,1737
2614,5
1992,1737
4050,61
3574,61
5028,4739
1361,58
2400,1737
137,58
4767,4779
3720,67
1243,58
4319,7
1065,84
4016,68
2398,1737
3140,68
2297,1740
1950,61
2024,1737
3328,70
2445,1788
2741,63
4960,5
3591,63
5042,4755
3644,1742
2176,1737
633,58
5009,4720
528,58
3777,7
4107,70
4490,66
3991,1808
2517,64
3496,1
2521,5
4496,1737
2891,1737
2599,6
4899,4907
2895,1
4488,1737
4744,4691
4807,16
4187,1737
3904,61
1117,58
3371,70
2119,1737
4975,4972
3725,1
3910,7
2936,61
1346,114
4653,4654
2365,1737
1204,84
2984,1737
3762,6
4740,4696
1308,58
340,58
4211,1737
1083,84
2875,283
2324,3
1747,61
3551,1896
2288,69
3171,1740
77,15
4726,4730
4603,115
2257,1748
4239,1
2156,68
624,84
2254,1737
1880,1737
5007,12
3754,62
2697,1737
3144,62
4933,1850
2178,68
4093,1808
2269,5
2878,283
1926,1737
2532,1737
3526,61
3716,5
1407,16
2729,1737
3225,1740
2558,61
345,58
2124,5
5048,4675
2289,66
2804,1737
2329,65
1854,1855
810,84
1553,58
1952,1737
2597,1788
2554,1740
1960,68
585,58
3958,67
2436,1788
2878,117
4744,4673
4130,62
689,84
3664,1788
3611,7
4085,68
910,58
3297,1737
2693,64
4089,1
3023,1737
3692,1808
5030,4689
4659,55
3875,1742
4895,4870
1972,1740
2615,5
3775,7
1406,58
1885,7
3057,1737
2804,66
4435,68
1272,58
424,84
4492,5
3541,1737
1646,58
101,58
2568,5
1007,58
1365,58
1830,1832
4240,69
410,58
1919,1737
3349,1
2374,1
2012,61
3534,7
1619,133
5049,4679
292,58
4454,66
1931,1
1418,84
650,58
2944,1737
2668,1737
2585,1737
5078,5077
4973,4971
532,58
1949,1737
3007,1742
2994,5
3131,1740
2635,1737
3850,1816
73,62
1947,62
4103,1788
3931,1737
3588,62
2028,67
2830,1788
4843,4266
4808,4803
2417,7
5048,4689
3577,5
4985,1848
2938,1737
1094,84
2461,1740
2100,60
4445,1742
4667,4674
4744,4687
4437,1742
1916,5
2439,3
2579,70
3718,61
3846,6
2141,1737
2929,61
1778,1742
2982,1
4794,4675
2750,61
2419,69
5030,4675
2133,1737
4202,1742
775,16
1443,58
2863,2865
4159,60
3429,1737
4923,4250
94,58
4740,4668
3582,67
2836,2837
2029,68
984,58
3758,70
1358,58
4399,1742
3457,1
3035,61
620,117
1598,58
5049,4689
2019,67
4756,4675
4397,3
4273,61
1932,1740
3218,68
959,58
2337,5
3080,61
3572,1737
4053,6
4712,2810
2169,60
3007,1788
500,58
2484,67
2141,62
1708,58
4107,3
4090,1737
3027,69
740,58
3638,1737
5054,4668
2973,1
5057,4777
3811,1737
2830,1742
1390,84
3630,1737
5047,4679
4657,113
4333,1742
2959,67
3293,1737
2620,1737
1909,67
2342,67
4665,3879
4667,4688
4835,4668
3841,1737
4745,4754
2868,15
4533,7
4851,52
4089,1737
1596,115
4794,4693
2732,1742
4017,1788
5013,4789
4442,67
4841,4265
2462,61
2415,7
2402,1740
112,116
2328,1
1750,1
2455,6
2044,1740
1679,15
2763,2765
2089,66
3984,1737
627,58
734,84
3674,61
4726,4688
3788,5
2742,7
2098,1788
4756,4689
4261,4253
936,58
150,84
2367,70
3643,1
1310,58
3065,1808
4209,7
4050,5
4340,65
1176,58
3979,3
3254,1737
1916,1748
4999,4912
4189,1742
911,58
4181,1742
3780,61
4585,15
3276,1740
3591,7
2710,68
4157,1
5047,4693
4015,61
452,58
3095,1742
2552,1740
4103,69
2001,67
2075,1737
2664,1808
4236,1788
193,84
4804,4765
692,58
2693,5
3729,1737
1050,58
3800,7
2976,7
3991,1737
2804,5
3597,62
3119,1742
2003,1
1490,84
4726,4736
2918,5
4109,64
4456,1742
2724,1788
3202,6
3498,7
4865,4718
2753,68
447,84
2176,67
4698,4685
2378,3
3538,1
4834,4678
539,84
2921,1
4276,67
3032,60
5011,16
4081,7
1692,15
4347,62
5054,4862
1881,66
2682,1808
579,58
4528,1742
4369,1742
4980,1818
2230,1748
4973,4929
4361,1742
4484,7
2290,67
5054,4681
1492,84
3610,1737
2869,3
4296,1737
358,84
3034,66
4430,64
2181,1
130,133
2366,7
1384,58
1074,84
3660,1737
5057,4789
2724,7
2463,61
2267,1742
534,58
95,58
3398,67
4279,1742
2443,1
1477,58
2579,3
2211,61
509,58
4974,4968
2056,68
4835,4696
1916,63
2369,3
4967,4972
4028,61
3961,6
5029,4728
1946,66
4470,1742
644,58
5050,4677
3507,1740
2459,62
1258,58
3591,1788
3384,1
3565,62
3706,1740
1140,58
533,84
2497,1740
2277,6
3805,62
4802,4766
3424,7
2581,62
4556,114
508,84
2914,67
4108,61
4165,60
2297,67
4511,64
2265,1737
4859,4672
2315,1808
1968,67
4060,3
2098,7
4767,4790
2283,1
2134,1737
2434,5
3980,1788
147,84
2309,61
4093,69
2311,1737
4022,67
4371,1737
2559,1737
2084,69
4810,4752
2018,62
1929,1737
311,84
3766,68
2004,1737
2869,1808
2155,1742
945,58
3898,1808
4557,117
2124,67
2231,7
2235,64
4326,1742
827,58
1968,1740
3749,5
3359,1737
1536,84
1185,58
4244,1
4467,1742
2086,3
2251,64
4814,4815
4959,4696
4835,4678
1878,1788
1828,1
2030,61
2911,61
3395,1740
2052,6
4161,1740
3176,66
3319,1788
5050,4695
2419,61
4506,1
4508,1737
4149,61
2617,1740
4960,1740
2716,61
1311,58
4500,1737
1355,84
343,58
2659,61
3528,1808
3067,1788
701,58
1551,58
4199,1737
2631,67
3664,70
4189,7
4611,15
3902,64
2445,66
4525,5
3785,60
919,84
1092,58
3785,1808
1891,68
536,84
1506,58
3999,1
4380,5
4565,15
3158,1742
2694,3
1964,5
3854,1
1158,84
2258,1737
3048,7
3456,62
3422,7
5043,4747
4086,62
2620,5
3783,1742
2967,1808
1950,67
4275,7
2300,1737
4868,16
3758,1740
2709,1737
3223,67
4375,1740
1087,84
4110,1737
2477,1737
2807,2808
3526,1740
82,1
4364,1737
4443,64
4898,4870
14,16
2086,61
4144,1737
5048,4742
4959,4686
897,58
4274,68
1916,67
3897,7
2842,2847
4082,61
4649,16
779,58
3390,68
4524,1788
2679,7
5030,4741
3769,61
1275,58
1589,84
2830,63
4153,68
3136,1742
3373,5
3248,1788
2509,6
2492,66
2902,1737
3128,1742
2496,5
1919,1748
2924,61
4317,68
3724,1788
2176,61
2067,1748
413,58
3229,1788
3103,61
3163,1742
1880,1788
1881,63
653,58
546,84
3155,1742
1941,67
2964,61
2934,1737
3248,64
535,58
4624,15
4109,1737
4933,1847
3402,1737
2444,3
3720,68
4767,4778
4016,69
73,1
3377,1737
4796,4797
4528,3
4060,1788
3187,1742
2138,1737
1458,58
5042,4752
3591,62
1340,58
2623,62
4490,67
2956,1737
5015,5016
59,67
4005,62
3646,1740
4458,1737
4823,4720
3331,67
160,84
4211,61
2640,62
3122,68
2647,1737
4744,4692
2440,62
3326,1788
4745,4683
4985,4993
1810,1737
4016,1742
2750,6
2024,67
1346,115
3379,1788
317,115
4541,1740
3059,1740
4740,4697
2294,61
4223,62
2099,1
3074,5
4258,4253
4034,61
219,84
4927,6
4108,64
4726,4731
5008,62
3731,7
3990,1808
4027,6
1352,84
2156,69
377,58
272,58
4075,1742
2179,6
1585,58
3657,5
3307,68
646,58
2367,63
2944,1788
2122,68
4325,1740
4658,133
2384,61
2347,67
2661,7
3507,69
2045,1
942,58
4010,1742
1974,7
503,58
3761,1740
3116,61
4447,67
2178,69
4085,1740
2624,61
2148,61
1900,1
2906,65
743,58
948,84
1914,1737
2256,1788
5048,4676
3506,6
4140,1737
1960,69
1983,61
1417,84
3362,1737
2044,61
1919,5
4085,67
3465,62
368,84
5030,4694
4154,1740
3648,1
2804,67
4287,68
4740,4687
2369,1742
2445,7
2048,1737
3926,1
4240,70
1830,1833
3920,1808
2374,6
5049,4678
2473,1737
2608,60
1894,62
939,58
3028,7
171,84
2548,1737
2957,61
4973,4970
3178,1737
3929,61
1179,58
1034,133
4039,64
4330,68
4366,62
3007,1737
211,58
3850,1817
4933,4920
569,58
3637,1737
2805,68
720,58
1914,68
3567,1742
3687,1737
2121,7
1890,61
1724,1727
5048,4690
455,58
1216,84
1641,15
813,58
5046,80
1883,70
4150,5
2100,61
4210,1788
695,58
4667,4677
2325,6
4035,61
1946,1808
1916,6
1494,84
4395,63
4794,4672
2069,1
5013,4770
5030,4672
2419,68
1697,15
2293,1737
138,84
4334,64
394,58
1996,61
3903,67
4155,1737
2106,6
2863,2864
4740,4669
2331,1
2836,2838
3582,64
3294,1742
2029,67
2462,67
4047,62
74,15
4216,1742
2257,3
4726,4679
3417,1
2186,1
4399,1737
4812,1788
3147,1740
1281,84
2729,7
3889,5
5049,4688
4756,4684
2967,5
3178,68
2019,66
2861,2862
1199,84
1662,84
2411,1737
2448,1
838,84
1870,1
620,133
3939,1737
4057,66
2148,66
4712,2811
79,80
2188,67
3312,7
4977,15
2675,1737
2929,1737
3518,1737
3027,68
4899,62
5054,4669
281,58
5057,4776
1387,58
2430,5
3958,61
3552,1737
2157,1737
5047,4678
3763,1
2792,68
3198,1740
1627,58
2359,1788
1427,58
4322,62
4665,3878
4835,4671
2276,1740
4745,4753
4851,55
3222,65
968,58
4794,4690
5013,4788
4959,4742
3401,1742
2905,5
4553,67
4048,61
1261,58
3080,1737
3832,1742
1582,58
112,117
3802,68
3624,6
4297,70
2763,2764
943,58
4295,1737
4009,1740
2909,1788
3332,1737
1452,58
3563,1737
3606,5
484,58
3382,1737
2928,64
4051,1740
1891,61
2125,62
3374,1737
2325,1740
2240,66
3697,68
2367,65
4309,1742
3589,68
3865,62
599,16
1082,58
1744,1737
3816,1740
2586,1737
4943,4673
3416,68
2316,62
4100,66
2014,68
2140,1740
2636,1737
3177,7
4960,4961
4798,4673
2132,1740
3415,5
1404,16
3513,5
1903,62
2727,7
2710,69
3595,67
4103,68
2797,2800
35,21
4201,62
921,84
2295,1
4493,62
2517,7
2740,1742
4616,15
4804,4766
489,58
3077,1737
2914,1737
3910,61
4,5
371,58
4146,1742
729,58
2804,6
4726,4737
2682,1740
1949,1808
4570,15
2959,1740
2120,67
3333,69
661,124
866,84
1751,1737
4240,1
2136,67
2450,1737
2176,68
3336,70
3405,1737
2489,3
2625,1
3785,7
167,84
3731,63
4205,1742
4807,4763
4465,61
1656,58
3228,67
2529,5
3272,61
3713,1737
761,84
1881,65
3961,1737
1391,58
5054,4686
480,84
794,58
2758,1
2630,60
669,84
4999,1842
5060,4720
2141,1
3911,3914
4511,1748
4002,1742
5057,4788
5042,4682
4007,1737
4376,61
3787,1737
1973,62
3846,66
4338,1737
5045,4720
2272,62
4974,4969
2056,69
3233,1
4039,1737
4745,4749
3346,1740
2871,113
2801,7
3616,1748
2875,114
4177,64
1946,67
3261,1737
3039,5
3088,1
3215,6
4645,15
3511,1
4061,1742
2520,1
323,58
2341,61
4948,80
3743,1788
681,58
2402,61
2992,5
2277,5
5053,4680
1970,1740
563,58
212,84
3134,61
4556,115
2733,1788
4377,1742
4599,15
1948,1
4859,4675
104,58
232,15
3626,1737
130,114
3800,1788
4145,7
4057,63
3986,5
278,58
1368,58
4767,4785
2984,61
2200,1740
4093,68
4015,1742
1608,58
3841,1
2943,61
1461,58
4531,1737
2067,6
4810,4753
2748,61
4595,16
3224,61
3890,1742
1343,58
388,58
2007,3
4985,4987
3202,1740
1634,15
4557,116
4899,4913
4561,113
4490,63
2589,6
884,58
277,84
1242,58
4218,1737
4835,4681
2883,1788
3542,7
2366,1808
3789,62
3149,1737
5012,15
4287,61
4233,1742
5050,4692
2419,60
3118,1808
1666,84
4757,4683
2064,1740
1683,117
1905,5
2036,67
879,84
2492,60
1526,15
4529,65
4512,7
3581,64
3510,68
4209,67
4859,4689
1561,84
3352,1740
4227,1808
3692,1788
4074,67
2276,64
1129,58
2297,61
26,21
3197,1788
4812,1
1950,1740
639,115
1118,84
4342,1742
3581,1740
4531,3
1976,1740
2630,1740
4852,15
486,58
5043,4746
1320,58
5028,4733
534,84
1950,64
666,84
4602,116
2707,1808
3586,1737
2462,1737
1560,58
2656,1740
2586,5
2037,68
4218,68
2700,61
2807,2811
2079,64
1295,58
2488,1737
2490,1
4959,4681
3196,61
3750,1788
2325,64
4491,1737
2842,2844
3033,7
3407,7
3390,69
1194,58
1747,64
4740,4692
5058,4720
1076,58
3383,62
2173,7
1120,84
2509,5
2492,67
3805,1
3062,1737
4312,1742
3734,7
4709,2811
4300,61
2257,69
1530,84
2207,1737
3865,69
3634,1742
4067,1
4449,1742
3137,68
3248,65
2453,1737
2967,67
4035,1737
4565,16
4128,1737
4933,1846
2560,67
2233,1737
2501,61
2145,3
3305,1
4363,69
2366,67
3666,1742
1718,15
4553,1737
5042,4753
2617,7
2741,61
3777,5
5039,4673
317,319
4372,1737
4015,7
4960,7
1488,84
2249,61
4160,1737
59,66
4490,64
4475,1788
2535,1737
2336,1
1758,1
3387,1742
4899,4909
2384,1737
4035,64
3693,1742
438,58
4744,4693
3307,67
4745,4682
304,58
3796,5
3152,1742
678,58
2750,7
1946,6
2972,5
5026,80
1825,21
44,52
2707,1788
544,58
4842,4266
2908,61
4863,4720
397,58
3876,12
4364,68
3165,67
947,84
2122,1737
3555,5
2875,285
3171,1742
2694,1737
2039,5
2588,68
2097,1737
2938,1
4726,4728
2942,1737
2156,70
529,84
178,58
4796,4718
3889,1740
1072,84
3599,7
3398,1740
2720,1737
1995,1740
2819,2821
2944,1
1442,58
1632,124
4447,61
1983,1737
2476,1740
3507,68
2025,67
2042,1737
4933,1848
3935,12
2613,1737
1482,84
2178,66
4441,1737
4167,67
1590,84
2373,1737
2015,1737
2780,2781
4467,7
2289,64
5048,4677
4287,1808
3200,1740
3528,1737
4310,1737
2004,1788
2283,1748
1131,84
3614,3615
5059,4720
531,84
2041,1737
3433,1740
4487,1737
2201,61
4744,4675
2278,61
3789,67
2315,5
2941,1737
3665,61
3201,1808
4085,66
4538,1737
1393,84
4284,67
2248,1748
1285,84
4089,7
5030,4695
4513,1737
1329,58
390,58
1211,58
236,84
256,58
2951,1
1569,58
1936,1737
4740,4680
886,58
4108,1740
2445,6
2931,67
2659,70
752,58
3198,7
4293,61
3306,1737
1830,1838
2374,7
3777,1740
2608,1737
5049,4677
3100,1737
4454,64
1695,58
4644,16
2608,61
2132,61
4386,1740
727,58
4067,61
4973,4969
1085,58
3525,1737
4039,67
2994,3
1905,1737
4167,1740
5043,4679
2431,1742
626,58
1303,84
4159,1740
3140,1808
5017,4763
2882,1740
3291,62
1532,58
3990,1788
4591,15
5048,4691
4198,1737
4949,15
4332,7
4208,61
1828,1742
3482,62
4035,60
4667,4676
2325,5
3621,1
4220,1740
3053,1
3462,1737
5029,4688
2180,5
5013,4769
5030,4673
276,84
3633,1740
3816,60
3930,1808
2863,2867
2291,1
4740,4670
647,84
3106,1808
2442,5
3970,61
2029,66
2766,2768
3738,1
3582,65
2727,1740
3758,68
4176,62
2716,1737
346,131
313,58
3381,1737
1163,58
2531,1737
464,58
838,58
4012,1737
2019,69
4756,4685
5049,4695
2936,1748
4004,1737
3767,63
2792,1740
4054,1737
2897,67
110,58
1525,133
4043,1742
3695,1737
4057,65
439,58
2994,1737
2148,67
797,58
2560,61
3207,1737
5043,4693
4933,4905
3616,64
679,58
4107,5
3044,5
4383,1742
4420,68
1037,58
4650,15
2830,1740
1517,284
3224,67
2599,69
3817,68
220,58
4758,4764
2004,68
578,58
2282,5
3485,1737
3838,1737
4665,3877
4667,4690
4835,4670
1128,84
2939,7
4533,5
4851,54
3222,70
3616,1737
4984,1729
2469,66
5013,4787
3584,1
3561,1742
4007,1
1757,62
4553,66
3572,62
2659,1737
3624,7
4243,1
1807,1808
1298,84
3056,7
3245,1
2089,64
1948,62
481,16
2238,1737
4805,4760
1102,15
1891,60
4756,4691
3304,1788
1489,58
3808,66
265,58
3865,61
2688,65
4209,5
603,84
1867,7
4340,67
3979,5
1371,58
4481,1740
5023,80
3416,69
3547,7
1611,58
4708,2810
656,58
912,84
3740,64
4467,64
3780,63
5017,15
1030,58
2713,1737
4960,4962
4662,1827
5057,4793
391,58
3591,1
3117,1742
4069,7
1005,58
5047,4695
2797,2799
166,84
1326,58
3072,5
4493,61
887,58
1245,58
1852,6
3499,70
3853,1
4,6
1127,58
1060,113
3532,6
2804,7
1932,61
1436,58
5078,1729
4614,115
468,58
3333,68
3571,1737
2605,67
1676,58
4863,80
209,84
2136,68
2995,5
4698,4683
127,84
3727,5
3785,6
4834,4676
2921,7
4293,3
3204,70
4807,4762
3335,6
2569,1737
1881,64
2148,1740
3130,68
2101,6
2540,1788
3802,1740
184,84
1270,84
3486,1
629,84
3787,68
2384,6
2630,61
3844,5
3034,64
473,58
2680,1742
3412,7
3655,69
130,131
938,84
2366,5
3164,1742
355,58
2426,1740
713,58
3082,5
2107,1
2329,63
595,58
817,84
2579,5
4008,1737
4504,1742
4806,4761
3606,1742
3846,67
1104,58
3229,67
4959,4692
3174,1740
1603,16
243,84
904,58
2187,6
3529,7
1791,1
4745,4748
2875,117
4072,1
1946,64
5050,4675
1400,58
2972,67
2917,1742
2410,1742
3203,1737
229,58
1079,58
2355,67
1797,1
3278,1737
1284,84
3943,61
1237,84
1493,58
4802,4764
2502,1
3963,70
420,58
4108,63
4834,4694
2974,5
4352,1737
4859,4674
3771,1737
3332,1
2122,60
39,15
2098,5
3531,1737
1830,1729
29,21
4767,4784
3686,67
2570,1
4093,67
1971,65
3109,66
1665,84
2759,1737
2780,2788
1583,84
4346,1737
4985,4986
1222,84
5042,4733
4823,4718
4557,115
4047,1737
1124,84
2589,5
4490,60
4808,15
1953,66
3934,1
2118,1737
3846,61
3317,1
2251,66
307,58
2325,61
2897,1748
5030,4670
1736,1737
3789,61
890,145
654,84
4099,7
3279,69
5056,34
3176,68
4976,4972
1986,61
5050,4693
1988,1737
4464,1737
2706,5
4338,68
4051,5
4432,1
2659,63
2038,1737
1486,58
4757,4682
5053,4697
3606,65
2631,61
2561,1
2445,64
1815,1817
4017,6
2492,61
4240,1737
2367,5
3895,61
1592,58
3527,7
3663,1
4209,66
3455,1740
1189,84
1445,58
1891,70
1327,58
4767,4774
3898,1742
1685,58
3903,1737
4173,1742
986,58
2694,1
5022,4720
3422,5
4175,1737
1226,58
1890,5
5028,4734
2324,1808
1108,58
4602,117
5081,80
4209,1737
3371,60
1410,84
4042,1
2807,2810
4443,66
2315,1740
967,84
4959,4680
2604,1742
2023,1
2842,2845
3033,6
4107,1748
1747,67
1305,84
4740,4693
259,58
1878,1
205,84
2347,1740
2830,61
3990,3
2196,67
4359,1740
3674,64
3802,61
3785,67
862,84
4317,66
4709,2810
3849,68
2374,1740
4596,15
2361,1737
2182,5
5017,5020
4899,1848
2366,1740
1881,61
5021,4253
4350,1742
1992,1740
3018,7
4013,68
470,58
1948,1737
3248,66
4191,1742
2091,61
2400,1740
1917,66
3791,1737
2444,61
2943,67
3851,6
2987,7
4983,1861
4528,5
4363,68
2259,6
3436,64
317,318
3825,1737
2024,1740
1829,7
2617,6
5042,4750
1192,84
2504,1737
4285,1
4318,1788
3656,61
4490,65
59,69
938,58
2221,62
4077,1737
4646,58
3754,1788
2599,3
820,58
1869,1
4137,1742
4035,67
4499,1737
4899,4908
3887,56
4744,4694
1053,84
4382,66
2517,62
3367,62
3478,7
2229,1808
4975,4969
5050,4742
3436,1737
2972,6
3046,5
2550,62
44,53
4666,56
2995,1737
2984,1740
3762,5
4159,5
1999,62
2733,69
2544,67
4724,1737
2304,67
3650,1742
2435,5
2694,1742
4108,66
4493,1740
1898,62
4661,1818
4726,4729
4404,67
2886,1788
3423,5
2485,61
1655,84
1891,1737
2735,7
707,58
2850,69
2819,2820
3035,67
3031,6
2122,66
2725,61
3093,7
929,84
4869,4870
3697,61
4131,1
3640,1808
596,84
4363,1737
2116,1808
2551,1737
4854,4858
2158,1
4933,4916
4026,67
5051,80
2543,1737
3540,5
1926,1740
3676,7
4060,1740
2659,1808
422,58
3701,1742
4389,68
2780,2782
5048,4678
662,58
2329,70
3526,67
2664,1737
581,58
3867,5
290,133
2693,60
2091,1740
4325,61
4143,1742
4744,4676
4581,131
4667,4681
1919,7
1097,84
2579,61
1423,84
3132,61
4089,6
4011,1788
5030,4692
2348,68
2883,1737
3343,7
3062,6
1261,84
964,84
162,58
5029,4670
3997,6
3449,1808
2109,7
1268,58
3269,5
3984,5
2736,1737
3933,62
2351,62
2445,5
3926,7
2641,1740
2574,1742
4726,4683
4293,60
1830,1839
2137,1737
