4172,21
3027,4914
4413,285
580,4723
4550,4989
983,4694
4373,4892
167,13
2875,4915
4384,13
3060,4736
538,1737
440,2810
742,1817
4542,4906
1305,5019
1587,4803
3426,2794
670,2814
518,2764
3030,4961
3480,4778
4214,2837
2286,4971
3837,2790
2892,4930
3026,4995
2547,5020
5079,4778
866,5074
2918,4797
1473,4876
4623,3882
3385,5063
2601,4682
254,4773
177,1841
2218,63
4448,4768
3058,4684
4622,4921
3212,4684
2734,4856
4334,2854
3892,1834
3095,4954
475,2783
1033,2789
4980,2831
2664,1862
4810,5000
3354,117
3459,4727
1501,4692
1781,4764
1745,4672
3266,4916
3193,4876
3850,2671
3009,4787
4726,114
822,40
4341,16
4146,4742
3494,4987
1385,4862
2792,1839
1228,4995
4984,3924
39,4687
4258,4937
4118,1846
957,4926
2868,4994
4618,42
572,284
4851,4785
2385,84
1245,4800
3170,4970
3560,4765
3344,2764
4374,4791
1668,2835
925,115
1413,4966
4261,2829
103,1735
3859,2658
2102,4978
2429,4738
801,62
2478,2781
1148,4760
3526,4910
1810,4672
2631,4739
4087,4764
306,4856
3596,2854
1226,114
1470,4683
2509,1842
4114,4764
2562,4921
1403,2846
1265,5018
912,4686
5023,131
4030,4900
3636,4910
3172,3883
1270,4894
3576,4682
3268,4266
2967,4935
1866,34
214,1847
3955,4669
1568,1748
3221,4929
3039,2768
141,5019
4167,2826
3300,53
1533,2862
3789,4884
2362,13
3918,4680
503,4793
2964,4919
2184,1827
392,1730
4252,4971
2692,2867
2408,2817
2405,4876
3806,1788
424,51
3413,3913
2585,5019
713,4862
3242,2785
4354,2809
2069,4939
103,3883
3256,2784
4298,2857
1652,4972
1385,1851
4881,284
783,4921
4037,2832
3779,2817
3593,54
893,320
4498,2810
1276,4884
2053,1839
946,4755
4798,4965
2694,2765
2193,4759
1604,2658
1985,2784
4577,1730
1391,54
4311,4901
3186,4249
5059,3882
3942,4682
859,2864
3466,4760
4604,4654
2741,4779
474,1808
3429,2818
3888,4972
2402,4678
4004,4741
211,2823
1052,2844
768,4870
4302,4737
3479,4782
986,4677
1494,7
1853,2808
891,1860
4144,4250
450,1838
779,4908
4552,4858
2488,4765
1270,5019
4034,2847
2013,52
1925,1836
3487,4773
2964,1857
4490,5075
4054,132
3149,4775
4068,2658
4126,4934
1093,4265
5049,4752
1522,1836
3729,284
861,4831
123,2835
3589,1848
4489,5020
2995,2776
625,4993
1750,3883
105,4728
1331,53
484,1856
1487,4780
2588,5074
1988,4787
4106,4760
2073,4878
2043,4971
2458,4816
2651,4994
3646,4679
3756,4969
4451,2853
1302,2851
270,4988
3765,4736
1198,4755
890,2839
4381,4905
4520,1728
1343,4718
1666,4736
243,1849
2748,4673
416,4938
2938,4742
3033,3913
975,4913
2369,4671
5076,1850
764,4735
1099,4766
4354,4905
4493,46
3963,4946
2134,145
597,3913
3456,4677
1152,5002
3324,64
2968,2849
3356,4729
90,1848
2572,4994
2747,65
2775,4741
2209,4941
3376,2787
4283,2822
2355,66
702,4938
483,2825
874,3886
722,4882
3313,4858
4646,4684
1195,4935
1286,4776
312,4754
3966,4654
2331,4914
3976,5065
4622,4789
3122,4946
2618,48
2067,1834
4833,2795
3275,4755
2460,4888
2018,4979
202,2865
2688,46
307,1860
1246,61
720,1857
4794,4264
4071,1726
2387,2658
4044,4773
4632,4781
1703,4778
3841,7
3965,2787
4328,2844
3973,1788
4631,1734
1214,4920
2683,4694
1649,2856
1283,66
111,1837
3013,4266
2678,1848
719,84
777,67
4137,2825
3242,2841
1913,4634
2265,3885
1289,4688
1613,4830
1949,132
2894,2818
2899,42
1306,2860
1185,63
17,2853
3104,4891
1180,4766
920,4754
560,4671
4131,4918
727,2858
4898,2783
2740,4962
2393,4819
2476,56
4340,4957
3250,2855
4410,2853
161,4965
1544,4862
3140,4918
3617,4691
2605,4797
697,3885
94,1842
264,4752
1152,4919
1309,2811
3594,4904
2493,113
4233,4801
4170,145
2381,4654
1868,58
2669,4688
4002,2794
1575,4676
4208,4694
3225,4832
3404,4613
3697,1846
2504,4776
3895,3913
4400,2810
2001,4986
4230,5004
1826,4849
150,4734
2974,1856
1388,38
3435,4733
913,1730
3858,2790
2478,4879
1185,4873
227,4947
1425,4748
90,4781
1947,4832
2599,2809
3078,2782
1601,4965
1761,3912
3405,114
1354,116
1044,38
2910,318
584,4250
3225,4956
2175,4769
2383,218
3472,145
2759,2785
3470,4953
2291,1851
2441,2844
4554,4761
820,4765
3904,4998
1280,4678
4364,1732
4447,4728
305,2841
1948,4800
1613,9
3125,4749
3988,4816
3513,4784
3330,53
4188,2857
3233,4964
4088,1839
3055,1834
1792,4774
2344,318
2083,4668
1940,5064
2513,55
4393,4677
2503,4747
2079,5064
4096,5018
941,4685
2473,1857
4332,4686
3825,3881
4471,3883
2328,124
3033,1831
4449,2789
3823,5063
3827,5069
3772,4832
3638,2827
2575,4676
4208,4819
3805,1818
3125,2796
1466,4697
2401,2783
4188,2814
294,4829
995,4896
4043,1846
2404,13
560,283
4519,4766
2677,4682
1285,4815
2527,4695
4698,4944
4477,4250
3295,4673
2879,60
2991,2796
4504,4968
3835,5077
3383,1788
4563,4752
1198,4793
1552,4995
4724,34
4146,4910
2289,84
1030,3
2577,4994
2354,4669
3867,4849
3923,4781
29,1742
4342,66
3865,4990
3970,4870
3203,4963
3386,4955
2089,2831
1354,4753
4575,4883
3971,116
4805,4877
1486,4749
3693,4251
3109,2841
3566,2810
3429,320
840,4966
388,318
2307,4686
3742,4870
1366,117
4404,2796
4219,4801
4305,2849
1753,1849
1137,2658
4270,4954
4618,2779
1558,8
4403,4749
1291,4751
4122,48
2389,5004
1956,2818
333,4937
4077,3914
4034,4752
1035,1831
143,4856
1469,4936
3469,4654
4009,3880
1535,1742
4597,4848
1017,15
1506,4773
565,1837
4802,218
1235,2847
4639,1835
1910,1849
3414,2772
3993,4720
1470,1742
2582,4891
912,3912
3575,4253
1711,4789
1280,1862
3044,1847
1901,4764
753,2810
454,4858
1430,4799
1912,4266
1451,4966
2310,4996
1699,4962
1741,1730
3968,3924
2963,4775
2221,47
289,4878
4229,4978
4001,2865
953,4908
1211,2832
790,5075
5054,2844
3257,4751
4406,5002
3461,2826
1009,4905
3793,2858
3820,1735
870,4769
2614,4901
4456,52
2266,4831
2231,4675
3098,4770
3710,3883
5084,1856
2581,145
647,5000
4270,11
211,4991
2988,117
4616,4728
4400,2821
1106,61
4337,4888
4342,2823
3939,4998
4417,2794
1360,5070
641,2814
2674,3915
1181,4816
1367,4958
689,4947
3184,4965
2047,4786
2569,2831
3045,70
1263,4889
3835,4755
509,4885
3922,80
4491,4919
1607,4965
315,4676
1166,4832
3909,1728
2984,4954
2761,1818
1786,4856
648,4792
205,4919
3032,2866
2492,2794
2626,318
993,113
3118,4737
625,4696
2068,2857
4511,4916
3306,2851
4424,4741
4324,2784
2139,4791
808,4941
1375,4935
2284,3885
4345,4690
1076,2847
2110,4777
1666,2827
1950,2813
1651,4793
3951,114
2544,4729
2882,5019
2385,4817
4975,5004
3697,2822
418,2844
2433,2796
535,3615
1269,2817
1471,4986
3676,4936
1184,4870
4443,4670
1676,16
4153,4884
1169,4919
637,1818
4705,1844
1288,4900
2941,1851
1396,4877
4369,4892
4581,2827
2742,4972
3116,5063
1787,1862
2123,4694
1910,4718
1179,4746
918,4680
4543,1731
4622,1844
3905,4929
250,4697
1763,4741
714,4738
4712,4824
659,2844
2054,4264
864,4890
1331,2845
4026,4995
3845,4819
703,45
3262,4671
73,4996
679,4764
4165,4993
3496,2789
4404,4688
2777,4759
2349,2849
468,5004
4664,50
3725,4675
1362,4741
3984,4803
2686,2824
4111,4970
3788,4947
762,4968
3023,61
1354,4692
2873,4673
2124,4861
346,4966
772,4766
979,4691
3966,2816
3064,49
3490,1727
1579,4872
2285,4686
2587,4819
1791,4889
4470,284
2916,319
4159,1827
2431,4897
3724,2767
4181,4820
791,4720
778,2788
1612,2765
3792,4862
4837,70
1247,4940
3523,2824
3818,4693
745,62
2578,115
2558,2853
3852,4753
3625,4965
2079,4992
1157,285
3429,2782
5038,2812
4481,5016
4726,4692
3810,1737
804,2856
3052,4799
4500,4265
2364,2843
2219,2798
3989,2765
4515,3886
2027,4685
3527,4782
3591,4917
2576,2864
3660,2798
3566,4912
473,4678
4590,2855
4923,70
4117,3
520,4969
3028,4956
1587,55
1109,1735
4414,4920
4075,4848
2233,2826
5039,4731
1278,2816
1166,4894
3352,4720
1624,48
4445,4885
2085,4979
3245,4251
3685,2841
3393,4965
4646,1847
2334,2768
4379,4932
596,4936
753,48
3237,4727
2239,2847
1049,2839
4095,124
2436,2858
1470,1857
4481,2774
1325,4793
1294,4935
1573,4850
5008,2845
3770,2818
293,46
200,2803
3743,4727
2252,4267
1311,66
378,2794
3091,3
4516,66
2291,4791
1902,4849
351,2781
4355,4780
198,4797
1852,4720
938,4953
98,4266
2703,4902
4360,1725
1430,2845
1790,1861
311,2779
1760,124
437,4883
3289,4938
107,42
1751,4772
535,1840
1168,4938
4622,1808
81,3913
2512,62
3317,4989
1686,2821
2436,4685
3848,115
3825,4249
4530,4905
3128,2827
4319,4736
4398,2845
3928,4830
1140,4250
4104,54
4977,4672
1259,4265
3782,319
2660,2800
4210,5063
4221,65
566,4777
4463,2856
4614,2840
517,4896
1708,2795
1002,55
5080,4694
4581,4769
135,1834
4210,1726
1067,51
29,4763
3266,2800
884,55
3359,1735
4505,4991
3299,2858
4804,4751
426,4908
998,2773
615,4697
848,2774
1178,69
742,12
2101,2860
2994,4759
4187,4929
3890,54
3246,5063
1938,1860
93,4939
1609,4971
31,4958
1418,1846
3191,4856
111,2832
1090,133
4227,4817
2536,1838
4449,1846
4632,2812
1928,65
4315,4920
3343,2782
4600,48
1141,5001
2429,2796
3663,61
4621,4957
3741,1731
1614,1731
895,67
2046,4697
2427,4994
1421,4266
3486,2866
3295,4831
323,4773
2594,38
323,2860
1544,2860
3415,4779
1072,4931
1401,4773
3309,2854
3395,4935
1802,4669
3989,4654
2,1840
938,2856
5030,4946
909,4728
4467,4912
4554,1808
3220,52
293,4850
37,1818
2189,4776
4556,4956
2362,4787
321,1857
3536,2796
528,4681
711,4902
90,4892
2395,4998
1469,4673
93,4908
3807,1846
3789,4905
4714,1728
265,4870
3054,4872
4173,4896
1501,4763
2119,218
4933,4779
3931,2841
954,1827
1296,4727
3210,1817
2399,4249
3305,4754
4661,4913
4184,4267
5078,4673
29,2799
3785,4760
2411,4848
2600,4909
1179,2811
1565,2856
4620,4768
707,64
4144,4803
4283,51
2947,21
2995,4728
814,5004
4141,49
1704,4872
3480,4930
2618,5073
4584,1788
1768,3879
3746,2831
1637,4791
883,4916
3713,4831
2668,4929
1666,4850
1392,4681
2048,4718
1299,1740
1037,4946
405,4741
1296,4249
3538,1832
2229,4818
3059,4904
4838,4772
3557,4991
1311,2855
3899,4911
2339,4779
3726,2860
1210,5000
1246,4668
3602,5075
4133,58
383,4855
3393,4947
4243,2858
3674,1836
4498,4929
781,4267
2718,2822
1685,4761
2894,3882
4636,2800
1591,2795
739,4970
4466,46
817,2817
355,4830
1915,145
1280,4965
2109,2765
2017,4988
2142,4912
436,4680
2578,40
1628,320
3185,2798
450,283
2617,2844
242,4779
3720,2767
4167,4750
233,4751
1765,5004
3942,2783
1064,3914
2697,4265
4132,2864
2736,4737
688,1847
265,2768
152,4952
3393,70
1406,4997
1328,51
676,3883
1445,2814
3956,13
522,3505
2742,4817
485,4786
2564,4731
2874,4681
489,4919
5028,2851
4568,5004
2320,1817
4588,4970
4477,4249
1453,3914
2162,1844
2505,4909
1779,16
345,51
3306,2764
3656,63
2410,5074
3533,4678
3119,2827
2021,115
4001,2854
4945,2841
564,1862
3008,4900
1602,5004
4804,4674
1944,2774
2351,2853
188,4870
3082,41
1718,4739
3401,2765
3584,2767
789,2779
3638,1846
2563,2848
1010,4965
505,3878
1279,4824
751,2857
4636,4685
1329,13
361,2803
192,1730
1675,4870
542,2790
1895,4771
4443,2817
426,3883
1177,113
4425,4878
4976,5002
4083,4816
1046,4634
535,4692
1075,4675
2695,11
4805,284
1097,4792
1422,4873
2291,4892
1578,68
487,1
4812,4890
3792,4675
4490,2854
2336,4818
692,4765
2726,2818
4705,9
781,115
2091,4693
4439,4678
813,3914
25,3913
2426,4697
484,4765
88,4766
916,2838
254,4654
2107,4789
2527,4676
3517,1748
4758,2864
2828,4723
2428,4674
168,285
419,2781
3958,2795
1937,13
2258,4788
1903,2796
595,4831
485,4998
4087,4907
300,1843
1272,4687
799,113
2043,4720
779,4884
203,1748
4841,132
3159,1831
4279,1842
1125,4894
378,46
2350,4752
3605,2844
1174,1818
3416,1860
699,2768
2109,4855
3665,67
4423,2847
3919,2788
1647,2867
924,4679
2933,1735
3645,4613
1011,21
1142,4790
2077,4692
157,4907
3151,4683
2235,2855
570,2782
178,4848
1318,4760
1005,3912
3848,5064
1002,4782
412,3879
4717,4671
1256,4848
773,4930
1756,4856
870,4883
2595,4783
1132,4904
4610,2781
2458,4913
2928,4938
2216,4779
19,4676
4621,4965
4491,4918
268,56
2028,2776
3031,4686
4706,4972
3584,2846
1765,4738
4637,4901
306,2794
4601,4829
561,2821
3381,4783
4130,4787
2555,4952
2181,38
4867,4855
3403,4680
2927,4734
3311,60
3096,3
149,4831
2009,4961
4516,2774
4592,1844
126,62
3933,1861
5054,4998
1819,4250
3288,5064
1489,4265
2421,4251
3046,4668
4649,4904
3646,4968
1649,4788
3509,4760
227,4782
3351,4671
894,4768
3691,4965
2675,4870
3478,2774
1544,4791
1906,3877
1366,2768
4348,5064
2994,3879
3451,1840
3493,4890
86,5000
2645,69
1767,80
3869,4995
4125,4890
1562,1842
3750,4691
222,2671
4417,2811
2243,52
4600,4964
3459,3880
1800,114
2561,4957
2685,48
1996,2856
3204,1728
3711,4939
650,41
2340,51
3790,4915
2262,4891
915,1841
4822,58
2180,2798
1171,4251
1654,4910
1877,1833
89,4941
4261,218
3666,60
4702,1840
4364,4907
2409,2820
3146,4736
4168,2810
382,2843
4539,4858
2304,4800
2195,4905
3600,4965
1513,3913
4359,2858
643,4989
2746,3885
4571,66
3395,5018
1487,4878
583,1730
3769,4855
531,117
1803,2821
3413,2779
678,4897
3366,319
1695,4730
3359,4748
937,1835
3529,4894
3009,2854
4039,3914
4027,4965
4071,1834
1100,4797
2575,4968
1282,4782
2286,4791
479,320
2002,1737
2879,4737
4235,4749
1022,4761
3264,4771
3406,1727
3222,1816
1956,4786
1984,4940
548,2860
956,4769
2202,4996
2200,64
193,4862
2385,3886
3001,5065
849,15
4387,1827
1570,4818
773,4774
656,1731
4022,4753
2029,4634
3515,4784
4213,4799
579,51
4141,4989
1232,4879
129,4938
3692,4957
1349,2785
518,4986
4498,2827
2306,113
4377,1808
3075,4930
1668,4905
3335,2784
1257,1838
1285,3877
2082,4861
272,2789
1119,2862
604,4752
3154,1732
1162,4793
2724,2765
2741,4777
4605,4876
2567,1861
4068,4248
4080,46
1049,4931
2011,124
3128,4766
950,2796
4121,4678
2489,4876
4757,67
3442,48
4043,4884
4183,4815
3013,4672
3530,4730
627,1856
3702,4860
1265,4891
1381,1725
631,50
4895,4934
1911,4741
862,4762
2168,5074
468,1848
1616,1860
3280,4892
2458,1730
4046,1818
158,115
2739,4746
1462,1857
4366,4681
3124,2862
4459,4249
2586,4993
76,319
977,1846
1821,4900
4055,4742
3289,4937
629,4728
1613,2827
918,4693
300,4879
981,4890
546,4819
2512,63
1360,3913
658,4773
5052,2844
4273,4885
5084,2658
2939,4913
3629,1735
245,4741
3934,3505
3028,4860
3531,4696
4482,4952
3730,8
4235,1844
4745,4934
74,4892
2306,5018
380,2853
622,2844
1969,5075
3526,4872
3894,48
398,4737
4543,4749
1772,4253
1611,4818
4056,21
3142,1860
3154,5069
2197,4847
4715,4779
1475,4906
4391,4883
2612,1834
4471,2773
2602,4251
2859,3924
3725,4936
2421,4684
4095,4778
4152,4265
3842,2800
4287,11
926,4908
565,4890
881,1861
3414,55
3553,2765
2412,115
985,1831
3086,4781
3842,4951
1404,4911
4756,4892
525,4968
1596,4781
751,2788
4599,4819
2279,2851
3326,4815
4844,2862
2465,4919
4337,4903
781,4963
1699,1847
3342,50
1787,47
1312,2853
1536,5002
391,2858
4365,4872
993,2826
2265,4936
1995,4786
3728,2833
1483,4720
3850,4991
1037,5070
4459,4776
3809,4784
1500,1725
4084,4734
2746,4994
665,4789
1001,2808
2051,283
2371,4955
267,4266
984,5000
3818,3883
4354,2847
1240,5018
4561,117
1572,4954
2032,5019
2229,4720
331,1816
1657,4789
826,4691
3822,4669
3169,2658
3066,5016
4405,4250
2271,8
1884,4939
2359,4694
2000,1729
3239,2821
4293,4730
2778,4772
4647,4266
1033,114
3191,4952
3960,2847
4011,1861
4827,5077
1332,4788
1032,2794
4378,2844
3759,4961
3524,1808
1799,4787
1079,2798
2588,4993
3239,319
3097,116
3442,2847
2431,84
4005,4694
2919,4907
167,116
108,4783
3374,4991
1966,4965
3303,4993
1486,4979
4279,2781
852,4830
4587,4797
2100,4253
221,1
3864,4878
1196,5
750,4879
4254,3915
1754,2847
1063,3505
1561,4992
175,4829
817,1850
2707,2782
230,4969
473,1726
4121,4882
2859,4962
1683,1732
2192,66
1780,1728
1144,1848
1234,1862
3067,1861
3246,4759
2568,4890
4524,4885
3452,4882
1084,62
4606,4820
2497,1808
2031,4789
827,2835
2580,2813
4417,5064
774,4727
3359,4791
4716,2858
4054,1857
3663,4944
451,4891
1381,1731
4805,2851
3157,4788
3747,5004
269,2829
1071,4738
2956,2867
3435,1850
795,145
1010,4690
1479,3505
2551,4761
1539,4760
2339,4889
2142,4800
4186,1
4268,4909
3394,4958
4295,2855
3125,4264
289,15
4293,4750
1809,4888
4137,4831
3195,3877
3685,4731
1006,4937
2552,4734
4585,4672
588,4787
3612,1857
4367,3912
2136,4791
4745,4972
3460,2845
368,4683
884,4761
1792,2773
2334,2831
2494,4931
1024,2809
31,4847
2677,2787
405,62
2274,4675
1422,2857
924,4780
1946,1849
1405,4763
517,2847
2218,4880
4227,42
3187,3505
4222,4759
3786,2809
3455,4849
3542,2789
4134,4884
376,4675
2133,1855
1995,4250
1883,4678
1709,1788
1936,116
608,5065
3376,4697
3964,4780
2202,4908
496,4903
4095,4988
467,5001
2063,4824
925,4957
3471,1730
2981,2796
3171,2858
3521,4763
364,318
3171,4912
770,2767
99,1735
1046,5002
770,4676
2087,4738
4308,4880
3663,113
620,15
2737,2855
426,2768
1426,4782
747,4995
4522,4697
3193,3879
1471,4791
1499,11
4050,41
724,4911
3753,4947
2301,4954
4798,4909
916,2839
4468,4889
4268,4673
2861,5069
3267,4694
3696,4676
1398,4972
479,5070
4184,4668
2512,2658
3341,2821
2535,4761
3080,4670
2667,116
1105,4940
2252,4784
4223,1731
4591,5
281,2787
2170,4787
585,1849
4125,1851
3955,4789
1012,2800
4387,4997
3010,2810
3940,5001
2924,4687
1299,4905
2194,3877
1968,4931
4170,1734
1544,2773
1060,3886
4326,4929
4038,4693
4474,2814
3845,4250
3847,4778
3856,4786
2608,4690
2763,3885
725,2798
2623,4961
639,1734
3859,5065
4102,50
498,3884
2669,4248
3782,38
1209,4997
1643,66
4565,1788
4202,1734
1815,4733
4835,2846
1484,4952
2762,1817
1786,4264
4661,4676
1072,4800
3771,2833
3730,4902
616,4753
1060,4674
502,4732
1829,4759
2182,4861
849,2784
1531,4697
4236,2764
2075,13
4282,3914
2954,4887
2657,2823
224,4926
5033,2840
282,4787
3766,4892
1100,1847
4317,4635
1008,3877
4350,53
2609,4267
2133,4829
4802,42
1278,4682
59,132
3604,2844
994,1849
4526,1838
4155,4939
4836,4856
3327,4828
2167,2846
147,1833
551,117
2757,2858
1576,4919
528,4965
1321,2818
819,2843
2699,4887
3218,4989
995,4668
4092,320
211,4672
4410,4720
4708,4799
507,4675
3274,41
164,4907
2934,4739
2199,4772
78,4677
1413,12
914,1742
2484,4801
3006,34
1405,4799
3185,1731
5067,1857
1738,2849
3644,5004
4434,2794
2873,4887
4012,4968
2625,2776
2985,5069
395,2820
1138,4781
590,4901
2942,3913
1804,4743
1116,2812
1131,4694
1295,4673
4851,4613
4506,66
695,2837
1171,4793
2574,64
3140,2838
3853,5064
1560,2785
1720,1846
2167,4877
4134,2768
266,2857
4186,4889
2905,4797
1527,2789
2324,2787
363,4773
1934,115
3516,4957
4715,4892
1705,3881
1667,2824
2497,5074
262,4727
2561,4956
29,4248
158,4766
5053,4879
623,4847
1161,5004
1710,4253
4470,4862
3198,5019
4138,5
2340,60
2101,46
1241,4785
4142,1733
2079,2812
4623,62
24,4952
3057,1849
334,4789
3790,4771
500,4882
1937,4941
3415,3878
418,4688
1611,145
3392,2773
149,4832
5060,4776
2157,1732
1937,4830
3132,4886
2119,5075
4700,15
533,4682
1280,2794
3946,4987
4230,4856
2901,4786
2591,4736
2417,132
1438,4774
2392,2837
3364,40
3682,63
3433,5077
1234,4824
3176,4876
2893,1818
891,1848
3087,3878
1064,5074
2123,4888
3661,41
3796,1840
593,4751
3066,4693
1432,285
4277,4890
4406,4790
2385,42
4985,4748
3727,4897
3045,4857
2638,47
2940,4896
2744,4769
2547,3882
2665,115
2991,1861
4024,42
1385,1848
878,4683
4064,65
3285,4847
4026,2772
1964,1836
1914,131
3155,4760
4054,2820
1149,12
4561,4728
1704,1843
2038,4680
4594,4752
2461,2851
4362,4731
828,4941
3764,1841
237,1856
28,4952
468,4909
3152,4774
1317,4734
844,2772
880,4266
1637,4848
1986,4786
2099,1725
2124,1818
1274,4956
2597,4654
1057,2866
4019,15
3859,2786
3835,2820
1105,2851
1279,1849
4163,4858
4023,4978
4943,1850
1005,54
4442,4248
4435,1855
2966,52
3221,4847
3438,1848
2729,2844
4756,2781
4645,4761
2076,4783
1989,4793
4552,4861
1007,1831
4025,2772
917,11
2198,285
314,48
2563,4848
3209,4920
3079,4776
1247,2817
4866,2800
2269,1788
3361,5016
2205,4818
839,64
883,1862
1946,2838
3850,4761
2052,5069
2501,2841
1854,4668
2889,1725
1072,4762
276,4787
2009,4751
1291,2860
1281,2776
4463,2776
1284,4777
513,2796
192,2772
1880,5020
3958,1740
1678,4729
3964,4939
3567,2787
3195,38
4703,4753
129,3877
2139,4903
3271,133
4599,1856
1155,3878
4722,9
3489,4768
629,4679
1700,4669
5050,4248
1865,4730
1352,4739
2336,4891
969,4961
4247,4970
5036,5019
2348,1742
2036,4675
551,5004
3614,1896
2760,3924
2458,4831
995,4968
2576,2848
954,3882
4447,4963
3356,4903
239,4783
1538,1732
3782,4965
4381,4902
4076,4674
354,4733
1095,2837
1522,3
3061,1845
799,4978
3509,2798
391,2773
1343,51
4725,4668
654,4921
5043,1841
3409,4990
3756,50
10,2773
1005,40
2736,2841
3750,2796
213,4946
3471,145
4121,4695
4036,5001
609,4918
619,5020
3584,114
1061,4819
4837,4910
2486,4819
4125,4781
4074,4929
717,4904
3504,2821
4641,2838
4344,4679
4395,4267
2039,4956
1794,8
248,2843
862,124
138,4885
1989,2809
3351,4801
3985,1847
1963,5074
1659,4969
4826,4972
3824,4754
2954,4956
3362,4775
2596,4774
3667,4957
1795,4832
340,4760
522,80
232,1856
4597,4887
1966,4952
4103,5016
155,1843
2976,4971
4609,4915
1965,1725
1543,4989
1077,1843
2029,1846
2164,4954
1297,5
4866,2822
3146,4676
334,4720
4367,4761
4353,4749
4450,4961
659,4910
2647,41
2380,4946
4295,51
2292,5020
3142,4760
3953,4951
4515,2855
4497,4816
1525,1740
2255,1742
1055,1857
729,4938
3669,4884
2752,2811
2713,4830
2162,4972
2151,1857
35,1728
3041,145
1140,2823
2446,4929
1020,4692
3521,5020
1414,4891
1713,4858
4836,2847
594,4990
2932,45
665,2794
4811,4816
575,3883
4327,320
2318,4753
3742,1818
3729,2823
4559,4995
4037,4775
1945,2867
4274,4913
4651,2784
1346,4896
2097,2809
1339,4265
178,2814
3763,4267
4065,52
3430,4654
3289,4746
1622,4692
171,4849
3328,4751
2744,4828
3408,4803
2266,4886
3260,4668
347,2803
806,4885
3762,4903
666,4670
354,4940
2283,2811
3202,4815
4207,4878
3205,4674
3289,9
1046,4958
1612,1839
422,4765
4807,4730
3846,2827
2937,4735
5023,4681
1988,4754
2740,4769
4563,3877
3851,4951
2012,1742
2221,4681
732,1818
4418,4997
2511,4883
3530,4956
3093,3884
2309,41
1770,318
2289,4966
1649,285
4564,4788
2249,54
2223,4779
2428,4783
1702,4793
3218,1788
362,4951
1801,4613
933,4673
525,1748
1898,4777
4491,2865
279,4944
3043,131
4230,1725
2407,4789
2446,4947
1922,5000
1072,3615
2143,4912
2678,4783
4177,2772
1611,1846
1124,4749
1815,2658
4352,3883
2426,3883
1626,4683
4548,4249
2150,2796
655,4686
704,2846
860,2764
1549,116
3833,4904
1579,4946
1039,12
4044,1730
2582,4800
3458,2825
1790,2857
2118,5066
2897,2785
2458,1833
2328,2788
134,84
3501,4956
2745,2843
2741,2832
369,4919
918,4902
5013,2854
3146,4253
2025,4676
1330,4779
1077,4728
3686,5070
748,4776
894,4730
1719,42
4408,124
2531,4791
1744,1896
1402,4732
1680,4930
679,1849
1371,4266
3115,4692
469,4880
168,1831
4575,1
356,2784
3494,4754
2384,69
3623,283
109,4687
1408,2776
729,2835
1138,1831
1587,2860
4948,1734
2095,2866
2574,2837
699,3615
4310,1857
2620,4940
2339,2788
2869,115
1369,2845
525,2829
304,4969
4622,132
731,4678
2861,4860
5043,4876
841,1841
3112,4849
863,1844
2153,4888
2653,4751
2555,5020
4191,4799
2319,4783
1528,1833
4187,58
4596,4972
2165,4890
3614,2767
451,2786
4659,4678
3588,2853
4566,5004
4313,4248
4109,2799
3202,4894
1768,63
2319,4828
589,2854
782,2773
4525,4691
1035,4687
702,4996
1059,4878
633,1835
4000,2784
2305,4729
720,2858
3644,61
3447,4892
3008,4723
167,4760
1446,131
1864,2856
2280,2824
1372,4686
3834,4935
3558,2843
3740,2823
1079,2765
2126,4957
4157,1851
1118,283
2647,4819
760,5075
3216,2821
3349,4768
3919,4674
256,2829
699,4912
1282,2816
4031,2811
1510,4248
2150,4888
912,4792
4590,4855
87,4690
4507,4762
624,2795
3874,4733
1658,4654
79,4889
3028,4917
3067,2841
1353,4995
4612,5070
1125,45
3568,4765
2248,4916
855,2784
4413,4770
2643,4694
1419,4783
4534,2817
1772,4951
4370,2846
3243,4880
4329,45
2519,4958
4190,1856
799,115
4554,16
333,4741
1331,4965
1513,5002
4510,133
547,2823
3689,2808
4619,4815
2905,2812
461,4939
3183,4731
4623,2765
2571,3915
4432,4873
4157,4734
3299,4938
534,2833
661,4776
3572,2827
451,63
3849,1808
2647,1851
1548,3882
2255,2821
346,2765
1705,5016
3719,2825
142,2827
2186,4849
873,2772
1939,4679
5037,1732
917,4900
1486,4911
1108,4979
2133,4971
3110,4748
1494,4929
1955,4679
753,1841
4268,2856
4285,4998
4545,2773
3314,1846
3012,284
1746,4771
143,4728
453,4778
4132,4753
724,4926
1865,4668
2460,4931
3151,4971
1796,2787
2172,64
834,1839
4711,5002
3931,4674
3861,4910
449,4917
4027,4634
244,2810
3931,1742
1158,2790
2324,4930
3690,4877
4504,2768
205,4997
911,1834
887,2658
4586,4978
1530,4264
3051,4634
4083,2767
2135,4815
1370,4964
4030,4926
4161,2823
1319,4747
4411,4994
364,4860
3802,4684
4163,4782
2913,1730
3840,4897
3378,4768
1015,4720
1776,4682
4082,4249
3490,2866
325,4914
2950,4916
1406,3882
887,4780
1653,4947
2469,4996
420,5020
944,11
1527,4907
1059,4906
4612,2866
1533,5077
3113,4860
1008,2844
3000,4729
5036,4754
4822,2857
769,4969
2991,4848
4419,2843
2578,4820
3408,4747
432,4848
2450,4963
4943,3924
3927,4267
2637,218
2374,4952
329,3615
1486,2851
4106,4832
3618,4792
2602,4855
1314,46
3198,5016
4491,4902
3580,2847
523,4689
337,4678
1806,1843
43,1896
2607,1845
994,4919
2882,4695
4254,4683
2298,4785
1773,4680
2192,4820
558,40
1176,4969
3663,283
1219,4941
3256,4966
3871,1838
4135,4248
3478,4879
4794,69
3503,4989
1983,4791
4190,80
3677,4856
470,4953
172,65
3150,2768
3214,4723
370,4696
4608,4782
702,4265
4615,70
1310,4738
1664,4775
4607,4689
3718,4734
92,1896
2619,4778
3280,4896
2549,319
2450,1726
3768,4800
4381,4741
3638,4992
1313,4930
136,4718
3617,66
4744,4930
424,55
2213,3505
1285,5073
2144,5016
1356,2841
4597,4993
987,1862
4273,4671
1497,2784
1251,115
2591,2658
2048,4969
2871,4635
3037,4879
2417,5073
3855,4918
1134,2826
3279,1837
4493,3885
1057,4995
1408,5016
4535,4957
3975,2809
4370,16
3729,4693
4036,4695
3389,56
2463,4990
1703,4738
1175,4926
4590,2858
917,4634
4083,124
2910,1742
4530,4741
3301,7
624,4891
679,2789
1350,1816
3330,1849
548,116
3566,4267
1449,1837
1684,4954
2031,4749
1570,51
1977,4970
4175,4887
2418,4930
3352,2812
457,4264
139,41
2317,2843
1718,4681
100,4855
1032,4635
286,2809
544,8
3796,58
4293,4996
2613,4751
3091,4265
1366,4951
390,5074
4225,4695
4311,1835
3010,1845
3594,4912
568,4752
2103,4861
1462,2799
1166,1862
3856,4892
2791,4883
1794,55
2650,2846
2503,1726
2200,4729
539,2814
3095,4696
92,4888
4282,2840
3329,1848
1568,4763
4871,1728
3561,4673
2649,3877
1791,4718
3024,4635
2178,2851
4636,1856
4080,4686
4664,4683
2409,4742
5022,1735
3455,4991
2207,4961
2418,4249
3417,4997
3811,3914
1347,4916
813,4730
4510,5064
1384,5066
2077,56
2508,4860
1037,4907
5009,4754
2498,4989
2390,4919
4228,4691
3299,4695
3745,4784
3105,4817
3575,1839
1108,3880
740,1730
3372,4988
165,2786
4156,2854
3863,2768
1738,4817
364,2796
751,2816
3534,4248
2513,1748
4745,4791
3444,4992
2234,5064
205,4797
918,4264
4116,2824
3698,5074
1629,4889
357,4791
1100,4771
3719,4681
201,4672
4515,1836
1414,4680
874,3882
3404,2855
1412,46
2392,4900
5032,4916
341,4969
471,1844
4304,4917
3129,4682
789,1742
1469,60
3895,2846
1479,4832
471,2847
692,4790
420,2835
1825,2808
18,4888
328,4918
4289,4731
3951,3915
1496,4782
717,50
1240,1847
3504,2803
2895,4613
2583,1849
4219,4951
4087,4829
2204,284
742,320
4229,4743
1112,5
1925,3885
553,4905
716,4819
2530,4886
2035,1849
1656,4996
4661,2827
433,4654
1346,1860
1229,4672
4581,1731
210,64
4123,4634
4485,4873
3662,2864
4293,4934
1657,1862
4814,4775
649,1847
787,2776
1276,116
608,4784
2875,2795
2168,4993
3478,124
336,3885
3509,4781
4605,4720
3241,5063
2019,2818
2018,4787
2035,4819
608,4911
134,1788
4625,4830
158,1896
520,2857
118,5075
260,2796
3388,4993
4068,4761
322,4908
4594,4978
4125,2776
4159,4931
3429,4790
548,2785
1256,4890
2112,4855
212,2765
741,4830
2686,4986
3243,4741
418,3880
3654,2785
4319,2853
4090,4931
4967,4729
1751,4820
1628,3924
3344,5077
3033,4737
1900,4971
880,2808
4600,2837
440,2773
2639,4250
4016,2865
3609,2795
2133,4917
3199,4978
1988,4755
1791,4755
3204,4751
4454,63
3860,320
2021,4815
3726,4847
3550,48
429,3912
993,4775
4292,4803
3900,4947
1654,4884
1669,4676
396,4783
2569,4686
2156,2855
1262,1735
4413,53
1188,4912
844,56
247,4916
2375,4979
4011,4929
964,4940
3230,2847
250,4990
1588,1737
2842,5069
2317,3914
3857,4782
1110,4736
956,4249
3493,2851
957,4784
3605,3886
1884,4772
1517,5069
314,116
2178,4850
2733,2798
3385,115
437,4738
1251,4788
4623,4266
4352,3884
3957,1737
4144,1728
4758,5064
2232,4683
2610,4887
2595,2658
1470,4961
3494,4902
2003,48
3439,4771
1892,2831
2678,4686
2345,4912
4454,4791
3481,52
1194,3615
179,5064
1633,2776
3650,3878
2427,2798
4295,2849
4149,2811
4293,4748
1941,4995
3994,4770
1361,2787
467,1740
3728,4953
1471,4739
1182,4914
1219,4676
3474,4692
2114,5019
3821,12
2053,3615
4123,4824
2681,4773
2890,70
3857,4734
3868,1833
3159,4680
2057,2845
1030,116
2012,4673
1571,1734
2913,4935
2051,2854
1747,4855
2357,2764
149,4792
1310,5019
1384,4771
1394,13
904,3885
1698,4765
2491,5069
789,4862
581,51
4725,1834
2740,3881
138,2843
4552,4775
4950,1725
678,1851
2771,1731
3641,4766
1404,4733
3501,1839
2179,2846
3154,4250
3191,2816
379,1727
3073,3915
219,60
1165,4746
999,4962
3782,69
2544,1836
1927,4687
1769,4783
1480,1
4826,4768
1617,1728
375,2781
3146,4902
4511,4752
3954,4762
1796,4951
1354,5070
1340,2799
2199,4934
3431,4253
4327,4264
2097,4996
3974,1838
4188,4965
2514,4906
588,1857
3805,1896
2585,4818
1430,4689
4336,285
4119,2786
4067,53
653,2833
3986,4861
1496,4760
3100,84
2542,58
1175,1818
2656,4937
3065,117
1763,4858
1006,5064
2032,49
2105,1808
3486,4858
103,1839
4113,2858
4289,58
5062,2817
4298,4909
2468,4686
1443,3913
3399,4938
3888,52
99,4861
2721,4903
2222,3924
808,1840
3551,4970
423,1737
2519,4953
3965,2822
221,4914
4471,4848
972,5070
460,2808
1301,4996
3325,1740
2278,55
1614,2816
1659,4677
793,5064
1386,4994
1360,145
4365,2764
676,4680
1906,2776
4066,3883
4110,2848
1490,9
3224,5004
4339,4855
1183,62
1105,4848
1248,1857
3345,4677
1554,4685
577,4931
1382,4978
2686,4736
1683,4828
2706,4930
1647,4729
1634,4904
1581,4688
1496,1849
4552,1737
1902,283
4651,55
4149,2783
4508,4692
3041,284
4386,4879
413,4687
3517,4741
713,4903
3710,2790
1983,4957
2508,4692
5003,4817
721,5001
1753,4850
3790,4900
3730,2821
2758,4993
2649,2822
1036,2822
3075,4971
3969,5
26,69
2081,6
992,5066
3087,4937
3545,4264
4574,4250
2163,4787
3101,4669
1912,4946
4415,4787
3586,4917
1116,2857
4382,2774
3949,2843
3258,4677
2909,4759
927,4248
3823,2822
2097,1827
2504,4904
1016,65
3003,4735
2988,4695
1618,2846
1723,4779
2943,320
3936,4800
3611,4820
3618,6
2902,113
2640,3912
4069,3879
3177,2824
2544,4733
2962,58
1689,5016
3525,4783
2482,2822
240,52
4464,4788
4461,4894
1171,4938
2339,5063
3854,3881
1018,15
1160,4718
3713,4952
1376,1851
604,1860
4146,4739
1406,2816
1259,4741
3494,4988
3291,1836
436,4669
3491,8
1639,4965
4297,1835
4086,2823
3989,3915
1126,2810
4542,7
2445,5066
2020,4892
1902,1727
3294,320
3485,4829
1139,145
1185,4932
3927,1730
4660,285
461,2843
1013,2846
3100,4800
929,2855
3917,2772
1759,117
439,4696
2232,1845
3185,4815
1400,2814
2685,2812
4612,4892
3083,2820
3090,2774
1084,4939
2675,4829
3057,4906
3520,4723
1087,4997
4642,4766
4289,4782
4187,2822
2456,4784
1959,1732
3765,4791
4263,5073
473,2658
712,5020
2360,4971
1997,4265
1648,13
932,4958
4103,4855
970,4995
1588,4877
1350,69
2617,55
902,4978
1405,4830
4601,133
24,3505
1715,145
3318,4687
3636,4907
2019,4885
340,3879
2485,2820
999,318
4418,3886
2219,2854
4016,4748
4378,5016
4000,4790
4505,4880
1880,4978
3917,2840
3461,6
4589,2841
2635,4956
4134,4896
2343,2809
369,1816
4331,58
342,4850
2256,4916
1761,61
2957,2857
2910,1817
3179,4882
1935,4890
151,2809
2961,5074
1305,3883
624,4266
1281,2764
1244,2800
3400,4692
1313,4914
812,4920
4517,4250
3650,4249
2039,2817
1393,4730
1787,1896
2490,4880
2924,124
3178,4931
1640,5018
2556,38
2357,51
1134,2827
1153,116
298,4799
222,2799
4135,4780
3008,2803
1964,4921
1267,4763
3544,4910
4076,4671
3253,4938
338,4956
3072,4997
5048,4887
192,4746
4437,3505
3480,4747
2603,4908
3327,4850
429,2840
4359,70
1641,67
488,4906
4798,4680
3962,4738
3534,4635
2002,4880
3926,4964
1484,4671
1339,4778
4823,4672
823,45
3175,1832
4719,4912
1574,4613
1495,4690
3865,1726
3844,1843
712,1728
2503,45
98,4683
1612,2841
2936,1850
4244,4765
1925,4890
72,4797
2890,2839
2651,2825
236,21
1790,2817
1779,4947
5015,4799
2877,4788
2923,1827
2661,4941
4128,4940
822,9
2297,4768
4475,3915
4112,2831
4867,4870
1938,5074
1477,4672
3555,4762
1723,2851
765,2789
696,1726
3427,12
544,4751
2704,4996
4010,4944
2736,3
2519,4829
3050,1845
2526,5066
2386,4755
3534,117
4644,4760
1536,3881
3577,1896
1143,3879
3996,4760
3163,285
4551,64
2893,2658
3700,2808
4127,4905
4261,2860
3083,124
1757,4779
5038,4879
1746,4873
4321,2794
3726,4739
1359,4996
4808,4742
2488,42
2279,4937
1451,7
1601,1816
2624,2816
3290,1851
3830,2843
3128,4783
357,2808
4030,1725
199,115
726,4903
4179,2851
4616,4935
3008,3914
927,4962
2472,5019
4101,2824
3647,3882
3299,2862
1331,4956
1348,4870
4009,4686
4522,5069
1391,4768
3718,3
666,4872
1381,4793
1498,3912
1220,4729
2263,2767
661,4734
2392,2658
5013,4817
608,2824
4435,2795
641,4993
4361,2764
2459,54
3482,4952
1640,2671
1245,1832
1663,5074
3788,4768
2551,4790
2719,2789
1533,5002
2616,4741
4522,4847
1476,12
386,4962
2062,4694
4177,4915
1691,5070
1357,4728
4194,2824
3710,4692
1597,1855
4397,1851
455,1860
596,2794
3531,4858
3535,4882
1173,2764
3972,63
1200,2790
2383,2838
4586,2795
1546,2858
2573,46
2325,4695
1340,4892
930,2785
908,51
2375,1726
2320,1856
841,16
3394,1740
3312,4986
1088,63
3270,3885
106,4791
370,1726
3723,4940
2616,1844
3242,2818
4274,5069
4022,4877
3399,4250
3439,2786
4866,4978
3513,4920
1454,1831
4440,1861
2583,4738
2047,54
3863,21
1853,4849
897,4931
1288,4738
404,4917
2982,65
4875,1846
3243,4727
1664,319
755,4896
1368,2816
4128,4968
4060,4755
1456,2827
2966,1817
1390,4991
3629,4941
3049,47
4306,4847
277,4765
170,4815
727,4800
878,2798
4094,62
2541,3914
3675,4931
4473,4905
4854,2814
2920,4793
3975,131
1182,4801
3429,133
2434,124
4805,70
2153,284
1563,2864
3629,124
4418,4995
1614,1856
3126,4872
2801,1740
3771,5000
2228,4946
3702,5020
807,54
1263,4816
729,4905
3423,4671
4456,1860
3890,4727
3670,2816
4531,8
4867,4753
554,2818
2745,49
3355,4986
5068,4793
3258,4764
1598,4988
306,4797
4236,1855
3337,4830
4977,4849
1736,2820
2464,4929
1193,4910
658,2840
547,65
4550,2858
1366,4883
843,64
1368,4782
2518,4873
4543,45
3515,4267
107,4920
3059,4682
2988,4764
1650,11
1367,2823
2288,2829
3115,3884
4633,3881
3359,4673
266,67
149,2772
2032,4970
1719,5002
2049,4855
1139,4250
2034,2811
4299,2810
820,1735
4321,40
3384,4919
4360,1788
2652,4877
1425,4951
1351,5073
111,2864
572,2854
1997,2860
674,38
1807,2808
487,15
3580,4772
2157,1848
4218,1847
2059,2818
717,68
1600,4876
949,2783
4218,4862
4188,2811
3126,4971
3382,4938
680,80
2637,4907
1374,4780
2729,4768
2381,2839
1250,4915
598,1848
3483,4884
1190,3880
4456,4918
2653,2783
4973,4879
2594,4267
137,5065
673,4751
4959,4251
3342,1839
4469,4688
4460,2812
3073,4993
4493,4800
373,4910
1498,5077
4593,4873
3630,4944
3465,4789
1041,4803
1292,60
3211,4748
880,5074
3783,4994
255,4672
897,12
475,56
1110,16
3502,2765
934,2773
4287,4790
1810,2790
1967,4936
1162,4955
4369,4762
887,4731
891,4732
3654,3877
2588,2808
1337,4746
2125,4727
1705,2843
644,4265
4586,4816
1510,2784
4466,4679
4744,4873
4318,4860
3206,4738
3570,4752
340,2790
1427,4729
3232,4932
1373,2862
913,1808
4005,4727
1987,4890
4568,4672
2635,4720
3430,3879
2467,4918
3853,4739
1591,124
1143,4971
3537,4951
1406,1817
3139,4858
4591,145
3197,4742
3906,285
1546,2800
2480,285
3519,4847
1676,4792
4001,4818
3669,1860
2802,38
257,3915
2916,2846
2398,4678
2039,4723
610,4816
1876,4951
1544,2776
1380,4774
4362,1735
4440,1839
4431,2858
5053,2765
2517,3878
831,4739
3134,1843
5046,4831
1567,2847
2455,132
1709,4856
973,4676
81,4926
1668,1742
4577,49
1645,2854
1261,4774
507,3912
2223,2767
1184,4988
2036,13
2578,4832
2375,4762
397,4686
981,1788
4622,1839
2530,2764
227,4883
4386,4876
3729,1846
3097,4917
2483,4727
3076,61
3435,4682
3180,4751
895,7
3705,4947
4155,4940
3105,4680
3723,2849
4007,2864
3213,4669
4302,46
3329,3879
1910,1
4630,4831
3304,2767
3234,58
1922,4954
905,64
1177,4784
1809,2794
1434,4791
1353,4892
1029,4800
4412,2784
1983,4739
4714,4896
3487,4670
3892,1840
4066,4720
850,2829
19,319
3974,4903
2513,1788
659,4678
1874,4888
3492,2862
169,4873
764,1836
1928,4741
1640,4751
576,4828
677,4903
2677,4968
2356,2848
826,4968
1787,4817
777,4830
3875,4681
2942,2853
2987,1816
1097,4696
853,4684
1412,2817
4428,4828
3445,4920
1396,2864
3826,2841
1889,1847
4241,4971
1324,6
1337,4992
1891,4860
628,4998
2483,2764
821,12
4498,2837
4508,2790
2511,54
1013,1844
3631,4919
2301,1896
3212,4890
460,4947
4311,4738
1903,4971
4189,4727
898,3884
2491,2814
3782,2838
1488,5069
686,1847
2508,4905
1255,2831
1536,1839
1176,2833
4158,3913
1103,4789
3268,4878
3105,4772
2419,4677
2157,38
3805,4951
3257,4782
4619,52
437,1840
2647,2817
877,7
652,4670
2565,4759
3354,4742
2219,2841
4652,2824
4392,2820
2929,38
1296,2783
3133,4906
3356,4738
1912,4782
3856,4896
1379,4873
4223,4885
3709,1850
541,4783
4364,21
674,2835
2950,4678
2046,2787
1307,4687
3603,4848
4132,2789
3613,52
2938,2812
5060,2843
3204,4880
4278,2843
3308,4780
2139,4906
473,2848
3136,5002
971,4878
1132,4872
2868,4877
4470,1844
2280,2787
3990,4674
3282,4697
2506,4682
3458,1832
4259,2773
1238,4787
2449,1730
4667,4906
3292,4788
1613,4264
3205,4891
1321,1860
1246,4921
4000,5000
2651,67
4229,2856
4534,62
3627,2864
797,5
2148,4775
1433,4919
1988,4969
524,4251
504,4860
1566,131
4560,1737
2074,64
119,52
856,2818
1018,2833
899,1840
59,3881
4439,1816
982,4736
3866,4889
356,1735
891,52
684,4635
1916,4746
5084,4681
2393,4857
2308,46
1070,70
486,4766
3445,4681
4504,4675
1391,4765
2037,4266
3597,2790
2766,2837
756,4911
496,4883
2994,4766
2609,40
3071,4797
1945,4990
3722,2794
2019,4832
1803,4671
3257,3884
413,1856
1216,1841
4165,2798
616,3924
4371,4994
3566,4730
3777,5065
361,4817
4837,4635
1636,4696
1192,4785
4578,4965
570,4774
4226,1816
807,4759
337,4742
1281,4855
638,4692
3604,319
2037,4989
1499,2867
2761,1737
4027,70
1752,4803
3959,53
1520,64
1509,4762
1091,2867
4509,2840
771,80
5012,5074
4107,4775
2737,4787
3822,4970
2098,2764
2174,5001
5024,13
1759,4954
776,1727
1101,4998
1322,4728
3861,68
844,4734
1303,4847
3701,3883
4073,38
3708,1843
858,4687
1389,4897
3042,4265
3340,4800
1650,2798
3326,4919
1394,68
1441,4676
1146,2825
2606,2816
4359,2826
3838,4932
2040,4747
3079,2813
4470,4970
2678,1730
631,2800
1152,4992
4280,4957
3629,4792
3814,1731
2170,5064
4577,8
2380,1726
4923,4958
1685,4849
2157,5001
918,1834
716,4873
4893,4773
2214,4965
3379,4671
4619,318
400,2781
3761,3615
1619,4783
3155,2786
494,4736
106,1729
4809,4735
2094,4782
2096,4921
1902,2851
4874,2818
1426,2765
634,117
1964,4751
1413,4901
2382,4991
4422,1832
1586,4249
3062,4891
2078,4791
164,46
1206,4741
3738,4681
1636,4780
1089,2835
569,1845
2023,4779
2314,2824
2095,2843
3404,4930
1914,21
2372,4903
1780,4803
3889,2790
2403,4788
4236,4998
3931,4748
3621,4850
2583,116
3623,4818
134,4761
1688,4770
1173,4902
1229,4734
432,2840
2302,6
3559,4692
1128,4900
1319,53
1186,4755
4326,1735
410,4762
2869,5019
32,4910
3968,51
4032,4953
2233,4883
4365,15
4715,4765
4271,4989
372,2844
5068,4970
1988,2847
3078,4634
1535,4789
3098,2767
481,4695
963,2784
695,2857
957,54
3673,4736
1854,4831
1429,4746
3118,4879
476,4782
2627,4880
1184,4931
2974,4857
774,2767
4651,4902
3355,1725
1796,4989
3895,133
4161,4729
3155,2800
343,2812
4059,4786
649,4905
2730,4961
1376,4831
288,4932
3037,4963
3710,2782
4244,2864
351,3878
3314,4963
3590,5064
1778,4738
937,4969
208,4251
99,2854
1077,4998
1118,4772
3902,4697
640,4765
5038,4904
3556,4672
1190,2788
919,4926
1779,9
1262,1733
4667,4789
3236,2866
2916,15
871,4934
3975,4728
1676,2803
1980,4264
1173,4904
1580,1835
3839,4994
2719,4857
2724,2658
1187,2832
4180,145
3846,4847
286,5069
3721,4858
4302,4849
1354,2846
1280,2773
809,4673
4219,2822
2217,1847
3379,3877
692,5063
3658,1748
2189,1843
417,2858
3593,2809
4299,1855
4655,4958
4322,2846
2661,4754
4618,15
3900,4782
2537,4753
2328,2838
3784,4634
3575,4889
4627,4754
692,1836
2955,4964
1076,4739
3897,2847
468,2827
1981,4683
4620,4947
4279,3
2407,3615
4110,4693
532,40
1090,2808
4822,1
3227,4918
2731,3885
293,2824
3516,4997
4468,4887
2172,63
1465,2846
2453,5018
3522,4915
4508,4880
2463,4912
1389,4966
4292,45
3652,4986
599,4857
1634,4816
4210,4886
643,4886
1010,4879
1586,4760
1019,50
3736,4772
777,3882
4311,2837
1405,4759
400,4979
149,5016
780,4635
3401,1839
1174,2811
3356,4777
3742,4872
2910,1841
1582,21
4533,4774
1535,4926
1639,4931
2715,4730
661,4884
940,5019
4051,38
1220,4819
1330,4952
616,4918
2006,4886
1593,4690
4707,4766
612,285
4320,4993
3260,4786
3785,1851
2432,4736
4589,1837
656,3913
1074,5019
707,4747
1553,3924
2722,4897
1010,80
712,4883
3776,4752
4309,68
586,4916
3130,7
1563,2847
2334,1860
2712,1728
2204,4760
4018,320
2145,21
1698,2822
5006,69
3429,4972
2162,4910
264,1845
3583,1840
3322,4892
541,2795
2093,4848
605,12
1181,3885
3303,3505
3465,4774
950,4736
450,3505
1270,4917
2707,8
3196,4824
1865,2848
3074,2845
2989,4684
3910,1832
2344,5018
4498,4879
2214,1788
2674,4613
2127,131
3851,4771
2472,4692
418,4906
4704,145
77,4797
4594,9
4346,4964
1059,4944
4514,4751
4256,3880
2464,4829
4527,1841
4033,4789
746,132
5011,2790
3396,4776
1013,4828
4629,4727
3380,2795
3439,4801
196,4685
3498,4751
4303,4870
1466,4901
5057,4969
2433,5020
1525,4747
209,1818
3838,4734
3396,4671
5045,4946
2173,2789
758,4736
3183,4954
3160,1855
2996,4634
1530,1845
578,1734
1233,1839
544,4695
234,4913
3328,4988
4282,4955
4950,4817
3728,4904
1492,4779
3157,68
2556,4788
4976,4763
1865,4688
4116,4988
3207,4785
1227,4731
2912,4670
406,60
2896,5016
825,1851
2975,1855
2065,132
2132,69
1583,4751
354,4816
4127,4929
3255,4773
3219,4723
4898,3881
3494,4797
2305,4251
1494,2788
2682,4958
3275,3924
3254,4264
3462,56
3237,4987
3241,4818
1921,4682
3093,4753
4080,2809
1422,4777
2395,4790
962,16
2534,1833
2473,4763
735,4765
2110,4800
1829,2790
2117,4753
356,4817
3551,4954
1456,1788
2461,1730
1894,4855
1399,2765
4152,4885
1566,70
3288,3913
3642,1816
1501,4668
253,1737
2479,2814
3875,2856
3605,2857
4923,4903
2230,4850
3425,4934
253,4685
1631,4856
5071,4873
4288,2864
1441,1728
4805,4732
4807,5000
1703,40
1228,1846
240,1835
2513,7
4227,4749
715,4892
1287,4772
1202,4752
2310,2776
2476,2800
3408,4750
1283,2821
2326,4692
1751,4766
2672,3915
3281,1843
1944,285
3636,117
4933,3505
1556,4799
2186,1843
324,4912
1424,283
847,4775
3858,4988
1663,4857
4347,2783
2032,4760
1989,1896
2051,2789
753,2831
1300,4986
327,2658
2836,2796
1821,4733
644,4915
559,2851
1478,2849
631,4797
3547,4883
4664,2788
2392,4793
3451,2865
3244,5073
3357,4697
2563,145
4399,2796
4814,4988
3811,4687
3233,131
3650,4819
4323,2851
3611,1848
3727,4766
4642,4734
1769,5064
3627,2787
3460,4248
1359,2798
4096,40
420,4670
4307,4766
3377,4785
4509,4902
3408,6
4490,4904
3245,2837
2885,4773
2936,113
1335,4747
631,1846
1597,4682
2762,1849
2914,4778
4192,2860
1337,2765
807,4883
1423,3878
4864,5066
4512,4831
3623,4991
1417,2847
1440,4937
4566,2812
1116,4890
2166,63
1034,2857
4400,2855
1340,4773
4517,1734
553,3
2901,1731
32,4785
4059,1735
787,5004
3114,218
1570,4847
1200,4921
904,4944
3420,4697
1665,4894
4422,4773
4323,2786
4802,2781
1211,4820
1633,4856
4608,1856
4811,1727
99,2847
4353,4773
3316,5001
3097,4993
251,4267
4033,4903
2370,47
1607,49
766,2835
2347,4941
4549,3881
2717,2855
799,5000
525,4781
4633,4894
1177,4755
4167,13
5037,4965
3451,4678
1738,1817
539,4880
4327,4915
783,70
152,4792
2428,4832
2127,2832
3634,2839
2350,4944
727,2847
3145,4692
1096,4961
3156,117
104,4971
189,2772
730,4771
1002,4940
2343,2840
4101,4910
1500,3924
5012,3912
2744,2817
4869,1857
1135,4913
4852,4685
3796,4951
3508,55
1687,4830
292,5064
2598,11
1097,3880
1825,4910
478,4887
866,2817
985,4736
931,4956
3545,46
4232,4860
2869,1734
3265,4679
2126,4969
3545,4855
4428,4801
1052,113
880,2783
4231,2784
3106,1727
76,2784
3391,4878
4170,1862
2428,2773
1132,4991
2479,4797
2443,4961
3699,4940
3757,4926
4039,124
3135,4990
5056,4803
1231,4784
2482,1748
4578,4676
682,4681
1871,4750
3824,4678
644,4992
4554,2782
4365,4962
3766,4729
88,4955
2431,4751
1638,5077
4756,1831
605,1847
4865,2790
3049,4849
3456,4926
3901,4996
525,4831
1095,4669
1068,4994
3405,2796
1599,4774
1407,2790
5057,4739
1404,63
405,4828
652,4684
4606,4797
1108,3883
2089,2858
3023,3883
2177,4264
3279,2824
4071,4720
220,4909
1969,4784
324,84
353,4894
1224,4878
1356,4769
3318,4824
4714,2833
677,2833
3776,1836
1490,2832
3725,113
960,2827
3623,2814
943,4253
2072,2658
3191,4929
2582,4779
4063,1845
1724,1861
689,3877
1204,4684
2699,40
4871,4902
3264,4915
1948,4872
2176,3505
3625,4939
1182,4682
3822,2773
1106,3883
453,4830
2556,68
3546,4993
962,3913
2757,3878
2437,2865
2282,4883
824,4996
144,4860
2490,4773
1777,1731
183,4832
497,4919
599,2843
373,4775
3790,4962
4595,5074
396,4788
3121,4870
3076,133
1461,1
3947,4872
1952,4910
1699,4929
4390,4855
3739,2856
2731,4815
3071,320
540,4691
122,2809
595,4776
4976,3884
358,1843
1334,4790
396,5018
184,2822
677,3884
2589,1833
3450,5020
2019,4897
1677,5019
689,2847
1320,1737
2045,4897
2266,2774
2341,2866
4219,2827
1333,4688
3646,4901
3535,70
3939,4743
3298,4783
2123,4953
4596,2866
2348,4879
4109,4972
741,4682
1059,4886
3568,4265
3263,2832
2177,4932
2696,4873
241,4760
1132,3883
957,4248
2170,4938
5082,2867
2034,4769
822,4675
4478,218
3427,42
2287,117
1218,2827
2899,2843
3159,2839
1516,4787
1371,5066
4276,41
434,4755
2819,2832
5021,4921
2850,2821
3663,3877
3217,4689
1132,4963
3863,4979
2033,4678
3085,2765
2638,2809
1020,4736
1900,1731
4199,4265
4546,5063
1652,1850
3891,6
2567,2860
4271,84
1637,2796
4595,4689
5058,4916
2693,4728
4041,4720
816,2816
3752,4861
4319,1848
4700,4763
389,4694
3376,1742
371,2858
3332,4766
3208,4996
1927,4788
3465,4890
2733,2795
2047,38
679,4992
3822,4816
5060,4979
2761,2786
2943,4944
4454,1748
3909,2809
663,4748
4058,4816
2248,1840
5059,5
4041,64
4621,2786
2446,2814
1980,2845
4145,4682
1222,2817
3065,4728
4402,5073
264,4884
3235,2866
2056,3912
3535,5074
2177,5063
964,2658
2681,4680
410,45
569,2824
3168,67
2485,51
1454,4939
1335,1849
5046,4994
4508,3505
2325,4759
2566,4671
135,1735
2944,12
2440,4681
1751,4692
173,5074
869,4789
4368,4634
4477,5016
27,4670
3821,9
4503,2854
4426,5018
2268,4902
1972,283
4842,4831
4450,2855
4092,4882
1469,319
2673,4929
4587,320
4543,4685
592,4896
2572,4766
2460,2779
3476,2853
2369,4733
351,4771
2417,16
3861,4743
25,2825
4344,1845
430,4747
3079,5070
3034,1851
2219,4907
4195,2774
754,4962
1275,4818
364,1816
1655,1844
1702,4926
2547,2764
804,4793
3971,2833
596,4750
2591,4682
2333,4785
1129,1729
665,1842
491,4674
1086,4855
4483,1726
4716,4856
3863,4672
4810,2779
1859,285
33,2827
127,4735
3838,4685
1191,2818
4807,4916
4003,4760
2202,4952
4051,41
907,2820
5008,2794
3200,1843
1961,2844
515,4766
2869,318
3035,42
4535,21
1273,4910
3381,4997
2701,4797
3186,4734
2746,4691
4597,4857
2126,4266
1146,4897
4155,46
3068,2768
453,12
4006,4906
4417,113
1406,4872
158,4918
5035,4634
2456,4951
1512,4912
3329,4673
427,4819
4416,2779
1050,2773
3406,4689
3109,16
4406,12
1399,4669
2378,1734
4317,2837
3592,4904
2430,4799
1030,2840
674,4761
3553,4902
2674,4787
364,4746
4140,1731
4305,40
3397,2788
293,1860
191,4850
4481,4730
17,4989
1324,2810
2748,4855
2975,80
572,5000
3412,4989
2882,4992
2734,4961
665,2772
2607,2857
1745,4686
2871,2788
1379,4847
4660,4890
3713,4931
4599,4720
755,113
886,51
3169,1733
4632,1827
932,4759
2887,16
2219,4692
723,4736
3859,4778
829,2671
1532,4249
4561,2831
291,2789
4072,2862
4617,2862
4232,4770
4027,46
2893,2808
2188,2855
773,4940
4408,4910
909,4935
470,4743
2747,4734
2708,2853
3979,4728
4107,4751
1552,4920
1143,4987
4574,1816
3814,69
1711,4819
3435,4684
392,4953
799,4264
3016,4685
2656,4954
3850,4266
4043,63
2805,4988
2876,5020
1204,2827
1363,4654
1714,4858
369,4738
2986,4681
2797,1856
2628,4970
3273,4635
1886,1856
3214,2821
1287,2849
1492,2773
1312,4884
3078,4801
370,1732
695,4692
1109,4746
423,4913
2481,4685
4123,63
187,2783
1458,4693
2069,2776
3268,2848
2493,1862
895,4892
2197,4916
2672,1835
675,2658
637,285
155,2773
3009,4634
858,1728
344,70
1201,4672
4811,4764
999,4914
4012,4965
292,2860
1061,2816
3474,1842
797,2841
125,218
3950,5000
1931,3914
556,116
782,4831
2091,2846
2688,1838
3972,2800
4711,1733
488,4850
1105,2809
3589,55
1146,5074
3986,4685
3294,2817
2705,4819
4812,4916
609,1817
2611,113
269,4634
401,4801
2490,4860
2218,4783
3307,4727
1521,1816
4314,2846
3767,4815
1776,4879
1388,4669
4216,2848
2488,5066
4013,4736
3080,2809
1232,4774
3876,4969
3298,124
2414,1727
2093,4674
2530,4988
962,4776
2074,124
1303,3913
2374,4734
929,4751
2107,3879
3369,3505
2186,4957
4463,1733
1222,4815
3028,3886
443,2774
3826,4916
2999,4964
3318,4674
2650,52
897,4857
4344,4946
1159,4737
4173,132
126,1737
3235,4907
1991,4889
3556,48
3680,2822
4238,2860
2755,2837
3847,4741
1320,4732
1078,1835
3195,4777
2461,2810
4186,5074
3385,2794
635,4695
914,2786
4385,13
2695,2811
1029,5074
4417,4900
738,4727
4422,2772
1610,2808
1494,3881
4500,4946
1707,5004
2306,4849
2356,2864
2457,4939
2146,40
2870,5004
33,4891
4821,2839
3152,4733
2320,4994
2158,2843
3916,69
3031,1845
2,4675
4147,4803
3231,4962
2044,4877
978,3912
4309,1748
1616,2864
1668,2825
4571,283
1654,2840
4524,4635
1114,2810
4109,4739
189,3882
2546,218
3747,40
569,5019
3404,1835
3397,4732
4012,60
1096,4996
908,4770
2717,114
1330,47
1407,2803
3082,1836
630,4944
1501,54
32,1734
4152,4931
1651,1839
4056,13
1334,4779
4556,4919
4191,2773
3852,5065
3390,2840
5039,4849
4475,4768
4133,2783
571,46
3346,4889
368,9
476,3882
3617,2864
354,84
286,2813
3428,4944
311,4884
2013,12
3579,2856
4559,1838
3631,4753
1963,4938
604,3615
299,2814
3009,4759
4187,2773
1042,2776
873,4937
970,2767
2442,46
1351,49
2527,1855
1646,4861
3718,4750
166,2853
1950,4674
1392,61
483,3915
623,65
2216,1896
88,4781
968,4785
18,4789
1067,4786
1998,2658
210,1726
1091,4782
4242,2785
4220,4248
3734,4857
4724,4921
4293,2800
3618,3880
549,4849
2362,4694
4468,4958
2689,2856
334,4762
4389,2799
3734,4968
493,1832
3468,3882
2359,4792
4288,4695
3556,4669
1676,4674
416,2779
1455,4919
108,283
1418,5002
3590,2781
902,4957
4549,4913
565,4674
2101,4669
1479,4914
3222,4997
1500,2818
1194,4693
2376,2867
147,5004
3656,4946
2572,4907
2174,80
450,1848
4213,4953
1563,4634
3245,4993
3613,5063
666,4887
974,4932
2893,1849
2972,4938
2194,4733
3688,4253
4853,2800
1675,4978
2262,2858
466,3883
1597,2788
99,4891
2686,4940
4533,4847
2245,4746
1597,4830
1683,113
463,1856
3103,4944
355,5001
434,4766
1761,2814
4561,5070
2969,4886
1583,4817
4147,4831
4604,4964
2525,40
4579,45
691,4688
4703,4883
3566,4964
14,4941
3075,1832
211,15
4527,4776
3261,45
781,4735
4186,2822
2212,4830
3231,319
3082,4962
4362,2658
3591,1827
3690,4264
4499,2825
3177,4737
2534,2813
2093,4760
1256,3882
2163,2789
1172,4733
4327,1861
1016,13
842,4251
409,4791
2222,2827
3946,1727
3238,4772
1566,2848
2183,4920
280,4815
1231,38
247,4672
1238,1896
2622,4921
326,4634
3558,4751
1989,4905
481,4693
236,116
3050,4939
3064,2813
4023,2847
4186,2772
3718,4680
259,55
4839,3878
881,4990
3661,5063
423,4831
3295,4884
4334,4884
4373,5004
2267,4770
809,2841
159,4778
2618,2831
733,4966
4527,4696
5083,4910
657,4737
3895,52
397,4742
1682,61
3201,1788
572,4635
4227,1818
1511,4951
3001,4970
2132,1818
761,1834
2987,4776
1631,115
2149,5073
2175,46
2584,69
3253,4797
4541,11
4548,67
519,5000
2884,4779
2960,4742
2976,2848
2647,2789
813,1837
3952,41
2987,2783
2343,4934
3931,4877
4271,4764
3308,4932
2687,4728
2408,4690
356,4760
3348,5000
801,4733
1448,4816
4556,4937
4587,115
695,4754
3838,4966
1707,2832
4008,4972
3725,2799
2086,4800
4013,4987
1709,4753
3329,2790
3007,4887
4500,5019
451,4782
1247,4988
2301,1788
4072,4909
4495,56
4600,5074
3626,2823
4439,4971
1404,4937
2235,2832
2106,4734
660,3881
740,4766
1415,2772
3302,51
2056,4907
1158,4682
909,133
2083,2773
1663,4817
192,4678
1072,47
2624,4904
1519,2671
3137,1727
5009,4819
2227,4752
929,4816
855,4694
4271,1728
3946,5004
380,4828
1712,2781
2971,4266
4276,4937
2150,4685
3031,4993
3985,2810
1793,4800
2038,4951
2312,4962
475,4820
4806,4957
2061,4900
3585,2779
2174,4791
1594,5020
855,4788
1059,284
379,1730
3581,4879
2633,4774
4167,4695
547,4962
1951,285
2384,5001
3068,1834
1058,1832
1570,5077
2276,4751
1373,1727
2722,2846
3514,5000
2504,4733
4393,2854
3524,4862
4663,4761
4493,4907
2720,4886
3526,4750
571,1844
2336,4730
1154,4786
4446,4910
4432,4670
4210,2811
4217,5063
3025,4799
187,2820
917,2823
3209,4774
3117,4671
1119,3882
4338,2817
2025,4955
3713,4739
1511,4987
1386,4688
3080,2782
4813,3912
3625,4786
354,3877
3106,2862
1513,4691
1239,48
2409,3912
3171,1834
1000,2837
2155,4736
2186,1742
2068,4873
3851,2767
2035,2794
3714,4913
3585,2773
3771,4727
1682,4672
5050,4910
1089,2796
1892,4978
2472,4694
449,145
3931,4998
1554,4775
3895,4963
1488,1728
971,52
4092,46
29,5069
1638,2774
1821,56
4836,4916
1865,70
1701,1832
2665,4634
559,2779
4490,4997
4703,2824
4823,1855
3588,4819
3990,4955
3939,4897
3351,4759
1720,68
2892,3877
2652,1896
1288,4926
652,2820
1622,4743
4511,4738
178,1833
698,2860
1685,5016
778,1860
1942,2776
3966,4718
3994,218
252,61
2211,1847
2897,62
5076,318
3954,4635
3483,2765
3372,4850
4399,1725
2880,2768
3993,1742
3023,4777
811,4879
4114,2773
3932,4793
796,4824
1602,218
1119,4680
578,284
3402,1808
1557,60
496,4797
573,5077
1188,3505
2386,2823
1807,4747
3931,1733
1638,5004
3926,4956
395,13
1548,1844
3985,2790
2502,4939
4210,4920
4051,4250
1198,4940
812,4753
902,4887
2578,5020
1153,1862
3294,4996
5054,4888
2414,4872
2757,8
3890,4970
751,4972
1010,4992
653,1835
344,2867
2500,2835
2719,4946
1952,2841
1322,48
317,4937
4307,1850
3401,1737
5036,4856
841,4669
3708,4692
238,4992
3591,3914
2512,4820
853,3878
4569,2831
1228,1840
644,1857
1612,4995
2713,1847
3900,4819
486,5075
769,4972
3783,4737
1914,4858
3728,5001
3919,84
4275,4900
561,4671
2480,4732
286,4682
3794,5075
1980,4910
2416,4730
3284,5064
2208,1726
2416,2803
538,4780
4421,3881
3273,2843
4441,2795
806,2856
324,4264
3144,1857
3673,5016
3487,4986
1471,4817
500,2781
4311,4910
3442,5020
2380,1835
4451,2864
2321,4954
159,4992
2522,2764
623,4954
4229,2851
155,2839
4436,4791
4609,4857
83,4678
3168,4718
4660,63
2314,1862
929,4750
4575,4687
1946,4674
984,2862
3543,4876
3010,2776
2327,2854
446,4679
2135,4824
3975,4674
1641,4993
1188,51
1413,4752
3314,2776
502,2796
2759,5069
1017,4902
593,2849
2569,9
2939,2765
3513,4743
3554,4803
2485,4906
3330,66
1089,4679
3731,4682
4082,2773
4072,47
742,4878
2740,4912
1211,5019
4031,4946
1029,5073
4297,2774
4273,4769
1530,4770
2630,4857
2649,21
3424,1827
3908,4831
4924,2796
1081,1808
2634,2821
3387,1857
746,4817
4030,4739
3899,6
3105,4879
2416,2785
743,2814
1562,1726
1200,2671
2051,6
2436,1816
1985,61
1891,1818
3812,4769
3660,67
2290,4951
2361,4861
682,4677
3502,4970
1398,4909
2084,1832
3048,4673
1532,4906
4565,4790
99,2817
3655,2788
4976,283
4893,4972
4922,1835
537,4673
2401,4265
3459,61
2312,4828
1019,2786
814,4936
669,4901
1418,2658
1594,4978
962,114
884,4831
3164,4873
425,4732
4137,4926
1181,45
1454,117
348,2843
855,4751
823,2671
1397,2832
1852,2764
844,4905
2143,4820
3742,4772
3343,4849
1532,4735
1593,4267
4134,5063
1347,2860
483,1835
1880,4932
3700,2816
411,2858
929,1843
194,4962
3273,6
4149,45
1540,2816
4827,5070
3278,1733
4207,4739
2194,4763
1685,4957
2747,5069
4429,4635
4268,4946
3630,53
1316,1845
812,4906
3328,4904
3229,1818
832,2818
4637,1733
4047,4849
1651,4904
4024,62
4637,4850
2584,2855
5061,4870
3949,4878
4244,2847
2736,4990
396,7
1774,4792
3803,2822
4187,4742
3441,4674
3641,1851
4064,2856
1776,4908
4999,4890
274,2786
2472,4961
3052,1735
1895,4946
2481,4792
291,9
3167,4792
139,4884
2859,2837
1468,3885
3278,4803
4075,2671
5038,4994
1700,1728
2265,3882
4871,21
1527,4677
1981,285
211,2844
1867,4773
410,4759
1644,1831
1139,4964
1233,2817
3266,4673
2604,4952
2540,145
4864,4746
385,4870
4239,4883
1117,4901
4707,5019
785,5074
4233,4685
3151,1844
2742,2796
4370,4251
2645,131
3848,4777
1765,4879
3347,131
4012,3915
4287,4857
3481,2831
889,2837
2097,4880
3736,5002
3699,4670
2200,52
2372,4861
1989,2787
1869,4972
3191,4848
2570,2820
931,1857
3714,4746
27,4775
3139,2844
33,4902
787,2851
2048,4938
1156,4728
5068,9
2308,4961
467,11
2741,2776
2465,1
150,4820
3510,4793
1304,40
2769,51
1289,2862
563,4742
1327,62
3136,4888
3180,4818
2357,132
697,65
2471,1834
4420,1
1028,4801
1340,4888
5042,4832
3451,4855
4174,48
3409,124
1067,2774
3520,4816
4377,5019
754,4988
1126,4886
4476,4749
803,80
575,4990
1258,4963
3014,4613
3388,4792
1265,2854
1249,4793
2761,52
3637,4672
4463,131
2518,3505
1336,70
303,67
3937,5073
3934,4861
3202,4916
2187,2784
801,4819
326,4635
1035,4697
1907,1726
1916,4888
2134,4803
2530,2864
3455,4779
4757,2835
1124,1834
4032,4730
3978,2835
4605,1845
4867,4966
1464,4737
1724,4749
1247,4766
508,4775
1824,1827
1770,4904
2112,4731
2422,4952
3177,1839
4209,4253
1612,4954
2519,4861
4899,1844
3834,5020
2115,62
183,4675
3584,4870
2571,4955
4313,4820
1171,1837
3365,4918
2501,4253
3552,4695
4402,1729
710,4901
2598,4613
1296,1808
1186,38
4329,4674
4384,4883
1526,2810
2313,5000
3767,4918
237,1808
1981,1835
1497,4743
3098,4264
1519,4678
2622,4735
3890,4723
2861,4723
1952,4926
3171,1841
155,3913
4409,4990
267,60
2759,2776
2289,34
1661,2785
3127,5070
2895,6
978,40
3982,4887
4343,4935
1664,1847
864,4759
3257,2839
1825,4856
2479,4909
3050,4907
4197,69
2473,52
3011,4930
3223,4732
2512,2858
1123,3914
1266,4677
4822,4883
332,4818
3254,4743
1238,4264
344,13
1268,40
4231,1788
1814,4778
913,4996
3091,53
1889,2658
3720,1849
680,4676
275,4690
765,114
1967,4919
705,3885
1964,1740
4603,2860
4245,5064
73,4747
3892,4902
3599,4690
4026,2855
3500,124
3028,3505
3608,4682
2532,2816
1225,1857
3205,2853
542,117
1887,3913
599,124
4119,2795
2146,4904
3605,4994
4022,4688
4423,4882
1160,4918
3987,2831
2708,4969
4229,4693
1876,2790
1932,1726
3981,2824
1546,4832
3801,4739
3702,2782
25,4682
2134,4249
4474,2837
1937,4968
639,4786
1389,4963
342,5004
4378,4765
1532,41
2970,4988
19,4878
4898,4682
4028,2658
958,4913
3224,1848
338,4787
3062,2856
5058,1817
2681,47
499,1856
1148,1837
954,2867
3268,4896
2681,5002
2930,2784
2487,145
1418,3879
4272,131
606,1833
3568,4675
3678,2857
1798,4693
3835,3885
4173,2833
1328,4730
3202,4888
439,2765
4569,4803
1924,4253
894,4748
4542,2764
611,1730
4457,1818
1997,2808
1758,3886
1626,2786
999,4249
5034,4248
4822,2823
3683,1725
3450,4752
223,4990
4186,1742
3036,4734
3939,4995
143,4803
1639,5069
4812,4882
5010,4934
755,131
4135,4753
3690,2810
666,4751
2303,11
4513,4824
1146,2811
3399,2785
3391,2862
3055,4768
4352,1836
2377,3882
1557,41
962,4930
2548,2821
3132,5018
3592,4955
4632,4832
4083,4970
5034,4828
1785,4669
3540,4972
1214,4815
1693,4850
3860,4789
4497,4768
4168,1727
2357,4803
1392,4860
2684,66
2195,4738
3725,4775
1433,2784
1422,320
3627,2808
3475,2785
1971,2837
1260,4693
3611,4829
1599,4681
4077,4687
722,4785
3443,1838
1883,4781
1405,4887
3209,4964
1065,4818
2426,16
788,4818
3393,4768
3848,2843
2590,4824
4478,2808
4270,16
4352,4730
1685,4918
3614,4692
1705,4994
4342,3505
4594,4997
1156,1837
2279,2835
4491,4672
2703,5063
1662,2835
3431,3883
3651,4731
76,4674
2437,5066
4698,4635
354,4988
2889,3886
83,4957
3229,1748
4060,2844
2205,2772
2861,2864
1763,4766
3087,1834
587,4765
2565,4979
2990,4789
668,4749
3577,1846
534,1855
4417,65
1068,9
4342,3924
911,2841
1898,5063
4639,4681
4154,2774
121,2822
1661,3883
2089,1834
817,5077
1581,2823
2108,5019
3518,4830
267,2837
644,4831
2885,2658
1292,4771
2714,56
2627,2671
30,4885
3887,4761
305,2781
4442,2786
207,4956
3923,1861
1636,4930
4038,1850
3357,2799
3712,1896
2230,2783
3209,1818
2636,34
1109,4729
4021,4889
3823,2787
1959,4678
4313,1848
344,4954
916,2814
3636,4672
2659,4680
2880,4971
4454,4855
1752,5069
3785,4734
1056,4676
766,4760
3722,4828
2998,2809
4657,4872
1854,4762
3802,4891
153,4786
4224,5016
502,4848
4117,4905
315,1831
3235,50
896,4747
378,3505
76,4720
4599,4966
1772,4732
466,2827
1387,5075
1629,4720
2434,1831
5017,4944
2086,4936
485,2790
3703,2844
2175,16
2755,4916
1005,283
3137,15
739,3881
2145,1843
4541,1847
3574,2824
1617,4941
1939,1834
4226,1733
1800,4912
4066,2768
2332,4786
885,4916
255,1831
4370,4761
2137,4991
368,319
3007,132
1645,4903
171,4961
5030,2776
4278,4765
2274,1849
4147,2774
3228,1850
925,4729
1560,4896
378,4998
3142,58
3287,2785
3871,4897
747,4729
3323,4727
1978,4723
3107,4748
1404,4669
3110,4988
172,4250
4557,4731
4491,1725
698,4997
1604,4889
1091,4966
849,4727
336,4686
288,4672
2564,5001
4893,4829
1294,133
1535,3913
4157,2835
476,4848
3949,4857
1400,4848
3571,1732
2403,2846
4019,1838
516,13
2684,2799
256,3877
4551,1835
4495,115
2526,4914
22,4671
2735,4784
4825,2832
2859,2795
2909,4264
3001,5073
3499,4936
1656,4752
1933,5020
3513,2816
4562,41
3073,2812
1275,2846
1852,4953
3083,4947
3595,5004
1081,285
3110,4669
2476,2823
271,2837
3018,2808
2001,4693
2623,4685
4712,4958
1311,1837
2704,2810
2930,50
3899,3877
1181,2809
3790,4788
1786,51
327,2786
4590,4886
1570,218
527,2829
1422,1727
109,4770
699,4686
1588,4888
2674,47
1319,13
2441,318
219,4683
121,1748
1109,4780
955,4905
3863,2776
4834,1732
1754,4787
634,4911
2073,61
4644,2823
3840,21
1916,62
1582,5075
5038,4691
1774,68
3664,1731
1012,4993
1277,2794
4208,2785
3300,45
637,4951
3904,4932
881,4944
2109,4901
2435,4718
3430,4613
1532,2840
3169,84
3407,1836
4090,1850
2699,63
555,3615
196,4754
4942,4729
378,4829
620,2835
2727,4760
3377,4994
4217,4877
636,2862
3419,4968
953,2658
1077,4748
1942,4734
4647,67
2626,4989
4026,2785
225,4762
4722,4824
24,2779
1804,2796
3776,4780
3156,2816
3603,133
2209,9
4833,124
4481,7
4144,4783
3702,2785
936,1818
4476,1842
2886,70
3196,4669
3557,4849
2620,2858
4058,4918
2530,4894
2467,84
830,4669
4424,4937
608,1734
5030,4953
4015,1725
1239,4884
1642,283
2069,4785
3477,2796
2958,1730
3142,4912
5045,4819
2065,2831
3046,4723
1756,4991
724,4684
2597,4778
3321,80
4120,4935
2527,2867
1494,47
4805,4909
2291,4718
717,4944
1898,4815
300,3615
3252,2857
4046,5070
3053,4755
2647,2849
4356,4830
2619,2774
1506,4912
4,5020
3019,68
3677,2835
592,1732
1412,1839
4227,4939
2446,5016
839,4889
2309,2840
736,5073
177,2840
1606,4940
4476,3879
2058,2813
3001,2827
1635,3884
4380,4747
5072,62
3607,4759
2111,1816
161,2781
1941,50
3833,1833
1401,2839
1113,4778
86,4248
4491,11
707,2846
4278,4905
4617,4831
1099,4696
2387,42
2877,4911
4598,4885
841,2855
406,4953
3281,40
3842,4861
2136,4946
2906,4820
3972,4773
4019,2820
4080,66
5058,4897
2452,4683
863,4763
3409,2776
2514,4754
3955,4672
1452,2858
443,2818
4474,2768
4335,4750
648,1860
808,4878
1117,2844
4452,4681
3509,4791
106,4690
2230,4878
4836,4972
1443,16
4126,4889
1925,34
2205,3877
3594,4830
503,4965
752,4901
4342,4877
2323,3878
696,2822
3544,4688
1003,284
4533,2851
5010,4816
2656,4677
716,2833
913,4890
1799,4779
398,4905
191,21
4867,132
1425,145
3489,4820
720,4685
4114,1748
4707,1839
2720,4987
3293,4743
1947,1844
1025,4793
2735,116
3188,4885
794,1856
4854,4730
2590,1833
4577,4752
2021,4728
1445,2803
2933,4675
1471,4763
4977,2773
417,4688
1185,4265
683,2862
861,1838
1666,4696
4822,11
2119,4829
4899,132
2655,4671
3821,1856
2051,4888
94,4908
2249,1844
1879,4689
1297,2844
1108,2818
1223,4696
459,131
3998,4817
3937,1734
3801,4897
4332,2768
4146,4914
3367,3505
1793,2848
2960,4856
4044,4956
1183,4736
5038,2838
4138,4799
612,42
5015,2832
3719,2799
4525,4792
1362,4674
2308,4613
1898,4752
556,4903
205,4729
2710,15
1457,1816
4967,3877
3943,2853
4275,131
161,5020
4365,61
311,3886
2054,4748
2719,4746
1556,2800
2079,4764
2325,84
2587,2843
1163,318
1136,4799
1083,5016
3152,55
1381,4824
3359,4684
245,2787
28,2831
2649,2785
4066,4793
3014,4886
3594,4800
2217,4953
2879,4801
322,3879
799,3915
1640,4921
579,2818
1166,1846
3486,4929
836,4613
106,4966
2558,4861
1762,4769
3139,5077
3255,116
3244,3877
1690,2789
662,4676
2605,4935
466,2866
3469,2846
3327,3924
4129,2813
1087,1827
1060,4916
3857,2832
4385,1729
3005,4968
2111,4873
3072,5075
4022,4689
4094,2658
468,4861
3976,4990
4050,2812
2678,4253
189,4858
721,2788
2852,4957
312,62
3349,4729
558,5
2254,2853
4501,4992
3618,4735
4539,1740
336,4951
3331,2773
2599,1849
3495,1732
4547,3913
1000,4829
33,4764
1558,4934
1908,4965
3801,2773
4411,4735
165,2849
2129,4782
1053,1838
2385,4946
2591,4774
463,4952
1493,4917
3546,3
796,54
2125,4880
2549,4676
4148,4902
1293,4734
1268,1842
3626,4759
2085,4995
1491,5020
1589,4955
2187,4264
1792,4750
684,3884
3276,4889
3904,4748
1337,4749
2090,4917
1538,67
2442,1857
3611,3877
2221,4979
813,4873
668,5018
1106,65
2714,2831
3287,1840
2805,4693
472,2865
202,4880
4059,4754
938,4870
813,5018
5078,4730
2633,4887
3511,5070
179,4685
3114,131
3766,4789
1274,4815
2648,4777
4976,4848
3088,2768
4065,4697
2895,2658
18,2818
1647,1856
3069,1845
4206,1848
1131,2784
1038,2860
3794,1862
2167,2816
4280,4684
2361,2856
1598,4786
2195,4884
873,1735
1176,4884
75,4679
1294,2865
940,4673
2916,2843
3801,2855
1644,115
3902,1843
1599,131
445,4761
1335,4914
4057,2858
1604,4902
89,2788
967,2671
2899,4903
1922,1726
2045,3914
2609,2849
177,4696
534,2856
1300,4774
449,1788
2184,1842
513,2845
2702,1748
3076,3615
3013,4739
4550,4686
2062,4849
2999,4688
3978,4785
973,1731
4557,4792
1800,4694
2714,4253
890,61
1999,4958
936,4693
2509,4911
1057,4879
1261,2822
3659,4995
817,4761
2502,4749
2307,2781
1774,1896
1515,2833
3609,4990
3548,4670
3009,2796
3137,131
1186,4883
1958,4929
917,2839
1418,70
4416,4743
2881,4978
310,4900
1293,3912
4367,4777
882,53
448,4680
2988,284
4133,4919
1179,9
507,4989
532,4887
2869,47
1296,3615
3389,1832
1987,117
1408,4817
1043,4920
3376,4992
3597,4754
2334,1733
250,3882
3257,2658
4245,145
331,4815
3558,1840
3656,68
3865,4791
2670,4939
4529,1734
3576,4679
4704,52
4600,4785
325,2833
1802,4941
4617,1833
3344,4695
4619,61
2461,4918
1766,1748
3028,2812
2583,4801
659,4685
767,4820
2103,2808
3297,1
4652,67
1380,4896
4004,4682
3443,1855
4296,4696
844,1748
3430,1831
2042,2811
1165,4695
495,84
2301,11
1577,3914
4276,4860
3330,4815
1739,4879
5042,8
1739,1808
3170,2823
3494,41
1479,21
3118,4939
1558,34
4221,4936
3270,4946
1625,4683
118,4748
727,4886
2370,4872
853,4695
3668,4734
3987,1732
4377,4832
1373,2829
1236,4691
4393,1855
3555,1734
975,4755
1569,2782
3239,4887
613,68
3651,4857
3204,1737
4258,4670
1957,4819
2507,2817
4321,4681
1282,4889
715,3886
2806,2781
1872,4751
4281,1839
3335,4956
1072,4914
1019,2774
4302,61
3844,4733
3381,4792
4845,3
3244,5069
431,2851
1005,1808
3488,4908
2296,2808
4190,4880
1176,2838
2237,2788
416,4776
1041,1860
3739,55
855,1840
3475,2812
3347,4915
2073,50
1405,4937
845,2810
144,4962
4308,2782
2639,4764
4652,2821
177,2658
731,1835
966,1848
1499,1861
1094,4763
3789,4873
1804,2826
2179,1732
2619,4771
3358,2854
4280,1832
1597,2781
1824,4751
1240,4678
3424,2798
1629,4799
4045,2820
111,42
4508,3912
2516,38
4105,4676
2270,4773
4517,2816
3104,4681
3785,4856
1971,4673
1711,1850
82,5066
680,4780
2237,5065
634,1846
4022,4718
331,3924
2726,4824
3446,2781
1964,4919
1009,4785
2218,4764
1755,1731
89,1834
1065,13
3471,4763
4387,4729
2670,2865
2567,1839
2493,4752
3942,1733
2042,55
4390,4988
4136,4919
4138,2764
3417,4909
1949,4780
2168,4750
3045,2816
3062,2790
250,4947
3703,4792
3443,4788
1982,4774
602,2767
2586,4728
3141,2813
2642,4746
854,66
219,4829
2390,2779
3956,4820
3537,4674
4619,4737
2266,2814
3660,4887
4540,12
1162,2812
4378,2671
2259,1727
2690,4880
2468,4988
2968,4775
2605,4686
3961,2866
1824,4654
1271,4861
4332,2860
1623,2786
630,2821
1464,4728
3840,133
1945,4929
375,1836
3422,1843
4245,3884
4489,4920
1294,4860
2578,4768
3348,4790
3766,1836
2033,2795
4081,2658
99,4991
258,4695
4237,5063
3682,4931
267,1850
3195,62
2036,124
832,4720
4180,1734
1961,5074
3944,4784
1318,4783
4619,3884
359,3913
1099,42
3007,4669
2571,4913
4530,4940
1204,4760
2669,4739
831,2803
1363,3879
4202,51
4142,2854
1534,2844
3247,4669
2302,319
4437,4901
410,2855
373,4817
579,4890
1220,2785
907,4883
712,4911
3395,2776
239,2860
528,1835
2016,2816
2001,4678
3156,4857
1957,48
1165,12
2988,4251
1631,1861
4083,4901
4406,4910
3118,1734
1105,2837
1045,4682
3954,284
1087,4916
3729,4954
745,2808
558,4264
945,4904
2193,4905
3318,4781
843,4776
454,4683
3727,4862
1754,4738
1218,2784
3374,58
709,4634
784,4847
4463,5001
632,4872
4625,2825
2665,1731
3631,4768
4640,4882
969,3913
3538,4858
4871,2820
3999,5019
2985,1808
2221,4892
2046,3615
3370,46
2062,4777
2522,4966
3706,4690
909,2849
570,4789
3783,4693
3892,4940
150,4731
1648,4995
465,4768
2490,1731
4094,54
837,4910
2727,4894
183,4687
2920,4785
4199,4907
2627,4679
995,4913
1040,4743
3011,2776
1082,5016
5054,4762
3008,2773
1656,4892
2737,4768
2657,1838
3921,2785
2597,4729
2834,4957
4814,5004
3210,1742
3707,4734
4118,2844
4381,4912
479,4988
1957,4682
4346,1
1465,4952
4341,4770
2876,4918
3222,3886
4407,2862
996,4951
4511,4248
302,2817
4261,4886
910,4884
3408,4878
4071,2795
3498,4992
2071,3878
1749,4910
3856,4689
372,2841
1145,4990
654,1733
1567,2867
3938,4862
3333,4946
1218,52
1815,4674
1830,4266
1517,4965
4414,4668
4318,133
1646,4930
4241,4731
985,4727
1490,42
3003,2816
715,4939
3990,13
2741,2838
3251,4935
1147,4940
1774,4728
3951,1734
1909,2847
3209,4670
2467,4787
3127,58
4439,5063
3048,4751
888,5002
2554,4783
963,4921
2090,2827
1223,4917
473,2833
1749,2779
2188,218
2525,4905
104,21
3065,4940
2242,4695
2233,45
298,4751
3025,1827
36,12
3710,16
652,3877
2542,2787
4484,4770
3136,4968
3011,4249
4255,4968
3119,66
3502,318
667,2767
3467,319
144,4733
1285,4691
4107,4951
5005,4978
3987,4771
3951,4818
2421,2854
787,64
1434,51
290,4829
2129,4787
1738,1835
205,4728
2275,4685
920,4988
4846,5075
4999,70
1427,16
1705,4746
4541,3884
492,3615
1388,1841
1738,84
1768,4689
3822,4820
594,4968
1455,4677
3717,4873
2239,1725
732,4785
713,4673
4072,4993
548,3877
741,4728
10,4879
4480,4677
2387,1827
790,2822
3631,4676
4372,2788
3530,1731
2170,4952
2398,15
2500,4742
2040,50
4373,5019
3002,4918
768,4248
1891,4683
228,1808
1483,1850
4086,1737
682,1857
1876,1843
536,1
3990,5020
1958,4954
1226,4963
2111,1855
1442,61
3790,5075
4216,38
942,4979
2130,2853
576,7
3423,5018
1306,4683
1072,4889
1307,4904
2760,4848
3720,4762
2962,4896
2340,5020
2551,80
3618,4732
3120,4991
4464,9
2260,4916
1481,1737
511,1818
942,4685
975,4991
1045,4720
3669,4912
1619,4896
3232,4766
1582,4654
2378,1827
810,4764
1951,4897
4509,2790
1058,4861
4046,5002
1886,4789
2143,4910
1420,1843
1386,2799
647,4734
2499,5001
917,3505
4282,4720
2293,1735
1689,4918
3281,4635
4324,4958
2366,4876
2979,2860
1094,4829
3022,62
3259,4952
1356,4678
288,4743
4476,131
127,4731
4252,4788
4924,1
3585,4905
277,4938
2425,4783
951,2823
4744,4879
4577,4674
2509,2838
3717,42
1586,4931
4600,4946
2485,1
1776,5000
2407,4877
2045,2784
4708,5069
1745,4995
1875,2860
1033,5074
1391,16
4548,4897
1611,4902
2562,2811
337,4690
3967,3915
3835,1818
4565,53
2288,4676
3539,4688
3723,2857
2443,2812
921,2829
1034,1848
2943,4749
4113,2851
5081,15
4157,4249
1404,12
4460,60
3955,84
3705,3881
2751,4991
1298,2827
4959,42
3611,4910
265,4847
2963,4784
4285,4831
2902,15
3625,54
1015,2862
1980,46
3405,4746
750,4861
640,5020
346,4920
1914,4885
2640,2795
1368,1832
4031,9
1567,2821
1582,1831
3472,2786
4716,51
1944,4675
1635,4850
4591,2845
3375,4978
122,2829
546,5073
3987,2782
2008,2857
2232,4829
4599,4861
3363,4907
2016,1842
3191,66
281,4986
3030,3877
3528,1832
2896,4878
3085,4788
3232,4968
3285,4818
187,4675
4374,1845
1193,218
3108,2857
2047,4775
1888,4884
3996,4797
1509,6
5022,2851
2603,2851
3282,2788
3892,4267
579,4915
3276,4733
340,4687
1272,2816
3365,3
2118,132
676,6
3289,2783
528,4958
1178,320
3066,2774
4334,4754
4981,4803
3979,4954
4578,4749
5013,42
4109,4733
2629,4673
3955,4746
764,4697
1145,124
879,5069
2753,4697
2092,4635
2705,1737
2683,5016
4464,132
2744,2811
3145,4771
1040,3912
666,2812
2533,5016
2672,1839
695,4801
4034,2831
3111,124
579,1831
4054,4828
1994,4862
3969,1846
3425,4953
3978,4817
3371,4741
801,2832
3123,4785
122,67
2366,4904
779,66
1950,4936
2974,4779
2499,4850
3829,4746
1379,51
3592,4743
664,3884
4893,2787
488,2768
4334,61
4715,4998
2296,4969
2287,2810
2709,84
2311,4992
4,2822
3356,11
3660,2829
4431,2773
741,13
1810,58
3278,2854
3188,124
313,4878
4807,4773
1586,1727
2878,1732
4184,3883
4579,7
3818,4872
2156,3886
526,4952
263,4946
1304,2820
2583,4995
1821,4728
3117,1726
1859,4679
4285,218
3403,4720
1264,4816
4155,4801
4292,124
3466,2788
236,4768
4214,4731
3446,4987
2083,4914
2929,4886
4211,4780
666,145
3952,116
1319,4785
1048,4684
3550,2809
1363,67
127,4958
1323,4883
5045,4718
647,4803
3317,46
799,4775
3384,133
3594,2860
2990,4891
102,4780
1435,1788
1927,3880
3593,320
1203,2844
3197,4978
1934,2841
211,4900
2640,4988
3701,1860
4325,4250
1241,2772
4623,5001
4717,5000
3900,4691
3164,68
778,11
2165,4763
347,5016
2036,1730
3543,4680
4425,4668
2411,4768
568,4951
4503,4748
3216,4760
3307,4697
4284,1734
1702,2853
833,4820
3326,2671
1989,1861
1908,4792
4175,4857
4102,4267
143,5077
2908,2844
501,1730
622,2840
1235,4741
1048,67
3841,5064
2101,1860
1613,4957
174,4736
5040,2809
2107,2783
2928,4686
3617,4961
3683,133
1651,1843
4463,4885
2713,2803
2874,4969
2332,3
4315,48
1270,4964
4756,3912
4206,4995
725,4870
1525,3885
443,1731
1308,1733
1689,4989
1193,4954
917,2798
2010,53
1715,4870
4028,2826
3623,5019
3296,2867
3585,3505
1722,4873
3283,1861
3767,1731
1785,5070
619,1851
2426,68
2657,1728
1577,2867
1257,4761
3258,4917
1500,4676
4652,4769
4557,4941
1212,4989
4924,2813
1612,7
4495,67
2074,4669
467,145
3567,2794
1192,2848
1201,4930
2669,4849
227,3912
172,4671
4703,4760
1705,4991
4407,1862
143,4613
3985,4818
1387,3879
1148,5074
3992,2867
759,3877
2962,4792
4641,2798
842,4889
1538,1834
3412,4861
5017,3879
2363,4848
1603,4872
2661,65
549,4861
1246,4909
3778,4849
3795,2824
376,51
2035,1843
226,4681
4062,4265
1892,1732
2555,4876
4842,115
4001,2821
4551,1733
2193,2838
296,4913
1934,4884
2155,2841
2993,4731
1186,4763
3437,4917
3669,4858
1965,4782
4321,1851
1660,4668
3278,1848
1203,4760
4412,4750
1946,4935
2262,1857
836,52
596,4816
1460,2864
1722,4891
2804,1846
3126,1837
1596,4912
1453,67
4343,2827
5061,1734
3991,3881
2647,4675
3164,4783
3945,1855
2677,1835
4157,4911
2475,1817
4015,4986
4413,4912
4090,4921
1601,4820
1241,2864
3237,2847
107,132
1886,1728
2896,4935
1619,4789
3726,1843
2071,11
2616,4731
1419,4267
4846,6
2425,7
4468,4746
3079,2853
4291,2865
1595,4860
632,2858
1978,4946
2515,114
484,1737
3930,4916
1809,1788
575,4997
1098,4921
2024,3881
3116,4786
1887,4731
2119,4990
476,117
287,5016
2378,1725
4104,47
617,4935
1098,5000
827,218
3348,4887
1023,2855
3230,2837
3006,4962
2335,69
2690,116
1637,52
3232,1835
2393,4782
2732,2827
3472,46
2959,1808
1999,4688
227,1861
3107,4696
2018,1735
1139,1896
1145,4989
207,4886
4209,4903
1154,5000
2214,3615
3298,2849
4479,12
3929,4909
2775,4783
3422,4889
673,4896
4203,70
2039,4901
1027,2764
976,4682
719,4994
558,4766
2618,1728
4260,4783
3074,4894
1595,4908
1133,4901
241,3615
3078,4926
2287,4779
4197,4879
4028,1748
2136,45
1107,4931
1518,2862
1188,2847
2741,3884
2227,2772
3090,4683
246,4736
1032,15
881,2853
3693,2786
2692,4774
2448,2820
470,2811
4238,4760
2281,4669
1281,4678
258,3
3353,3912
2168,4682
4387,2862
5081,4828
4275,4671
740,5066
19,60
3908,1862
2059,1861
3387,5016
1519,4675
4321,4720
1634,2814
1912,4250
2677,4861
3690,4908
2960,34
4556,2840
2403,4776
3213,9
4394,4931
2956,54
1375,4961
2547,4831
3842,4732
1532,4669
245,4993
1988,2788
2699,284
4352,16
1628,1857
2047,2787
1147,4735
1954,4654
900,2772
219,1827
3294,4685
1927,4800
4292,4965
4432,1833
297,4886
800,4684
2063,4828
2514,2768
3333,4820
2063,1737
3568,1849
3978,2816
5036,2858
2185,5075
2395,3
359,1730
1310,2817
4649,1827
2911,2800
1970,4849
1217,4751
3262,1846
2007,4692
1803,1818
3542,2866
3347,4793
4187,4676
2097,4994
1642,58
2747,4953
3487,2765
969,2860
2436,4747
1107,4264
4252,4677
973,4876
1217,4920
2871,1808
899,1731
1131,4901
4703,4979
4512,1848
2008,133
1400,1818
3026,2843
1132,5
103,69
4316,3886
2286,53
1955,3878
4599,2811
474,1837
3167,4734
1264,4743
4296,46
1577,2773
3166,4770
1621,1730
4314,4963
3480,4729
309,5002
1927,4880
3183,2867
331,4786
591,4750
1662,5063
3364,4267
3393,1845
1655,1843
216,4979
4282,4750
3499,3877
4200,4790
4217,4728
3601,4747
3517,1834
43,4989
3512,4921
2551,4675
619,4961
3453,2818
1783,2671
3666,4966
2084,4886
4740,4793
1386,61
3602,4939
3106,5018
663,4761
4546,2867
333,2776
4530,2658
2390,4790
1963,2847
3939,4919
1282,4734
2692,3505
305,4970
3249,4994
4168,4776
4460,4971
1887,4894
1056,66
877,4917
2736,4778
2409,4789
763,4780
858,4988
2139,4966
448,5069
4108,1842
2057,4850
1182,4900
1891,145
2333,4954
1937,5070
807,66
1443,4847
207,56
4138,2788
3925,4992
313,5075
675,1748
744,4884
2852,4941
3900,4879
3016,4819
362,4897
1952,4957
5025,4929
1345,4961
3546,4754
4428,4987
521,15
1003,4766
1363,1808
4328,2785
785,4989
1568,4909
3244,2803
3057,117
2172,4801
1162,2772
848,2810
4740,4888
3533,4862
2230,4939
1963,2671
1403,1896
407,2789
1990,4742
139,4671
4659,7
4313,1843
2352,60
4287,4781
2063,3912
2241,4906
1554,3912
1288,69
914,4995
3482,5019
3826,1849
2760,2764
923,2808
3328,4978
1185,5073
3035,4966
4084,4971
1018,4994
3095,4782
3061,2794
1822,1727
3103,4884
1260,2774
1611,4934
2443,4941
2585,4772
1640,4267
1739,66
3167,2833
2873,1831
3790,4908
499,4677
1130,2843
4039,49
2583,5004
2222,52
2528,2814
1819,4937
1694,4635
2589,4678
2922,3915
2427,4916
2973,2803
3282,4750
4414,4872
2060,6
4580,4858
5062,4792
1644,4747
3028,3877
3287,2796
4518,4847
773,66
3758,4886
1520,5004
3645,60
295,4751
264,2818
4924,1725
4794,4832
4602,2781
954,131
1289,60
3978,4687
189,12
3175,4682
5061,4731
3488,4862
1425,2768
2532,4916
3564,3881
1785,60
1350,4691
2892,4769
405,4253
1241,4250
1145,2810
3475,4770
1299,4748
4245,5002
3252,38
2098,319
123,2818
1948,4908
3130,1734
1015,4894
172,4692
510,1850
4587,4689
4408,4946
2288,4739
1761,2779
1047,5000
4412,2851
2601,61
3154,61
3863,1842
1017,55
4070,4782
2708,12
4025,4785
4185,4676
389,4966
2047,4901
3054,4248
3656,2772
3002,4671
1813,3914
3534,2671
4501,1840
1387,4850
3826,4830
1333,4946
1673,1849
4045,4992
1612,4675
1232,3915
4415,2854
950,4855
1453,4686
4419,4736
2739,4986
119,4759
1493,4968
978,1840
1355,4987
503,2785
1356,2781
2076,4691
1889,4918
1291,318
2308,2789
3245,2831
3440,2818
2113,4900
2225,2847
3525,4761
560,2773
1570,1816
1754,45
2931,2814
4374,2846
1751,4932
3893,4820
5059,1846
1170,4930
1806,3877
4630,4908
2008,2822
770,4737
708,1808
271,4682
2934,4900
2689,1860
1642,4635
655,1735
3793,4816
776,2800
1175,2776
3242,4860
3674,13
2326,2787
3462,2866
3037,1843
3903,1860
4484,114
963,4862
1956,5019
4373,4931
2359,4995
855,4916
4701,55
992,2790
250,2820
3711,4962
593,4250
4608,4937
1918,2841
2393,2787
449,4991
4066,4954
99,2821
3658,1860
3043,4938
1033,4936
4164,4686
1038,2840
1882,4681
888,4783
3496,4253
3251,131
847,50
165,2838
1019,1855
3439,1838
3301,4855
355,2798
4095,4683
2454,1730
4314,4955
5043,48
3051,1846
1328,4790
3198,4860
1346,4771
3329,4956
1496,4887
393,4978
2629,2785
1659,2812
126,4728
3236,11
4235,4903
344,2835
3894,4930
705,4908
2448,1860
4008,4886
2480,4926
3947,41
3622,2847
3529,4917
4144,1726
4069,4787
2459,48
1156,4944
361,4681
788,4743
1278,63
1675,4987
2531,4870
3172,1816
39,4753
4023,4763
1648,4920
3020,4879
1181,1788
2,2854
437,2671
1674,4907
1875,4880
3906,11
3762,2835
839,4682
1485,4787
5042,5000
2488,2838
4959,318
4627,4830
3463,67
2082,4755
2981,4613
1139,4829
733,4671
3265,4987
4866,2826
2488,67
3510,4690
5013,4901
2537,4991
4583,2833
1103,4720
4133,1832
1073,4997
4254,4780
4810,4766
1478,2823
279,4817
1432,1841
878,1849
3151,5077
915,2865
4637,2826
4369,66
4517,2798
4387,319
1515,218
1076,2854
3064,4674
2893,318
2342,12
2222,2818
425,2822
842,3880
4579,4962
1858,4723
2200,4786
1517,131
2004,4917
3053,4752
1136,2831
4840,4775
233,2788
3063,4998
4419,5018
3948,5020
3712,4936
2805,1742
2667,2855
2210,4253
2939,1844
472,4690
2753,4944
661,4855
3806,4989
2176,1836
367,3912
655,4882
3472,1748
71,2833
1413,4253
1713,4913
4382,4774
3815,117
1593,4766
4361,3912
3724,4684
3681,113
1102,4749
3100,4739
2480,1857
2947,2773
4384,4778
1186,4953
3295,4803
964,4769
450,3878
3801,4779
3289,5073
2172,2814
2902,4694
3058,15
3489,2829
3507,4912
2204,4797
111,1731
4298,4876
1080,4901
1335,4265
392,4886
3139,4777
4019,4963
2733,4936
465,3885
2538,2813
405,4743
4275,4769
3720,4687
2877,2822
1798,4818
785,4774
2706,1730
474,4250
1898,4781
2390,5065
96,48
1246,4670
2208,62
739,4891
2329,4956
4131,4901
1434,4889
3426,1850
4280,4978
3315,4861
877,4654
732,4797
2988,4774
1345,4677
3825,4803
1609,2788
2518,4966
1884,5069
3361,320
651,70
4618,2856
3530,2853
22,4729
2374,1725
3784,1836
1768,1857
2979,4855
3350,4784
1004,4952
221,4759
2537,2821
3682,4965
4189,4965
4982,4916
2465,1731
168,4918
190,5064
2210,4746
4555,4986
176,1839
2527,4692
2899,4673
4551,3912
2477,5077
4758,2848
338,4906
947,4988
509,2781
149,1728
4118,2860
2694,5020
4079,2794
1394,16
2943,4728
2877,2840
621,4968
4131,4930
3519,114
1279,4681
4480,4921
904,2817
3477,4855
3140,5018
3608,1731
902,5069
763,2814
3771,4831
3221,5004
4027,4937
4439,132
4660,4876
158,53
4381,4819
4933,4848
1889,55
2127,1726
3328,4856
1640,117
2551,4861
3841,2820
4505,2810
4541,4791
1629,13
4560,4954
4186,4870
2398,13
3186,4855
2303,4939
3377,114
2432,4890
2,2844
2507,4997
182,4941
2806,4689
1640,4939
3365,4947
2045,2796
2561,4979
1620,2825
2895,4723
697,4680
3690,4733
2842,4755
3668,3505
2552,5001
3663,2779
3986,4736
2702,4682
2512,2768
2207,4914
776,2839
4981,4732
1267,4955
3298,64
3803,4775
1357,61
3945,1733
3576,4799
734,4941
3744,4897
3530,63
1380,113
1195,2787
4409,5004
3482,4677
2415,4966
1145,4783
5040,45
2852,4670
2030,4253
3459,4856
2696,5069
2589,4916
611,4682
2645,4764
2868,4766
1199,2827
4049,4995
2636,4900
1339,5064
4525,4681
2834,21
187,4969
2459,4886
1385,2848
2444,4961
4615,4687
1630,4687
286,4800
1424,4613
692,4675
4304,2786
2389,3881
4550,3924
3326,4785
1589,5065
3169,4681
677,116
4396,2768
618,2837
2270,2788
4014,2774
