2382,4267
4172,21
3027,4914
4413,285
1595,4792
4631,4668
983,4694
4373,4892
167,13
2875,4915
3953,52
4416,4748
3060,4736
4384,13
742,1817
4542,4906
1305,5019
538,1737
1587,4803
1364,4680
518,2764
3030,4961
3480,4778
4214,2837
1635,4920
2286,4971
1030,4969
3026,4995
2547,5020
5043,4678
5079,4778
866,5074
2918,4797
4623,3882
3385,5063
254,4773
223,2794
2714,50
2218,63
4448,4768
3058,4684
3212,4684
2734,4856
4334,2854
200,9
570,2833
3095,4954
475,2783
1033,2789
4980,2831
2664,1862
3354,117
134,5000
3459,4727
1501,4692
4528,1896
1781,4764
3266,4916
3193,4876
4724,3914
3009,4787
3788,4753
4726,114
4341,16
822,40
4146,4742
3494,4987
2792,1839
1572,64
39,4687
4258,4937
4118,1846
1868,1837
1573,4913
957,4926
2868,4994
572,284
4851,4785
3408,4759
2385,84
1245,4800
3560,4765
648,1731
4374,4791
1668,2835
925,115
4261,2829
2011,4902
103,1735
3859,2658
1443,4764
2429,4738
801,62
2478,2781
1148,4760
3526,4910
1547,113
95,1732
4087,4764
306,4856
3596,2854
1226,114
741,4953
2509,1842
4114,4764
2562,4921
4500,4741
912,4686
1265,5018
5023,131
4030,4900
3636,4910
2031,2810
3172,3883
2088,2841
1270,4894
3576,4682
3268,4266
3714,4892
3955,4669
1568,1748
2121,4790
3039,2768
141,5019
4167,2826
3300,53
1533,2862
3789,4884
4136,4848
3918,4680
503,4793
2964,4919
2932,5004
4252,4971
2692,2867
2408,2817
1711,1856
372,4766
3806,1788
424,51
3413,3913
4843,1748
2585,5019
3242,2785
4354,2809
2069,4939
505,40
3256,2784
4298,2857
1652,4972
4881,284
1138,4994
783,4921
4037,2832
3593,54
893,320
3543,4788
399,61
1276,4884
2053,1839
946,4755
4798,4965
2694,2765
2676,4850
1604,2658
3890,4267
4577,1730
1391,54
4311,4901
3186,4249
5059,3882
4556,4697
859,2864
3466,4760
4604,4654
2741,4779
19,3915
4823,2866
3888,4972
2402,4678
4004,4741
1052,2844
480,1740
768,4870
4302,4737
3479,4782
986,4677
1494,7
3372,2827
487,2865
1853,2808
450,1838
779,4908
4552,4858
3186,47
1270,5019
4034,2847
2013,52
1925,1836
3487,4773
1646,3885
4206,4966
4054,132
3149,4775
4068,2658
4126,4934
1093,4265
5049,4752
3240,4674
2884,15
861,4831
123,2835
3589,1848
4489,5020
2995,2776
264,5074
1750,3883
105,4728
1331,53
484,1856
3052,66
1988,4787
1231,2848
4106,4760
2073,4878
2043,4971
2651,4994
3412,145
3646,4679
3756,4969
4451,2853
832,1857
1302,2851
3765,4736
1198,4755
2480,2846
3292,2839
4520,1728
890,2839
1666,4736
243,1849
2748,4673
5030,1846
2938,4742
3033,3913
975,4913
2369,4671
3969,2776
764,4735
1099,4766
4354,4905
3963,4946
2899,4965
2727,132
597,3913
3456,4677
1152,5002
3324,64
2968,2849
332,4789
90,1848
2572,4994
2747,65
2138,4919
2209,4941
1521,4734
4283,2822
2355,66
2631,2789
702,4938
483,2825
722,4882
3313,4858
4646,4684
1195,4935
1286,4776
3532,283
3966,4654
2331,4914
1782,5000
4622,4789
3122,4946
2618,48
2067,1834
3492,4971
2460,4888
2018,4979
1781,4885
202,2865
2688,46
4204,4723
1246,61
720,1857
4794,4264
4959,4886
4071,1726
2006,2823
2387,2658
1703,4778
3841,7
3965,2787
4328,2844
1458,21
3973,1788
1214,4920
4663,4883
1649,2856
1283,66
111,1837
3013,4266
2678,1848
719,84
1651,2779
3242,2841
4137,2825
2265,3885
3049,4747
4095,4728
1613,4830
1949,132
2894,2818
2899,42
1306,2860
17,2853
3053,55
1190,1832
467,2854
1180,4766
920,4754
560,4671
4131,4918
727,2858
225,2862
4898,2783
2476,56
4340,4957
3250,2855
1531,42
4410,2853
161,4965
3140,4918
1544,4862
3617,4691
2605,4797
3254,3882
94,1842
1152,4919
1309,2811
3004,4689
4233,4801
4170,145
2231,2833
2381,4654
1074,4251
2669,4688
4002,2794
1575,4676
4208,4694
3261,5004
3225,4832
3697,1846
3404,4613
2504,4776
2001,4986
3693,4820
1826,4849
1173,51
150,4734
2974,1856
3140,4731
3435,4733
913,1730
3858,2790
2478,4879
1185,4873
227,4947
3133,4249
1947,4832
3017,4962
2599,2809
3078,2782
1601,4965
1761,3912
3405,114
1276,2798
4038,4824
2910,318
584,4250
3225,4956
2175,4769
2383,218
2759,2785
2556,2826
2291,1851
2441,2844
2634,5074
4554,4761
1117,4993
3904,4998
1280,4678
4364,1732
643,4787
305,2841
1948,4800
1613,9
3125,4749
3988,4816
4351,115
3330,53
4188,2857
5015,34
3233,4964
4088,1839
1792,4774
2083,4668
247,4815
1940,5064
2513,55
4393,4677
2353,4902
2079,5064
4096,5018
941,4685
2473,1857
5015,4683
4332,4686
3825,3881
4471,3883
3141,4249
1314,2764
3823,5063
3827,5069
3772,4832
3638,2827
2575,4676
4208,4819
1298,4747
3805,1818
1466,4697
3870,4876
4188,2814
294,4829
4221,3924
4043,1846
2404,13
560,283
4519,4766
2677,4682
594,4786
1574,3884
4698,4944
4477,4250
3295,4673
2879,60
4504,4968
2151,47
3835,5077
3383,1788
4563,4752
4495,2846
1198,4793
1552,4995
1681,4897
2289,84
1030,3
2577,4994
3867,4849
2068,4979
3923,4781
1186,4797
4342,66
3865,4990
3970,4870
3203,4963
3386,4955
2089,2831
785,4896
561,11
3971,116
4805,4877
1486,4749
3693,4251
3566,2810
4646,4792
3429,320
840,4966
2510,1896
2307,4686
388,318
3742,4870
4404,2796
4305,2849
3091,56
1137,2658
4270,4954
771,4668
921,4897
4618,2779
4403,4749
1291,4751
4122,48
2389,5004
1956,2818
952,1834
333,4937
4034,4752
552,4781
143,4856
1469,4936
3469,4654
4009,3880
4597,4848
2928,3886
4473,4264
1506,4773
565,1837
4802,218
1692,114
1235,2847
4639,1835
2321,4742
1910,1849
1470,1742
2582,4891
912,3912
3575,4253
1711,4789
3044,1847
188,2811
4802,1817
753,2810
454,4858
1430,4799
1912,4266
2310,4996
1699,4962
4278,4792
3968,3924
2963,4775
3849,4936
2221,47
1229,4634
289,4878
4229,4978
4001,2865
1211,2832
4480,38
790,5075
3257,4751
4406,5002
3461,2826
800,2841
3793,2858
3820,1735
2614,4901
1634,5066
4456,52
3046,52
2231,4675
2266,4831
3098,4770
5084,1856
647,5000
1278,4891
211,4991
4270,11
2988,117
4616,4728
2931,1841
1595,4938
1106,61
4342,2823
3939,4998
4417,2794
1360,5070
641,2814
4623,5073
1367,4958
1764,284
689,4947
3184,4965
2047,4786
2569,2831
3045,70
4098,1844
3835,4755
4013,2811
3922,80
4491,4919
1607,4965
315,4676
1166,4832
1350,4251
1611,16
2761,1818
1786,4856
648,4792
205,4919
3032,2866
2626,318
1471,58
4101,4654
3118,4737
625,4696
2068,2857
4511,4916
3306,2851
388,1728
4324,2784
2139,4791
1375,4935
784,3615
2284,3885
4345,4690
1076,2847
2110,4777
1073,2817
3622,1730
1651,4793
3951,114
2544,4729
2882,5019
2385,4817
3697,2822
1895,15
2433,2796
418,2844
535,3615
1937,1857
1471,4986
3676,4936
4490,2811
2517,4688
4443,4670
1676,16
4153,4884
637,1818
4705,1844
1288,4900
2941,1851
1244,50
4369,4892
4581,2827
2742,4972
3306,13
1787,1862
2123,4694
3972,218
1179,4746
918,4680
4543,1731
3905,4929
2193,4772
1763,4741
714,4738
3481,4765
4712,4824
659,2844
2054,4264
2868,2787
1331,2845
4026,4995
3845,4819
3262,4671
5040,4858
1524,4965
679,4764
4165,4993
3496,2789
4404,4688
2777,4759
2349,2849
1109,1845
1826,41
3725,4675
1362,4741
3984,4803
2686,2824
4111,4970
3788,4947
4758,4754
2034,4956
1354,4692
2873,4673
2124,4861
3178,4739
772,4766
979,4691
3966,2816
3064,49
3490,1727
1579,4872
2159,5077
2113,4904
1791,4889
4470,284
2916,319
4159,1827
2431,4897
3724,2767
1471,4968
778,2788
3108,5000
1612,2765
3792,4862
4837,70
1247,4940
3523,2824
3446,4786
745,62
2578,115
2716,4251
2558,2853
3625,4965
2079,4992
1475,2862
3429,2782
5038,2812
4481,5016
3810,1737
3815,1734
3052,4799
492,2820
4500,4265
2364,2843
2219,2798
3989,2765
2027,4685
2087,67
3527,4782
3591,4917
2576,2864
515,4993
3194,4918
473,4678
4923,70
4590,2855
4117,3
520,4969
1587,55
35,4817
3446,3615
4414,4920
4075,4848
2233,2826
5039,4731
3697,5020
1166,4894
3352,4720
3769,1849
4445,4885
2085,4979
3245,4251
3685,2841
4646,1847
5043,4931
2334,2768
596,4936
3528,3878
753,48
3237,4727
2239,2847
1049,2839
4095,124
1596,2865
4481,2774
3458,9
1325,4793
1294,4935
1573,4850
3770,2818
293,46
3354,4670
1466,4958
3743,4727
2252,4267
1311,66
378,2794
3091,3
4516,66
2662,1742
351,2781
4355,4780
198,4797
234,4746
1945,1817
938,4953
98,4266
2703,4902
4360,1725
1430,2845
311,2779
571,4969
1760,124
437,4883
2717,4849
107,42
3289,4938
535,1840
1168,4938
4442,4673
2512,62
4984,4250
3317,4989
1686,2821
2436,4685
3848,115
3825,4249
1722,4816
4711,2856
4319,4736
4398,2845
3928,4830
1140,4250
4104,54
2677,124
1259,4265
3782,319
2660,2800
4710,4820
4221,65
566,4777
4463,2856
4614,2840
517,4896
2003,4749
19,4941
5080,4694
1002,55
4581,4769
1067,51
147,1726
29,4763
3266,2800
884,55
399,4930
4505,4991
3299,2858
4804,4751
426,4908
3757,1840
579,4831
848,2774
1178,69
742,12
2101,2860
2994,4759
4187,4929
3320,4902
1938,1860
93,4939
1609,4971
597,4880
31,4958
1418,1846
587,4684
3191,4856
4841,5004
111,2832
2536,1838
4449,1846
4632,2812
1928,65
2520,4635
3343,2782
2802,4903
1141,5001
2429,2796
3663,61
4621,4957
3625,5074
1614,1731
895,67
2046,4697
742,4847
4162,68
2427,4994
323,4773
1421,4266
2594,38
323,2860
1544,2860
3415,4779
1072,4931
2495,2764
3395,4935
1802,4669
1631,1857
3989,4654
2,1840
5030,4946
3922,4761
909,4728
4467,4912
4554,1808
3220,52
2630,2814
2189,4776
4556,4956
2362,4787
751,4911
3536,2796
1937,4679
528,4681
711,4902
90,4892
2395,4998
1469,4673
519,4816
3789,4905
4714,1728
3756,4764
265,4870
3054,4872
4173,4896
1501,4763
2403,2849
954,1827
3931,2841
1296,4727
978,1735
3620,1740
2399,4249
3305,4754
4661,4913
4184,4267
5078,4673
29,2799
853,4729
382,2785
2600,4909
1179,2811
1565,2856
4620,4768
3196,4970
4144,4803
4283,51
2947,21
2995,4728
814,5004
1477,4954
4263,4799
3480,4930
2618,5073
4584,1788
1768,3879
1656,4896
883,4916
1637,4791
3713,4831
2668,4929
1666,4850
2450,3505
2970,4962
1299,1740
1037,4946
405,4741
1296,4249
3538,1832
136,68
3059,4904
4838,4772
1094,2855
1311,2855
3899,4911
2339,4779
4576,4998
3726,2860
1210,5000
3602,5075
4133,58
383,4855
3383,5069
3753,4774
3674,1836
4498,4929
781,4267
2718,2822
2894,3882
535,5073
4636,2800
1591,2795
739,4970
817,2817
689,4692
3896,2831
1915,145
1280,4965
2109,2765
2017,4988
2142,4912
1600,3913
2578,40
436,4680
3185,2798
450,283
3526,4773
1365,4883
2617,2844
4167,4750
233,4751
1765,5004
3942,2783
1064,3914
2695,5074
4132,2864
2736,4737
2919,4958
152,4952
3393,70
265,2768
1406,4997
3139,4731
676,3883
3466,4735
1445,2814
522,3505
2742,4817
485,4786
2564,4731
4823,4910
2987,4769
5028,2851
4568,5004
2320,1817
4588,4970
5041,1808
1453,3914
2162,1844
2505,4909
1779,16
345,51
277,3880
3656,63
251,4688
3119,2827
3533,4678
2410,5074
4001,2854
4945,2841
2644,5000
1630,51
3008,4900
4804,4674
1944,2774
2351,2853
3082,41
1718,4739
3943,2848
3584,2767
4121,4671
789,2779
3638,1846
1010,4965
2563,2848
505,3878
3431,3505
612,1845
4636,4685
1329,13
361,2803
192,1730
1675,4870
2912,1857
1895,4771
4443,2817
426,3883
1177,113
3308,2829
4000,2798
4083,4816
1046,4634
535,4692
1075,4675
2695,11
4805,284
2502,4762
246,1849
2291,4892
1578,68
487,1
4812,4890
3792,4675
4490,2854
674,4938
2726,2818
4705,9
781,115
1622,4956
1493,2833
4439,4678
813,3914
25,3913
2426,4697
4400,145
484,4765
916,2838
254,4654
2107,4789
949,1788
3517,1748
4758,2864
2828,4723
2309,15
168,285
419,2781
3958,2795
1937,13
4313,5066
4530,4672
595,4831
485,4998
4087,4907
300,1843
1272,4687
799,113
803,114
779,4884
4841,132
1044,4818
4201,1817
3159,1831
1125,4894
378,46
2350,4752
1174,1818
1562,4994
699,2768
3416,1860
2109,4855
3665,67
136,2844
3919,2788
1647,2867
2933,1735
3645,4613
1201,69
1523,4764
1142,4790
2077,4692
157,4907
3151,4683
2235,2855
570,2782
791,1856
677,4762
1318,4760
1005,3912
178,4848
412,3879
4717,4671
1256,4848
1365,4248
1756,4856
870,4883
2595,4783
4572,4831
1189,4997
2928,4938
2216,4779
19,4676
4621,4965
4491,4918
268,56
483,4882
3399,2783
4706,4972
3584,2846
1765,4738
4637,4901
4796,3877
4601,4829
561,2821
4130,4787
492,283
2555,4952
2181,38
4867,4855
753,2795
3403,4680
3311,60
3096,3
149,4831
2009,4961
1319,113
4592,1844
2298,4880
3933,1861
5054,4998
1819,4250
507,2779
1489,4265
2421,4251
3046,4668
4649,4904
3646,4968
1883,4771
3509,4760
3666,4951
3351,4671
894,4768
3691,4965
2675,4870
241,4829
4709,2860
3478,2774
1366,2768
4348,5064
2994,3879
5040,1851
3493,4890
86,5000
2645,69
1767,80
580,116
4125,4890
3287,4953
1562,1842
222,2671
4417,2811
2243,52
4600,4964
3459,3880
1866,4832
2561,4957
2685,48
468,2864
1996,2856
3204,1728
3711,4939
2340,51
3790,4915
572,124
915,1841
1561,4729
2180,2798
4710,4958
1171,4251
1877,1833
89,4941
4261,218
3666,60
4702,1840
4364,4907
4349,4953
2278,2864
4168,2810
382,2843
4539,4858
2304,4800
2195,4905
3600,4965
1005,4765
4359,2858
4629,6
2746,3885
4571,66
3395,5018
1487,4878
583,1730
3019,4971
1803,2821
3413,2779
1921,1808
678,4897
1695,4730
276,4669
3359,4748
937,1835
3529,4894
2043,3915
4039,3914
3009,2854
4027,4965
4071,1834
98,69
3351,4685
1282,4782
2286,4791
1100,4797
2879,4737
4235,4749
479,320
3064,4968
3406,1727
3222,1816
1956,4786
2931,2658
548,2860
956,4769
2202,4996
2200,64
1159,40
193,4862
849,15
3206,4964
4387,1827
1570,4818
656,1731
542,4738
4022,4753
1749,67
3515,4784
4213,4799
579,51
763,1726
4141,4989
1232,4879
129,4938
518,4986
4498,2827
2306,113
2,80
613,2788
2537,4992
4377,1808
1668,4905
3335,2784
1257,1838
3075,4930
1285,3877
1119,2862
3154,1732
1162,4793
2097,4799
2724,2765
2741,4777
2567,1861
3953,1740
4068,4248
4080,46
2011,124
3032,5074
4565,2779
950,2796
4121,4678
2489,4876
4757,67
3442,48
2591,4727
3013,4672
3530,4730
4183,4815
3702,4860
3150,4695
1381,1725
631,50
3211,4816
4895,4934
1911,4741
2168,5074
4665,4671
468,1848
1603,1834
3280,4892
2458,1730
4046,1818
158,115
2739,4746
4557,319
1462,1857
3124,2862
2586,4993
2680,4934
76,319
977,1846
1821,4900
3689,1817
629,4728
2552,4692
1613,2827
3289,4937
300,4879
981,4890
546,4819
2512,63
1373,4916
736,4760
5052,2844
4273,4885
5084,2658
2939,4913
3629,1735
4451,115
245,4741
4028,4992
3531,4696
4482,4952
3730,8
3934,3505
4745,4934
3989,115
380,2853
2306,5018
1969,5075
3526,4872
2904,1733
230,1827
398,4737
4543,4749
1772,4253
1611,4818
2312,1838
3154,5069
3142,1860
2197,4847
1475,4906
2331,4729
4391,4883
2612,1834
4471,2773
2602,4251
3611,1726
2421,4684
2132,4987
4095,4778
4152,4265
3842,2800
4287,11
926,4908
431,4728
565,4890
78,133
3553,2765
2412,115
985,1831
3086,4781
1404,4911
3590,4792
525,4968
1596,4781
751,2788
2111,5020
1562,1816
4599,4819
3326,4815
4844,2862
2465,4919
4337,4903
781,4963
2048,4979
4067,5002
3342,50
1312,2853
1536,5002
4565,4816
391,2858
993,2826
2265,4936
1995,4786
3728,2833
1483,4720
3311,2658
1037,5070
2458,4896
4459,4776
3809,4784
4084,4734
4838,4824
665,4789
1001,2808
2051,283
2371,4955
3460,4935
267,4266
3818,3883
5043,4913
1240,5018
4561,117
1572,4954
2229,4720
4176,4921
3352,2774
331,1816
826,4691
3822,4669
3169,2658
3066,5016
4405,4250
2271,8
396,4250
309,4674
2000,1729
3239,2821
4293,4730
2778,4772
4647,4266
4515,5063
3191,4952
2852,2822
4011,1861
4827,5077
1332,4788
1032,2794
4378,2844
4557,4987
3759,4961
1691,4906
1079,2798
2588,4993
3239,319
3097,116
1182,4787
3442,2847
2431,84
2476,3881
167,116
108,4783
3374,4991
1966,4965
3303,4993
4279,2781
4128,2823
4587,4797
2100,4253
3344,2838
221,1
875,4961
750,4879
3864,4878
1196,5
4254,3915
1754,2847
1063,3505
4814,2813
2984,47
2707,2782
230,4969
473,1726
4121,4882
2859,4962
1683,1732
1090,4938
1144,1848
1234,1862
2301,4248
3067,1861
3246,4759
2568,4890
3452,4882
1257,5070
1084,62
2497,1808
2031,4789
1322,4978
2580,2813
4417,5064
2842,4990
774,4727
3359,4791
4716,2858
4054,1857
3115,4902
3144,1732
1381,1731
4805,2851
3157,4788
3747,5004
1071,4738
3958,283
2956,2867
3435,1850
795,145
1010,4690
2652,2790
1539,4760
1278,4940
2339,4889
2142,4800
4186,1
4268,4909
3027,4891
4295,2855
2745,1735
289,15
4293,4750
1809,4888
4137,4831
3195,3877
3685,4731
5071,2767
2552,4734
4585,4672
991,4790
3612,1857
2136,4791
1085,131
4745,4972
3460,2845
368,4683
884,4761
1792,2773
225,5018
3664,4926
2494,4931
31,4847
2677,2787
2274,4675
2951,4735
1422,2857
924,4780
1946,1849
1405,4763
2023,1845
2218,4880
4227,42
3187,3505
2450,132
3786,2809
3455,4849
4416,113
4134,4884
376,4675
2935,21
2133,1855
3542,2789
1995,4250
1936,116
608,5065
3376,4697
1710,4770
2202,4908
2979,2853
4095,4988
467,5001
2063,4824
925,4957
72,4673
2981,2796
1927,4685
3171,2858
364,318
3171,4912
770,2767
0,2787
1046,5002
770,4676
2087,4738
4308,4880
3663,113
3386,2779
426,2768
3483,2809
1426,4782
747,4995
4522,4697
1065,2827
1471,4791
1499,11
4050,41
724,4911
1116,4857
2301,4954
4798,4909
2288,4683
4468,4889
4268,4673
954,4961
2861,5069
3267,4694
1398,4972
479,5070
2182,2784
2512,2658
3341,2821
2535,4761
3080,4670
291,4902
2037,4683
1105,4940
4223,1731
4591,5
281,2787
2170,4787
1560,1727
4125,1851
3955,4789
1012,2800
4387,4997
3010,2810
3225,4926
2714,2811
3940,5001
2194,3877
1968,4931
4170,1734
1544,2773
1060,3886
2096,4737
135,4787
4474,2814
3845,4250
3847,4778
3856,4786
2608,4690
1583,4913
2763,3885
725,2798
639,1734
3859,5065
2055,2831
2669,4248
3782,38
675,4695
1643,66
4565,1788
1209,4997
4202,1734
1412,4987
4159,4890
4835,2846
1484,4952
1786,4264
1072,4800
4661,4676
4810,4884
3771,2833
616,4753
1060,4674
4112,2867
1829,4759
2182,4861
849,2784
1531,4697
1288,42
1318,4761
4282,3914
2954,4887
234,1728
2657,2823
224,4926
282,4787
5033,2840
3766,4892
4317,4635
1008,3877
2202,4675
2133,4829
4802,42
742,4788
1278,4682
59,132
3604,2844
3517,4856
4526,1838
994,1849
2127,4965
3327,4828
2167,2846
147,1833
551,117
2757,2858
2096,2847
1576,4919
819,2843
3388,66
3218,4989
2699,4887
995,4668
4092,320
2212,4735
1482,4733
4708,4799
507,4675
3274,41
164,4907
2934,4739
78,4677
890,5018
1413,12
4280,4784
2484,4801
914,1742
3006,34
3185,1731
1738,2849
4236,4784
3807,4672
4434,2794
2873,4887
4012,4968
2625,2776
2985,5069
395,2820
2751,4265
1096,2785
2942,3913
1804,4743
1116,2812
1131,4694
1295,4673
4851,4613
1151,4635
4505,2779
695,2837
2574,64
3140,2838
3853,5064
1560,2785
1720,1846
1880,4992
4134,2768
266,2857
1641,1818
2905,4797
1527,2789
2324,2787
363,4773
3229,4905
2361,4728
4715,4892
1705,3881
1667,2824
2497,5074
262,4727
2561,4956
2911,4862
717,2783
5053,4879
623,4847
1161,5004
1710,4253
4470,4862
3198,5019
4424,2787
2340,60
1719,2800
1241,4785
4138,5
4142,1733
3294,124
24,4952
3057,1849
334,4789
3790,4771
500,4882
2667,80
418,4688
3662,49
1611,145
3392,2773
149,4832
5060,4776
1937,4830
3277,4997
2119,5075
2828,63
4700,15
533,4682
1280,2794
3946,4987
1076,2799
2901,4786
2591,4736
2417,132
1438,4774
3401,84
3364,40
3682,63
2509,4857
3433,5077
1234,4824
1198,5063
2893,1818
3087,3878
2123,4888
3634,4264
3661,41
3796,1840
593,4751
3138,38
1432,285
4277,4890
4406,4790
4463,4675
4985,4748
3727,4897
3045,4857
2638,47
3954,4786
2744,4769
3194,2765
2547,3882
2665,115
4024,42
2991,1861
878,4683
3285,4847
3571,115
1964,1836
1914,131
3616,4908
2965,4830
4054,2820
1149,12
4561,4728
3155,4760
2038,4680
1704,1843
1256,4732
2112,4905
2461,2851
3764,1841
237,1856
28,4952
468,4909
623,2779
3152,4774
844,2772
880,4266
1637,4848
1986,4786
1415,4998
558,4903
1274,4956
2597,4654
1057,2866
4019,15
3859,2786
2542,2831
3835,2820
4163,4858
1465,1833
4023,4978
4943,1850
1005,54
4442,4248
4435,1855
3690,2826
4550,1856
3438,1848
2729,2844
4756,2781
4645,4761
2076,4783
4552,4861
1458,4732
4025,2772
3230,318
917,11
2198,285
314,48
2563,4848
3209,4920
1301,2867
4866,2800
3487,4774
2269,1788
2205,4818
3361,5016
883,1862
3014,4267
1946,2838
3850,4761
2052,5069
2501,2841
1187,114
1072,4762
276,4787
2009,4751
4213,6
134,9
1281,2776
4463,2776
1284,4777
513,2796
192,2772
1880,5020
3958,1740
3687,6
1678,4729
2002,68
3195,38
4703,4753
129,3877
2139,4903
1318,4791
4599,1856
1155,3878
4722,9
5023,4693
2868,4880
1700,4669
5050,4248
1865,4730
1352,4739
4614,4743
969,4961
4247,4970
5036,5019
2348,1742
2036,4675
324,1851
3426,65
2760,3924
2458,4831
995,4968
2576,2848
954,3882
4447,4963
4214,4831
239,4783
1538,1732
3782,4965
3795,319
3416,4766
4076,4674
354,4733
1095,2837
928,4879
3061,1845
1522,3
1343,51
4725,4668
1933,15
799,4978
654,4921
3756,50
10,2773
4402,4732
1005,40
738,2831
2736,2841
213,4946
3471,145
4121,4695
4036,5001
2495,5065
619,5020
3584,114
1061,4819
4837,4910
1928,4829
4125,4781
4074,4929
3587,4986
3504,2821
3928,4978
4344,4679
4641,2838
2039,4956
2985,1832
248,2843
862,124
138,4885
1275,133
3351,4801
3985,1847
1963,5074
1659,4969
4826,4972
3824,4754
1812,2864
3192,41
2596,4774
4725,4987
1795,4832
3667,4957
340,4760
232,1856
4597,4887
1966,4952
4103,5016
2541,284
4609,4915
2976,4971
1965,1725
382,5069
1077,1843
3711,4892
2164,4954
2029,1846
4866,2822
3146,4676
334,4720
848,2825
4353,4749
4450,4961
659,4910
2380,4946
3097,2784
2292,5020
3142,4760
2994,5074
3953,4951
4515,2855
4367,4878
4497,4816
1525,1740
1055,1857
729,4938
3669,4884
1700,284
2713,4830
2162,4972
35,1728
1147,4857
3041,145
1140,2823
2446,4929
3548,320
950,4678
1414,4891
1713,4858
4836,2847
2370,2843
2932,45
665,2794
4244,4791
4811,4816
575,3883
4327,320
2318,4753
3729,2823
4559,4995
4037,4775
3473,4770
1595,2768
4651,2784
1346,4896
2097,2809
1339,4265
178,2814
965,3912
4065,52
4347,4832
1622,4692
3289,4746
171,4849
2744,4828
2504,4779
2266,4886
3408,4803
347,2803
3260,4668
806,4885
112,4987
2971,4772
354,4940
2283,2811
3202,4815
4207,4878
3205,4674
1262,4765
1046,4958
1612,1839
422,4765
548,1832
3846,2827
4807,4730
228,4751
2937,4735
2740,4769
576,49
3851,4951
2012,1742
2221,4681
732,1818
354,4782
4418,4997
2511,4883
3530,4956
2309,41
2289,4966
1334,2811
2926,114
4564,4788
2249,54
2223,4779
2428,4783
3218,1788
2663,1841
362,4951
1801,4613
933,4673
4340,2833
1898,4777
4491,2865
1972,4921
2701,2829
4230,1725
279,4944
2446,4947
1922,5000
3043,131
2143,4912
2678,4783
3892,4747
4177,2772
1124,4749
1611,1846
3314,2790
2426,3883
1626,4683
904,2790
655,4686
2150,2796
704,2846
860,2764
4121,4828
1549,116
1039,12
3833,4904
4044,1730
2264,4913
4440,3505
1790,2857
2118,5066
2897,2785
2458,1833
134,84
4982,3913
3501,4956
1766,4696
4347,4862
2741,2832
369,4919
918,4902
3146,4253
5013,2854
1330,4779
1077,4728
3686,5070
748,4776
2212,2825
852,1848
4408,124
2531,4791
1744,1896
1402,4732
1680,4930
2282,4856
1371,4266
4326,2808
469,4880
168,1831
4575,1
356,2784
3494,4754
2384,69
4141,4932
109,4687
1408,2776
2737,4820
1138,1831
1587,2860
4948,1734
2095,2866
4853,4998
699,3615
2620,4940
2339,2788
3726,4971
1369,2845
3096,2813
525,2829
304,4969
4622,132
731,4678
2861,4860
4220,2829
3112,4849
2153,4888
2653,4751
3403,4748
1717,1837
4191,4799
2319,4783
863,1844
1528,1833
4187,58
581,1855
2165,4890
4596,4972
3614,2767
337,2794
4566,5004
3588,2853
2479,4917
4109,2799
3202,4894
1768,63
2319,4828
589,2854
1484,4907
1035,4687
3027,5066
702,4996
1059,4878
633,1835
4000,2784
2305,4729
3644,61
1260,1818
3838,4681
3008,4723
167,4760
296,2803
1864,2856
2280,2824
1372,4686
3834,4935
3558,2843
1079,2765
3503,4751
2126,4957
4157,1851
1118,283
4185,4848
3899,4737
3216,2821
3349,4768
3919,4674
256,2829
1282,2816
4031,2811
2995,3884
1510,4248
912,4792
4590,4855
125,4763
3706,4946
4507,4762
624,2795
3874,4733
1658,4654
1013,4251
79,4889
3067,2841
1353,4995
4612,5070
1125,45
315,80
4868,1847
855,2784
4413,4770
2643,4694
1971,5066
4534,2817
1772,4951
4370,2846
3243,4880
2519,4958
4190,1856
346,4993
799,115
2045,4970
333,4741
1222,4734
1331,4965
4510,133
547,2823
3689,2808
4619,4815
2905,2812
461,4939
3331,4780
2571,3915
1461,4635
4432,4873
4157,4734
3299,4938
534,2833
661,4776
1770,4690
1062,1817
3849,1808
2647,1851
1548,3882
2255,2821
346,2765
1705,2823
3719,2825
1512,4749
2186,4849
873,2772
1939,4679
917,4900
2191,3880
1486,4911
1108,4979
2133,4971
2886,4908
3110,4748
1494,4929
753,1841
4268,2856
3507,40
4545,2773
3314,1846
3012,284
1746,4771
1063,2849
2086,1835
4132,4753
724,4926
1865,4668
2460,4931
1031,2783
1796,2787
2172,64
834,1839
4711,5002
4168,4890
3861,4910
449,4917
4027,4634
488,5069
3931,1742
1158,2790
2324,4930
4504,2768
829,5077
911,1834
2739,4965
887,2658
1530,4264
3051,4634
4586,4978
4083,2767
2209,4681
4030,4926
4161,2823
3282,4904
1319,4747
784,2808
364,4860
3802,4684
4163,4782
2913,1730
3840,4897
3370,1733
1015,4720
1776,4682
4082,4249
325,4914
275,5016
2950,4916
1406,3882
1517,4917
1653,4947
2469,4996
420,5020
944,11
148,1855
262,4938
1059,4906
1533,5077
3113,4860
1008,2844
3000,4729
5036,4754
4159,4248
238,4718
2991,4848
4419,2843
2578,4820
3408,4747
432,4848
4943,3924
946,69
2637,218
3033,4858
2374,4952
329,3615
1486,2851
4106,4832
4433,4944
3618,4792
3198,5016
2185,4780
4491,4902
3580,2847
523,4689
337,4678
1806,1843
988,4790
4532,318
994,4919
2882,4695
4254,4683
2298,4785
1773,4680
5045,1836
558,40
1176,4969
745,2843
1219,4941
3256,4966
3871,1838
4135,4248
2587,4903
4794,69
3503,4989
1983,4791
4190,80
4082,4917
172,65
71,4751
3150,2768
3214,4723
370,4696
4608,4782
702,4265
2778,4860
937,1833
1664,4775
4607,4689
3718,4734
2619,4778
92,1896
3280,4896
3407,4903
2450,1726
4381,4741
3919,2810
3638,4992
1313,4930
2151,4771
136,4718
4744,4930
424,55
2213,3505
4103,4902
2144,5016
1285,5073
1356,2841
4273,4671
3470,4769
1497,2784
4476,2798
2591,2658
2048,4969
2871,4635
3995,4937
2417,5073
3855,4918
1134,2826
3279,1837
4493,3885
3225,4696
1408,5016
2524,5065
3975,2809
4370,16
3729,4693
4036,4695
3389,56
130,3505
1703,4738
1175,4926
4590,2858
2003,4883
586,1834
2910,1742
4530,4741
3301,7
624,4891
1049,4929
1350,1816
3330,1849
548,116
3566,4267
3463,1827
1449,1837
1684,4954
2031,4749
1570,51
3951,34
1432,4988
2418,4930
457,4264
139,41
2317,2843
1718,4681
3211,4818
1032,4635
286,2809
1991,2786
3796,58
4293,4996
2613,4751
3091,4265
1366,4951
3846,4669
4156,4861
4311,1835
3010,1845
344,4912
3594,4912
568,4752
2103,4861
1166,1862
2615,116
2791,4883
3856,4892
2650,2846
1462,2799
1794,55
2503,1726
91,1730
3095,4696
92,4888
4282,2840
3329,1848
513,2787
4871,1728
4430,318
2649,3877
1791,4718
2178,2851
4636,1856
3951,5075
2724,2847
4664,4683
2409,4742
5022,1735
3455,4991
3945,2829
2418,4249
3417,4997
3811,3914
633,4870
547,1835
1347,4916
813,4730
2077,56
2508,4860
1037,4907
5009,4754
2498,4989
3370,5073
4228,4691
3299,4695
3745,4784
3105,4817
2724,4920
740,1730
957,1860
3372,4988
165,2786
3562,4677
3863,2768
1738,4817
364,2796
751,2816
3534,4248
2513,1748
841,4727
2234,5064
100,1836
205,4797
918,4264
4116,2824
1629,4889
357,4791
1480,4250
1100,4771
3719,4681
4515,1836
3809,1849
3469,4995
874,3882
3404,2855
1412,46
2392,4900
5032,4916
341,4969
1640,2813
1159,4892
3129,4682
996,2858
789,1742
1469,60
1479,4832
471,2847
692,4790
420,2835
3895,2846
18,4888
3406,13
3951,3915
1496,4782
443,3505
717,50
1240,1847
3504,2803
2583,1849
1721,4882
4193,5069
4087,4829
2204,284
742,320
4229,4743
2252,4760
148,4861
1112,5
1925,3885
2530,4886
553,4905
2035,1849
2064,4979
433,4654
1346,1860
1229,4672
4581,1731
210,64
4123,4634
2663,4879
3662,2864
554,115
1657,1862
4814,4775
649,1847
1276,116
1874,4947
2875,2795
608,4784
2168,4993
4864,4739
336,3885
3509,4781
4605,4720
3241,5063
259,1740
2035,4819
1531,46
2018,4787
134,1788
4625,4830
158,1896
520,2857
2949,1817
4973,1842
3388,4993
4068,4761
322,4908
4594,4978
1503,4963
4125,2776
4159,4931
548,2785
3151,58
2112,4855
212,2765
741,4830
2686,4986
4017,2794
418,3880
3654,2785
4090,4931
2399,4250
4967,4729
1751,4820
1628,3924
3344,5077
2351,4754
2425,1845
880,2808
4600,2837
440,2773
2639,4250
2440,4696
3609,2795
2133,4917
3199,4978
1988,4755
1791,4755
934,2846
4411,4749
3860,320
2021,4815
3726,4847
445,2765
3550,48
429,3912
993,4775
3900,4947
1669,4676
396,4783
2359,2794
4864,4723
2156,2855
1262,1735
4413,53
1188,4912
844,56
247,4916
2586,2782
3336,4989
4011,4929
964,4940
3263,4697
3230,2847
2842,5069
2317,3914
3857,4782
1110,4736
956,4249
3493,2851
1509,3913
1722,5077
1884,4772
1517,5069
314,116
2178,4850
83,1841
3385,115
437,4738
1251,4788
4623,4266
3957,1737
3007,2776
4758,5064
2737,58
2232,4683
2610,4887
2595,2658
1470,4961
3494,4902
1717,1788
1892,2831
3946,4690
2678,4686
2345,4912
4454,4791
1883,4968
1194,3615
179,5064
1633,2776
2427,2798
3741,1843
4295,2849
4293,4748
746,4908
1941,4995
3994,4770
1361,2787
842,4820
3728,4953
1471,4739
1182,4914
1219,4676
3474,4692
2466,4861
2053,3615
2218,2788
4123,4824
2681,4773
2890,70
3857,4734
3868,1833
2924,2840
2057,2845
2012,4673
1778,4873
2913,4935
1571,1734
1747,4855
2357,2764
2286,1846
1310,5019
2477,4961
1384,4771
1394,13
904,3885
2162,2840
2491,5069
789,4862
1589,4799
4725,1834
2740,3881
138,2843
4552,4775
4950,1725
2925,4265
678,1851
3641,4766
1404,4733
782,4941
3154,4250
2179,2846
5041,4921
379,1727
3073,3915
219,60
1165,4746
999,4962
2069,1843
4699,55
1927,4687
1769,4783
1480,1
4826,4768
1617,1728
4493,4911
375,2781
3954,4762
2742,4996
1796,4951
1354,5070
1340,2799
3504,4824
3431,4253
4327,4264
2097,4996
3974,1838
4188,4965
3610,4987
588,1857
3805,1896
1430,4689
2623,4783
2435,4958
4119,2786
4067,53
653,2833
3986,4861
1496,4760
3100,84
3276,4688
2656,4937
1264,4910
3065,117
1763,4858
1006,5064
4279,132
2105,1808
3486,4858
103,1839
4113,2858
4289,58
1451,2787
2468,4686
1161,4720
1443,3913
3399,4938
3888,52
99,4861
2721,4903
3153,4753
2140,4934
423,1737
3551,4970
2519,4953
3965,2822
221,4914
4471,4848
2337,4964
1301,4996
90,4958
2278,55
3325,1740
1614,2816
793,5064
1386,4994
1567,2844
4130,2781
4365,2764
676,4680
1906,2776
82,2865
4110,2848
1490,9
3224,5004
4339,4855
1183,62
338,2858
1248,1857
3345,4677
1554,4685
577,4931
1158,1896
851,4947
2686,4736
2706,4930
1647,4729
1634,4904
1107,4965
5022,4886
1496,1849
4552,1737
1902,283
4651,55
4149,2783
3041,284
413,4687
3517,4741
658,4682
1942,4670
713,4903
1983,4957
2508,4692
5003,4817
4191,1833
1753,4850
3790,4900
3730,2821
2758,4993
1036,2822
4141,2864
3837,2785
3969,5
26,69
2081,6
992,5066
3087,4937
2148,42
4574,4250
2163,4787
3101,4669
2395,2831
3593,3912
4415,4787
1116,2857
4382,2774
3949,2843
3258,4677
2909,4759
927,4248
620,4766
3823,2822
2097,1827
3565,318
1016,65
2988,4695
3003,4735
1618,2846
2096,4785
3936,4800
3611,4820
3596,5018
2902,113
2640,3912
3319,5000
4069,3879
3177,2824
2962,58
2544,4733
3525,4783
2681,1742
240,52
4464,4788
4461,4894
2580,4751
1190,4250
1171,4938
1018,15
1160,4718
3713,4952
1376,1851
604,1860
1339,117
1259,4741
3494,4988
3291,1836
3363,117
436,4669
3491,8
1639,4965
2516,2790
3989,3915
1126,2810
4542,7
1207,2789
3908,4732
2020,4892
1902,1727
3294,320
3485,4829
3736,4986
1185,4932
3927,1730
4660,285
461,2843
3100,4800
3392,2825
1214,4996
2554,2829
3917,2772
1759,117
439,4696
3185,4815
1400,2814
2685,2812
4612,4892
4128,21
3083,2820
1084,4939
2675,4829
3057,4906
3520,4723
1087,4997
653,218
644,4913
4642,4766
4187,2822
1959,1732
4289,4782
4846,1742
4263,5073
473,2658
441,1832
2360,4971
1648,13
932,4958
4103,4855
528,12
1588,4877
970,4995
1350,69
902,4978
3781,2865
2836,4799
4601,133
1715,145
3318,4687
3636,4907
992,4902
340,3879
2485,2820
999,318
2484,4817
2219,2854
4016,4748
4378,5016
4000,4790
167,4687
1880,4978
5035,1861
3461,6
4589,2841
2635,4956
4134,4896
2343,2809
369,1816
2501,2837
3747,4678
2256,4916
1761,61
2957,2857
2910,1817
3179,4882
1935,4890
4171,4743
1305,3883
2892,4654
1281,2764
624,4266
1244,2800
3380,4896
3400,4692
1313,4914
4590,4672
3650,4249
2039,2817
1393,4730
544,4695
1787,1896
2924,124
4545,4766
1640,5018
2556,38
3012,2848
1134,2827
3178,4931
2357,51
496,2821
222,2799
4135,4780
3008,2803
1964,4921
1267,4763
2187,4769
3253,4938
338,4956
3072,4997
5048,4887
377,4738
4437,3505
3480,4747
2279,41
3461,1733
3327,4850
429,2840
4359,70
1641,67
488,4906
4798,4680
1394,4762
3534,4635
2002,4880
3926,4964
119,53
1484,4671
1705,68
823,45
3175,1832
4719,4912
1574,4613
1495,4690
3228,4926
1289,5000
712,1728
2503,45
98,4683
1612,2841
2936,1850
4244,4765
4088,4887
2890,2839
4292,4884
2651,2825
236,21
2852,4828
1779,4947
5015,4799
2877,4788
2923,1827
4147,4910
4128,4940
822,9
3753,4734
4475,3915
4112,2831
4867,4870
1938,5074
1477,4672
3555,4762
1723,2851
1795,2798
3427,12
1494,4877
544,4751
2704,4996
4010,4944
2736,3
4722,7
3050,1845
2526,5066
1587,4739
3534,117
4644,4760
1536,3881
557,2858
1143,3879
3996,4760
716,4687
4551,64
2893,2658
3700,2808
4554,2768
4261,2860
3083,124
1893,2767
5038,4879
1746,4873
4321,2794
3726,4739
1359,4996
4808,4742
2223,4753
2279,4937
3735,4990
2624,2816
1601,1816
3290,1851
3830,2843
3128,4783
2666,4754
509,65
199,115
726,4903
4179,2851
4463,4882
4616,4935
3008,3914
2472,5019
4101,2824
3647,3882
3299,2862
2388,4918
4554,4849
1348,4870
4522,5069
1391,4768
826,4671
666,4872
1381,4793
3718,3
1498,3912
1220,4729
2263,2767
2335,4734
608,2824
747,4748
1326,1832
4435,2795
641,4993
4361,2764
2459,54
3482,4952
1245,1832
1663,5074
4260,4786
2551,4790
2719,2789
1533,5002
2616,4741
1997,4753
1476,12
386,4962
4177,4915
1562,4763
1691,5070
148,5016
4194,2824
3710,4692
354,4907
4397,1851
455,1860
596,2794
3531,4858
3535,4882
1173,2764
4949,4679
2383,2838
4586,2795
1656,2812
1546,2858
2573,46
1718,58
2325,4695
930,2785
908,51
2375,1726
2320,1856
3749,2810
3394,1740
3891,54
3312,4986
1088,63
5034,4765
370,1726
3723,4940
2616,1844
3242,2818
4274,5069
1495,2858
4022,4877
3012,4965
3399,4250
3513,4920
1454,1831
4440,1861
2583,4738
2047,54
4898,4876
325,4873
897,4931
1288,4738
404,4917
2982,65
4875,1846
1664,319
1379,4944
5048,2848
1368,2816
4128,4968
4060,4755
1456,2827
1941,4879
1390,4991
3629,4941
4306,4847
2523,2764
277,4765
170,4815
878,2798
4094,62
1962,4797
2541,3914
3675,4931
4473,4905
1331,2856
3975,131
1182,4801
2920,4793
3429,133
2056,2816
2153,284
1067,4765
1563,2864
3629,124
4418,4995
1614,1856
3253,4784
483,4957
3771,5000
2228,4946
3702,5020
3126,4872
4263,4872
729,4905
1263,4816
633,55
3890,4727
3423,4671
4456,1860
807,54
2933,4762
3670,2816
4531,8
2745,49
5068,4793
3258,4764
605,4737
306,4797
3337,4830
2529,4873
4977,4849
1736,2820
2464,4929
1193,4910
658,2840
2292,1728
1755,4784
1366,4883
843,64
1368,4782
2518,4873
4543,45
107,4920
2932,4946
1371,2818
2988,4764
1650,11
2475,4723
1367,2823
2288,2829
3115,3884
4633,3881
3359,4673
3017,4769
2032,4970
2049,4855
1719,5002
1139,4250
4174,2854
4299,2810
820,1735
2277,4762
3384,4919
4360,1788
2652,4877
2545,2765
1425,4951
111,2864
3634,2784
1997,2860
674,38
1807,2808
487,15
3580,4772
2157,1848
1240,2811
2283,4265
2059,2818
1600,4876
949,2783
4218,4862
4188,2811
3126,4971
4386,4955
2401,1
2637,4907
1374,4780
2729,4768
2381,2839
1250,4915
2172,62
598,1848
3931,4728
4456,4918
2653,2783
4973,4879
2594,4267
137,5065
4959,4251
2259,12
3342,1839
1515,47
4460,2812
3073,4993
4493,4800
373,4910
1498,5077
774,1734
3465,4789
4615,3885
1041,4803
1292,60
3211,4748
880,5074
3783,4994
609,4962
897,12
475,56
2130,1841
3502,2765
3060,4253
4287,4790
1810,2790
1967,4936
1162,4955
4369,4762
887,4731
1198,285
2588,2808
1337,4746
327,4931
2125,4727
1705,2843
1970,4889
4586,4816
1510,2784
4466,4679
233,4733
4744,4873
3206,4738
3024,4693
340,2790
4318,4860
3232,4932
1373,2862
913,1808
4005,4727
405,4946
1987,4890
250,4686
3430,3879
2467,4918
3853,4739
1591,124
3255,4692
3537,4951
1406,1817
4591,145
3640,4873
3197,4742
3906,285
2480,285
1964,4998
3519,4847
4001,4818
3669,1860
4566,4786
2802,38
257,3915
2398,4678
471,4772
2039,4723
610,4816
1876,4951
1544,2776
139,4777
44,2764
4440,1839
4431,2858
5053,2765
2517,3878
831,4739
1325,2826
5046,4831
2455,132
1709,4856
223,5075
973,4676
81,4926
1668,1742
4577,49
4980,4956
882,2825
507,3912
2223,2767
1184,4988
2036,13
2578,4832
397,4686
109,4879
432,1851
4622,1839
2530,2764
227,4883
4386,4876
3729,1846
3097,4917
3207,4790
1813,52
3435,4682
3180,4751
895,7
4155,4940
2233,4857
3105,4680
3723,2849
4007,2864
3213,4669
4302,46
1712,56
1279,4917
4630,4831
3304,2767
3234,58
1922,4954
905,64
1177,4784
316,4746
154,4668
1353,4892
1029,4800
4412,2784
1983,4739
4714,4896
4188,4792
3892,1840
4066,4720
102,4905
850,2829
3974,4903
2513,1788
659,4678
1874,4888
4206,4940
2304,4995
764,1836
1928,4741
1640,4751
576,4828
2677,4968
2356,2848
4122,1861
1787,4817
777,4830
213,1861
2942,2853
3875,4681
212,5074
1097,4696
853,4684
1412,2817
4428,4828
4089,5020
3445,4920
3826,2841
1338,55
4241,4971
1324,6
1337,4992
4158,4799
628,4998
1891,4860
821,12
4498,2837
1323,1862
2511,54
1013,1844
3631,4919
2301,1896
1610,2854
460,4947
1903,4971
4189,4727
3018,4820
898,3884
4321,4775
3782,2838
1488,5069
2628,4958
686,1847
1255,2831
1536,1839
1176,2833
4158,3913
3268,4878
2323,2798
2419,4677
539,4784
3105,4772
3805,4951
3257,4782
137,4849
4619,52
2647,2817
437,1840
1706,4253
2565,4759
3354,4742
2219,2841
4652,2824
4200,4761
2929,38
1296,2783
3133,4906
3356,4738
3856,4896
3061,4906
2676,114
4223,4885
3709,1850
1454,2781
4364,21
674,2835
2950,4678
2046,2787
1307,4687
3327,4878
527,1845
3603,4848
4132,2789
5060,2843
3204,4880
3613,52
2938,2812
2139,4906
4652,4676
971,4878
275,1845
2868,4877
1132,4872
4470,1844
2280,2787
932,2790
3282,4697
2506,4682
3396,4912
1238,4787
4259,2773
4667,4906
2449,1730
722,2825
3205,4891
1613,4264
1210,4749
1246,4921
4000,5000
2651,67
4229,2856
4534,62
3627,2864
2734,4668
846,4892
2148,4775
1988,4969
524,4251
504,4860
1566,131
3653,5075
119,52
818,285
856,2818
1018,2833
899,1840
59,3881
4439,1816
569,4727
165,2814
356,1735
891,52
684,4635
1916,4746
2393,4857
2308,46
305,4831
4030,4267
3260,4917
1070,70
3445,4681
4504,4675
2037,4266
2766,2837
1391,4765
756,4911
496,4883
3754,4265
2609,40
3071,4797
3722,2794
1993,34
3166,1748
2019,4832
3257,3884
413,1856
1216,1841
4165,2798
616,3924
4371,4994
391,4688
3777,5065
4427,4878
4837,4635
1636,4696
1192,4785
4578,4965
570,4774
374,319
465,4787
337,4742
1281,4855
638,4692
3604,319
2037,4989
1499,2867
1570,4832
1824,4966
1752,4803
3959,53
1520,64
863,1730
1509,4762
771,80
5012,5074
1091,2867
4107,4775
2737,4787
3598,132
2174,5001
691,4849
5024,13
1759,4954
4484,4688
1101,4998
1322,4728
3861,68
844,4734
2578,2857
3701,3883
4073,38
3708,1843
858,4687
1657,4670
3042,4265
3114,2822
1650,2798
3326,4919
997,5016
1441,4676
1394,68
2606,2816
4359,2826
3838,4932
2040,4747
3079,2813
2268,51
2678,1730
631,2800
1152,4992
731,4879
1068,4775
3814,1731
2170,5064
4577,8
2380,1726
4923,4958
3263,2787
1685,4849
918,1834
716,4873
4893,4773
3752,5069
4619,318
400,2781
1365,8
3761,3615
1619,4783
1089,4936
494,4736
106,1729
4809,4735
2094,4782
2096,4921
4867,4996
786,4919
1426,2765
634,117
1964,4751
1413,4901
2382,4991
3320,1788
4422,1832
4423,4909
2078,4791
164,46
1206,4741
3738,4681
1636,4780
569,1845
3969,4990
2347,2765
2314,2824
2095,2843
3404,4930
1914,21
2372,4903
1780,4803
1167,1827
2403,4788
4236,4998
2122,1817
3931,4748
2583,116
2326,1833
134,4761
1688,4770
1173,4902
1284,4916
432,2840
2302,6
3559,4692
1128,4900
1319,53
2738,2658
3243,4936
410,4762
32,4910
2869,5019
3968,51
4032,4953
3003,4774
2233,4883
4271,4989
372,2844
2164,1832
5068,4970
3078,4634
1535,4789
3098,2767
1051,4961
963,2784
2444,4934
695,2857
957,54
526,1729
1854,4831
1429,4746
3118,4879
476,4782
2627,4880
1184,4931
3176,218
800,4759
4651,4902
1796,4989
3355,1725
3895,133
4161,4729
3155,2800
277,4764
649,4905
1294,4678
2730,4961
1376,4831
288,4932
1499,2847
3037,4963
4244,2864
351,3878
3314,4963
3590,5064
1908,2814
208,4251
3986,4902
99,2854
1077,4998
1118,4772
75,2860
640,4765
5038,4904
3556,4672
4804,5066
919,4926
1779,9
1262,1733
4667,4789
3236,2866
4663,1725
3975,4728
4808,1855
1980,4264
1676,2803
1173,4904
3669,1808
1580,1835
3624,4785
2724,2658
3839,4994
4180,145
3846,4847
286,5069
3874,2832
4302,4849
1354,2846
809,4673
3068,4675
2217,1847
3379,3877
4219,2822
692,5063
3101,4888
2189,1843
417,2858
4299,1855
2157,2788
4322,2846
4655,4958
820,1728
4618,15
3900,4782
2328,2838
3304,4880
3784,4634
3575,4889
4627,4754
692,1836
2955,4964
3727,2816
1450,4857
468,2827
1981,4683
4620,4947
4279,3
2407,3615
4110,4693
227,4935
2256,115
4822,1
4473,2844
2731,3885
3227,4918
293,2824
328,4771
4468,4887
1465,2846
2453,5018
2172,63
4508,4880
1596,4264
1389,4966
4292,45
3652,4986
599,4857
1634,4816
4349,61
643,4886
1713,4746
1010,4879
1019,50
3736,4772
777,3882
4311,2837
400,4979
2756,5002
1224,4951
780,4635
3401,1839
1174,2811
3742,4872
2910,1841
3443,1740
1582,21
4533,4774
1639,4931
2345,4896
2715,4730
661,4884
940,5019
2756,4776
4051,38
1220,4819
1330,4952
616,4918
507,3882
1435,2658
612,285
4320,4993
3260,4786
3785,1851
4589,1837
656,3913
3844,4878
1553,3924
707,4747
2722,4897
3205,4916
3776,4752
712,4883
586,4916
4352,1833
3051,56
3130,7
1563,2847
2334,1860
2712,1728
4018,320
2145,21
3610,4635
2175,4850
5006,69
3429,4972
2162,4910
4394,2835
264,1845
3583,1840
541,2795
3322,4892
605,12
553,2847
3303,3505
3465,4774
950,4736
1270,4917
420,4747
2707,8
450,3505
1865,2848
4331,4817
4607,2813
3910,1832
3196,4824
4498,4879
2214,1788
496,3
2674,4613
3851,4771
2472,4692
2703,124
418,4906
77,4797
4594,9
4346,4964
1623,2764
1059,4944
4571,4860
2464,4829
4527,1841
4033,4789
746,132
5011,2790
3396,4776
3699,4676
3314,4676
3380,2795
3439,4801
196,4685
3498,4751
1871,4998
4303,4870
5057,4969
2433,5020
1525,4747
209,1818
4020,4847
2140,1836
4441,4694
5045,4946
2173,2789
758,4736
3183,4954
2996,4634
3338,2789
578,1734
1530,1845
3160,1855
234,4913
1233,1839
4950,4817
840,1855
2351,4678
3157,68
2556,4788
4976,4763
1865,4688
3372,4848
3207,4785
3572,4818
2912,4670
406,60
4116,4988
2975,1855
4142,4989
2896,5016
2065,132
1292,4674
354,4816
3255,4773
3219,4723
4898,3881
3494,4797
1494,2788
719,4669
3275,3924
1424,2810
3254,4264
3462,56
3241,4818
1921,4682
2372,4991
3805,2788
3237,4987
3093,4753
2395,4790
962,16
2534,1833
2473,4763
2874,1748
2110,4800
1829,2790
2117,4753
3605,1725
3551,4954
1456,1788
2461,1730
2220,4733
1399,2765
4152,4885
1566,70
3288,3913
4543,2781
1570,5000
253,1737
2479,2814
3875,2856
3605,2857
1000,5075
2230,4850
3425,4934
253,4685
3536,4815
5071,4873
1631,4856
1441,1728
4805,4732
4807,5000
3585,4993
1889,84
240,1835
2513,7
4227,4749
715,4892
1287,4772
2310,2776
1095,4266
3408,4750
1283,2821
3232,4961
2326,4692
1751,4766
2672,3915
3281,1843
3459,1731
3636,117
4933,3505
1556,4799
2641,2782
3483,4944
1424,283
847,4775
3858,4988
1663,4857
4347,2783
4373,4760
2051,2789
753,2831
1583,2811
1989,1896
2836,2796
1300,4986
644,4915
559,2851
3859,4250
1478,2849
2498,4884
3547,4883
4664,2788
2392,4793
3451,2865
3244,5073
5062,4784
3362,4913
4399,2796
4814,4988
3811,4687
3233,131
3650,4819
4323,2851
3168,1742
3727,4766
4642,4734
1769,5064
3233,124
3633,4752
1359,2798
4096,40
420,4670
2071,4946
4307,4766
3377,4785
3408,6
4490,4904
4509,4902
2885,4773
1449,1730
4021,124
631,1846
1597,4682
2762,1849
2914,4778
4192,2860
1337,2765
2726,34
4363,4897
4864,5066
4512,4831
3623,4991
1417,2847
1440,4937
4566,2812
4328,80
2166,63
1034,2857
1340,4773
3175,4896
3215,4963
553,3
2901,1731
32,4785
4059,1735
787,5004
1570,4847
4245,1740
119,3878
904,4944
3420,4697
1665,4894
4422,4773
4323,2786
4802,2781
1571,12
1211,4820
4811,1727
3562,4909
99,2847
4353,4773
3316,5001
3097,4993
986,4906
2370,47
4033,4903
3440,115
1607,49
2369,4789
4549,3881
2717,2855
799,5000
525,4781
1210,4733
1177,4755
4167,13
5037,4965
3451,4678
4959,113
539,4880
4327,4915
783,70
152,4792
1145,21
3634,2839
2140,113
2350,4944
727,2847
3145,4692
1096,4961
5028,4914
104,4971
189,2772
730,4771
1002,4940
1532,1844
3268,5004
1500,3924
5012,3912
2744,2817
1135,4913
1371,4800
4852,4685
3796,4951
3508,55
1687,4830
2598,11
4501,1788
1376,45
1825,4910
478,4887
866,2817
931,4956
3545,46
4232,4860
3118,4963
2869,1734
2126,4969
4137,1836
3545,4855
947,4732
4428,4801
1052,113
880,2783
3106,1727
1777,1856
3391,4878
4170,1862
3453,4801
1132,4991
2479,4797
2443,4961
3699,4940
3757,4926
4039,124
3135,4990
1872,4824
1231,4784
729,2857
2482,1748
4578,4676
682,4681
3824,4678
1093,4799
4365,4962
4558,16
4554,2782
88,4955
2431,4751
1638,5077
4756,1831
1400,4941
3049,4849
3398,4694
3456,4926
3901,4996
525,4831
3659,6
1068,4994
3405,2796
1599,4774
1407,2790
2419,4787
5057,4739
4710,1
652,4684
4606,4797
1108,3883
2089,2858
2177,4264
3279,2824
2724,1846
220,4909
1969,4784
324,84
1477,2786
353,4894
4471,2768
1356,4769
3318,4824
4170,7
677,2833
3776,1836
1490,2832
481,2856
3725,113
960,2827
3623,2814
3191,4929
2582,4779
3937,11
4063,1845
689,3877
4432,11
1204,4684
2699,40
4871,4902
4611,11
1948,4872
2176,3505
3625,4939
1182,4682
3822,2773
1635,4251
1635,2818
2556,68
3546,4993
962,3913
2757,3878
2437,2865
2282,4883
1466,4671
1799,4958
1777,1731
2490,4773
183,4832
497,4919
599,2843
373,4775
3623,2818
4595,5074
3121,4870
2569,4673
3076,133
1461,1
3947,4872
1952,4910
1881,1742
3163,11
3739,2856
2731,4815
3071,320
540,4691
122,2809
595,4776
3773,4914
160,4858
1334,4790
396,5018
184,2822
677,3884
4715,4764
2695,4775
3450,5020
1677,5019
689,2847
1320,1737
2589,1833
2019,4897
2055,2864
4219,2827
1333,4688
2045,4897
3646,4901
3939,4743
420,2783
2123,4953
192,1788
2348,4879
4109,4972
741,4682
1059,4886
3568,4265
414,4957
2550,69
2696,4873
241,4760
1132,3883
957,4248
2170,4938
5082,2867
4093,2790
4478,218
307,2835
3427,42
2287,117
1218,2827
2899,2843
3159,2839
931,5065
3081,4830
4276,41
434,4755
2819,2832
2850,2821
3663,3877
3680,4797
3217,4689
1132,4963
2033,4678
3085,2765
2348,4793
1020,4736
449,1856
1900,1731
4199,4265
4546,5063
1652,1850
3891,6
2567,2860
1761,5069
624,4904
4595,4689
5058,4916
2693,4728
4041,4720
816,2816
1364,4979
1661,2787
4700,4763
389,4694
3376,1742
3332,4766
1669,4963
1927,4788
3208,4996
3465,4890
2733,2795
2878,4751
679,4992
5060,4979
2761,2786
3728,1896
2943,4944
4454,1748
3909,2809
663,4748
540,4935
5059,5
830,2811
4041,64
4621,2786
2446,2814
1980,2845
4382,4873
1222,2817
387,4926
264,4884
4402,5073
3235,2866
2056,3912
886,70
2177,5063
964,2658
2681,4680
410,45
569,2824
4164,4971
2485,51
1454,4939
5046,4994
366,16
1891,1731
2325,4759
2566,4671
135,1735
2944,12
2440,4681
2922,4789
173,5074
869,4789
4368,4634
447,4761
4443,4968
3821,9
4503,2854
4477,5016
2268,4902
1972,283
4842,4831
4450,2855
3712,4832
1469,319
2673,4929
827,5073
4543,4685
592,4896
4410,49
2460,2779
3476,2853
2369,4733
351,4771
2417,16
4462,4264
1719,4679
25,2825
430,4747
3079,5070
3034,1851
2219,4907
4195,2774
4066,50
5032,2848
364,1816
1655,1844
1702,4926
2547,2764
804,4793
3971,2833
1863,4771
2333,4785
882,3884
1129,1729
665,1842
491,4674
1086,4855
4483,1726
3129,5019
3863,4672
1859,285
1144,2774
33,2827
3838,4685
3140,4768
4807,4916
1191,2818
4003,4760
4051,41
812,4961
5008,2794
907,2820
3200,1843
1961,2844
2471,4830
442,4862
4535,21
3381,4997
1273,4910
2701,4797
203,1816
3186,4734
2746,4691
4597,4857
2126,4266
1146,4897
993,4695
4588,5063
453,12
4006,4906
4417,113
1406,4872
158,4918
5035,4634
719,4654
1512,4912
3329,4673
4198,1861
4416,2779
1050,2773
3109,16
1674,4778
4406,12
1399,4669
2378,1734
3811,4690
3592,4904
2430,4799
1030,2840
5057,2812
674,4761
3553,4902
364,4746
4140,1731
1150,4993
4305,40
191,4850
1265,4935
4481,4730
17,4989
1324,2810
2748,4855
411,45
3412,4989
572,5000
2734,4961
387,4732
2607,2857
1745,4686
2871,2788
4805,5001
1379,4847
3713,4931
4599,4720
2433,218
4823,8
886,51
3169,1733
4632,1827
4705,1843
2887,16
2219,4692
723,4736
210,4894
829,2671
1532,4249
4561,2831
291,2789
3319,2803
4617,2862
4232,4770
4027,46
2893,2808
2188,2855
2246,4739
909,4935
470,4743
2747,4734
4099,2768
1676,4938
2708,2853
1552,4920
1264,45
3979,4728
3814,69
4107,4751
1143,4987
4574,1816
4545,54
799,4264
3016,4685
2656,4954
3850,4266
2045,41
2805,4988
2876,5020
1204,2827
1363,4654
3124,1860
2986,4681
3294,6
2797,1856
2628,4970
4403,4956
1886,1856
3214,2821
1287,2849
1492,2773
1312,4884
3078,4801
4190,1846
2382,4801
1109,4746
423,4913
2481,4685
4123,63
187,2783
3668,4910
2069,2776
3268,2848
1084,4613
2493,1862
2197,4916
2672,1835
4034,2867
637,285
155,2773
3009,4634
858,1728
344,70
3662,4786
4811,4764
999,4914
4012,4965
2669,40
1061,2816
282,2768
797,2841
125,218
3588,4800
1931,3914
556,116
782,4831
2688,1838
3972,2800
3307,2839
4711,1733
488,4850
1105,2809
4054,4885
1146,5074
3986,4685
962,4998
3294,2817
2705,4819
30,4820
2611,113
269,4634
401,4801
2490,4860
2218,4783
811,4986
4314,2846
1521,1816
3767,4815
3237,5019
1388,4669
4216,2848
2488,5066
4013,4736
3120,4998
2273,4803
3876,4969
3298,124
2414,1727
2093,4674
962,4776
2162,1860
2074,124
1303,3913
2374,4734
929,4751
735,4738
2186,4957
3841,4971
1222,4815
3028,3886
443,2774
4463,1733
2999,4964
1252,3882
3931,1857
2650,52
897,4857
4344,4946
1159,4737
4173,132
489,54
3235,4907
1991,4889
1682,4775
3680,2822
3556,48
4238,2860
4521,4671
1320,4732
1078,1835
3195,4777
1039,2799
4186,5074
3385,2794
635,4695
914,2786
4385,13
215,2818
4417,4900
778,2799
738,4727
4422,2772
1610,2808
1494,3881
2496,40
1707,5004
2306,4849
2356,2864
1662,4693
2146,40
2870,5004
33,4891
4821,2839
201,4746
552,4734
2158,2843
3916,69
2,4675
4147,4803
3031,1845
3231,4962
853,5069
1680,1740
4309,1748
1616,2864
1668,2825
4571,283
1654,2840
4524,4635
872,2785
2042,4736
189,3882
2546,218
3747,40
569,5019
3404,1835
3397,4732
2636,1731
908,4770
2717,114
1330,47
3584,4856
2134,2800
3082,1836
630,4944
1501,54
32,1734
4152,4931
1651,1839
2237,2809
4556,4919
1927,4957
3852,5065
4191,2773
3390,2840
1780,2832
5039,4849
4133,2783
571,46
3386,4890
368,9
476,3882
3617,2864
354,84
3428,4944
3195,4775
1017,2784
2013,12
3579,2856
4559,1838
1963,4938
604,3615
3812,70
299,2814
3009,4759
1042,2776
2662,1729
873,4937
970,2767
2442,46
1351,49
4794,4940
1646,4861
1051,285
3718,4750
1950,4674
1392,61
483,3915
623,65
4448,4997
2026,218
968,4785
18,4789
1067,4786
1998,2658
210,1726
1091,4782
582,1732
3734,4857
4724,4921
4293,2800
712,4908
3618,3880
3022,4786
2362,4694
4468,4958
2689,2856
334,4762
3734,4968
599,4801
1224,4689
3468,3882
2359,4792
4288,4695
3556,4669
1676,4674
4441,5073
108,283
1418,5002
1455,4919
3590,2781
1418,2790
565,4674
4592,4738
2101,4669
1479,4914
1657,4781
1194,4693
2376,2867
147,5004
1802,4884
3656,4946
1500,2818
2572,4907
3216,2803
4213,4953
1563,4634
3245,4993
3613,5063
666,4887
974,4932
1889,16
2312,2794
2194,4733
3688,4253
4853,2800
1675,4978
2262,2858
2891,12
4005,4829
466,3883
2686,4940
4533,4847
2245,4746
1597,4830
1683,113
463,1856
3295,4791
3574,1832
434,4766
1761,2814
4561,5070
2969,4886
1583,4817
190,2785
4604,4964
444,4683
4579,45
691,4688
4703,4883
3566,4964
14,4941
1676,4882
211,15
3261,45
3285,1841
781,4735
4186,2822
2212,4830
3231,319
3082,4962
2842,2767
3591,1827
3690,4264
396,3924
3177,4737
2534,2813
908,4678
1256,3882
2163,2789
289,4968
4327,1861
1016,13
842,4251
409,4791
2222,2827
3946,1727
4556,4955
3003,4792
2183,4920
280,4815
1231,38
247,4672
1238,1896
2622,4921
5024,4957
1950,4251
1989,4905
481,4693
236,116
3050,4939
3064,2813
4023,2847
2209,4951
1371,4911
259,55
4839,3878
881,4990
3661,5063
423,4831
627,64
4334,4884
4373,5004
2667,1849
809,2841
159,4778
2618,2831
3649,2837
4527,4696
5083,4910
657,4737
3895,52
882,2768
1682,61
3201,1788
4227,1818
3510,4746
1511,4951
4273,114
3001,4970
2132,1818
2987,4776
1631,115
2149,5073
2175,46
3921,2782
3253,4797
4548,67
2882,4763
519,5000
2884,4779
2960,4742
2976,2848
3466,3882
2342,2790
3952,41
2343,4934
2987,2783
3931,4877
961,3880
3308,4932
2687,4728
2408,4690
356,4760
2339,4688
801,4733
2323,4769
4556,4937
4587,115
695,4754
3838,4966
1707,2832
777,2837
3725,2799
2086,4800
1709,4753
2450,2781
3329,2790
3007,4887
4500,5019
4262,4878
1247,4988
4072,4909
4495,56
4600,5074
2371,2765
3626,2823
1404,4937
1332,4736
2235,2832
2106,4734
660,3881
740,4766
3581,2844
1054,1856
2056,4907
1158,4682
909,133
2083,2773
192,4678
4169,4848
1072,47
2624,4904
3137,1727
5009,4819
526,4894
2227,4752
929,4816
855,4694
479,48
2452,4862
4271,1728
3946,5004
2971,4266
4276,4937
2150,4685
3031,4993
3225,4918
4159,4668
2038,4951
2312,4962
475,4820
4806,4957
2061,4900
3585,2779
892,4680
855,4788
1059,284
4648,1735
379,1730
3581,4879
2633,4774
4167,4695
4119,4880
3241,1844
2384,5001
3068,1834
1058,1832
1570,5077
2276,4751
1373,1727
1904,4768
2504,4733
2544,4915
4393,2854
3524,4862
4663,4761
4493,4907
2720,4886
261,2826
3973,5002
2336,4730
1154,4786
4446,4910
4432,4670
4210,2811
4217,5063
1919,4887
856,4684
917,2823
3209,4774
3117,4671
1119,3882
1641,4858
2025,4955
3713,4739
1511,4987
1386,4688
1451,4801
4813,3912
3625,4786
354,3877
3106,2862
4178,4940
4090,4788
2409,3912
3171,1834
1000,2837
2155,4736
2186,1742
3442,1833
3851,2767
4808,4944
3714,4913
3585,2773
3771,4727
1928,1848
1682,4672
1089,2796
1892,4978
2472,4694
449,145
2385,4831
1554,4775
3895,4963
1307,2820
4092,46
971,52
1638,2774
29,5069
4836,4916
2969,4265
1701,1832
2665,4634
559,2779
2754,4989
4703,2824
4823,1855
3588,4819
1889,4848
3939,4897
4122,4931
3351,4759
1720,68
2892,3877
2652,1896
652,2820
1554,4681
4511,4738
178,1833
698,2860
1461,4920
1046,2839
778,1860
1942,2776
3966,4718
3994,218
252,61
3050,4787
996,2798
5076,318
3483,2765
2897,62
3372,4850
4399,1725
2880,2768
3023,4777
2386,4680
811,4879
4114,2773
3932,4793
4841,2784
1618,4739
1119,4680
578,284
3402,1808
1557,60
496,4797
573,5077
2259,4997
1807,4747
3931,1733
1638,5004
745,2860
395,13
3622,4905
1548,1844
3985,2790
2502,4939
4210,4920
4051,4250
812,4753
1919,4855
902,4887
2578,5020
2219,2860
3555,4996
5054,4888
2414,4872
2757,8
2482,320
3890,4970
751,4972
2468,1833
1010,4992
2500,2835
2719,4946
1952,2841
1322,48
317,4937
4307,1850
4726,4784
1378,3914
841,4669
3708,4692
238,4992
797,2840
2512,4820
3591,3914
853,3878
644,1857
3673,1737
1612,4995
2713,1847
3900,4819
783,4749
769,4972
3783,4737
3037,2846
1914,4858
3728,5001
4275,4900
561,4671
361,4747
286,4682
3794,5075
1980,4910
2416,4730
3284,5064
2475,4972
4199,4887
538,4780
4421,3881
3273,2843
4441,2795
806,2856
324,4264
2907,115
507,2835
3487,4986
500,2781
1471,4817
4311,4910
2380,1835
3872,2857
4067,4935
4451,2864
159,4992
2522,2764
623,4954
4229,2851
155,2839
4609,4857
4464,4969
2634,4912
3168,4718
2314,1862
4660,63
929,4750
4575,4687
984,2862
2687,4771
3010,2776
2327,2854
800,4253
446,4679
3975,4674
2135,4824
1641,4993
149,4955
4166,4860
3314,2776
502,2796
2759,5069
593,2849
304,4759
2939,2765
1017,4902
3513,4743
3715,60
3554,4803
3330,66
1089,4679
3731,4682
1952,2839
4072,47
742,4878
850,1827
1211,5019
4031,4946
1029,5073
4297,2774
601,2823
1530,4770
2942,4799
2649,21
3424,1827
3908,4831
4924,2796
1081,1808
2196,12
2634,2821
4020,53
4030,4739
3899,6
3105,4879
2416,2785
743,2814
156,2862
1200,2671
2051,6
1985,61
1891,1818
323,4785
3660,67
26,50
2290,4951
2361,4861
682,4677
3502,4970
1398,4909
2893,46
1955,4855
3048,4673
1532,4906
99,2817
3655,2788
4976,283
3100,4929
537,4673
4922,1835
574,4830
3459,61
2312,4828
2050,69
814,4936
669,4901
1418,2658
1594,4978
962,114
3164,4873
1054,4989
425,4732
1198,15
1181,45
1454,117
348,2843
855,4751
823,2671
1288,4635
2500,52
1852,2764
844,4905
1397,2832
3343,4849
1532,4735
1593,4267
976,1737
3008,2841
483,1835
1880,4932
3700,2816
411,2858
929,1843
4440,2785
3273,6
4149,45
983,133
4827,5070
3278,1733
4207,4739
2194,4763
5053,4683
2747,5069
4429,4635
573,4792
3630,53
1316,1845
812,4906
3328,4904
3229,1818
448,4994
4047,4849
1651,4904
4024,62
3832,2845
753,4934
2584,2855
5061,4870
3741,1737
4244,2847
3949,4878
2736,4990
1774,4792
3803,2822
4187,4742
3641,1851
4122,4683
4064,2856
1776,4908
4999,4890
4179,4944
3052,1735
1895,4946
939,4951
2481,4792
291,9
3167,4792
748,4880
1468,3885
2859,2837
3278,4803
5038,4994
2679,4793
2083,133
2265,3882
4871,21
1527,4677
1981,285
211,2844
1867,4773
4510,1833
1644,1831
1139,4964
4269,4944
3266,4673
1369,2779
2540,145
4864,4746
385,4870
4239,4883
1117,4901
785,5074
0,4731
3183,3924
3151,1844
2742,2796
4370,4251
2645,131
1765,4879
1758,1727
3347,131
4012,3915
4287,4857
3481,2831
2904,4768
1429,45
3736,5002
3699,4670
2200,52
2372,4861
1989,2787
3191,4848
3304,4919
2214,4253
931,1857
3714,4746
27,4775
3139,2844
33,4902
787,2851
4308,4964
2453,4882
5068,9
2308,4961
467,11
189,4966
150,4820
3510,4793
1304,40
2741,2776
2769,51
563,4742
4430,4964
1327,62
974,4763
3180,4818
2357,132
697,65
2471,1834
4420,1
756,1742
1340,4888
5042,4832
4174,48
969,47
1067,2774
1215,1740
3520,4816
4377,5019
754,4988
3579,4997
1126,4886
4476,4749
1665,4747
1258,4963
3014,4613
3388,4792
1265,2854
2761,52
3637,4672
3257,2821
166,4897
4463,131
2518,3505
1336,70
3934,4861
3937,5073
2187,2784
1238,61
326,4635
666,4966
1035,4697
1907,1726
3385,2839
1916,4888
2134,4803
2530,2864
3455,4779
875,4267
4032,4730
3978,2835
1959,1860
4867,4966
1464,4737
1724,4749
1247,4766
508,4775
4715,4941
1770,4904
2112,4731
2422,4952
2117,4267
4209,4253
1612,4954
4899,1844
3834,5020
3574,4910
2522,2658
183,4675
3584,4870
2571,4955
4313,4820
1171,1837
1422,4695
2501,4253
4409,4764
3552,4695
4402,1729
710,4901
1296,1808
718,4991
4329,4674
4384,4883
1526,2810
100,5073
2313,5000
237,1808
1981,1835
1497,4743
3098,4264
4091,4964
2622,4735
2681,4879
2861,4723
1952,4926
3171,1841
155,3913
785,2827
267,60
2759,2776
2289,34
3127,5070
3616,4777
1120,4894
978,40
3982,4887
4343,4935
1664,1847
864,4759
3233,4994
1825,4856
2479,4909
3050,4907
4197,69
2242,2857
726,4790
2473,52
3223,4732
1123,3914
1266,4677
4822,4883
332,4818
2611,4739
2888,4935
1238,4264
1268,40
4231,1788
1022,4824
913,4996
3091,53
1889,2658
3720,1849
680,4676
275,4690
2746,1818
3235,4800
705,3885
1964,1740
4603,2860
4245,5064
73,4747
3599,4690
545,2816
3500,124
390,4815
3028,3505
3608,4682
3354,4878
1225,1857
3205,2853
542,117
1887,3913
599,124
4119,2795
4020,4916
4329,4771
3605,4994
4022,4688
4423,4882
3987,2831
2708,4969
4229,4693
4716,1835
1876,2790
3056,2841
1546,4832
3801,4739
2269,6
25,4682
2134,4249
4474,2837
1937,4968
639,4786
342,5004
3901,1844
2451,4900
1532,41
2970,4988
19,4878
4898,4682
958,4913
2424,4760
1720,4877
3062,2856
5058,1817
3224,1848
499,1856
2681,47
984,4971
954,2867
3268,4896
4473,4746
2681,5002
2487,145
1418,3879
4272,131
606,1833
3568,4675
3776,5074
1798,4693
3835,3885
809,4784
1328,4730
439,2765
4569,4803
130,2823
894,4748
4542,2764
1924,4253
611,1730
2,4937
266,113
1758,3886
1626,2786
999,4249
5034,4248
4822,2823
3683,1725
1875,4951
4186,1742
3036,4734
3939,4995
2292,4799
3347,1818
1639,5069
4812,4882
5010,4934
755,131
4135,4753
2411,13
666,4751
2303,11
4513,4824
3835,52
3399,2785
3391,2862
3055,4768
2377,3882
2737,4856
2084,12
962,4930
2548,2821
3132,5018
3592,4955
4632,4832
5034,4828
4394,4777
1785,4669
1214,4815
1693,4850
2530,5065
617,4904
4497,4768
4168,1727
2357,4803
1392,4860
3082,4760
2195,4738
3725,4775
1433,2784
3627,2808
3269,4993
3475,2785
1971,2837
1260,4693
2585,4971
1599,4681
4077,4687
722,4785
3443,1838
4705,5075
3369,4849
3209,4964
1065,4818
2426,16
788,4818
3393,4768
3848,2843
1033,1851
651,4913
4270,16
4352,4730
1685,4918
3614,4692
1705,4994
4342,3505
856,68
1156,1837
1072,4694
2279,2835
2703,5063
1662,2835
3431,3883
1964,4803
76,4674
2437,5066
4698,4635
354,4988
1573,4998
2968,113
3229,1748
4060,2844
2205,2772
2861,2864
2163,3877
1763,4766
3087,1834
587,4765
1238,4779
668,4749
3577,1846
534,1855
4417,65
3539,2773
4342,3924
911,2841
1898,5063
2032,2824
4154,2774
121,2822
2089,1834
817,5077
2699,1851
1098,1857
2108,5019
3518,4830
267,2837
644,4831
2885,2658
1292,4771
2483,4998
2269,4723
30,4885
3887,4761
305,2781
4442,2786
1150,3883
207,4956
1636,4930
4038,1850
3357,2799
3712,1896
869,1731
3209,1818
2636,34
1109,4729
2382,68
3893,60
1959,4678
4313,1848
344,4954
916,2814
4103,4249
2659,4680
2880,4971
4454,4855
1752,5069
3169,2844
3785,4734
766,4760
4375,2866
2998,2809
4657,4872
1854,4762
744,2860
153,4786
4224,5016
502,4848
3198,60
4117,4905
315,1831
4430,2837
378,3505
76,4720
4599,4966
1772,4732
466,2827
1387,5075
4045,4769
4133,4777
5017,4944
2086,4936
485,2790
3703,2844
3935,2800
2175,16
1005,283
3137,15
739,3881
2145,1843
2490,3914
2222,67
1617,4941
1939,1834
4226,1733
1800,4912
4066,2768
2332,4786
1222,4786
255,1831
4370,4761
2137,4991
2444,1734
1100,319
1645,4903
171,4961
5030,2776
4278,4765
2274,1849
304,4921
3228,1850
925,4729
4147,2774
442,115
1560,4896
378,4998
3871,4897
3142,58
3008,4886
3323,4727
1404,4669
3110,4988
3229,116
3348,4673
4557,4731
4491,1725
698,4997
1604,4889
1091,4966
426,4800
336,4686
288,4672
3501,4877
4893,4829
1535,3913
4157,2835
476,4848
1294,133
3608,2768
4193,1838
3571,1732
2403,2846
4019,1838
516,13
2684,2799
256,3877
4551,1835
2104,3915
2526,4914
22,4671
3807,2847
4825,2832
2859,2795
2909,4264
2260,34
1656,4752
1512,4734
1933,5020
3513,2816
4562,41
3073,2812
1600,4936
1852,4953
3083,4947
1081,285
3110,4669
255,1860
2476,2823
2195,5070
3018,2808
2001,4693
2623,4685
2149,4890
4712,4958
1311,1837
2930,50
1181,2809
3790,4788
376,4917
2566,1808
327,2786
4590,4886
1570,218
527,2829
2011,116
1422,1727
699,4686
1588,4888
1319,13
2497,1842
2441,318
219,4683
1109,4780
4271,4965
3863,2776
4834,1732
955,4905
634,4911
1249,1816
4644,2823
3224,4829
1916,62
3840,21
1582,5075
5038,4691
1774,68
576,4749
1012,4993
4208,2785
3300,45
4115,4995
3478,4733
3904,4932
881,4944
2109,4901
2435,4718
3430,4613
1532,2840
4442,4916
546,4873
4090,1850
2699,63
555,3615
196,4754
4942,4729
378,4829
1555,46
620,2835
312,4750
4217,4877
636,2862
2381,41
1077,4748
1942,4734
4647,67
2626,4989
460,4749
4722,4824
225,4762
1804,2796
24,2779
3776,4780
197,4249
1830,1730
2209,9
4833,124
4481,7
3702,2785
936,1818
4476,1842
3411,4691
35,2784
3196,4669
3557,4849
2620,2858
4058,4918
2530,4894
2467,84
2316,4728
4424,4937
608,1734
2313,2768
5030,4953
4015,1725
2092,2795
2069,4785
3477,2796
2958,1730
3142,4912
5045,4819
2241,4674
3563,4775
1756,4991
724,4684
2597,4778
4120,4935
2527,2867
4013,4996
1494,47
4805,4909
2291,4718
1016,1860
1898,4815
140,1860
3252,2857
4046,5070
3053,4755
2647,2849
4356,4830
1506,4912
804,1788
4,5020
3019,68
3677,2835
165,12
3362,2846
4227,4939
2446,5016
839,4889
2309,2840
736,5073
1612,2794
4476,3879
1606,4940
2058,2813
3527,117
1635,3884
4380,4747
5072,62
2111,1816
1924,2786
4698,5075
1941,50
3833,1833
1401,2839
1113,4778
86,4248
4491,11
2596,4995
4632,4791
4617,4831
1099,4696
2387,42
4598,4885
841,2855
406,4953
1152,2848
528,2800
2136,4946
2906,4820
3281,40
3972,4773
4019,2820
1227,4731
3030,5
4080,66
863,4763
1488,5019
3409,2776
2514,4754
3955,4672
1452,2858
443,2818
2239,2773
1705,4761
648,1860
808,4878
1117,2844
3509,4791
2150,3615
106,4690
2230,4878
4836,4972
1443,16
1925,34
1722,4911
939,1841
3594,4830
503,4965
752,4901
4342,4877
3373,4782
696,2822
3544,4688
1003,284
4533,2851
5010,4816
4465,4249
1034,2810
913,4890
1799,4779
398,4905
191,21
4867,132
1425,145
3423,42
3489,4820
2956,4693
4707,1839
2720,4987
3293,4743
1947,1844
1777,4892
2735,116
3188,4885
794,1856
2946,4926
3205,2866
4854,4730
2021,4728
1445,2803
2933,4675
2590,1833
1471,4763
4977,2773
4387,4787
1626,3882
861,1838
1666,4696
4822,11
2119,4829
4899,132
416,4994
3821,1856
94,4908
1236,4857
2249,1844
1879,4689
1297,2844
2391,4797
1223,4696
459,131
4842,4987
3937,1734
3801,4897
4332,2768
4146,4914
3367,3505
1793,2848
2960,4856
551,40
5038,2838
4138,4799
3118,3505
385,1731
5015,2832
3719,2799
4525,4792
1362,4674
3687,1851
556,4903
1898,4752
205,4729
102,4884
1457,1816
4967,3877
3943,2853
4595,4803
161,5020
4275,131
4365,61
2054,4748
2719,4746
4291,2799
500,4727
2325,84
2587,2843
1163,318
1136,4799
1083,5016
3152,55
2010,2783
3468,4965
3359,4684
28,2831
2649,2785
4066,4793
3014,4886
713,4819
2217,4953
2879,4801
322,3879
3010,4880
799,3915
1640,4921
4284,145
579,2818
836,4613
1081,4742
2558,4861
1762,4769
3139,5077
3255,116
75,4250
3244,3877
1690,2789
4186,4266
466,2866
3469,2846
3327,3924
4129,2813
2054,47
1087,1827
733,2832
1060,4916
3005,4968
2111,4873
3072,5075
4022,4689
4094,2658
3630,4731
468,4861
2678,4253
189,4858
4185,5001
721,2788
2852,4957
3309,2817
312,62
558,5
2254,2853
4501,4992
3965,4884
4539,1740
336,4951
3331,2773
2599,1849
1302,132
4547,3913
1000,4829
3740,4731
1558,4934
1908,4965
2664,1734
3801,2773
4411,4735
165,2849
2129,4782
2385,4946
881,41
1493,4917
1560,4966
3546,3
796,54
2125,4880
467,2764
4148,4902
1293,4734
1268,1842
3626,4759
4948,4877
1491,5020
1589,4955
2187,4264
1792,4750
446,4968
3904,4748
3759,4764
1337,4749
2090,4917
2442,1857
3611,3877
973,4830
813,4873
2780,2823
2221,4979
1106,65
2714,2831
3287,1840
2805,4693
2698,4743
2123,2783
4059,4754
938,4870
202,4880
813,5018
3511,5070
179,4685
1580,3882
3114,131
3766,4789
1274,4815
4215,5
4976,4848
4065,4697
3088,2768
2895,2658
2908,2857
1367,8
3069,1845
4206,1848
1131,2784
1038,2860
3794,1862
2631,4752
4280,4684
2361,2856
2195,4884
4640,4855
873,1735
1176,4884
2312,4739
1294,2865
940,4673
2916,2843
3801,2855
2399,4792
3902,1843
1599,131
3365,4764
1335,4914
4057,2858
1604,4902
89,2788
2899,4903
2251,9
1922,1726
2045,3914
2932,2858
177,4696
534,2856
2642,4969
1300,4774
449,1788
513,2845
2702,1748
3471,4250
3013,4739
4550,4686
2062,4849
4305,2825
3978,4785
4840,3884
973,1731
1800,4694
2714,4253
890,61
1999,4958
936,4693
709,2867
3225,1818
1057,4879
1261,2822
817,4761
2502,4749
2307,2781
3716,2826
1515,2833
3609,4990
2958,4784
3009,2796
3548,4670
3137,131
1958,4929
917,2839
4711,4914
2021,4750
2881,4978
310,4900
1293,3912
4367,4777
882,53
448,4680
2550,1855
3321,2825
2988,284
507,4989
532,4887
2869,47
1296,3615
3453,4873
1987,117
1703,4964
1408,4817
3376,4992
3597,4754
2334,1733
250,3882
615,2812
4245,145
331,4815
3558,1840
3656,68
2929,4965
693,4692
4529,1734
3576,4679
4704,52
325,2833
1802,4941
749,69
1501,64
4619,61
2461,4918
4617,1833
1766,1748
3028,2812
2583,4801
659,4685
253,2671
2103,2808
3297,1
196,64
1380,4896
1881,4989
4296,4696
844,1748
3430,1831
2042,2811
1165,4695
495,84
1076,65
2301,11
4276,4860
3545,4718
3330,4815
1739,4879
2162,4746
1739,1808
3170,2823
3494,41
4278,2818
1479,21
3118,4939
4221,4936
1558,34
3198,2787
118,4748
727,4886
2370,4872
853,4695
3176,3924
2561,1832
4377,4832
1373,2829
1236,4691
4393,1855
975,4755
1569,2782
2190,4904
3239,4887
613,68
3204,1737
192,4786
1957,4819
3539,2786
2507,2817
4321,4681
1282,4889
715,3886
2037,4742
2806,2781
1872,4751
4798,56
1019,2774
4302,61
1072,4914
3844,4733
170,2782
4845,3
3244,5069
431,2851
1005,1808
850,4669
2296,2808
1176,2838
2237,2788
3479,4781
1041,1860
3675,4829
3739,55
855,1840
3475,2812
3347,4915
2073,50
3078,4673
845,2810
144,4962
2964,4939
2639,4764
4652,2821
3239,62
731,1835
966,1848
1499,1861
1094,4763
3789,4873
2707,4673
2179,1732
2909,4997
3358,2854
4280,1832
2213,2821
1597,2781
1240,4678
3424,2798
1629,4799
4045,2820
111,42
1885,1730
2516,38
4105,4676
2270,4773
2025,4613
1462,65
3785,4856
1971,4673
1711,1850
82,5066
680,4780
634,1846
4025,4940
331,3924
2726,4824
1558,4797
3446,2781
1964,4919
2878,4920
1009,4785
277,4691
89,1834
1065,13
3471,4763
4387,4729
1038,4799
2218,4764
3349,4672
2670,2865
2042,55
4390,4988
2567,1839
4138,2764
3417,4909
1949,4780
685,4829
3045,2816
4030,4978
4347,284
250,4947
3703,4792
3443,4788
602,2767
2586,4728
1982,4774
3141,2813
2642,4746
854,66
4279,4829
3537,4674
4619,4737
2266,2814
2759,3883
4540,12
1050,12
1162,2812
4378,2671
2259,1727
2690,4880
1474,70
2968,4775
2605,4686
3961,2866
1824,4654
3760,285
3581,4917
1623,2786
630,2821
1464,4728
3840,133
3743,4729
375,1836
3422,1843
4245,3884
4156,51
1294,4860
2578,4768
3348,4790
3766,1836
1369,70
4081,2658
99,4991
258,4695
2591,4909
4237,5063
3682,4931
3239,4778
3195,62
267,1850
2036,124
2745,4936
3944,4784
1318,4783
359,3913
4588,2767
1099,42
3007,4669
4530,4940
2154,4938
1204,4760
2669,4739
831,2803
1363,3879
4202,51
1635,3615
1534,2844
3247,4669
2302,319
3007,4738
373,4817
1592,4779
579,4890
1220,2785
712,4911
30,4678
3395,2776
239,2860
528,1835
2016,2816
4834,2867
2001,4678
1957,48
3156,4857
2904,4966
1631,1861
4083,4901
4406,4910
3118,1734
4002,1731
1638,4952
3954,284
1087,4916
3729,4954
243,4683
558,4264
945,4904
2193,4905
3318,4781
843,4776
454,4683
2588,4727
2082,2839
1218,2784
3374,58
709,4634
784,4847
4463,5001
4625,2825
2724,4613
2665,1731
3631,4768
4640,4882
766,2781
3538,4858
4871,2820
3999,5019
2985,1808
2042,4958
2046,3615
5049,4783
2062,4777
1426,4670
3706,4690
909,2849
570,4789
3783,4693
3892,4940
1960,1857
1648,4995
3108,2833
2490,1731
4094,54
837,4910
3606,50
183,4687
2920,4785
4199,4907
2627,4679
995,4913
1040,4743
3227,4897
3008,2773
1027,4995
5054,4762
1656,4892
2737,4768
3921,2785
1769,1847
2597,4729
2834,4957
4814,5004
3707,4734
4406,42
4381,4912
479,4988
154,5070
1957,4682
4346,1
4341,4770
2876,4918
3064,4686
4407,2862
996,4951
4511,4248
2606,67
726,4939
910,4884
3408,4878
4071,2795
3498,4992
4261,4886
4045,54
1749,4910
3856,4689
372,2841
1145,4990
4142,1860
1567,2867
3938,4862
922,1731
3333,4946
1218,52
1815,4674
4414,4668
184,4248
262,4986
1646,4930
4241,4731
985,4727
4616,4697
1490,42
715,4939
3990,13
3251,4935
2689,2811
1147,4940
1774,4728
3951,1734
1909,2847
3209,4670
2625,4992
3488,4264
4439,5063
3048,4751
888,5002
2554,4783
4408,4872
963,4921
2090,2827
1749,2779
1250,4936
2188,218
2525,4905
104,21
3065,4940
1936,4929
2494,4732
2233,45
3025,1827
36,12
2242,4695
3710,16
2542,2787
4484,4770
2540,1748
3011,4249
2566,40
3119,66
3502,318
667,2767
3467,319
144,4733
1891,5000
3459,9
5005,4978
3987,4771
3951,4818
2421,2854
1931,2671
1434,51
290,4829
1738,1835
4844,5019
2275,4685
920,4988
205,4728
4846,5075
4999,70
2978,4801
1705,4746
3194,3877
4541,3884
1388,1841
1738,84
1768,4689
3822,4820
1206,2794
1949,2800
3717,4873
2239,1725
732,4785
713,4673
4072,4993
548,3877
4276,2855
4480,4677
2387,1827
3689,4799
3631,4676
790,2822
4372,2788
752,1831
2170,4952
2398,15
2500,4742
4098,5001
4373,5019
3002,4918
1485,4858
1891,4683
228,1808
1483,1850
4086,1737
682,1857
2060,4912
536,1
3990,5020
1958,4954
1565,2864
4304,4775
1442,61
2361,114
3790,5075
4216,38
942,4979
576,7
3423,5018
1306,4683
1072,4889
1307,4904
3676,5
2962,4896
2340,5020
2472,4941
3618,4732
2551,80
4464,9
3595,41
2260,4916
1481,1737
511,1818
942,4685
570,1832
1045,4720
3669,4912
4795,1896
3232,4766
1619,4896
2378,1827
810,4764
1387,4679
1058,4861
4046,5002
4151,4720
1886,4789
2143,4910
1420,1843
1386,2799
4386,4771
1889,4746
917,3505
4282,4720
2293,1735
1689,4918
3281,4635
1159,4681
2366,4876
2979,2860
3022,62
3259,4952
3145,9
3689,4777
288,4743
4476,131
127,4731
4252,4788
4924,1
3585,4905
3338,2812
2601,4889
4744,4879
951,2823
4577,4674
1601,4739
3717,42
1586,4931
4600,4946
2485,1
1776,5000
2775,2786
2045,2784
4708,5069
215,4768
1875,2860
1033,5074
1391,16
4548,4897
4491,2790
1611,4902
337,4690
2624,1846
3835,1818
4565,53
2288,4676
3539,4688
3723,2857
4195,40
921,2829
1034,1848
419,9
2943,4749
2128,2798
4157,4249
1404,12
4460,60
3955,84
3705,3881
2751,4991
1639,1856
4335,4930
3611,4910
265,4847
2963,4784
4285,4831
2902,15
3625,54
1291,4987
3374,3
3405,4746
750,4861
640,5020
346,4920
1914,4885
2640,2795
2055,2822
744,4672
1809,4672
1567,2821
1582,1831
3472,2786
1944,4675
1635,4850
4591,2845
3375,4978
122,2829
546,5073
2084,4970
2232,4829
3020,1735
4599,4861
3363,4907
2016,1842
1623,2857
3191,66
281,4986
397,4680
2896,4878
3085,4788
3232,4968
3285,4818
187,4675
4374,1845
24,2803
2047,4775
3374,2853
1888,4884
3996,4797
1509,6
5022,2851
2603,2851
2113,4847
4974,4736
579,4915
3276,4733
340,4687
1272,2816
3365,3
2118,132
371,4774
3289,2783
528,4958
1178,320
3908,2865
2329,1735
4981,4803
3979,4954
4578,4749
5013,42
4109,4733
2629,4673
2014,4685
1145,124
1190,4873
879,5069
2753,4697
2092,4635
252,2832
2683,5016
2705,1737
2744,2811
3145,4771
83,4763
666,2812
2976,2764
2672,1839
695,4801
4034,2831
3111,124
579,1831
1370,4750
3969,1846
3425,4953
1994,4862
1585,2855
3978,4817
801,2832
2039,4989
3123,4785
2366,4904
122,67
2974,4779
1806,4780
2499,4850
3829,4746
1379,51
3592,4743
4640,4968
1183,21
488,2768
4334,61
4715,4998
2296,4969
2287,2810
2709,84
2664,2839
3356,11
3660,2829
1645,1849
4431,2773
1810,58
4543,4908
3278,2854
3188,124
2148,4697
313,4878
1586,1727
2878,1732
4184,3883
4579,7
3148,1844
2156,3886
526,4952
2945,4879
1304,2820
2583,4995
1821,4728
3117,1726
2192,2840
4285,218
3403,4720
1264,4816
4155,4801
1946,4673
1002,2858
236,4768
4214,4731
3446,4987
4498,4829
2929,4886
4211,4780
666,145
3952,116
4581,1846
1319,4785
3550,2809
3189,3879
1048,4684
1323,4883
5045,4718
647,4803
1484,47
799,4775
3384,133
2990,4891
102,4780
3170,4654
1435,1788
1927,3880
3593,320
1203,2844
774,2795
211,4900
3983,63
2640,4988
3701,1860
4325,4250
4626,4937
1241,2772
4623,5001
3888,4267
3164,68
778,11
2165,4763
347,5016
2036,1730
3543,4680
2579,4952
568,4951
942,3
4503,4748
3216,4760
3307,4697
4284,1734
1702,2853
781,4695
3326,2671
3556,2867
1908,4792
4175,4857
4102,4267
143,5077
2908,2844
3444,2814
1235,4741
153,4941
1048,67
3841,5064
2101,1860
1613,4957
3276,4848
5040,2809
2107,2783
2928,4686
3683,133
1977,4978
4609,2829
4463,4885
2713,2803
2874,4969
2332,3
4315,48
3814,2786
4756,3912
4206,4995
725,4870
1525,3885
4340,4941
1689,4989
1308,1733
3037,3879
1193,4954
1715,4870
2088,1836
4028,2826
3623,5019
3296,2867
3585,3505
1722,4873
3750,1827
3767,1731
3980,4894
619,1851
2426,68
2657,1728
1577,2867
3165,4987
3258,4917
1500,4676
4557,4941
4428,2784
1212,4989
4924,2813
1612,7
4495,67
696,1861
2074,4669
3567,2794
4522,47
2669,4849
1201,4930
227,3912
4703,4760
3139,2835
1705,4991
4407,1862
1585,4772
3985,4818
1387,3879
1148,5074
3992,2867
2921,131
783,4992
4641,2798
842,4889
1538,1834
3412,4861
5017,3879
2363,4848
724,4968
4111,2803
549,4861
1246,4909
3778,4849
3795,2824
376,51
151,4746
226,4681
4062,4265
1892,1732
2555,4876
1598,4939
4551,1733
4637,4994
2193,2838
296,4913
1934,4884
2155,2841
2993,4731
4311,69
2292,2860
3669,4858
1965,4782
4321,1851
1660,4668
3278,1848
4537,4878
4412,4750
1946,4935
2262,1857
1482,1730
596,4816
1460,2864
2300,4894
2804,1846
3126,1837
1596,4912
1453,67
4343,2827
3666,1838
2647,4675
3164,4783
831,2818
3945,1855
2677,1835
4157,4911
4186,51
4015,4986
4413,4912
4090,4921
37,4873
1241,2864
3237,2847
1601,4820
2577,3913
1099,1726
1886,1728
3726,1843
2071,11
2616,4731
107,132
4846,6
4468,4746
349,5016
771,1850
4291,2865
1595,4860
632,2858
1978,4946
4620,4916
484,1737
3930,4916
1809,1788
575,4997
1716,2813
3116,4786
1887,4731
2024,3881
2119,4990
623,5001
2378,1725
4104,47
617,4935
4114,4951
1098,5000
827,218
3600,2864
1023,2855
3230,2837
3006,4962
2335,69
3739,115
1637,52
3232,1835
5060,67
2732,2827
4245,2823
2959,1808
1999,4688
227,1861
3107,4696
2018,1735
1139,1896
2496,4992
1145,4989
3513,4786
1154,5000
2214,3615
4479,12
882,4880
3929,4909
2775,4783
3422,4889
673,4896
2624,4737
2039,4901
976,4682
3681,2796
558,4766
719,4994
2618,1728
3074,4894
946,4987
398,1848
1595,4908
241,3615
3078,4926
2287,4779
4197,4879
4028,1748
804,2838
2136,45
1752,4918
1188,2847
2741,3884
2227,2772
3090,4683
246,4736
2357,4953
881,2853
2692,4774
389,48
2448,2820
470,2811
4238,4760
2281,4669
1281,4678
4447,4921
2168,4682
4387,2862
4219,4989
5081,4828
4275,4671
740,5066
19,60
3215,2818
3387,5016
2946,4264
1519,4675
4321,4720
1239,40
1912,4250
2677,4861
3690,4908
2960,34
4556,2840
655,4787
3213,9
4394,4931
2956,54
2547,4831
423,4890
4334,2821
1532,4669
245,4993
1988,2788
2364,4788
4352,16
1628,1857
2047,2787
1147,4735
1954,4654
900,2772
4810,133
1927,4800
2288,2820
4292,4965
4432,1833
297,4886
800,4684
2063,4828
413,2776
3781,4763
3568,1849
3978,2816
2063,1737
5036,2858
2185,5075
2395,3
2805,2810
4925,4829
4649,1827
2911,2800
1970,4849
1217,4751
3262,1846
1024,2854
578,3885
1803,1818
3542,2866
3347,4793
4187,4676
1642,58
1723,4936
969,2860
2436,4747
1107,4264
1880,4862
973,4876
1217,4920
2871,1808
899,1731
4703,4979
1877,60
4512,1848
2008,133
1400,1818
3316,2848
2524,2818
103,69
4316,3886
2286,53
4599,2811
474,1837
3167,4734
4534,1748
4296,46
1577,2773
3345,3883
3166,4770
1621,1730
4314,4963
1137,4994
309,5002
3183,2867
4271,4782
331,4786
591,4750
1662,5063
3436,2837
3393,1845
1655,1843
216,4979
306,4921
3499,3877
4200,4790
4217,4728
3601,4747
2747,6
43,4989
2551,4675
3527,4894
619,4961
3453,2818
1783,2671
1371,4766
3666,4966
2084,4886
1386,61
3957,56
3106,5018
663,4761
4546,2867
333,2776
4530,2658
2890,4912
4122,4989
1963,2847
1282,4734
3939,4919
2692,3505
3249,4994
4460,4971
556,2800
3677,58
1056,66
877,4917
2736,4778
2392,4997
763,4780
858,4988
2139,4966
4108,1842
666,4746
2057,4850
1182,4900
2333,4954
2650,4876
1937,5070
807,66
1443,4847
207,56
4138,2788
3185,284
313,5075
675,1748
2852,4941
3617,1861
3900,4879
4360,2856
362,4897
1952,4957
5025,4929
1345,4961
1920,4790
4428,4987
521,15
1003,4766
1363,1808
2642,4677
1568,4909
3244,2803
3057,117
618,2773
1752,2658
1162,2772
4740,4888
848,2810
3533,4862
2230,4939
1963,2671
760,4253
632,4818
1990,4742
139,4671
4659,7
4313,1843
4287,4781
2063,3912
82,2857
1554,3912
3184,4787
1288,69
914,4995
4631,42
3826,1849
2760,2764
923,2808
3328,4978
1185,5073
3035,4966
2023,318
3337,2864
3095,4782
3061,2794
1822,1727
3103,4884
1611,4934
2443,4941
610,2825
3784,4747
1640,4267
1739,66
3167,2833
2873,1831
3790,4908
3588,5004
1130,2843
4039,49
2583,5004
2222,52
1488,4679
1170,3914
1694,4635
2589,4678
2922,3915
2427,4916
2973,2803
416,4909
4414,4872
3322,4904
4580,4858
5062,4792
1644,4747
3028,3877
4518,4847
773,66
3758,4886
4488,4889
3645,60
295,4751
4925,8
226,4850
4924,1725
4794,4832
4602,2781
954,131
1289,60
189,12
2428,1844
2461,2787
5061,4731
3488,4862
1425,2768
2532,4916
3564,3881
1350,4691
3435,4994
405,4253
1211,70
1241,4250
1145,2810
3475,4770
1299,4748
4245,5002
1231,4996
2098,319
1948,4908
3130,1734
578,4986
1015,4894
172,4692
510,1850
563,4915
3553,4855
2288,4739
1761,2779
1047,5000
4412,2851
2601,61
2494,4778
3863,1842
1017,55
4070,4782
4025,4785
4552,5004
389,4966
2852,4882
2047,4901
3054,4248
3656,2772
3002,4671
1813,3914
955,4670
3821,4883
1387,4850
3826,4830
1333,4946
1673,1849
4045,4992
1612,4675
1232,3915
3496,1816
1178,4634
1453,4686
4419,4736
2531,2795
1493,4968
119,4759
978,1840
1355,4987
1356,2781
2076,4691
2682,2840
2646,45
1291,318
2308,2789
3245,2831
3440,2818
2113,4900
3525,4761
726,4861
4606,4965
1570,1816
1754,45
2931,2814
4374,2846
3893,4820
5042,1740
5059,1846
1170,4930
1806,3877
4630,4908
3078,4961
770,4737
2139,2829
708,1808
2934,4900
271,4682
1642,4635
271,1742
776,2800
1175,2776
2248,4634
3793,4816
3242,4860
3540,4684
3462,2866
3037,1843
3903,1860
963,4862
2502,4734
2962,4679
2359,4995
198,4697
4701,55
1956,5019
4373,4931
855,4916
250,2820
593,4250
4608,4937
1918,2841
2393,2787
449,4991
1080,4873
2708,4908
3658,1860
3043,4938
1033,4936
4164,4686
1038,2840
1882,4681
4189,4674
3251,131
1880,55
847,50
165,2838
1019,1855
3439,1838
3301,4855
4277,2835
4095,4683
2454,1730
5043,48
129,4754
4254,4956
1328,4790
3198,4860
1346,4771
3329,4956
1496,4887
393,4978
1509,2817
1659,2812
3236,11
1378,4762
4235,4903
344,2835
3894,4930
705,4908
615,4780
4008,4886
1790,2825
3947,41
2480,4926
3622,2847
2890,4857
4069,4787
2459,48
3529,4917
1156,4944
1278,63
2421,4848
3489,4956
3172,1816
39,4753
2531,4870
4023,4763
4638,2843
3020,4879
1181,1788
2,2854
437,2671
1875,4880
32,1837
2129,21
3762,2835
839,4682
1485,4787
5042,5000
2488,2838
57,4803
4627,4830
2082,4755
2981,4613
1139,4829
271,4990
733,4671
4866,2826
225,4872
2488,67
5013,4901
2071,218
2537,4991
4583,2833
1103,4720
4133,1832
1073,4997
1215,4678
4810,4766
279,4817
1432,1841
545,4877
4319,4613
3151,5077
915,2865
4637,2826
4369,66
1780,3914
4517,2798
4387,319
1076,2854
2893,318
2342,12
3991,4749
425,2822
2414,4939
842,3880
4579,4962
1858,4723
2200,4786
2004,4917
3127,4887
4447,4760
1136,2831
4840,4775
233,2788
3063,4998
4419,5018
2495,4672
3948,5020
1381,3913
2667,2855
2210,4253
2939,1844
472,4690
2753,4944
661,4855
2281,4880
1080,4696
367,3912
655,4882
3472,1748
71,2833
1413,4253
1713,4913
724,4249
3542,2839
1593,4766
4361,3912
3724,4684
3681,113
1102,4749
3100,4739
1600,1835
4384,4778
1186,4953
421,2838
3295,4803
964,4769
450,3878
3804,4894
3289,5073
2902,4694
3537,42
3489,2829
3058,15
3891,145
3507,4912
2204,4797
4298,4876
111,1731
1080,4901
1335,4265
697,4878
2733,4936
3827,2765
465,3885
2538,2813
405,4743
2078,4696
3720,4687
2877,2822
1798,4818
785,4774
2706,1730
1670,64
636,2787
2390,5065
96,48
1246,4670
2208,62
739,4891
2329,4956
489,7
3624,4697
4131,4901
4280,4978
3315,4861
877,4654
732,4797
4456,4766
1345,4677
3825,4803
2518,4966
1884,5069
803,4772
447,1855
651,70
4618,2856
3530,2853
3563,4267
2374,1725
3784,1836
1768,1857
2979,4855
948,4736
1004,4952
221,4759
2537,2821
3682,4965
4982,4916
4622,4752
168,4918
190,5064
2210,4746
396,4817
176,1839
2342,4790
2527,4692
2899,4673
2477,5077
3318,53
4758,2848
338,4906
509,2781
149,1728
4118,2860
2050,2795
4079,2794
1320,41
1394,16
2943,4728
2877,2840
2024,4718
4131,4930
3519,114
4480,4921
904,2817
3477,4855
1876,2849
3608,1731
1998,1850
902,5069
763,2814
3771,4831
4027,4937
1560,5002
4439,132
4660,4876
158,53
4381,4819
4662,4940
2482,2808
2127,1726
3328,4856
1640,117
3841,2820
704,1841
4505,2810
4541,4791
1629,13
4186,4870
689,5073
2398,13
2698,319
2303,4939
3186,4855
2432,4890
2,2844
4578,4882
2507,4997
2806,4689
1640,4939
3365,4947
2045,2796
1761,4742
4067,5075
2895,4723
697,4680
3690,4733
2842,4755
3668,3505
1899,4935
3663,2779
2546,1846
2702,4682
2512,2768
2207,4914
776,2839
4981,4732
1267,4955
3661,4775
2249,1835
1357,61
3945,1733
3576,4799
734,4941
3744,4897
3530,63
3261,4693
1195,2787
3482,4677
196,3884
2415,4966
1145,4783
5040,45
2030,4253
3602,3882
2696,5069
3320,2823
2589,4916
611,4682
2645,4764
2868,4766
4049,4995
400,4857
524,285
4525,4681
2834,21
1339,5064
2459,4886
1211,61
1385,2848
2444,4961
4615,4687
1630,4687
286,4800
1116,1834
4217,4953
4304,2786
2389,3881
4550,3924
3326,4785
1589,5065
781,4957
3169,4681
4396,2768
677,116
2270,2788
3965,4688
4014,2774
