2382,4267
4172,21
4413,285
580,4723
4550,4989
1595,4792
4631,4668
983,4694
4373,4892
4384,13
440,2810
3953,52
4416,4748
3060,4736
538,1737
3426,2794
4542,4906
1587,4803
1364,4680
670,2814
518,2764
3030,4961
4214,2837
1635,4920
2286,4971
1030,4969
3837,2790
3026,4995
2892,4930
5043,4678
866,5074
2918,4797
1473,4876
4623,3882
2601,4682
254,4773
177,1841
223,2794
2714,50
2218,63
3058,4684
4622,4921
3212,4684
4334,2854
200,9
3892,1834
570,2833
3095,4954
475,2783
2664,1862
4810,5000
3354,117
134,5000
3459,4727
1781,4764
4528,1896
1745,4672
3266,4916
3850,2671
4724,3914
3009,4787
3788,4753
4146,4742
4341,16
1385,4862
3494,4987
2792,1839
1572,64
1228,4995
4984,3924
39,4687
4118,1846
1868,1837
1573,4913
957,4926
2868,4994
4618,42
3408,4759
2385,84
1245,4800
3170,4970
3560,4765
3344,2764
648,1731
1668,2835
925,115
1413,4966
103,1735
2011,4902
3859,2658
2102,4978
1443,4764
801,62
2478,2781
3526,4910
1810,4672
2631,4739
1547,113
95,1732
4087,4764
3596,2854
1226,114
1470,4683
741,4953
4114,4764
2562,4921
1403,2846
4500,4741
912,4686
4030,4900
3576,4682
2031,2810
3172,3883
2088,2841
1270,4894
3268,4266
2967,4935
1866,34
3714,4892
214,1847
1568,1748
3221,4929
2121,4790
3039,2768
4167,2826
1533,2862
3789,4884
4136,4848
2362,13
503,4793
2964,4919
2932,5004
2184,1827
392,1730
4252,4971
2408,2817
2405,4876
1711,1856
372,4766
3806,1788
3413,3913
2585,5019
4843,1748
713,4862
3242,2785
4354,2809
103,3883
505,40
3256,2784
1652,4972
1385,1851
4037,2832
1138,4994
783,4921
3779,2817
893,320
4498,2810
3543,4788
399,61
1276,4884
2053,1839
2694,2765
2193,4759
2676,4850
1604,2658
1985,2784
3890,4267
4577,1730
1391,54
5059,3882
3942,4682
4556,4697
859,2864
4604,4654
2741,4779
474,1808
3429,2818
19,3915
4823,2866
3888,4972
4004,4741
211,2823
1052,2844
480,1740
768,4870
986,4677
1494,7
891,1860
3372,2827
487,2865
1853,2808
4144,4250
450,1838
4552,4858
2488,4765
3186,47
1270,5019
1925,1836
3487,4773
2964,1857
4490,5075
1646,3885
4206,4966
4054,132
1755,1731
3149,4775
1093,4265
5049,4752
3240,4674
1522,1836
3729,284
2884,15
861,4831
123,2835
4489,5020
625,4993
264,5074
1750,3883
105,4728
484,1856
1487,4780
3052,66
2588,5074
1988,4787
1231,2848
2073,4878
2043,4971
2458,4816
3412,145
3646,4679
3756,4969
832,1857
1302,2851
270,4988
3765,4736
890,2839
2480,2846
3292,2839
4520,1728
4381,4905
1343,4718
243,1849
2748,4673
416,4938
5030,1846
3033,3913
975,4913
5076,1850
3969,2776
764,4735
4354,4905
4493,46
3963,4946
2134,145
2899,4965
2727,132
597,3913
1152,5002
3324,64
3356,4729
332,4789
90,1848
2572,4994
2775,4741
2138,4919
2209,4941
3376,2787
1521,4734
4283,2822
2631,2789
702,4938
483,2825
874,3886
722,4882
4646,4684
1286,4776
3532,283
3966,4654
312,4754
3976,5065
1782,5000
4622,4789
3122,4946
2067,1834
4833,2795
3275,4755
3492,4971
2460,4888
1781,4885
202,2865
2688,46
307,1860
4204,4723
1246,61
4044,4773
4794,4264
4959,4886
2387,2658
2006,2823
4632,4781
1703,4778
3841,7
4328,2844
1458,21
4631,1734
1214,4920
2683,4694
4663,4883
1649,2856
1283,66
2678,1848
719,84
777,67
1651,2779
3242,2841
1913,4634
2265,3885
1289,4688
3049,4747
4095,4728
1613,4830
2899,42
2894,2818
1185,63
17,2853
3104,4891
3053,55
1190,1832
467,2854
1180,4766
920,4754
727,2858
4898,2783
2740,4962
225,2862
2393,4819
2476,56
4340,4957
1544,4862
1531,42
4410,2853
3617,4691
2605,4797
697,3885
3254,3882
94,1842
264,4752
1309,2811
3594,4904
2493,113
3004,4689
4233,4801
2231,2833
2381,4654
1868,58
1074,4251
2669,4688
3895,3913
1575,4676
4208,4694
3261,5004
3404,4613
2504,4776
4400,2810
2001,4986
4230,5004
3693,4820
1826,4849
1173,51
2974,1856
1388,38
3140,4731
3435,4733
913,1730
2478,4879
227,4947
1425,4748
3133,4249
90,4781
1947,4832
3017,4962
2599,2809
1761,3912
3405,114
1276,2798
4038,4824
2910,318
1354,116
1044,38
3225,4956
2383,218
3472,145
2759,2785
2556,2826
3470,4953
2291,1851
4554,4761
2634,5074
820,4765
1117,4993
3904,4998
4364,1732
4447,4728
643,4787
305,2841
1948,4800
3988,4816
3513,4784
4351,115
3330,53
5015,34
3233,4964
4088,1839
1792,4774
3055,1834
2344,318
247,4815
1940,5064
2513,55
2503,4747
2353,4902
2079,5064
4096,5018
4332,4686
3825,3881
5015,4683
4471,3883
2328,124
3033,1831
3141,4249
4449,2789
1314,2764
3823,5063
3827,5069
2575,4676
4208,4819
3125,2796
1298,4747
3805,1818
2401,2783
3870,4876
4188,2814
294,4829
995,4896
4221,3924
4043,1846
4519,4766
1285,4815
2677,4682
2527,4695
594,4786
1574,3884
4698,4944
3295,4673
2879,60
2991,2796
2151,47
3835,5077
3383,1788
4563,4752
4495,2846
1552,4995
4724,34
1681,4897
4146,4910
1030,3
2577,4994
2354,4669
2068,4979
3923,4781
29,1742
1186,4797
4342,66
3865,4990
3386,4955
1354,4753
2089,2831
4575,4883
785,4896
561,11
3971,116
4805,4877
3693,4251
3109,2841
4646,4792
3429,320
2510,1896
2307,4686
388,318
3742,4870
1366,117
4219,4801
4305,2849
1753,1849
3091,56
1137,2658
771,4668
921,4897
4618,2779
4403,4749
1558,8
1291,4751
1956,2818
333,4937
4077,3914
952,1834
4034,4752
1035,1831
552,4781
1469,4936
3469,4654
1535,1742
4597,4848
1017,15
2928,3886
4473,4264
1506,4773
4802,218
1692,114
4639,1835
1910,1849
2321,4742
3414,2772
3993,4720
1470,1742
912,3912
1711,4789
1280,1862
3044,1847
1901,4764
188,2811
4802,1817
753,2810
1430,4799
1912,4266
1451,4966
1699,4962
1741,1730
4278,4792
3968,3924
3849,4936
2221,47
1229,4634
4001,2865
953,4908
1211,2832
4480,38
790,5075
5054,2844
3257,4751
4406,5002
1009,4905
800,2841
3793,2858
3820,1735
870,4769
1634,5066
4456,52
3046,52
2231,4675
3098,4770
3710,3883
5084,1856
2581,145
1278,4891
211,4991
2988,117
4616,4728
4400,2821
2931,1841
1595,4938
4337,4888
4342,2823
3939,4998
4417,2794
641,2814
2674,3915
1181,4816
4623,5073
1367,4958
1764,284
3184,4965
2047,4786
1263,4889
3045,70
4098,1844
3835,4755
4013,2811
509,4885
3922,80
1607,4965
1166,4832
3909,1728
1350,4251
2984,4954
1611,16
2761,1818
648,4792
205,4919
2492,2794
2626,318
993,113
1471,58
4101,4654
3118,4737
2068,2857
4511,4916
4424,4741
388,1728
4324,2784
2139,4791
808,4941
784,3615
2284,3885
4345,4690
2110,4777
1666,2827
1073,2817
1950,2813
3622,1730
1651,4793
2544,4729
2882,5019
4975,5004
3697,2822
1895,15
2433,2796
535,3615
1269,2817
1937,1857
1471,4986
1184,4870
4490,2811
2517,4688
4443,4670
1676,16
4153,4884
1169,4919
1288,4900
2941,1851
1244,50
1396,4877
4369,4892
2742,4972
3306,13
3116,5063
1787,1862
1910,4718
3972,218
1179,4746
918,4680
4622,1844
3905,4929
2193,4772
1763,4741
250,4697
3481,4765
4712,4824
659,2844
864,4890
2868,2787
1331,2845
4026,4995
703,45
3262,4671
5040,4858
73,4996
1524,4965
679,4764
4165,4993
2777,4759
2349,2849
468,5004
1109,1845
1826,41
3725,4675
4664,50
1362,4741
2686,2824
3788,4947
762,4968
4758,4754
3023,61
2034,4956
1354,4692
2124,4861
346,4966
3178,4739
772,4766
979,4691
3490,1727
1579,4872
2285,4686
2159,5077
2587,4819
2113,4904
1791,4889
4159,1827
2916,319
3724,2767
4181,4820
1471,4968
778,2788
791,4720
3108,5000
1612,2765
4837,70
3523,2824
3818,4693
3446,4786
745,62
3852,4753
2716,4251
2558,2853
2079,4992
1157,285
1475,2862
3429,2782
4726,4692
4481,5016
3810,1737
804,2856
3815,1734
3052,4799
492,2820
4500,4265
3989,2765
4515,3886
2027,4685
2087,67
3527,4782
2576,2864
3660,2798
3566,4912
515,4993
3194,4918
473,4678
4923,70
520,4969
3028,4956
1587,55
35,4817
3446,3615
4414,4920
1109,1735
4075,4848
5039,4731
1278,2816
3697,5020
3352,4720
1624,48
3769,1849
4445,4885
2085,4979
3685,2841
3393,4965
4379,4932
5043,4931
2334,2768
596,4936
3528,3878
753,48
2239,2847
4095,124
2436,2858
1470,1857
1596,2865
4481,2774
3458,9
1294,4935
1573,4850
5008,2845
293,46
200,2803
3354,4670
1466,4958
3743,4727
2252,4267
3091,3
4516,66
2291,4791
2662,1742
1902,4849
351,2781
198,4797
234,4746
1852,4720
1945,1817
938,4953
2703,4902
4360,1725
1790,1861
311,2779
571,4969
1760,124
1751,4772
2717,4849
107,42
535,1840
1168,4938
4442,4673
4622,1808
81,3913
2512,62
4984,4250
3317,4989
3848,115
3825,4249
4530,4905
1722,4816
3128,2827
4711,2856
4319,4736
3928,4830
4104,54
2677,124
4977,4672
3782,319
2660,2800
4210,5063
4710,4820
4221,65
4463,2856
4614,2840
517,4896
2003,4749
19,4941
5080,4694
4581,4769
1708,2795
135,1834
4210,1726
147,1726
29,4763
3266,2800
3359,1735
399,4930
4505,4991
4804,4751
426,4908
3757,1840
998,2773
615,4697
579,4831
848,2774
1178,69
2101,2860
4187,4929
3890,54
3320,4902
3246,5063
1938,1860
1609,4971
597,4880
31,4958
1090,133
587,4684
3191,4856
4841,5004
111,2832
4227,4817
4449,1846
4632,2812
4315,4920
2520,4635
3343,2782
4600,48
2802,4903
1141,5001
2429,2796
4621,4957
3741,1731
3625,5074
1614,1731
2427,4994
3486,2866
742,4847
4162,68
1421,4266
323,4773
3295,4831
2594,38
1544,2860
1401,4773
1072,4931
2495,2764
3309,2854
3395,4935
1631,1857
3989,4654
2,1840
938,2856
3922,4761
909,4728
4554,1808
3220,52
293,4850
2630,2814
37,1818
2189,4776
2362,4787
751,4911
321,1857
3536,2796
1937,4679
711,4902
2395,4998
1469,4673
93,4908
3807,1846
519,4816
3789,4905
3756,4764
265,4870
4173,4896
1501,4763
2119,218
4933,4779
2403,2849
954,1827
1296,4727
3210,1817
978,1735
3620,1740
2399,4249
4661,4913
4184,4267
29,2799
3785,4760
2411,4848
853,4729
382,2785
2600,4909
1179,2811
4620,4768
707,64
3196,4970
4283,51
2947,21
814,5004
4141,49
1704,4872
1477,4954
4263,4799
3480,4930
2618,5073
1768,3879
3746,2831
1656,4896
883,4916
3713,4831
1666,4850
1392,4681
2048,4718
2450,3505
2970,4962
1299,1740
1037,4946
3538,1832
2229,4818
136,68
3059,4904
4838,4772
3557,4991
1094,2855
3899,4911
2339,4779
4576,4998
1210,5000
1246,4668
3602,5075
383,4855
3393,4947
4243,2858
3383,5069
3753,4774
3674,1836
4498,4929
2718,2822
1685,4761
535,5073
4636,2800
739,4970
4466,46
817,2817
689,4692
3896,2831
355,4830
1915,145
1280,4965
2142,4912
436,4680
1600,3913
2578,40
1628,320
450,283
242,4779
3526,4773
1365,4883
2617,2844
3720,2767
4167,4750
1765,5004
1064,3914
2695,5074
4132,2864
2697,4265
688,1847
2919,4958
152,4952
265,2768
1406,4997
1328,51
3139,4731
676,3883
3466,4735
1445,2814
3956,13
2742,4817
2564,4731
2874,4681
489,4919
4823,4910
2987,4769
5028,2851
4568,5004
4588,4970
5041,1808
4477,4249
1453,3914
2505,4909
345,51
3306,2764
277,3880
3656,63
251,4688
3119,2827
2410,5074
2021,115
4945,2841
564,1862
2644,5000
1630,51
3008,4900
4804,4674
2351,2853
1602,5004
188,4870
1718,4739
3401,2765
3943,2848
3584,2767
4121,4671
789,2779
2563,2848
505,3878
1279,4824
3431,3505
612,1845
4636,4685
1329,13
751,2857
1675,4870
542,2790
2912,1857
1895,4771
4443,2817
4425,4878
1177,113
4976,5002
3308,2829
4000,2798
4083,4816
1046,4634
1075,4675
4805,284
2502,4762
1097,4792
1422,4873
246,1849
2291,4892
487,1
4812,4890
4490,2854
2336,4818
674,4938
692,4765
2726,2818
781,115
2091,4693
1622,4956
1493,2833
4439,4678
813,3914
4400,145
484,4765
88,4766
916,2838
2107,4789
2527,4676
949,1788
3517,1748
4758,2864
2428,4674
2309,15
168,285
419,2781
1937,13
2258,4788
4313,5066
4530,4672
595,4831
1903,2796
4087,4907
1272,4687
799,113
2043,4720
803,114
779,4884
203,1748
1044,4818
4201,1817
3159,1831
4279,1842
1125,4894
2350,4752
3605,2844
1174,1818
1562,4994
699,2768
3665,67
4423,2847
136,2844
3919,2788
1647,2867
924,4679
3645,4613
1011,21
1201,69
1523,4764
1142,4790
2077,4692
2235,2855
178,4848
570,2782
791,1856
677,4762
1318,4760
3848,5064
1002,4782
412,3879
1256,4848
773,4930
1365,4248
1756,4856
1132,4904
2595,4783
4572,4831
4610,2781
2458,4913
1189,4997
2928,4938
2216,4779
4491,4918
268,56
2028,2776
483,4882
3031,4686
3399,2783
4706,4972
1765,4738
4637,4901
306,2794
4796,3877
561,2821
3381,4783
4130,4787
492,283
2555,4952
3403,4680
2927,4734
753,2795
3311,60
149,4831
2009,4961
4516,2774
1319,113
4592,1844
2298,4880
126,62
3933,1861
1819,4250
3288,5064
507,2779
2421,4251
3046,4668
3646,4968
1649,4788
1883,4771
3509,4760
227,4782
3666,4951
3351,4671
2675,4870
3478,2774
1544,4791
241,4829
4709,2860
1906,3877
1366,2768
2994,3879
3451,1840
5040,1851
3493,4890
86,5000
1767,80
3869,4995
580,116
3287,4953
1562,1842
3750,4691
222,2671
2243,52
4600,4964
1800,114
1866,4832
2561,4957
2685,48
468,2864
1996,2856
650,41
2340,51
3790,4915
2262,4891
572,124
915,1841
1561,4729
1171,4251
4710,4958
4822,58
1877,1833
89,4941
1654,4910
4702,1840
4364,4907
2409,2820
4349,4953
3146,4736
2278,2864
4168,2810
382,2843
2195,4905
3600,4965
1513,3913
1005,4765
4359,2858
643,4989
4629,6
2746,3885
1487,4878
583,1730
3769,4855
531,117
3019,4971
1803,2821
1921,1808
678,4897
3366,319
1695,4730
276,4669
937,1835
3529,4894
2043,3915
4039,3914
4071,1834
1100,4797
2575,4968
98,69
3351,4685
1282,4782
479,320
2002,1737
2879,4737
1022,4761
3264,4771
3064,4968
3406,1727
3222,1816
1984,4940
2931,2658
548,2860
2202,4996
2200,64
1159,40
193,4862
2385,3886
3001,5065
3206,4964
4387,1827
1570,4818
773,4774
4022,4753
542,4738
2029,4634
1749,67
3515,4784
579,51
763,1726
1232,4879
129,4938
3692,4957
1349,2785
518,4986
2306,113
2,80
613,2788
2537,4992
4377,1808
1668,4905
3075,4930
1285,3877
2082,4861
272,2789
1119,2862
604,4752
1162,4793
2097,4799
2724,2765
4605,4876
2567,1861
3953,1740
4068,4248
1049,4931
2011,124
3128,4766
3032,5074
4565,2779
950,2796
2489,4876
4757,67
4043,4884
2591,4727
3013,4672
4183,4815
627,1856
3702,4860
1265,4891
3150,4695
1381,1725
3211,4816
4895,4934
1911,4741
862,4762
4665,4671
468,1848
1616,1860
1603,1834
3280,4892
2458,1730
158,115
1462,1857
4557,319
4366,4681
3124,2862
4459,4249
2680,4934
76,319
977,1846
4055,4742
3689,1817
629,4728
2552,4692
1613,2827
3289,4937
918,4693
546,4819
2512,63
1360,3913
1373,4916
736,4760
5052,2844
658,4773
4273,4885
3934,3505
3629,1735
3028,4860
4451,115
245,4741
4028,4992
3531,4696
4235,1844
4745,4934
74,4892
3989,115
380,2853
2306,5018
622,2844
3526,4872
2904,1733
3894,48
230,1827
398,4737
1772,4253
1611,4818
4056,21
2312,1838
3154,5069
2197,4847
4715,4779
2331,4729
4391,4883
4471,2773
2602,4251
2859,3924
3611,1726
3725,4936
2421,4684
2132,4987
4152,4265
3842,2800
926,4908
881,1861
431,4728
565,4890
78,133
3414,55
3553,2765
3086,4781
3842,4951
1404,4911
4756,4892
3590,4792
525,4968
751,2788
2111,5020
1562,1816
4599,4819
2279,2851
3326,4815
4337,4903
781,4963
1699,1847
2048,4979
4067,5002
3342,50
1787,47
1536,5002
4565,4816
391,2858
4365,4872
2265,4936
1995,4786
1483,4720
3850,4991
3311,2658
1037,5070
2458,4896
4459,4776
1500,1725
4084,4734
2746,4994
4838,4824
665,4789
2371,4955
3460,4935
267,4266
3818,3883
984,5000
4354,2847
5043,4913
1240,5018
1572,4954
2032,5019
4176,4921
3352,2774
331,1816
1657,4789
826,4691
3822,4669
4405,4250
2271,8
1884,4939
396,4250
2359,4694
309,4674
2000,1729
3239,2821
4647,4266
1033,114
4515,5063
3191,4952
3960,2847
2852,2822
4011,1861
1332,4788
1032,2794
4557,4987
3759,4961
3524,1808
1691,4906
1079,2798
2588,4993
1799,4787
1182,4787
3442,2847
2431,84
4005,4694
2476,3881
2919,4907
167,116
108,4783
3303,4993
1486,4979
4279,2781
852,4830
4128,2823
4587,4797
4254,3915
3344,2838
221,1
875,4961
750,4879
1754,2847
1561,4992
1063,3505
175,4829
817,1850
4814,2813
2984,47
2707,2782
473,1726
2859,4962
1683,1732
2192,66
1090,4938
1780,1728
1144,1848
2301,4248
3067,1861
2568,4890
4524,4885
3452,4882
1257,5070
1084,62
4606,4820
2031,4789
827,2835
1322,4978
2580,2813
2842,4990
774,4727
4716,2858
4054,1857
3663,4944
451,4891
3115,4902
3144,1732
1381,1731
3157,4788
3747,5004
269,2829
3958,283
2956,2867
3435,1850
1010,4690
1479,3505
2652,2790
2551,4761
1539,4760
1278,4940
2339,4889
4186,1
3394,4958
3027,4891
4295,2855
2745,1735
289,15
4293,4750
3125,4264
3195,3877
3685,4731
1006,4937
5071,2767
2552,4734
588,4787
991,4790
3612,1857
4367,3912
2136,4791
1085,131
4745,4972
368,4683
1792,2773
2334,2831
225,5018
3664,4926
2494,4931
1024,2809
2677,2787
405,62
2274,4675
2951,4735
1422,2857
1946,1849
2023,1845
517,2847
2218,4880
4227,42
4222,4759
2450,132
3786,2809
3542,2789
4416,113
4134,4884
1995,4250
2935,21
2133,1855
1883,4678
1709,1788
608,5065
3376,4697
1710,4770
3964,4780
2202,4908
496,4903
2979,2853
4095,4988
925,4957
3471,1730
72,4673
2981,2796
1927,4685
3171,2858
3521,4763
3171,4912
770,2767
0,2787
99,1735
770,4676
2087,4738
3663,113
620,15
3386,2779
2737,2855
426,2768
3483,2809
747,4995
4522,4697
3193,3879
1065,2827
1471,4791
724,4911
3753,4947
1116,4857
2301,4954
4798,4909
2288,4683
916,2839
4468,4889
2861,5069
954,4961
3267,4694
3696,4676
1398,4972
4184,4668
2182,2784
2512,2658
3080,4670
2667,116
291,4902
2037,4683
1105,4940
4223,1731
2252,4784
4591,5
2170,4787
585,1849
1560,1727
4125,1851
4387,4997
3010,2810
2924,4687
1299,4905
3225,4926
2714,2811
3940,5001
2194,3877
4326,4929
1544,2773
1060,3886
4038,4693
2096,4737
135,4787
4474,2814
3847,4778
2608,4690
1583,4913
2763,3885
725,2798
2623,4961
3859,5065
4102,50
2055,2831
498,3884
3782,38
675,4695
1643,66
1209,4997
4202,1734
1815,4733
1412,4987
4159,4890
4835,2846
1484,4952
4661,4676
3771,2833
2762,1817
4810,4884
3730,4902
616,4753
502,4732
4112,2867
1829,4759
849,2784
1531,4697
4236,2764
1288,42
2075,13
1318,4761
4282,3914
2954,4887
234,1728
3766,4892
1100,1847
282,4787
4317,4635
1008,3877
4350,53
2609,4267
2202,4675
2133,4829
742,4788
1278,4682
3604,2844
4155,4939
3517,4856
4526,1838
994,1849
4836,4856
2127,4965
3327,4828
551,117
2757,2858
528,4965
2096,2847
1576,4919
1321,2818
3388,66
3218,4989
995,4668
4092,320
211,4672
4410,4720
2212,4735
1482,4733
4708,4799
507,4675
2934,4739
2199,4772
78,4677
890,5018
1413,12
4280,4784
2484,4801
1405,4799
3185,1731
5067,1857
1738,2849
4236,4784
3644,5004
3807,4672
4434,2794
2873,4887
2985,5069
1138,4781
395,2820
590,4901
2751,4265
1096,2785
2942,3913
1804,4743
1295,4673
4851,4613
1151,4635
4506,66
4505,2779
695,2837
2574,64
1171,4793
1560,2785
1720,1846
1880,4992
2167,4877
4134,2768
4186,4889
1641,1818
2905,4797
2324,2787
363,4773
1934,115
3229,4905
2361,4728
3516,4957
4715,4892
1705,3881
262,4727
2561,4956
29,4248
158,4766
2911,4862
717,2783
5053,4879
1161,5004
4470,4862
3198,5019
2101,46
4424,2787
2340,60
1719,2800
1241,4785
4142,1733
2079,2812
4623,62
3294,124
24,4952
3790,4771
500,4882
1937,4941
3415,3878
2667,80
418,4688
3662,49
1611,145
5060,4776
2157,1732
1937,4830
3277,4997
3132,4886
2119,5075
2828,63
533,4682
3946,4987
4230,4856
1076,2799
2901,4786
2591,4736
2392,2837
1438,4774
3401,84
3364,40
3176,4876
2509,4857
3433,5077
1234,4824
1198,5063
891,1848
3087,3878
1064,5074
2123,4888
3634,4264
3661,41
593,4751
3066,4693
3138,38
1432,285
4406,4790
2385,42
4463,4675
4985,4748
2638,47
3954,4786
2744,4769
2940,4896
3194,2765
2547,3882
2991,1861
4024,42
1385,1848
4064,65
3285,4847
3571,115
4026,2772
1964,1836
3616,4908
2965,4830
4054,2820
1149,12
3155,4760
1704,1843
4594,4752
4362,4731
1256,4732
2112,4905
2461,2851
828,4941
3764,1841
28,4952
468,4909
623,2779
3152,4774
1317,4734
1637,4848
1986,4786
2099,1725
2124,1818
1415,4998
558,4903
1274,4956
2597,4654
3859,2786
1105,2851
2542,2831
3835,2820
1279,1849
4163,4858
1465,1833
4023,4978
4442,4248
4435,1855
2966,52
3221,4847
3690,2826
4550,1856
3438,1848
4756,2781
4645,4761
1989,4793
4552,4861
1458,4732
4025,2772
3230,318
917,11
2563,4848
3209,4920
1007,1831
3079,4776
1301,2867
1247,2817
4866,2800
3487,4774
3361,5016
2205,4818
839,64
3014,4267
1946,2838
3850,4761
2501,2841
1187,114
1854,4668
2889,1725
1072,4762
2009,4751
4213,6
1291,2860
134,9
1281,2776
4463,2776
3964,4939
192,2772
1880,5020
3567,2787
3687,6
1678,4729
2002,68
3195,38
129,3877
2139,4903
3271,133
1318,4791
4599,1856
4722,9
3942,1733
3489,4768
5023,4693
629,4679
2868,4880
1700,4669
5050,4248
1352,4739
2336,4891
4614,4743
969,4961
2348,1742
2036,4675
551,5004
3614,1896
324,1851
3426,65
2760,3924
995,4968
2576,2848
4447,4963
3356,4903
4214,4831
239,4783
3782,4965
4381,4902
3795,319
3416,4766
4076,4674
354,4733
1522,3
928,4879
799,4978
3509,2798
1343,51
654,4921
1933,15
391,2773
5043,1841
3409,4990
3756,50
4402,4732
1005,40
738,2831
2736,2841
3750,2796
213,4946
4036,5001
609,4918
2495,5065
619,5020
1061,4819
4837,4910
2486,4819
1928,4829
4125,4781
717,4904
3587,4986
3504,2821
3928,4978
4641,2838
4395,4267
2039,4956
1794,8
2985,1832
248,2843
1989,2809
138,4885
1275,133
3351,4801
1963,5074
1659,4969
3824,4754
2954,4956
1812,2864
3192,41
3362,4775
2596,4774
4725,4987
1795,4832
340,4760
522,80
232,1856
4103,5016
155,1843
2541,284
4609,4915
2976,4971
1543,4989
382,5069
1077,1843
3711,4892
2029,1846
1297,5
4866,2822
334,4720
4367,4761
848,2825
4353,4749
4450,4961
2647,41
2380,4946
3097,2784
2292,5020
4295,51
2994,5074
3953,4951
4367,4878
4497,4816
1525,1740
2255,1742
1055,1857
3669,4884
1700,284
2713,4830
2752,2811
2151,1857
35,1728
1147,4857
3041,145
2446,4929
1020,4692
3521,5020
3548,320
950,4678
1414,4891
4836,2847
594,4990
2370,2843
2932,45
665,2794
4244,4791
4811,4816
2318,4753
3742,1818
3729,2823
4037,4775
1945,2867
4274,4913
3473,4770
1595,2768
4651,2784
1346,4896
178,2814
3763,4267
965,3912
4065,52
4347,4832
1622,4692
3430,4654
171,4849
3328,4751
2744,4828
2504,4779
2266,4886
3260,4668
806,4885
3762,4903
112,4987
666,4670
2971,4772
354,4940
2283,2811
3205,4674
3289,9
1262,4765
1046,4958
422,4765
548,1832
4807,4730
2937,4735
228,4751
5023,4681
2740,4769
1988,4754
4563,3877
576,49
3851,4951
2221,4681
732,1818
354,4782
2511,4883
3530,4956
3093,3884
1770,318
2289,4966
1334,2811
1649,285
2926,114
4564,4788
2249,54
2428,4783
1702,4793
2663,1841
362,4951
1801,4613
525,1748
4340,2833
1898,4777
2407,4789
1972,4921
2701,2829
4230,1725
279,4944
2446,4947
3043,131
1072,3615
2678,4783
3892,4747
1611,1846
1124,4749
1815,2658
4352,3883
3314,2790
2426,3883
1626,4683
4548,4249
904,2790
655,4686
2150,2796
1549,116
3833,4904
4121,4828
1579,4946
2582,4800
4044,1730
3458,2825
2264,4913
4440,3505
1790,2857
2897,2785
2458,1833
2328,2788
4982,3913
3501,4956
2745,2843
1766,4696
4347,4862
2741,2832
369,4919
5013,2854
2025,4676
1330,4779
1077,4728
748,4776
894,4730
2212,2825
1719,42
852,1848
4408,124
1744,1896
1680,4930
679,1849
2282,4856
1371,4266
3115,4692
4326,2808
469,4880
168,1831
3494,4754
2384,69
3623,283
4141,4932
109,4687
729,2835
2737,4820
1138,1831
1587,2860
2095,2866
2574,2837
4853,4998
699,3615
4310,1857
2339,2788
2869,115
3726,4971
1369,2845
3096,2813
304,4969
4622,132
2861,4860
5043,4876
841,1841
4220,2829
3112,4849
863,1844
3403,4748
1717,1837
4191,4799
2319,4783
1528,1833
2555,5020
451,2786
581,1855
2165,4890
3614,2767
4659,4678
337,2794
4566,5004
3588,2853
2479,4917
4109,2799
4313,4248
1768,63
589,2854
1484,4907
782,2773
4525,4691
1035,4687
3027,5066
1059,4878
4000,2784
2305,4729
720,2858
3447,4892
1260,1818
3838,4681
3008,4723
167,4760
1446,131
296,2803
1864,2856
2280,2824
3558,2843
3740,2823
1079,2765
3503,4751
2126,4957
1118,283
2647,4819
4185,4848
3899,4737
3216,2821
760,5075
3349,4768
256,2829
699,4912
4031,2811
2995,3884
1510,4248
2150,4888
4590,4855
87,4690
125,4763
3706,4946
4507,4762
624,2795
1013,4251
79,4889
3028,4917
3067,2841
1353,4995
1125,45
3568,4765
2248,4916
315,80
4868,1847
855,2784
2643,4694
1419,4783
1971,5066
4534,2817
1772,4951
3243,4880
4329,45
4190,1856
346,4993
799,115
4554,16
2045,4970
1222,4734
1331,4965
1513,5002
4510,133
4619,4815
3689,2808
461,4939
3183,4731
4623,2765
3331,4780
2571,3915
1461,4635
4432,4873
534,2833
661,4776
1770,4690
3572,2827
451,63
1062,1817
3849,1808
2647,1851
346,2765
1705,5016
1705,2823
3719,2825
142,2827
1512,4749
2186,4849
1939,4679
5037,1732
917,4900
2191,3880
1108,4979
2133,4971
2886,4908
3110,4748
1955,4679
4268,2856
3507,40
4545,2773
4285,4998
3012,284
1746,4771
143,4728
453,4778
1063,2849
2086,1835
4132,4753
724,4926
2460,4931
3151,4971
1031,2783
4711,5002
2172,64
3931,4674
4168,4890
3861,4910
244,2810
4027,4634
488,5069
3931,1742
1158,2790
3690,4877
4504,2768
829,5077
911,1834
2739,4965
4586,4978
1530,4264
4083,2767
205,4997
2209,4681
2135,4815
4030,4926
1370,4964
3282,4904
1319,4747
784,2808
364,4860
3802,4684
4411,4994
2913,1730
3840,4897
3370,1733
3378,4768
4082,4249
3490,2866
325,4914
275,5016
2950,4916
887,4780
1517,4917
1653,4947
2469,4996
944,11
1527,4907
148,1855
262,4938
1059,4906
1533,5077
4612,2866
3000,4729
5036,4754
4822,2857
4159,4248
769,4969
238,4718
2991,4848
4419,2843
3408,4747
2450,4963
4943,3924
3927,4267
946,69
2637,218
3033,4858
329,3615
1486,2851
3618,4792
4433,4944
2602,4855
1314,46
3198,5016
2185,4780
4491,4902
337,4678
1806,1843
43,1896
2607,1845
988,4790
4532,318
994,4919
2882,4695
1773,4680
2192,4820
5045,1836
558,40
1176,4969
3663,283
745,2843
3256,4966
4135,4248
3478,4879
2587,4903
4794,69
3503,4989
4190,80
3677,4856
4082,4917
470,4953
172,65
71,4751
3214,4723
4608,4782
702,4265
4615,70
1310,4738
2778,4860
937,1833
1664,4775
4607,4689
92,1896
3280,4896
2549,319
3407,4903
2450,1726
3768,4800
3638,4992
3919,2810
1313,4930
2151,4771
136,4718
3617,66
424,55
4597,4993
4103,4902
2144,5016
1356,2841
987,1862
4273,4671
3470,4769
1497,2784
4476,2798
2591,2658
1251,115
2871,4635
3995,4937
3037,4879
3855,4918
3279,1837
1057,4995
4493,3885
3225,4696
1408,5016
2524,5065
4535,4957
3975,2809
4036,4695
3389,56
2463,4990
130,3505
1703,4738
4590,2858
917,4634
2003,4883
4083,124
586,1834
2910,1742
4530,4741
624,4891
679,2789
1049,4929
3330,1849
548,116
3566,4267
3463,1827
1977,4970
2031,4749
1570,51
4175,4887
3951,34
1432,4988
2418,4930
3352,2812
457,4264
1718,4681
100,4855
3211,4818
1032,4635
286,2809
544,8
1991,2786
3796,58
3091,4265
1366,4951
390,5074
3846,4669
4225,4695
4156,4861
4311,1835
3010,1845
344,4912
2103,4861
1462,2799
2747,4953
1166,1862
2615,116
2791,4883
1794,55
2503,1726
2200,4729
539,2814
91,1730
3095,4696
4282,2840
1568,4763
513,2787
4871,1728
3561,4673
4430,318
2649,3877
1791,4718
3024,4635
4636,1856
3951,5075
2724,2847
4664,4683
2409,4742
3455,4991
4080,4686
2207,4961
3945,2829
2418,4249
633,4870
547,1835
1347,4916
813,4730
4510,5064
1384,5066
2077,56
1037,4907
2498,4989
2390,4919
3370,5073
4228,4691
3299,4695
3105,4817
3575,1839
2724,4920
1108,3880
740,1730
957,1860
165,2786
4156,2854
3562,4677
3863,2768
1738,4817
751,2816
2513,1748
841,4727
4745,4791
2234,5064
3444,4992
100,1836
918,4264
4116,2824
3698,5074
357,4791
1480,4250
1100,4771
201,4672
4515,1836
3809,1849
1414,4680
3469,4995
874,3882
1412,46
5032,4916
471,1844
341,4969
1640,2813
4304,4917
1159,4892
3129,4682
996,2858
1469,60
3895,2846
1479,4832
471,2847
1825,2808
18,4888
328,4918
4289,4731
3406,13
3951,3915
443,3505
717,50
1240,1847
2895,4613
2583,1849
4219,4951
1721,4882
4193,5069
4087,4829
2204,284
742,320
1925,3885
2252,4760
148,4861
553,4905
716,4819
2035,1849
1656,4996
4661,2827
2064,4979
433,4654
1346,1860
210,64
4123,4634
4485,4873
2663,4879
3662,2864
4293,4934
554,115
1657,1862
649,1847
787,2776
608,4784
1874,4947
2875,2795
3478,124
4864,4739
336,3885
3509,4781
3241,5063
2019,2818
259,1740
2035,4819
1531,46
608,4911
134,1788
4625,4830
520,2857
2949,1817
118,5075
260,2796
4973,1842
3388,4993
4068,4761
4125,2776
3429,4790
1503,4963
4159,4931
548,2785
1256,4890
3151,58
212,2765
2686,4986
3243,4741
4017,2794
418,3880
3654,2785
4319,2853
2399,4250
4967,4729
1628,3924
3344,5077
3033,4737
2351,4754
1900,4971
2425,1845
880,2808
4600,2837
2639,4250
4016,2865
2440,4696
2133,4917
1988,4755
1791,4755
3204,4751
4454,63
934,2846
4411,4749
3860,320
3726,4847
445,2765
429,3912
993,4775
4292,4803
3900,4947
1654,4884
396,4783
2569,4686
2359,2794
4864,4723
2156,2855
1262,1735
844,56
247,4916
2375,4979
2586,2782
3336,4989
4011,4929
3230,2847
3263,4697
250,4990
1588,1737
2842,5069
2317,3914
956,4249
957,4784
3493,2851
3605,3886
1509,3913
1722,5077
1884,4772
314,116
2178,4850
2733,2798
83,1841
3385,115
4623,4266
4352,3884
3957,1737
4144,1728
3007,2776
4758,5064
2737,58
2232,4683
1470,4961
3494,4902
2003,48
3439,4771
1717,1788
1892,2831
3946,4690
2345,4912
4454,4791
3481,52
1883,4968
1194,3615
1633,2776
3650,3878
3741,1843
4295,2849
4149,2811
4293,4748
746,4908
1941,4995
1361,2787
467,1740
842,4820
3728,4953
1182,4914
2114,5019
3474,4692
2466,4861
2053,3615
3821,12
2218,2788
4123,4824
3857,4734
3868,1833
3159,4680
2924,2840
2057,2845
1030,116
1778,4873
2913,4935
1571,1734
2051,2854
2357,2764
149,4792
2286,1846
1310,5019
2477,4961
1394,13
1698,4765
904,3885
2162,2840
581,51
789,4862
1589,4799
4725,1834
2740,3881
4950,1725
2771,1731
678,1851
2925,4265
3641,4766
3501,1839
782,4941
3154,4250
2179,2846
3191,2816
5041,4921
379,1727
1165,4746
999,4962
2069,1843
3782,69
4699,55
2544,1836
1927,4687
1480,1
4826,4768
4493,4911
375,2781
3146,4902
4511,4752
3954,4762
2742,4996
1340,2799
1354,5070
2199,4934
3504,4824
4327,4264
2097,4996
2514,4906
4188,4965
3610,4987
588,1857
2585,4818
1430,4689
4336,285
2623,4783
2435,4958
4119,2786
4067,53
1496,4760
3100,84
2542,58
1175,1818
3276,4688
2656,4937
1264,4910
3065,117
1006,5064
4279,132
2032,49
3486,4858
4113,2858
4289,58
5062,2817
4298,4909
1451,2787
2468,4686
1161,4720
1443,3913
99,4861
2721,4903
2222,3924
808,1840
3153,4753
2140,4934
423,1737
3551,4970
221,4914
4471,4848
972,5070
2337,4964
460,2808
1301,4996
90,4958
2278,55
1614,2816
1659,4677
1386,4994
1567,2844
1360,145
4130,2781
4365,2764
1906,2776
4066,3883
82,2865
4110,2848
1490,9
4339,4855
1105,4848
338,2858
1248,1857
1554,4685
577,4931
1382,4978
1158,1896
851,4947
2686,4736
2706,4930
1634,4904
1683,4828
1581,4688
1107,4965
5022,4886
1496,1849
4651,55
4149,2783
4508,4692
3041,284
4386,4879
3517,4741
658,4682
1942,4670
713,4903
3710,2790
1983,4957
5003,4817
721,5001
4191,1833
1753,4850
2758,4993
2649,2822
1036,2822
4141,2864
3075,4971
3837,2785
3969,5
2081,6
992,5066
3545,4264
2148,42
4574,4250
3101,4669
1912,4946
2395,2831
3593,3912
4415,4787
1116,2857
3586,4917
4382,2774
3823,2822
2909,4759
2097,1827
620,4766
2504,4904
1723,4779
3565,318
1016,65
3003,4735
1618,2846
2943,320
2096,4785
3936,4800
3618,6
3596,5018
2902,113
3177,2824
3319,5000
2544,4733
1689,5016
2962,58
3525,4783
2681,1742
2482,2822
4464,4788
4461,4894
2339,5063
2580,4751
1190,4250
1171,4938
3854,3881
1018,15
1376,1851
604,1860
4146,4739
1406,2816
1339,117
1259,4741
3291,1836
3363,117
436,4669
1639,4965
4297,1835
2516,2790
4086,2823
3989,3915
4542,7
2445,5066
1207,2789
3908,4732
2020,4892
1902,1727
3485,4829
1139,145
3736,4986
1185,4932
461,2843
1013,2846
3100,4800
3392,2825
1214,4996
2554,2829
3917,2772
439,4696
929,2855
2232,1845
3185,4815
2685,2812
4612,4892
4128,21
3083,2820
3090,2774
3057,4906
3520,4723
1087,4997
653,218
644,4913
4642,4766
4289,4782
2456,4784
3765,4791
4846,1742
4263,5073
473,2658
441,1832
712,5020
1648,13
970,4995
1350,69
528,12
1588,4877
1997,4265
2617,55
902,4978
1405,4830
3781,2865
2836,4799
4601,133
1715,145
24,3505
3636,4907
2019,4885
992,4902
340,3879
999,318
4418,3886
2484,4817
4016,4748
4000,4790
4505,4880
167,4687
1880,4978
5035,1861
3461,6
4589,2841
3917,2840
2343,2809
369,1816
4331,58
342,4850
2501,2837
3747,4678
2256,4916
1761,61
3179,4882
1935,4890
151,2809
2961,5074
4171,4743
1305,3883
2892,4654
1281,2764
1244,2800
3380,4896
1313,4914
812,4920
4517,4250
4590,4672
3650,4249
1393,4730
1787,1896
2490,4880
4545,4766
1640,5018
3178,4931
3012,2848
1134,2827
2357,51
1153,116
298,4799
496,2821
222,2799
1964,4921
1267,4763
3544,4910
4076,4671
2187,4769
3253,4938
3072,4997
5048,4887
192,4746
377,4738
4437,3505
2603,4908
2279,41
3461,1733
3327,4850
4359,70
1641,67
4798,4680
1394,4762
3534,4635
2002,4880
3926,4964
119,53
3962,4738
1339,4778
1705,68
4823,4672
823,45
1574,4613
1495,4690
3865,1726
3228,4926
3844,1843
1289,5000
712,1728
2503,45
2936,1850
4244,4765
1925,4890
72,4797
4088,4887
2890,2839
4292,4884
236,21
1790,2817
2852,4828
1779,4947
2877,4788
2923,1827
4147,4910
2661,4941
822,9
2297,4768
3753,4734
4475,3915
4112,2831
1477,4672
3555,4762
1723,2851
1795,2798
765,2789
696,1726
1494,4877
544,4751
2704,4996
2736,3
2519,4829
4722,7
3050,1845
2386,4755
1587,4739
3534,117
1536,3881
3577,1896
557,2858
1143,3879
3996,4760
3163,285
716,4687
2893,2658
3700,2808
4127,4905
4554,2768
3083,124
1757,4779
1893,2767
5038,4879
1746,4873
1359,4996
4808,4742
2488,42
2223,4753
2279,4937
1451,7
3735,4990
2624,2816
3290,1851
3128,4783
2666,4754
357,2808
509,65
199,115
4030,1725
726,4903
3008,3914
4463,4882
927,4962
2472,5019
3647,3882
3299,2862
1331,4956
2388,4918
4554,4849
1348,4870
4009,4686
1391,4768
826,4671
666,4872
1381,4793
661,4734
1220,4729
2263,2767
2392,2658
5013,4817
2335,4734
608,2824
747,4748
1326,1832
4435,2795
2459,54
1640,2671
3482,4952
1245,1832
3788,4768
4260,4786
2551,4790
2719,2789
2616,4741
4522,4847
1997,4753
1476,12
2062,4694
4177,4915
1562,4763
1691,5070
148,5016
1357,4728
3710,4692
1597,1855
354,4907
4397,1851
596,2794
3531,4858
1173,2764
4949,4679
3972,63
1200,2790
2383,2838
1656,2812
1546,2858
2573,46
1718,58
1340,4892
930,2785
908,51
841,16
2320,1856
3749,2810
3394,1740
3891,54
1088,63
3270,3885
106,4791
5034,4765
370,1726
2616,1844
3242,2818
1495,2858
4022,4877
3012,4965
3399,4250
3513,4920
3439,2786
4866,4978
2583,4738
2047,54
3863,21
4898,4876
325,4873
1853,4849
897,4931
1288,4738
4875,1846
3243,4727
1664,319
1379,4944
755,4896
5048,2848
1368,2816
4060,4755
1456,2827
1941,4879
2966,1817
3629,4941
3049,47
4306,4847
2523,2764
170,4815
727,4800
878,2798
1962,4797
2541,3914
4473,4905
4854,2814
1331,2856
3975,131
2920,4793
3429,133
2434,124
4805,70
2056,2816
2153,284
1067,4765
1563,2864
1614,1856
3253,4784
483,4957
3771,5000
2228,4946
3126,4872
807,54
4263,4872
729,4905
3670,2816
633,55
3890,4727
4531,8
4867,4753
554,2818
2933,4762
2745,49
3355,4986
5068,4793
605,4737
306,4797
1598,4988
3337,4830
2529,4873
4236,1855
4977,4849
1193,4910
658,2840
547,65
4550,2858
2292,1728
1755,4784
1366,4883
843,64
4543,45
3515,4267
107,4920
2932,4946
1371,2818
2988,4764
1650,11
2475,4723
1367,2823
4633,3881
3359,4673
3059,4682
266,67
149,2772
3017,4769
1719,5002
2049,4855
2034,2811
4174,2854
4299,2810
820,1735
2277,4762
4321,40
3384,4919
1425,4951
1351,5073
2545,2765
111,2864
572,2854
3634,2784
1997,2860
674,38
3580,4772
2157,1848
4218,1847
1240,2811
2283,4265
2059,2818
717,68
949,2783
4188,2811
3126,4971
3382,4938
4386,4955
2401,1
680,80
2637,4907
2729,4768
2381,2839
3483,4884
2172,62
598,1848
1190,3880
3931,4728
4456,4918
2653,2783
137,5065
673,4751
4959,4251
2259,12
3342,1839
4469,4688
1515,47
3073,4993
373,4910
1498,5077
4593,4873
3630,4944
774,1734
3465,4789
4615,3885
1041,4803
3211,4748
255,4672
3783,4994
609,4962
897,12
1110,16
2130,1841
3502,2765
3060,4253
934,2773
4287,4790
1810,2790
4369,4762
887,4731
891,4732
1198,285
2588,2808
3654,3877
327,4931
2125,4727
1705,2843
644,4265
1970,4889
4586,4816
4744,4873
233,4733
4318,4860
3206,4738
3024,4693
3570,4752
1427,4729
3232,4932
1373,2862
1987,4890
4005,4727
405,4946
4568,4672
2635,4720
250,4686
2467,4918
3853,4739
1143,4971
3255,4692
3537,4951
1406,1817
3139,4858
3640,4873
3197,4742
3906,285
1546,2800
1964,4998
3519,4847
1676,4792
4001,4818
4566,4786
2802,38
257,3915
2916,2846
471,4772
2039,4723
1876,4951
1544,2776
1380,4774
4362,1735
139,4777
44,2764
4440,1839
5053,2765
2517,3878
3134,1843
1325,2826
5046,4831
1567,2847
2455,132
223,5075
973,4676
81,4926
4577,49
1645,2854
1261,4774
4980,4956
882,2825
507,3912
1184,4988
2578,4832
2375,4762
397,4686
981,1788
109,4879
432,1851
4622,1839
2530,2764
3729,1846
3097,4917
3207,4790
2483,4727
3076,61
1813,52
3435,4682
895,7
3705,4947
4155,4940
2233,4857
3723,2849
3213,4669
4302,46
3329,3879
1910,1
1712,56
1279,4917
4630,4831
3304,2767
1922,4954
1177,4784
1809,2794
316,4746
1434,4791
154,4668
1353,4892
1029,4800
4714,4896
3487,4670
4188,4792
3892,1840
4066,4720
102,4905
850,2829
19,319
659,4678
1874,4888
3492,2862
169,4873
4206,4940
2304,4995
764,1836
1640,4751
576,4828
677,4903
2356,2848
826,4968
4122,1861
1787,4817
3875,4681
213,1861
2942,2853
2987,1816
212,5074
1097,4696
4428,4828
4089,5020
3445,4920
1396,2864
3826,2841
1889,1847
1338,55
4241,4971
1337,4992
4158,4799
628,4998
2483,2764
4498,2837
4508,2790
1323,1862
2511,54
3631,4919
2301,1896
3212,4890
1610,2854
460,4947
4311,4738
4189,4727
3018,4820
898,3884
4321,4775
2491,2814
1488,5069
2628,4958
686,1847
2508,4905
1255,2831
4158,3913
1103,4789
3268,4878
2323,2798
2419,4677
539,4784
2157,38
3805,4951
3257,4782
137,4849
437,1840
2647,2817
877,7
652,4670
1706,4253
2565,4759
2219,2841
4392,2820
4200,4761
2929,38
1296,2783
3356,4738
1912,4782
3856,4896
3061,4906
1379,4873
2676,114
541,4783
3709,1850
1454,2781
4364,21
674,2835
4132,2789
1307,4687
3327,4878
527,1845
3613,52
2938,2812
5060,2843
4278,2843
3308,4780
2139,4906
4652,4676
473,2848
3136,5002
971,4878
275,1845
2868,4877
2280,2787
3990,4674
932,2790
3282,4697
2506,4682
3458,1832
3396,4912
1238,4787
2449,1730
3292,4788
722,2825
3205,4891
1613,4264
1321,1860
1210,4749
4000,5000
2651,67
797,5
4534,62
1433,4919
2734,4668
846,4892
2148,4775
1988,4969
504,4860
1566,131
4560,1737
2074,64
3653,5075
119,52
818,285
1018,2833
59,3881
4439,1816
982,4736
3866,4889
569,4727
165,2814
356,1735
891,52
1916,4746
5084,4681
2308,46
305,4831
4030,4267
3260,4917
1070,70
3445,4681
1391,4765
486,4766
2766,2837
3597,2790
496,4883
2994,4766
3754,4265
2609,40
3071,4797
1945,4990
1993,34
3166,1748
2019,4832
1803,4671
3257,3884
616,3924
1216,1841
4371,4994
3566,4730
391,4688
3777,5065
4427,4878
4837,4635
1192,4785
361,4817
4226,1816
570,4774
374,319
807,4759
465,4787
337,4742
1281,4855
2037,4989
1499,2867
2761,1737
4027,70
1570,4832
1824,4966
1752,4803
3959,53
1091,2867
863,1730
4509,2840
771,80
4107,4775
2737,4787
3822,4970
2098,2764
3598,132
2174,5001
691,4849
1759,4954
4484,4688
1101,4998
776,1727
3861,68
844,4734
2578,2857
1303,4847
4073,38
858,4687
1389,4897
1657,4670
3042,4265
3340,4800
3114,2822
1650,2798
1394,68
997,5016
1441,4676
1146,2825
4359,2826
3838,4932
3079,2813
4470,4970
2268,51
2678,1730
1152,4992
4280,4957
3629,4792
731,4879
1068,4775
3814,1731
4577,8
2380,1726
3263,2787
1685,4849
918,1834
2157,5001
4893,4773
2214,4965
3379,4671
3752,5069
4619,318
1365,8
3761,3615
1619,4783
1089,4936
3155,2786
494,4736
2094,4782
2096,4921
1902,2851
4867,4996
4874,2818
786,4919
1426,2765
634,117
2382,4991
4422,1832
1586,4249
3320,1788
3062,4891
4423,4909
2078,4791
164,46
1636,4780
1089,2835
569,1845
2023,4779
3969,4990
2347,2765
2314,2824
2095,2843
2372,4903
3889,2790
1780,4803
1167,1827
2403,4788
3931,4748
2122,1817
3621,4850
2583,116
3623,4818
2326,1833
134,4761
1173,4902
1229,4734
1284,4916
2302,6
1128,4900
1319,53
1186,4755
4326,1735
2738,2658
3243,4936
410,4762
32,4910
4032,4953
2233,4883
4365,15
3003,4774
4715,4765
4271,4989
2164,1832
5068,4970
1988,2847
3078,4634
3098,2767
1051,4961
481,4695
963,2784
2444,4934
957,54
526,1729
3673,4736
1854,4831
1429,4746
2627,4880
1184,4931
2974,4857
774,2767
3176,218
800,4759
4651,4902
1796,4989
4161,4729
3155,2800
343,2812
277,4764
4059,4786
649,4905
1294,4678
2730,4961
3037,4963
3710,2782
1499,2847
4244,2864
3314,4963
3590,5064
1778,4738
1908,2814
937,4969
208,4251
3986,4902
1077,4998
1118,4772
3902,4697
75,2860
640,4765
3556,4672
4804,5066
919,4926
1190,2788
1262,1733
3236,2866
2916,15
4663,1725
3975,4728
871,4934
4808,1855
1980,4264
3669,1808
1580,1835
3624,4785
2724,2658
3839,4994
2719,4857
4180,145
1187,2832
286,5069
3721,4858
3874,2832
1354,2846
1280,2773
809,4673
3068,4675
2217,1847
4219,2822
3658,1748
3101,4888
2189,1843
417,2858
3593,2809
2157,2788
4322,2846
4655,4958
2661,4754
820,1728
3900,4782
2537,4753
2328,2838
3304,4880
3784,4634
692,1836
2955,4964
1076,4739
3897,2847
3727,2816
1450,4857
468,2827
1981,4683
2407,3615
4110,4693
532,40
227,4935
2256,115
4822,1
1090,2808
4473,2844
2731,3885
293,2824
3516,4997
328,4771
2172,63
1465,2846
3522,4915
4508,4880
2463,4912
1596,4264
1389,4966
4292,45
1634,4816
4210,4886
4349,61
643,4886
1713,4746
1010,4879
1019,50
1586,4760
4311,2837
1405,4759
400,4979
149,5016
2756,5002
1224,4951
780,4635
1174,2811
3356,4777
3742,4872
3443,1740
1582,21
4533,4774
1535,4926
2345,4896
2715,4730
940,5019
2756,4776
1220,4819
1330,4952
616,4918
2006,4886
1593,4690
4707,4766
507,3882
1435,2658
612,285
3260,4786
3785,1851
2432,4736
656,3913
1074,5019
3844,4878
1553,3924
2722,4897
1010,80
3205,4916
3776,4752
4309,68
586,4916
4352,1833
3051,56
3130,7
1563,2847
2712,1728
2204,4760
2145,21
1698,2822
3610,4635
2175,4850
5006,69
2162,4910
4394,2835
3583,1840
3322,4892
541,2795
2093,4848
1181,3885
553,2847
3303,3505
3465,4774
950,4736
1270,4917
420,4747
3196,4824
2344,5018
1865,2848
4331,4817
4607,2813
3074,2845
2989,4684
4498,4879
2214,1788
496,3
2127,131
3851,4771
2472,4692
2703,124
4704,145
77,4797
4346,4964
1623,2764
1059,4944
4514,4751
4256,3880
4571,4860
2464,4829
4033,4789
3396,4671
5011,2790
3396,4776
1013,4828
4629,4727
3699,4676
3314,4676
3380,2795
3439,4801
3498,4751
1871,4998
1466,4901
5057,4969
2433,5020
3838,4734
209,1818
4020,4847
2140,1836
4441,4694
5045,4946
2173,2789
3160,1855
1233,1839
2996,4634
3338,2789
578,1734
544,4695
3328,4988
4282,4955
4950,4817
3728,4904
840,1855
1492,4779
2351,4678
3157,68
2556,4788
4116,4988
1227,4731
3372,4848
3207,4785
3572,4818
2912,4670
2896,5016
825,1851
2132,69
4142,4989
2065,132
1583,4751
1292,4674
354,4816
4127,4929
3219,4723
4898,3881
2305,4251
1494,2788
719,4669
3275,3924
1424,2810
3254,4264
3237,4987
3241,4818
3093,4753
2372,4991
3805,2788
2682,4958
4080,2809
1422,4777
962,16
2534,1833
735,4765
2874,1748
2110,4800
1829,2790
356,4817
3605,1725
3551,4954
1456,1788
1894,4855
2220,4733
1399,2765
4152,4885
3288,3913
3642,1816
1501,4668
4543,2781
1570,5000
253,1737
3875,2856
3605,2857
1000,5075
4923,4903
3425,4934
1631,4856
3536,4815
5071,4873
4288,2864
4805,4732
4807,5000
3585,4993
1889,84
1703,40
1228,1846
240,1835
2513,7
1287,4772
1202,4752
2310,2776
1095,4266
2476,2800
3408,4750
3232,4961
2326,4692
1751,4766
3281,1843
1944,285
3459,1731
3636,117
1556,4799
2641,2782
2186,1843
324,4912
3483,4944
1424,283
847,4775
4347,2783
2032,4760
4373,4760
2051,2789
1989,1896
1583,2811
1300,4986
2836,2796
327,2658
1821,4733
559,2851
3859,4250
1478,2849
631,4797
2498,4884
3547,4883
3451,2865
3244,5073
3357,4697
2563,145
5062,4784
3362,4913
4399,2796
4814,4988
3650,4819
4323,2851
3611,1848
3168,1742
3727,4766
1769,5064
3627,2787
3233,124
3460,4248
3633,4752
1359,2798
4096,40
3377,4785
2071,4946
3245,2837
4509,4902
3408,6
2885,4773
1449,1730
2936,113
4021,124
631,1846
1597,4682
1335,4747
4192,2860
1337,2765
807,4883
2726,34
4363,4897
4864,5066
4512,4831
1423,3878
1440,4937
4566,2812
1116,4890
4328,80
2166,63
4400,2855
1340,4773
3175,4896
4517,1734
3215,4963
553,3
32,4785
787,5004
3114,218
1570,4847
1200,4921
4245,1740
119,3878
904,4944
3420,4697
4422,4773
4802,2781
1633,4856
1571,12
1211,4820
4608,1856
3562,4909
99,2847
3316,5001
3097,4993
251,4267
986,4906
2370,47
1607,49
3440,115
766,2835
2347,4941
2369,4789
4549,3881
799,5000
525,4781
4633,4894
1210,4733
4167,13
5037,4965
3451,4678
4959,113
1738,1817
783,70
152,4792
2428,4832
1145,21
2127,2832
3634,2839
2140,113
2350,4944
1096,4961
5028,4914
104,4971
189,2772
3156,117
1002,4940
2343,2840
4101,4910
1532,1844
3268,5004
1500,3924
2744,2817
4869,1857
1135,4913
1371,4800
3796,4951
1687,4830
292,5064
2598,11
4501,1788
1097,3880
1376,45
1825,4910
866,2817
985,4736
931,4956
4232,4860
3118,4963
2869,1734
3265,4679
4137,1836
3545,4855
947,4732
1052,113
880,2783
4231,2784
3106,1727
76,2784
1777,1856
4170,1862
2428,2773
3453,4801
1132,4991
2479,4797
3699,4940
4039,124
3135,4990
1872,4824
1231,4784
729,2857
2482,1748
5056,4803
1871,4750
3824,4678
644,4992
1093,4799
4365,4962
4558,16
3766,4729
88,4955
1638,5077
4756,1831
605,1847
1400,4941
3049,4849
4865,2790
3398,4694
3456,4926
525,4831
1095,4669
3659,6
1068,4994
1407,2790
5057,4739
1404,63
2419,4787
4710,1
652,4684
405,4828
4606,4797
2089,2858
3023,3883
3279,2824
2724,1846
4071,4720
220,4909
324,84
1477,2786
353,4894
1224,4878
4471,2768
3318,4824
4714,2833
4170,7
677,2833
3776,1836
481,2856
960,2827
3623,2814
943,4253
2072,2658
3191,4929
3937,11
4063,1845
1724,1861
689,3877
4432,11
2699,40
4871,4902
3264,4915
4611,11
2176,3505
3625,4939
3822,2773
1106,3883
1635,4251
453,4830
1635,2818
2556,68
3546,4993
2437,2865
2282,4883
824,4996
1466,4671
144,4860
1799,4958
1777,1731
2490,4773
599,2843
373,4775
3790,4962
3623,2818
4595,5074
396,4788
2569,4673
3076,133
3947,4872
1952,4910
1699,4929
1881,1742
3163,11
4390,4855
3739,2856
2731,4815
122,2809
4976,3884
595,4776
358,1843
3773,4914
160,4858
1334,4790
396,5018
2589,1833
2019,4897
4715,4764
2695,4775
3450,5020
1677,5019
2266,2774
2045,4897
2341,2866
3535,70
2055,2864
4219,2827
3646,4901
3298,4783
3939,4743
420,2783
2123,4953
4596,2866
192,1788
2348,4879
1059,4886
3568,4265
3263,2832
414,4957
2550,69
2696,4873
2177,4932
1132,3883
2170,4938
5082,2867
2034,4769
4093,2790
822,4675
4478,218
307,2835
3427,42
2899,2843
3159,2839
1516,4787
1371,5066
931,5065
3081,4830
4276,41
2819,2832
5021,4921
2850,2821
3680,4797
3217,4689
1132,4963
3863,4979
3085,2765
2638,2809
2348,4793
1020,4736
449,1856
4199,4265
4546,5063
3891,6
2567,2860
1761,5069
4271,84
624,4904
4595,4689
1637,2796
4041,4720
816,2816
3752,4861
4319,1848
1364,4979
1661,2787
4700,4763
3376,1742
371,2858
3332,4766
1669,4963
1927,4788
2733,2795
2047,38
2878,4751
679,4992
5060,4979
3822,4816
3728,1896
2943,4944
3909,2809
663,4748
4058,4816
540,4935
2248,1840
5059,5
830,2811
4041,64
2446,2814
4145,4682
4382,4873
1222,2817
3065,4728
387,4926
264,4884
3235,2866
2056,3912
3535,5074
886,70
964,2658
2681,4680
569,2824
3168,67
4164,4971
2485,51
1335,1849
5046,4994
4508,3505
366,16
1891,1731
2325,4759
135,1735
2944,12
1751,4692
2922,4789
173,5074
4368,4634
4477,5016
447,4761
4443,4968
3821,9
4503,2854
27,4670
4426,5018
4842,4831
4450,2855
4092,4882
3712,4832
1469,319
4587,320
827,5073
4543,4685
592,4896
4410,49
2572,4766
3476,2853
351,4771
2417,16
3861,4743
4344,1845
4462,4264
1719,4679
25,2825
430,4747
3034,1851
4195,2774
4066,50
754,4962
1275,4818
5032,2848
364,1816
1655,1844
804,4793
3971,2833
596,4750
2591,4682
1863,4771
2333,4785
882,3884
1129,1729
1086,4855
4483,1726
4716,4856
3129,5019
3863,4672
4810,2779
1144,2774
33,2827
127,4735
3838,4685
3140,4768
4807,4916
4003,4760
2202,4952
812,4961
5008,2794
907,2820
1961,2844
515,4766
2869,318
2471,4830
442,4862
4535,21
3381,4997
2701,4797
3035,42
203,1816
3186,4734
4597,4857
1146,4897
993,4695
4155,46
3068,2768
4588,5063
453,12
4417,113
158,4918
5035,4634
2456,4951
719,4654
1512,4912
427,4819
4198,1861
4416,2779
1050,2773
3406,4689
1674,4778
4406,12
2378,1734
4317,2837
3811,4690
3592,4904
2430,4799
3553,4902
5057,2812
674,4761
2674,4787
4140,1731
1150,4993
4305,40
3397,2788
293,1860
1265,4935
4481,4730
1324,2810
2748,4855
2975,80
411,45
3412,4989
2882,4992
2734,4961
387,4732
665,2772
2607,2857
2871,2788
4805,5001
1379,4847
4660,4890
4599,4720
2433,218
755,113
4823,8
886,51
4632,1827
4705,1843
2887,16
932,4759
723,4736
3859,4778
210,4894
829,2671
1532,4249
291,2789
3319,2803
4072,2862
4617,2862
2893,2808
2188,2855
773,4940
2246,4739
4408,4910
909,4935
2747,4734
4099,2768
1676,4938
2708,2853
1552,4920
1264,45
1143,4987
3814,69
4574,1816
1711,4819
3435,4684
392,4953
4545,54
799,4264
3850,4266
2045,41
2805,4988
2876,5020
4043,63
1363,4654
1714,4858
369,4738
3124,1860
2986,4681
3294,6
2628,4970
3273,4635
4403,4956
1886,1856
1287,2849
1312,4884
3078,4801
370,1732
4190,1846
695,4692
2382,4801
1109,4746
2481,4685
187,2783
1458,4693
3668,4910
2069,2776
3268,2848
1084,4613
895,4892
2197,4916
2672,1835
4034,2867
675,2658
155,2773
3009,4634
344,70
1201,4672
3662,4786
4811,4764
4012,4965
292,2860
2669,40
1061,2816
3474,1842
282,2768
125,218
3950,5000
3588,4800
1931,3914
782,4831
2091,2846
2688,1838
3307,2839
4711,1733
1105,2809
3589,55
4054,4885
1146,5074
3294,2817
962,4998
2705,4819
4812,4916
609,1817
30,4820
2611,113
401,4801
2218,4783
3307,4727
811,4986
4314,2846
3767,4815
1776,4879
3237,5019
1388,4669
2488,5066
4013,4736
3080,2809
3120,4998
1232,4774
2273,4803
3876,4969
3298,124
2093,4674
2530,4988
2162,1860
2074,124
1303,3913
929,4751
2107,3879
3369,3505
735,4738
2186,4957
3841,4971
1222,4815
4463,1733
3826,4916
2999,4964
1252,3882
3931,1857
3318,4674
2650,52
897,4857
4173,132
126,1737
489,54
3235,4907
1991,4889
1682,4775
3680,2822
4238,2860
2755,2837
3847,4741
4521,4671
1078,1835
3195,4777
2461,2810
1039,2799
4186,5074
635,4695
4385,13
2695,2811
1029,5074
215,2818
4417,4900
778,2799
738,4727
1494,3881
4500,4946
2496,40
1707,5004
2356,2864
2457,4939
1662,4693
2146,40
2870,5004
4821,2839
3152,4733
2320,4994
201,4746
552,4734
2158,2843
3031,1845
2,4675
3231,4962
2044,4877
978,3912
853,5069
1680,1740
4309,1748
1668,2825
1654,2840
4524,4635
1114,2810
872,2785
2042,4736
4109,4739
189,3882
2546,218
3404,1835
3397,4732
4012,60
2636,1731
1096,4996
908,4770
1330,47
1407,2803
3584,4856
2134,2800
3082,1836
1501,54
32,1734
1651,1839
4056,13
1334,4779
2237,2809
4556,4919
1927,4957
3852,5065
1780,2832
5039,4849
4475,4768
4133,2783
571,46
3386,4890
368,9
3346,4889
354,84
286,2813
3428,4944
311,4884
3195,4775
1017,2784
2013,12
4559,1838
3631,4753
1963,4938
3812,70
299,2814
3009,4759
4187,2773
2662,1729
873,4937
970,2767
1351,49
4794,4940
2527,1855
1051,285
3718,4750
166,2853
1950,4674
483,3915
623,65
2216,1896
4448,4997
88,4781
2026,218
968,4785
18,4789
210,1726
1091,4782
4242,2785
4220,4248
582,1732
3734,4857
4293,2800
712,4908
3618,3880
549,4849
3022,4786
2362,4694
334,4762
4389,2799
3734,4968
493,1832
599,4801
1224,4689
3468,3882
4288,4695
1676,4674
416,2779
4441,5073
108,283
1455,4919
3590,2781
902,4957
4549,4913
1418,2790
565,4674
4592,4738
1479,4914
3222,4997
1657,4781
1194,4693
1500,2818
147,5004
1802,4884
2572,4907
2174,80
450,1848
3216,2803
4213,4953
1563,4634
666,4887
974,4932
1889,16
2893,1849
2972,4938
2312,2794
2194,4733
3688,4253
1675,4978
1597,2788
2891,12
4005,4829
466,3883
99,4891
2686,4940
4533,4847
1683,113
463,1856
3103,4944
355,5001
3295,4791
3574,1832
434,4766
1761,2814
1583,4817
4147,4831
190,2785
4604,4964
444,4683
4579,45
691,4688
2525,40
14,4941
3075,1832
1676,4882
211,15
4527,4776
3261,45
3285,1841
781,4735
3231,319
4362,2658
2842,2767
3591,1827
3690,4264
396,3924
4499,2825
3177,4737
2534,2813
2093,4760
908,4678
2163,2789
1172,4733
289,4968
4327,1861
1016,13
409,4791
3946,1727
3238,4772
1566,2848
4556,4955
3003,4792
2183,4920
280,4815
247,4672
2622,4921
326,4634
5024,4957
3558,4751
1950,4251
1989,4905
481,4693
3064,2813
4023,2847
4186,2772
2209,4951
3718,4680
1371,4911
259,55
4839,3878
423,4831
627,64
4334,4884
4373,5004
2667,1849
3295,4884
2267,4770
159,4778
2618,2831
3649,2837
733,4966
5083,4910
657,4737
3895,52
882,2768
397,4742
3201,1788
572,4635
3510,4746
1511,4951
4273,114
2132,1818
761,1834
2987,4776
2149,5073
2175,46
3921,2782
3253,4797
2584,69
4541,11
2882,4763
519,5000
2884,4779
2976,2848
2647,2789
813,1837
3466,3882
2342,2790
3952,41
2343,4934
3931,4877
4271,4764
961,3880
3308,4932
2408,4690
3348,5000
2339,4688
801,4733
2323,4769
4556,4937
4587,115
1448,4816
3838,4966
4008,4972
777,2837
3725,2799
2086,4800
4013,4987
2450,2781
3329,2790
4500,5019
4262,4878
1247,4988
451,4782
2301,1788
4072,4909
4600,5074
2371,2765
3626,2823
4439,4971
1332,4736
2235,2832
2106,4734
740,4766
1415,2772
3302,51
3581,2844
1054,1856
2056,4907
909,133
2083,2773
1663,4817
4169,4848
1072,47
2624,4904
1519,2671
5009,4819
526,4894
2227,4752
855,4694
380,4828
479,48
2452,4862
4271,1728
3946,5004
1712,2781
2150,4685
3031,4993
3985,2810
1793,4800
3225,4918
4159,4668
2038,4951
2312,4962
2061,4900
3585,2779
2174,4791
1594,5020
892,4680
855,4788
4648,1735
379,1730
2633,4774
4167,4695
547,4962
1951,285
4119,4880
3241,1844
2384,5001
3068,1834
2276,4751
1373,1727
2722,2846
3514,5000
1904,4768
2504,4733
2544,4915
3524,4862
4493,4907
3526,4750
2720,4886
261,2826
3973,5002
2336,4730
1154,4786
571,1844
4210,2811
4217,5063
3025,4799
187,2820
1919,4887
856,4684
917,2823
3209,4774
1119,3882
4338,2817
1641,4858
2025,4955
1386,4688
3080,2782
1451,4801
4813,3912
354,3877
3106,2862
1513,4691
1239,48
4178,4940
4090,4788
2409,3912
3171,1834
2155,4736
2068,4873
3442,1833
3851,2767
2035,2794
4808,4944
3714,4913
3585,2773
1682,4672
1928,1848
5050,4910
1089,2796
449,145
3931,4998
2385,4831
1554,4775
3895,4963
1488,1728
1307,2820
4092,46
29,5069
1821,56
4836,4916
1865,70
2969,4265
1701,1832
559,2779
2754,4989
4490,4997
4703,2824
3588,4819
3990,4955
1889,4848
3939,4897
4122,4931
1720,68
2652,1896
1288,4926
652,2820
1622,4743
1554,4681
4511,4738
698,2860
1461,4920
1685,5016
1046,2839
778,1860
3966,4718
252,61
2211,1847
3050,4787
996,2798
5076,318
3483,2765
2897,62
3954,4635
2880,2768
3993,1742
3023,4777
2386,4680
811,4879
3932,4793
796,4824
1602,218
4841,2784
1618,4739
1119,4680
578,284
496,4797
573,5077
1188,3505
2259,4997
2386,2823
1807,4747
1638,5004
3926,4956
745,2860
395,13
3622,4905
1548,1844
2502,4939
4051,4250
1198,4940
812,4753
1919,4855
2578,5020
1153,1862
3294,4996
2219,2860
3555,4996
5054,4888
2414,4872
751,4972
2482,320
1010,4992
653,1835
2468,1833
344,2867
2500,2835
2719,4946
317,4937
4307,1850
4726,4784
3401,1737
1378,3914
5036,4856
841,4669
3708,4692
797,2840
3591,3914
853,3878
4569,2831
1228,1840
644,1857
3673,1737
3900,4819
2713,1847
486,5075
783,4749
769,4972
3037,2846
3728,5001
3919,84
4275,4900
561,4671
2480,4732
361,4747
286,4682
2416,4730
3284,5064
2208,1726
2416,2803
2475,4972
4199,4887
538,4780
3273,2843
4441,2795
324,4264
3144,1857
3673,5016
2907,115
507,2835
3487,4986
500,2781
4311,4910
3442,5020
3872,2857
4067,4935
4451,2864
2321,4954
159,4992
2522,2764
155,2839
4436,4791
4609,4857
83,4678
4464,4969
2634,4912
3168,4718
2314,1862
4575,4687
1946,4674
984,2862
3543,4876
2687,4771
3010,2776
800,4253
446,4679
2135,4824
1641,4993
1188,51
149,4955
1413,4752
4166,4860
3314,2776
502,2796
1017,4902
2569,9
304,4759
2939,2765
3513,4743
3715,60
2485,4906
3330,66
1089,4679
4082,2773
1952,2839
4072,47
742,4878
2740,4912
850,1827
4031,4946
4297,2774
4273,4769
601,2823
1530,4770
2630,4857
2942,4799
2649,21
3424,1827
1081,1808
2196,12
2634,2821
3387,1857
746,4817
4020,53
4030,4739
3899,6
743,2814
1562,1726
156,2862
1200,2671
2051,6
2436,1816
1891,1818
323,4785
3812,4769
3660,67
26,50
2361,4861
3502,4970
1398,4909
2084,1832
2893,46
1955,4855
3048,4673
1532,4906
4565,4790
4976,283
4893,4972
3100,4929
537,4673
4922,1835
574,4830
2312,4828
2401,4265
2050,69
1019,2786
814,4936
669,4901
962,114
884,4831
3164,4873
1054,4989
425,4732
1198,15
823,2671
1454,117
1397,2832
4137,4926
2143,4820
1288,4635
2500,52
1852,2764
844,4905
3742,4772
1532,4735
1593,4267
4134,5063
1347,2860
976,1737
3008,2841
483,1835
1880,4932
411,2858
194,4962
4440,2785
3273,6
4149,45
1540,2816
983,133
4827,5070
2194,4763
1685,4957
5053,4683
2747,5069
4429,4635
4268,4946
573,4792
3630,53
3328,4904
3229,1818
448,4994
832,2818
4047,4849
4637,1733
4024,62
3832,2845
753,4934
2584,2855
4637,4850
5061,4870
3741,1737
4244,2847
2736,4990
396,7
4187,4742
3441,4674
3641,1851
4122,4683
4064,2856
4999,4890
274,2786
4179,4944
2472,4961
3052,1735
939,4951
2481,4792
291,9
139,4884
748,4880
1468,3885
3278,4803
4075,2671
5038,4994
2679,4793
2083,133
2265,3882
1700,1728
4871,21
211,2844
1867,4773
410,4759
4510,1833
1644,1831
1233,2817
4269,4944
3266,4673
2604,4952
1369,2779
2540,145
4864,4746
4239,4883
4707,5019
785,5074
4233,4685
0,4731
3183,3924
3151,1844
4370,4251
2645,131
3848,4777
1758,1727
3347,131
4287,4857
3481,2831
889,2837
2097,4880
2904,4768
1429,45
3736,5002
3699,4670
1989,2787
1869,4972
3191,4848
2570,2820
3304,4919
2214,4253
931,1857
3714,4746
33,4902
787,2851
2048,4938
1156,4728
4308,4964
2453,4882
5068,9
2308,4961
2741,2776
189,4966
150,4820
2465,1
2769,51
1289,2862
563,4742
4430,4964
1327,62
3136,4888
974,4763
2357,132
697,65
4420,1
756,1742
1028,4801
1340,4888
3451,4855
4174,48
3409,124
969,47
1067,2774
1215,1740
3520,4816
3579,4997
1126,4886
4476,4749
575,4990
1665,4747
1258,4963
803,80
3388,4792
1265,2854
1249,4793
3637,4672
3257,2821
166,4897
4463,131
2518,3505
3937,5073
303,67
3202,4916
2187,2784
801,4819
1238,61
326,4635
666,4966
1907,1726
3385,2839
1916,4888
2134,4803
3455,4779
4757,2835
1124,1834
875,4267
3978,2835
4605,1845
1959,1860
4867,4966
1464,4737
508,4775
1824,1827
4715,4941
1770,4904
2112,4731
2117,4267
3177,1839
4209,4253
1612,4954
2519,4861
3834,5020
2115,62
3574,4910
2522,2658
183,4675
2571,4955
1171,1837
3365,4918
1422,4695
2501,4253
4409,4764
3552,4695
710,4901
2598,4613
1296,1808
718,4991
1186,38
4384,4883
2313,5000
100,5073
3767,4918
237,1808
1497,4743
3098,4264
1519,4678
4091,4964
2622,4735
3890,4723
2681,4879
2861,4723
155,3913
4409,4990
785,2827
267,60
2289,34
1661,2785
3127,5070
2895,6
3616,4777
1120,4894
978,40
3982,4887
864,4759
3257,2839
3233,4994
1825,4856
2479,4909
3011,4930
4197,69
2242,2857
726,4790
2473,52
3223,4732
2512,2858
4822,4883
332,4818
3254,4743
2611,4739
2888,4935
1238,4264
4231,1788
344,13
1814,4778
1022,4824
913,4996
680,4676
1889,2658
275,4690
765,114
1967,4919
2746,1818
3235,4800
705,3885
4603,2860
73,4747
3892,4902
3599,4690
4026,2855
545,2816
3500,124
390,4815
3608,4682
2532,2816
3354,4878
1225,1857
3205,2853
599,124
4119,2795
2146,4904
4020,4916
4329,4771
3605,4994
4022,4688
1160,4918
2708,4969
4229,4693
4716,1835
1876,2790
3056,2841
1932,1726
3981,2824
3801,4739
3702,2782
2269,6
25,4682
2134,4249
1937,4968
1389,4963
342,5004
3901,1844
4378,4765
2451,4900
1532,41
2970,4988
4898,4682
4028,2658
2424,4760
1720,4877
3062,2856
3224,1848
2681,47
499,1856
338,4787
984,4971
1148,1837
954,2867
4473,4746
2681,5002
2930,2784
1418,3879
606,1833
3568,4675
3678,2857
3776,5074
1798,4693
4173,2833
809,4784
1328,4730
3202,4888
439,2765
130,2823
894,4748
1924,4253
611,1730
4457,1818
2,4937
266,113
1758,3886
1997,2808
1626,2786
4822,2823
3683,1725
1875,4951
3450,4752
223,4990
4186,1742
3939,4995
143,4803
2292,4799
3347,1818
1639,5069
4812,4882
755,131
3690,2810
2411,13
666,4751
4513,4824
3835,52
1146,2811
3399,2785
3391,2862
4352,1836
2377,3882
1557,41
2737,4856
2084,12
962,4930
3132,5018
3592,4955
4083,4970
5034,4828
4394,4777
1785,4669
3540,4972
1693,4850
2530,5065
3860,4789
617,4904
4497,4768
4168,1727
1392,4860
3082,4760
1433,2784
3725,4775
2684,66
1422,320
3269,4993
3475,2785
3611,4829
1260,4693
2585,4971
1599,4681
722,4785
3443,1838
1883,4781
4705,5075
1405,4887
3369,4849
3209,4964
1065,4818
3393,4768
3848,2843
2590,4824
4478,2808
1033,1851
651,4913
4270,16
1685,4918
1705,4994
4342,3505
4594,4997
856,68
1156,1837
1072,4694
4491,4672
2703,5063
3431,3883
3651,4731
1964,4803
76,4674
4698,4635
354,4988
2889,3886
83,4957
1573,4998
2968,113
3229,1748
4060,2844
2861,2864
2163,3877
3087,1834
587,4765
2565,4979
2990,4789
1238,4779
668,4749
1068,9
4417,65
3539,2773
4342,3924
911,2841
4639,4681
2032,2824
4154,2774
121,2822
1661,3883
817,5077
1581,2823
2699,1851
1098,1857
2108,5019
3518,4830
2885,2658
1292,4771
2714,56
2627,2671
2483,4998
2269,4723
30,4885
3887,4761
4442,2786
1150,3883
3923,1861
1636,4930
3357,2799
3712,1896
2230,2783
869,1731
3209,1818
1109,4729
4021,4889
2382,68
3893,60
1959,4678
3823,2787
344,4954
916,2814
4103,4249
3636,4672
2880,4971
4454,4855
3785,4734
3169,2844
1056,4676
766,4760
4375,2866
3722,4828
2998,2809
1854,4762
3802,4891
744,2860
4224,5016
502,4848
3198,60
315,1831
3235,50
896,4747
4430,2837
378,3505
4599,4966
466,2827
1387,5075
1629,4720
2434,1831
4045,4769
4133,4777
5017,4944
2086,4936
3703,2844
3935,2800
2175,16
2755,4916
3137,15
2145,1843
4541,1847
3574,2824
2490,3914
2222,67
1617,4941
1939,1834
1800,4912
2332,4786
885,4916
1222,4786
255,1831
368,319
2137,4991
3007,132
2444,1734
1100,319
1645,4903
171,4961
4278,4765
4147,2774
304,4921
3228,1850
3287,2785
1560,4896
442,115
378,4998
3142,58
747,4729
1978,4723
3008,4886
3323,4727
3107,4748
3110,4988
3229,116
172,4250
3348,4673
4557,4731
698,4997
1091,4966
849,4727
426,4800
336,4686
288,4672
2564,5001
3501,4877
1294,133
1535,3913
476,4848
3949,4857
3608,2768
4193,1838
3571,1732
2403,2846
1400,4848
516,13
256,3877
4495,115
2104,3915
2526,4914
22,4671
3807,2847
2735,4784
4825,2832
3001,5073
2909,4264
3499,4936
2260,34
1656,4752
1512,4734
1933,5020
3073,2812
1275,2846
1600,4936
1852,4953
3083,4947
3595,5004
3110,4669
255,1860
2476,2823
271,2837
2195,5070
3018,2808
4712,4958
1311,1837
2149,4890
2704,2810
2930,50
3899,3877
3790,4788
376,4917
2566,1808
327,2786
4590,4886
1786,51
527,2829
2011,116
1422,1727
109,4770
1588,4888
2674,47
2497,1842
2441,318
219,4683
121,1748
4271,4965
3863,2776
955,4905
1754,4787
634,4911
2073,61
1249,1816
4644,2823
3224,4829
1916,62
5038,4691
1774,68
3664,1731
576,4749
1012,4993
1277,2794
3300,45
637,4951
4115,4995
3478,4733
3904,4932
881,4944
3430,4613
1532,2840
3169,84
3407,1836
4442,4916
546,4873
4090,1850
2699,63
4942,4729
378,4829
2727,4760
1555,46
620,2835
3377,4994
312,4750
636,2862
3419,4968
2381,41
1077,4748
1942,4734
2626,4989
4026,2785
460,4749
4722,4824
24,2779
3776,4780
3156,2816
197,4249
3603,133
1830,1730
2209,9
4144,4783
4481,7
3702,2785
4476,1842
3411,4691
2886,70
35,2784
3196,4669
3557,4849
2530,4894
2467,84
830,4669
2316,4728
4424,4937
1239,4884
2313,2768
5030,4953
4015,1725
1642,283
2092,2795
2069,4785
3142,4912
5045,4819
2241,4674
3563,4775
1756,4991
2065,2831
2597,4778
3046,4723
4120,4935
3321,80
4013,4996
1494,47
4805,4909
717,4944
1016,1860
1898,4815
300,3615
140,1860
3252,2857
4046,5070
4356,4830
2619,2774
1506,4912
804,1788
4,5020
3677,2835
592,1732
165,12
3362,2846
1412,1839
4227,4939
2446,5016
736,5073
177,2840
1612,2794
4476,3879
2058,2813
3527,117
1635,3884
3001,2827
4380,4747
3607,4759
2111,1816
1924,2786
161,2781
4698,5075
1941,50
3833,1833
1113,4778
4491,11
707,2846
4278,4905
2596,4995
4632,4791
4617,4831
2387,42
2877,4911
4598,4885
3281,40
1152,2848
528,2800
2136,4946
2906,4820
3842,4861
3972,4773
4080,66
3030,5
5058,4897
2452,4683
863,4763
1488,5019
2514,4754
3955,4672
4474,2768
443,2818
2239,2773
4335,4750
1705,4761
648,1860
1117,2844
4452,4681
3509,4791
2150,3615
106,4690
1443,16
4126,4889
1925,34
2205,3877
1722,4911
939,1841
3594,4830
503,4965
4342,4877
2323,3878
3373,4782
3544,4688
4533,2851
5010,4816
2656,4677
4465,4249
716,2833
1034,2810
913,4890
1799,4779
191,21
720,4685
1425,145
3423,42
3489,4820
2956,4693
4114,1748
2720,4987
3293,4743
1025,4793
1777,4892
2735,116
794,1856
2590,1833
2946,4926
3205,2866
4854,4730
2021,4728
4577,4752
417,4688
1471,4763
4977,2773
4387,4787
1185,4265
1626,3882
861,1838
1666,4696
683,2862
4899,132
416,4994
3821,1856
2655,4671
2051,4888
94,4908
1236,4857
1297,2844
1879,4689
1108,2818
2391,4797
459,131
3998,4817
4842,4987
3937,1734
3801,4897
3367,3505
1793,2848
2960,4856
551,40
4044,4956
1183,4736
4138,4799
612,42
3118,3505
385,1731
5015,2832
4525,4792
1362,4674
2308,4613
3687,1851
556,4903
205,4729
2710,15
102,4884
311,3886
4967,3877
3943,2853
4595,4803
161,5020
4365,61
2719,4746
1556,2800
2079,4764
4291,2799
500,4727
2325,84
2587,2843
1083,5016
3152,55
1381,4824
2010,2783
3468,4965
3359,4684
28,2831
245,2787
4066,4793
3594,4800
713,4819
2217,4953
2879,4801
1166,1846
3010,4880
799,3915
579,2818
4284,145
3486,4929
836,4613
106,4966
1081,4742
2558,4861
1762,4769
3244,3877
662,4676
75,4250
1690,2789
2605,4935
4186,4266
466,2866
3469,2846
1087,1827
1060,4916
2054,47
3857,2832
733,2832
4385,1729
3005,4968
3072,5075
4094,2658
3630,4731
468,4861
3976,4990
4050,2812
2678,4253
4185,5001
721,2788
2852,4957
3309,2817
3349,4729
558,5
4501,4992
3618,4735
3965,4884
4539,1740
336,4951
2599,1849
3495,1732
1302,132
4547,3913
3740,4731
1558,4934
1908,4965
2664,1734
3801,2773
33,4764
2129,4782
1053,1838
2385,4946
2591,4774
463,4952
881,41
1493,4917
1560,4966
3546,3
2125,4880
2549,4676
467,2764
1293,4734
3626,4759
2085,4995
4948,4877
1491,5020
2187,4264
1792,4750
684,3884
3276,4889
446,4968
3904,4748
3759,4764
2090,4917
1538,67
2442,1857
2221,4979
973,4830
813,4873
2780,2823
668,5018
2714,2831
3287,1840
2698,4743
2123,2783
4059,4754
202,4880
813,5018
472,2865
5078,4730
2633,4887
3511,5070
1580,3882
3114,131
3766,4789
2648,4777
4215,5
4976,4848
3088,2768
2895,2658
18,2818
2908,2857
1367,8
3069,1845
4206,1848
1647,1856
1038,2860
2631,4752
2167,2816
4280,4684
2361,2856
1598,4786
4640,4855
873,1735
1176,4884
75,4679
2312,4739
1294,2865
1644,115
3801,2855
2399,4792
3902,1843
1599,131
3365,4764
445,4761
4057,2858
1604,4902
967,2671
2899,4903
2251,9
1922,1726
2609,2849
2932,2858
177,4696
1300,4774
2642,4969
449,1788
2184,1842
513,2845
3076,3615
3471,4250
3013,4739
2062,4849
2999,4688
4305,2825
3978,4785
4840,3884
973,1731
1800,4694
1999,4958
4557,4792
936,4693
2509,4911
3659,4995
709,2867
3225,1818
1057,4879
817,4761
2502,4749
1774,1896
3716,2826
1515,2833
3609,4990
2958,4784
3137,131
1186,4883
1958,4929
917,2839
1418,70
4711,4914
4416,4743
2021,4750
2881,4978
310,4900
882,53
448,4680
2550,1855
3321,2825
2988,284
507,4989
4133,4919
1179,9
1296,3615
3389,1832
3453,4873
1987,117
1703,4964
1408,4817
1043,4920
3597,4754
2334,1733
615,2812
4245,145
331,4815
3257,2658
3656,68
3865,4791
2929,4965
693,4692
2670,4939
4529,1734
4704,52
4600,4785
325,2833
749,69
1501,64
4619,61
4617,1833
1766,1748
3344,4695
3028,2812
659,4685
767,4820
253,2671
2103,2808
4652,67
196,64
1380,4896
1881,4989
4004,4682
4296,4696
844,1748
1165,4695
3443,1855
495,84
1076,65
2301,11
1577,3914
3545,4718
3330,4815
1739,4879
5042,8
2162,4746
1739,1808
3118,4939
4278,2818
1479,21
1558,34
3270,4946
1625,4683
3198,2787
118,4748
2370,4872
853,4695
3987,1732
3668,4734
3176,3924
2561,1832
4377,4832
1373,2829
3555,1734
4393,1855
1569,2782
2190,4904
3239,4887
3651,4857
3204,1737
4258,4670
192,4786
1957,4819
3539,2786
2507,2817
1282,4889
2806,2781
2037,4742
1872,4751
4281,1839
3335,4956
4798,56
1019,2774
3381,4792
3844,4733
170,2782
4845,3
431,2851
1005,1808
3488,4908
850,4669
2296,2808
4190,4880
2237,2788
3479,4781
416,4776
1041,1860
3675,4829
3739,55
3347,4915
2073,50
1405,4937
3078,4673
845,2810
4308,2782
2964,4939
2639,4764
4652,2821
3239,62
177,2658
731,1835
1094,4763
3789,4873
1804,2826
2707,4673
2179,1732
2909,4997
2619,4771
3358,2854
2213,2821
1597,2781
1824,4751
1240,4678
4045,2820
111,42
4508,3912
1885,1730
2516,38
2270,4773
4517,2816
3104,4681
2025,4613
1462,65
3785,4856
1971,4673
680,4780
2237,5065
634,1846
4025,4940
4022,4718
331,3924
1558,4797
3446,2781
2878,4920
1009,4785
277,4691
89,1834
1065,13
2218,4764
2670,2865
1038,4799
2567,1839
3349,4672
2493,4752
2042,55
4136,4919
4138,2764
3417,4909
2168,4750
685,4829
3045,2816
3062,2790
4030,4978
4347,284
250,4947
3703,4792
3141,2813
2642,4746
2586,4728
219,4829
854,66
2390,2779
4279,4829
3956,4820
3537,4674
2266,2814
2759,3883
3660,4887
4540,12
1050,12
4378,2671
2259,1727
1474,70
2468,4988
2968,4775
3961,2866
1824,4654
1271,4861
3760,285
3581,4917
1623,2786
4332,2860
1464,4728
3840,133
1945,4929
3743,4729
3422,1843
4245,3884
4489,4920
4156,51
1294,4860
3766,1836
2033,2795
1369,70
4081,2658
258,4695
267,1850
2591,4909
4237,5063
2036,124
3239,4778
3195,62
832,4720
4180,1734
2745,4936
1961,5074
1318,4783
4619,3884
359,3913
4588,2767
3007,4669
2571,4913
4530,4940
2154,4938
1204,4760
1363,3879
4202,51
4142,2854
1635,3615
1534,2844
2302,319
4437,4901
3007,4738
410,2855
373,4817
1592,4779
1220,2785
907,4883
712,4911
30,4678
3395,2776
528,1835
2016,2816
4834,2867
3156,4857
1165,12
2988,4251
2904,4966
1631,1861
4083,4901
3118,1734
1105,2837
4002,1731
1638,4952
3954,284
1045,4682
3729,4954
745,2808
243,4683
558,4264
2193,4905
3318,4781
454,4683
2588,4727
3727,4862
1754,4738
2082,2839
1218,2784
3374,58
784,4847
632,4872
4625,2825
2724,4613
2665,1731
969,3913
766,2781
3538,4858
3999,5019
2985,1808
2042,4958
2046,3615
2221,4892
3370,46
5049,4783
2062,4777
1426,4670
2522,4966
3706,4690
909,2849
3892,4940
1960,1857
150,4731
1648,4995
465,4768
3108,2833
2490,1731
837,4910
2727,4894
3606,50
183,4687
4199,4907
995,4913
1040,4743
3011,2776
1082,5016
3227,4897
3008,2773
1027,4995
1656,4892
2737,4768
2657,1838
1769,1847
2597,4729
4814,5004
3210,1742
3707,4734
4118,2844
4406,42
4381,4912
154,5070
1957,4682
4346,1
1465,4952
2876,4918
3222,3886
3064,4686
4407,2862
302,2817
4511,4248
2606,67
726,4939
910,4884
3408,4878
4261,4886
2071,3878
4045,54
1749,4910
372,2841
1145,4990
654,1733
4142,1860
1567,2867
3938,4862
922,1731
3333,4946
1830,4266
1517,4965
4414,4668
184,4248
4318,133
262,4986
1646,4930
985,4727
4616,4697
1490,42
3003,2816
3990,13
2741,2838
3251,4935
2689,2811
1147,4940
1909,2847
3209,4670
2467,4787
3127,58
2625,4992
3488,4264
4439,5063
3048,4751
2554,4783
4408,4872
2090,2827
1223,4917
473,2833
1749,2779
1250,4936
2188,218
3065,4940
1936,4929
2494,4732
2233,45
3025,1827
2242,4695
3710,16
298,4751
652,3877
4484,4770
3136,4968
2540,1748
3011,4249
2566,40
4255,4968
3502,318
667,2767
144,4733
1285,4691
1891,5000
4107,4951
3459,9
5005,4978
3951,4818
2421,2854
1931,2671
787,64
290,4829
2129,4787
1738,1835
4844,5019
2275,4685
4846,5075
1427,16
4999,70
1619,4789
2978,4801
1705,4746
3194,3877
4541,3884
1388,1841
492,3615
3822,4820
594,4968
1206,2794
1455,4677
1949,2800
3717,4873
2239,1725
4072,4993
548,3877
741,4728
10,4879
4276,2855
4480,4677
3689,4799
3631,4676
790,2822
3530,1731
752,1831
2170,4952
2398,15
2040,50
4098,5001
4373,5019
3002,4918
1485,4858
1891,4683
768,4248
4086,1737
682,1857
2060,4912
536,1
1876,1843
1958,4954
1226,4963
2111,1855
1565,2864
4304,4775
1442,61
2361,114
3790,5075
942,4979
2130,2853
576,7
1072,4889
1307,4904
2760,4848
3720,4762
3676,5
2962,4896
2472,4941
3618,4732
2551,80
3120,4991
3595,41
2260,4916
1481,1737
942,4685
975,4991
570,1832
1045,4720
1582,4654
4795,1896
3232,4766
1619,4896
810,4764
1951,4897
4509,2790
1387,4679
1058,4861
4151,4720
1886,4789
1420,1843
1386,2799
647,4734
2499,5001
4386,4771
1889,4746
917,3505
2293,1735
3281,4635
4324,4958
1159,4681
2366,4876
2979,2860
1094,4829
3259,4952
3145,9
3689,4777
288,4743
1356,4678
127,4731
4252,4788
277,4938
3585,4905
2425,4783
3338,2812
2601,4889
4744,4879
4577,4674
2509,2838
1601,4739
3717,42
4600,4946
2485,1
2407,4877
2775,2786
2045,2784
4708,5069
1745,4995
215,4768
1875,2860
1391,16
4548,4897
4491,2790
2562,2811
337,4690
2624,1846
3967,3915
4565,53
2288,4676
3723,2857
2443,2812
4195,40
921,2829
419,9
2943,4749
4113,2851
5081,15
2128,2798
4157,4249
1404,12
1298,2827
3705,3881
2751,4991
4959,42
1639,1856
4335,4930
3611,4910
265,4847
2902,15
3625,54
1015,2862
1291,4987
1980,46
3374,3
3405,4746
640,5020
1914,4885
2640,2795
1368,1832
4031,9
2055,2822
744,4672
1809,4672
1567,2821
3472,2786
4716,51
1944,4675
1635,4850
122,2829
546,5073
3987,2782
2008,2857
2084,4970
2232,4829
3020,1735
4599,4861
3191,66
1623,2857
281,4986
3030,3877
3528,1832
397,4680
2896,4878
3232,4968
3285,4818
4374,1845
1193,218
24,2803
3108,2857
2047,4775
3374,2853
3996,4797
5022,2851
2603,2851
3282,2788
2113,4847
3892,4267
4974,4736
579,4915
340,4687
1272,2816
2118,132
676,6
371,4774
3289,2783
1178,320
3066,2774
3908,2865
4334,4754
2329,1735
4981,4803
3979,4954
4109,4733
2629,4673
3955,4746
764,4697
2014,4685
1145,124
1190,4873
879,5069
2705,1737
252,2832
2683,5016
4464,132
2744,2811
1040,3912
83,4763
666,2812
2976,2764
2533,5016
2672,1839
695,4801
579,1831
4054,4828
1370,4750
3969,1846
1994,4862
3978,4817
1585,2855
3371,4741
801,2832
2039,4989
122,67
2366,4904
779,66
1950,4936
1806,4780
2499,4850
1379,51
3592,4743
664,3884
4893,2787
4640,4968
1183,21
488,2768
4334,61
2287,2810
2709,84
2311,4992
4,2822
2664,2839
3356,11
1645,1849
4431,2773
741,13
1810,58
4543,4908
3188,124
2148,4697
313,4878
4807,4773
2878,1732
4579,7
3818,4872
3148,1844
2156,3886
526,4952
263,4946
2945,4879
2583,4995
1821,4728
1859,4679
2192,2840
4285,218
3403,4720
4155,4801
4292,124
3466,2788
1946,4673
1002,2858
236,4768
3446,4987
4498,4829
2083,4914
2929,4886
1363,67
666,145
3952,116
4581,1846
1048,4684
3550,2809
3189,3879
127,4958
5045,4718
647,4803
1484,47
3317,46
3384,133
3594,2860
2990,4891
3170,4654
1435,1788
1927,3880
1203,2844
3197,4978
774,2795
1934,2841
211,4900
3983,63
2640,4988
4626,4937
1241,2772
4623,5001
4717,5000
3900,4691
3888,4267
3164,68
778,11
2036,1730
3543,4680
4425,4668
2579,4952
2411,4768
568,4951
942,3
3216,4760
4284,1734
1702,2853
833,4820
781,4695
3326,2671
1989,1861
3556,2867
1908,4792
143,5077
2908,2844
3444,2814
501,1730
1235,4741
622,2840
153,4941
1048,67
2101,1860
174,4736
3276,4848
5040,2809
2928,4686
3617,4961
3683,133
1651,1843
1977,4978
4609,2829
4463,4885
2713,2803
4315,48
1270,4964
3814,2786
4756,3912
725,4870
1525,3885
443,1731
4340,4941
1689,4989
1193,4954
3037,3879
917,2798
2010,53
1715,4870
2088,1836
4028,2826
3585,3505
1722,4873
3283,1861
3750,1827
3767,1731
1785,5070
3980,4894
619,1851
2657,1728
1257,4761
3165,4987
3258,4917
1500,4676
4652,4769
4428,2784
1212,4989
4495,67
1612,7
2074,4669
696,1861
467,145
1192,2848
4522,47
2669,4849
227,3912
172,4671
4703,4760
3139,2835
1705,4991
143,4613
1585,4772
3985,4818
1148,5074
3992,2867
759,3877
2962,4792
2921,131
783,4992
4641,2798
1538,1834
5017,3879
2363,4848
1603,4872
724,4968
4111,2803
2661,65
549,4861
1246,4909
376,51
2035,1843
151,4746
226,4681
1892,1732
2555,4876
4842,115
1598,4939
4001,2821
4551,1733
4637,4994
2193,2838
2155,2841
2993,4731
1186,4763
3437,4917
4311,69
2292,2860
3669,4858
4321,1851
3278,1848
1203,4760
4537,4878
4412,4750
2262,1857
836,52
1482,1730
596,4816
1460,2864
1722,4891
2300,4894
2804,1846
1453,67
5061,1734
4343,2827
3666,1838
3991,3881
2647,4675
831,2818
3945,1855
2677,1835
2475,1817
4186,51
4015,4986
4090,4921
1601,4820
37,4873
1241,2864
2896,4935
107,132
2577,3913
1099,1726
1886,1728
3726,1843
1419,4267
4846,6
2425,7
4468,4746
3079,2853
349,5016
771,1850
4291,2865
632,2858
1978,4946
2515,114
4620,4916
3930,4916
1809,1788
1098,4921
1716,2813
3116,4786
2024,3881
2119,4990
476,117
287,5016
623,5001
2378,1725
617,4935
4114,4951
1098,5000
3348,4887
3600,2864
1023,2855
3230,2837
2335,69
3739,115
2690,116
1637,52
2393,4782
5060,67
2732,2827
3472,46
4245,2823
2959,1808
1999,4688
3107,4696
1139,1896
1145,4989
2496,4992
207,4886
4209,4903
3513,4786
2214,3615
3298,2849
4479,12
882,4880
3929,4909
673,4896
4203,70
2624,4737
2039,4901
1027,2764
976,4682
3681,2796
558,4766
2618,1728
4260,4783
946,4987
398,1848
1595,4908
241,3615
3078,4926
1133,4901
4028,1748
2136,45
804,2838
1107,4931
1518,2862
1752,4918
1188,2847
2741,3884
246,4736
1032,15
2357,4953
881,2853
3693,2786
2692,4774
389,48
2448,2820
4238,4760
1281,4678
258,3
4447,4921
3353,3912
2168,4682
5081,4828
4219,4989
4275,4671
19,60
3908,1862
3215,2818
2059,1861
3387,5016
2946,4264
4321,4720
1634,2814
1239,40
1912,4250
2677,4861
4556,2840
2403,4776
655,4787
3213,9
2956,54
1375,4961
2547,4831
3842,4732
423,4890
4334,2821
1532,4669
1988,2788
2699,284
2364,4788
4352,16
2047,2787
1954,4654
900,2772
219,1827
3294,4685
4810,133
1927,4800
2288,2820
4292,4965
800,4684
2063,4828
2514,2768
3333,4820
413,2776
3781,4763
3568,1849
3978,2816
2185,5075
2395,3
359,1730
1310,2817
2805,2810
4925,4829
4649,1827
1970,4849
1217,4751
3262,1846
1024,2854
578,3885
3347,4793
4187,4676
2007,4692
2097,4994
1642,58
1723,4936
3487,2765
2436,4747
1107,4264
1880,4862
973,4876
4252,4677
899,1731
1131,4901
4703,4979
1877,60
4512,1848
3026,2843
1400,1818
3316,2848
1132,5
2524,2818
103,69
2286,53
1955,3878
4599,2811
3167,4734
1264,4743
4534,1748
4296,46
3345,3883
3166,4770
4314,4963
1137,4994
3480,4729
309,5002
1927,4880
3183,2867
4271,4782
331,4786
1662,5063
3364,4267
3436,2837
3393,1845
216,4979
4282,4750
306,4921
4200,4790
3601,4747
3517,1834
2747,6
43,4989
3512,4921
2551,4675
3527,4894
619,4961
3666,4966
2084,4886
1371,4766
4740,4793
1386,61
3602,4939
3957,56
3106,5018
2801,1740
333,2776
4530,2658
2390,4790
2890,4912
4122,4989
1963,2847
1282,4734
2692,3505
305,4970
4168,4776
4460,4971
556,2800
1887,4894
3677,58
1056,66
2736,4778
2409,4789
2392,4997
763,4780
2139,4966
448,5069
4108,1842
666,4746
1182,4900
1891,145
2333,4954
2650,4876
807,66
1443,4847
4138,2788
3185,284
3925,4992
313,5075
744,4884
2852,4941
3617,1861
3900,4879
4360,2856
3016,4819
1952,4957
1345,4961
3546,4754
1920,4790
4428,4987
1003,4766
1363,1808
4328,2785
2642,4677
785,4989
1568,4909
3057,117
618,2773
2172,4801
1752,2658
1162,2772
4740,4888
2230,4939
1963,2671
1403,1896
407,2789
760,4253
632,4818
1990,4742
139,4671
4313,1843
2352,60
2063,3912
82,2857
2241,4906
1554,3912
3184,4787
914,4995
3482,5019
4631,42
3826,1849
2760,2764
1185,5073
3035,4966
4084,4971
1018,4994
2023,318
3337,2864
3095,4782
3061,2794
3103,4884
1260,2774
2443,4941
610,2825
2585,4772
3784,4747
1640,4267
1739,66
2873,1831
499,4677
3588,5004
1130,2843
4039,49
2222,52
2528,2814
1819,4937
1488,4679
1170,3914
1694,4635
2589,4678
2973,2803
3282,4750
416,4909
4414,4872
2060,6
3322,4904
4580,4858
5062,4792
3028,3877
3287,2796
773,66
3758,4886
4488,4889
1520,5004
295,4751
4925,8
226,4850
4924,1725
4794,4832
264,2818
954,131
3978,4687
189,12
2428,1844
3175,4682
2461,2787
5061,4731
1425,2768
3564,3881
1785,60
1350,4691
2892,4769
3435,4994
405,4253
1211,70
1241,4250
1299,4748
4245,5002
3252,38
1231,4996
2098,319
123,2818
3130,1734
578,4986
1015,4894
510,1850
4587,4689
563,4915
4408,4946
3553,4855
2288,4739
1047,5000
4412,2851
3154,61
2494,4778
3863,1842
4070,4782
2708,12
4025,4785
4185,4676
4552,5004
389,4966
2852,4882
3054,4248
3002,4671
1813,3914
3534,2671
955,4670
3821,4883
4501,1840
1387,4850
1333,4946
4045,4992
1612,4675
1232,3915
3496,1816
4415,2854
950,4855
1178,4634
4419,4736
2739,4986
2531,2795
1493,4968
978,1840
1355,4987
503,2785
2076,4691
2682,2840
1889,4918
2646,45
1291,318
2308,2789
3440,2818
2225,2847
3525,4761
560,2773
726,4861
4606,4965
1570,1816
2931,2814
4374,2846
1751,4932
5042,1740
5059,1846
1806,3877
4630,4908
3078,4961
2008,2822
770,4737
2139,2829
708,1808
271,4682
2689,1860
655,1735
271,1742
776,2800
3793,4816
2248,4634
3242,4860
3674,13
2326,2787
3540,4684
3462,2866
3903,1860
4484,114
963,4862
2502,4734
2962,4679
2359,4995
198,4697
4701,55
855,4916
250,2820
992,2790
3711,4962
593,4250
2393,2787
449,4991
1080,4873
4066,4954
99,2821
2708,4908
3658,1860
3043,4938
1038,2840
1882,4681
888,4783
4189,4674
3251,131
1880,55
847,50
3496,4253
3439,1838
3301,4855
355,2798
4277,2835
4095,4683
4314,4955
5043,48
3051,1846
129,4754
4254,4956
1328,4790
3198,4860
1496,4887
393,4978
1509,2817
2629,2785
1659,2812
126,4728
1378,4762
4235,4903
344,2835
705,4908
2448,1860
615,4780
4008,4886
1790,2825
3947,41
3529,4917
4144,1726
2890,4857
4069,4787
1156,4944
361,4681
788,4743
1278,63
1675,4987
2421,4848
3489,4956
3172,1816
39,4753
4023,4763
1648,4920
4638,2843
3020,4879
437,2671
1674,4907
1875,4880
32,1837
3906,11
2129,21
3762,2835
1485,4787
2488,2838
4959,318
57,4803
4627,4830
3463,67
2082,4755
1139,4829
271,4990
733,4671
3265,4987
225,4872
2488,67
3510,4690
5013,4901
2071,218
2537,4991
4133,1832
1073,4997
1215,4678
4810,4766
4254,4780
1478,2823
1432,1841
545,4877
878,1849
4319,4613
3151,5077
915,2865
4517,2798
1780,3914
4387,319
1515,218
1076,2854
3064,4674
2342,12
3991,4749
425,2822
2222,2818
2414,4939
842,3880
2200,4786
1517,131
2004,4917
3127,4887
3053,4752
4447,4760
1136,2831
233,2788
3063,4998
3948,5020
2495,4672
3712,4936
2805,1742
1381,3913
2667,2855
2939,1844
2753,4944
661,4855
3806,4989
2176,1836
2281,4880
1080,4696
367,3912
3472,1748
1413,4253
1713,4913
4382,4774
3815,117
724,4249
3542,2839
1593,4766
4361,3912
3681,113
3100,4739
2947,2773
2480,1857
1600,1835
4384,4778
421,2838
3295,4803
964,4769
3801,4779
3804,4894
3289,5073
2902,4694
3537,42
3489,2829
3058,15
3891,145
111,1731
1080,4901
2172,2814
1335,4265
392,4886
3139,4777
697,4878
4019,4963
2733,4936
3827,2765
2538,2813
405,4743
4275,4769
2078,4696
3720,4687
785,4774
2706,1730
474,4250
1898,4781
1670,64
636,2787
2390,5065
96,48
739,4891
2329,4956
489,7
3624,4697
4131,4901
1434,4889
3426,1850
3315,4861
732,4797
2988,4774
4456,4766
1345,4677
3825,4803
1609,2788
1884,5069
3361,320
803,4772
447,1855
651,70
3530,2853
22,4729
3563,4267
2374,1725
1768,1857
2979,4855
3350,4784
948,4736
1004,4952
2537,2821
4189,4965
4982,4916
2465,1731
4622,4752
168,4918
2210,4746
4555,4986
396,4817
176,1839
2342,4790
2899,4673
4551,3912
2477,5077
3318,53
338,4906
947,4988
509,2781
4118,2860
2694,5020
2050,2795
4079,2794
1320,41
2943,4728
2877,2840
621,4968
2024,4718
3519,114
1279,4681
4480,4921
3477,4855
1876,2849
3140,5018
3608,1731
1998,1850
763,2814
3771,4831
3221,5004
1560,5002
4439,132
4660,4876
4933,4848
4381,4819
1889,55
4662,4940
2482,2808
2127,1726
1640,117
2551,4861
3841,2820
704,1841
4541,4791
1629,13
4560,4954
689,5073
2398,13
2698,319
3186,4855
3377,114
2432,4890
2,2844
4578,4882
2507,4997
182,4941
3365,4947
2045,2796
2561,4979
1761,4742
4067,5075
1620,2825
2895,4723
697,4680
3668,3505
2552,5001
1899,4935
3663,2779
2546,1846
2702,4682
3986,4736
2207,4914
776,2839
1267,4955
3298,64
3803,4775
3661,4775
2249,1835
1357,61
3945,1733
734,4941
3530,63
1380,113
3261,4693
1195,2787
4409,5004
2415,4966
196,3884
1145,4783
2852,4670
2030,4253
3602,3882
3459,4856
2696,5069
3320,2823
2589,4916
2868,4766
1199,2827
4049,4995
2636,4900
400,4857
524,285
4525,4681
1339,5064
187,4969
2459,4886
1211,61
2444,4961
1630,4687
286,4800
1424,4613
692,4675
1116,1834
4217,4953
4304,2786
2389,3881
1589,5065
677,116
618,2837
781,4957
3169,4681
953,2658
2270,2788
3965,4688
4014,2774
