1312,2811
3311,3885
4960,2837
2576,3882
232,4737
3222,4634
1543,4920
4838,2826
3351,4962
3807,145
4837,4781
356,218
4999,2867
4881,1732
1023,2794
140,4963
1618,4746
3479,11
3844,4996
2284,2827
3361,4765
211,4799
512,4736
3753,15
1432,4892
4028,2787
3992,4941
547,4998
2439,124
2639,4741
1410,2811
5076,4686
2520,3924
4699,4765
1425,2789
3241,4884
1395,2855
4091,4819
2990,4972
3434,4718
1825,4873
1597,4752
4927,2790
2950,4690
3785,4801
1177,4251
1260,145
2387,4855
4644,4735
2887,5001
583,4820
1682,12
2762,3885
3509,4958
3159,3886
2580,49
756,4750
2195,21
2539,4677
2519,2824
951,15
874,4961
109,2772
3962,2671
1527,3505
3609,4799
791,3915
4064,4884
3462,4789
1300,4800
3319,4995
2868,2854
4521,1732
3601,1840
1185,4736
3162,50
2980,4672
4111,283
4638,8
4637,4728
2749,4675
3873,4989
4135,54
1501,1732
2744,4766
2502,4850
1105,2803
4449,4759
2440,4746
3996,4749
2156,3880
3546,4693
722,2831
2891,4991
4212,4961
4874,3884
158,3883
2077,5069
830,4613
3952,2867
4151,4742
5006,40
4576,4732
698,4783
287,4929
3948,4763
3128,4764
4476,4688
2692,4250
2485,4996
2678,4978
1775,114
3502,4782
2898,4690
1912,3880
1889,2764
400,4932
755,4816
2972,4988
3417,2823
1765,1817
1459,4953
2197,2858
3393,2825
327,4988
1032,2764
3548,54
2240,4817
1436,4961
3458,4738
3524,63
977,1840
1113,124
4377,4855
3340,4885
2429,2779
1617,2824
4290,4944
668,4990
3738,4733
3052,4780
236,3877
1460,1834
2743,2862
682,4686
4405,2821
4640,1730
5060,3915
2004,4674
265,4778
3111,4915
1644,2821
294,4250
4166,4688
4586,4956
960,4930
3346,4992
1245,4978
2376,4994
1553,7
221,4991
1222,4674
3716,4697
3946,1748
3367,4799
2239,2818
2488,4779
465,49
4519,2857
43,4932
290,60
2406,4797
3183,4791
3691,1832
4805,4697
3484,4687
3967,4248
3243,1851
1567,4792
1410,4986
4141,4673
4216,4734
3769,4952
1637,1848
1712,4692
992,1847
3644,4728
1138,4921
3743,4905
2925,1827
4015,4692
934,4961
1593,2867
3905,113
4480,2796
724,4970
854,4905
3645,4994
3082,2787
4626,3884
223,3879
4228,4677
2548,21
143,4938
2233,2855
3997,2767
521,70
3578,4952
3868,2788
534,1740
863,16
3118,5018
550,4994
2421,4688
3866,145
296,4689
850,4264
4066,4753
530,4855
3970,115
1559,2783
2604,4731
1769,4815
3270,4892
1626,5020
264,4991
2988,50
2247,4752
4596,4690
1414,4817
4074,4694
3436,4675
4303,12
3252,2810
2950,114
1357,2808
2948,2856
612,1733
1170,4681
2517,4971
1020,4890
3443,2814
1290,4901
1080,4902
1210,4777
2399,5069
287,2829
2405,1832
4714,5073
1723,1842
3709,21
1280,4678
3942,4930
161,4998
3860,9
3688,4989
2017,2858
96,4872
352,1818
3343,34
658,4921
3307,4995
1629,4961
1366,5001
1588,2858
1049,1729
1801,4979
3873,4788
4257,4931
4581,2789
4054,45
1620,1827
2217,65
3036,4759
1318,4991
3623,56
4162,4672
791,4910
294,4930
2741,3882
1457,4886
3215,4946
1514,4762
474,7
2372,4735
2466,2823
683,4734
3663,2772
2060,5004
557,2821
4597,2824
1924,4858
2545,1839
3711,2845
3088,1861
1676,4749
658,283
3119,60
3646,4860
4225,4936
29,4801
1355,4789
3209,2840
672,131
4385,4831
775,4777
2316,4847
4548,2857
2216,3883
763,51
3413,4797
2243,4902
2352,1838
1925,4951
1238,64
2912,58
1636,115
4271,2772
1964,4677
3283,4962
4985,4832
4256,4682
2562,3884
141,51
3473,4634
98,4952
2735,4743
2734,2818
1056,4766
1209,4951
267,4752
2909,4987
1144,5063
349,4681
2485,60
1445,2785
1251,4986
2900,2800
2013,4765
4415,4912
4302,2823
1549,4752
1751,2862
3975,4817
485,4918
2619,4264
2215,2865
4513,320
4842,2784
1161,4684
3595,42
2090,113
2780,4253
2927,4830
291,2826
348,2857
4235,4992
3178,4783
2076,4731
4188,4781
2480,4249
3436,2839
855,4786
3178,4670
2224,4937
987,5063
253,4769
3577,2843
1504,5002
2806,4998
4648,2790
3075,2820
4206,4904
3997,5
2484,4887
1651,5065
2146,5077
3331,2827
215,34
3745,2857
3139,5063
952,4907
3580,4787
1476,2827
4202,5001
845,1740
616,4941
4612,4755
3240,4759
3503,2814
658,4686
469,4919
1943,2818
1802,1850
3793,5018
1018,4688
1269,2765
329,4250
5079,4773
4548,2671
102,5066
1528,4695
851,2765
3952,4787
2681,60
4271,113
4419,4919
3388,55
564,4829
4502,4935
3378,1833
3006,4249
2914,2825
1061,4752
83,2862
1527,4910
4187,4996
3326,2821
4110,2862
762,12
3277,2839
2505,3882
163,4904
1938,16
3620,4886
2153,3615
3064,2827
386,49
3250,4675
1347,4951
4404,4769
3007,12
1463,4800
1106,2835
2987,4856
3567,68
3893,4876
1877,4903
3723,12
4537,1737
3435,2822
1966,284
3805,2812
2483,4892
1334,4695
416,4911
2242,9
1576,1846
4924,2826
3446,2822
3082,4791
742,1733
3181,4876
2078,4250
4975,4909
1793,4695
1059,318
4173,2864
717,4870
1935,2781
1315,4816
1008,1838
4537,2781
1429,1
1664,4691
2588,9
3701,4930
4034,4951
1063,4723
4300,2820
2190,4797
3350,4729
1396,4994
1162,4678
1527,4264
1093,4914
2406,4931
2419,4993
3429,1834
2859,4873
4434,4251
1345,5074
921,2798
1976,4769
1508,66
875,4786
2600,2799
1949,4679
659,70
2699,1725
2282,117
445,4793
2464,4738
1912,3881
2274,4860
292,4979
2985,2817
4483,2774
3514,2813
1221,4909
772,13
1337,2773
340,15
2452,13
1261,4737
516,3878
1512,4820
1626,4904
3069,4684
3536,5075
4174,4873
2364,4915
607,4993
3289,4938
1752,4862
4648,1860
1753,4779
1273,4829
4279,2814
216,3615
3487,1861
4420,132
3264,5069
2070,4997
1524,5066
1308,4879
1264,64
2042,4747
4036,34
4533,4903
2284,4694
186,3881
1693,2860
643,5065
4453,62
4360,3885
1433,4696
2953,4918
4490,4979
253,64
4438,4997
3369,4785
274,2847
4288,4990
386,4676
2616,3924
1150,4897
2480,4912
2889,4692
1492,1848
89,4856
5040,4936
3139,4961
4252,4936
3587,5001
2134,4904
4341,4248
3423,2817
1984,4951
562,1728
2559,114
3438,4947
10,4679
2145,2798
2690,4769
2290,4848
3429,4729
2993,4877
847,2862
3051,4914
2754,2843
4350,4882
623,1818
1462,4670
2691,4965
1137,2822
1629,1896
4584,4737
2078,2857
3491,4670
4298,4888
4227,1733
3167,4774
1229,4675
3748,1861
3773,42
2164,4734
827,4908
2351,2817
1233,4961
1266,48
2317,4253
3663,4818
4405,4251
478,55
659,4731
4212,4747
4501,4776
1640,4787
1496,2776
3509,4817
1879,2776
4528,1841
440,4733
759,4988
2666,5069
3581,4788
3213,2810
681,41
3424,5074
3164,1896
1052,40
751,2795
721,1816
3937,124
1570,4760
3493,2786
3928,5020
3608,1851
4397,4847
1086,4994
2087,132
3070,4970
1765,4732
5062,2854
1250,2847
881,4737
3334,55
3945,68
3221,4774
3766,42
2544,4817
3511,2833
265,4694
3260,4963
2369,114
3211,4762
700,4897
3057,2809
1924,2851
675,16
3226,4910
1391,4792
3343,45
4336,1727
3152,62
2066,69
1400,4784
2246,2783
378,4747
4145,4688
1645,4779
3822,62
2223,1834
3217,4792
1186,4969
118,4731
231,4920
473,3884
180,1833
2648,4929
483,4935
1125,61
893,4880
3758,4732
2677,4858
2198,4941
3381,4860
3625,1834
2420,61
2874,4779
2211,2822
4496,1742
2006,4800
2886,4750
1972,4877
2164,58
2666,1860
967,68
2805,319
2908,56
2260,4727
2223,4248
1473,3884
3951,2809
2174,4718
1569,45
4233,4860
4047,38
1345,2794
3281,4815
4451,4792
2887,1827
707,1849
2028,1729
1421,4889
3382,114
4377,4782
811,4888
1762,1816
4567,4882
1800,1817
2750,2860
4037,318
4188,80
3711,4900
2651,21
3488,5016
3625,4681
2970,3915
4538,4779
4300,4670
2910,4734
639,4792
3436,5077
4420,4906
2007,4900
2188,4820
2729,4680
1157,4743
3592,1845
2438,4675
1276,2658
1349,4858
4315,4772
3956,4872
2527,84
1672,4965
4093,4934
3445,2798
1571,4886
3187,4986
2911,4954
3982,2829
1412,4986
2112,4799
1642,4769
4023,4780
4396,4788
5040,4880
506,2811
294,4892
3917,4997
2069,2847
4021,319
1224,49
1496,1846
1585,4752
2920,4720
1822,4935
1971,4747
3097,4913
4842,4774
1216,4792
1760,50
822,1733
1343,4849
289,133
5058,67
2164,1737
158,4926
4039,60
89,4931
1271,4979
813,4791
3361,4755
1337,65
2152,5063
2672,4819
1488,51
2555,1850
880,4971
3542,5069
3482,61
1204,4991
4647,4877
307,4783
3250,2845
3079,4677
3359,4766
544,4994
1790,4765
776,4884
2702,4251
264,4777
1328,2849
1801,2833
786,4690
2146,2671
3852,4764
1405,4253
2238,1730
4507,4678
5022,4267
30,4818
485,4727
3927,4894
1431,61
4276,2772
2755,62
2322,4944
4058,4938
4231,8
933,1725
2642,4771
4536,2832
3608,3877
4923,4688
3687,4991
941,115
705,4820
4315,4736
4039,2851
1405,4786
2211,4918
1448,4769
3412,2818
2072,4635
324,2798
1719,4929
1517,4905
347,4832
1324,218
1000,4971
3271,4668
1647,4752
1067,1836
1125,2814
662,4727
1373,2824
1326,4830
1652,53
4101,113
4151,2774
2596,4880
5014,4900
1785,4737
3890,4265
1777,1836
683,4793
4512,2811
1641,2785
1020,2794
2674,1850
2192,2844
1319,1833
3542,4734
3132,4907
1566,46
927,4979
876,4889
2960,4692
4605,4718
3028,2831
2572,41
2874,5074
306,5066
3636,4781
3892,4695
519,4847
4276,4696
3310,4889
2423,2856
2196,4957
1868,16
3420,2784
1318,49
650,2857
1066,4734
1027,4748
275,4752
738,4862
3683,2827
4293,4792
3719,4991
3895,218
4155,2847
2382,4969
4074,4739
4312,4746
918,4693
356,2781
1496,4830
812,3924
2532,50
4636,5066
2451,4996
3310,1837
3422,3883
2352,4763
616,4253
1222,4887
4534,4861
2250,4803
372,46
3780,4672
630,4921
4520,1730
3024,41
3476,4674
1783,4884
3939,4613
2572,4909
2166,4748
869,4920
2693,1838
1525,3881
2587,2855
2612,1834
2976,1862
1070,4887
2010,2803
1349,4675
4586,2856
619,1855
22,4688
2976,5004
101,4788
1276,4692
3983,9
2279,285
2711,4792
4197,4887
2573,4791
1173,47
257,1849
2368,3924
3056,4862
2376,4672
3524,4940
323,4772
1708,4931
3390,4774
732,4888
1617,4882
1067,4778
2527,4733
2493,4797
1304,80
3076,4689
3292,4764
492,2808
1768,3913
4035,2824
3676,3877
1055,1862
1134,1861
589,4952
261,5069
2998,1733
2685,4267
1519,4873
4049,3886
1198,4989
3607,4958
3161,2846
2722,4787
4406,4685
3279,3882
2203,4743
222,4817
2339,5018
3003,4992
1570,4902
1398,4855
3047,4751
3349,4892
387,2785
3111,4749
2892,4677
2964,69
37,4998
4258,3924
3088,2812
574,3883
1995,4768
4533,5001
4176,4730
3850,4961
3872,4964
4507,4799
3142,4730
1804,4265
1381,4962
1246,45
1628,4882
1516,4692
43,1726
1020,4747
3891,2768
1763,3914
419,4779
4332,2776
1437,4897
3220,4860
2915,1788
874,4884
1387,4801
2568,4890
2060,2846
789,7
3542,21
2910,4940
1213,4860
451,3884
4102,1725
1070,4915
2275,4896
305,4930
1429,4752
1001,2854
3066,4748
1768,1860
5032,4910
412,5073
4323,4800
1176,4849
3899,1842
379,4939
3120,2799
2489,2671
1107,4916
3412,4782
4172,67
831,80
1482,2796
2088,1726
878,21
3569,4909
5082,2765
1669,4680
3452,4785
1220,4883
3861,4988
2909,4789
4246,4772
280,4790
2244,4916
85,4824
4515,4741
3123,3880
1578,4741
4104,4856
3522,2803
1029,4720
3513,1860
2480,1726
2933,4993
1464,16
4091,1735
3228,2817
2074,4941
1513,2809
168,4730
1061,4939
2949,3505
279,54
399,4693
2126,4909
3035,4894
263,4689
3724,4764
3651,4996
3872,1838
4451,1847
2746,4694
1869,4250
680,2784
534,4850
3362,4687
83,4919
959,4926
3419,5065
1296,4978
4711,2786
3046,2832
3711,3882
342,4884
963,1740
1473,4919
1388,4723
768,2825
484,3924
3983,4901
719,2796
2428,4786
395,4785
4421,1834
152,1842
4614,4968
678,4779
4014,2841
2201,4915
3899,4938
4391,4938
412,4832
1894,2779
4510,132
3578,2823
3211,4793
1228,4266
4244,48
2807,1808
3047,2817
2432,5069
2914,4746
136,2845
2746,1860
140,4265
288,4764
4032,2774
1140,4759
1226,2853
1982,4908
5029,3878
718,4992
4151,2765
906,4675
1712,1831
2421,52
4449,4857
143,4729
2303,48
5068,2822
888,4634
4497,4991
1679,2822
3164,2767
487,4785
636,12
4663,4900
2424,4670
449,2786
2141,38
3277,4248
2916,3880
2601,4687
2069,4738
2524,1845
553,2821
1212,2796
2896,2776
4332,3
4985,4919
2234,4786
4237,4728
4550,4774
1665,4858
203,41
1289,54
2675,5016
4158,3883
513,3912
3422,4952
4286,2843
3165,50
801,2841
440,4679
3572,2840
3661,4250
1147,2768
3410,4883
3374,5077
1142,4737
2310,2788
3400,2840
2980,4265
1810,4765
1973,4991
549,4673
4055,2779
2736,4907
2162,12
2740,4760
327,1740
2517,4897
1296,4958
4555,4873
439,1730
1439,2829
2007,4954
4097,4778
4231,11
4279,4678
1216,8
3301,1730
3568,4792
0,4987
1377,4675
1258,4883
230,4992
3316,4957
1933,124
1283,4690
5059,4688
4298,2787
3263,63
1054,3878
2018,4764
2322,2789
4662,4750
1070,2764
286,4752
1897,1842
3847,3880
420,4993
2530,4775
1490,4759
1033,1838
661,117
5010,4739
405,2779
2881,55
4370,4962
1144,2811
2269,3914
1819,4748
4840,4735
3086,4673
244,4860
2573,4754
995,5020
4172,4989
2190,4739
567,5063
948,4987
36,4800
112,2823
895,2795
4401,4934
3046,4253
1620,1748
3578,3
2178,4938
3660,69
580,1817
2752,4682
4457,4799
3127,2860
4537,4266
2122,4671
1507,2818
1660,1860
3962,4885
3519,4775
3497,2772
3782,4971
754,4815
2112,4952
1564,3886
726,1
3622,4947
923,4954
844,116
421,133
1688,4850
2659,2838
3667,4861
2699,1727
2587,4914
2244,4876
2011,4676
1991,2787
4387,2767
3534,1834
1327,4919
572,3881
414,4989
3651,1843
1483,117
2574,2658
4632,4885
2756,2817
4436,283
1743,4955
2760,56
2324,4761
1489,4777
3214,4766
3405,1732
2455,3881
3115,4730
3052,1835
2618,45
4585,4729
1569,2786
3853,1729
4038,2835
4933,63
4060,11
4145,2812
323,2848
729,2853
1043,2823
1381,4941
2917,4888
4278,4932
2290,2857
3596,4861
528,1843
798,1735
3334,2853
1516,3880
4002,4679
3173,4743
1045,4674
4504,4784
1465,4934
2731,4829
57,4250
2508,4946
3107,1729
3588,2764
4842,2854
1120,4749
1157,4830
584,3885
722,4847
1222,4673
3135,4780
4899,319
1600,4753
1379,4819
2957,1896
737,1726
3765,46
5079,62
178,2764
2156,1838
2343,4634
311,4764
30,41
22,4689
2242,4779
372,3915
193,2820
4167,4772
2942,4817
856,4248
515,4784
2270,4761
358,2865
2335,3914
1360,2847
2263,1896
633,4768
872,4989
2925,4883
964,2848
2597,41
4509,4828
3415,4773
5028,2825
2065,3912
3891,4831
519,4878
3387,4723
2675,4741
571,4679
1683,2851
3611,4988
3613,2867
892,285
2709,1729
1968,1730
1994,4911
3857,21
759,47
1204,2788
1492,4251
4655,145
4383,4970
2128,4264
3728,4669
1044,4872
1602,2658
1582,4951
1918,2764
3385,4690
657,4861
2757,1740
747,4873
1372,2787
1578,2866
1777,117
275,4783
1086,4913
2295,4954
2638,21
4706,284
3676,4688
1949,2858
3088,2813
1922,4855
2741,133
1700,1816
504,12
874,2774
743,4951
3547,117
1054,4264
347,1735
267,6
4702,2854
674,1840
4022,4889
1291,4903
1509,3914
2690,3914
1511,1860
3610,2827
1629,5069
2473,50
2540,4951
2014,4761
4447,4746
2119,53
3712,4954
778,3505
1109,2838
3255,4267
5031,4966
213,4680
1326,1862
4561,4885
4171,1729
3257,283
4272,1816
109,4909
2001,4969
3090,4676
1785,4815
887,1734
4810,2846
802,4732
3996,4848
3265,4955
4767,4752
3935,5
3023,4735
1065,1847
624,2813
4606,2865
4134,4824
3469,9
2361,2837
1634,2811
3229,4613
2733,4790
4706,2790
2481,4828
3056,4936
3193,4634
935,4947
4180,4860
4497,4685
203,12
4195,4792
4498,1837
2243,1731
1210,2849
681,4737
4726,4947
233,4957
17,4888
2091,4888
3603,4695
737,4266
2311,4887
2551,4857
3200,2838
440,4635
2529,4688
324,1742
868,4731
1635,318
3013,4921
1690,2796
1929,4972
1793,2808
248,5000
3705,4818
1041,2776
4279,2848
1193,113
636,4250
3208,4815
2092,4879
4192,21
4373,64
2957,2776
1753,4882
4231,38
3358,8
1581,2843
4520,2867
1644,4764
2560,4669
2484,4685
3082,4766
4814,1808
1520,2846
4126,42
527,4968
2669,2773
4709,131
207,4849
3859,5064
3182,1733
3425,4919
471,5000
1372,117
162,54
3075,4669
726,4683
3243,4687
1144,12
5040,4882
3591,1730
2070,2810
2946,4970
3062,1838
4623,5074
4158,68
1323,1849
2315,4761
1257,2841
2936,2825
3428,3879
4141,4887
426,133
4854,4697
2146,4914
3580,4669
1483,1727
499,4730
3005,4979
1072,2786
2561,4850
2908,4783
3906,4694
4365,4768
1712,6
1612,4692
2272,4723
183,4957
4425,2825
4226,2858
3796,320
1474,2860
2567,2826
1462,4870
620,4765
4825,1832
3982,4936
2442,5073
2568,2827
4431,4993
974,4890
2899,4908
1686,1896
2876,3877
4256,4858
2386,5004
506,218
4111,4788
122,2839
295,2854
1080,4773
4017,4697
744,2854
198,15
3548,4742
2938,2796
2054,115
618,4671
3759,4888
540,318
3449,4996
4577,4694
818,2788
4478,4790
3872,4926
2722,56
3141,4951
4205,4919
3276,4731
378,4250
4521,5000
2625,2843
3893,4873
4809,4894
254,16
429,4819
1187,4743
1771,1849
1202,116
1588,4876
3165,2866
1933,4771
3401,2824
1974,4730
3078,4799
4615,49
1257,4997
2081,4779
3308,3881
437,1842
1803,2823
120,4762
1549,2768
4046,4891
3972,5018
4353,4882
1305,4776
151,4882
822,62
120,4873
193,4675
459,1896
2677,4988
3186,283
4059,4934
3951,4956
1230,218
2625,9
3171,4957
3351,4909
1469,4987
1134,2826
4381,2803
4215,113
4148,2786
3900,5066
4422,4774
3564,51
433,2783
737,4773
162,1731
2573,4723
4497,4954
2516,4773
2122,4668
3137,4735
2675,4776
4114,13
2306,4998
1711,4952
2519,3615
3782,4968
2112,4953
2192,2846
563,4677
1798,4857
1246,5066
2415,4903
2712,2860
644,4789
824,1846
149,4849
2830,4253
111,4675
1684,63
934,4778
883,4634
1039,4892
1715,2767
3589,4953
3628,4849
3725,2781
4925,5069
4215,4774
1069,4746
2657,2785
1950,4909
4021,4979
940,4930
1499,4248
2701,1838
198,4897
258,1726
1444,2862
1471,5019
1035,4759
3711,62
2287,4751
2875,4995
2303,2849
2900,4729
4420,4776
667,4792
907,4668
3630,4824
1481,4759
1353,2821
3379,2785
3180,1748
5058,4265
3561,4963
1696,4888
5012,4935
3673,4962
3586,4987
629,4760
3716,4903
2285,4766
602,4848
4279,1735
4359,4995
1246,2764
2148,2789
339,4903
675,4993
339,1816
3854,5018
2645,4688
2974,4734
2173,4250
1629,4746
4707,1851
4082,4746
3940,4668
417,4684
3908,4677
3057,2846
2492,4963
162,4856
4441,8
904,4824
1807,4695
3181,2798
1139,4689
2134,1843
2136,4940
1423,4915
3298,4686
2532,1726
2057,3881
3707,4935
984,3884
472,64
1125,3913
1229,4770
3464,2817
1336,48
1990,2847
1114,2838
3598,1740
1608,2824
2220,49
5062,13
4054,2790
2686,68
646,4816
4385,4994
3953,4754
3001,4996
1503,2825
3833,4735
1764,4910
573,4801
2393,2848
1925,4770
3514,21
999,2671
4130,4905
4933,2790
940,2823
1231,2816
1888,5074
5042,4870
3424,4770
2574,2824
4836,4775
341,2799
3600,4880
4049,1726
2013,4951
3872,3877
4650,1850
2988,4733
2568,4892
1179,4889
4343,4936
591,4897
3380,4682
2108,2848
2540,4944
4534,4891
4642,40
2223,1862
1060,4799
2579,4778
4137,4684
2290,4736
3474,2841
3843,4692
1159,114
2087,2788
2175,2839
843,4251
4003,5063
2525,48
357,4894
3261,4988
332,52
4608,1845
4307,2822
340,3615
1328,5000
4605,4929
3861,4873
2065,4739
3757,4776
2913,4935
789,2822
4090,4774
793,4828
2260,4909
279,4848
4520,4972
2666,1840
2108,4969
686,2785
3003,11
4648,5020
1574,4684
2258,62
2096,1837
2023,1847
2195,4830
4104,4858
2978,1735
640,2816
3796,3
2322,4775
4389,1748
497,4748
816,4941
419,1732
4378,51
1562,4910
3867,4913
4293,53
2602,4993
1344,2794
340,2789
4597,4939
2570,4694
4084,4748
2317,4930
278,2839
485,4688
1075,1843
3875,67
2418,124
1108,133
2637,4830
1009,2811
2564,4692
424,4910
887,2814
944,2822
2634,4880
1922,4939
2140,2856
2909,2795
879,4267
3918,65
4020,4265
4521,1841
171,4248
688,4947
2589,69
213,4248
675,4987
4328,2809
1978,4690
4927,3878
2092,4654
2589,4766
4419,63
2050,4739
3964,4685
916,4741
3643,4764
2646,4800
3587,4900
744,4697
162,55
632,4921
441,2848
4371,4953
1314,4940
2501,4955
1340,4743
3224,2837
4382,4966
2445,2796
2208,5077
2537,4751
437,4905
2246,4748
4048,5070
3776,4733
1173,3886
3083,4912
110,50
4646,4970
43,2787
2470,4738
3670,4935
4509,4739
194,2853
1485,2849
261,1737
274,5016
171,4988
4665,4934
2133,2825
430,4768
5037,2845
4204,48
2324,4914
1963,4687
2335,21
4033,2814
2190,3880
2407,1846
406,3924
2325,15
1467,1844
593,2867
176,4266
358,4742
1991,2809
3434,4824
4100,4962
4144,2866
219,4918
4233,4748
1497,42
1703,46
800,4718
740,2820
820,4961
3354,4681
3928,4921
1069,4935
2213,1856
958,4766
1028,117
2392,2774
504,2764
703,4697
379,2817
1545,1730
4295,2811
1882,4957
4478,4791
4603,1834
195,4754
4039,1840
4273,1817
3432,4966
1468,4634
3270,4730
1512,5018
2262,4894
694,4635
1304,4998
915,4903
4083,113
2348,4742
349,4939
4370,4764
3703,4780
2262,64
1634,80
3253,4634
3306,2833
3807,4754
2354,4815
1556,4248
1706,4877
5057,2779
4616,4267
35,4788
273,4788
3279,2858
2124,4857
4513,66
1022,3884
233,2816
394,68
3584,7
2211,5000
420,4995
2236,4992
3934,2841
4068,63
4546,2833
1954,4785
504,4265
4193,2796
570,4759
4895,4723
307,2855
761,2848
4512,2832
3649,4956
3323,2853
1918,68
1676,5020
463,1808
4055,4749
1824,4951
3784,4688
2133,4878
3257,1731
2051,1846
819,4816
2749,3615
1280,113
1233,55
2744,4993
4512,2814
1613,5075
5054,4679
2407,116
19,4818
1906,1730
3861,4929
1599,4790
1916,4634
1493,4978
5034,3505
900,55
1049,2843
3633,4748
555,4879
2912,2851
3089,4955
250,38
1695,4693
596,3885
2693,2768
3410,4962
2802,4687
4518,2844
3249,4673
1695,4858
4479,3884
3079,1732
3475,4790
1826,1839
3849,2790
1973,4896
1799,1740
1402,2848
3673,4679
4714,4789
206,4910
691,4673
4543,2849
1763,4773
2325,4820
4143,4728
1359,4887
3917,2808
2717,4734
2587,3505
1047,4730
100,4992
321,5077
636,4914
2357,4751
2603,4779
3501,4803
4469,4635
3120,4926
540,4675
1456,4988
1411,319
1876,2821
2004,4909
1041,4742
2602,2831
905,4735
3769,41
769,5077
2190,4850
480,2866
801,4911
931,4936
549,4249
1621,2825
1635,3881
2232,2839
1920,2788
4440,4939
2925,4736
4189,4891
1452,21
5072,4753
3194,2799
4138,70
1567,45
2297,52
754,4766
757,4877
599,2841
2705,4677
654,4766
3444,4674
4842,4876
3947,4886
274,41
4167,1827
3361,4952
3334,1842
160,4856
4584,1855
4220,4750
426,4890
3034,4684
5015,4946
3646,1850
3530,1860
4338,1861
4665,4696
295,2840
888,2788
715,1856
177,5016
2486,4690
1204,4688
3419,4800
1288,3
2158,5066
2691,2848
1871,2773
755,5073
4004,4986
205,2812
988,1838
1141,2832
1063,2825
3396,5002
714,62
168,2658
4040,2818
3702,4251
535,60
1661,4791
2249,1841
251,1835
4083,41
596,5016
1810,4997
4943,4769
1595,2818
1662,5074
558,3880
2939,84
1158,2856
3566,51
4002,4939
2413,133
960,5074
4007,4921
4332,4773
4080,2843
4021,5
4709,2818
1223,2787
3638,2786
1354,4938
378,4759
1085,4671
4179,4772
178,2798
1558,115
403,4847
3621,2837
4024,117
3859,52
3650,3879
3178,4872
4300,52
1772,4654
4133,4743
4725,4957
3126,4971
3028,4786
4128,2856
4587,4780
2601,5063
586,1808
3730,4741
3381,4695
82,2808
617,4777
4217,1740
1950,42
2453,3615
4123,4680
3468,4777
3517,283
4413,70
4059,2784
211,4777
553,2862
3650,4860
1915,1848
3003,4690
325,2866
1703,3879
2436,4913
2971,2820
431,5065
3741,3877
2165,4888
701,4828
2095,5069
922,4251
4898,2812
4623,2809
3130,2846
3244,1726
691,4970
1097,4819
4481,4916
3241,1856
2529,4694
2437,4939
1917,4734
3753,3880
4445,1844
341,4894
3262,4906
2037,4997
668,4876
810,2818
946,4855
1956,4682
4442,4754
358,3882
1189,114
4833,2820
4261,2835
4188,4885
4716,2783
2183,3877
3686,4824
1616,4986
885,11
1853,4963
998,1818
2081,11
4046,8
4534,4792
1676,2823
1037,15
4556,4748
4706,1844
4268,4819
2021,4979
1098,15
1867,320
3866,2825
2461,320
3200,1731
2014,4697
2157,66
2246,2845
2626,1855
2052,2798
4833,1832
2328,4781
3320,2829
4537,47
2044,4250
148,1860
1784,1748
156,4856
1414,2825
2253,3884
1534,116
3855,4670
3056,131
4486,1827
2520,4793
3191,4879
3520,4905
1280,3912
886,4958
3002,1855
2597,2809
3012,2765
3844,4972
3986,53
1781,4903
519,1846
2467,1849
3296,4755
3650,4670
2969,2803
4627,46
1190,3924
2112,4991
4521,63
853,4877
1263,4858
2128,2790
2976,4723
4025,4728
409,4857
2601,4829
521,48
1890,1742
4026,4687
3986,2765
3155,4947
3707,4878
2134,3886
4233,4787
2604,4777
1204,49
5071,1851
4030,1857
484,5064
4247,4733
3454,55
1304,4730
856,1850
4282,1732
752,47
2120,4678
1527,2790
4231,2813
341,4914
431,4784
430,80
1904,3615
2723,4746
4607,4880
3335,1735
1633,4847
4105,4267
525,61
3956,115
2836,50
1248,1726
2889,2867
1256,2853
4190,4251
88,4990
3562,4941
354,4692
2352,4674
2792,2825
1633,5065
4662,1832
4477,46
2089,4901
4047,2862
615,11
35,1851
3220,4791
106,4849
1016,80
4019,5070
2595,2783
1810,4956
1284,2847
4258,132
2190,60
2647,1896
1409,5074
731,4944
1117,2764
1999,4998
3077,53
1897,4932
4109,4264
308,1742
2929,4815
1552,113
684,53
2001,4902
1027,2829
576,4697
2327,4779
813,4964
1908,52
1935,4746
2303,4891
494,12
442,4774
2937,4694
3955,3883
2603,2825
3063,4727
564,2781
440,55
575,3
219,4777
4396,4937
1656,4970
4859,4765
2919,4672
3167,4681
2978,4671
1708,4729
1284,4944
3785,4267
2666,4769
2235,63
2169,2787
2424,116
5029,68
2716,4689
2368,4815
544,4915
3103,2779
3054,2831
5053,2787
654,67
1989,4919
2308,1835
1187,4248
3719,4693
1136,4848
326,4683
2959,1748
2220,4742
2347,3924
3724,4816
573,1742
538,4882
3950,4267
2909,1734
2301,4669
691,4672
3648,5065
1616,4787
3103,2847
3073,52
1830,1742
458,4904
1917,4872
3860,285
3130,62
4012,48
870,3505
3164,1733
4637,2865
682,4970
4359,4972
3289,4248
3511,2824
43,5020
2425,4249
1131,21
4145,4941
4975,4940
2702,5073
2429,4253
2275,1847
3319,4733
895,1841
4116,2826
4587,4884
527,5075
3036,4890
4179,4747
762,1842
1286,4883
836,2825
2966,4979
4463,2795
3764,4668
1962,1844
244,4819
1093,4992
983,4775
664,2857
2726,4803
495,1734
3083,4987
3261,47
1093,4770
427,4742
4138,4670
1792,2765
1932,4729
3341,40
1320,4902
2253,2862
1890,4747
3771,1808
3384,2808
4155,1835
4649,4964
1413,65
4313,1731
2044,115
2028,1844
4307,4681
2220,2823
2148,1850
4341,4970
3693,4669
1811,67
2571,4728
4173,4780
17,4691
4329,1838
2091,4831
1256,4779
3436,4793
1297,2814
3293,4747
3853,4766
1553,5074
2361,1841
2448,4900
4016,4873
1611,124
565,1860
1187,4848
2252,1725
2664,4696
3233,4771
254,46
1792,4249
3091,4848
4609,132
954,4779
2080,3913
4700,4762
92,12
2041,9
161,5016
2340,4679
3357,4787
2561,2843
3939,4786
3494,4900
4227,4771
4562,2818
142,2866
4614,64
647,4915
3627,4858
3917,5020
2349,1726
1022,4900
81,80
1766,4654
1824,4897
536,4692
3131,4952
2716,3882
4530,4969
1400,2774
802,4731
2330,12
1618,4769
1544,4932
529,5073
624,2800
1897,4815
1955,4746
2061,4676
1321,2858
3331,4997
4580,2854
2340,2671
2938,4790
5039,4670
3017,40
4864,4850
1682,4688
2418,2835
5051,4683
495,1833
1630,1849
3353,1847
1872,113
2023,2798
4081,4264
1911,1840
1822,2671
4255,1732
439,1846
407,8
4606,1832
3559,4958
3634,115
4296,4743
1614,4937
1090,69
2199,5075
1040,4670
1736,4785
453,124
262,4751
292,62
163,4995
1391,4903
566,3883
730,1817
1627,4694
1331,4680
311,1860
2138,4789
3294,4986
4010,4683
1333,4250
1706,4996
1853,5075
3515,4987
709,4900
4342,4817
2566,4938
1285,4684
2063,63
3837,5077
2686,2838
705,4690
2883,5074
2599,4849
19,2817
1580,4860
181,5069
695,4679
4274,2764
2554,4884
4619,11
1867,4968
567,4776
790,4932
3633,2787
955,4971
4522,4994
2636,2772
2920,4951
3644,4969
4808,318
3826,1855
4851,4776
3939,5004
602,4987
5036,4910
3181,45
4235,4674
2071,53
4869,3
3602,1846
2493,3880
2412,4909
2735,131
1087,2798
1797,4690
3577,4730
1494,2788
4121,1856
3416,4792
4625,4952
2882,4672
4242,5065
3968,2847
1557,2826
326,1836
4320,4861
4450,4900
3334,4965
834,2803
3748,4870
2515,4998
2028,4775
2670,4935
1030,2837
2420,1834
1669,4921
1461,2783
451,2866
2967,4799
3275,4253
2968,1731
3725,2823
3472,2779
3410,4988
2666,52
878,3886
4527,4912
2551,4830
3699,4690
4630,4888
4355,4790
512,2867
2688,1837
2125,4634
607,4890
2939,5066
4533,2847
3145,4971
1352,4892
410,3886
5022,2856
2028,133
2681,4832
3540,4775
4430,1839
2511,4903
2702,2837
3932,4749
348,2789
342,4916
500,12
759,2818
1666,4791
1062,4884
2673,4888
3200,69
541,2767
2834,2795
3630,4991
2620,4816
2749,4873
4443,3878
757,1734
2703,80
3774,2785
468,1847
2993,1856
3351,4680
4400,4801
2206,1835
4540,2822
2911,5066
3848,4890
749,3884
3683,1730
1822,4885
2954,1848
3178,4929
279,2843
2348,2838
4725,4884
3300,4873
352,4760
2046,4790
1001,4912
1018,4734
5007,2781
2761,4907
824,4951
4211,2784
2874,3885
4189,4680
2449,4266
140,4749
962,116
2499,2824
2905,2829
1419,4858
2062,2810
690,2835
4535,1845
3811,4733
2464,4905
2456,2773
4056,4947
1859,4972
2614,4986
2106,4969
2633,4728
2993,2788
2877,4786
4660,4803
4621,4675
3866,55
1877,4737
2221,4910
1351,2765
264,4938
552,1737
1698,2784
3526,1817
2802,4828
229,1851
1081,2786
845,4937
4181,4689
1192,1733
1958,1742
2915,2848
3357,4970
4626,4817
2188,2808
5071,60
2875,4962
747,80
1482,5
4235,1835
1981,61
794,3
3449,4743
3026,4688
1507,4799
3223,1850
1867,4818
1045,4686
3910,4775
4109,5016
604,285
423,4987
1353,4905
2501,4718
4570,4908
1513,4935
4341,2671
1680,133
956,4732
4646,2816
3181,4731
2885,4761
2834,4765
2927,2835
3062,4734
2331,5018
4495,4749
2151,4800
32,4718
4557,4932
3799,4936
1316,2811
3039,4954
713,2826
649,4926
2906,4266
1872,4679
2750,4902
3835,4832
3959,2814
2411,49
757,5018
4574,1856
2215,1837
4121,4250
2216,4968
3502,4992
2531,4733
87,283
3012,4673
2538,4892
5006,3912
1078,4672
3212,4909
1603,4992
4498,4775
4527,40
1083,4267
4568,55
659,4771
1498,6
3982,1788
2108,1732
2157,4952
3326,1742
631,124
837,4816
3079,4731
2999,3912
2355,3877
568,46
1199,4267
611,2844
462,4783
1682,4860
1044,4773
4052,4891
2676,54
4425,4884
1369,4964
4260,4947
4317,4894
98,116
3636,4669
2506,2773
4744,1735
3466,1725
1425,4955
1221,5020
747,4877
4339,4799
2121,2862
2454,4856
4527,4697
3361,4250
2964,66
3841,4752
1516,4787
1141,2846
2267,4816
299,4781
492,1730
1137,4787
1374,4768
1993,2838
4609,4786
150,4947
3751,4830
2627,38
480,9
2617,1832
1394,2772
4113,4776
2361,318
4193,4941
1408,4755
5015,2839
2914,4993
1420,70
2201,4954
4288,4786
3475,133
463,4937
1461,4754
3545,1737
2650,1851
4041,4801
796,4919
266,65
596,4847
3696,2765
3592,4857
2660,4966
101,11
3446,1737
3330,4749
1987,4910
647,4931
2694,4970
343,1748
2202,2820
4332,4971
859,4681
4578,4730
3126,4888
3771,5016
1680,2824
3303,4752
1419,4789
1893,34
2576,1831
3553,4884
1883,116
754,4962
4389,4723
780,4997
1484,3505
1301,2822
4447,2782
1660,4697
2661,3877
3595,4613
3154,4911
1635,4800
1484,4903
3158,4858
3607,54
59,4998
2917,4760
4043,4768
4598,1737
561,4995
502,318
2091,4781
3309,4887
2567,58
1295,4761
1285,4888
4838,4926
4657,4991
3990,132
3089,4675
1863,3882
2081,4935
2409,4786
1554,1835
3868,4248
1875,2856
2584,2845
663,5073
2278,4683
1513,4803
3952,3880
3698,2820
4408,4751
722,1735
1193,4829
3271,1860
532,2813
3889,4953
4415,4921
3609,5001
639,4774
4706,1842
4724,63
3405,15
2737,4683
3528,4906
267,1725
2313,4919
4561,53
545,4915
106,4763
1723,4766
874,60
333,4737
2308,70
575,1732
4033,4635
2933,2839
860,4790
3699,1816
3263,4956
2693,4990
3575,4830
1439,60
2931,2847
4391,15
598,4634
1408,319
1120,9
20,2839
3499,4970
3670,4728
4292,2862
1780,2799
3684,3924
903,4770
2133,4824
3435,318
2994,56
2836,2783
3152,2856
1162,4751
2153,4830
17,3886
2453,4654
3067,4788
4506,1850
564,4917
725,318
996,4963
3548,5069
2977,4672
1892,2814
4412,4824
4095,65
931,2764
942,2821
1510,4988
2869,4675
4365,2811
3941,4783
2015,4952
3748,2848
1507,66
59,1838
3047,4818
4004,4909
1898,2776
2380,2782
3671,3884
682,4803
3232,4962
366,4904
517,4738
2619,1847
82,4972
4441,2788
1757,5075
4377,4748
4130,4972
2071,1857
3121,1818
1800,1851
1939,1832
1899,4776
4334,4760
4853,4968
2342,4695
4047,2856
4467,2774
3532,3883
2395,2846
1165,1832
4639,42
2346,2846
385,1846
1852,9
2347,2848
174,4940
3742,1841
2319,4765
692,4873
3006,2821
3717,1729
2434,4248
441,4860
361,12
662,1748
1895,58
127,2825
2834,113
1001,60
3541,4734
4546,4672
4590,1818
2613,4906
2535,4988
300,4992
2146,40
3774,4916
1496,1816
1918,1855
1277,4857
1804,2812
1489,49
569,4906
4508,1855
4620,4884
4548,4879
1326,2855
593,2785
637,4747
1885,4971
3799,4730
770,4953
2084,84
614,4720
2011,4797
2588,1848
4475,1742
3649,2765
4137,2837
3784,4992
2367,5004
2111,2838
425,2833
1209,4820
2519,4876
3653,4962
1105,284
1603,45
2521,4952
3463,4793
4927,2860
2903,1827
5006,4929
4021,4991
3509,2858
3399,4671
3583,4857
363,4966
4054,2782
2510,4958
496,4964
3549,4778
2969,5019
3492,4894
3328,4951
4863,40
1622,1848
946,1849
4433,4903
823,4913
1426,283
726,2821
1810,4858
1327,41
3371,4888
1800,4955
966,2767
1316,318
3079,116
171,2795
4004,2835
2511,4267
4188,4686
3854,1845
442,3914
3326,2788
620,2773
4069,48
3089,2794
3750,2785
2603,4669
4176,4929
2697,4817
5008,4815
3480,1857
243,4855
4391,4873
2540,4968
2318,1727
1755,2866
1754,4918
3071,4781
3550,4746
4522,4955
1824,4776
3254,4693
563,2773
1954,4816
1036,320
2129,4894
243,4994
4865,3912
2742,4957
3953,1847
1868,4797
4138,4890
2590,1849
4561,5070
3874,4817
184,4692
1391,2833
2529,45
4428,4679
2216,4969
1254,4962
4170,2862
2078,2832
3645,5018
1456,2765
586,4991
2487,4773
735,4935
3697,4896
4942,4251
4095,1851
1085,3884
2007,21
3635,4694
3128,4672
4535,1816
2407,4738
1452,2856
4661,3886
3542,1816
4638,4686
4592,285
4296,2858
280,4815
3145,4727
834,4727
2382,15
2476,48
119,1848
4601,4970
1259,3879
3668,45
4088,1833
742,4903
1610,4971
3424,4986
764,4971
273,2858
506,4695
4331,9
1853,3882
547,3880
4355,1833
3458,4815
1490,3880
751,2800
1156,5
899,116
2176,4754
2740,4782
2944,4759
3316,4685
1625,61
1486,2847
3106,4670
2032,4769
2739,2767
2148,12
551,3615
1098,1850
2618,2768
1754,4729
3472,3915
1717,2831
2836,4739
2545,2844
4928,4249
808,4971
4490,4751
498,4957
2535,4689
3830,4892
1677,41
476,5016
2218,4904
2265,2782
4629,4832
2577,4778
5011,2764
2937,4929
1704,2844
2611,4736
4546,2853
2599,4994
1121,4674
3304,4995
2328,4978
799,3913
1202,4856
2522,1725
4701,2816
1007,42
4177,4995
2545,4729
30,2789
1642,4694
575,4831
1876,1840
374,4729
3649,4889
2111,1842
3248,4937
5040,4681
3782,5002
2205,2658
261,1856
3500,2768
1502,2782
3976,2789
308,5073
1920,4917
4439,2826
1167,4884
2537,4930
1947,2796
2368,4971
3010,2786
3028,2671
2021,124
4823,4613
3286,4674
1414,1729
1014,4954
3110,4897
4099,5064
496,5070
3240,3878
3293,4954
2274,4799
1924,1841
1750,4687
1881,4748
2310,4671
2550,4944
4640,4937
1483,2764
1431,4760
3591,2825
3951,4251
3538,45
2619,4693
4618,4909
1030,4682
2583,2839
4661,4894
4627,4770
1973,4965
817,4858
947,4791
5056,4765
3031,4785
624,4727
4429,4870
3424,3882
2352,4697
1676,2818
539,1847
4611,4971
762,4956
4235,1731
340,4266
770,2829
538,69
3729,4909
3808,4962
1127,4674
4707,4931
3118,2768
3874,2866
1409,4954
760,60
3117,4995
381,1816
1325,51
2450,4680
4822,4926
2435,4613
1415,4718
1500,63
4485,4750
2899,4249
3855,4776
4604,5070
1811,4993
3551,4736
2657,4994
18,5069
4014,2783
1508,4904
4209,2794
4367,4670
3727,1726
1139,4847
2260,124
4712,4818
425,4966
1517,1834
1561,4720
2682,4956
1228,1734
1649,2847
617,4746
121,2823
3401,3882
3852,4951
4592,1835
1829,2788
1326,2794
1582,4679
4160,4818
4949,4958
2212,1836
3293,4877
2016,4264
3863,2858
23,5073
635,4696
82,4792
5044,2817
3478,4688
2877,4780
1946,4997
3168,1808
202,4692
4188,2843
3486,4894
3550,2858
946,284
3309,4969
3115,4743
691,16
3379,4679
2176,115
4633,2867
4562,4687
3500,4861
1803,4850
1341,4783
499,3912
3686,4968
3895,124
2875,4952
1017,51
719,4764
908,4830
4407,4634
4758,4680
3159,4734
4088,285
2045,4253
1918,4654
1397,65
1352,4683
32,4248
3225,4979
3556,4634
2663,4848
3792,2837
4827,4773
2188,4855
5057,2783
576,284
689,4779
1302,47
3907,65
2678,2835
3657,4735
5021,4750
627,4736
1275,4988
2732,1730
2204,2783
5079,16
1885,2827
207,4673
4105,3877
3229,4996
3819,2767
751,4688
830,4929
300,4993
343,4669
4665,38
1447,5074
3321,4940
1794,320
1396,5002
1715,4674
632,2827
1707,4781
1323,4817
4868,284
3713,4857
1863,4902
1152,4856
2070,145
4394,4847
3750,84
515,5001
4239,285
1786,4900
3611,318
1712,4751
871,4905
4721,41
3597,4792
3731,4986
1082,1827
4515,4850
331,1
953,4962
3008,4963
2528,4989
2744,3882
3392,1730
4246,5073
2105,4760
3852,4697
2074,4892
2644,4926
4516,4739
888,2764
4370,4265
1498,4778
2191,4686
1928,4772
3698,4908
170,2822
72,2824
2758,2829
4204,4944
1865,4755
4476,2809
3430,47
4607,4768
1459,115
129,4908
4307,4989
835,2785
3269,2776
3851,4897
259,4890
1878,4897
3172,1729
4330,145
4239,4733
1819,49
2473,318
4067,4848
1120,4739
4981,2867
745,2810
1111,2803
1887,1862
1720,5074
942,4752
2337,4791
4444,4752
4655,2782
855,4765
826,4680
2004,4905
1612,2827
1252,4265
2013,1833
3662,4761
2755,3883
1362,113
4342,4264
548,2808
3821,4777
4526,3915
636,4850
2203,1
471,3615
2963,3879
420,4914
4605,2826
3660,4728
4315,4912
3090,50
1249,3914
1968,2772
1443,2810
4086,4971
2612,4877
4578,285
3542,1740
3136,4888
89,4883
4337,1726
1074,3881
1332,4978
3546,4769
2976,2835
4302,4987
2052,4858
1983,4727
2023,5002
2164,4678
2165,1735
995,2862
2899,53
4068,2857
1023,4264
3509,4776
2510,65
1593,34
4606,1843
1318,2833
421,4989
3473,4772
4706,4861
2423,2821
1904,4741
1061,4944
3484,2781
2122,2864
780,1740
2028,1862
1166,2765
258,4746
2137,2848
4843,117
1901,53
5014,2816
1520,16
4756,4760
2556,4765
810,2858
1951,1861
4228,2800
536,1846
3344,2829
2982,4772
2408,67
1695,5001
1222,4970
3676,53
4071,4784
1299,2860
1400,4971
2360,21
3462,4680
77,1848
1399,5064
622,1816
1137,1748
3380,4768
1667,4777
3260,4987
3010,66
2145,3882
2901,1835
3381,113
3612,2855
1305,4681
3432,4847
4205,4781
4012,4749
4594,115
3827,4790
3588,4856
953,2787
1571,283
1121,4673
3709,4987
515,4613
580,42
921,4958
916,116
153,1836
1997,4785
928,2846
157,4848
1983,3883
4343,4747
44,4857
460,4774
3771,4909
3455,4876
683,2845
2743,4736
2293,1835
3908,4917
3971,2788
2748,1817
2819,69
2192,4848
196,2831
178,2862
5067,124
2237,4678
372,2764
119,4689
2886,4742
2133,2785
690,4613
2201,56
2519,4919
3906,4993
733,2773
1582,5019
2709,4963
4345,4654
725,4913
2905,5000
4576,4891
2192,1840
1935,45
526,69
2347,4776
1237,4727
1792,4749
856,4911
251,4903
927,4694
2538,1729
2604,4688
99,4900
336,4754
1706,4830
1695,1842
347,2773
1691,4879
5026,4266
337,4803
1820,1
3705,4820
3532,4688
4644,21
3445,5073
2427,284
1260,54
3130,2799
1238,4761
2232,5018
639,3884
1615,4849
655,2796
4725,2772
3780,4743
5003,4996
4063,4815
1415,1726
4814,1818
293,4736
2547,4790
524,2845
761,4968
804,4777
2698,5063
2608,4681
3967,4965
3893,4674
209,5077
725,4265
4427,4763
200,4955
3303,4253
3195,4732
3523,4849
960,4769
920,2824
2678,2774
773,1836
951,4989
2193,2814
2142,1835
4210,1843
196,4831
2462,1862
325,2782
1435,4897
4024,132
4306,4944
1773,4799
665,2838
1440,1844
3861,4904
2970,63
4110,2811
397,3912
1189,4720
5081,132
4083,1818
366,4850
983,3880
3342,4781
3149,4904
3715,49
4190,1735
3149,1845
5029,61
2870,318
3510,2787
2172,2821
4480,4750
1226,4678
3602,4784
2476,4912
2706,4894
211,4884
2339,4955
4652,4803
802,2768
3284,4954
3021,4684
3979,4746
138,3505
4661,4800
4973,4654
4347,4782
2667,4776
3225,4775
73,4689
5028,1845
1052,4903
333,3915
2712,4797
2186,132
1365,320
4240,319
510,4681
4041,4931
4205,4913
2091,1
1650,1845
2053,4733
1993,2860
4721,2671
910,1788
3603,2825
852,5004
2916,115
1454,2853
1978,4736
3712,4683
4065,2822
150,5000
4140,62
3267,16
2713,2787
4547,68
1074,52
1944,4799
4124,2867
3874,1727
4604,1846
2270,5002
580,4884
4072,16
2732,1731
4809,2855
3213,4249
1184,4909
1245,4791
4374,4989
4655,4265
3110,2671
3067,4886
1054,4774
1291,4816
2180,4911
588,4876
1763,2772
3207,2808
962,318
3541,4958
1803,21
712,4817
2341,4791
2447,2799
18,4929
4470,4803
4333,2860
3496,4961
1202,2767
2761,4904
1686,4986
3573,4989
3200,4932
2871,1740
1384,4689
5058,1838
4225,4894
909,4683
3177,2765
2011,116
3731,4989
3649,1851
1492,2795
362,4763
4227,2854
85,113
3222,1728
2272,60
4142,1835
2083,4751
2191,4824
3910,2781
127,4819
3249,131
3648,4784
4322,4847
1196,2858
1414,4688
1097,4847
4618,4883
1195,4931
642,4929
1570,4749
2758,2818
3277,2866
267,1851
471,2823
1911,3879
1588,46
2434,4743
3311,283
3127,68
3570,4820
4074,4747
604,4696
2186,41
3497,4919
4016,4961
1562,4613
2757,4668
2427,4988
3501,4781
3405,68
2723,3924
3620,2765
2346,53
947,5004
4433,4688
3210,4797
4118,1726
3442,4963
2608,4738
310,4782
3107,4776
1395,1728
3730,3615
974,41
3712,62
1174,4958
3963,4829
476,4901
4305,4911
2963,284
3108,4934
2754,4915
1780,1849
247,4861
3300,4731
20,2795
4827,6
3867,2855
2345,4830
3416,4919
322,4935
3016,1837
4257,4910
2071,9
3953,1845
3170,4886
4949,4817
179,4752
515,4951
1050,4800
2155,41
4642,4958
4228,80
2014,1835
2514,4720
1897,2827
2383,2845
2990,3
2696,4848
1250,5019
1633,2817
1079,2855
3901,1839
2312,4857
1246,1836
2649,4784
938,2833
979,4902
958,1748
3540,2849
628,4746
2705,4954
945,4955
193,3
3796,2841
1650,2671
635,4754
1404,4695
2333,4778
2025,1725
894,4753
4411,4913
1403,113
1946,4939
3535,4779
3094,70
1351,4937
1570,1843
217,4766
2002,4770
3097,2856
668,4901
3161,3505
2377,2774
3465,4265
3379,4911
2571,4954
4833,2803
144,21
786,1840
2714,4690
2456,4990
586,113
2461,4670
1751,2844
3121,4917
3898,1860
1119,4870
395,66
3069,4267
1314,4672
662,132
1021,4940
4715,4751
3599,4878
1060,2795
4422,4900
440,2844
1707,4904
1924,4264
582,2826
5078,4750
2331,5066
2198,1735
2526,48
954,49
958,2853
3494,1839
1486,3879
3484,3881
1422,1851
57,4731
2573,4819
4201,2840
3240,4773
693,4909
2212,4894
351,1729
2528,4858
889,4966
2885,4909
1800,2814
268,2782
922,4947
4440,4682
4044,4803
4524,2811
3243,2821
188,4264
386,2848
313,2816
3055,4723
3063,4953
4806,4947
2979,2767
4473,2803
3672,4783
4200,4788
1329,4886
4868,3881
1630,4680
3320,4953
4226,1837
2235,4938
4807,4913
1147,4969
3780,1856
1026,4733
4643,1836
1770,4877
1594,2844
3130,4937
3466,1839
842,4800
4630,65
2003,4993
129,4971
3207,116
4097,5077
742,4786
4045,4877
1097,4993
1181,2818
2326,1896
4478,4735
2724,5016
1881,2658
2444,4816
1097,4882
298,4996
206,4613
2422,1840
2589,4760
1723,1896
156,4934
1944,4819
4519,70
959,4858
619,4957
1684,4765
3944,4936
726,1734
5078,4778
3037,4787
1794,1727
2502,53
1154,1834
4134,2782
374,2820
4002,2838
2282,4788
2557,4718
3990,1855
2492,4786
3621,4265
181,117
3779,4916
2911,4848
1546,4914
2938,4997
28,4940
180,4891
1340,4946
375,80
2501,1841
2828,4634
2229,4766
289,4773
4272,4911
4077,4894
4601,4693
4583,4765
4424,4751
3847,2810
3448,4988
1932,5004
3416,2798
2396,4731
1366,60
5050,1837
3424,285
3776,34
2333,1850
3473,4818
4383,4907
3478,4694
2351,4978
2135,5019
3979,4749
703,4679
3478,1816
3315,5070
1122,4685
4380,4801
3700,4879
1080,5002
1806,2845
1118,4934
1671,2772
1674,3912
2585,4784
4089,4880
4273,47
289,2796
2486,1836
1678,4743
2977,3886
869,4824
4276,2781
2655,4727
4226,1730
327,4817
2655,3924
4568,4991
2701,4992
3630,4880
552,4896
2297,5069
4463,1734
272,320
3028,3881
3471,133
2053,4894
2721,3884
349,2867
2608,1855
3415,1896
3173,4685
1124,2779
743,1843
2024,4264
596,4787
4551,5000
4245,4909
946,4267
2612,1742
3384,115
2509,4930
3195,4635
148,1748
970,2776
2167,4891
105,133
2595,3505
4565,4690
3769,4937
1531,4733
236,2817
2980,4905
1393,4732
4232,4673
3611,2854
3347,4847
796,4751
3990,4679
4875,4690
4999,2824
1693,4997
2423,5075
4044,4788
5072,5065
825,2866
3655,2790
3861,4939
455,124
2192,1740
1099,1861
3714,4978
4554,4966
1324,4785
2534,4634
3811,5070
2942,46
2506,2858
2510,4914
1295,4668
3241,4989
1912,1742
3035,4897
4083,4755
3245,4782
2232,4742
2314,16
3979,4777
3828,1857
1929,4956
3242,4832
2692,4801
1592,42
3396,5020
206,4912
3112,4876
3058,4900
1222,4876
3349,4690
1320,2839
4704,2772
4016,40
407,4264
2279,4935
2780,4264
2380,2866
2752,2789
87,4736
552,4892
310,4668
4148,5070
206,4733
1244,4926
165,2795
2343,4908
1089,4784
463,1726
2157,5
3862,3886
1612,2821
4276,3882
4257,4690
3437,5063
2315,4890
1236,4912
2704,2854
1025,2808
4243,3615
3455,4775
3568,4873
3974,2814
4132,1837
338,1735
1606,4941
473,1896
451,4676
2290,4759
471,4926
882,4803
3141,4266
1202,4770
830,4963
637,4682
692,4797
641,4773
3529,1860
1014,2844
2687,4992
1276,4915
2646,2851
4617,4941
1606,2835
5078,84
4560,3914
1129,4988
4851,4994
770,4920
2558,6
4026,4910
2403,1847
830,116
3274,6
4470,5070
1309,4738
1473,320
1147,1833
1226,4797
771,4911
816,2789
1164,1862
1449,4752
782,21
222,4830
1460,2821
353,4765
3822,4789
2804,1851
4238,1846
833,1727
3005,2812
3928,4936
3553,1808
1830,4926
3121,2776
1678,1818
845,4969
572,4775
2385,2789
1227,4772
738,51
1407,4914
716,4634
4075,4873
1137,4791
1084,5018
847,117
2068,4737
1607,7
2183,4613
2513,4995
5003,50
2656,4994
2313,4968
1378,1748
2193,4885
1388,1841
2586,4267
4600,4855
4218,4266
1913,4770
3268,4931
256,4676
3662,4680
2625,1855
726,4788
683,1835
1021,3881
5078,4751
3703,1737
836,4855
2506,4954
3114,1856
341,2860
2009,4861
2134,4930
2966,1837
792,60
4262,5020
1639,2854
4216,4773
827,4742
792,4803
1483,1850
3347,4790
2738,1835
3536,2832
1401,2866
2517,4987
4133,4882
763,4876
3750,3
4423,69
445,2776
4038,4790
1427,1856
3840,4671
1685,80
2992,4249
3836,4785
2916,4872
5035,2856
986,131
1805,2768
1177,4687
715,4792
2894,4931
774,4815
443,2849
1854,4994
3492,68
3672,4784
3959,2818
2294,4750
136,1855
3923,1816
1289,5066
3565,5074
4191,4916
1117,4889
2305,4800
4881,16
3685,4897
95,131
194,4264
1054,2825
1852,4675
1927,4676
4211,2840
1034,4789
4516,4692
411,4777
2034,4801
23,68
1300,3884
137,1729
1570,4786
639,4940
4373,4894
3853,4797
2986,4897
3711,4953
3305,4613
2900,4911
1583,1836
613,1834
3093,124
789,4919
2508,4780
2939,4848
4297,4797
3588,4250
3686,4781
1715,13
2572,1725
1217,284
2253,4884
2568,4944
1594,1862
2360,2783
4511,4939
4063,2845
5047,4720
3921,4988
1120,4941
754,2843
1618,2855
4401,3885
2493,218
1503,5020
4343,4901
107,2820
3255,1839
3610,2790
4289,1729
2761,4679
4449,4886
2669,4635
3593,4957
1051,2789
2605,2867
3930,5069
2384,4760
257,4736
442,4748
3506,4897
3661,4971
836,5001
1028,2798
75,4886
4127,4940
3429,1851
3436,9
5031,3886
593,4966
1557,2837
2548,4729
3811,4855
3197,3924
673,4781
2507,2787
3722,2831
622,2799
1914,4267
166,4749
2909,56
3218,4978
99,1838
4445,4870
4321,4888
2096,4776
3548,5065
3431,1848
4982,4786
3046,66
2750,3615
2394,1849
1160,1838
371,1843
3836,4906
1785,4248
1304,4672
538,4920
4463,4789
4330,4673
2990,2862
3641,2786
143,2767
855,4903
2398,3878
3040,4892
2482,1837
2359,2821
1723,3924
3621,4677
422,4829
2702,2846
798,1857
1030,1856
85,4264
4141,2843
2448,4961
4140,4978
4757,4968
814,47
2910,1732
356,2817
3700,4654
4311,4760
638,1735
4231,2862
2033,2826
2361,5074
2759,2829
4421,4781
3215,4778
2593,4751
2997,4676
731,5000
3947,2776
1709,4916
3820,4937
186,5074
629,2810
2828,1837
437,4803
3280,54
3803,2814
637,4931
1895,54
3813,4668
1889,4768
2453,2808
1305,4784
1291,4677
2341,11
2496,2840
2095,124
2514,4968
830,4932
1648,5016
1466,13
5021,5
1231,4920
125,2814
1526,4940
3605,4695
631,4968
1442,2782
3578,8
3112,2768
3472,4940
4172,4692
3503,56
4834,4777
3417,1855
4234,2823
196,2866
2622,4692
2272,4792
2051,4929
1646,1816
3299,319
4612,5016
1883,3
2919,4815
3646,4771
2597,4774
1507,2795
3758,4909
3051,1847
3201,1832
2705,4877
2243,4954
1994,4739
3279,4911
2258,1
4715,2765
3725,2773
3076,1831
1039,45
1985,4889
901,4880
2689,4913
2066,4944
4583,62
3264,4747
198,4889
2624,4820
2209,1837
3451,4249
4193,49
227,3912
382,2800
4486,2840
2636,4688
572,4723
538,4751
4864,2831
3242,4720
1448,4939
2628,5018
4274,4848
1373,1847
4627,4940
1196,1808
3032,4748
202,320
4590,4791
3004,4997
159,114
160,1844
4101,4729
2553,5001
1268,2765
3520,2811
1214,2799
2080,1742
4531,2833
2620,1788
1249,1832
4447,4761
2337,1834
3724,2839
1675,4889
4059,5020
367,4762
3151,1841
596,4816
232,2788
1413,1860
1814,4749
1412,4900
3393,4718
722,4870
1059,4860
2058,2811
1975,115
2577,3913
3521,58
488,4800
1906,4676
4457,1788
623,4779
2147,4978
944,1851
3546,5002
3697,4858
1037,4723
271,46
4057,9
2088,4793
1962,4677
912,2768
1550,4883
938,4688
4124,3
1163,4914
594,4693
5027,2767
260,2855
336,1733
4090,4861
2712,2832
3199,2839
71,1727
2519,4908
2731,2776
3522,2789
3836,5004
555,5075
2453,4819
1552,4785
378,15
4215,4738
1204,64
896,2865
3509,2826
3971,4733
3246,131
2423,2822
2614,5066
3422,4889
2196,4987
681,4686
125,1832
872,3884
1864,4673
4203,4991
3402,4909
2987,1737
3249,62
431,4737
2462,133
1621,4779
2139,8
1752,4918
3085,1845
3186,4695
3724,4673
1762,4892
806,4765
2638,3877
3194,4993
2623,4787
4420,4635
749,4264
804,5074
4071,4781
733,4789
3778,1728
4530,3881
1926,2810
1693,2821
2861,4737
4804,4679
5043,4873
2701,2820
2873,4742
3762,2788
4135,4914
3833,2765
3599,4872
1590,2854
2280,4785
1279,4831
2189,4896
3263,1834
4740,1734
4560,5066
631,4253
125,63
118,4901
3592,4862
3783,2864
3191,1837
4514,4935
2599,4879
1872,5001
3244,3879
2112,4684
3019,1856
2258,4250
3935,4918
1538,4694
857,4693
1713,2864
2501,4993
93,2767
2164,4880
2730,1896
444,2847
1663,4829
1720,3912
1454,3877
2266,4253
1289,4766
2111,4248
4547,2832
3004,218
1950,45
4124,4926
1722,2848
2083,4971
694,4265
2143,4760
1262,2848
3176,4765
500,4816
4648,4996
4925,5020
3628,1837
4326,4266
3832,1860
3608,4878
1412,218
5082,3912
2020,55
634,4965
2766,5070
414,4883
3057,4858
2536,2799
1080,4754
3755,4926
4530,2658
1561,2854
716,4953
4425,124
1422,6
3997,4266
2454,4654
3665,2841
1346,5004
646,1840
3410,4788
1450,4930
3667,2856
552,4761
3999,4861
1872,2800
2627,4995
1494,4940
2398,3915
3021,4743
163,5001
1723,3915
595,5002
415,4870
362,2823
1279,2768
804,46
4633,67
211,283
4495,2785
2449,4954
3563,1839
1309,1849
4187,3
561,49
4166,4903
2404,2831
557,69
1427,4782
337,34
2340,1731
3108,5016
853,4818
1410,4743
3998,4961
4118,1841
4603,4857
3148,4857
136,5066
2938,3913
249,4935
106,4952
3346,1832
137,4876
1542,4998
2147,5002
2327,4962
2015,4739
2548,34
2375,2855
2966,4750
611,5001
1698,4793
3448,4990
3754,1733
793,4913
23,4988
787,218
86,4773
650,4733
4276,4687
2472,1732
2135,4900
587,5073
2963,2854
1438,2818
2329,4998
434,68
3328,4817
2731,1818
1666,4941
3815,4970
4164,1816
3602,4670
3589,1847
4826,4748
1424,3879
1296,4778
1141,2848
4744,4908
837,4934
3535,4995
231,2840
2532,2773
2490,4857
3379,4969
3163,5070
4095,2853
3531,4777
3282,4849
4541,4897
733,4684
2482,1725
4294,4635
485,4958
267,2820
556,4954
2763,1737
2593,4750
2369,4654
3428,4824
5043,4929
491,2827
2436,2856
4455,1729
4269,4857
2039,4829
2224,4961
1053,2764
4827,63
382,4754
4045,320
2167,4964
1761,53
1558,67
632,4957
1291,2856
4336,4734
2002,2789
533,2844
3390,4695
1564,4675
1526,4818
4663,4815
43,2841
2625,3924
4024,52
3036,4691
464,38
2753,2847
783,1849
3507,4775
3693,1860
1664,4941
1188,4251
1099,4896
470,4772
3304,4861
239,4914
5039,4905
1665,4993
4134,4750
1065,4961
4576,4762
2151,1734
3392,1848
2989,4858
673,4680
3918,4890
1527,1850
1873,4791
1267,4993
365,4917
1404,2803
4584,4687
1946,1748
2035,2776
940,4772
2429,1730
2722,4770
4347,3880
350,114
2113,4918
3186,2658
1165,4729
3702,4730
2672,5064
871,4760
521,1847
1191,4857
1807,1735
1933,4265
2277,4732
1829,4771
4942,4732
620,58
2316,3884
502,4819
3854,2773
802,2658
1800,4849
1496,2820
3756,4958
5052,4877
2000,4248
2601,2809
1302,4789
2655,3914
656,38
1011,4914
4767,51
2750,2658
2002,3505
2526,1849
2518,5002
1444,4862
955,1847
2484,4797
3848,4830
1210,4971
566,5063
2674,318
3998,4910
2905,114
807,4909
3897,3885
3488,63
395,4910
3002,4880
3743,4862
878,4738
2526,4909
3012,2813
459,4880
2251,4937
2859,4675
3004,64
4579,80
3163,3877
3695,2862
3297,4766
2730,4873
1085,4966
2660,4669
3286,4953
2705,2825
2255,1827
4851,4996
637,4778
960,2765
3927,2851
2859,4961
3857,4634
1532,4793
673,4692
466,4906
2728,4729
2624,2838
1155,4972
1314,319
2419,4743
2556,2825
4658,2854
1130,4674
2994,4906
2330,3914
3059,1728
1744,4782
2123,4908
4464,1735
37,4777
1051,4887
1577,2862
577,4972
1803,4769
590,5018
4057,4763
3197,5016
1512,4668
4035,1851
2909,4251
4618,4741
3631,2841
5041,4679
4706,4938
1346,2839
1611,117
2697,4997
4036,4770
2758,4915
999,4771
4869,4773
2128,4989
4580,4817
4334,3885
1292,3615
156,5070
1213,4911
2163,4673
4400,5074
3268,4926
517,4872
1201,4819
3709,40
2183,1816
679,2823
2158,1728
3595,283
4846,3886
1058,4696
1500,4889
3463,2839
2358,4990
4556,5077
3995,4733
1452,4731
4008,2764
1530,4727
5049,4952
1583,319
3014,4885
4245,4963
3425,4754
1629,13
2995,2784
3520,1857
3103,4915
4628,1855
2246,4761
4416,2853
3739,4766
527,4818
2904,1
3972,116
4252,4678
4401,4996
847,4858
2492,4888
2725,4677
2880,58
3525,1734
588,4774
586,1816
39,4894
4119,1742
1442,4674
4263,4918
2601,4696
1328,4880
79,4994
1602,2827
1299,4900
2296,15
780,1855
3935,1837
1586,4755
1045,2821
1684,9
331,4789
3578,1734
3076,4958
614,2800
2504,4996
2606,2865
2633,1
4588,1851
1038,4870
1903,4764
159,4695
2074,4944
1579,115
4167,3913
924,4677
3434,2856
4631,4958
4581,3615
3828,4889
3795,69
314,2846
5038,2787
596,132
4098,58
242,4896
3687,64
2704,4266
2113,2860
1881,3505
3549,4894
463,4855
895,4816
2129,2817
3816,4831
3340,5074
1394,2832
1894,4249
4602,4779
1810,2835
2092,4978
4805,34
2590,13
4018,4685
3069,1842
2547,5020
804,47
1598,4785
3980,4753
2645,4940
1098,2787
2015,320
2916,42
3717,4681
4945,5000
3554,4681
4434,4930
3495,2860
1049,4882
4308,4831
3509,1847
3679,2767
2110,4776
1950,2812
2678,2824
3739,4926
793,52
2089,5075
3438,34
1675,5075
2703,2833
2014,283
4277,61
4287,4780
1761,40
2797,3879
4810,4891
3825,4761
3963,318
4150,4765
2082,5016
4068,4692
2376,4773
736,5020
1765,4265
2028,2862
2172,3915
944,4670
3936,4253
4976,4754
3114,4681
519,1838
732,4900
4200,1727
3957,4778
534,2813
2586,4848
3633,1841
2562,4998
2424,2845
3109,12
326,4906
4180,4779
3252,4992
2899,4824
240,4791
4960,2800
4424,4786
2044,2816
1783,2860
937,319
4032,4969
4980,2798
211,1726
1221,4267
1722,4992
3320,5018
750,4749
472,4858
1792,4862
644,65
2169,2857
2009,285
2604,4769
3013,4978
1180,2838
2266,4901
2442,52
909,2824
4517,2843
4374,2812
491,13
851,4968
3853,1857
1934,1834
985,4830
1226,4900
2009,63
2377,2818
2736,4951
1403,4877
4330,4687
1187,4691
2219,2799
2892,4887
4268,5001
891,2849
3717,2783
5048,4882
2715,1851
1767,2829
1450,4697
293,4686
2869,62
3685,1728
291,16
1269,145
4417,1834
838,4783
4390,4816
364,4693
1126,4989
126,84
2760,4971
1085,319
1563,47
3198,1788
3546,69
1120,4971
772,4739
487,2865
628,2809
3182,80
238,4900
4662,4741
3660,4979
276,2845
1116,4962
1604,2851
1227,2776
445,3878
2711,1727
2487,4872
2081,3880
1497,2798
3869,4634
3242,2658
4543,4956
4542,4961
1526,4930
1536,3924
1259,5000
2122,5075
1907,4900
4863,1839
2682,67
1200,34
3139,4671
768,3878
3754,2849
1418,4768
1885,4965
1778,4855
875,4880
4102,4265
1944,16
376,4921
977,2773
4568,34
2017,3879
4578,4783
2959,4877
2429,5000
880,4995
3565,2779
3222,1732
974,2785
2726,4251
4233,3877
3634,4968
4074,4930
24,4862
4144,1727
1170,1841
4973,4733
3481,84
543,4789
2552,1834
4821,4921
2206,1
3111,2822
2080,4685
4881,2772
1496,66
1229,2824
4609,4926
1568,2810
26,1
4502,4792
3865,2860
1957,1729
2780,1831
4467,2827
2663,4738
3656,4730
2369,4760
1222,4754
2380,65
2771,4965
2759,2803
2002,2837
621,4266
2560,1846
5049,2814
1386,3882
2885,4849
4713,117
2320,4791
3959,4931
3786,4986
2720,4995
1272,1856
4581,2658
4150,4778
4381,38
2074,2837
838,2855
3691,4907
836,69
723,4817
4651,4896
2719,2796
4085,4746
4069,4917
4003,4932
2005,4946
4367,2864
2179,47
3488,2779
1556,4857
692,4792
3390,4803
2291,2855
680,4747
1926,5066
2107,4921
2181,4690
3730,2867
3542,4788
209,3881
2378,4780
4150,1833
3099,2833
250,4978
3816,4249
1637,3913
1247,3878
4163,4803
205,4675
1739,2857
3239,4249
3457,4847
4852,4746
1631,4635
231,4734
995,9
4980,2854
725,4888
3280,4965
967,4783
1690,4250
482,63
2739,4677
2336,2833
3402,4824
3129,4992
1750,2825
743,2857
3825,3881
2689,5004
43,3915
1749,283
1365,34
4195,2837
811,5018
2311,5066
4499,4788
1142,4727
1203,1788
1263,2813
1155,2854
4564,4680
2275,4752
1257,4248
4658,4972
1758,116
4165,4940
4534,2864
3807,4940
1353,4989
1594,4901
883,2774
2948,4770
4036,4929
760,4734
826,1838
5013,4634
951,69
2449,4988
3946,4774
1992,1855
3608,1732
1549,5073
4364,2865
3153,4685
440,2848
2241,11
3228,4760
3039,4993
1137,1833
3090,4761
3450,4747
158,69
2537,4761
1508,1831
3083,4785
183,4671
2590,4995
2377,4957
2325,2825
3448,2808
3830,4818
381,3885
317,1849
995,4910
4152,4788
2705,4751
2859,1834
4242,5
165,4978
1802,4723
2203,4915
2960,4955
1442,4675
1172,4776
1578,4695
4999,2786
1798,1843
4013,1729
1663,4669
1688,4742
1546,3884
4321,4849
625,4671
934,4761
4647,4892
1532,4685
2504,4997
127,4870
1104,3
1503,133
2614,4901
3213,283
1521,4789
4162,2829
3762,5020
2680,4780
2311,4872
1646,62
4611,2785
2736,4829
4460,4965
4658,80
4062,4907
2938,2783
3604,3914
3595,4888
2547,4929
1618,2782
1223,40
811,4998
4468,55
2704,4267
4472,50
509,1832
2500,4870
3045,70
1762,4926
2736,1832
4164,1732
521,4669
3975,4790
3453,58
2910,4824
5021,2864
4544,2818
342,4896
2134,2658
604,1726
3280,1732
468,4990
2452,4746
395,21
4626,2782
4395,1734
2482,3877
1025,2843
1568,1735
2335,4891
4105,4978
4274,4971
1605,4765
1934,4733
3791,2865
630,2851
129,131
678,4993
4461,1839
4611,1844
3066,4677
4452,54
3637,48
2506,4989
179,4993
268,2825
2502,41
913,1896
5029,3882
4048,2821
5060,2856
28,4778
3602,2788
2,2785
1022,4936
610,4909
3104,4752
1805,4818
2721,4732
1418,66
949,4787
1060,1831
3541,4918
369,2846
495,3882
3295,4634
1054,49
2609,1827
2750,4720
450,2809
3965,4931
3669,2822
4605,4987
1306,3886
2117,4761
240,320
1544,4678
1814,2817
3314,3914
4476,4786
3051,4772
391,4929
4089,4824
1359,2784
5029,56
202,4815
2425,4718
2688,4995
3867,5065
3676,4958
4146,4793
3979,4737
2217,4267
4255,4734
1664,3880
2994,2817
716,5070
2700,4743
3824,4803
3609,4940
3927,1748
2711,2784
1153,4934
17,4780
4528,1748
3643,5
3729,4688
2105,55
5041,38
2466,4905
2805,4951
4155,2796
837,115
5030,4918
1101,4970
734,4888
5035,4748
4218,4879
2289,1832
3677,4956
3769,4753
2054,4793
1294,3886
4486,218
2073,1849
835,4872
1804,114
987,4913
2184,4901
1804,4777
406,4832
1018,4917
1671,4763
3268,4772
2349,4902
176,4789
3296,4970
4123,4988
1045,84
3513,2827
3490,4829
3707,4857
2753,1735
3707,4694
1736,68
3078,2803
1537,21
3702,4911
2913,4741
2667,58
71,1748
255,2827
3624,4735
4424,4670
1219,285
3702,1788
1446,1840
4063,4264
3171,2817
2564,3505
2695,4697
336,4800
4477,4760
1791,4994
1866,4695
4329,1849
2968,49
4179,7
4448,4909
1108,1725
2461,4772
5052,4760
100,2767
3664,3880
1666,4832
1212,1730
1119,4760
4461,2827
2941,4966
2634,4958
1141,2773
3451,2773
1101,4878
4386,8
2752,2809
3048,4947
3329,4915
504,4994
3432,50
4502,2837
2983,4775
4101,4888
818,1850
3665,117
756,4870
1272,1857
471,12
4348,56
3501,4972
3358,4751
2613,4887
4811,4668
784,4993
1906,4848
590,2817
904,1726
5040,5077
3670,4680
2413,2846
2111,4995
1813,145
465,4772
637,4678
4616,4749
2251,4939
3381,5064
669,3915
3843,4850
401,2841
2248,4743
2471,2795
4419,4686
3911,2816
4428,5069
3667,4679
2001,3915
4638,4759
4299,1788
3154,4750
4197,4685
81,4771
1998,5000
3157,4947
2876,4914
689,1832
461,4824
2563,4683
2252,2808
2910,2853
1928,4855
2514,3505
3022,38
1882,1726
3945,3505
786,4732
577,41
2305,3914
2092,1730
4502,4731
3745,4251
223,4753
4420,4855
2618,1726
255,55
2075,3877
4538,4935
2001,2829
630,65
3815,4669
3367,2848
5017,4883
1369,1856
3436,4944
1239,4934
733,4786
4580,4819
1605,4998
3973,2833
1199,5077
865,1742
2428,4771
3568,4860
3694,1839
3700,1832
2486,2790
4805,4987
5025,4907
925,2832
3432,46
265,4672
667,3914
3105,9
3591,4801
2121,5064
3968,1848
816,55
4641,4677
4082,4690
77,2782
2725,4961
1201,2800
2520,4694
3347,4685
2326,4791
2758,1735
1305,4894
542,4788
527,4828
2090,4718
4469,4266
2431,2786
4623,4723
3199,4885
2550,1748
1542,4904
3848,11
3492,2767
4161,114
2652,4820
4598,2813
4445,4926
1590,218
4290,4788
2055,5075
461,4860
2316,4766
315,1730
3631,2811
1552,4752
4060,4907
914,66
2830,5075
1254,2854
1682,4824
240,3
2926,4728
2523,40
3056,1817
2713,8
1170,4971
4846,2839
3987,2772
2356,5069
5076,4888
2921,2826
1982,2865
1968,4750
1872,2803
4397,4788
3236,4926
3072,4919
3592,2831
5038,124
1274,1
379,2799
2414,12
4132,4759
311,1838
2528,2787
2469,1734
4922,4992
2637,4772
4284,3912
4240,4858
3823,2821
2696,2789
1140,4951
310,4856
3458,3881
2281,2831
4007,4934
2967,2857
892,4693
3135,4763
2366,4947
2181,1725
1329,41
4520,2796
1401,4915
4193,2781
4503,4998
4976,4613
3900,4683
4228,5064
1426,2811
5084,2799
3309,3880
3821,84
4099,4689
1476,4773
436,34
4013,4742
2130,1735
3630,2849
1546,4750
785,4674
3707,1726
1476,4916
2291,1748
5084,4953
4598,53
2359,4958
287,4957
2234,4820
2299,1845
2009,4249
2084,4695
3668,5063
4394,4884
2409,4954
3612,4766
2968,4944
3989,2824
4402,4797
4606,4990
945,4855
2580,4754
2892,4828
1919,3912
331,2789
1803,4762
2079,4995
3417,2773
3462,4897
820,4891
259,133
2486,4995
2049,4692
2970,4635
5054,2799
3716,2789
2477,4729
794,4829
4273,5002
3287,4828
592,4820
4627,4916
230,4947
986,4897
231,2811
654,2820
4468,4930
580,2865
5059,4897
4528,4791
2114,4727
2313,5066
1128,1841
2178,2788
863,4799
4065,2840
2404,5020
4643,2787
3837,40
2189,4739
2362,4764
3596,1855
1969,4739
3810,2764
4007,4970
3736,4759
3032,4929
4173,2849
300,2862
2275,4886
4162,318
4376,4793
1138,4816
2545,4824
1007,4690
186,4912
1738,4995
2968,2803
4141,4685
4614,2781
745,47
2389,283
3170,1748
4610,2816
1509,4766
4840,67
2186,1834
4195,4896
3293,2827
1457,4824
4023,2785
3574,2844
520,4888
4630,4849
1562,4265
1190,4830
1904,1846
483,114
4477,2808
2921,4946
2886,4785
707,4986
3388,4755
4725,4782
3962,4856
4001,2808
3816,3885
14,2789
900,5074
5053,84
1402,4886
3213,4921
1985,1732
4630,5075
1543,4816
1088,2826
781,2773
4095,4778
2120,4750
2931,4934
4708,3505
37,4786
4260,4791
4454,3885
2179,2768
4047,2768
3008,4791
1877,4729
2722,3878
4329,1737
1942,4720
3633,2837
4132,4696
4538,4883
2623,3615
2106,4786
4018,4736
4036,4681
230,4991
3439,50
3427,2854
1678,4887
2954,318
1653,285
3756,4735
1101,4766
3148,2787
2438,4613
3164,4997
2718,2837
1549,67
2976,56
1501,3914
4555,1748
961,4892
1694,4250
1530,4801
4794,318
2777,1857
2554,4774
118,4718
4422,4862
1372,4751
984,4728
477,2790
1233,8
575,41
141,4718
2245,50
4345,4921
2354,283
3930,4771
3990,3886
3605,4937
684,5075
2127,50
3443,4759
4646,15
1029,4861
4614,2821
2402,4730
3896,4830
3477,1850
1724,4265
343,2851
2722,1837
2113,4966
1700,4994
4542,2779
2481,1862
4217,4817
1640,4770
3259,2671
86,4947
3839,12
1195,4884
302,131
3311,2867
3626,2845
4631,2776
2500,4765
1237,117
694,4877
3431,4891
377,51
3623,4249
2500,1855
401,4848
2456,5077
179,2814
4363,4688
4358,1734
88,4753
1662,1844
2637,4910
252,4764
1852,4873
535,49
1352,1727
2534,1726
3229,2846
4447,4901
1653,4770
2508,4741
4740,2774
804,54
355,4253
4597,3885
1045,4856
141,2839
3444,2860
2075,5019
126,3
3768,2822
2018,4727
2676,2857
458,4692
3488,4969
1297,4964
3943,2851
1763,4921
3980,5070
1213,4765
221,4947
3433,4879
864,4782
4520,2658
912,1725
4007,4914
3074,5066
2958,4877
504,4878
3751,4996
2375,4997
1478,4916
4895,4894
3983,4634
4610,4762
4001,54
1197,13
4656,3880
255,4773
1653,132
28,4672
4469,3879
5056,2785
2142,1729
1441,2808
1186,4873
3934,4995
2377,4931
2291,2821
2103,5065
381,3883
3481,4743
2432,4748
1400,2784
4710,2856
3692,5019
331,4680
1271,4988
4080,21
110,4992
1546,4730
473,4751
1423,4891
3658,318
3739,2831
4544,4781
707,4914
2629,2837
759,6
1210,2866
3895,4965
501,5018
293,1834
683,2782
3710,3881
3517,4266
2806,2831
3401,9
3154,1843
4187,2788
1213,2810
1249,2849
3145,12
590,4938
4096,4728
951,2818
2546,4754
2494,4786
743,5000
1865,4780
1398,52
4015,2838
800,1839
1570,4670
2387,4955
4358,4785
895,1727
259,4955
2240,2779
1303,80
3415,124
3540,4971
4435,1827
697,2851
4041,4635
653,4900
627,4780
4007,2794
2793,4676
4519,124
3565,3881
1664,4776
3671,13
848,4958
1490,4773
4409,1862
3143,1861
4474,4883
540,5075
2980,4915
213,4832
1393,4682
1710,5016
466,2832
228,4855
872,4883
2842,1835
3512,4760
4098,4889
2555,2855
2139,4936
3986,40
3686,2799
4328,4911
1802,1834
344,4751
520,4989
4094,2835
4439,2854
2192,4819
2037,2776
3896,1844
2863,1841
3154,4695
1953,319
1362,4739
974,4677
3930,3615
1481,4266
1173,4964
645,1839
331,1857
907,2796
121,4797
3548,285
2908,124
3350,15
2034,4668
4488,4731
2631,1896
1265,50
4460,4916
4933,3883
1562,4886
2231,1731
2057,4912
1057,4883
3514,4903
4372,4849
1208,285
3306,4900
1445,16
1166,4691
3954,4613
3159,3912
2996,4961
2969,4768
3393,4264
2688,69
3357,4877
1399,4858
4273,4890
1478,4784
3786,3881
1568,124
2237,2844
509,4776
3032,2832
1572,4816
1478,4803
2566,1817
4278,60
3638,56
4638,2784
3703,4689
27,2800
4234,1
2344,1788
4331,4932
3545,5073
321,4752
2375,4685
1008,4897
522,4791
3752,2800
5005,3882
2966,4962
2948,4905
1202,4792
1557,2785
2496,4856
2466,2796
4712,4775
2322,2824
296,4251
2625,4957
1780,113
1048,4882
2936,2866
1050,4855
4712,4918
4839,4251
162,1748
1326,4696
4207,5064
1507,2864
585,2776
1141,4775
3131,1788
1154,3505
2493,4635
1246,1851
649,4731
2331,2840
3449,2789
3353,4774
3190,2788
824,1731
1883,2858
4209,4781
3646,4919
486,2818
1920,1834
1223,319
2025,4831
1163,4728
1202,2826
2988,2772
1156,4956
4343,2864
2204,1742
3320,4759
4407,1836
4035,5063
217,1833
4154,2866
2591,4907
3463,46
463,64
2238,4860
1622,4900
976,4880
3510,2818
3510,4694
1957,4849
4226,4789
4573,4970
2253,4934
3456,38
3348,124
3522,4931
1238,4683
2206,4889
1771,1808
1049,4958
4529,4746
1192,11
3271,5069
3717,4750
4159,2811
1643,218
1395,4941
1858,4687
3124,4817
1036,4803
1775,4781
3632,4613
329,4789
744,1845
1126,4734
322,4911
3136,4803
1032,4741
708,11
1901,1856
4069,1726
2760,1839
3243,1834
2462,4963
4220,124
3978,4979
717,4668
5013,3615
4399,4872
3161,4718
2933,1841
1721,4675
588,4911
844,4737
1224,3884
2366,2825
2975,4784
1025,4817
4703,4890
3794,4250
430,5019
1768,3881
770,4995
3212,4944
404,4741
2251,1839
4259,2810
2559,320
3071,1856
1038,4765
637,4774
4479,4939
1927,5018
2041,4997
594,4686
1502,2821
94,2782
777,114
3447,4731
876,4829
4394,4954
775,4788
3472,4683
3754,4958
4523,1835
3223,4849
3543,1788
3163,1816
2449,2814
1423,124
1527,4800
3988,4819
383,1817
3189,5004
1230,2818
5021,2789
1520,4903
3112,2829
1924,1862
684,4737
2311,4897
2770,69
4004,80
2689,41
3824,4911
3094,2844
2334,4850
1516,4886
642,1841
3363,1733
3289,1808
3060,4921
4584,2847
1905,4674
2311,2803
1917,4784
3899,4832
4716,2799
4710,4998
2093,4720
3216,4855
3851,58
1136,1851
2233,4680
1900,1845
3855,4251
4240,4752
865,1740
1537,4951
4628,4792
3054,4697
2068,4990
3781,5075
610,4800
2447,1842
944,4953
678,1850
3732,2833
3786,1855
4836,5002
2414,4971
200,4824
1719,3505
627,1851
1870,4847
2732,4862
2682,4749
640,1832
518,4849
4324,64
3501,1857
636,4799
2313,2848
1478,4932
1639,2767
2291,2790
399,2765
5027,4734
4197,1839
916,3912
4106,4989
4423,285
4073,4696
2190,285
3423,1
382,5000
1396,5066
666,4741
5050,2820
4204,3915
2516,4723
2525,3
1453,3881
2015,4778
220,2803
1872,4780
3746,2833
2569,4634
4392,1729
3986,4879
3935,5075
4225,4910
1677,1734
898,2784
2674,2781
2595,1734
228,4993
4354,4989
2226,1730
1055,4688
246,4901
3440,4828
2971,2832
1446,4888
4659,4692
4572,2808
1609,5063
2242,2867
2555,4635
1886,4686
5071,4926
534,2833
1963,4988
4505,4774
3513,1734
2024,4990
4601,4877
3608,4994
4103,1841
733,1827
138,4954
1634,2865
2709,58
913,9
1806,4677
2096,4991
3867,4876
1925,4728
2471,4816
3695,4265
1558,4766
1966,2827
363,4679
2471,4769
1217,4877
206,4978
3368,2848
3169,4911
4573,4897
1102,2785
3808,42
1400,4896
342,1834
744,4889
4234,4723
4409,3878
4552,4723
1984,48
1478,4727
646,2841
521,2800
3865,4782
4614,4955
2720,1833
4945,5004
4335,1861
3747,4987
3632,38
4126,4684
4222,4897
2449,4957
209,5069
3856,3885
4928,5020
2343,4675
531,2825
1682,2841
593,4764
3771,2862
1415,2829
857,4762
1339,4939
977,4750
2929,4776
162,4691
607,2855
4110,4749
2704,4918
4702,4732
2528,1845
312,114
909,5070
4507,2799
2119,2855
4767,4986
952,66
3861,4912
375,4737
2259,52
235,2823
1693,4828
3392,1856
496,4613
1446,285
3182,2841
4925,4938
171,1731
3042,4992
3671,4739
2170,4679
588,124
164,2848
1886,4763
2106,4952
3559,41
2541,4727
309,4634
936,4908
654,115
1648,3880
502,4654
1688,4995
3157,3914
785,5004
2433,4938
1483,70
1419,2794
1551,2829
4341,1850
4026,1788
4454,4734
4354,1837
411,4747
2766,1788
4144,1860
1610,4746
867,2839
3064,2844
1964,4920
4109,4743
4040,4754
4130,4962
4058,1839
57,2813
676,50
3277,4901
798,4694
657,4962
4558,1862
4591,46
2331,4860
2896,7
1559,4958
2894,2858
3647,4904
2543,4697
139,1861
1539,2814
4437,2857
2279,4670
610,4731
5052,4266
3825,320
4052,2786
2290,4635
2509,4987
1567,4790
4702,4926
3161,3912
503,4920
134,1842
2531,4972
4599,4831
3775,4687
2618,4937
4029,4939
4034,1730
1312,2857
909,4961
1642,1835
4959,4908
2314,2840
952,1731
4798,45
4977,4677
773,16
2559,4932
289,4954
213,67
1345,4946
2366,2783
3685,4993
2604,4963
3132,4778
3168,4947
4105,2838
2106,4988
4608,4746
4316,4966
2420,283
4652,4872
531,4776
4618,5000
1766,2820
597,15
1747,4873
3128,4987
1516,4915
4597,1896
3439,4860
4942,4673
677,4815
2692,4921
1485,4829
3059,4749
4812,1725
3188,47
1572,2772
3065,5064
3282,84
4437,1856
2944,1817
1782,5004
3127,1896
2262,2800
1405,2774
201,80
3269,2767
4187,4753
4028,4897
1352,4786
3889,1849
1485,1842
642,4731
811,4944
663,4883
2701,4940
1241,4766
2870,4790
237,1827
30,4681
3643,4996
528,2810
3767,4954
721,2839
748,4873
549,4936
2124,4739
252,4696
1155,2796
4206,2768
2508,4929
2836,1848
3843,4266
2404,2798
346,4939
4569,1844
3842,4613
4570,4915
3917,4746
1297,4879
3350,4953
2250,4900
1157,4944
162,1845
1996,1862
4381,2838
4422,4931
1275,4992
147,284
143,4832
1210,69
1173,63
3770,4677
3313,4729
4490,2817
3931,3877
5072,4750
1056,1827
1082,4912
3774,1837
717,4748
3844,2812
3015,4998
139,4265
729,4793
180,4907
875,4963
3962,5065
4006,116
2330,60
4454,4248
1515,2671
4609,3883
2377,4743
92,4785
549,2832
519,5004
4526,4964
4083,2788
3783,1735
3598,13
1825,1843
4216,3885
4036,2774
2987,2779
3286,4668
4180,4847
1971,2866
611,4693
3029,4911
815,4887
4431,1731
1744,4771
1584,4855
1928,4681
3548,117
1029,4910
23,4737
2543,115
2351,4915
3558,58
2009,1846
752,4780
1237,115
814,284
2392,1843
3727,4888
2465,4817
1302,4872
4424,3877
572,69
3692,2862
2984,4962
804,1860
3396,4878
4632,4749
3975,4831
506,2864
2333,132
529,2779
583,3880
174,4784
4238,2768
1202,46
1278,285
3694,4897
2372,2809
3253,13
4269,4779
2281,5077
266,116
155,3615
4000,285
2014,4891
4048,1733
2642,4876
4269,4685
4822,4763
548,2821
1686,49
2173,2773
4767,1850
1538,4769
1548,50
4338,4669
2750,4990
4057,1834
3204,4828
3896,60
3499,5000
342,2864
2377,4818
703,53
204,1737
839,4776
403,4937
1907,41
3678,4800
1441,4908
3911,4789
1564,5077
2694,4995
1487,4998
1699,4966
4722,5064
2688,4765
1703,5065
2360,4926
1177,4688
2886,1831
3372,2862
3460,3878
1989,4817
815,5077
2174,4797
2033,3885
2465,2782
3910,1861
2029,4992
3608,4884
4960,4635
125,4968
2105,4831
3354,1731
4717,4890
701,2860
1477,4730
4191,4930
2157,4691
852,132
4151,1816
20,4910
332,4680
4190,3878
2780,2847
5029,5002
3570,4741
2255,4668
1820,4770
4313,4750
1114,4906
3025,13
2175,4992
215,4793
4001,4995
3231,4882
3396,5075
252,4770
4225,41
1325,4894
1454,4674
3734,4799
1058,4900
853,4248
5013,4952
3805,2790
1884,4728
3532,4911
2751,2813
4403,2814
2834,2811
126,61
456,9
1176,2818
4079,68
3510,1729
4702,2829
1239,4677
604,2851
2475,4669
3195,4742
1011,2851
1000,5073
965,4961
288,4669
1504,5020
4049,2671
321,1727
2449,38
120,4860
4427,4963
4401,4857
773,4896
2916,1855
2319,5073
527,4748
3572,4791
546,1862
2001,4934
1858,5065
2529,1838
779,4803
1323,1846
3452,3912
4867,5064
3690,2773
1257,62
2498,2779
5027,4987
2439,4962
4323,5
357,4900
3100,1860
1703,4751
309,4935
3496,1808
2620,2808
3037,124
5067,4779
1938,4783
314,1827
2678,4965
4077,4775
4134,5073
4190,4793
4100,4801
2270,2840
221,2864
1359,2796
1467,4919
900,5000
1404,4759
2261,4887
4180,62
730,4930
4341,4997
1589,3885
613,3880
2917,3913
4089,4670
2760,12
4393,2824
3452,4265
189,5077
3328,4934
3290,3912
2310,2772
3595,4920
158,2788
1998,2786
2078,1816
721,4964
4149,2867
4310,2658
663,49
30,4803
4465,4906
2040,2832
4088,2788
3526,4994
3556,4797
2191,45
1235,4860
2616,4901
1910,2864
5026,1857
352,7
1120,4849
2754,3915
4558,4986
750,2767
2953,4799
674,4784
1719,1727
751,4887
3679,2862
5022,60
1638,2841
3308,1732
186,4940
2251,45
3050,4968
3390,5070
3565,68
2520,58
3730,4986
2202,4962
5082,4613
183,1845
4376,4907
3229,5018
176,4777
2652,5066
4798,5001
4112,1832
1286,4674
163,2862
3652,2825
1233,4681
3509,2796
3143,4887
3637,1848
3800,3879
2419,4785
2550,4677
950,2813
4346,1840
1638,4913
897,4800
2035,2782
2103,115
4089,80
2044,124
2409,124
544,7
1481,3882
1265,67
4028,2817
1903,4819
747,4748
4583,55
1945,2768
4834,1855
2465,4955
4864,2808
4075,131
3279,4682
216,4687
2253,2800
3989,319
1972,1843
2240,4900
4149,2790
3077,4777
2872,2853
4756,4733
3656,1833
4637,2786
1930,4765
2707,2773
3094,4887
733,1725
4108,283
2160,4734
2452,4831
4334,1735
3522,4929
4810,4760
575,4251
1679,4779
4312,2765
4822,1896
4833,4764
4231,2827
3992,9
475,4855
2793,4832
3215,4759
5030,2813
1974,2829
689,53
899,4818
1566,4266
57,4891
2308,4793
300,4778
4544,1827
339,4916
1335,4978
4029,4635
2612,1851
4362,2856
3350,4958
3410,2860
2185,4911
1349,2822
3075,2849
1185,4785
4261,4686
1371,4906
1940,5063
839,4880
4852,2856
4452,4770
3195,4671
4128,4968
4094,4793
615,4905
2075,2816
2060,4789
28,4735
1064,4941
5053,4691
461,131
1880,4730
3290,5000
4105,48
118,4850
3205,4672
4821,2864
340,4776
613,1
3217,1818
1102,4759
308,4689
1918,1862
398,319
383,1735
1250,1842
2207,4932
875,4962
3536,4264
2584,4901
3728,2818
3547,4904
2677,1735
659,4926
3995,117
1661,54
1669,4820
2113,5066
560,4691
873,2867
2099,3882
4722,4916
939,2800
2899,63
4192,4731
4655,4729
2316,1837
179,2823
2412,1734
1260,4996
1403,8
2942,3878
264,4739
164,284
334,2768
2710,4748
3420,2773
894,1788
2577,2837
2649,4987
296,2823
3590,4763
3387,2781
2079,1788
3783,4675
4843,4772
620,1728
2203,2776
1700,4850
684,2765
2961,4907
1616,4861
2367,49
3486,4734
3312,2772
1533,4848
2807,2867
2547,4998
762,4828
3531,4727
2598,4994
1458,50
3336,2822
3758,2825
2399,4670
1679,4751
2757,4776
480,4956
1421,4694
3956,4759
3966,320
2613,124
3340,4761
3192,1839
3649,4778
921,21
3103,4746
563,2844
2527,1735
3333,4940
1280,4824
4521,4732
4400,4918
1001,80
1758,3882
5078,4743
485,1851
3679,4771
914,2849
2863,218
4051,4936
3363,4919
4618,48
943,4906
4612,4635
3175,2789
4086,4818
2374,12
4414,38
3261,4892
4826,46
2142,4672
1337,4964
36,4872
4370,56
3529,1896
317,1844
1766,4778
1508,4750
3079,4892
4284,4762
1820,2810
1033,4921
165,4989
2293,4910
18,3886
2600,62
1385,4939
4275,4739
2555,2795
1971,2784
2339,4858
1159,4771
370,4771
1427,38
4554,4774
2339,4683
968,4265
366,4687
1985,4905
884,5000
4160,40
3280,4934
1246,4783
1243,1851
3174,4765
833,54
1099,319
525,4956
695,2816
3849,2783
3755,1848
3945,4978
2020,5016
3220,2833
1537,2849
1220,4800
387,4888
2470,2856
5038,2789
397,4686
2078,9
3065,2779
3304,2833
1521,4891
4452,2849
1248,4797
1765,4669
4155,58
3609,2768
1199,4759
2679,3880
1274,124
252,4771
1482,65
687,4787
352,3880
3568,4749
1996,4963
1514,318
818,4753
921,3884
3078,4803
465,4900
2693,1732
371,38
1659,4690
887,4782
4381,2860
230,4855
3526,2839
1535,4930
179,4887
513,56
3103,5004
1558,41
675,4772
361,4742
1177,2838
2432,4860
4374,4830
3351,4889
872,2658
1864,1855
3635,4940
1509,4855
2559,4829
2090,4817
3202,2837
3168,2823
1526,2862
1030,67
4439,2851
1306,3883
2335,117
3977,2854
2368,4930
3731,4971
1386,2857
2300,2866
341,4736
393,1731
815,320
953,4947
4470,4878
4959,145
3013,2862
2875,4777
878,3912
2029,4963
1288,2783
3447,4931
2875,3879
2165,4735
2995,1849
543,4831
1852,4735
3849,2811
3538,4780
3875,4727
4112,4861
1426,4720
5040,2838
1716,9
3281,1838
1024,2839
3864,4904
263,4917
2928,4970
2513,4897
2922,4751
2120,4946
4841,2783
433,4791
4103,4695
1321,4953
480,2809
203,4951
180,2794
1038,3886
2008,4908
3813,4930
2598,4901
35,4773
333,4697
1966,13
186,4941
2102,1834
4291,4986
2337,4994
1719,4947
1068,2767
269,5069
1824,4760
5078,4815
683,4988
2299,4944
2744,4803
3143,1834
4438,6
3507,4671
82,3885
3926,55
3499,4930
1542,5066
4842,4729
1941,3912
2374,84
4513,4883
4098,4856
4575,4736
2286,4264
4642,4912
4898,4774
1474,4946
2192,4771
357,4935
2933,4741
2170,4743
4384,4963
109,4760
834,2856
3179,4674
2368,4782
3398,4832
1441,4676
3163,1841
1048,4770
3671,4769
4227,2832
1121,2781
2695,4790
1363,4916
5029,4766
228,4906
1162,2789
121,4958
3685,4880
2580,4803
1265,66
1925,52
592,1728
3919,4935
3169,4777
1170,4892
1674,4931
3119,4816
112,4849
629,4916
1865,4879
777,1827
2196,1737
297,5074
345,4253
167,4897
3377,319
2473,4914
4256,4963
1981,48
3214,2781
2997,4750
1051,55
4533,4916
2694,2866
4075,4674
980,319
886,4773
3315,1816
4486,2765
4448,1846
3795,1727
4440,1862
3452,42
3873,4690
3408,64
4565,4266
1781,69
390,4909
4114,4735
3846,4748
1297,4877
186,38
2668,4861
664,2794
274,2826
1934,4670
3950,5075
2520,4816
1869,2823
2721,4829
1248,3
2271,1834
2190,4861
214,4995
888,1726
4983,4778
2677,4896
4977,284
4413,4936
227,5064
158,4682
3195,3883
4119,4673
389,54
3240,1734
3618,4751
2435,4964
887,4901
3226,4765
1020,117
2187,3924
1681,2764
4542,318
2297,2658
1794,1841
3647,2817
966,3886
4527,63
3762,4752
4545,1728
1086,1842
4192,4732
857,2846
3693,4877
4096,4978
4476,4966
1806,4861
3235,4686
331,2768
1350,4754
643,2796
3115,4779
3273,47
3650,2847
1769,4771
2030,4847
4396,2795
1566,4792
2199,4914
3772,1862
1593,4785
556,3885
4600,2853
3540,4733
4212,2826
2008,4695
4869,3882
1417,4673
3941,1835
3715,4800
146,1732
4443,4998
3668,4253
4810,4797
3061,1816
4624,3878
3112,1846
3057,65
1183,4891
3393,1843
1064,4733
2889,1816
790,4938
2879,4885
476,4972
151,4996
3408,4996
1997,4676
1944,4720
3223,2824
2214,4896
286,113
598,2855
5010,4777
2725,5019
2592,40
3313,114
965,3881
1361,4776
1987,5004
1133,2787
370,3877
1879,1730
3916,50
3161,4687
4466,1855
430,4939
4802,4732
3652,2867
313,4952
4290,1748
4511,2796
4013,4765
2050,145
2597,2856
1663,4778
2145,21
1908,4856
1058,117
866,4938
288,49
1863,4720
979,4797
3602,3877
3320,4997
1354,2866
1464,34
3179,2767
673,4971
2019,1732
3636,4727
4339,3881
4479,40
4835,320
2516,1896
4051,2784
667,4803
4588,4264
3151,4694
2326,2765
863,4883
93,4671
3224,1732
4094,69
315,133
509,4911
2248,2800
1891,4958
3526,4919
1258,4762
2032,1740
3327,4777
139,4937
636,5001
3699,34
695,4693
216,2851
1994,116
368,4858
941,124
4273,2833
1684,4912
4222,4791
481,4654
961,4911
789,41
3666,4944
568,4855
1409,5063
4119,1831
4338,52
3739,4693
791,1788
3698,56
4715,4995
1166,1816
1508,1729
855,2866
992,4860
1176,4831
4604,4913
2597,2794
666,2817
1168,4964
4337,4765
2861,2853
1900,4266
2380,1833
249,4777
1561,4732
2969,2812
2582,4921
2358,4761
4067,2764
4158,4879
365,4792
3699,2768
4134,2817
4195,65
81,1845
710,4857
3141,2831
2056,4817
787,117
2133,2841
2165,4956
3475,2808
3771,4753
3936,4816
1180,283
3971,68
4284,2835
4307,4766
1783,319
4864,2671
4515,4896
2140,4682
4192,4755
2988,2796
2309,2855
4472,5070
2549,2795
2591,2782
3621,285
1105,4818
4596,4727
3353,63
3070,4855
1894,4909
2,4674
3766,4860
3345,4784
2172,4921
2499,4635
2594,1840
1463,4799
1296,1732
3141,4934
1810,4634
3146,2840
2780,4911
4482,4931
2539,5019
2237,2840
2819,4989
1003,4692
988,4743
2092,4828
2351,1808
350,4728
206,4860
100,5020
2309,80
2197,4727
2659,4916
2685,4908
4536,2851
591,51
3699,62
860,80
2669,4931
3938,4830
3903,4944
123,4787
381,4940
1549,4883
2602,55
4382,1836
1466,4952
3338,4830
2948,4998
4477,3882
1443,1844
343,4672
1034,2779
3518,4915
3624,4250
1059,4696
3092,5069
207,2838
75,3915
4239,67
1377,2826
72,4987
2271,4832
997,285
3087,4876
2531,4687
4023,2812
654,4754
2701,69
3406,2790
2943,54
1055,4855
4439,4858
3227,5
2487,12
2044,4832
1293,4937
4657,2773
2286,4730
154,1834
2709,1836
3278,1847
1983,124
625,4938
3760,3913
4864,4903
4320,1740
3155,69
407,70
2432,2818
501,4815
289,4251
4160,4935
1968,4860
2639,5002
4080,4832
3276,2814
2343,145
765,4847
4372,4753
2680,5064
2131,4668
4383,2768
4617,2800
517,4730
4563,4876
818,2824
1443,4783
3192,4787
4295,4889
2953,1732
2337,1735
73,4901
756,4718
3163,4800
3501,4676
1525,4994
1257,4944
1440,4997
2399,66
2674,4735
1880,1835
4470,2847
347,4768
3404,21
1275,4884
2483,1843
2335,4718
4094,4799
333,4958
1629,4761
2019,2789
1456,113
4482,2813
2232,2855
1491,4829
3940,133
1129,4680
3658,4253
2498,2798
2248,4749
1711,4766
1648,1731
4129,4878
3076,2832
4365,4742
1924,4738
3658,4991
2150,4690
4507,53
5072,4926
1703,4902
3702,1840
5058,4916
935,4953
239,4668
2150,2833
1630,4921
91,2844
3573,4728
4194,2790
2842,4987
857,49
4825,4964
3434,4849
1134,4679
3348,4734
2014,2826
232,3505
1790,4729
2419,21
1825,131
2950,4732
3766,5018
302,4908
2628,54
2887,1835
2048,66
432,4777
752,4670
2050,3883
4589,1850
703,4886
1899,4929
4555,4978
2563,4250
3443,2773
4268,4680
36,133
648,3883
3994,4931
3554,5066
1143,4789
3362,4888
4639,64
2181,2825
2564,4743
3572,4250
3138,4979
1378,4966
4257,4763
2169,3884
230,4734
3683,5064
2389,11
2040,4790
2098,1896
3257,4855
2365,2854
4315,4829
1651,4691
2450,4697
2250,4935
4071,4891
1203,2862
4399,5066
4371,4940
914,2847
1032,4773
3742,5016
644,4267
548,2816
2710,2837
1380,4253
157,4947
123,4953
4376,4965
4508,4673
2630,4940
3171,4996
1695,63
3710,2811
201,4941
2013,2812
992,4672
3199,4883
378,1856
1400,2789
376,4250
4309,67
712,4884
624,2799
2733,4883
725,2854
3388,218
1876,4723
3110,4720
1333,4979
3132,5016
787,4784
2084,145
3605,4968
2034,4915
1437,1730
2896,2799
1986,2786
28,12
1272,4693
2154,4773
2408,4685
589,4858
1673,5065
590,4781
3508,4988
767,4746
1280,2849
3583,284
1015,4764
1385,2856
3250,283
2220,6
3245,4955
76,4849
4967,4671
279,1839
3326,65
2020,4969
4472,4753
1227,34
1347,4801
2701,4783
4865,4911
1447,2821
2626,2851
2413,4872
1907,2765
3949,5066
1353,2764
742,4777
4458,2795
3299,4768
2892,4986
272,4968
4229,2866
4657,4683
2994,4253
2338,2865
3306,2858
1197,2789
4439,66
659,2658
4704,2821
4298,2810
4064,4894
3803,3
3793,2845
905,4694
336,320
5083,68
2730,3924
169,4248
3588,4800
4257,2773
2684,2783
1000,4963
2433,2838
360,2849
4599,4855
2169,4679
1422,2779
3229,1847
722,2803
4172,3
1186,4902
232,4855
2350,7
2453,4958
3801,4730
459,4769
408,4749
3911,2865
1010,117
2899,3882
1381,66
2212,4788
2346,4965
2898,4918
3947,4913
4608,4885
1130,1849
452,4250
2307,4946
628,4774
240,4783
4293,4988
4507,2817
3542,5073
3444,1844
4366,4903
3713,2767
3348,4679
879,3879
610,2796
1139,4918
3149,1833
3796,48
3098,4737
897,5019
2249,3913
2791,4889
2653,3883
3702,3886
5042,63
2415,4817
4985,4759
3630,42
1617,2838
1258,2849
1866,4892
2890,4265
1283,4888
3759,5019
733,5074
2456,4882
3480,38
2032,4759
1621,3
3385,4986
710,2774
3210,66
2850,5018
595,70
184,2812
3781,4870
2659,4919
3307,4739
837,13
3125,4670
579,4681
1461,4779
87,4966
4045,21
3614,58
942,4848
3779,4801
2965,4253
1965,4817
3402,3924
4512,4991
2143,84
481,2845
1433,40
840,4773
3199,1855
4557,4800
3739,4995
1480,1817
262,68
2341,5064
3234,5020
1941,320
1079,63
3684,2789
795,4952
580,4783
3165,4991
1083,56
1449,2794
1123,3615
3029,132
2142,4860
2005,4934
1491,4800
5045,3885
3438,4936
4867,5016
2863,13
4376,4957
1613,2821
3904,1831
1277,4747
4638,284
3274,4920
3075,4905
136,4990
1754,2821
1538,1838
2014,1851
679,64
3685,4267
1430,4751
2119,2823
4104,61
1287,2794
1866,4250
175,4901
2312,1861
5058,5073
871,1833
2564,2855
3128,4786
830,4750
2977,4749
1350,5002
2049,5070
2286,4731
335,1896
2515,4896
5029,4764
625,1860
1640,4684
375,4916
1399,21
1596,4916
3673,4788
2016,2783
1673,4754
2234,4935
2396,1740
167,4861
2904,4831
2095,4986
4985,1726
4571,4692
4652,4763
2736,4764
25,4941
267,1847
3424,4682
4757,4784
4108,48
373,2841
1239,2814
624,133
3838,1856
2391,4668
3851,4956
981,1827
1609,2867
2227,4788
3372,4680
2400,4763
1299,1735
190,4919
2270,4912
4359,4956
2058,4800
325,285
2527,11
3408,66
2885,4857
2546,2847
4252,4902
761,4765
1427,4849
3743,4688
3302,4736
4495,42
3838,4694
2730,3884
651,67
1110,5063
4493,4253
1888,2817
2659,4847
4010,69
1344,4635
249,4870
4189,4970
1789,1835
567,4916
2806,4861
4604,4986
797,4879
665,2857
763,4989
1342,2817
2528,4697
5061,5004
5044,4990
1661,66
1346,1827
143,4915
1594,13
2198,4938
3931,4764
421,4797
3678,4731
376,4957
824,4849
2540,2855
4950,4879
300,1862
2691,1855
2339,4688
1454,1844
4646,1860
3988,4824
1632,5070
1061,4850
3525,45
1346,116
4367,1734
1770,4731
468,6
741,4731
454,49
2046,4249
4282,5074
4211,2825
2735,4857
3476,2786
2392,2800
3210,1842
229,4979
933,2841
547,4690
1083,4964
3084,4906
3603,4906
1555,2858
2114,4964
2410,4264
2215,2773
4985,3615
4234,4966
2701,4891
4191,1841
2043,1832
784,49
668,4831
103,1845
3475,4912
571,2799
3851,5065
529,2783
4268,48
534,124
4002,46
5060,1728
3363,4685
2372,2789
184,2851
3302,4674
3438,15
122,3879
1700,3924
3302,1742
3982,2826
329,4692
910,2789
3172,46
4339,283
4702,4971
1902,4801
1504,4963
2005,4749
2299,4890
1647,4727
4216,4784
3001,2867
438,1832
3205,4769
3564,1834
2299,1728
4020,4921
4168,4994
4606,2773
2607,5016
1001,4968
1563,2833
1152,69
1362,4870
2889,3615
449,2794
301,4917
2507,2800
272,2833
3278,4747
3338,4907
2852,2788
1441,4753
1159,4764
1797,285
2801,5001
1089,2796
4489,4739
776,4766
3383,4910
1825,4741
29,5069
808,2812
1869,5075
776,38
3118,5064
264,4770
3424,4884
1515,4799
2405,13
2067,4763
2713,4954
3379,4729
578,4972
4566,4989
1606,3884
2525,4753
721,4988
2577,4267
1645,7
2434,4931
4398,4885
4243,4831
1451,3882
3902,5018
716,4736
2986,4775
306,2789
689,2795
3409,2816
2654,3913
3366,4695
4050,4860
5061,320
3528,4953
3592,2787
1454,4785
2098,4675
1297,4777
4443,6
4144,4929
549,1817
557,4690
2484,4815
637,284
3512,2813
4008,4918
778,4909
3781,1735
925,5002
3414,16
3802,2786
3821,1734
2035,4751
2224,5070
4336,4684
4715,4997
2915,4896
4438,4784
1358,6
1823,3884
613,2841
572,2779
1996,2768
1922,2799
2208,1726
3908,4728
4063,131
2919,4969
987,4728
639,2798
1785,4856
2605,4250
3282,2779
2971,4880
2027,4695
5083,4743
1964,49
1263,4772
2094,9
4501,1844
3950,2841
4107,5018
2908,3924
3451,4682
948,51
4596,1841
1144,4669
4025,2764
2150,2782
927,4891
2709,5002
2675,4972
3036,2843
303,2866
3833,67
2066,4963
2486,4728
1653,4896
2143,4996
2083,3924
743,2840
1783,2810
3755,1817
2291,4958
1279,2827
1119,38
626,4676
3850,4930
4260,1831
2015,2781
259,4908
2893,46
2459,4248
918,2833
4568,2800
199,2841
3841,50
1304,5016
3723,50
1402,2671
2909,2781
465,284
2797,1827
955,4793
423,4935
3376,1846
3687,4970
147,4993
3599,4901
2168,4970
1308,4678
4444,4913
917,21
2014,4789
1249,1817
507,4818
1514,51
4171,4824
3653,2844
718,1726
2419,1840
499,1732
857,4857
3464,4831
4574,4790
3474,16
1971,4685
649,4914
3216,2867
1624,2848
3978,4904
2669,1837
4026,2784
1617,4889
1263,16
3171,132
1190,4678
4389,1862
2254,4935
4121,1836
2424,4718
3530,4789
3540,70
2622,4818
992,4951
488,1731
4042,4683
2252,2764
824,4677
2178,4762
3678,6
3473,4778
4099,1847
1029,12
3088,124
1779,4901
4233,4830
76,4779
4005,4828
1792,4930
933,8
3867,4954
3767,1861
330,2827
1105,4668
1654,3885
2713,4882
4928,2803
2994,2781
3400,2856
2692,4789
2726,2796
2199,4248
4347,4918
4609,4917
3272,4750
685,4897
4364,1818
4,4685
2518,4774
957,2841
3643,1730
3554,4900
3781,4968
1566,5004
3494,2824
2266,1818
3716,4882
4012,4729
2057,41
1448,4692
1194,2783
4469,4762
5046,1851
2623,4932
3290,4803
4945,4952
801,4819
4447,4738
2340,4771
4591,4932
5076,2788
3684,61
4708,4911
3624,1728
692,4737
1092,46
1607,4746
3382,4988
3791,4816
997,319
2402,4883
3734,3884
5009,4832
1258,3885
4098,4682
2720,2860
1777,4735
3162,4688
499,4788
3958,4793
355,64
3075,55
3369,2658
2181,5004
3426,1857
228,4986
4047,4873
2573,318
2639,13
904,2796
555,4957
1769,4887
4088,1848
4385,4902
4192,4957
1373,4816
4372,4800
1379,2856
1139,2796
1087,4760
59,4968
4757,4819
4283,4992
2771,4797
2861,4931
4045,4892
846,1845
5042,4917
2466,4969
240,2846
553,4872
1024,2800
4163,285
2168,1856
595,1
3568,1735
2991,4887
4794,4801
1853,4768
2035,4613
3411,4952
1135,2844
1420,1841
1531,4962
4149,5063
4724,4785
2889,4761
1771,16
4975,56
4303,2839
3273,4904
2167,1845
3516,1740
3470,4861
147,319
4412,2844
2608,4872
118,4818
763,4779
1819,5065
2346,4860
4241,1732
3860,4695
3622,4690
4433,2816
1479,4678
1819,4966
2549,4996
559,2824
1769,51
529,4689
1943,2789
1397,4879
793,4785
2653,4970
1019,5004
2430,4797
4492,1861
3465,4779
1422,320
1786,5073
3811,285
3663,4748
555,4904
1301,2838
3897,4889
3205,1837
3508,4990
4187,4880
3640,2862
940,4966
108,4939
3401,50
4375,4934
959,2826
2425,2846
211,4870
2980,2862
3145,4990
23,4768
4757,4742
428,4861
1226,4918
4174,4904
819,2773
988,5016
3578,4824
422,4690
629,5018
1027,1740
4437,2779
280,2843
4757,4855
4412,4872
1027,4936
3690,4693
2003,5004
1130,2844
4067,4952
4454,1842
1852,4900
2524,2795
3830,4265
4744,1839
3394,1840
4279,4862
2179,1849
156,4900
3571,4755
196,4873
197,3505
2129,4747
2951,4696
247,5018
2324,2853
549,5020
4016,4755
4652,2838
1756,2789
3346,4930
1230,1732
801,4763
3300,4689
2543,4897
1591,2773
2193,131
795,4990
2198,1788
4868,2853
3708,124
1076,4801
3835,1734
4708,4880
1634,4919
2911,4694
5062,3886
3616,4885
4663,4994
1167,5064
2222,67
4802,5070
622,2824
2171,2813
2756,4266
3507,4978
698,4771
1676,4696
2734,4769
4350,4670
1299,4938
4099,4996
2704,1808
4703,3879
1661,3615
4982,1725
4027,4989
215,4997
4121,4766
4871,2849
2120,65
721,4797
867,4939
366,4937
4226,46
1013,4654
2534,4900
467,4905
3897,2795
383,61
4590,4677
817,4742
772,3878
484,1860
1451,4732
3845,1831
5021,4266
4523,4265
3306,4911
2896,320
4614,4748
1399,1734
259,4911
3715,4748
4173,1726
1024,4957
3044,62
886,1845
1619,4969
4413,2764
3115,2862
1230,4917
1717,2809
3384,145
4309,4253
3012,4250
3394,54
2689,4265
4509,3
5036,4829
657,2800
4536,1850
4314,1832
661,4937
2991,4754
5010,4991
2205,2841
728,4939
2730,5001
4418,1818
2523,4765
3152,2790
3572,4752
4357,1733
2161,1833
3507,4784
3472,4905
917,1788
1536,3886
2635,4668
3473,1844
3784,4818
3801,4692
1408,9
1647,5004
3855,283
3065,48
3731,1833
3740,4754
3321,4799
348,4957
754,4856
2064,9
4317,2858
599,4803
1829,4884
4015,4782
3134,2823
1180,4883
3120,2825
1087,2835
3176,4800
2547,1836
4316,5069
4384,2857
4192,4803
3559,1847
1902,11
3179,4964
2092,1856
2689,4877
3646,5001
3535,4682
198,4885
332,4670
5079,4250
2425,4738
4402,4904
1673,56
1477,2817
2944,4989
4225,4820
1600,2831
4796,16
2064,2824
734,61
1006,1862
996,2768
1455,1835
4199,115
811,1844
4644,4747
1496,4788
3256,4681
2175,4935
5056,4820
716,4730
534,4687
4165,5069
3180,4819
1687,1833
3932,4962
3591,4880
3424,4778
2797,4968
2706,4777
2953,4685
1317,1860
1890,6
2564,4782
2358,3886
3431,4787
4827,4766
2957,4681
3498,4995
3550,4696
2440,15
3732,80
4165,4720
3977,1839
3686,1835
2660,145
156,4739
970,2831
292,2839
3226,4901
2184,1896
2988,4779
671,2837
769,1845
4196,3878
3999,2823
1288,4886
462,3878
3324,2658
2938,3877
4137,4676
477,4912
1987,4901
2270,218
1110,2840
3739,4751
3818,4915
2673,2785
4447,2833
3032,1849
3137,70
1267,3
2061,4861
4065,4669
3131,4799
858,84
575,5001
1125,50
4035,2814
1825,1860
3636,5066
4090,4766
1949,4739
2627,3886
3478,4958
3171,4824
2644,4995
292,4264
2436,4936
2302,52
3445,34
1873,65
2977,4783
494,2854
3401,132
2472,4732
4245,2827
3413,4785
287,1727
3426,1841
240,16
4618,5063
3334,4668
4027,1849
1928,4832
3430,4672
3469,4944
4528,4956
5056,11
4577,40
516,54
4414,4792
1980,2840
629,4884
1241,3505
491,62
625,284
526,4691
543,4755
842,4687
819,2808
1713,4952
4423,1726
3381,3878
1346,2811
2356,4880
1697,319
1582,3883
3483,4986
4153,4679
2323,4962
2438,4908
2266,48
3462,1836
2627,4785
1786,2772
2253,4963
1575,1836
1213,1847
4163,284
3715,2825
2187,2849
2168,1857
4485,4951
4000,2841
2557,5001
2052,2789
3963,4870
2616,68
4519,80
253,13
739,2790
1438,4819
1889,4747
3170,4731
2177,4916
2912,4951
2693,4873
2045,3881
1184,2776
1116,1839
4874,4987
3148,49
1276,4998
1680,2764
323,4696
2246,60
409,2835
735,1740
1479,4784
23,1856
489,2822
2152,4900
1535,1857
4384,4801
1553,3912
3251,38
5053,1857
4606,2858
1769,50
4475,1833
4475,4890
4327,4885
982,1837
2762,283
3731,4803
3440,4819
418,1851
1630,4888
2195,4850
701,1788
365,4995
559,4906
4726,4772
1967,1896
212,4954
4191,4936
1200,1727
1034,4774
4446,4894
2430,4990
687,48
1142,4670
1074,4918
4852,1740
127,7
2079,4903
3618,2856
1534,4681
947,4743
3374,4781
1964,4947
806,4789
3629,60
918,2827
1451,3884
3229,2810
3283,3880
733,4732
4019,4905
1468,4849
1809,1734
2035,1862
2517,5000
886,1838
2940,84
4854,3879
5055,4888
2292,5075
2218,34
2431,5063
4455,4685
1245,42
1514,4882
1290,2831
31,4696
2600,4754
451,4956
3134,5075
4122,2822
1918,1735
4582,4688
135,2818
3674,4787
2916,1735
3781,1733
1098,4772
3792,4858
2550,3880
3204,5016
516,2782
3002,4972
3997,4902
2067,2866
1441,2851
33,4878
2514,4872
3713,2816
2051,1742
4699,1847
2694,4935
1941,124
3771,4934
1162,117
1564,4992
495,4613
2502,4904
4893,4873
2537,1827
3925,4887
1294,2829
2863,4906
906,4910
3628,4971
2114,1839
3213,1855
3006,4902
1977,42
1374,2822
1684,48
3508,4780
155,4955
2632,4876
2106,4963
2485,4904
3892,4682
4469,49
3623,2774
3143,2824
1260,5065
990,2790
1027,4728
5067,1732
3474,1827
935,4672
1774,4690
2804,1856
4835,4872
574,284
2735,4787
3235,4763
4460,4931
158,2798
1264,2825
1489,4800
3909,4935
1621,4727
1887,47
924,4930
1996,4830
4003,38
2456,4885
1017,2839
898,124
1576,5004
3177,4778
2138,63
3225,283
4569,2779
1899,4763
3453,4909
3568,4782
2603,4787
87,4850
4948,4848
4072,4761
3089,2813
1326,70
3794,2790
428,49
2015,2818
1599,2795
1127,46
3661,66
3764,4885
3208,1856
782,4879
2450,4764
1301,4901
1336,4909
1311,52
344,1834
3338,4781
1407,2864
4301,1841
2349,4892
1116,5019
4612,4824
1106,9
3301,2817
1698,1733
1337,4918
1118,2840
680,4762
1499,218
2828,5070
3080,4992
599,53
3182,4750
707,4679
2471,1846
4023,2808
768,4801
359,2773
201,5019
2373,4728
294,52
4285,4759
3170,2809
5062,4752
872,4772
4218,53
1479,4911
5009,124
179,2865
594,4996
1425,2847
2459,4749
2976,2789
4466,2814
1095,1896
1022,2776
3654,4677
2723,68
4419,5016
3407,54
2961,2803
2334,4879
2362,52
3648,4751
2898,34
4160,1849
575,2820
698,1818
3072,4266
2974,1842
1801,2854
638,4856
1739,1834
4175,84
924,4919
698,3912
1251,4957
1800,5
4666,4857
1977,4266
963,4824
5034,4965
3723,2847
3876,4911
2189,2832
919,1850
4598,4970
619,12
3349,3885
1792,1832
1525,1748
1035,2858
309,2848
2245,1842
1947,4877
3609,4801
216,2847
4895,5020
4247,2788
4814,113
2611,4870
4975,4953
818,4901
3367,4774
2540,4953
1968,2839
329,4797
333,5065
2281,4979
1706,2782
2745,2833
2569,1847
2531,4785
2741,3885
1590,4916
3987,1788
2429,4733
175,4727
5021,4917
1491,4686
4708,16
1701,3886
2346,4777
2078,2817
3205,4972
4385,1808
1485,2820
1671,4900
605,2785
3901,12
622,21
1461,1835
1890,4903
162,2822
1763,2860
4533,2785
2921,4917
4497,4683
4545,4892
179,2829
797,1816
851,2826
1026,4934
1521,4742
3760,4682
2714,4880
4412,3879
3875,4773
1932,4264
4122,53
2096,4939
98,4957
781,4909
2606,4749
703,4749
4335,2845
3384,4780
4164,319
2539,4921
467,41
4140,320
3276,4697
4548,45
1971,56
5025,5063
150,4961
2570,41
1431,114
3975,4820
3556,4723
2021,4939
4667,46
4973,5018
1826,4971
1691,38
2564,4739
1409,4828
2299,40
4865,7
2681,5000
3522,4654
3000,2849
2281,2841
522,4994
1813,4731
2418,4741
3988,1835
897,6
162,4965
4105,4780
200,4911
848,4971
4623,4918
4381,4775
812,2810
1314,4917
1657,2867
3649,5070
4281,1735
2746,1834
488,4762
1707,5063
2925,1740
3664,16
3355,4737
3704,4249
3503,2813
4207,1831
1766,4780
542,2841
2319,1840
4548,4897
197,4944
4411,4782
3817,2824
1717,3913
4169,4720
1822,2833
3034,4971
488,5063
586,4992
1721,1846
1520,3885
844,4995
1404,2776
500,4790
4342,2764
620,4775
1958,4737
2433,4676
4985,4908
3641,4672
2329,4763
1252,1731
1543,4738
4473,2812
1946,4879
953,4778
4588,1839
1657,4970
3402,4752
530,4785
3400,4816
297,4979
3168,4993
1753,1808
826,2779
2400,4890
1261,2821
2534,4926
3410,4777
1773,62
2386,4788
3949,4917
3253,5070
765,4755
3040,4878
1043,2788
797,4248
626,1842
2679,3878
349,1861
2624,4919
4132,320
916,2862
306,2784
1303,4787
1279,4915
1147,2841
3291,13
1473,5001
1132,4695
360,4761
2194,56
920,4774
3033,4870
3907,84
571,6
3676,2787
3277,4635
3462,4791
3891,2851
3172,2818
468,1838
3645,2768
4336,4848
2381,2787
1209,2853
2270,113
787,1827
2064,4847
4395,4979
1663,4998
3726,1861
4115,56
4185,4820
2668,3915
2925,4916
1380,3924
3853,2858
1035,115
3578,6
2876,4671
4418,4946
443,4920
3164,2774
1264,4929
2733,4979
3184,1748
1038,2825
153,4931
4424,4911
2217,1735
365,11
1773,4672
3831,4862
3673,2864
1820,4266
496,4669
2739,4987
4835,52
3382,4676
4372,4934
2338,4921
3563,21
5055,2839
1376,2824
3981,4789
1694,4902
410,4897
3337,2786
1657,4870
2644,4907
1138,2810
2030,38
2708,1833
3963,2857
3140,3924
3432,2767
1582,4918
3536,1733
816,4894
1384,2773
3448,4824
1826,4847
2304,9
1917,4654
2001,2866
3651,4697
1277,1843
383,4964
3681,1850
538,4797
2551,5065
1806,2796
3462,4951
3021,4958
3093,49
478,2831
2267,5019
3335,4941
2428,4750
4280,4727
74,4963
3733,114
2306,4251
4415,4828
5060,4743
4287,1833
2571,2853
206,2820
4615,4966
3082,4780
3346,1725
2159,1896
3825,4951
3610,2858
1007,1838
629,2764
2444,5065
4667,1844
3268,5001
752,2853
101,4903
3671,40
2644,2855
1213,3884
1992,285
1646,4886
3338,4778
2482,69
4401,4894
903,5074
3623,1727
782,4654
1196,4803
2011,2781
1130,3915
2925,4888
3614,4930
3008,2776
2216,4991
2752,4689
2633,2813
1526,5065
3010,4685
4457,4752
2046,4773
2708,3884
2140,318
1220,4915
44,4672
4554,4870
3448,1861
1769,9
3131,4723
1394,4743
2353,2839
501,2795
872,4773
3661,2848
2441,2796
600,4820
405,1817
3692,4858
2938,4861
2211,42
3583,2862
1013,4989
3030,4750
2130,38
3334,4694
5041,4891
3531,2768
3411,50
1423,4728
4579,4673
2324,4801
2104,2832
3734,2798
3738,2789
2325,4877
4804,4253
2067,1737
4358,1857
3197,4728
2182,4941
2939,4968
2249,1727
515,2798
1746,2794
4070,4935
25,4723
4552,5077
582,1834
4085,4265
3976,4819
1711,2813
2038,3881
3409,113
2354,2849
147,1896
4943,4824
206,4684
3747,3878
4354,4249
4029,4771
4201,1848
2129,4817
316,4671
741,3914
559,4248
1946,52
3751,5018
3368,1748
2513,4803
2168,2764
4082,5074
2471,2857
783,4689
483,2851
2202,4929
2332,4912
4371,2768
1001,4694
671,4816
1777,4993
584,2781
1309,4911
1168,4882
4082,4788
943,5004
3740,5074
2146,3878
2600,3883
3872,2789
1450,2843
950,3883
3976,2811
2276,4907
791,2782
1889,4250
3517,4681
3979,4265
729,3879
774,4931
2150,4695
3491,4774
1621,1840
1515,4888
4925,4889
1487,3886
2324,4880
566,2841
3317,117
1713,1834
4554,4749
1140,2846
3570,4900
3029,4934
2515,4800
292,1729
735,63
1152,4962
1155,4729
1883,283
2182,4732
2961,2782
1151,4731
4421,117
4596,4613
4359,1731
4153,4971
3363,1740
1601,4784
4074,4684
3067,3914
83,4930
4967,63
420,67
5055,2787
4541,5018
328,4954
3690,4732
1583,4849
2342,4944
2223,2838
3561,2772
2343,1
4095,2835
2775,1846
195,4673
1983,2831
402,4816
2885,2810
629,4773
3526,5069
784,53
2227,3884
4336,5016
2235,4858
229,1727
3163,4786
3765,2788
3393,5001
2698,4929
4600,4759
3055,2820
3669,1836
4166,4762
1702,4915
3019,4938
543,115
4162,4885
1053,5066
556,4774
406,4677
424,2825
4163,60
3063,218
3170,4729
2293,1734
2141,4729
2197,5004
352,4887
4409,1840
4410,4919
2328,4932
3595,2816
3062,4777
849,46
4396,4680
4382,4751
2167,4816
3333,1808
3952,4932
3199,5001
4560,318
4051,1843
3248,1896
75,4891
4967,1832
4138,4735
2304,4672
2607,1816
2701,55
4140,2816
1944,2833
4508,4988
3355,1834
1263,4861
841,4932
2558,45
764,4676
1433,2789
4088,4998
4431,4885
1767,4679
3166,4671
4852,4850
3356,3879
3602,4906
3777,4987
967,4743
3266,4919
127,4763
1696,4778
1655,283
4071,54
3549,4687
391,4727
3839,42
1545,4986
3316,53
1609,4904
776,2772
1097,4695
2504,4862
1316,4791
832,2860
1051,4735
3875,5073
4188,4979
1040,4785
4809,4746
760,4953
1527,2831
2466,4889
3747,51
1408,4900
4507,4963
99,4738
419,54
1000,4780
3120,4892
1165,1841
77,4935
2727,16
1960,1735
2522,4755
2928,4786
4176,4972
5043,4979
390,4956
3277,4634
4211,4686
3711,3505
4794,2823
2004,4978
598,2794
3645,2799
2072,4743
1162,4966
3497,1788
2265,4685
3798,3878
3092,4919
3802,2816
4125,2825
1104,4264
3484,4872
3204,80
1580,319
768,16
3579,2782
3718,4918
1871,4784
2586,4946
1150,1851
165,5001
4272,4849
4656,1808
4530,4921
1293,5070
2383,64
357,1849
3286,4754
4798,62
4868,2773
4845,1
2696,4792
2916,5075
4186,4797
2870,2865
2886,4672
1113,5004
1886,4849
1005,4754
2626,4824
1298,1729
617,5018
2722,4752
4510,1856
127,4910
1617,2782
3046,4788
297,4829
4037,2785
2601,2867
1967,4987
122,2862
798,2799
4881,4902
2500,4680
4653,4741
2182,1728
4596,4733
1548,5074
3766,4935
4175,114
271,1742
1175,2776
1964,4770
4377,4848
509,4956
302,48
177,3881
4624,55
307,4930
2508,4720
4,4693
3142,4635
1188,2772
1695,2783
223,2847
4624,70
3763,4765
835,2837
1161,4742
3307,4742
2026,4904
2915,1836
4808,1
1723,4815
2376,4993
2882,63
2636,2822
1249,4753
4196,5070
1594,4688
1127,40
4519,2862
1884,3505
3627,4872
4072,1845
3369,4828
381,4919
1914,4779
2327,4673
3730,4978
930,15
1680,5075
4612,2847
1590,4799
1556,4731
1171,4831
3470,113
4339,2864
1111,4873
1785,1850
3090,2832
4111,1862
3855,70
1797,4736
464,1848
1358,145
3910,2822
1931,1855
749,4953
3800,4848
3692,4934
986,2844
4048,4911
249,4687
3101,4730
2104,2773
5030,46
4825,4720
416,53
4450,4820
109,4753
765,2849
4659,4857
2130,4668
1997,40
3819,1842
3472,2829
4432,2853
2453,4800
1517,131
4806,4747
3993,2821
1425,2845
3179,2812
4985,4692
3305,4978
4527,4979
222,4818
1039,5018
2261,4915
1939,4776
3093,4884
3834,4788
2710,4856
3537,3879
502,218
2950,5002
933,52
3979,1748
2699,46
1869,4968
1248,4894
1304,4779
4810,64
1449,4678
4498,3882
4366,2789
457,84
1443,4727
1079,4747
653,6
14,2860
3832,3
2305,1832
4164,4748
1751,4686
3998,318
4006,4886
3083,21
969,4889
1381,1896
477,3615
4062,1840
954,4913
4204,4855
1572,4862
4269,4909
4560,4799
4103,4801
794,4937
2470,67
751,1862
1081,4910
3721,4849
78,4747
3875,2841
1164,2798
2214,1832
2937,1861
1210,4989
2988,4774
423,4677
1049,1730
2449,4781
508,1855
1747,48
1287,45
3394,3924
4532,42
3058,2845
2595,4785
3588,4884
532,4857
1491,4688
4574,1844
39,5019
4565,4855
938,4784
3125,2846
3426,4896
4015,3912
3961,4737
2125,4264
4967,2783
911,2867
4698,4947
204,4777
2516,4816
2091,1840
3491,4824
960,2779
3241,4749
1669,4683
4504,2800
1538,1726
123,115
1125,1748
444,4788
3027,13
1380,1727
1890,4901
715,4748
3943,4936
144,2823
2913,4654
245,1737
4981,1834
635,4773
1278,4249
1210,4249
589,4769
2570,4939
2023,4250
85,4669
1164,1733
2965,5065
652,2845
703,4670
4060,4729
3937,4801
1016,4735
621,4780
3255,113
1601,4791
4545,4781
4290,4968
1027,1748
1886,1725
1421,4891
1352,4936
828,65
3543,1850
4338,2824
5071,2768
4982,1845
3229,2835
1119,4691
4796,1737
1321,4873
2382,5069
3001,64
850,4819
790,1832
413,2843
3015,2767
902,4253
3270,2795
1361,1725
2326,1740
3694,1851
2693,4692
4463,50
2539,1839
2527,1726
3401,2809
1279,4735
3393,4921
3633,2794
3562,4752
4581,4940
609,4986
384,113
2993,1827
2964,4265
2797,9
4162,4997
3660,4776
1814,4792
3653,2768
3101,2845
2215,4635
4547,4926
500,2848
4168,4777
2499,3615
3831,4929
