198,786
813,826
117,8
710,23
290,15
419,772
58,19
293,2
367,15
61,38
690,35
34,8
901,25
962,25
483,38
491,38
330,735
901,772
260,38
210,15
46,786
31,15
877,27
142,6
593,25
244,680
7,22
265,6
488,772
512,1
857,23
806,786
556,826
244,735
280,16
922,22
621,785
267,826
587,27
694,680
397,93
292,735
205,735
701,15
62,6
154,815
28,772
528,16
435,826
147,772
114,826
460,786
28,1
781,8
546,25
301,680
953,9
900,93
741,735
707,22
231,38
654,786
952,772
201,23
77,786
500,5
83,23
376,11
269,11
87,772
343,4
241,9
479,19
852,735
191,826
837,19
951,15
1009,12
916,19
556,10
99,4
263,9
892,772
695,10
697,786
769,826
40,11
793,6
463,11
103,16
325,22
899,772
537,9
683,38
791,786
118,2
318,15
814,735
500,12
249,772
784,9
587,9
809,23
923,11
615,10
483,93
194,815
859,35
344,735
272,785
383,11
973,23
938,11
813,35
741,11
321,27
88,826
568,4
14,38
164,12
919,826
189,4
300,9
463,16
103,9
512,22
472,8
754,25
846,4
648,11
135,786
713,772
163,93
56,1
864,680
883,772
882,772
790,815
611,680
652,772
82,38
999,735
33,93
72,16
346,12
571,22
316,785
100,19
29,9
179,27
90,9
882,93
744,6
880,11
770,38
590,16
169,815
294,6
701,19
352,25
156,35
195,8
160,38
984,25
396,785
309,16
778,9
892,785
824,786
72,23
864,19
831,12
483,735
562,93
302,826
214,6
507,8
52,786
895,35
221,826
917,786
439,25
633,16
667,826
924,785
448,15
708,19
362,6
415,16
215,680
437,35
590,27
113,735
609,15
133,826
631,815
377,8
748,9
17,785
427,735
301,826
139,35
583,786
92,815
917,16
295,785
795,735
482,27
137,25
1000,15
544,2
769,25
112,4
241,93
439,22
797,22
548,22
17,23
91,8
684,35
723,8
121,785
106,10
664,15
591,1
186,735
993,786
852,38
598,93
582,785
640,8
143,785
153,785
596,35
26,1
176,35
604,35
397,27
804,16
917,735
865,6
369,25
816,19
890,6
965,35
307,680
180,23
698,27
80,680
82,785
391,25
32,6
267,23
896,10
881,23
96,35
171,6
998,4
85,15
927,8
103,815
966,93
946,22
639,680
715,735
457,35
21,93
650,786
335,6
322,25
40,815
830,826
979,19
340,735
841,22
770,10
916,93
131,9
994,35
674,27
217,23
1005,22
400,38
363,16
129,35
352,826
171,680
378,2
231,25
144,27
381,23
533,735
736,10
623,93
332,10
668,25
264,826
544,23
690,10
616,815
322,16
764,5
693,15
666,35
890,8
981,772
154,680
326,12
455,680
974,680
424,4
560,6
119,16
14,786
255,15
973,38
884,10
132,23
995,9
431,5
325,93
825,23
471,772
701,786
776,2
650,772
151,735
234,815
878,12
589,785
908,35
656,12
529,786
17,680
659,9
811,680
153,6
371,772
798,11
353,735
100,93
542,12
304,5
231,15
489,15
144,9
107,5
420,785
665,12
920,772
900,27
961,19
211,35
175,9
820,680
416,680
718,11
956,786
602,93
487,786
348,15
313,27
116,19
817,16
620,22
894,6
203,11
384,826
685,25
243,826
690,826
512,38
897,9
515,19
898,815
405,786
975,815
98,772
394,5
412,785
197,5
825,735
915,16
616,9
580,23
49,22
123,11
855,826
783,9
694,11
894,772
164,735
494,93
630,35
496,785
249,4
31,19
782,772
474,9
956,15
421,815
774,2
813,93
708,735
675,4
736,22
563,772
918,38
684,93
59,680
151,6
858,815
765,6
732,735
694,2
252,785
592,9
3,23
153,25
780,735
928,11
488,93
752,826
255,35
327,11
554,93
978,23
561,5
499,8
502,23
160,815
105,815
450,9
812,735
354,22
980,680
429,19
358,785
765,772
737,2
98,19
760,786
580,5
358,10
802,11
967,786
990,10
350,735
299,15
373,12
1000,826
928,2
531,680
125,785
734,15
635,19
339,5
748,786
512,11
36,35
789,38
293,1
404,4
44,35
83,8
562,23
543,11
145,10
330,6
702,680
905,93
982,93
969,786
966,785
456,5
617,1
1001,815
551,786
456,735
536,25
438,4
21,735
776,93
175,815
910,8
253,27
697,10
182,25
648,23
651,2
851,785
469,772
143,93
972,11
148,8
24,22
633,680
81,27
444,25
120,10
390,815
725,786
284,5
879,25
223,16
830,8
889,826
550,785
953,8
867,5
499,680
336,6
138,772
801,826
363,735
550,10
182,16
130,10
77,785
957,12
758,786
354,35
337,25
282,772
105,5
858,6
362,35
145,4
256,1
934,772
972,2
959,772
926,2
598,826
341,93
986,735
605,22
96,10
556,11
79,772
226,815
282,38
47,815
963,27
50,10
487,35
695,5
806,8
326,680
721,93
336,680
874,786
485,25
929,8
361,11
90,4
608,4
510,19
537,8
540,19
133,8
376,19
1008,35
592,93
97,772
352,12
922,735
945,25
528,15
837,27
410,785
106,23
306,8
803,785
398,23
331,16
494,11
870,93
445,8
677,786
533,680
272,23
662,772
349,23
831,25
1000,27
892,25
103,8
250,19
268,35
234,735
679,815
866,786
797,735
155,12
969,11
898,25
811,815
423,93
926,12
31,93
220,10
188,35
852,10
356,23
321,19
927,23
396,16
695,27
309,785
109,735
293,93
756,27
793,23
188,735
831,6
190,815
874,772
892,16
531,826
697,38
976,27
868,25
251,9
911,15
1004,22
679,35
699,826
898,16
703,786
392,11
319,5
637,10
195,11
149,11
1000,772
828,10
152,826
525,38
599,35
929,19
527,680
967,10
953,815
236,16
754,8
458,22
683,12
812,680
461,11
409,93
66,6
202,19
183,23
809,9
810,815
316,15
192,5
32,9
748,10
948,15
234,93
553,12
241,815
257,2
96,22
631,735
171,11
653,25
174,4
936,19
186,11
739,19
297,4
742,12
942,9
653,735
374,735
571,826
143,22
366,735
644,38
921,735
331,680
728,772
177,2
180,9
109,93
662,11
862,772
42,22
498,11
723,11
649,6
923,22
428,815
674,6
565,815
810,19
442,9
206,38
995,680
704,785
985,15
625,16
690,25
29,19
395,680
985,786
582,11
982,785
844,786
311,35
574,785
350,10
213,786
220,785
424,23
498,2
560,9
192,19
156,9
896,11
292,22
57,1
420,35
404,680
832,35
760,11
406,10
51,735
489,27
371,27
575,826
690,16
211,15
729,27
156,815
471,12
221,772
974,93
647,9
300,815
728,786
641,826
865,785
576,785
758,9
706,35
136,93
821,786
487,680
304,8
985,25
96,735
667,735
172,23
286,27
839,35
491,772
992,815
644,19
369,10
387,10
647,6
248,15
434,19
128,4
737,93
224,8
847,16
890,786
674,19
178,12
896,25
823,11
327,38
270,19
21,680
427,826
135,5
689,35
85,16
547,93
107,15
734,786
329,25
495,27
853,27
304,772
715,22
471,2
58,680
239,38
520,8
645,826
209,23
597,38
876,35
880,38
75,772
519,815
866,9
205,35
42,10
939,735
351,4
191,16
926,93
856,15
879,680
219,772
111,786
845,19
206,2
425,19
282,25
428,8
110,19
971,8
491,680
477,735
351,826
742,35
925,12
726,786
175,8
86,8
912,15
197,27
382,25
1008,19
1007,815
555,19
890,27
191,786
622,25
54,815
554,786
115,815
521,16
468,815
363,6
992,27
40,35
114,22
774,8
721,6
635,15
410,93
821,35
144,1
698,680
71,19
971,1
517,826
789,10
405,785
142,785
626,12
970,772
915,19
996,772
560,93
872,735
962,10
323,9
287,23
938,35
521,25
941,22
742,772
980,23
598,25
321,35
285,93
842,16
167,25
336,27
117,4
635,4
525,680
857,2
747,815
345,680
253,15
271,15
515,27
773,772
80,16
63,786
946,815
504,38
429,25
446,35
639,16
24,2
151,1
299,786
162,826
490,735
252,786
592,10
60,93
887,93
891,6
931,9
507,785
218,785
366,35
665,680
99,785
425,6
244,785
46,11
672,1
198,680
182,12
757,93
885,8
922,2
351,785
690,38
503,15
416,9
308,15
614,772
740,10
466,25
249,735
13,25
324,785
423,16
481,9
74,735
496,5
371,93
525,15
895,27
932,23
515,9
367,9
298,93
761,35
852,785
651,12
688,786
193,735
964,93
641,22
24,16
812,25
151,23
666,22
64,785
670,785
358,2
969,785
642,15
18,680
716,10
648,826
302,16
729,735
142,4
197,785
438,5
312,815
958,785
499,25
816,826
178,735
839,93
399,815
775,15
44,27
282,826
636,10
269,16
343,9
700,815
699,785
975,9
392,16
709,93
358,5
714,735
343,772
604,735
109,23
645,11
423,6
581,19
553,785
753,12
978,1
463,12
672,22
537,6
516,785
361,772
451,16
441,10
195,23
68,815
345,25
96,11
222,735
260,22
888,23
506,12
986,786
914,23
806,9
796,23
300,12
781,826
250,9
531,815
876,735
90,5
398,815
648,6
957,4
902,826
830,786
503,19
676,9
750,16
441,19
294,10
760,815
541,11
992,93
459,38
1012,16
648,815
778,5
677,785
1008,680
275,5
722,93
816,815
340,772
90,12
236,35
240,38
475,23
149,815
404,25
614,38
376,27
1001,35
784,2
969,10
256,16
94,16
810,826
392,5
652,9
195,5
624,11
824,8
642,19
220,11
331,8
136,10
924,35
778,12
928,38
359,5
307,35
435,22
143,772
368,19
704,2
888,735
522,9
1006,25
275,785
184,826
957,22
486,27
251,8
216,22
822,10
1004,23
17,27
664,735
402,10
183,25
205,12
498,22
408,680
494,785
192,15
945,10
195,10
161,772
346,735
242,19
702,16
1010,12
275,19
939,8
388,786
742,10
137,22
907,35
747,93
235,826
622,826
552,93
273,25
350,25
633,22
523,19
393,826
102,772
982,25
858,27
362,4
402,5
316,8
522,786
634,680
541,22
617,93
784,826
748,11
859,8
677,1
474,38
899,27
835,35
800,15
265,815
181,93
954,735
368,1
421,25
939,1
500,680
411,680
446,19
732,19
437,815
536,680
224,826
594,12
597,1
300,826
247,93
927,826
269,38
822,4
76,785
538,10
483,785
869,23
319,10
305,786
71,826
168,22
810,16
848,680
304,27
285,23
640,10
625,23
864,35
828,25
186,19
939,6
482,16
544,27
100,10
31,786
769,16
164,815
607,16
350,11
79,6
66,25
397,735
969,38
844,8
202,2
202,735
720,6
869,16
227,22
391,27
909,15
178,27
161,815
896,12
346,680
899,9
684,785
82,8
193,11
746,35
48,786
625,8
607,786
799,826
357,19
122,2
28,680
715,27
436,19
276,15
369,16
666,38
940,22
190,6
871,35
448,22
656,16
237,25
576,786
634,8
338,6
909,8
784,815
859,680
107,786
270,9
532,785
847,785
168,4
613,4
887,16
393,15
85,22
748,826
339,93
107,9
196,15
418,1
736,12
110,6
329,23
60,815
703,23
690,8
13,735
233,6
767,10
898,93
437,826
238,735
890,22
321,785
583,25
128,5
55,15
684,10
687,15
637,38
252,4
845,25
479,815
650,25
542,11
453,22
258,4
261,9
524,815
391,815
51,16
604,10
715,9
347,19
369,2
520,9
942,815
780,16
693,785
398,93
219,93
738,93
77,23
24,93
684,1
941,35
194,680
391,6
86,815
947,772
142,38
400,22
21,5
41,772
978,735
850,680
481,93
67,772
302,93
231,9
638,6
185,772
921,786
974,4
80,35
900,5
354,11
761,6
946,826
986,11
549,826
533,11
207,815
409,10
483,15
339,786
212,12
984,93
583,15
569,735
437,23
313,25
521,23
351,12
977,2
856,23
67,6
748,93
894,4
623,5
18,11
474,12
721,5
650,11
724,22
193,23
675,1
144,2
897,15
110,27
882,16
576,5
885,5
614,22
562,735
175,16
675,772
1008,11
740,5
212,11
284,35
583,4
272,826
594,735
3,16
188,12
817,15
102,19
563,735
527,22
657,19
644,815
793,38
690,93
232,93
734,772
326,785
401,27
900,11
761,16
283,27
158,35
267,735
915,27
129,815
937,10
1009,735
505,8
879,12
755,735
633,772
380,680
695,35
291,786
623,11
438,8
759,6
117,12
546,772
710,19
859,826
625,38
92,785
550,680
473,785
184,785
885,23
651,22
283,16
175,38
123,772
269,680
454,27
934,785
241,27
24,10
944,785
62,27
981,815
545,35
711,815
160,15
783,25
472,785
913,10
74,6
534,15
649,93
373,735
618,826
235,25
771,5
724,35
228,8
870,6
283,786
182,4
475,10
736,38
702,735
924,826
409,680
407,27
105,25
360,815
950,25
519,12
151,22
340,93
198,23
0,10
272,815
849,27
997,680
210,10
46,785
213,15
432,16
324,6
50,22
623,25
236,826
771,10
989,735
644,772
953,5
225,4
890,680
104,680
290,5
201,19
808,5
806,785
58,25
651,4
944,10
83,19
229,16
747,8
362,38
969,22
271,735
256,12
898,10
739,786
811,826
975,8
62,5
997,27
980,815
52,27
716,2
916,23
3,12
385,22
848,735
226,786
728,5
432,23
840,735
435,2
991,25
756,8
463,15
176,12
179,9
895,8
932,6
436,35
1006,5
0,815
473,735
993,16
794,35
540,22
318,11
636,2
861,25
934,826
294,16
388,93
306,15
534,16
420,27
973,27
50,8
879,815
456,826
953,23
883,680
292,93
127,10
258,93
575,786
374,12
818,5
618,16
821,8
90,2
967,25
608,6
365,786
575,25
44,10
407,38
155,9
337,16
191,735
908,22
357,93
516,6
57,735
994,8
541,10
427,35
713,11
309,11
862,19
789,785
494,9
842,826
756,785
902,16
521,38
670,12
581,4
546,38
196,38
624,735
917,2
481,815
65,19
103,10
967,22
806,826
37,93
368,786
188,772
83,38
281,772
982,12
340,2
216,16
306,772
933,19
719,680
561,826
834,15
195,4
109,1
473,93
78,772
136,11
617,680
121,6
375,680
914,6
889,9
546,826
618,2
30,826
214,2
807,27
935,38
461,16
135,772
891,785
908,4
177,22
451,6
750,35
128,35
609,11
238,680
901,680
294,5
205,11
922,815
637,8
159,19
342,785
588,25
146,4
517,19
738,23
664,4
60,15
334,15
887,15
692,15
34,772
199,9
867,35
371,6
939,11
322,11
250,35
954,11
779,786
69,9
1004,15
458,785
809,15
973,772
153,38
319,12
531,35
539,35
260,11
667,22
119,772
689,5
874,11
729,772
985,4
535,23
295,786
425,93
889,27
482,22
190,735
873,772
544,5
100,12
525,93
642,772
754,1
387,25
668,772
491,93
168,786
649,4
119,6
501,12
726,735
377,22
32,2
485,680
219,826
42,785
578,680
289,680
469,735
702,772
421,1
172,35
942,22
30,815
162,9
865,27
918,15
905,10
597,9
340,38
490,826
215,12
128,8
1007,16
348,38
536,735
706,38
427,4
999,826
32,25
267,8
217,19
591,11
295,5
353,6
82,9
445,35
835,16
85,12
714,9
755,786
241,680
661,815
186,27
776,23
524,826
529,735
55,826
793,815
167,785
448,23
141,12
128,15
609,23
990,35
958,8
743,786
373,35
723,27
203,25
835,25
196,8
936,10
900,16
956,680
405,772
261,15
820,786
197,23
162,27
878,8
273,4
607,1
239,27
868,38
482,735
411,815
619,2
437,4
591,786
77,680
775,785
795,8
596,680
212,772
817,27
452,10
788,25
292,6
992,15
384,815
330,772
849,93
591,25
650,6
600,15
670,93
428,19
378,8
677,815
218,4
182,38
240,25
665,8
131,785
668,19
48,6
372,10
707,735
707,786
138,27
412,27
659,10
645,35
684,2
869,10
889,785
264,2
983,22
105,680
699,16
203,23
421,826
561,23
724,8
268,22
489,12
150,22
354,8
812,826
925,10
604,2
986,8
715,1
202,826
829,25
422,12
558,2
777,19
669,5
930,38
659,19
570,1
169,680
938,38
919,8
388,27
484,23
674,35
324,35
696,12
610,27
682,35
366,23
702,38
482,93
871,815
124,93
695,93
589,5
475,38
329,9
664,815
117,772
279,826
945,826
601,2
287,735
73,12
184,9
844,815
244,35
248,38
565,93
641,772
0,38
456,19
681,11
666,772
462,9
941,735
823,735
129,12
956,10
132,15
635,6
502,19
33,19
566,680
182,11
440,11
974,23
703,10
118,35
601,11
31,680
76,38
274,772
937,9
409,27
212,19
123,5
447,2
311,786
592,12
792,9
210,25
781,25
92,680
151,826
190,772
857,9
450,4
414,38
611,22
333,772
562,27
305,2
972,16
24,11
647,93
150,735
708,93
377,93
528,38
13,23
913,9
659,38
953,735
89,772
556,25
667,38
320,785
706,23
928,5
213,5
525,786
768,9
138,785
654,772
697,6
229,22
1003,786
654,9
552,4
37,9
688,9
138,38
284,9
713,23
277,38
960,35
778,22
559,5
742,815
891,22
547,815
289,35
753,9
697,772
183,785
733,680
278,15
759,680
336,2
209,735
68,12
414,16
201,735
608,9
407,19
445,785
66,38
923,826
1002,785
602,826
552,11
898,11
480,38
479,22
975,11
599,826
84,680
837,22
263,785
587,786
642,4
491,19
719,22
830,15
928,19
793,1
386,12
867,6
961,93
154,16
618,22
818,11
710,5
910,22
492,815
1006,10
130,9
993,23
350,35
367,25
562,4
321,815
673,15
620,786
254,16
865,93
686,93
444,19
802,19
198,6
879,35
455,38
883,826
738,11
1000,786
50,9
731,735
953,22
203,38
646,19
723,786
389,10
250,23
752,680
495,93
957,2
226,12
868,22
102,785
622,93
737,35
868,680
209,93
745,35
429,826
691,27
606,735
862,16
973,19
791,12
28,19
265,826
551,826
297,22
707,8
488,680
433,25
491,815
165,23
721,785
866,785
719,826
500,23
673,25
47,23
584,23
819,38
162,680
587,2
880,8
36,772
440,826
129,772
259,680
155,772
923,4
464,815
999,785
559,786
566,10
273,772
146,10
627,8
208,735
689,10
817,93
728,27
927,16
303,735
568,15
346,8
265,38
103,2
472,19
290,38
95,772
957,735
633,19
870,735
744,735
688,93
266,15
213,772
56,12
437,38
994,27
42,35
45,22
319,6
377,11
503,735
415,786
883,785
185,38
973,5
705,786
193,38
763,4
567,38
532,4
988,25
457,12
75,6
1010,10
802,680
986,35
783,735
143,10
1006,38
954,8
226,25
444,826
362,2
713,826
678,772
83,826
319,15
32,12
909,27
677,15
255,23
627,22
847,772
813,10
852,27
653,22
174,11
985,11
554,16
936,22
960,786
152,772
211,2
48,27
434,735
721,772
719,785
152,9
350,6
562,35
800,826
982,22
965,38
202,25
865,772
609,4
773,25
227,19
154,785
45,8
798,19
778,826
968,826
197,680
625,786
218,815
499,93
464,9
245,22
998,1
135,27
640,12
362,815
863,23
442,785
850,8
260,735
7,93
411,22
68,93
549,772
989,8
794,22
484,826
693,772
402,680
75,786
330,93
555,815
560,12
225,735
906,735
634,15
904,772
328,11
810,25
295,4
835,19
892,826
117,815
958,815
48,9
211,16
51,4
804,27
844,772
647,10
79,9
979,23
819,11
141,11
274,35
20,22
351,19
278,785
316,23
745,9
452,12
270,15
754,735
744,772
618,680
799,38
196,9
107,11
961,5
523,826
122,11
451,93
863,735
222,38
276,16
314,786
64,826
897,785
91,19
864,785
798,4
1002,22
585,6
731,35
381,785
845,23
974,735
665,772
39,826
722,815
317,9
118,785
542,9
502,15
690,772
724,2
428,12
14,27
931,680
218,5
935,735
955,680
61,4
413,785
840,35
819,786
804,9
162,19
915,6
465,735
247,35
28,815
805,22
437,12
96,93
116,16
208,785
926,826
600,786
527,2
931,23
477,22
95,12
317,2
635,11
356,35
145,815
110,22
665,16
117,826
335,25
764,23
394,6
414,93
234,786
533,9
754,93
840,815
783,12
253,785
952,8
594,815
193,786
487,5
456,786
71,785
129,10
203,15
1012,815
832,2
762,786
446,826
431,23
420,772
37,786
665,25
368,93
61,22
184,10
718,22
222,27
320,15
962,9
234,6
287,16
842,786
385,8
617,735
320,772
139,25
252,19
400,6
403,19
258,786
206,19
759,11
43,8
48,93
376,826
104,10
675,8
91,772
540,12
761,22
426,35
872,15
543,1
614,15
620,815
736,815
533,27
679,12
311,22
776,735
958,93
65,786
873,16
913,23
952,22
3,27
277,19
617,27
926,815
963,35
191,8
507,786
92,22
699,38
366,38
499,12
928,772
525,19
157,25
1003,25
440,19
243,19
922,1
467,826
601,19
503,8
836,4
419,9
310,680
24,12
43,815
876,2
456,2
457,815
868,772
941,5
373,8
673,786
525,785
768,10
117,19
762,815
635,23
446,815
160,826
342,22
968,12
91,786
758,772
775,19
922,8
527,772
34,5
269,735
679,2
1009,786
222,12
901,4
133,735
151,16
706,786
395,9
713,22
642,10
74,15
719,8
188,27
210,8
212,815
581,23
623,27
807,815
380,815
769,38
843,27
204,10
149,785
367,19
540,25
957,15
836,10
268,815
927,680
343,735
343,10
714,772
916,735
538,35
411,785
731,680
645,8
462,735
375,735
963,22
124,10
659,826
235,9
435,4
571,6
238,6
40,9
756,10
546,815
512,680
413,815
364,680
312,680
204,1
831,786
562,5
174,786
512,786
69,19
293,826
81,16
541,15
762,19
531,9
821,815
163,35
146,25
538,93
521,35
232,19
965,815
74,826
510,786
646,16
991,735
983,735
658,15
967,27
932,15
846,6
830,785
44,4
500,9
871,10
47,9
513,11
418,772
37,35
590,11
294,9
170,11
415,815
223,2
297,786
322,826
716,815
988,4
200,35
628,35
349,19
991,9
574,35
981,35
29,11
359,772
985,826
412,815
90,11
967,16
1010,735
689,815
286,826
784,5
88,93
984,786
87,785
516,15
627,772
97,785
534,815
886,19
945,22
105,735
469,38
748,16
824,11
146,11
720,786
420,11
921,93
813,23
939,785
852,22
578,6
1005,815
676,785
346,9
457,10
793,27
704,5
560,826
411,735
177,785
658,1
143,12
275,786
683,11
404,35
575,9
686,4
279,11
816,680
908,6
340,11
1004,735
254,10
790,38
556,93
612,2
169,786
773,22
187,680
195,15
568,786
309,27
232,8
621,93
416,772
346,16
554,22
661,786
78,22
850,23
889,16
411,27
322,9
929,23
303,25
359,826
713,680
967,6
633,27
375,12
949,786
622,680
911,16
183,19
627,735
228,680
836,815
432,93
488,10
566,5
824,25
455,5
665,815
353,10
995,16
442,10
500,772
174,8
800,2
714,5
625,19
255,680
606,15
497,93
777,680
522,38
704,19
303,38
840,8
162,12
0,772
646,826
868,11
155,23
390,4
134,772
251,27
930,9
473,5
609,27
476,22
424,735
383,815
278,772
371,815
501,10
67,38
854,93
861,826
533,786
220,19
760,8
939,772
464,10
800,25
432,35
838,10
70,735
985,19
714,12
36,16
418,10
806,35
697,826
495,8
560,815
850,9
48,19
601,35
564,815
917,815
202,772
865,25
298,16
686,25
30,22
468,93
412,8
397,785
128,10
844,11
511,25
316,25
869,680
156,5
726,35
983,5
159,8
198,93
1008,772
881,10
475,786
673,680
378,4
638,16
329,19
39,2
332,8
739,5
319,786
678,735
471,8
40,735
682,786
458,15
609,786
148,93
190,5
890,10
545,10
1001,5
473,23
538,27
338,5
620,38
749,785
181,4
453,815
972,785
95,25
763,35
554,10
703,16
575,815
764,2
122,8
693,10
162,25
1008,25
989,25
937,19
616,25
707,815
597,25
483,2
730,1
237,15
662,16
24,815
538,735
351,27
227,9
817,25
983,27
549,23
625,772
438,35
518,786
613,10
539,1
192,815
746,16
71,25
971,23
147,2
518,23
759,826
703,25
354,15
373,785
263,680
122,19
175,15
999,8
344,9
397,1
715,10
533,15
917,826
682,772
520,12
996,786
975,35
191,785
730,735
325,815
295,93
208,786
634,25
524,8
657,38
839,826
626,815
400,9
193,19
835,9
301,786
821,38
475,35
665,23
421,35
761,11
961,22
797,93
357,11
802,735
986,22
605,735
736,786
533,8
718,12
848,27
645,815
422,2
320,9
780,10
854,1
965,2
692,785
718,785
755,9
701,93
762,93
610,25
21,11
520,785
411,93
157,6
431,22
144,5
37,785
900,15
406,815
885,2
407,9
63,785
543,27
467,815
914,680
310,735
187,22
315,93
962,6
799,680
138,11
466,35
263,815
486,38
325,785
126,9
55,23
592,23
24,772
370,16
153,27
64,5
45,93
528,815
877,735
588,35
183,772
185,93
629,815
846,735
759,735
870,11
104,11
857,6
147,25
882,6
150,38
133,22
62,786
564,785
602,815
931,815
181,826
516,38
57,772
55,785
1011,16
645,785
671,785
913,22
75,815
990,4
226,772
795,22
462,22
549,11
509,9
327,6
734,9
127,19
78,38
888,772
336,22
206,27
361,735
52,815
950,735
499,786
776,35
910,772
419,8
247,6
90,786
198,19
52,16
641,735
24,786
385,25
663,785
705,826
370,2
691,772
673,785
413,22
328,93
771,6
899,93
276,786
632,11
278,10
978,11
796,6
304,38
857,16
517,785
700,23
993,27
204,12
280,15
922,9
636,15
194,22
468,38
111,16
577,2
83,786
120,8
959,680
466,12
160,25
198,10
324,772
578,35
64,735
1001,735
1001,786
640,93
142,8
660,16
753,15
981,23
766,680
491,826
808,8
116,786
705,93
544,680
104,826
376,10
639,11
343,5
950,23
94,35
59,15
259,10
479,16
851,27
82,826
528,22
469,10
0,4
951,12
191,38
142,19
481,786
388,826
672,735
585,735
818,9
821,12
732,12
325,23
404,23
497,8
405,826
575,680
922,27
480,826
207,23
266,16
484,786
654,25
855,680
332,785
461,680
923,8
635,680
796,826
87,25
987,23
420,6
738,9
114,815
282,35
321,4
161,8
53,10
368,25
349,25
297,19
547,25
843,8
952,785
41,22
461,27
44,5
614,35
390,25
673,6
177,25
505,815
880,19
244,23
886,25
317,786
390,786
657,93
399,735
734,93
862,22
683,826
902,23
119,826
63,25
689,23
928,35
893,815
232,27
142,680
506,19
124,25
75,10
917,15
756,25
831,4
575,772
671,16
29,10
638,93
693,35
201,11
552,680
957,25
668,826
229,8
428,680
636,19
784,6
17,38
825,785
516,8
536,785
612,4
405,2
760,826
444,35
951,27
973,10
63,6
874,4
72,22
823,93
346,22
457,9
386,23
316,815
732,25
201,12
130,16
645,735
594,22
976,16
527,735
128,38
560,25
541,25
745,19
319,735
230,16
624,6
517,16
868,815
82,27
121,12
196,23
532,6
492,16
113,826
942,11
954,22
41,9
439,23
408,772
976,23
423,772
979,2
288,9
930,15
515,785
91,9
318,815
355,35
338,25
726,22
591,6
846,826
295,16
995,19
245,11
300,93
744,785
486,815
646,680
332,27
495,2
153,786
208,9
745,680
779,9
853,2
411,19
446,680
840,9
492,772
312,23
386,815
459,815
647,22
775,93
375,4
180,22
933,11
457,680
920,16
973,826
885,680
501,9
563,2
377,27
859,5
382,772
993,735
151,772
371,735
356,9
564,35
196,5
14,4
754,826
576,38
371,25
795,785
357,22
196,735
783,815
436,16
497,38
408,786
905,15
816,9
251,19
895,785
17,2
36,826
128,11
718,826
20,9
274,38
391,23
413,38
307,735
788,22
71,815
257,23
517,11
204,826
650,19
304,22
485,815
640,5
567,15
237,680
1005,786
628,15
372,826
446,1
543,38
798,826
167,786
385,815
545,9
530,786
548,2
804,735
141,9
20,16
684,15
977,19
847,22
248,786
501,27
887,785
464,772
86,785
341,23
89,38
430,25
363,22
834,815
836,735
746,22
502,10
231,23
603,22
910,93
718,735
668,23
48,2
504,15
782,27
693,9
658,93
533,5
187,2
634,786
599,772
51,786
213,815
55,11
313,19
166,10
42,12
945,35
178,9
931,16
823,6
861,772
331,38
650,5
561,19
193,25
85,27
714,38
825,25
996,22
320,735
465,23
763,735
530,11
839,23
750,93
861,38
276,25
187,27
761,772
740,19
102,735
656,2
158,93
730,9
752,22
770,22
437,10
20,38
617,38
527,12
514,19
1005,2
18,12
292,8
203,8
312,785
900,772
600,25
157,12
231,5
179,35
141,680
381,35
327,785
419,785
133,35
761,10
801,25
530,2
589,772
272,680
942,826
854,6
583,11
876,23
508,25
972,680
277,15
351,8
743,826
86,826
74,786
92,2
610,22
630,93
427,815
265,19
378,25
624,785
515,25
401,38
882,12
974,19
740,772
872,10
429,27
915,22
537,815
737,10
184,12
465,772
372,27
669,27
173,22
212,23
138,8
490,772
508,16
456,22
681,8
556,38
522,815
265,785
291,785
699,35
111,815
496,12
314,15
295,35
685,12
134,680
635,27
653,35
746,10
897,4
58,735
935,19
885,10
818,680
194,5
930,826
783,785
184,19
311,16
848,10
1011,19
777,2
558,19
727,680
798,680
287,27
720,826
916,6
719,4
595,10
617,25
191,10
