782,785
198,786
813,826
117,8
710,23
1003,27
290,15
419,772
293,2
367,15
332,35
61,38
58,19
690,35
34,8
437,680
901,25
962,25
483,38
491,38
456,4
330,735
901,772
260,38
210,15
212,735
46,786
31,15
877,27
142,6
756,6
593,25
244,680
7,22
265,6
799,10
488,772
512,1
857,23
806,786
897,22
556,826
244,735
280,16
922,22
44,25
621,785
267,826
694,680
397,93
18,786
587,27
292,735
205,735
701,15
688,12
154,815
62,6
28,772
528,16
582,680
435,826
147,772
114,826
460,786
617,11
28,1
781,8
546,25
301,680
327,680
953,9
900,93
741,735
707,22
546,786
231,38
654,786
952,772
201,23
163,680
77,786
500,5
83,23
376,11
379,22
269,11
87,772
343,4
241,9
576,815
479,19
852,735
191,826
837,19
731,785
951,15
1009,12
916,19
556,10
867,772
99,4
263,9
595,10
892,772
235,11
695,10
697,786
769,826
40,11
164,5
793,6
463,11
103,16
325,22
1006,9
899,772
537,9
683,38
791,786
404,16
118,2
318,15
500,12
249,772
924,772
784,9
814,735
587,9
809,23
81,22
923,11
615,10
483,93
194,815
691,23
859,35
344,735
272,785
383,11
494,10
938,11
973,23
813,35
741,11
814,772
321,27
88,826
568,4
14,38
53,9
164,12
919,826
189,4
463,16
671,735
300,9
103,9
512,22
472,8
952,786
754,25
846,4
648,11
135,786
982,9
713,772
163,93
56,1
864,680
329,680
883,772
882,772
790,815
611,680
940,786
652,772
82,38
999,735
33,93
359,11
72,16
346,12
571,22
316,785
482,9
100,19
29,9
179,27
90,9
754,16
882,93
744,6
880,11
770,38
898,19
590,16
294,6
701,19
352,25
685,772
169,815
156,35
195,8
984,25
587,826
160,38
396,785
309,16
778,9
691,735
892,785
824,786
72,23
864,19
662,785
831,12
483,735
562,93
302,826
137,16
214,6
507,8
52,786
895,35
54,10
221,826
917,786
439,25
667,826
279,5
924,785
633,16
448,15
708,19
251,15
362,6
415,16
215,680
609,15
458,786
590,27
437,35
113,735
133,826
958,16
631,815
377,8
748,9
17,785
380,19
427,735
301,826
139,35
583,786
229,786
92,815
917,16
295,785
795,735
889,22
482,27
1000,15
137,25
544,2
214,25
769,25
112,4
241,93
439,22
350,2
797,22
548,22
17,23
91,8
59,35
684,35
723,8
121,785
106,10
220,22
664,15
591,1
186,735
993,786
353,8
852,38
598,93
582,785
640,8
199,2
143,785
153,785
596,35
26,1
544,25
176,35
604,35
397,27
804,16
550,35
917,735
865,6
369,25
816,19
101,23
890,6
965,35
307,680
180,23
822,25
698,27
80,680
82,785
391,25
156,8
32,6
267,23
896,10
881,23
934,27
96,35
171,6
998,4
946,22
529,6
103,815
966,93
927,8
639,680
825,5
715,735
457,35
85,15
21,93
978,826
650,786
335,6
322,25
40,815
954,25
830,826
979,19
340,735
841,22
434,27
770,10
916,93
131,9
994,35
373,38
674,27
217,23
1005,22
363,16
788,23
129,35
400,38
352,826
171,680
406,12
378,2
231,25
144,27
623,93
307,2
736,10
381,23
533,735
332,10
61,15
668,25
264,826
544,23
616,815
389,93
322,16
690,10
693,15
764,5
471,10
666,35
890,8
981,772
154,680
126,19
326,12
455,680
974,680
424,4
426,735
560,6
119,16
14,786
255,15
845,27
973,38
884,10
132,23
995,9
395,786
431,5
325,93
825,23
471,772
739,12
776,2
650,772
151,735
701,786
233,9
234,815
878,12
589,785
908,35
433,815
529,786
656,12
17,680
659,9
695,735
811,680
153,6
371,772
798,11
18,735
353,735
100,93
542,12
304,5
838,680
231,15
489,15
144,9
107,5
971,9
420,785
665,12
920,772
900,27
579,9
961,19
211,35
175,9
820,680
51,23
416,680
718,11
956,786
602,93
730,22
487,786
348,15
313,27
116,19
264,6
817,16
620,22
894,6
384,826
477,680
203,11
685,25
243,826
690,826
160,785
512,38
897,9
515,19
898,815
60,826
405,786
975,815
98,772
394,5
305,19
412,785
197,5
825,735
915,16
777,23
616,9
580,23
49,22
123,11
583,10
855,826
694,11
894,772
783,9
74,22
164,735
494,93
630,35
496,785
120,680
249,4
31,19
782,772
474,9
807,772
956,15
421,815
774,2
813,93
905,735
708,735
675,4
736,22
563,772
876,786
918,38
684,93
59,680
151,6
962,4
858,815
765,6
732,735
694,2
783,22
252,785
592,9
3,23
153,25
191,12
780,735
928,11
488,93
752,826
731,11
255,35
327,11
554,93
499,8
406,35
978,23
561,5
502,23
450,9
33,23
160,815
105,815
812,735
354,22
614,2
980,680
429,19
358,785
765,772
694,735
737,2
98,19
760,786
580,5
247,11
358,10
802,11
967,786
990,10
168,93
350,735
299,15
373,12
928,2
302,8
1000,826
531,680
125,785
734,15
336,8
635,19
339,5
748,786
512,11
932,22
36,35
789,38
293,1
404,4
722,11
44,35
83,8
562,23
543,11
654,10
145,10
330,6
702,680
905,93
410,772
982,93
969,786
966,785
456,5
99,25
617,1
1001,815
551,786
456,735
988,35
536,25
438,4
21,735
776,93
176,19
175,815
910,8
253,27
697,10
361,25
182,25
648,23
651,2
851,785
307,815
469,772
143,93
972,11
148,8
495,772
24,22
633,680
81,27
390,815
762,12
120,10
444,25
284,5
725,786
52,25
879,25
223,16
830,8
889,826
553,786
550,785
953,8
867,5
499,680
117,25
336,6
138,772
801,826
363,735
164,772
550,10
182,16
130,10
77,785
668,815
758,786
354,35
337,25
282,772
376,12
957,12
105,5
858,6
362,35
750,8
145,4
256,1
934,772
972,2
426,772
959,772
926,2
598,826
341,93
748,38
986,735
605,22
96,10
556,11
630,6
79,772
226,815
282,38
963,27
139,6
50,10
47,815
487,35
695,5
753,6
806,8
326,680
721,93
336,680
796,22
874,786
485,25
929,8
361,11
658,19
90,4
608,4
510,19
537,8
41,19
540,19
133,8
376,19
1008,35
516,4
592,93
97,772
352,12
922,735
563,35
528,15
837,27
106,23
306,8
926,5
803,785
398,23
410,785
945,25
185,23
331,16
494,11
870,93
445,8
232,22
677,786
533,680
272,23
662,772
75,23
349,23
831,25
1000,27
250,19
140,22
892,25
103,8
234,735
268,35
843,10
679,815
866,786
797,735
155,12
513,8
969,11
898,25
811,815
423,93
691,680
926,12
118,785
31,93
220,10
976,680
188,35
852,10
356,23
321,19
763,10
927,23
396,16
695,27
309,785
953,35
109,735
293,93
756,27
793,23
557,22
188,735
831,6
190,815
874,772
1000,2
892,16
531,826
697,38
976,27
115,2
868,25
251,9
911,15
1004,22
880,12
679,35
699,826
898,16
703,786
775,826
392,11
319,5
637,10
195,11
396,786
149,11
1000,772
828,10
152,826
618,15
599,35
525,38
929,19
527,680
507,11
967,10
953,815
236,16
754,8
54,11
458,22
683,12
812,680
461,11
852,826
409,93
66,6
202,19
809,9
129,785
183,23
810,815
316,15
192,5
7,735
32,9
748,10
948,15
234,93
255,735
553,12
241,815
257,2
96,22
588,22
631,735
171,11
653,25
174,4
128,785
936,19
186,11
739,19
297,4
261,22
742,12
942,9
653,735
374,735
433,15
571,826
143,22
366,735
644,38
239,2
921,735
331,680
728,772
177,2
1004,4
180,9
109,93
662,11
862,772
883,23
42,22
498,11
649,6
923,22
424,16
723,11
428,815
674,6
565,815
489,815
810,19
442,9
206,38
704,785
464,22
995,680
985,15
625,16
690,25
211,6
395,680
985,786
582,11
982,785
819,826
29,19
311,35
574,785
350,10
239,11
844,786
213,786
220,785
424,23
595,93
498,2
560,9
192,19
156,9
798,23
896,11
57,1
420,35
404,680
41,786
292,22
832,35
760,11
406,10
664,23
51,735
489,27
371,27
575,826
961,15
690,16
211,15
729,27
156,815
401,826
471,12
221,772
974,93
647,9
26,786
300,815
728,786
641,826
865,785
497,735
576,785
758,9
706,35
136,93
89,35
821,786
487,680
304,8
985,25
900,22
96,735
667,735
172,23
286,27
51,8
839,35
491,772
992,815
644,19
384,15
369,10
387,10
647,6
248,15
622,15
434,19
128,4
737,93
224,8
424,5
847,16
890,786
674,19
178,12
70,6
896,25
823,11
327,38
270,19
331,35
21,680
427,826
135,5
689,35
542,10
85,16
547,93
107,15
734,786
825,22
329,25
495,27
853,27
304,772
999,12
715,22
471,2
58,680
239,38
367,93
520,8
645,826
209,23
597,38
693,786
876,35
880,38
75,772
519,815
294,93
205,35
866,9
939,735
351,4
617,35
191,16
42,10
926,93
856,15
604,815
879,680
219,772
111,786
845,19
114,680
206,2
425,19
282,25
428,8
85,25
110,19
971,8
491,680
477,735
169,22
351,826
742,35
925,12
726,786
357,15
86,8
912,15
197,27
175,8
915,10
382,25
1008,19
1007,815
555,19
829,27
890,27
191,786
622,25
54,815
952,5
554,786
115,815
521,16
468,815
620,23
363,6
992,27
114,22
721,6
403,9
774,8
40,35
635,15
410,93
431,10
821,35
144,1
698,680
71,19
329,11
517,826
789,10
971,1
405,785
431,785
142,785
626,12
970,772
915,19
170,38
560,93
996,772
872,735
962,10
984,35
323,9
287,23
938,35
521,25
153,23
941,22
742,772
598,25
321,35
319,93
285,93
980,23
842,16
167,25
832,6
336,27
117,4
635,4
525,680
564,8
857,2
747,815
345,680
253,15
551,680
271,15
515,27
773,772
80,16
902,680
63,786
946,815
429,25
446,35
305,11
504,38
639,16
24,2
151,1
262,12
299,786
162,826
490,735
252,786
255,93
592,10
60,93
887,93
891,6
546,10
931,9
507,785
218,785
366,35
682,23
665,680
99,785
425,6
244,785
907,16
46,11
672,1
198,680
182,12
882,5
757,93
885,8
922,2
351,785
498,826
690,38
503,15
416,9
308,15
24,9
614,772
740,10
466,25
249,735
358,11
13,25
324,785
423,16
481,9
907,786
74,735
496,5
371,93
525,15
801,815
895,27
932,23
515,9
367,9
204,16
298,93
761,35
651,12
688,786
775,22
852,785
964,93
193,735
641,22
222,9
24,16
812,25
151,23
666,22
762,2
64,785
670,785
358,2
969,785
52,19
642,15
18,680
716,10
648,826
481,2
302,16
729,735
142,4
197,785
682,25
438,5
312,815
958,785
499,25
154,11
816,826
178,735
839,93
399,815
550,16
775,15
44,27
282,826
636,10
910,786
269,16
343,9
700,815
699,785
387,93
975,9
392,16
709,93
358,5
691,11
714,735
343,772
604,735
109,23
420,19
645,11
423,6
581,19
553,785
698,785
753,12
978,1
463,12
672,22
124,772
537,6
516,785
361,772
451,16
94,38
441,10
195,23
68,815
345,25
553,23
96,11
222,735
260,22
888,23
377,680
506,12
986,786
914,23
806,9
189,9
796,23
300,12
781,826
250,9
910,27
531,815
876,735
90,5
398,815
537,15
648,6
957,4
902,826
830,786
942,680
503,19
676,9
750,16
294,10
994,11
441,19
760,815
541,11
992,93
847,815
459,38
1012,16
648,815
778,5
803,23
677,785
1008,680
275,5
722,93
850,38
816,815
340,772
90,12
236,35
368,785
240,38
475,23
149,815
404,25
993,35
614,38
376,27
1001,35
784,2
360,735
969,10
256,16
94,16
810,826
923,2
392,5
652,9
195,5
624,11
514,38
642,19
824,8
220,11
331,8
260,4
136,10
924,35
778,12
928,38
323,786
359,5
307,35
435,22
143,772
75,15
368,19
704,2
888,735
522,9
411,1
1006,25
275,785
184,826
957,22
982,6
486,27
216,22
1004,23
17,27
177,23
822,10
251,8
402,10
183,25
790,35
205,12
498,22
408,680
494,785
834,9
664,735
945,10
192,15
195,10
106,6
161,772
346,735
242,19
702,16
506,25
1010,12
275,19
939,8
388,786
297,2
742,10
137,22
907,35
747,93
322,10
235,826
622,826
552,93
273,25
439,27
350,25
633,22
523,19
393,826
47,27
102,772
982,25
858,27
362,4
880,4
402,5
316,8
541,22
617,93
245,772
634,680
522,786
784,826
748,11
217,2
859,8
677,1
474,38
899,27
464,16
835,35
800,15
265,815
181,93
238,38
954,735
368,1
421,25
939,1
795,772
500,680
411,680
446,19
732,19
661,25
437,815
536,680
224,826
594,12
779,735
597,1
247,93
300,826
927,826
50,785
269,38
822,4
76,785
538,10
192,680
483,785
869,23
319,10
305,786
509,93
71,826
168,22
810,16
848,680
135,25
304,27
285,23
640,10
625,23
492,10
864,35
828,25
186,19
939,6
578,785
482,16
544,27
100,10
31,786
767,4
769,16
164,815
607,16
350,11
647,19
79,6
66,25
397,735
969,38
698,25
844,8
202,2
202,735
720,6
453,680
869,16
227,22
391,27
909,15
1002,38
178,27
161,815
896,12
346,680
292,23
899,9
684,785
82,8
193,11
263,93
48,786
746,35
625,8
607,786
26,22
799,826
357,19
122,2
28,680
141,786
715,27
436,19
369,16
666,38
829,15
940,22
276,15
190,6
448,22
28,735
656,16
871,35
237,25
576,786
847,735
634,8
338,6
909,8
784,815
894,19
859,680
107,786
270,9
532,785
57,9
847,785
168,4
613,4
887,16
135,15
393,15
85,22
339,93
196,15
270,786
107,9
748,826
418,1
329,23
310,19
736,12
60,815
110,6
703,23
335,9
690,8
13,735
233,6
767,10
163,815
898,93
437,826
238,735
890,22
138,19
321,785
583,25
128,5
55,15
847,19
684,10
687,15
637,38
252,4
452,9
845,25
479,815
650,25
542,11
231,16
453,22
258,4
261,9
524,815
671,680
391,815
51,16
604,10
715,9
695,680
347,19
369,2
520,9
942,815
372,9
780,16
693,785
398,93
219,93
274,23
738,93
77,23
24,93
684,1
388,19
941,35
194,680
391,6
947,772
929,785
86,815
142,38
400,22
21,5
721,12
41,772
978,735
850,680
481,93
637,826
67,772
302,93
231,9
638,6
878,735
185,772
921,786
974,4
900,5
421,38
354,11
80,35
761,6
946,826
877,786
986,11
549,826
533,11
207,815
616,4
409,10
483,15
339,786
212,12
854,2
984,93
583,15
569,735
437,23
718,786
313,25
521,23
351,12
977,2
210,38
856,23
67,6
748,93
894,4
820,5
623,5
18,11
474,12
721,5
425,27
650,11
724,22
193,23
675,1
361,35
144,2
897,15
110,27
882,16
419,786
576,5
885,5
614,22
562,735
618,93
175,16
675,772
1008,11
740,5
761,786
212,11
284,35
583,4
272,826
695,815
594,735
3,16
188,12
817,15
980,16
102,19
563,735
657,19
527,22
839,815
644,815
793,38
690,93
232,93
488,786
734,772
326,785
401,27
900,11
759,772
761,16
283,27
158,35
267,735
639,19
915,27
129,815
937,10
1009,735
320,4
505,8
879,12
755,735
633,772
304,93
380,680
695,35
291,786
623,11
239,680
438,8
759,6
117,12
546,772
232,826
710,19
859,826
92,785
473,785
808,23
625,38
184,785
550,680
885,23
480,786
651,22
283,16
175,38
123,772
34,12
269,680
454,27
934,785
241,27
790,10
24,10
944,785
62,27
981,815
670,815
711,815
160,15
783,25
913,10
123,27
472,785
74,6
534,15
649,93
101,815
373,735
618,826
235,25
771,5
978,12
724,35
228,8
870,6
283,786
290,10
182,4
475,10
736,38
702,735
98,815
924,826
409,680
407,27
105,25
527,826
360,815
950,25
519,12
151,22
279,93
340,93
198,23
0,10
272,815
404,815
849,27
997,680
210,10
46,785
232,35
213,15
324,6
432,16
623,25
56,785
236,826
771,10
644,772
953,5
682,6
225,4
989,735
890,680
104,680
339,12
290,5
201,19
808,5
806,785
293,8
58,25
651,4
83,19
229,16
562,12
747,8
944,10
362,38
969,22
552,10
271,735
256,12
898,10
811,826
294,25
975,8
739,786
62,5
997,27
559,772
980,815
52,27
716,2
916,23
645,10
3,12
385,22
848,735
226,786
854,826
728,5
432,23
840,735
435,2
164,25
991,25
756,8
463,15
176,12
512,27
179,9
895,8
932,6
0,815
73,815
436,35
1006,5
993,16
473,735
957,10
540,22
794,35
318,11
636,2
653,785
861,25
934,826
294,16
388,93
245,815
306,15
534,16
420,27
973,27
77,38
50,8
879,815
456,826
127,10
310,35
883,680
953,23
292,93
258,93
522,4
575,786
374,12
818,5
618,16
250,22
821,8
90,2
967,25
608,6
917,772
365,786
575,25
44,10
337,16
797,15
155,9
191,735
908,22
357,93
360,772
407,38
516,6
57,735
994,8
777,35
541,10
427,35
713,11
842,826
241,826
789,785
494,9
862,19
521,38
188,38
756,785
309,11
902,16
670,12
728,19
546,38
581,4
196,38
624,735
526,785
917,2
481,815
65,19
103,10
50,735
967,22
806,826
37,93
368,786
633,11
188,772
83,38
281,772
340,2
730,93
216,16
982,12
306,772
933,19
973,786
719,680
561,826
834,15
195,4
450,772
109,1
473,93
78,772
617,680
578,8
121,6
375,680
136,11
914,6
754,786
889,9
546,826
618,2
214,2
414,15
30,826
807,27
935,38
461,16
686,6
135,772
891,785
908,4
177,22
216,23
451,6
750,35
128,35
609,11
1007,5
238,680
294,5
205,11
922,815
243,735
901,680
637,8
159,19
342,785
380,23
588,25
146,4
517,19
664,4
352,785
60,15
738,23
334,15
887,15
66,815
692,15
34,772
199,9
939,11
631,10
867,35
371,6
322,11
250,35
967,4
954,11
779,786
69,9
1004,15
822,2
458,785
809,15
973,772
153,38
745,23
319,12
531,35
539,35
667,22
813,11
119,772
689,5
260,11
874,11
103,826
729,772
985,4
535,23
295,786
297,10
425,93
889,27
190,735
525,93
502,93
873,772
482,22
544,5
100,12
806,815
642,772
754,1
387,25
668,772
567,680
491,93
168,786
649,4
501,12
889,680
726,735
32,2
119,6
485,680
267,19
377,22
219,826
42,785
578,680
960,19
289,680
469,735
702,772
421,1
39,11
172,35
942,22
30,815
162,9
845,772
865,27
918,15
905,10
597,9
448,16
340,38
490,826
215,12
128,8
844,9
348,38
536,735
1007,16
706,38
834,19
427,4
999,826
32,25
267,8
822,785
217,19
591,11
295,5
353,6
776,786
82,9
445,35
835,16
85,12
378,6
714,9
755,786
661,815
186,27
441,785
776,23
241,680
524,826
529,735
289,786
55,826
793,815
167,785
448,23
583,35
141,12
128,15
609,23
990,35
662,27
958,8
743,786
373,35
723,27
563,15
203,25
835,25
196,8
936,10
789,680
900,16
956,680
405,772
261,15
465,25
820,786
197,23
162,27
878,8
73,25
607,1
273,4
239,27
868,38
544,815
482,735
411,815
619,2
437,4
111,93
591,786
77,680
795,8
596,680
579,826
212,772
817,27
775,785
452,10
454,786
788,25
292,6
384,815
330,772
721,10
849,93
992,15
650,6
591,25
683,735
600,15
670,93
428,19
378,8
613,12
677,815
218,4
182,38
240,25
882,680
665,8
131,785
668,19
48,6
275,826
372,10
707,735
707,786
138,27
656,15
412,27
659,10
645,35
684,2
116,23
869,10
889,785
264,2
105,680
178,5
983,22
699,16
203,23
421,826
832,10
561,23
724,8
268,22
489,12
396,35
150,22
354,8
812,826
925,10
197,25
604,2
715,1
986,8
202,826
848,25
829,25
422,12
558,2
777,19
905,38
669,5
930,38
659,19
570,1
348,10
169,680
938,38
919,8
388,27
691,815
484,23
674,35
324,35
696,12
327,22
610,27
682,35
366,23
702,38
336,38
482,93
871,815
124,93
695,93
218,22
589,5
475,38
329,9
664,815
811,23
117,772
279,826
945,826
601,2
305,16
287,735
73,12
184,9
844,815
848,16
244,35
248,38
565,93
641,772
89,826
0,38
456,19
681,11
666,772
3,19
462,9
941,735
823,735
129,12
203,5
956,10
132,15
635,6
502,19
799,27
33,19
566,680
182,11
440,11
993,11
974,23
703,10
118,35
601,11
394,11
31,680
76,38
274,772
937,9
311,23
409,27
212,19
123,5
447,2
987,9
311,786
592,12
792,9
50,22
403,786
210,25
781,25
92,680
151,826
597,785
190,772
857,9
450,4
414,38
401,19
611,22
333,772
562,27
305,2
434,93
972,16
24,11
647,93
150,735
262,5
708,93
377,93
528,38
13,23
234,11
913,9
659,38
953,735
89,772
109,35
556,25
667,38
320,785
706,23
908,772
928,5
213,5
525,786
768,9
578,93
138,785
654,772
697,6
229,22
376,1
1003,786
654,9
552,4
37,9
577,12
688,9
138,38
284,9
713,23
630,11
277,38
960,35
559,5
742,815
263,23
891,22
778,22
547,815
289,35
842,11
753,9
697,772
183,785
733,680
522,19
278,15
759,680
209,735
336,2
120,815
68,12
414,16
201,735
608,9
41,38
407,19
445,785
66,38
923,826
654,16
1002,785
602,826
552,11
898,11
385,786
480,38
479,22
975,11
599,826
854,38
837,22
84,680
263,785
587,786
198,15
642,4
491,19
719,22
830,15
632,786
928,19
793,1
386,12
867,6
460,11
961,93
154,16
618,22
818,11
300,23
710,5
910,22
492,815
1006,10
182,23
130,9
993,23
350,35
367,25
44,12
562,4
321,815
673,15
620,786
195,735
254,16
865,93
686,93
444,19
29,785
802,19
198,6
879,35
883,826
790,785
738,11
455,38
1000,786
50,9
675,93
731,735
953,22
203,38
646,19
723,735
723,786
389,10
250,23
752,680
732,9
495,93
957,2
226,12
868,22
963,826
102,785
622,93
737,35
868,680
353,826
209,93
745,35
429,826
691,27
602,9
606,735
862,16
973,19
791,12
756,786
28,19
265,826
551,826
297,22
668,35
707,8
488,680
433,25
491,815
510,25
165,23
721,785
866,785
719,826
41,25
500,23
47,23
584,23
819,38
711,12
162,680
587,2
880,8
36,772
750,25
129,772
440,826
259,680
155,772
154,772
464,815
999,785
559,786
923,4
160,35
566,10
273,772
146,10
627,8
902,8
208,735
689,10
817,93
728,27
525,815
927,16
303,735
568,15
346,8
889,8
265,38
103,2
472,19
290,38
165,16
95,772
957,735
870,735
688,93
461,15
744,735
266,15
633,19
213,772
251,10
56,12
437,38
994,27
42,35
427,16
45,22
319,6
377,11
503,735
857,785
415,786
883,785
185,38
973,5
442,2
705,786
193,38
763,4
567,38
72,27
988,25
532,4
75,6
1010,10
128,680
457,12
802,680
986,35
783,735
125,10
1006,38
143,10
954,8
226,25
797,25
444,826
362,2
713,826
678,772
515,815
83,826
319,15
32,12
909,27
70,25
677,15
255,23
627,22
847,772
960,680
813,10
852,27
653,22
174,11
692,23
985,11
554,16
936,22
960,786
261,19
152,772
211,2
48,27
434,735
807,8
721,772
719,785
152,9
350,6
616,35
562,35
800,826
982,22
965,38
91,12
202,25
865,772
609,4
773,25
443,785
227,19
154,785
45,8
778,826
834,25
798,19
968,826
197,680
218,815
970,735
625,786
499,93
245,22
135,27
171,5
998,1
464,9
640,12
362,815
36,23
863,23
442,785
850,8
260,735
335,5
7,93
411,22
68,93
549,772
769,22
989,8
794,22
484,826
693,772
288,5
402,680
75,786
330,93
555,815
576,680
560,12
906,735
634,15
904,772
724,826
225,735
328,11
810,25
295,4
832,38
835,19
892,826
117,815
958,815
172,27
48,9
211,16
51,4
804,27
0,785
844,772
647,10
79,9
979,23
138,22
819,11
141,11
274,35
20,22
294,38
351,19
278,785
316,23
745,9
126,785
452,12
270,15
754,735
744,772
636,786
799,38
618,680
196,9
107,11
739,11
961,5
523,826
122,11
451,93
36,735
863,735
222,38
276,16
314,786
942,735
64,826
897,785
91,19
864,785
321,93
798,4
1002,22
585,6
731,35
327,35
381,785
845,23
974,735
39,826
151,785
722,815
665,772
542,9
428,12
962,680
690,772
502,15
317,9
724,2
676,826
218,5
14,27
931,680
935,735
384,735
955,680
61,4
413,785
819,786
235,785
804,9
840,35
915,6
162,19
187,25
465,735
247,35
28,815
805,22
201,786
437,12
96,93
116,16
208,785
687,22
926,826
600,786
527,2
931,23
403,5
477,22
95,12
317,2
635,11
428,11
356,35
145,815
110,22
665,16
632,93
117,826
335,25
764,23
394,6
286,8
414,93
234,786
533,9
754,93
259,38
840,815
783,12
253,785
952,8
348,11
594,815
193,786
487,5
456,786
18,9
71,785
129,10
203,15
1012,815
276,772
832,2
762,786
446,826
431,23
144,4
420,772
37,786
665,25
368,93
574,680
61,22
184,10
718,22
222,27
580,19
320,15
962,9
234,6
287,16
126,8
842,786
385,8
617,735
320,772
284,826
139,25
252,19
400,6
403,19
496,735
258,786
206,19
759,11
43,8
870,10
48,93
376,826
104,10
675,8
801,786
91,772
540,12
761,22
614,15
133,23
543,1
872,15
426,35
620,815
641,25
736,815
533,27
679,12
311,22
439,93
776,735
958,93
65,786
873,16
765,2
913,23
952,22
3,27
277,19
64,27
617,27
926,815
963,35
191,8
731,15
507,786
92,22
699,38
366,38
832,16
499,12
928,772
525,19
157,25
450,5
1003,25
440,19
243,19
922,1
540,11
467,826
601,19
503,8
836,4
471,35
419,9
310,680
24,12
43,815
837,35
876,2
456,2
457,815
868,772
320,786
941,5
373,8
673,786
525,785
302,12
768,10
117,19
762,815
635,23
981,15
446,815
160,826
342,22
968,12
164,786
91,786
758,772
775,19
922,8
360,785
527,772
34,5
269,735
679,2
37,8
1009,786
222,12
901,4
133,735
98,38
151,16
706,786
395,9
713,22
469,2
642,10
74,15
719,8
188,27
423,10
210,8
212,815
581,23
623,27
753,8
807,815
380,815
769,38
843,27
471,826
673,25
149,785
367,19
957,15
404,15
204,10
540,25
836,10
268,815
784,16
927,680
343,735
343,10
714,772
184,38
916,735
538,35
411,785
731,680
185,9
645,8
263,680
462,735
375,735
581,16
963,22
124,10
659,826
235,9
914,27
435,4
571,6
238,6
40,9
991,27
756,10
546,815
512,680
413,815
253,16
364,680
312,680
204,1
831,786
540,16
562,5
174,786
512,786
69,19
861,23
293,826
81,16
541,15
762,19
724,785
531,9
821,815
163,35
146,25
591,35
538,93
521,35
232,19
965,815
359,16
74,826
510,786
646,16
991,735
389,9
983,735
658,15
967,27
932,15
661,2
846,6
830,785
44,4
500,9
376,23
47,9
871,10
513,11
418,772
328,815
37,35
590,11
294,9
170,11
984,16
415,815
223,2
297,786
545,35
929,735
322,826
716,815
988,4
200,35
1010,25
349,19
991,9
628,35
574,35
618,25
981,35
29,11
359,772
412,815
414,10
90,11
967,16
985,826
1010,735
846,9
689,815
286,826
88,93
984,786
513,12
87,785
784,5
516,15
534,815
883,4
97,785
627,772
886,19
945,22
195,6
105,735
469,38
748,16
824,11
454,826
146,11
720,786
420,11
921,93
902,9
813,23
939,785
852,22
578,6
124,23
1005,815
676,785
346,9
457,10
386,22
793,27
704,5
560,826
411,735
413,826
177,785
658,1
143,12
275,786
846,16
404,35
575,9
683,11
279,11
41,1
816,680
686,4
908,6
340,11
416,38
1004,735
254,10
790,38
773,22
205,9
612,2
556,93
169,786
187,680
377,10
195,15
568,786
309,27
232,8
603,11
621,93
416,772
346,16
554,22
1010,11
661,786
78,22
850,23
889,16
374,23
411,27
322,9
929,23
359,826
125,9
713,680
967,6
303,25
633,27
301,19
375,12
949,786
622,680
911,16
937,826
183,19
627,735
228,680
836,815
356,772
432,93
488,10
566,5
824,25
255,22
455,5
665,815
995,16
442,10
464,19
500,772
353,10
174,8
800,2
1004,815
625,19
255,680
606,15
714,5
421,6
497,93
777,680
522,38
704,19
907,93
303,38
840,8
162,12
0,772
347,8
646,826
868,11
390,4
134,772
375,5
155,23
251,27
930,9
473,5
933,12
609,27
476,22
424,735
383,815
810,786
278,772
371,815
501,10
854,93
32,4
67,38
861,826
533,786
220,19
454,815
760,8
939,772
464,10
800,25
174,19
432,35
838,10
70,735
985,19
860,35
36,16
806,35
697,826
714,12
864,38
495,8
418,10
560,815
850,9
960,735
48,19
601,35
564,815
917,815
458,4
202,772
865,25
298,16
686,25
941,826
30,22
468,93
412,8
397,785
841,16
128,10
844,11
511,25
316,25
634,12
869,680
156,5
726,35
983,5
895,680
159,8
198,93
1008,772
881,10
734,35
475,786
673,680
378,4
638,16
567,12
329,19
39,2
332,8
739,5
523,772
319,786
678,735
471,8
40,735
700,680
458,15
682,786
609,786
148,93
843,35
190,5
890,10
545,10
1001,5
418,826
473,23
538,27
338,5
620,38
859,16
749,785
181,4
453,815
972,785
992,10
95,25
763,35
554,10
703,16
758,815
575,815
764,2
122,8
693,10
530,19
162,25
1008,25
989,25
937,19
646,815
616,25
707,815
597,25
483,2
656,735
730,1
237,15
662,16
24,815
594,826
538,735
351,27
227,9
817,25
31,35
983,27
549,23
625,772
438,35
204,815
518,786
613,10
539,1
192,815
135,1
746,16
71,25
971,23
147,2
1010,38
518,23
759,826
703,25
354,15
667,680
373,785
122,19
175,15
999,8
912,12
344,9
397,1
715,10
533,15
626,22
682,772
917,826
520,12
975,35
44,826
996,786
191,785
730,735
325,815
458,826
295,93
208,786
634,25
524,8
266,735
657,38
839,826
626,815
400,9
682,38
193,19
835,9
301,786
821,38
329,6
475,35
665,23
421,35
761,11
354,6
797,93
961,22
357,11
802,735
121,735
986,22
605,735
736,786
533,8
184,4
718,12
848,27
645,815
422,2
151,15
320,9
780,10
854,1
692,785
730,19
965,2
718,785
755,9
701,93
919,10
762,93
610,25
21,11
520,785
816,786
411,93
157,6
431,22
144,5
453,5
37,785
900,15
406,815
885,2
996,27
407,9
63,785
543,27
467,815
909,786
914,680
310,735
187,22
315,93
886,35
962,6
138,11
466,35
263,815
947,93
799,680
325,785
126,9
486,38
716,25
55,23
592,23
24,772
370,16
498,93
153,27
64,5
45,93
528,815
388,12
877,735
588,35
183,772
185,93
956,735
629,815
846,735
759,735
870,11
302,772
104,11
857,6
147,25
882,6
630,680
150,38
133,22
62,786
564,785
134,826
602,815
931,815
181,826
516,38
37,5
55,785
1011,16
645,785
57,772
83,772
671,785
913,22
75,815
990,4
719,5
226,772
795,22
462,22
549,11
986,826
509,9
327,6
734,9
127,19
114,4
78,38
888,772
336,22
206,27
247,815
361,735
52,815
950,735
776,35
540,4
499,786
910,772
419,8
247,6
395,19
90,786
198,19
52,16
641,735
383,680
24,786
385,25
663,785
370,2
645,5
705,826
691,772
673,785
413,22
489,93
328,93
771,6
899,93
276,786
460,23
278,10
978,11
796,6
632,11
339,8
304,38
857,16
517,785
700,23
935,6
993,27
204,12
280,15
922,9
137,93
636,15
194,22
468,38
111,16
386,785
577,2
83,786
120,8
959,680
299,772
466,12
160,25
198,10
324,772
220,35
578,35
64,735
1001,735
1001,786
323,826
640,93
142,8
660,16
753,15
222,815
981,23
766,680
491,826
808,8
775,11
116,786
544,680
705,93
376,10
526,93
104,826
639,11
343,5
950,23
790,27
94,35
259,10
59,15
479,16
62,8
851,27
82,826
528,22
469,10
642,2
0,4
951,12
191,38
142,19
235,8
481,786
388,826
672,735
818,9
247,826
585,735
821,12
732,12
325,23
145,772
404,23
497,8
922,27
207,23
262,93
405,826
575,680
484,786
654,25
621,772
855,680
266,16
480,826
332,785
207,786
461,680
923,8
635,680
796,826
123,35
87,25
987,23
420,6
738,9
612,680
114,815
282,35
321,4
161,8
435,12
53,10
368,25
349,25
297,19
1000,25
547,25
843,8
952,785
41,22
648,10
461,27
44,5
614,35
390,25
229,15
673,6
177,25
505,815
880,19
441,23
244,23
886,25
317,786
390,786
837,6
657,93
399,735
734,93
862,22
109,5
683,826
902,23
119,826
689,23
998,27
63,25
928,35
232,27
124,25
396,22
142,680
893,815
506,19
75,10
717,12
917,15
756,25
831,4
575,772
29,735
671,16
29,10
638,93
693,35
967,19
201,11
552,680
957,25
668,826
445,826
229,8
428,680
636,19
784,6
947,680
17,38
825,785
516,8
536,785
402,15
612,4
405,2
760,826
444,35
970,23
951,27
973,10
63,6
874,4
912,735
72,22
823,93
346,22
457,9
186,2
386,23
316,815
732,25
201,12
510,6
130,16
645,735
594,22
976,16
757,15
527,735
128,38
560,25
541,25
724,815
745,19
319,735
230,16
624,6
824,19
517,16
868,815
82,27
121,12
838,25
196,23
532,6
492,16
113,826
687,785
942,11
954,22
439,23
976,23
647,25
41,9
408,772
979,2
423,772
375,15
288,9
930,15
515,785
91,9
129,735
318,815
355,35
338,25
726,22
988,680
591,6
846,826
295,16
995,19
578,25
245,11
300,93
744,785
486,815
39,15
332,27
495,2
153,786
208,9
100,15
779,9
853,2
646,680
745,680
31,785
840,9
411,19
446,680
492,772
572,27
312,23
386,815
459,815
647,22
539,680
775,93
375,4
180,22
933,11
511,19
457,680
920,16
973,826
885,680
462,38
501,9
563,2
377,27
859,5
514,15
382,772
993,735
151,772
371,735
924,4
356,9
564,35
196,5
14,4
729,786
754,826
576,38
371,25
795,785
961,9
357,22
196,735
783,815
436,16
165,9
497,38
408,786
905,15
816,9
743,27
251,19
895,785
17,2
36,826
56,35
718,826
20,9
128,11
274,38
320,93
391,23
413,38
307,735
71,815
330,785
788,22
257,23
204,826
517,11
406,15
650,19
304,22
485,815
1005,786
985,27
237,680
640,5
567,15
628,15
794,786
372,826
446,1
543,38
798,826
979,735
167,786
385,815
545,9
530,786
123,680
548,2
804,735
141,9
20,16
666,815
684,15
977,19
847,22
248,786
889,772
501,27
887,785
464,772
86,785
267,2
89,38
341,23
363,22
430,25
721,22
834,815
836,735
746,22
502,10
378,12
603,22
231,23
910,93
718,735
495,25
668,23
48,2
504,15
782,27
51,15
658,93
693,9
533,5
187,2
79,16
634,786
599,772
51,786
213,815
434,12
55,11
313,19
166,10
42,12
775,786
945,35
178,9
931,16
861,772
474,6
823,6
331,38
650,5
561,19
282,27
193,25
85,27
714,38
825,25
971,22
996,22
320,735
465,23
763,735
305,27
530,11
839,23
750,93
861,38
937,27
276,25
187,27
761,772
740,19
101,12
102,735
656,2
158,93
730,9
854,15
752,22
770,22
437,10
20,38
153,8
617,38
527,12
514,19
18,12
788,35
292,8
203,8
1005,2
312,785
474,1
900,772
600,25
157,12
231,5
638,735
179,35
141,680
381,35
327,785
899,826
419,785
133,35
761,10
801,25
175,23
530,2
589,772
272,680
942,826
962,12
854,6
583,11
876,23
508,25
570,12
972,680
277,15
351,8
743,826
709,12
86,826
74,786
92,2
610,22
520,786
630,93
427,815
265,19
378,25
968,25
624,785
515,25
401,38
882,12
442,826
974,19
740,772
872,10
429,27
823,826
537,815
737,10
915,22
184,12
166,826
465,772
669,27
173,22
138,8
190,38
212,23
372,27
490,772
508,16
881,93
456,22
681,8
556,38
522,815
795,16
265,785
291,785
699,35
111,815
663,25
496,12
295,35
314,15
685,12
539,23
134,680
635,27
653,35
746,10
860,22
897,4
58,735
935,19
885,10
318,19
818,680
194,5
930,826
783,785
293,772
184,19
311,16
848,10
1011,19
354,786
777,2
558,19
727,680
798,680
13,27
287,27
720,826
916,6
719,4
830,25
617,25
191,10
