782,785
198,786
813,826
117,8
1003,27
290,15
419,772
58,19
332,35
293,2
61,38
690,35
437,680
901,25
962,25
483,38
456,4
330,735
901,772
260,38
212,735
46,786
31,15
877,27
756,6
593,25
244,680
7,22
799,10
488,772
512,1
857,23
897,22
556,826
244,735
280,16
44,25
621,785
267,826
587,27
694,680
18,786
292,735
205,735
688,12
154,815
62,6
28,772
582,680
435,826
147,772
114,826
617,11
28,1
781,8
546,25
327,680
953,9
900,93
741,735
546,786
231,38
654,786
952,772
163,680
77,786
500,5
83,23
379,22
269,11
87,772
343,4
576,815
479,19
852,735
191,826
731,785
951,15
1009,12
916,19
867,772
99,4
263,9
595,10
235,11
695,10
164,5
697,786
769,826
793,6
463,11
103,16
1006,9
899,772
537,9
683,38
404,16
924,772
118,2
318,15
814,735
500,12
784,9
587,9
81,22
923,11
615,10
483,93
691,23
859,35
344,735
272,785
494,10
938,11
973,23
813,35
814,772
321,27
88,826
568,4
53,9
164,12
919,826
189,4
300,9
671,735
103,9
512,22
952,786
754,25
846,4
648,11
982,9
713,772
163,93
56,1
329,680
883,772
882,772
790,815
940,786
652,772
82,38
999,735
359,11
72,16
346,12
571,22
482,9
100,19
29,9
179,27
754,16
882,93
744,6
880,11
898,19
590,16
169,815
294,6
701,19
685,772
156,35
195,8
160,38
587,826
396,785
309,16
691,735
892,785
824,786
72,23
662,785
831,12
483,735
137,16
562,93
214,6
507,8
52,786
54,10
221,826
917,786
439,25
633,16
279,5
924,785
448,15
251,15
362,6
415,16
215,680
458,786
590,27
437,35
113,735
958,16
631,815
377,8
748,9
380,19
427,735
229,786
301,826
139,35
92,815
917,16
295,785
889,22
482,27
1000,15
137,25
214,25
769,25
112,4
241,93
350,2
797,22
548,22
17,23
59,35
684,35
723,8
121,785
220,22
664,15
591,1
186,735
353,8
852,38
598,93
582,785
199,2
143,785
153,785
596,35
544,25
176,35
604,35
397,27
550,35
917,735
865,6
369,25
101,23
890,6
965,35
307,680
822,25
698,27
80,680
82,785
156,8
32,6
267,23
896,10
934,27
96,35
171,6
998,4
85,15
529,6
103,815
966,93
927,8
825,5
715,735
457,35
978,826
650,786
335,6
322,25
954,25
830,826
979,19
340,735
434,27
770,10
916,93
131,9
373,38
674,27
217,23
1005,22
400,38
788,23
129,35
352,826
406,12
378,2
231,25
307,2
381,23
144,27
736,10
533,735
61,15
668,25
389,93
264,826
690,10
544,23
322,16
693,15
471,10
666,35
890,8
981,772
126,19
326,12
455,680
974,680
426,735
560,6
119,16
14,786
845,27
973,38
884,10
132,23
395,786
431,5
325,93
825,23
739,12
776,2
650,772
151,735
233,9
234,815
878,12
589,785
433,815
529,786
656,12
17,680
695,735
811,680
153,6
371,772
18,735
353,735
100,93
542,12
838,680
231,15
489,15
144,9
971,9
420,785
665,12
920,772
579,9
961,19
211,35
175,9
51,23
416,680
718,11
956,786
730,22
487,786
348,15
313,27
264,6
817,16
620,22
894,6
203,11
477,680
685,25
243,826
160,785
512,38
897,9
515,19
60,826
405,786
975,815
98,772
305,19
412,785
197,5
825,735
777,23
616,9
580,23
49,22
583,10
855,826
694,11
894,772
164,735
74,22
494,93
630,35
120,680
249,4
31,19
782,772
807,772
956,15
421,815
774,2
905,735
708,735
675,4
736,22
876,786
918,38
684,93
59,680
962,4
858,815
765,6
783,22
732,735
252,785
592,9
3,23
191,12
780,735
928,11
488,93
731,11
255,35
327,11
554,93
406,35
978,23
561,5
502,23
160,815
33,23
105,815
812,735
614,2
980,680
429,19
358,785
694,735
737,2
98,19
760,786
247,11
358,10
802,11
967,786
168,93
350,735
299,15
373,12
302,8
1000,826
531,680
125,785
336,8
635,19
339,5
748,786
932,22
36,35
789,38
293,1
722,11
44,35
83,8
562,23
654,10
145,10
330,6
702,680
410,772
982,93
969,786
966,785
99,25
617,1
1001,815
988,35
551,786
536,25
438,4
21,735
176,19
361,25
175,815
910,8
253,27
182,25
648,23
651,2
307,815
469,772
143,93
972,11
495,772
24,22
633,680
81,27
444,25
762,12
120,10
284,5
52,25
879,25
223,16
830,8
553,786
550,785
953,8
867,5
117,25
336,6
138,772
801,826
164,772
550,10
182,16
130,10
668,815
957,12
758,786
354,35
337,25
376,12
105,5
858,6
750,8
145,4
256,1
934,772
426,772
959,772
926,2
598,826
748,38
986,735
605,22
96,10
630,6
79,772
226,815
282,38
47,815
139,6
50,10
487,35
753,6
806,8
326,680
721,93
796,22
874,786
485,25
929,8
658,19
90,4
608,4
510,19
41,19
540,19
133,8
376,19
516,4
592,93
97,772
352,12
563,35
926,5
528,15
837,27
410,785
106,23
803,785
398,23
185,23
331,16
494,11
870,93
232,22
677,786
533,680
272,23
75,23
349,23
831,25
1000,27
892,25
140,22
103,8
234,735
843,10
679,815
866,786
797,735
513,8
969,11
898,25
811,815
691,680
926,12
31,93
976,680
188,35
852,10
763,10
356,23
927,23
396,16
695,27
953,35
109,735
293,93
756,27
557,22
188,735
831,6
190,815
1000,2
892,16
531,826
697,38
115,2
868,25
251,9
911,15
880,12
679,35
699,826
898,16
775,826
392,11
319,5
637,10
396,786
149,11
1000,772
828,10
618,15
599,35
525,38
929,19
507,11
967,10
953,815
54,11
236,16
458,22
683,12
812,680
852,826
409,93
66,6
202,19
129,785
183,23
810,815
316,15
7,735
32,9
748,10
948,15
255,735
588,22
553,12
241,815
257,2
631,735
171,11
653,25
128,785
936,19
186,11
739,19
261,22
742,12
942,9
653,735
433,15
571,826
143,22
366,735
239,2
921,735
331,680
728,772
1004,4
180,9
109,93
662,11
883,23
424,16
42,22
723,11
498,11
649,6
428,815
674,6
489,815
810,19
442,9
206,38
995,680
464,22
985,15
625,16
211,6
29,19
395,680
985,786
819,826
582,11
239,11
844,786
311,35
574,785
213,786
220,785
595,93
498,2
560,9
192,19
798,23
896,11
292,22
664,23
57,1
41,786
420,35
832,35
760,11
51,735
489,27
371,27
961,15
690,16
211,15
729,27
401,826
471,12
221,772
974,93
26,786
300,815
728,786
641,826
497,735
576,785
758,9
706,35
89,35
821,786
487,680
304,8
900,22
96,735
667,735
172,23
51,8
839,35
491,772
384,15
992,815
369,10
387,10
647,6
622,15
434,19
128,4
737,93
424,5
847,16
890,786
674,19
70,6
896,25
823,11
327,38
331,35
21,680
427,826
542,10
135,5
85,16
547,93
107,15
825,22
329,25
495,27
853,27
999,12
715,22
471,2
58,680
367,93
520,8
645,826
209,23
693,786
876,35
880,38
75,772
294,93
205,35
866,9
42,10
939,735
617,35
191,16
926,93
604,815
879,680
219,772
111,786
114,680
206,2
425,19
282,25
85,25
110,19
971,8
491,680
169,22
351,826
742,35
925,12
357,15
86,8
912,15
197,27
915,10
382,25
1008,19
1007,815
829,27
890,27
191,786
622,25
952,5
554,786
115,815
521,16
620,23
363,6
992,27
403,9
40,35
774,8
114,22
635,15
431,10
821,35
144,1
698,680
329,11
517,826
789,10
971,1
431,785
142,785
626,12
970,772
170,38
560,93
996,772
872,735
984,35
323,9
287,23
938,35
153,23
941,22
742,772
980,23
319,93
598,25
285,93
842,16
832,6
336,27
117,4
635,4
564,8
857,2
747,815
345,680
551,680
271,15
515,27
773,772
902,680
63,786
946,815
504,38
429,25
305,11
639,16
24,2
262,12
299,786
162,826
490,735
255,93
592,10
60,93
887,93
546,10
931,9
507,785
218,785
682,23
665,680
99,785
425,6
907,16
46,11
672,1
198,680
882,5
757,93
885,8
498,826
922,2
690,38
503,15
416,9
24,9
614,772
740,10
466,25
358,11
13,25
324,785
423,16
907,786
74,735
496,5
371,93
801,815
895,27
932,23
515,9
204,16
775,22
298,93
852,785
761,35
651,12
193,735
964,93
222,9
24,16
812,25
151,23
762,2
64,785
670,785
358,2
52,19
642,15
18,680
716,10
481,2
302,16
729,735
142,4
682,25
438,5
312,815
958,785
154,11
816,826
178,735
839,93
550,16
775,15
44,27
282,826
910,786
269,16
343,9
700,815
387,93
975,9
392,16
691,11
709,93
714,735
343,772
604,735
420,19
645,11
423,6
581,19
698,785
753,12
978,1
463,12
124,772
537,6
516,785
361,772
94,38
441,10
195,23
68,815
553,23
96,11
222,735
260,22
377,680
506,12
986,786
914,23
189,9
796,23
300,12
781,826
910,27
531,815
876,735
90,5
537,15
648,6
957,4
902,826
942,680
503,19
676,9
750,16
441,19
994,11
760,815
541,11
847,815
459,38
1012,16
648,815
803,23
677,785
1008,680
275,5
850,38
816,815
340,772
90,12
368,785
240,38
475,23
993,35
149,815
614,38
376,27
1001,35
360,735
969,10
256,16
94,16
923,2
392,5
652,9
195,5
514,38
642,19
824,8
220,11
260,4
136,10
924,35
778,12
323,786
359,5
307,35
435,22
75,15
368,19
704,2
888,735
411,1
1006,25
275,785
184,826
982,6
177,23
486,27
251,8
822,10
216,22
1004,23
664,735
402,10
790,35
205,12
498,22
408,680
834,9
192,15
945,10
106,6
161,772
346,735
242,19
506,25
1010,12
275,19
297,2
939,8
742,10
137,22
907,35
322,10
235,826
622,826
552,93
439,27
350,25
633,22
523,19
47,27
102,772
982,25
858,27
880,4
402,5
316,8
522,786
634,680
245,772
541,22
784,826
217,2
859,8
677,1
474,38
464,16
835,35
800,15
265,815
238,38
954,735
368,1
421,25
795,772
500,680
411,680
446,19
661,25
437,815
536,680
224,826
779,735
597,1
247,93
300,826
50,785
269,38
822,4
76,785
192,680
483,785
869,23
319,10
509,93
71,826
168,22
810,16
135,25
304,27
285,23
640,10
492,10
864,35
828,25
186,19
578,785
482,16
544,27
100,10
767,4
769,16
164,815
607,16
647,19
79,6
66,25
397,735
698,25
453,680
844,8
202,2
202,735
869,16
227,22
391,27
1002,38
178,27
161,815
896,12
292,23
899,9
684,785
82,8
263,93
746,35
48,786
625,8
26,22
799,826
357,19
122,2
141,786
715,27
436,19
276,15
829,15
369,16
940,22
190,6
871,35
28,735
656,16
237,25
847,735
634,8
338,6
909,8
894,19
859,680
107,786
270,9
57,9
847,785
168,4
613,4
135,15
393,15
85,22
748,826
339,93
270,786
107,9
418,1
736,12
310,19
110,6
60,815
335,9
690,8
13,735
233,6
163,815
898,93
437,826
238,735
138,19
321,785
583,25
128,5
847,19
684,10
687,15
637,38
452,9
845,25
479,815
650,25
231,16
453,22
258,4
261,9
671,680
391,815
51,16
604,10
695,680
347,19
369,2
520,9
372,9
780,16
693,785
398,93
274,23
738,93
77,23
24,93
388,19
941,35
194,680
391,6
86,815
929,785
142,38
400,22
721,12
41,772
978,735
850,680
637,826
67,772
302,93
231,9
878,735
185,772
421,38
921,786
80,35
974,4
354,11
761,6
877,786
986,11
549,826
533,11
616,4
409,10
483,15
339,786
854,2
984,93
583,15
569,735
718,786
313,25
521,23
351,12
210,38
856,23
67,6
820,5
748,93
623,5
18,11
474,12
425,27
650,11
724,22
193,23
361,35
144,2
897,15
110,27
419,786
576,5
885,5
614,22
618,93
175,16
675,772
1008,11
761,786
212,11
284,35
583,4
695,815
594,735
3,16
188,12
980,16
102,19
563,735
657,19
839,815
644,815
793,38
690,93
488,786
734,772
326,785
401,27
759,772
761,16
283,27
158,35
639,19
915,27
129,815
937,10
320,4
505,8
879,12
755,735
304,93
380,680
695,35
291,786
239,680
438,8
759,6
117,12
232,826
710,19
859,826
625,38
92,785
808,23
550,680
184,785
480,786
651,22
283,16
175,38
34,12
269,680
454,27
934,785
790,10
24,10
944,785
62,27
670,815
123,27
711,815
160,15
472,785
783,25
74,6
534,15
101,815
373,735
618,826
235,25
978,12
724,35
228,8
870,6
290,10
182,4
475,10
736,38
98,815
924,826
409,680
407,27
527,826
360,815
950,25
519,12
279,93
340,93
198,23
0,10
404,815
849,27
997,680
210,10
232,35
213,15
432,16
324,6
56,785
236,826
771,10
682,6
989,735
644,772
225,4
890,680
339,12
290,5
201,19
808,5
293,8
58,25
651,4
562,12
944,10
83,19
747,8
362,38
552,10
271,735
256,12
898,10
294,25
739,786
975,8
62,5
559,772
980,815
52,27
716,2
645,10
3,12
385,22
848,735
854,826
728,5
432,23
840,735
164,25
991,25
756,8
463,15
512,27
179,9
895,8
932,6
436,35
73,815
1006,5
993,16
957,10
540,22
794,35
318,11
653,785
861,25
934,826
294,16
245,815
306,15
534,16
420,27
77,38
50,8
879,815
456,826
953,23
310,35
883,680
292,93
522,4
575,786
374,12
818,5
250,22
821,8
90,2
967,25
917,772
365,786
575,25
44,10
407,38
797,15
155,9
191,735
908,22
360,772
516,6
57,735
777,35
541,10
427,35
713,11
309,11
241,826
789,785
494,9
862,19
756,785
188,38
902,16
728,19
526,785
546,38
581,4
196,38
917,2
481,815
65,19
50,735
967,22
806,826
37,93
633,11
188,772
83,38
281,772
982,12
730,93
216,16
306,772
973,786
719,680
561,826
834,15
450,772
109,1
473,93
578,8
78,772
136,11
121,6
375,680
754,786
889,9
546,826
618,2
30,826
414,15
807,27
935,38
686,6
135,772
891,785
908,4
216,23
451,6
750,35
128,35
1007,5
238,680
901,680
294,5
205,11
243,735
637,8
159,19
380,23
588,25
146,4
517,19
352,785
738,23
60,15
334,15
66,815
692,15
34,772
199,9
867,35
631,10
371,6
322,11
967,4
954,11
779,786
69,9
822,2
458,785
809,15
973,772
745,23
319,12
531,35
539,35
260,11
813,11
119,772
689,5
103,826
729,772
985,4
535,23
297,10
425,93
889,27
482,22
190,735
502,93
873,772
544,5
806,815
642,772
754,1
387,25
567,680
491,93
168,786
649,4
889,680
119,6
726,735
267,19
377,22
32,2
219,826
42,785
960,19
289,680
469,735
39,11
702,772
172,35
942,22
30,815
845,772
865,27
918,15
905,10
448,16
340,38
490,826
215,12
844,9
348,38
536,735
1007,16
834,19
427,4
999,826
32,25
822,785
217,19
591,11
295,5
776,786
82,9
445,35
835,16
378,6
714,9
755,786
241,680
661,815
441,785
776,23
524,826
289,786
55,826
793,815
167,785
583,35
141,12
128,15
609,23
662,27
958,8
743,786
373,35
563,15
203,25
835,25
196,8
789,680
900,16
956,680
405,772
465,25
820,786
197,23
162,27
73,25
273,4
607,1
239,27
544,815
482,735
411,815
619,2
111,93
591,786
77,680
775,785
795,8
579,826
212,772
817,27
454,786
788,25
292,6
992,15
384,815
721,10
683,735
613,12
849,93
650,6
600,15
670,93
428,19
677,815
218,4
182,38
882,680
665,8
131,785
668,19
275,826
372,10
707,735
707,786
656,15
412,27
659,10
645,35
116,23
869,10
889,785
264,2
178,5
983,22
699,16
203,23
832,10
561,23
724,8
268,22
396,35
150,22
354,8
812,826
197,25
604,2
715,1
986,8
848,25
829,25
422,12
558,2
905,38
669,5
930,38
659,19
348,10
169,680
938,38
919,8
691,815
484,23
674,35
324,35
327,22
610,27
682,35
366,23
336,38
482,93
871,815
124,93
218,22
589,5
475,38
329,9
811,23
117,772
279,826
945,826
305,16
287,735
73,12
184,9
848,16
244,35
248,38
565,93
89,826
0,38
456,19
681,11
3,19
462,9
941,735
823,735
203,5
956,10
132,15
635,6
799,27
33,19
566,680
182,11
993,11
974,23
703,10
118,35
394,11
31,680
311,23
76,38
274,772
409,27
212,19
123,5
987,9
311,786
592,12
792,9
403,786
210,25
781,25
92,680
597,785
190,772
857,9
450,4
401,19
611,22
333,772
562,27
434,93
972,16
24,11
647,93
262,5
708,93
377,93
528,38
234,11
913,9
659,38
109,35
953,735
556,25
667,38
320,785
908,772
928,5
213,5
525,786
578,93
138,785
654,772
697,6
376,1
1003,786
654,9
552,4
577,12
688,9
138,38
284,9
630,11
277,38
960,35
778,22
559,5
263,23
891,22
547,815
842,11
753,9
697,772
183,785
522,19
278,15
120,815
759,680
209,735
68,12
414,16
201,735
41,38
407,19
445,785
66,38
654,16
1002,785
602,826
552,11
385,786
480,38
479,22
975,11
854,38
837,22
84,680
263,785
198,15
642,4
491,19
719,22
632,786
928,19
793,1
460,11
386,12
961,93
300,23
154,16
618,22
710,5
910,22
492,815
182,23
130,9
993,23
350,35
44,12
562,4
321,815
673,15
195,735
254,16
865,93
686,93
29,785
802,19
198,6
879,35
790,785
455,38
738,11
1000,786
675,93
731,735
953,22
203,38
723,735
723,786
389,10
250,23
732,9
495,93
957,2
226,12
963,826
102,785
622,93
737,35
353,826
209,93
745,35
429,826
602,9
606,735
862,16
973,19
756,786
28,19
265,826
551,826
668,35
707,8
488,680
433,25
510,25
165,23
41,25
721,785
866,785
500,23
673,25
47,23
584,23
711,12
162,680
750,25
587,2
880,8
440,826
129,772
259,680
154,772
464,815
999,785
559,786
160,35
566,10
273,772
146,10
902,8
208,735
689,10
817,93
525,815
927,16
303,735
568,15
889,8
265,38
103,2
472,19
165,16
95,772
461,15
957,735
633,19
744,735
870,735
266,15
251,10
56,12
437,38
994,27
427,16
45,22
319,6
377,11
857,785
415,786
883,785
185,38
442,2
705,786
193,38
763,4
72,27
128,680
988,25
532,4
457,12
75,6
802,680
125,10
986,35
143,10
1006,38
954,8
797,25
444,826
362,2
713,826
515,815
83,826
319,15
32,12
70,25
677,15
255,23
627,22
960,680
813,10
852,27
653,22
692,23
985,11
554,16
936,22
261,19
152,772
211,2
48,27
807,8
721,772
719,785
152,9
616,35
562,35
800,826
982,22
91,12
202,25
865,772
609,4
443,785
227,19
834,25
154,785
798,19
45,8
968,826
197,680
970,735
625,786
171,5
499,93
464,9
998,1
245,22
640,12
36,23
863,23
442,785
850,8
335,5
7,93
411,22
68,93
769,22
989,8
794,22
484,826
288,5
402,680
75,786
576,680
330,93
560,12
225,735
724,826
906,735
634,15
328,11
810,25
832,38
835,19
892,826
117,815
172,27
48,9
211,16
51,4
0,785
844,772
647,10
79,9
138,22
819,11
141,11
274,35
294,38
351,19
278,785
316,23
126,785
452,12
270,15
754,735
636,786
799,38
618,680
196,9
739,11
961,5
523,826
122,11
36,735
863,735
222,38
276,16
942,735
64,826
897,785
91,19
321,93
798,4
1002,22
585,6
327,35
381,785
845,23
974,735
665,772
151,785
722,815
962,680
118,785
317,9
502,15
690,772
542,9
14,27
676,826
218,5
931,680
384,735
955,680
61,4
413,785
840,35
235,785
804,9
915,6
187,25
465,735
247,35
28,815
201,786
437,12
96,93
116,16
687,22
926,826
600,786
527,2
403,5
477,22
95,12
317,2
428,11
356,35
145,815
110,22
632,93
117,826
335,25
764,23
286,8
414,93
234,786
533,9
259,38
840,815
783,12
253,785
348,11
594,815
193,786
487,5
18,9
71,785
129,10
203,15
276,772
832,2
762,786
446,826
144,4
420,772
37,786
574,680
665,25
61,22
184,10
718,22
580,19
320,15
962,9
234,6
126,8
842,786
385,8
617,735
284,826
139,25
252,19
400,6
496,735
258,786
206,19
759,11
870,10
48,93
376,826
104,10
801,786
91,772
133,23
540,12
761,22
872,15
543,1
426,35
641,25
736,815
533,27
679,12
439,93
776,735
958,93
65,786
765,2
913,23
952,22
3,27
64,27
617,27
926,815
963,35
731,15
507,786
92,22
699,38
832,16
499,12
928,772
525,19
450,5
1003,25
440,19
243,19
540,11
467,826
601,19
503,8
471,35
419,9
310,680
24,12
837,35
876,2
456,2
457,815
320,786
941,5
373,8
673,786
302,12
768,10
117,19
762,815
981,15
446,815
160,826
342,22
164,786
91,786
758,772
775,19
360,785
527,772
34,5
269,735
37,8
1009,786
222,12
901,4
98,38
151,16
706,786
395,9
469,2
642,10
74,15
719,8
423,10
210,8
212,815
581,23
753,8
807,815
380,815
769,38
471,826
204,10
404,15
149,785
540,25
367,19
836,10
784,16
927,680
343,735
343,10
184,38
916,735
538,35
411,785
185,9
645,8
462,735
581,16
963,22
124,10
659,826
914,27
435,4
571,6
238,6
991,27
756,10
546,815
512,680
253,16
364,680
312,680
204,1
540,16
562,5
174,786
512,786
861,23
293,826
81,16
541,15
724,785
531,9
821,815
163,35
591,35
538,93
521,35
232,19
359,16
74,826
510,786
646,16
389,9
983,735
658,15
967,27
661,2
846,6
830,785
44,4
376,23
47,9
871,10
513,11
328,815
37,35
590,11
294,9
984,16
415,815
223,2
297,786
929,735
322,826
716,815
988,4
1010,25
349,19
991,9
628,35
618,25
981,35
29,11
359,772
985,826
414,10
90,11
967,16
846,9
689,815
286,826
784,5
88,93
513,12
87,785
516,15
883,4
97,785
627,772
886,19
195,6
105,735
469,38
748,16
454,826
146,11
720,786
420,11
902,9
813,23
939,785
852,22
124,23
1005,815
676,785
346,9
386,22
793,27
704,5
560,826
413,826
177,785
658,1
143,12
846,16
41,1
404,35
575,9
686,4
683,11
816,680
908,6
416,38
1004,735
254,10
790,38
556,93
205,9
612,2
169,786
377,10
195,15
568,786
309,27
603,11
621,93
416,772
346,16
1010,11
661,786
78,22
850,23
374,23
411,27
322,9
929,23
303,25
125,9
713,680
967,6
301,19
375,12
949,786
622,680
937,826
183,19
627,735
228,680
356,772
432,93
488,10
566,5
255,22
455,5
665,815
353,10
995,16
464,19
500,772
174,8
1004,815
625,19
255,680
606,15
421,6
497,93
777,680
522,38
907,93
303,38
840,8
162,12
347,8
646,826
868,11
155,23
390,4
375,5
251,27
930,9
933,12
609,27
476,22
424,735
810,786
278,772
371,815
501,10
67,38
32,4
454,815
861,826
533,786
760,8
939,772
464,10
174,19
432,35
838,10
70,735
860,35
36,16
418,10
864,38
806,35
697,826
495,8
960,735
560,815
48,19
601,35
564,815
458,4
202,772
865,25
298,16
941,826
30,22
468,93
412,8
841,16
128,10
844,11
511,25
634,12
869,680
156,5
726,35
895,680
159,8
198,93
1008,772
734,35
475,786
673,680
378,4
567,12
329,19
39,2
332,8
523,772
319,786
678,735
843,35
471,8
700,680
458,15
682,786
609,786
190,5
890,10
545,10
418,826
473,23
538,27
338,5
859,16
749,785
181,4
453,815
992,10
95,25
763,35
554,10
758,815
575,815
764,2
122,8
530,19
162,25
1008,25
989,25
646,815
616,25
707,815
597,25
656,735
730,1
237,15
662,16
594,826
538,735
351,27
227,9
31,35
983,27
549,23
625,772
204,815
518,786
613,10
539,1
135,1
746,16
71,25
971,23
1010,38
518,23
759,826
703,25
667,680
373,785
263,680
122,19
175,15
912,12
344,9
397,1
715,10
626,22
917,826
682,772
520,12
44,826
996,786
191,785
730,735
458,826
295,93
208,786
634,25
266,735
657,38
839,826
626,815
682,38
193,19
835,9
301,786
329,6
475,35
665,23
421,35
354,6
961,22
797,93
121,735
357,11
986,22
605,735
736,786
184,4
718,12
848,27
645,815
151,15
320,9
780,10
854,1
730,19
965,2
718,785
755,9
919,10
762,93
610,25
21,11
816,786
411,93
157,6
431,22
453,5
37,785
900,15
406,815
996,27
407,9
63,785
543,27
909,786
914,680
310,735
187,22
886,35
962,6
799,680
138,11
466,35
947,93
325,785
126,9
716,25
55,23
592,23
24,772
498,93
388,12
153,27
64,5
45,93
877,735
588,35
183,772
956,735
629,815
846,735
759,735
302,772
104,11
857,6
147,25
630,680
150,38
133,22
134,826
62,786
602,815
931,815
181,826
37,5
55,785
1011,16
645,785
83,772
671,785
913,22
75,815
719,5
226,772
795,22
462,22
986,826
509,9
327,6
734,9
114,4
78,38
888,772
336,22
247,815
361,735
52,815
950,735
499,786
540,4
910,772
419,8
395,19
90,786
198,19
52,16
383,680
645,5
24,786
385,25
705,826
663,785
691,772
673,785
489,93
328,93
771,6
899,93
460,23
278,10
978,11
796,6
339,8
304,38
857,16
517,785
935,6
993,27
204,12
280,15
137,93
636,15
194,22
468,38
386,785
577,2
83,786
120,8
299,772
466,12
160,25
198,10
220,35
578,35
64,735
1001,735
323,826
640,93
142,8
660,16
222,815
981,23
766,680
491,826
775,11
116,786
544,680
705,93
104,826
526,93
639,11
343,5
790,27
94,35
259,10
59,15
62,8
851,27
82,826
528,22
642,2
0,4
951,12
191,38
235,8
481,786
388,826
247,826
585,735
672,735
821,12
732,12
145,772
404,23
497,8
405,826
575,680
262,93
922,27
480,826
266,16
621,772
484,786
855,680
207,786
461,680
923,8
635,680
123,35
87,25
987,23
420,6
612,680
114,815
282,35
321,4
435,12
53,10
368,25
349,25
1000,25
547,25
843,8
952,785
648,10
461,27
44,5
614,35
229,15
673,6
177,25
505,815
441,23
244,23
886,25
317,786
837,6
657,93
109,5
399,735
734,93
683,826
902,23
119,826
63,25
998,27
928,35
893,815
232,27
396,22
142,680
506,19
717,12
917,15
756,25
831,4
29,735
671,16
29,10
638,93
967,19
201,11
552,680
957,25
445,826
229,8
428,680
947,680
636,19
17,38
825,785
516,8
402,15
612,4
405,2
760,826
970,23
951,27
973,10
63,6
912,735
72,22
823,93
346,22
186,2
386,23
316,815
732,25
510,6
130,16
757,15
645,735
594,22
527,735
128,38
560,25
724,815
745,19
319,735
230,16
824,19
517,16
868,815
82,27
838,25
196,23
532,6
492,16
687,785
942,11
954,22
41,9
439,23
647,25
408,772
979,2
375,15
288,9
930,15
515,785
129,735
318,815
355,35
338,25
988,680
591,6
846,826
295,16
578,25
245,11
300,93
744,785
39,15
332,27
495,2
646,680
153,786
100,15
779,9
853,2
411,19
446,680
31,785
840,9
572,27
312,23
539,680
386,815
459,815
775,93
375,4
180,22
511,19
457,680
920,16
973,826
462,38
501,9
563,2
377,27
514,15
382,772
993,735
151,772
924,4
356,9
564,35
729,786
196,5
754,826
576,38
371,25
961,9
357,22
196,735
783,815
165,9
497,38
408,786
905,15
743,27
251,19
895,785
17,2
56,35
718,826
20,9
128,11
320,93
391,23
413,38
307,735
788,22
330,785
257,23
204,826
406,15
650,19
304,22
985,27
640,5
485,815
237,680
567,15
794,786
979,735
372,826
446,1
543,38
167,786
385,815
545,9
123,680
548,2
804,735
141,9
666,815
684,15
977,19
847,22
889,772
501,27
887,785
464,772
267,2
341,23
89,38
363,22
721,22
834,815
836,735
746,22
378,12
603,22
231,23
910,93
495,25
668,23
48,2
504,15
51,15
658,93
693,9
533,5
79,16
634,786
599,772
51,786
434,12
55,11
313,19
166,10
775,786
945,35
178,9
931,16
823,6
474,6
331,38
650,5
282,27
193,25
85,27
714,38
971,22
996,22
320,735
465,23
305,27
530,11
839,23
750,93
937,27
276,25
187,27
761,772
101,12
854,15
102,735
656,2
158,93
752,22
770,22
437,10
153,8
617,38
527,12
514,19
1005,2
788,35
474,1
292,8
203,8
900,772
600,25
157,12
638,735
179,35
141,680
381,35
899,826
419,785
133,35
761,10
175,23
530,2
589,772
272,680
962,12
854,6
583,11
876,23
570,12
972,680
277,15
351,8
709,12
86,826
74,786
92,2
520,786
630,93
427,815
265,19
968,25
624,785
515,25
401,38
442,826
974,19
740,772
872,10
823,826
537,815
737,10
915,22
166,826
465,772
190,38
372,27
669,27
212,23
173,22
490,772
881,93
456,22
681,8
556,38
795,16
265,785
291,785
699,35
663,25
496,12
539,23
295,35
314,15
134,680
635,27
653,35
860,22
897,4
58,735
935,19
318,19
818,680
194,5
930,826
293,772
184,19
311,16
848,10
354,786
777,2
558,19
727,680
13,27
287,27
720,826
916,6
830,25
617,25
191,10
