620,2
31,6
731,1
842,4
92,16
327,1
314,22
425,9
154,2
46,12
586,1
808,27
401,16
811,6
540,5
922,15
725,15
944,16
836,6
712,12
69,38
73,35
219,12
444,1
355,19
762,4
247,1
926,19
841,38
508,38
605,5
645,4
102,1
874,38
657,1
660,10
571,10
399,38
403,35
574,5
632,12
278,11
463,5
638,38
364,1
808,2
761,38
376,4
429,6
565,4
416,5
676,25
219,5
898,15
790,1
148,15
259,4
173,1
284,4
948,35
126,35
398,4
383,5
481,5
210,6
728,2
855,1
966,12
435,1
682,2
349,6
867,2
278,2
759,16
68,15
821,2
179,4
290,1
182,19
775,10
814,35
454,9
898,6
519,1
244,2
120,16
466,4
984,4
309,5
383,2
827,5
719,19
849,16
1012,15
617,12
124,4
509,19
991,5
314,35
278,5
7,4
250,11
892,1
932,2
130,4
957,6
44,15
747,5
269,4
787,4
219,19
898,1
590,6
790,19
701,1
847,38
244,9
84,5
726,11
655,5
380,6
951,4
185,16
136,1
263,6
963,1
603,38
346,5
806,2
238,15
917,5
628,38
386,2
904,6
707,4
929,2
621,1
414,1
201,1
118,5
969,4
291,16
516,2
883,1
994,4
81,15
244,16
479,1
84,12
528,5
726,2
306,2
531,16
824,6
109,4
491,2
627,4
827,19
223,12
121,1
484,35
692,5
766,4
842,35
806,5
646,9
78,10
297,27
889,4
870,38
485,12
929,27
658,4
143,1
661,9
387,38
226,2
279,12
448,8
451,5
365,2
809,1
405,1
726,5
655,11
417,6
257,10
149,12
442,6
902,15
260,1
578,4
791,6
581,9
874,5
717,4
368,8
942,1
729,1
572,6
647,35
118,23
337,6
982,27
177,10
216,27
711,6
1007,1
538,5
430,2
488,5
331,4
442,1
902,6
171,8
887,11
121,19
874,12
692,11
803,8
470,4
199,5
399,8
495,4
557,9
297,5
100,1
907,38
671,1
582,19
507,1
976,8
526,1
251,4
930,12
1004,11
415,25
698,16
55,38
192,27
84,25
945,6
159,4
588,12
788,1
171,1
282,4
800,4
85,6
727,12
603,2
985,8
988,19
643,5
917,25
557,2
137,2
853,1
729,19
507,6
236,5
54,4
276,6
918,8
794,10
79,4
298,23
708,1
177,4
584,15
288,1
202,4
755,38
42,16
498,5
363,27
970,1
517,1
884,4
477,15
995,27
353,1
800,27
727,5
196,6
643,10
628,1
208,1
26,8
903,19
137,11
122,4
162,5
572,19
976,6
890,1
708,8
619,8
101,16
17,1
844,5
662,4
573,12
847,8
42,27
388,35
338,8
377,35
896,1
810,4
295,1
650,16
82,5
282,22
121,38
727,2
949,4
971,27
863,25
150,1
961,1
779,6
122,15
878,5
607,4
829,10
940,19
819,12
730,4
412,1
215,1
455,93
958,12
869,4
881,1
959,23
428,16
600,12
799,35
625,4
532,27
110,11
736,1
332,1
97,22
61,8
668,16
690,5
504,16
344,4
986,2
555,27
79,19
545,1
619,6
1001,12
508,4
291,35
274,25
449,5
252,1
289,9
487,16
934,12
403,1
43,38
835,2
949,22
678,1
147,4
863,15
172,4
543,23
490,22
219,35
493,11
311,4
98,6
298,11
940,1
409,4
173,35
743,1
323,1
398,38
952,4
755,2
687,19
598,1
709,2
784,786
585,12
289,2
1005,1
92,4
206,4
959,5
835,11
502,5
342,9
71,16
860,1
329,4
900,2
518,12
243,1
354,4
912,5
419,23
384,19
493,4
98,1
151,9
209,2
669,1
780,4
505,1
323,6
52,5
274,11
955,22
919,4
706,6
709,11
360,1
230,38
931,1
366,27
403,15
314,5
672,9
71,9
897,2
440,8
811,11
61,19
996,5
814,4
601,6
839,4
971,826
629,11
24,1
851,1
965,9
52,12
805,5
274,2
755,16
77,4
795,19
706,1
598,19
817,2
620,4
931,6
314,12
46,10
857,4
968,1
253,9
71,6
364,12
882,4
240,2
846,38
814,15
379,2
626,1
419,5
848,11
777,1
851,6
669,19
558,16
113,35
277,16
99,16
334,35
941,9
484,1
546,4
1002,9
842,5
660,12
881,38
496,4
314,23
632,6
43,2
425,8
910,1
253,2
497,27
648,16
797,38
318,27
429,12
503,5
490,10
148,1
975,1
577,15
558,27
762,5
212,38
160,4
469,6
987,2
3,5
830,1
484,8
102,6
213,1
324,4
349,12
167,5
371,35
117,16
463,4
599,6
250,6
68,1
475,1
80,4
133,6
722,2
725,23
376,5
429,5
416,6
861,2
219,4
330,1
294,27
901,1
244,4
580,11
160,27
534,27
383,4
385,16
1012,1
888,15
245,35
617,10
139,1
506,4
53,6
571,2
679,680
40,5
167,2
759,19
250,1
892,11
821,1
697,19
401,1
404,10
315,10
133,15
833,6
47,4
565,12
69,23
269,10
308,27
170,4
134,38
466,5
309,4
827,4
938,1
1012,8
887,38
689,27
410,19
321,1
124,5
731,23
768,27
966,4
643,35
238,5
593,10
991,4
46,38
472,2
661,6
130,5
957,5
725,25
747,4
69,16
454,1
365,15
402,27
441,12
886,4
244,10
355,9
84,6
655,4
87,27
417,11
491,12
96,1
667,1
263,1
874,16
346,2
917,4
522,1
596,8
411,9
547,27
929,1
1003,6
337,11
673,4
158,11
69,25
587,1
787,12
183,1
994,5
281,9
528,6
195,2
837,4
452,38
417,12
491,5
553,2
92,93
455,27
810,38
149,2
242,27
813,27
334,6
445,1
963,9
874,27
692,6
124,27
568,12
949,38
914,8
200,38
399,5
939,16
208,38
704,1
482,6
618,4
103,1
214,12
661,8
312,4
279,15
337,12
155,5
448,9
908,10
982,1
513,1
698,15
365,1
476,4
479,9
624,1
417,5
328,19
455,16
627,12
738,25
477,35
791,1
874,2
232,4
695,16
399,2
700,93
368,9
646,1
482,1
140,4
436,5
384,35
239,5
523,16
337,5
177,9
340,22
291,1
723,2
134,2
119,15
488,6
566,1
973,1
60,4
445,19
356,5
927,5
803,11
199,4
399,11
828,1
97,9
631,1
408,1
278,38
211,1
582,16
840,4
436,12
510,15
807,15
76,27
41,15
683,5
976,9
409,38
597,2
708,27
893,1
288,11
783,38
473,1
847,5
134,5
541,16
997,35
217,4
328,1
899,1
791,23
760,4
334,27
813,6
282,5
998,2
800,5
529,12
603,5
927,2
399,16
643,4
1010,1
557,1
904,35
964,5
989,11
918,9
594,6
905,4
248,1
708,2
375,6
288,2
930,4
733,6
113,19
720,5
847,2
674,1
159,12
270,1
328,8
591,9
149,38
442,16
884,5
998,5
467,8
432,38
727,4
806,38
39,6
169,35
739,1
150,15
26,9
335,1
782,15
569,15
594,1
387,5
705,2
301,2
708,9
66,19
893,19
622,4
473,19
844,6
20,11
338,9
726,38
856,1
267,15
788,16
881,15
255,1
810,5
934,19
464,4
282,23
600,6
835,23
749,16
307,5
110,1
150,6
261,1
569,16
273,6
298,6
372,1
943,1
730,5
955,2
316,19
227,5
119,19
585,1
181,1
292,4
934,10
406,4
959,22
431,4
675,16
36,1
221,27
518,19
26,27
344,5
718,1
187,4
98,12
829,2
409,2
890,16
212,4
548,11
508,5
91,23
681,27
55,5
955,27
437,15
977,10
980,1
598,15
449,4
527,1
289,8
363,1
896,16
18,19
734,735
610,2
496,25
43,25
727,19
107,4
218,1
453,16
518,10
443,6
246,4
543,22
286,5
490,23
493,10
644,1
940,2
298,8
412,16
965,6
434,5
55,2
755,5
955,16
817,23
102,27
709,1
598,6
474,15
699,23
934,4
92,5
959,4
746,6
564,1
271,6
440,2
814,2
925,5
122,25
715,4
419,22
644,8
718,19
151,8
209,1
523,35
320,12
780,5
854,4
447,27
52,6
64,1
906,8
249,11
67,12
1002,4
487,1
314,2
672,10
799,25
710,27
431,19
342,1
897,1
240,12
440,9
518,4
243,9
996,6
814,5
543,4
601,5
108,19
490,25
1008,1
873,19
358,16
965,8
876,8
952,19
459,5
370,15
423,27
373,2
598,16
484,27
928,12
817,1
413,1
31,27
842,27
114,8
724,27
968,2
253,8
440,16
814,12
83,2
725,4
145,16
219,9
37,2
419,4
222,6
829,38
333,1
479,38
851,9
655,35
491,35
592,1
888,2
941,8
102,12
484,2
585,38
842,2
536,19
225,12
978,15
870,1
339,4
981,2
857,12
799,15
818,27
253,1
757,38
207,5
814,23
833,11
305,5
490,11
308,22
790,12
997,19
173,6
120,4
160,5
987,5
534,1
827,9
3,4
370,1
28,4
484,9
692,35
127,5
571,12
771,11
167,4
599,1
68,2
179,1
290,4
611,2
404,12
80,5
133,5
725,22
376,6
429,4
34,1
441,1
259,6
244,5
851,23
873,6
284,6
765,16
87,4
913,5
642,6
716,1
296,1
617,9
210,4
728,4
506,5
53,5
571,5
953,15
349,4
297,38
7,9
525,1
450,19
179,6
808,11
833,5
636,1
105,4
69,22
216,1
269,9
898,4
241,15
170,5
244,12
615,15
466,2
383,12
494,1
124,6
731,22
142,22
966,5
593,9
793,4
278,27
904,1
303,1
661,5
130,2
315,2
562,1
158,1
34,19
969,1
516,5
183,11
590,4
37,38
886,5
244,11
355,8
726,9
602,11
417,10
824,1
627,1
223,1
852,12
817,38
484,38
568,6
235,2
842,38
904,8
596,9
411,8
485,1
840,16
989,38
633,4
833,23
337,10
379,38
148,38
352,4
994,2
488,25
87,19
109,2
553,1
146,12
627,6
420,8
149,1
963,8
53,16
914,9
643,16
399,4
535,6
186,6
78,8
831,1
189,27
300,2
707,15
821,27
325,6
658,2
112,8
439,2
115,5
448,10
266,1
708,22
858,16
291,27
476,5
479,8
948,1
417,4
627,15
331,1
149,10
442,4
96,16
763,2
393,19
803,5
272,6
643,25
75,4
717,2
368,10
186,1
704,25
889,19
411,6
140,5
214,4
325,15
769,6
239,4
683,15
794,6
868,1
651,38
500,27
266,8
177,8
676,38
933,6
449,38
881,27
442,15
60,5
171,10
813,12
960,27
174,5
927,4
161,16
492,19
571,38
399,10
97,8
544,4
853,6
322,5
840,5
967,2
165,4
683,4
976,10
868,8
686,19
905,2
390,1
708,4
177,1
141,27
1004,5
476,27
847,4
649,5
834,27
945,4
32,1
267,16
159,6
517,6
242,5
702,2
760,5
813,5
887,2
282,2
85,4
838,23
714,1
418,15
399,19
495,15
97,1
189,38
742,4
964,6
976,1
794,8
979,12
375,1
622,2
841,19
326,16
131,2
388,38
230,1
566,16
380,35
1005,27
328,9
588,5
884,6
887,27
692,27
825,11
643,12
554,4
518,38
828,16
850,5
889,38
283,38
51,2
308,38
347,5
918,1
387,4
248,9
301,1
619,10
708,10
622,5
113,11
313,6
955,12
131,11
847,10
560,1
156,1
391,16
674,25
983,1
452,2
835,22
838,1
307,4
625,1
717,38
221,1
535,35
446,4
394,22
471,4
273,5
607,6
76,1
829,8
647,1
372,2
88,4
434,16
622,12
659,2
511,2
955,5
166,22
758,1
869,2
338,1
909,1
255,9
366,4
95,5
317,11
135,4
489,4
811,38
478,38
776,4
344,6
493,16
644,27
829,1
409,1
580,35
212,5
30,4
783,5
508,6
91,22
733,16
113,5
977,9
153,4
723,38
598,12
67,1
856,16
178,4
696,4
1005,6
289,15
92,15
663,15
921,15
317,4
561,16
946,1
749,1
329,1
147,6
999,4
530,6
184,1
493,9
1011,1
98,4
298,9
783,2
755,4
866,1
462,1
524,4
620,16
200,16
92,6
238,93
934,5
228,19
998,38
104,1
567,23
240,22
518,2
974,15
97,38
703,2
283,2
925,4
641,2
471,19
382,1
898,38
644,9
937,1
422,6
151,11
409,19
780,6
854,5
288,38
792,1
388,1
706,4
906,9
1002,5
820,12
549,5
400,4
539,19
959,12
46,1
672,11
857,1
342,6
71,11
440,10
700,6
150,35
243,8
703,11
814,10
194,9
601,4
712,1
490,6
308,1
626,4
184,15
1008,2
480,16
62,16
247,12
160,8
876,9
163,5
55,19
459,4
521,1
188,11
77,2
263,38
102,10
484,4
620,6
1002,12
127,22
129,6
496,15
114,9
225,10
78,35
154,6
46,8
799,1
675,15
342,25
882,2
293,6
811,2
83,5
379,4
490,1
308,8
219,8
183,38
148,4
259,27
558,22
851,8
262,4
247,5
345,5
755,27
955,38
595,15
64,16
410,4
623,16
663,19
574,1
685,2
499,19
154,1
43,4
981,1
342,16
478,5
833,10
836,1
429,10
305,4
69,35
468,27
490,8
308,23
219,1
848,4
173,5
691,5
469,4
491,27
827,8
224,35
1012,4
598,35
484,10
102,4
855,5
31,8
670,27
127,4
399,35
571,15
756,1
336,1
907,1
512,4
414,19
1006,2
935,2
80,6
133,4
354,38
337,38
703,38
565,1
676,4
950,16
145,1
365,27
330,15
244,6
501,38
873,5
126,38
0,1
423,1
188,16
778,16
617,8
731,16
53,4
571,4
682,1
904,27
278,1
7,8
65,1
892,5
808,12
315,12
575,16
814,38
944,1
747,1
565,10
343,1
254,19
454,12
898,5
997,4
691,19
713,2
198,1
494,6
630,4
1012,10
142,23
864,1
75,16
593,8
386,6
904,2
7,1
472,4
661,4
315,5
633,2
118,1
105,12
416,22
787,9
590,5
923,12
380,1
417,9
824,2
951,1
136,4
199,27
164,15
806,1
386,1
78,6
522,15
189,1
904,9
693,38
143,5
347,35
846,11
976,38
575,6
705,35
44,1
833,22
636,16
871,1
56,4
365,6
402,16
81,12
945,16
726,1
602,19
417,2
420,9
223,9
334,4
874,25
640,38
346,11
643,19
988,1
917,11
646,12
78,9
371,1
29,6
485,9
547,2
433,19
769,12
843,5
112,9
312,6
226,1
337,2
797,1
708,23
340,9
180,5
822,11
771,772
809,6
81,5
652,1
84,22
488,1
948,2
149,9
242,16
902,2
245,5
63,2
232,6
855,38
606,6
399,12
717,1
942,4
671,5
769,5
572,1
266,9
362,5
933,5
883,16
723,4
834,1
637,1
430,1
591,5
60,6
887,4
532,2
643,1
495,1
557,6
742,2
853,5
865,2
350,1
976,11
708,5
526,4
1004,6
237,38
563,1
674,4
159,1
588,15
517,5
242,2
760,6
334,25
813,4
763,19
467,5
529,2
310,6
917,38
150,10
26,12
312,27
458,6
276,1
115,27
794,9
976,2
686,27
594,4
323,38
733,4
131,5
847,12
745,1
84,35
230,6
338,12
452,4
328,10
245,16
467,10
640,2
625,15
678,19
399,27
643,15
97,25
243,38
261,6
347,4
918,6
577,93
794,16
890,12
708,11
819,8
288,27
622,10
17,6
313,5
573,9
351,16
687,1
896,4
699,2
168,5
477,5
995,5
464,6
600,8
653,2
378,1
949,1
332,5
150,4
61,12
280,35
48,15
175,4
233,5
394,23
804,1
490,35
384,1
76,2
187,1
298,4
138,16
141,5
128,6
166,23
573,2
955,4
869,1
634,16
598,10
67,27
252,5
70,4
896,27
181,15
881,6
1005,12
366,5
823,5
95,4
724,1
193,4
304,1
949,10
515,38
974,2
61,5
986,1
73,2
878,19
644,4
940,5
743,5
545,6
447,23
783,4
215,27
752,19
570,6
224,1
847,27
977,8
795,1
906,4
391,1
709,6
585,8
1005,5
823,2
92,8
366,12
496,27
650,1
600,22
157,15
107,6
567,25
949,19
589,12
900,6
576,15
518,8
839,19
493,8
311,1
98,5
616,5
138,2
323,2
977,1
462,6
598,4
67,9
449,19
31,23
894,5
820,6
623,4
129,11
635,1
746,4
467,38
231,1
586,16
567,22
240,23
58,2
576,6
243,2
500,38
651,27
197,2
641,1
715,6
533,19
644,10
493,1
151,10
558,5
752,1
274,6
348,1
792,2
706,5
360,4
620,8
1002,2
931,2
400,5
327,15
823,16
403,16
774,1
561,1
46,6
157,1
68,23
268,4
586,27
71,10
364,16
110,35
367,5
814,11
407,4
543,6
839,1
552,22
419,1
666,2
851,2
876,10
163,4
716,22
274,1
866,16
188,4
102,11
484,5
89,6
842,25
327,4
129,5
386,35
956,1
425,4
225,9
389,22
46,9
339,1
515,2
293,5
367,2
811,5
243,16
725,2
83,4
194,1
654,6
308,9
219,11
419,6
148,5
777,6
444,6
851,11
558,23
345,4
456,1
916,2
3,1
888,4
334,38
102,2
302,15
692,38
657,12
571,9
167,9
632,9
685,1
832,22
574,6
907,11
540,1
833,9
725,11
836,2
503,6
947,1
490,9
308,16
972,15
777,15
173,4
802,1
87,9
913,2
605,1
716,4
185,1
3,6
556,16
888,11
410,12
102,5
484,11
89,16
40,1
756,2
167,6
867,1
46,27
265,10
250,5
857,27
475,2
611,4
722,1
833,2
318,1
105,1
468,35
454,10
24,25
873,4
984,1
469,12
380,12
87,6
0,2
916,16
1009,15
383,1
630,2
559,2
373,27
263,12
139,2
781,4
238,1
278,6
7,11
697,16
648,1
500,1
47,1
565,9
676,12
256,4
898,2
713,1
531,6
938,12
1012,11
887,35
263,5
568,1
346,6
596,12
561,38
176,4
485,6
472,5
41,16
367,38
315,4
846,1
996,35
118,6
390,27
229,1
426,1
379,35
416,23
454,4
183,5
59,27
612,19
479,4
355,10
615,6
84,1
726,15
655,1
380,2
417,8
916,38
149,6
667,2
334,2
235,4
914,12
806,6
917,1
904,10
300,5
870,35
411,10
51,35
821,16
143,4
769,10
201,5
572,12
130,27
337,8
69,6
365,5
183,2
94,22
726,6
84,8
948,4
417,1
420,10
973,12
791,5
223,8
600,38
581,12
874,6
692,1
272,1
399,6
864,16
275,12
704,4
557,19
482,5
29,5
547,5
325,4
843,4
112,10
651,35
155,6
448,12
337,1
982,4
708,16
69,15
34,35
180,6
880,15
809,5
94,25
479,10
281,23
192,1
652,2
655,23
70,38
380,16
677,6
791,2
149,8
245,4
470,1
571,35
643,27
368,12
399,15
646,4
704,27
208,16
917,19
557,12
942,5
671,4
767,16
769,4
384,38
239,6
807,19
152,2
597,6
390,12
526,2
291,2
56,19
538,1
773,16
45,15
338,27
501,2
106,15
664,12
171,12
800,1
603,1
803,12
72,2
199,1
557,5
853,4
875,27
507,5
54,1
572,25
865,1
683,6
165,2
868,10
816,16
979,9
708,6
415,5
733,10
291,11
17,11
316,1
674,5
588,8
517,4
353,12
746,38
467,4
927,15
529,1
985,12
749,27
381,1
643,9
828,27
900,35
150,11
889,35
137,6
779,12
29,16
875,16
162,6
236,1
918,12
248,4
101,19
619,23
412,15
415,2
17,12
662,1
955,9
498,1
45,1
452,5
270,4
881,11
57,6
591,10
924,1
814,815
393,4
727,1
196,2
936,4
221,6
150,2
903,15
961,12
261,5
779,5
507,19
989,1
312,35
76,4
205,93
619,12
412,6
17,5
844,1
573,8
424,1
116,2
758,12
524,25
709,19
217,27
896,5
881,12
721,16
791,38
995,4
653,1
14,16
307,6
811,35
332,6
61,11
903,4
872,19
764,1
547,38
804,2
471,6
384,2
369,15
520,4
829,6
940,15
190,15
580,38
323,23
770,1
113,2
573,1
684,4
598,11
252,6
1005,11
881,5
610,6
685,35
959,19
135,6
835,1
304,2
910,38
749,6
860,15
36,12
736,5
789,5
665,15
814,680
175,12
912,11
397,2
73,1
165,38
644,5
743,4
173,38
447,22
730,11
755,1
224,2
424,15
351,1
817,19
980,12
598,2
341,27
1005,4
92,9
699,19
845,16
835,6
502,6
600,23
342,10
364,35
518,9
97,35
996,19
872,1
999,6
801,27
468,1
912,2
384,16
644,12
865,38
151,12
873,38
284,38
323,5
681,1
277,1
919,11
706,11
906,12
598,5
484,16
67,8
230,35
289,6
536,1
771,16
132,1
959,1
428,2
746,5
71,12
589,4
240,8
537,38
814,1
194,12
468,8
308,4
644,11
422,4
209,6
505,5
876,12
52,1
254,93
755,15
302,2
527,16
620,9
487,2
931,5
203,4
114,12
314,1
746,12
68,16
268,5
342,4
453,15
71,5
440,12
993,10
885,12
922,6
243,10
651,19
996,1
379,1
490,4
552,23
555,2
444,8
851,5
584,93
802,12
548,35
345,2
805,1
716,23
385,1
459,6
955,35
941,12
817,6
102,8
484,6
31,4
89,5
842,6
127,16
536,15
129,4
496,1
167,19
314,8
154,4
599,12
968,5
293,4
614,6
814,19
725,1
676,16
108,5
308,10
219,10
950,4
222,5
629,16
829,35
777,5
851,10
580,1
962,27
987,1
345,11
74,4
627,38
888,5
891,16
213,4
731,4
660,8
571,8
127,25
438,1
632,10
425,12
832,23
225,1
176,16
68,6
325,38
401,11
651,1
725,10
337,35
429,8
565,6
861,5
762,1
873,2
87,8
694,16
987,6
383,27
385,19
1012,6
741,27
245,38
413,16
894,38
768,1
31,10
571,1
403,38
167,1
646,38
265,9
512,6
401,12
537,2
775,8
833,1
429,1
454,11
259,11
688,1
284,1
195,19
642,5
296,4
938,2
830,12
966,1
53,2
127,15
753,1
349,1
225,19
460,4
7,10
599,27
361,6
608,1
130,6
105,9
565,8
269,6
454,2
975,19
151,38
244,15
355,4
873,12
466,1
765,38
13,1
624,16
380,4
383,9
263,4
529,35
124,1
695,1
606,19
275,1
386,4
522,2
904,4
964,38
1003,5
472,6
550,1
700,35
708,35
454,5
365,11
994,6
81,9
851,38
615,1
726,12
84,2
87,23
306,4
824,4
627,2
185,27
420,12
667,5
136,6
877,1
238,16
646,11
78,4
208,35
904,11
582,35
929,5
103,4
658,6
201,4
312,1
439,6
115,1
744,4
797,6
340,12
69,5
587,5
787,16
56,6
365,4
94,23
205,16
994,1
81,2
120,35
652,4
84,9
377,1
220,6
477,38
791,4
121,4
692,2
161,27
803,1
435,27
399,1
717,6
1010,16
646,2
831,2
596,19
1000,6
29,4
510,1
572,4
115,6
266,12
809,4
920,1
316,12
134,15
427,19
723,1
319,1
281,22
948,12
751,2
149,23
667,19
174,1
470,6
127,35
646,5
840,1
507,15
732,23
436,1
312,15
868,12
291,5
609,2
134,6
501,1
377,19
748,6
760,1
887,6
356,1
285,27
985,10
927,1
346,27
164,38
939,2
233,16
782,1
507,4
661,38
165,1
954,16
918,10
276,4
794,12
979,8
177,6
340,25
17,10
415,4
733,9
681,35
511,16
20,1
847,1
427,1
192,16
84,38
588,9
591,12
149,25
702,1
813,2
393,2
196,4
492,5
643,8
150,8
208,15
26,10
137,5
964,1
322,27
197,35
767,1
347,1
976,4
523,2
619,22
622,1
733,2
955,8
773,1
116,4
338,10
798,27
230,4
585,27
452,6
896,15
328,12
884,1
353,4
924,2
467,12
110,2
936,5
221,5
779,4
357,16
693,1
490,38
804,4
347,6
384,12
76,5
918,4
816,15
248,12
943,4
619,15
819,10
730,6
548,1
622,8
17,4
733,27
128,1
955,1
869,6
906,16
377,38
896,6
810,1
921,2
613,1
760,22
282,19
600,10
835,27
85,19
838,4
144,16
625,6
736,15
61,10
175,6
875,1
344,2
950,38
533,6
471,1
520,5
647,2
298,2
248,19
375,16
323,22
841,2
326,1
880,35
684,5
906,27
598,8
798,5
585,5
514,27
1005,10
255,10
992,1
638,2
749,5
949,8
789,4
240,27
811,27
443,5
246,1
233,12
286,6
918,22
705,16
209,11
409,6
545,4
783,6
508,1
570,4
291,38
264,4
67,2
709,4
983,16
289,12
92,10
327,27
934,1
71,22
271,5
589,10
576,1
468,2
530,5
219,38
493,6
244,38
323,4
237,1
770,16
462,4
817,11
966,35
289,5
327,16
536,2
92,1
349,35
499,1
870,16
104,4
746,2
240,9
440,6
518,1
243,4
354,1
814,6
925,1
801,19
839,10
108,16
308,5
422,5
209,5
780,1
505,4
583,1
74,19
274,4
188,15
191,2
928,9
620,10
549,2
931,4
129,2
610,16
956,4
425,1
46,4
799,5
268,6
342,5
808,19
130,35
700,1
739,38
280,1
814,9
83,1
712,4
950,2
382,15
679,15
308,12
851,4
444,9
580,27
962,1
655,38
876,4
345,1
296,16
388,11
817,5
102,9
249,16
89,4
200,1
129,27
536,16
496,2
314,9
632,4
425,10
870,2
46,15
599,15
799,2
882,1
478,1
814,16
836,5
490,12
308,11
365,38
777,4
287,1
74,5
534,2
113,38
277,27
888,6
31,12
660,9
438,6
167,11
574,4
904,16
870,5
808,1
611,1
243,27
814,27
562,16
725,9
836,12
416,4
343,12
34,2
219,2
62,1
173,2
873,1
691,6
469,1
534,5
224,38
481,6
506,6
768,2
509,27
314,27
904,23
7,12
265,8
179,5
1006,1
611,6
404,8
315,8
703,35
337,27
269,12
308,25
454,8
577,27
244,1
688,2
691,15
284,2
395,1
309,6
296,5
99,5
781,2
432,10
549,38
53,1
199,38
278,4
981,16
485,27
550,15
608,2
971,38
204,2
315,1
996,38
725,27
105,8
787,5
256,6
886,6
134,27
244,8
84,4
469,19
380,5
198,4
951,5
827,27
494,5
296,12
223,4
852,1
891,38
124,2
235,1
346,4
643,38
917,6
904,5
796,19
707,5
485,4
90,1
661,1
497,1
315,6
426,15
969,5
787,10
241,4
701,27
479,6
923,1
355,12
392,2
81,8
528,4
106,16
87,22
627,5
96,6
149,4
494,12
578,12
692,4
161,1
914,10
806,4
646,8
78,5
904,12
65,16
411,12
929,4
769,8
754,19
954,4
312,2
350,19
744,5
797,5
266,2
908,8
639,38
587,4
787,19
698,1
294,1
205,15
281,12
652,5
726,4
230,25
802,35
948,6
452,35
751,4
738,27
223,10
960,1
814,785
581,10
963,12
359,1
714,16
914,5
717,5
421,19
78,12
371,2
618,1
303,19
214,1
90,19
769,1
112,12
572,5
935,35
118,22
750,38
880,1
1007,6
402,6
488,4
677,4
627,19
455,15
257,12
149,22
902,1
171,9
689,1
63,15
285,1
927,27
803,9
606,5
399,9
495,5
557,10
371,11
671,6
967,1
597,4
177,12
251,5
911,19
609,1
402,1
809,12
205,1
316,4
230,11
488,11
159,5
760,2
887,1
542,19
467,1
985,9
714,2
492,15
643,2
900,38
97,12
297,15
322,1
236,4
347,11
79,5
298,22
656,38
177,5
930,6
1004,1
733,8
551,1
131,1
498,4
230,2
588,10
881,16
517,2
813,1
393,1
467,6
749,25
643,11
310,5
492,6
518,35
776,19
850,6
903,16
579,19
964,2
51,1
458,5
976,5
940,27
248,6
708,15
619,9
622,6
822,19
733,1
844,4
955,11
920,23
847,9
131,6
637,16
230,5
588,1
57,4
884,2
760,16
600,4
653,6
838,2
14,15
949,5
418,2
495,16
764,4
233,1
547,35
782,16
555,35
829,11
215,6
659,1
511,1
560,5
32,19
514,1
255,12
881,2
366,1
995,6
760,23
282,16
838,5
625,5
825,16
97,23
150,27
408,27
579,1
961,27
690,4
261,12
654,38
175,1
986,5
829,4
30,1
841,1
437,1
116,11
388,16
598,9
563,25
289,10
1005,9
92,12
292,1
749,4
949,23
107,2
364,38
443,4
354,12
761,1
246,6
357,1
503,38
604,6
804,11
865,35
918,23
311,5
298,10
616,1
409,5
138,6
212,1
783,1
508,2
570,5
936,786
77,19
784,785
894,1
934,6
406,16
998,35
502,4
342,8
271,4
329,5
808,38
240,19
589,9
900,1
518,15
703,1
947,38
912,4
839,12
493,5
480,6
138,1
288,35
955,23
906,10
67,10
449,16
31,16
820,1
289,4
53,35
400,1
992,16
203,1
314,4
635,2
672,8
231,2
147,19
58,1
518,6
169,2
885,1
996,4
465,1
194,10
468,10
490,27
308,6
111,4
740,1
320,1
123,1
323,12
234,4
805,6
274,5
77,5
595,5
373,4
102,23
928,10
620,11
549,1
660,4
474,19
129,1
956,5
774,4
574,27
117,15
857,5
33,16
253,10
110,38
367,6
811,1
243,12
922,4
407,1
725,6
654,2
712,5
37,4
555,4
666,1
901,16
816,35
262,1
49,1
505,12
694,4
919,27
941,10
817,4
