782,785
813,826
117,8
710,23
1003,27
419,772
58,19
332,35
293,2
367,15
690,35
34,8
437,680
962,25
483,38
491,38
456,4
901,772
260,38
210,15
212,735
31,15
877,27
142,6
756,6
244,680
7,22
265,6
799,10
857,23
512,1
806,786
897,22
244,735
280,16
44,25
922,22
267,826
694,680
397,93
18,786
292,735
205,735
701,15
688,12
62,6
28,772
528,16
582,680
147,772
114,826
460,786
617,11
781,8
546,25
301,680
327,680
900,93
741,735
707,22
546,786
654,786
952,772
163,680
201,23
500,5
83,23
376,11
379,22
87,772
343,4
241,9
576,815
852,735
191,826
837,19
731,785
1009,12
916,19
556,10
867,772
263,9
595,10
892,772
235,11
164,5
697,786
769,826
40,11
463,11
103,16
325,22
1006,9
537,9
683,38
404,16
791,786
924,772
318,15
814,735
500,12
249,772
587,9
809,23
81,22
615,10
483,93
194,815
691,23
344,735
272,785
383,11
494,10
973,23
813,35
741,11
814,772
88,826
568,4
14,38
53,9
919,826
189,4
463,16
671,735
103,9
512,22
472,8
952,786
846,4
648,11
135,786
982,9
163,93
56,1
864,680
329,680
790,815
882,772
611,680
940,786
82,38
999,735
359,11
33,93
346,12
571,22
316,785
482,9
29,9
179,27
90,9
754,16
744,6
880,11
770,38
898,19
294,6
701,19
352,25
685,772
156,35
195,8
984,25
587,826
396,785
309,16
778,9
691,735
824,786
72,23
662,785
864,19
483,735
137,16
562,93
302,826
507,8
52,786
895,35
54,10
917,786
439,25
633,16
279,5
667,826
448,15
708,19
251,15
415,16
215,680
458,786
437,35
113,735
609,15
133,826
958,16
377,8
748,9
17,785
380,19
229,786
301,826
139,35
583,786
917,16
295,785
795,735
889,22
137,25
1000,15
544,2
214,25
112,4
241,93
439,22
350,2
548,22
17,23
91,8
59,35
723,8
121,785
106,10
220,22
591,1
186,735
993,786
353,8
598,93
582,785
640,8
199,2
153,785
596,35
26,1
544,25
604,35
397,27
550,35
804,16
865,6
369,25
816,19
101,23
965,35
307,680
822,25
180,23
80,680
82,785
156,8
391,25
267,23
896,10
881,23
934,27
171,6
998,4
85,15
529,6
927,8
966,93
946,22
639,680
825,5
457,35
21,93
978,826
335,6
322,25
954,25
40,815
979,19
340,735
434,27
841,22
916,93
131,9
994,35
373,38
217,23
1005,22
400,38
788,23
363,16
352,826
171,680
406,12
231,25
307,2
381,23
144,27
533,735
623,93
332,10
61,15
389,93
264,826
690,10
544,23
616,815
764,5
693,15
471,10
890,8
981,772
154,680
126,19
455,680
974,680
424,4
426,735
119,16
14,786
255,15
845,27
884,10
132,23
995,9
395,786
325,93
825,23
471,772
739,12
650,772
151,735
701,786
233,9
878,12
589,785
908,35
433,815
656,12
17,680
659,9
695,735
153,6
371,772
798,11
18,735
100,93
542,12
304,5
838,680
489,15
144,9
107,5
971,9
665,12
920,772
900,27
579,9
211,35
175,9
820,680
51,23
718,11
956,786
602,93
730,22
348,15
313,27
116,19
264,6
620,22
894,6
384,826
477,680
685,25
243,826
690,826
160,785
897,9
515,19
898,815
60,826
975,815
98,772
394,5
305,19
197,5
825,735
915,16
777,23
580,23
49,22
123,11
583,10
783,9
694,11
894,772
74,22
494,93
630,35
496,785
120,680
31,19
782,772
474,9
807,772
421,815
774,2
813,93
905,735
675,4
736,22
563,772
876,786
684,93
59,680
151,6
962,4
765,6
783,22
732,735
694,2
592,9
3,23
153,25
191,12
928,11
488,93
731,11
752,826
327,11
554,93
406,35
561,5
499,8
502,23
450,9
33,23
105,815
812,735
614,2
354,22
429,19
358,785
765,772
694,735
98,19
760,786
580,5
247,11
802,11
967,786
990,10
168,93
299,15
373,12
302,8
928,2
531,680
125,785
734,15
336,8
339,5
748,786
512,11
932,22
789,38
293,1
404,4
722,11
83,8
562,23
543,11
654,10
330,6
702,680
905,93
410,772
969,786
966,785
456,5
99,25
1001,815
988,35
551,786
456,735
438,4
21,735
776,93
176,19
361,25
910,8
253,27
697,10
648,23
651,2
851,785
307,815
143,93
972,11
148,8
495,772
633,680
81,27
444,25
762,12
390,815
725,786
284,5
52,25
223,16
830,8
889,826
553,786
953,8
867,5
499,680
117,25
138,772
801,826
363,735
164,772
182,16
130,10
77,785
668,815
354,35
337,25
282,772
376,12
105,5
858,6
362,35
750,8
256,1
934,772
972,2
426,772
926,2
598,826
748,38
341,93
605,22
96,10
556,11
630,6
226,815
282,38
47,815
139,6
963,27
487,35
695,5
753,6
326,680
721,93
336,680
796,22
485,25
929,8
361,11
658,19
608,4
510,19
537,8
41,19
133,8
376,19
1008,35
516,4
97,772
352,12
922,735
563,35
926,5
837,27
410,785
106,23
945,25
306,8
398,23
185,23
494,11
870,93
445,8
232,22
533,680
272,23
75,23
662,772
831,25
1000,27
103,8
140,22
250,19
268,35
234,735
843,10
866,786
797,735
155,12
513,8
898,25
811,815
423,93
691,680
31,93
220,10
976,680
852,10
763,10
356,23
321,19
396,16
695,27
309,785
953,35
293,93
756,27
793,23
557,22
831,6
190,815
1000,2
874,772
531,826
697,38
115,2
976,27
251,9
911,15
1004,22
880,12
898,16
699,826
775,826
703,786
319,5
637,10
195,11
396,786
1000,772
828,10
152,826
618,15
525,38
929,19
527,680
507,11
953,815
54,11
236,16
754,8
683,12
812,680
461,11
852,826
66,6
202,19
129,785
809,9
810,815
316,15
192,5
7,735
748,10
948,15
234,93
255,735
588,22
241,815
257,2
96,22
171,11
653,25
174,4
128,785
186,11
739,19
297,4
261,22
942,9
653,735
374,735
433,15
143,22
366,735
644,38
239,2
331,680
728,772
177,2
1004,4
109,93
662,11
883,23
862,772
424,16
498,11
649,6
923,22
428,815
674,6
565,815
489,815
442,9
206,38
704,785
464,22
985,15
625,16
211,6
690,25
985,786
582,11
819,826
982,785
239,11
311,35
574,785
350,10
213,786
220,785
424,23
595,93
560,9
192,19
798,23
156,9
57,1
664,23
420,35
41,786
404,680
832,35
760,11
406,10
489,27
371,27
575,826
961,15
211,15
156,815
729,27
401,826
221,772
974,93
26,786
647,9
728,786
641,826
865,785
497,735
758,9
706,35
136,93
89,35
487,680
304,8
985,25
900,22
667,735
172,23
51,8
286,27
491,772
384,15
992,815
644,19
387,10
647,6
248,15
622,15
128,4
737,93
224,8
424,5
890,786
674,19
178,12
70,6
270,19
823,11
327,38
331,35
427,826
542,10
135,5
689,35
547,93
107,15
734,786
825,22
495,27
853,27
999,12
304,772
471,2
58,680
239,38
367,93
645,826
209,23
597,38
693,786
880,38
75,772
519,815
294,93
866,9
42,10
939,735
351,4
617,35
926,93
856,15
604,815
219,772
111,786
845,19
114,680
425,19
282,25
428,8
85,25
971,8
491,680
477,735
169,22
742,35
925,12
357,15
726,786
175,8
912,15
197,27
915,10
1008,19
1007,815
555,19
829,27
191,786
622,25
952,5
54,815
115,815
521,16
620,23
468,815
992,27
403,9
40,35
114,22
721,6
635,15
410,93
431,10
144,1
698,680
71,19
329,11
789,10
971,1
405,785
431,785
626,12
970,772
915,19
170,38
996,772
872,735
962,10
984,35
287,23
938,35
521,25
153,23
742,772
980,23
319,93
598,25
321,35
842,16
167,25
832,6
117,4
635,4
525,680
564,8
747,815
345,680
253,15
551,680
515,27
773,772
80,16
902,680
946,815
429,25
446,35
305,11
639,16
24,2
151,1
262,12
162,826
490,735
252,786
255,93
60,93
887,93
891,6
546,10
507,785
218,785
682,23
366,35
99,785
425,6
244,785
907,16
672,1
198,680
182,12
882,5
885,8
498,826
922,2
351,785
503,15
416,9
308,15
24,9
740,10
466,25
249,735
358,11
324,785
423,16
481,9
907,786
496,5
371,93
525,15
801,815
932,23
515,9
204,16
367,9
775,22
761,35
651,12
688,786
193,735
964,93
641,22
222,9
666,22
812,25
151,23
762,2
670,785
358,2
969,785
52,19
18,680
716,10
648,826
481,2
729,735
142,4
197,785
682,25
312,815
958,785
499,25
154,11
178,735
839,93
550,16
399,815
44,27
282,826
636,10
910,786
343,9
700,815
699,785
387,93
392,16
691,11
709,93
358,5
343,772
604,735
109,23
420,19
423,6
581,19
553,785
698,785
978,1
463,12
672,22
124,772
516,785
361,772
451,16
94,38
195,23
68,815
345,25
553,23
222,735
260,22
888,23
377,680
986,786
914,23
806,9
189,9
300,12
781,826
250,9
910,27
876,735
90,5
398,815
537,15
957,4
902,826
830,786
942,680
676,9
750,16
294,10
994,11
760,815
541,11
992,93
847,815
648,815
1012,16
778,5
803,23
1008,680
275,5
722,93
850,38
340,772
90,12
236,35
368,785
475,23
993,35
149,815
404,25
376,27
1001,35
784,2
360,735
256,16
94,16
810,826
923,2
652,9
195,5
624,11
514,38
824,8
220,11
331,8
260,4
778,12
924,35
928,38
323,786
307,35
435,22
143,772
75,15
704,2
888,735
522,9
411,1
275,785
184,826
957,22
982,6
177,23
251,8
216,22
1004,23
17,27
402,10
790,35
183,25
494,785
498,22
408,680
834,9
192,15
945,10
195,10
106,6
346,735
242,19
702,16
506,25
275,19
297,2
939,8
388,786
137,22
907,35
322,10
747,93
622,826
552,93
273,25
439,27
633,22
523,19
393,826
47,27
982,25
858,27
362,4
880,4
316,8
522,786
541,22
245,772
617,93
784,826
748,11
217,2
677,1
474,38
899,27
464,16
800,15
265,815
181,93
238,38
368,1
421,25
939,1
795,772
411,680
446,19
732,19
661,25
536,680
224,826
594,12
779,735
300,826
247,93
50,785
927,826
822,4
76,785
538,10
192,680
869,23
319,10
305,786
509,93
168,22
810,16
848,680
135,25
285,23
640,10
625,23
492,10
828,25
186,19
578,785
939,6
100,10
544,27
31,786
767,4
164,815
607,16
350,11
647,19
66,25
397,735
969,38
698,25
453,680
202,2
202,735
720,6
227,22
391,27
1002,38
909,15
161,815
896,12
346,680
292,23
684,785
82,8
263,93
746,35
193,11
625,8
607,786
26,22
357,19
122,2
28,680
141,786
436,19
276,15
829,15
369,16
666,38
190,6
871,35
28,735
448,22
237,25
847,735
576,786
338,6
909,8
784,815
894,19
107,786
270,9
532,785
57,9
168,4
613,4
887,16
135,15
339,93
85,22
748,826
196,15
270,786
418,1
110,6
310,19
329,23
60,815
703,23
335,9
13,735
233,6
767,10
163,815
437,826
238,735
890,22
138,19
583,25
128,5
55,15
847,19
687,15
637,38
252,4
452,9
479,815
650,25
542,11
231,16
258,4
261,9
524,815
671,680
51,16
604,10
715,9
695,680
369,2
520,9
372,9
942,815
693,785
398,93
219,93
274,23
77,23
24,93
684,1
388,19
194,680
391,6
947,772
929,785
142,38
400,22
21,5
721,12
978,735
850,680
481,93
637,826
302,93
231,9
638,6
878,735
421,38
921,786
80,35
974,4
761,6
900,5
946,826
877,786
549,826
533,11
207,815
616,4
483,15
339,786
854,2
212,12
583,15
569,735
718,786
437,23
521,23
351,12
977,2
210,38
67,6
820,5
748,93
894,4
18,11
474,12
721,5
425,27
724,22
193,23
361,35
675,1
897,15
110,27
882,16
419,786
885,5
614,22
562,735
618,93
675,772
1008,11
761,786
740,5
284,35
583,4
695,815
272,826
3,16
188,12
980,16
817,15
563,735
527,22
657,19
839,815
793,38
690,93
232,93
488,786
326,785
401,27
900,11
759,772
283,27
158,35
639,19
267,735
129,815
937,10
1009,735
320,4
879,12
755,735
633,772
304,93
695,35
291,786
623,11
239,680
759,6
117,12
232,826
546,772
859,826
92,785
550,680
808,23
473,785
184,785
885,23
480,786
283,16
175,38
123,772
34,12
454,27
934,785
790,10
241,27
944,785
62,27
981,815
670,815
123,27
160,15
783,25
545,35
913,10
74,6
534,15
649,93
101,815
618,826
235,25
771,5
978,12
228,8
870,6
283,786
290,10
736,38
475,10
702,735
98,815
407,27
409,680
105,25
527,826
950,25
519,12
151,22
279,93
198,23
0,10
272,815
404,815
997,680
210,10
232,35
432,16
46,785
324,6
50,22
623,25
56,785
953,5
771,10
682,6
989,735
644,772
890,680
104,680
339,12
806,785
201,19
808,5
293,8
651,4
562,12
944,10
83,19
229,16
362,38
969,22
552,10
256,12
898,10
294,25
739,786
811,826
62,5
997,27
559,772
52,27
716,2
916,23
645,10
385,22
848,735
226,786
854,826
432,23
840,735
435,2
164,25
756,8
463,15
176,12
512,27
895,8
932,6
1006,5
73,815
0,815
473,735
993,16
957,10
794,35
318,11
653,785
636,2
934,826
294,16
388,93
245,815
534,16
420,27
973,27
77,38
879,815
456,826
953,23
310,35
292,93
127,10
258,93
522,4
374,12
818,5
250,22
618,16
90,2
967,25
608,6
917,772
575,25
44,10
337,16
797,15
191,735
908,22
360,772
357,93
516,6
57,735
994,8
777,35
427,35
713,11
309,11
241,826
862,19
494,9
842,826
521,38
188,38
902,16
670,12
728,19
526,785
581,4
196,38
624,735
481,815
65,19
103,10
50,735
806,826
37,93
368,786
633,11
83,38
281,772
982,12
730,93
340,2
306,772
933,19
973,786
561,826
834,15
195,4
450,772
473,93
578,8
78,772
136,11
375,680
617,680
914,6
754,786
546,826
618,2
214,2
414,15
807,27
935,38
461,16
686,6
891,785
908,4
177,22
216,23
750,35
128,35
1007,5
609,11
294,5
205,11
922,815
243,735
637,8
159,19
380,23
342,785
146,4
517,19
352,785
738,23
664,4
334,15
887,15
66,815
34,772
199,9
939,11
631,10
371,6
322,11
250,35
967,4
779,786
69,9
1004,15
822,2
809,15
973,772
153,38
745,23
531,35
539,35
260,11
813,11
667,22
689,5
874,11
103,826
985,4
535,23
295,786
297,10
889,27
482,22
190,735
502,93
544,5
100,12
525,93
806,815
754,1
387,25
668,772
567,680
168,786
649,4
889,680
119,6
501,12
267,19
32,2
485,680
219,826
42,785
578,680
960,19
469,735
39,11
702,772
421,1
942,22
30,815
162,9
845,772
918,15
905,10
597,9
448,16
490,826
215,12
128,8
844,9
1007,16
536,735
706,38
834,19
999,826
32,25
267,8
822,785
591,11
295,5
353,6
776,786
445,35
835,16
85,12
378,6
755,786
241,680
661,815
441,785
186,27
524,826
529,735
289,786
793,815
167,785
448,23
583,35
128,15
609,23
662,27
990,35
723,27
743,786
373,35
563,15
835,25
196,8
936,10
789,680
956,680
405,772
261,15
465,25
197,23
162,27
73,25
273,4
878,8
239,27
868,38
544,815
411,815
619,2
437,4
111,93
77,680
775,785
795,8
596,680
579,826
817,27
452,10
454,786
292,6
992,15
384,815
721,10
683,735
613,12
650,6
330,772
591,25
670,93
428,19
378,8
218,4
182,38
240,25
882,680
131,785
668,19
48,6
275,826
707,735
707,786
138,27
656,15
659,10
645,35
684,2
116,23
889,785
264,2
178,5
105,680
699,16
203,23
421,826
832,10
724,8
268,22
396,35
489,12
354,8
812,826
925,10
197,25
986,8
715,1
202,826
848,25
422,12
558,2
905,38
777,19
930,38
659,19
570,1
348,10
938,38
919,8
388,27
691,815
674,35
324,35
696,12
327,22
682,35
366,23
702,38
336,38
871,815
124,93
218,22
695,93
329,9
475,38
664,815
811,23
279,826
945,826
601,2
305,16
73,12
184,9
844,815
848,16
248,38
565,93
641,772
89,826
456,19
681,11
3,19
666,772
941,735
823,735
129,12
203,5
132,15
635,6
502,19
799,27
566,680
182,11
440,11
993,11
703,10
118,35
601,11
394,11
311,23
76,38
274,772
937,9
212,19
123,5
447,2
987,9
592,12
792,9
403,786
781,25
92,680
151,826
597,785
857,9
450,4
414,38
401,19
333,772
562,27
305,2
434,93
24,11
647,93
150,735
262,5
377,93
528,38
13,23
234,11
659,38
109,35
953,735
89,772
667,38
320,785
706,23
908,772
525,786
213,5
768,9
578,93
654,772
697,6
376,1
229,22
654,9
552,4
37,9
577,12
138,38
284,9
713,23
630,11
960,35
778,22
559,5
263,23
742,815
547,815
289,35
842,11
697,772
183,785
733,680
522,19
759,680
120,815
209,735
336,2
414,16
201,735
608,9
41,38
445,785
923,826
66,38
654,16
602,826
552,11
898,11
385,786
975,11
479,22
599,826
854,38
84,680
263,785
587,786
198,15
491,19
719,22
830,15
632,786
793,1
460,11
386,12
867,6
154,16
300,23
618,22
818,11
910,22
492,815
1006,10
182,23
993,23
350,35
367,25
44,12
321,815
673,15
195,735
620,786
865,93
686,93
444,19
29,785
198,6
879,35
790,785
455,38
883,826
1000,786
50,9
675,93
953,22
203,38
646,19
723,735
389,10
250,23
752,680
732,9
957,2
226,12
868,22
963,826
622,93
737,35
868,680
353,826
745,35
429,826
691,27
602,9
862,16
973,19
791,12
756,786
265,826
551,826
297,22
668,35
488,680
433,25
491,815
510,25
41,25
721,785
866,785
719,826
47,23
584,23
819,38
711,12
750,25
587,2
880,8
440,826
36,772
259,680
155,772
154,772
559,786
999,785
923,4
160,35
273,772
146,10
627,8
902,8
689,10
817,93
728,27
525,815
303,735
568,15
346,8
889,8
103,2
472,19
290,38
165,16
461,15
957,735
633,19
870,735
688,93
266,15
251,10
213,772
437,38
994,27
42,35
427,16
319,6
377,11
857,785
503,735
883,785
185,38
973,5
442,2
193,38
763,4
72,27
128,680
532,4
567,38
75,6
1010,10
802,680
125,10
986,35
143,10
783,735
954,8
226,25
797,25
362,2
713,826
515,815
678,772
319,15
32,12
909,27
70,25
255,23
627,22
847,772
960,680
852,27
653,22
174,11
692,23
554,16
936,22
960,786
261,19
211,2
48,27
434,735
807,8
719,785
152,9
350,6
616,35
800,826
982,22
965,38
91,12
865,772
609,4
773,25
443,785
834,25
154,785
45,8
778,826
968,826
197,680
970,735
218,815
171,5
499,93
464,9
245,22
135,27
640,12
362,815
36,23
442,785
850,8
260,735
335,5
411,22
68,93
549,772
769,22
794,22
484,826
693,772
288,5
555,815
75,786
576,680
330,93
904,772
906,735
724,826
634,15
328,11
810,25
295,4
832,38
892,826
117,815
958,815
172,27
211,16
51,4
804,27
0,785
647,10
79,9
979,23
138,22
141,11
274,35
20,22
294,38
278,785
316,23
745,9
126,785
270,15
754,735
744,772
636,786
618,680
196,9
107,11
739,11
523,826
122,11
451,93
36,735
222,38
276,16
314,786
942,735
897,785
91,19
864,785
321,93
1002,22
585,6
731,35
327,35
845,23
974,735
665,772
151,785
39,826
962,680
118,785
317,9
502,15
542,9
724,2
428,12
14,27
676,826
931,680
935,735
384,735
61,4
413,785
840,35
235,785
819,786
162,19
915,6
187,25
247,35
28,815
201,786
805,22
96,93
116,16
208,785
687,22
600,786
527,2
931,23
403,5
95,12
317,2
635,11
428,11
145,815
110,22
665,16
632,93
335,25
764,23
394,6
286,8
234,786
533,9
754,93
259,38
783,12
253,785
952,8
348,11
193,786
487,5
456,786
18,9
129,10
203,15
1012,815
276,772
762,786
446,826
431,23
144,4
37,786
574,680
665,25
368,93
184,10
718,22
222,27
580,19
962,9
234,6
287,16
126,8
385,8
617,735
320,772
284,826
252,19
400,6
403,19
496,735
206,19
759,11
43,8
870,10
376,826
104,10
801,786
675,8
133,23
540,12
761,22
872,15
426,35
614,15
620,815
641,25
533,27
679,12
311,22
439,93
958,93
65,786
873,16
765,2
952,22
3,27
277,19
64,27
926,815
963,35
191,8
731,15
92,22
699,38
366,38
832,16
928,772
525,19
157,25
450,5
440,19
243,19
540,11
922,1
601,19
503,8
836,4
471,35
310,680
24,12
43,815
837,35
456,2
457,815
868,772
320,786
373,8
673,786
302,12
525,785
117,19
762,815
635,23
981,15
160,826
342,22
968,12
164,786
758,772
775,19
922,8
360,785
34,5
269,735
37,8
679,2
222,12
901,4
98,38
133,735
706,786
395,9
469,2
713,22
74,15
719,8
423,10
188,27
212,815
581,23
623,27
753,8
380,815
769,38
843,27
471,826
149,785
404,15
367,19
540,25
957,15
836,10
268,815
784,16
343,735
343,10
714,772
184,38
538,35
411,785
731,680
185,9
462,735
375,735
581,16
124,10
659,826
235,9
914,27
571,6
238,6
40,9
991,27
546,815
512,680
413,815
253,16
312,680
204,1
831,786
540,16
174,786
512,786
69,19
861,23
81,16
541,15
724,785
762,19
821,815
163,35
146,25
591,35
521,35
232,19
965,815
359,16
510,786
646,16
991,735
389,9
658,15
967,27
932,15
661,2
830,785
44,4
500,9
376,23
871,10
513,11
418,772
328,815
590,11
294,9
170,11
984,16
223,2
297,786
929,735
716,815
988,4
200,35
1010,25
991,9
628,35
574,35
618,25
29,11
359,772
985,826
412,815
414,10
967,16
1010,735
846,9
286,826
784,5
88,93
513,12
984,786
516,15
883,4
627,772
534,815
886,19
945,22
195,6
748,16
469,38
824,11
454,826
720,786
420,11
921,93
902,9
939,785
578,6
852,22
124,23
676,785
346,9
457,10
386,22
704,5
560,826
411,735
413,826
658,1
143,12
275,786
846,16
41,1
575,9
683,11
686,4
279,11
908,6
340,11
416,38
254,10
790,38
556,93
205,9
169,786
773,22
187,680
377,10
568,786
309,27
232,8
603,11
416,772
346,16
554,22
1010,11
78,22
850,23
889,16
374,23
322,9
929,23
303,25
125,9
967,6
359,826
633,27
301,19
949,786
622,680
911,16
937,826
627,735
228,680
836,815
356,772
488,10
566,5
824,25
255,22
665,815
353,10
995,16
464,19
442,10
174,8
800,2
1004,815
714,5
255,680
606,15
421,6
777,680
522,38
704,19
907,93
840,8
162,12
0,772
347,8
868,11
390,4
134,772
375,5
251,27
930,9
473,5
933,12
476,22
424,735
810,786
383,815
371,815
501,10
854,93
32,4
454,815
861,826
533,786
220,19
939,772
464,10
174,19
800,25
838,10
70,735
985,19
860,35
418,10
806,35
864,38
697,826
714,12
960,735
560,815
850,9
564,815
601,35
917,815
458,4
865,25
298,16
686,25
941,826
412,8
468,93
397,785
841,16
844,11
511,25
316,25
634,12
156,5
726,35
983,5
895,680
198,93
1008,772
734,35
881,10
673,680
378,4
638,16
567,12
39,2
332,8
739,5
523,772
678,735
843,35
471,8
700,680
682,786
609,786
40,735
148,93
890,10
545,10
1001,5
418,826
538,27
338,5
620,38
859,16
181,4
453,815
972,785
992,10
763,35
554,10
758,815
703,16
764,2
122,8
530,19
693,10
1008,25
989,25
937,19
646,815
707,815
597,25
483,2
656,735
237,15
662,16
24,815
594,826
351,27
227,9
817,25
31,35
549,23
625,772
438,35
204,815
539,1
613,10
192,815
135,1
71,25
971,23
147,2
1010,38
759,826
703,25
667,680
354,15
263,680
122,19
175,15
912,12
999,8
397,1
715,10
626,22
917,826
533,15
520,12
44,826
975,35
191,785
730,735
325,815
458,826
208,786
634,25
524,8
266,735
839,826
626,815
400,9
682,38
835,9
301,786
821,38
329,6
665,23
421,35
354,6
961,22
761,11
121,735
357,11
802,735
605,735
736,786
533,8
184,4
848,27
645,815
422,2
151,15
780,10
854,1
730,19
692,785
718,785
755,9
701,93
919,10
610,25
21,11
520,785
816,786
157,6
431,22
144,5
453,5
900,15
406,815
885,2
996,27
63,785
543,27
467,815
909,786
310,735
187,22
315,93
886,35
138,11
466,35
263,815
947,93
486,38
325,785
126,9
716,25
592,23
24,772
370,16
498,93
388,12
64,5
45,93
528,815
588,35
183,772
185,93
956,735
846,735
759,735
870,11
302,772
857,6
147,25
882,6
630,680
133,22
134,826
62,786
564,785
931,815
181,826
37,5
516,38
57,772
1011,16
645,785
83,772
913,22
75,815
990,4
719,5
795,22
462,22
986,826
549,11
127,19
327,6
734,9
114,4
888,772
206,27
336,22
247,815
52,815
950,735
776,35
540,4
910,772
419,8
247,6
395,19
52,16
198,19
641,735
383,680
645,5
385,25
663,785
370,2
691,772
673,785
413,22
489,93
771,6
899,93
276,786
460,23
632,11
978,11
796,6
339,8
857,16
517,785
935,6
204,12
700,23
280,15
922,9
137,93
194,22
468,38
111,16
386,785
83,786
120,8
299,772
959,680
160,25
198,10
324,772
220,35
64,735
1001,735
1001,786
323,826
142,8
660,16
753,15
222,815
766,680
491,826
808,8
775,11
705,93
544,680
376,10
526,93
639,11
343,5
950,23
790,27
59,15
259,10
479,16
62,8
82,826
528,22
469,10
642,2
951,12
191,38
235,8
142,19
388,826
247,826
672,735
818,9
821,12
732,12
325,23
145,772
497,8
575,680
922,27
262,93
480,826
207,23
266,16
621,772
484,786
654,25
332,785
207,786
923,8
635,680
796,826
123,35
987,23
420,6
738,9
612,680
282,35
321,4
161,8
435,12
368,25
349,25
297,19
1000,25
843,8
952,785
41,22
648,10
44,5
614,35
390,25
229,15
177,25
505,815
880,19
441,23
886,25
390,786
317,786
837,6
109,5
399,735
734,93
862,22
902,23
119,826
689,23
998,27
928,35
893,815
232,27
396,22
506,19
124,25
717,12
75,10
756,25
831,4
575,772
29,735
29,10
638,93
693,35
967,19
552,680
957,25
668,826
445,826
636,19
428,680
947,680
784,6
825,785
516,8
402,15
536,785
405,2
760,826
444,35
970,23
973,10
63,6
874,4
912,735
823,93
346,22
457,9
186,2
316,815
732,25
201,12
510,6
757,15
645,735
594,22
976,16
128,38
560,25
541,25
724,815
319,735
230,16
624,6
824,19
868,815
82,27
121,12
838,25
532,6
492,16
113,826
687,785
954,22
439,23
976,23
647,25
408,772
423,772
979,2
375,15
930,15
515,785
91,9
129,735
355,35
338,25
726,22
988,680
846,826
295,16
995,19
578,25
300,93
744,785
486,815
39,15
495,2
646,680
153,786
208,9
100,15
745,680
853,2
411,19
446,680
31,785
492,772
572,27
539,680
386,815
459,815
647,22
375,4
180,22
933,11
511,19
920,16
973,826
885,680
462,38
563,2
377,27
859,5
514,15
993,735
151,772
371,735
924,4
564,35
729,786
196,5
14,4
576,38
371,25
795,785
961,9
196,735
783,815
436,16
165,9
408,786
905,15
816,9
743,27
895,785
17,2
36,826
56,35
128,11
20,9
274,38
320,93
413,38
307,735
71,815
330,785
257,23
517,11
204,826
406,15
304,22
985,27
640,5
485,815
567,15
1005,786
628,15
794,786
979,735
446,1
543,38
798,826
385,815
545,9
530,786
123,680
141,9
804,735
20,16
666,815
847,22
977,19
248,786
889,772
887,785
464,772
267,2
341,23
86,785
430,25
363,22
721,22
836,735
746,22
502,10
378,12
231,23
910,93
718,735
495,25
48,2
504,15
782,27
51,15
693,9
533,5
187,2
79,16
599,772
51,786
213,815
434,12
313,19
166,10
42,12
775,786
178,9
931,16
861,772
474,6
331,38
650,5
561,19
282,27
85,27
714,38
825,25
971,22
320,735
465,23
763,735
305,27
839,23
750,93
861,38
937,27
187,27
761,772
740,19
101,12
854,15
656,2
158,93
730,9
770,22
437,10
20,38
153,8
527,12
514,19
1005,2
788,35
474,1
203,8
18,12
312,785
600,25
157,12
231,5
638,735
141,680
381,35
327,785
899,826
133,35
761,10
175,23
801,25
589,772
272,680
942,826
962,12
583,11
876,23
508,25
570,12
277,15
351,8
743,826
709,12
74,786
92,2
610,22
520,786
427,815
265,19
378,25
968,25
515,25
401,38
882,12
442,826
740,772
872,10
429,27
823,826
915,22
737,10
184,12
166,826
372,27
190,38
669,27
173,22
138,8
490,772
508,16
881,93
681,8
556,38
795,16
522,815
291,785
699,35
111,815
663,25
314,15
539,23
295,35
685,12
635,27
653,35
746,10
860,22
58,735
935,19
885,10
318,19
194,5
930,826
783,785
293,772
311,16
848,10
1011,19
354,786
558,19
727,680
798,680
13,27
720,826
916,6
719,4
830,25
191,10
