911,854
598,599
868,869
982,620
164,370
1011,80
698,32
958,872
786,922
584,585
320,806
668,495
786,787
112,724
99,912
1018,749
418,347
625,626
791,36
672,673
376,809
996,809
746,593
358,710
588,589
692,693
699,505
793,794
607,795
1013,592
263,456
849,740
792,233
130,935
805,806
580,36
576,1005
96,690
650,847
492,626
617,618
619,620
762,659
951,952
72,804
472,839
801,653
445,737
902,857
992,575
979,522
667,604
870,937
680,226
892,670
305,715
988,873
127,578
628,914
563,970
888,800
756,757
415,5
765,490
255,986
755,975
627,505
825,641
882,63
410,301
739,740
463,881
938,98
750,709
1025,858
849,427
366,952
290,500
755,645
696,826
652,914
177,948
834,835
906,827
424,508
470,1030
712,998
703,395
678,679
736,1007
571,597
907,776
1014,502
919,374
769,581
770,589
960,454
569,782
285,910
439,972
1032,283
595,321
145,913
883,872
1012,87
586,587
729,740
932,232
1039,257
968,820
850,851
120,610
708,760
876,778
889,995
817,818
365,761
656,797
729,377
1013,1028
966,952
621,575
969,257
636,637
669,670
644,645
1001,981
887,547
638,639
840,562
419,774
974,768
759,760
886,831
979,991
1041,168
392,3
758,374
942,862
821,822
272,1022
808,789
455,615
335,11
671,702
802,253
571,506
650,651
327,570
1017,626
1008,254
682,749
866,587
488,233
909,615
590,547
706,36
897,898
832,922
876,877
973,740
252,567
634,675
494,920
441,601
834,128
446,714
990,670
602,176
1034,896
882,606
805,34
603,604
120,735
207,248
1002,555
628,57
865,857
861,862
605,606
576,47
525,774
510,785
830,831
706,707
723,724
532,827
688,689
609,610
614,615
568,487
816,772
781,782
719,353
936,500
600,601
633,111
923,361
904,869
994,804
763,764
691,245
905,121
716,34
828,612
682,683
274,684
676,677
938,877
1036,998
680,681
404,647
686,65
674,675
622,623
658,659
811,435
631,452
751,91
928,27
634,635
674,873
596,597
786,78
838,927
841,374
719,490
314,898
744,713
919,789
738,505
572,794
1037,73
648,144
557,639
803,804
813,555
198,964
630,567
588,718
1015,874
1038,606
132,901
695,657
49,874
965,216
711,197
662,232
178,649
823,824
1027,123
696,959
535,612
968,920
224,148
899,202
859,82
664,193
987,959
837,225
619,818
775,776
408,831
694,483
931,429
971,616
763,665
62,616
640,144
8,593
962,280
695,1016
734,760
577,578
989,646
733,743
497,934
788,789
577,411
118,655
546,257
1031,549
870,749
704,452
929,618
903,893
731,732
871,872
431,443
1010,952
807,461
407,873
538,1000
1035,87
58,766
1040,1007
900,693
843,844
727,728
700,390
134,915
352,726
860,721
725,726
783,575
939,789
116,946
64,227
629,13
594,916
759,851
845,461
332,685
332,890
730,599
660,148
788,864
947,517
215,579
976,732
751,893
941,583
607,608
45,896
976,977
720,721
235,848
784,785
682,836
541,776
92,713
586,757
779,84
983,673
865,999
362,608
379,578
355,922
780,34
852,25
905,943
933,934
546,168
163,961
613,109
584,94
705,677
279,654
357,687
773,533
621,115
950,193
594,798
631,632
617,915
875,774
258,891
984,649
880,881
640,641
940,599
752,677
819,820
816,454
717,140
908,57
799,879
838,643
318,60
323,390
35,282
762,646
591,592
116,624
978,42
861,17
997,612
918,663
553,9
925,587
191,824
932,65
799,800
753,484
174,136
582,583
143,500
853,961
652,653
1006,615
1023,684
609,42
754,599
85,398
289,1016
329,718
815,728
828,829
955,115
871,761
769,847
777,778
957,226
574,575
802,1009
220,1029
671,550
274,98
792,689
801,1019
1033,547
982,912
39,440
664,665
627,216
856,857
262,27
