170,94
54,55
81,230
86,87
385,57
161,217
566,567
264,13
376,36
72,73
265,29
177,21
8,168
18,19
468,71
385,390
188,537
119,51
408,126
552,13
300,301
292,146
246,17
526,71
363,502
379,13
281,282
260,13
220,15
275,21
396,21
290,71
199,21
213,21
297,353
516,517
4,5
327,268
30,29
198,57
79,136
400,282
313,15
523,21
117,17
439,440
33,34
178,13
181,182
204,13
430,19
544,71
402,146
463,464
478,38
209,111
480,21
192,409
39,13
420,17
309,131
392,71
89,21
565,76
147,417
132,126
20,21
270,146
31,47
48,377
346,71
161,190
469,47
330,11
426,36
433,73
256,495
239,87
294,29
107,29
120,153
504,131
540,47
344,13
447,55
223,13
356,21
139,140
212,17
83,84
571,13
249,250
252,47
81,227
59,60
18,11
338,13
8,353
343,29
431,21
332,38
179,36
515,21
81,159
93,461
198,429
96,42
467,13
381,7
384,21
458,36
543,36
188,413
234,13
120,121
201,42
26,479
102,57
81,524
249,471
62,411
154,21
296,76
180,21
302,243
129,13
41,42
520,73
297,298
95,13
130,131
438,36
165,570
81,347
188,435
161,162
145,146
156,36
231,21
412,94
542,21
314,87
133,38
163,42
462,71
494,13
61,11
546,55
355,21
529,21
124,47
337,76
310,11
545,42
186,13
143,144
304,71
83,533
503,69
394,395
221,189
472,15
372,42
360,243
192,202
237,29
365,126
548,21
305,36
255,11
551,21
203,17
331,36
139,427
74,71
108,109
83,506
333,38
195,146
110,245
194,15
446,13
93,94
188,189
68,69
324,325
556,13
482,21
224,487
4,493
88,13
100,21
112,13
267,268
527,17
81,82
97,98
192,193
170,254
198,200
414,21
348,176
315,13
198,91
122,51
358,176
263,87
329,7
135,21
444,17
349,73
8,459
56,550
54,111
174,7
110,111
33,230
8,562
470,11
161,253
432,13
369,370
261,36
164,7
423,21
437,21
101,17
561,32
97,123
14,71
66,21
77,104
118,29
155,5
538,17
406,38
416,21
450,51
445,51
306,47
37,38
428,13
441,19
33,484
184,36
114,115
14,15
499,500
363,364
0,1
256,257
535,19
404,76
554,42
228,334
172,51
99,21
273,21
405,69
488,71
85,71
536,21
222,71
326,15
251,29
339,21
293,36
453,454
8,9
300,421
266,21
12,36
436,73
157,13
512,36
138,87
244,13
24,232
415,71
357,11
12,13
106,42
558,13
539,71
323,243
103,42
475,69
557,21
278,131
477,71
319,71
214,13
553,73
366,38
174,76
77,476
532,71
401,13
284,76
75,76
147,148
341,13
215,216
564,13
58,21
367,13
90,91
382,47
77,78
474,32
150,47
525,250
207,42
24,25
135,176
185,21
213,268
393,19
210,126
383,1
528,42
431,87
28,29
218,87
173,36
289,36
375,21
482,483
46,47
473,21
206,29
208,71
16,17
224,225
299,42
531,73
229,11
451,1
359,71
291,21
514,13
406,7
328,146
563,42
175,176
236,73
531,21
165,166
465,29
335,1
559,11
510,42
485,47
2,3
498,243
287,21
499,555
350,13
221,530
31,7
560,42
460,13
40,21
573,11
534,71
43,21
79,80
311,71
196,233
318,21
352,15
171,126
481,76
295,13
114,283
518,21
501,36
419,29
345,21
466,21
259,17
192,162
434,42
246,131
457,13
492,21
70,71
386,19
276,21
90,361
56,57
191,13
312,13
113,13
336,13
22,21
196,197
44,13
181,1
316,317
158,29
521,522
187,71
83,505
388,76
269,19
448,87
64,65
26,27
296,11
152,153
371,15
309,42
167,42
285,36
507,508
