491,71
351,11
170,94
54,55
81,230
86,87
385,57
125,126
412,413
161,217
376,36
72,73
265,29
177,21
8,168
18,19
77,200
62,211
188,537
119,51
408,126
552,13
300,301
246,17
497,126
381,21
363,502
379,13
281,282
260,13
220,15
275,21
198,452
161,248
199,21
213,21
297,353
516,517
4,5
30,29
399,38
242,243
79,136
400,282
313,15
523,21
117,17
439,440
418,51
181,182
204,13
430,19
449,36
149,36
402,146
463,464
478,38
209,111
480,21
238,36
39,13
420,17
569,13
392,71
89,21
565,76
132,126
303,13
20,21
270,146
31,47
48,377
45,21
541,7
469,47
426,36
433,73
422,38
330,11
256,495
239,87
107,29
120,153
504,131
50,51
306,307
344,13
447,55
356,21
139,140
212,17
387,1
571,13
249,250
252,47
509,13
59,60
351,42
338,13
8,353
343,29
431,21
332,38
134,21
515,21
81,159
105,17
93,461
198,429
286,13
381,7
384,21
458,36
543,36
234,13
258,42
120,121
201,42
26,479
102,57
496,334
249,471
154,21
139,549
180,21
302,243
296,76
67,21
489,490
41,42
520,73
95,13
297,298
130,131
81,347
247,248
188,435
322,71
161,162
156,36
231,21
412,94
542,21
314,87
249,517
163,42
288,71
61,11
494,13
546,55
355,21
529,21
72,29
337,76
310,11
545,42
410,19
272,13
304,71
83,533
503,69
277,21
221,189
472,15
372,42
360,243
192,202
365,126
342,42
31,32
305,36
255,11
551,21
203,17
331,36
139,427
228,111
83,506
333,38
195,146
137,36
110,245
194,15
102,486
93,94
188,189
68,69
324,325
511,47
224,487
4,493
88,13
403,42
274,21
112,13
267,268
527,17
320,321
81,82
97,98
170,254
414,21
348,176
141,142
315,13
198,91
122,51
358,176
380,19
368,38
135,21
444,17
349,73
8,459
56,550
54,111
48,1
110,111
33,230
8,562
127,128
49,17
432,13
369,370
261,36
164,7
6,7
437,21
101,17
561,32
97,123
14,71
52,32
77,104
118,29
155,5
35,36
43,19
416,21
450,51
445,51
306,47
37,38
354,21
441,19
33,484
184,36
114,115
160,29
279,71
499,500
0,1
256,257
535,19
554,42
373,374
228,334
172,51
99,21
273,21
141,9
85,71
455,456
536,21
222,71
251,29
326,15
293,36
77,547
205,176
8,9
300,421
266,21
12,36
157,13
512,36
151,36
170,168
244,13
24,232
415,71
169,47
357,11
12,13
558,13
539,71
323,243
103,42
513,71
572,19
278,131
477,71
319,71
214,13
116,11
366,38
174,76
77,476
97,519
401,13
284,76
75,76
122,76
147,148
341,13
407,19
58,21
367,13
90,91
382,47
92,42
474,32
150,47
525,250
262,126
24,25
135,176
185,21
213,268
393,19
219,32
81,425
528,42
431,87
28,29
218,87
173,36
289,36
122,126
482,483
473,21
340,36
206,29
208,71
16,17
224,225
241,38
391,15
229,11
451,1
359,71
291,21
406,7
23,15
328,146
563,42
175,176
236,73
183,176
165,166
335,1
308,42
559,11
510,42
485,47
2,3
235,15
62,280
499,555
350,13
221,530
31,7
560,42
139,226
40,21
573,11
43,21
424,17
79,80
10,11
196,233
318,21
352,15
171,126
481,76
295,13
378,3
501,36
419,29
271,36
345,21
466,21
568,21
192,162
434,42
246,131
457,13
492,21
442,443
53,21
276,21
90,361
56,57
191,13
312,13
336,13
68,7
389,42
196,197
44,13
181,1
316,317
362,47
521,522
187,71
83,505
62,63
269,19
448,87
64,65
397,398
296,11
152,153
371,15
167,42
285,36
240,76
