491,71
351,11
170,94
54,55
81,230
86,87
566,567
125,126
412,413
264,13
376,36
72,73
265,29
468,71
8,168
385,390
77,200
62,211
188,537
119,51
408,126
552,13
292,146
497,126
381,21
363,502
379,13
281,282
260,13
526,71
396,21
198,452
161,248
199,21
290,71
213,21
297,353
516,517
327,268
399,38
198,57
242,243
79,136
400,282
313,15
523,21
33,34
178,13
418,51
181,182
204,13
449,36
544,71
149,36
402,146
463,464
478,38
209,111
192,409
238,36
39,13
309,131
569,13
392,71
89,21
147,417
132,126
303,13
270,146
31,47
346,71
161,190
45,21
541,7
469,47
426,36
433,73
422,38
330,11
256,495
294,29
120,153
540,47
223,13
50,51
306,307
344,13
447,55
139,140
212,17
83,84
387,1
571,13
249,250
81,227
509,13
18,11
351,42
338,13
8,353
343,29
179,36
332,38
134,21
515,21
105,17
93,461
96,42
467,13
286,13
381,7
384,21
458,36
188,413
234,13
258,42
120,121
201,42
81,524
496,334
249,471
62,411
154,21
139,549
180,21
302,243
129,13
67,21
489,490
41,42
520,73
95,13
438,36
165,570
81,347
247,248
322,71
161,162
145,146
156,36
231,21
412,94
133,38
249,517
163,42
462,71
288,71
61,11
494,13
546,55
124,47
72,29
337,76
310,11
186,13
410,19
272,13
304,71
83,533
143,144
394,395
277,21
221,189
472,15
372,42
360,243
237,29
548,21
342,42
31,32
305,36
255,11
551,21
203,17
74,71
108,109
228,111
83,506
333,38
137,36
110,245
194,15
446,13
102,486
93,94
188,189
556,13
482,21
511,47
224,487
4,493
100,21
403,42
274,21
112,13
267,268
527,17
320,321
81,82
192,193
198,200
414,21
348,176
141,142
198,91
122,51
263,87
380,19
329,7
368,38
135,21
444,17
349,73
8,459
174,7
48,1
110,111
33,230
470,11
161,253
127,128
49,17
432,13
369,370
261,36
423,21
6,7
437,21
561,32
97,123
66,21
52,32
77,104
118,29
538,17
406,38
35,36
43,19
416,21
450,51
445,51
306,47
428,13
354,21
441,19
33,484
14,15
160,29
279,71
499,500
363,364
0,1
256,257
404,76
554,42
373,374
228,334
99,21
405,69
488,71
141,9
85,71
455,456
536,21
222,71
251,29
339,21
77,547
453,454
205,176
8,9
300,421
266,21
436,73
157,13
138,87
151,36
170,168
244,13
24,232
169,47
357,11
12,13
106,42
558,13
539,71
513,71
475,69
557,21
572,19
278,131
477,71
214,13
553,73
116,11
366,38
174,76
532,71
97,519
401,13
284,76
75,76
122,76
215,216
564,13
407,19
58,21
367,13
90,91
77,78
92,42
474,32
150,47
207,42
262,126
24,25
135,176
185,21
210,126
383,1
219,32
81,425
528,42
431,87
28,29
218,87
122,126
482,483
375,21
46,47
473,21
340,36
206,29
208,71
299,42
531,73
241,38
391,15
229,11
451,1
359,71
514,13
406,7
23,15
563,42
175,176
531,21
183,176
165,166
465,29
335,1
308,42
559,11
510,42
498,243
235,15
287,21
62,280
499,555
350,13
221,530
31,7
460,13
139,226
573,11
534,71
43,21
424,17
311,71
10,11
196,233
318,21
352,15
171,126
378,3
114,283
518,21
501,36
419,29
271,36
466,21
259,17
568,21
192,162
246,131
457,13
442,443
53,21
70,71
386,19
276,21
90,361
56,57
191,13
113,13
22,21
68,7
389,42
196,197
44,13
181,1
158,29
362,47
521,522
83,505
62,63
388,76
269,19
448,87
26,27
397,398
296,11
152,153
309,42
167,42
507,508
240,76
