911,854
186,954
868,869
164,370
1011,80
269,975
698,32
958,872
786,922
584,585
320,806
734,735
967,848
112,724
99,912
1018,749
418,347
656,657
791,36
672,673
376,809
741,421
746,593
358,710
588,589
692,693
699,505
846,524
971,826
1013,592
263,456
849,740
792,233
130,935
783,949
576,1005
96,690
580,36
617,618
667,168
691,522
619,620
762,659
951,952
72,804
472,839
801,653
125,663
992,575
703,3
979,522
667,604
680,226
892,670
551,364
305,715
988,873
127,578
628,914
543,683
1004,1005
756,757
415,5
765,490
255,986
755,975
480,464
825,641
882,63
410,301
938,98
712,13
750,709
462,926
1025,858
849,427
290,500
696,826
177,948
841,842
652,914
672,651
834,835
906,827
424,508
470,1030
712,998
324,810
736,1007
571,597
853,854
907,776
919,374
1014,502
960,454
582,610
569,782
285,910
196,930
1032,283
595,321
439,972
229,963
883,872
1012,87
586,587
729,740
796,797
968,820
536,611
850,851
120,610
708,760
1024,606
889,995
817,818
365,761
729,377
1013,1028
515,646
894,766
621,575
969,257
636,637
669,670
644,645
1001,981
642,643
894,895
840,562
419,774
974,768
886,831
993,500
979,991
392,3
199,858
758,374
942,862
821,822
272,1022
808,789
455,615
244,623
802,253
571,506
650,651
863,626
1017,626
1008,254
682,749
878,839
866,587
488,233
661,298
590,547
706,36
897,898
238,677
876,877
252,567
634,675
441,601
985,986
696,697
834,128
446,714
990,670
1034,896
773,956
882,606
603,604
120,735
953,637
207,248
1002,555
628,57
865,857
576,47
467,666
955,493
525,774
510,785
830,831
706,707
723,724
532,827
832,833
856,307
614,615
568,487
816,772
781,782
936,500
600,601
944,597
633,111
730,211
994,804
763,764
691,245
855,665
716,34
905,121
828,612
682,683
701,702
676,677
208,1021
1036,998
680,681
404,647
686,65
878,879
622,623
658,659
811,435
397,822
751,91
928,27
634,635
674,873
438,827
786,78
841,374
719,490
160,844
314,898
573,748
919,789
738,505
572,794
1037,73
557,639
803,804
892,709
198,964
960,693
630,567
1015,874
695,657
588,718
49,874
172,679
965,216
711,197
662,232
911,325
747,748
823,824
696,959
1027,123
535,612
224,148
859,82
265,374
594,9
664,193
987,959
837,225
619,818
775,776
408,831
1002,1003
931,429
971,616
763,665
884,459
640,144
8,593
790,490
695,1016
734,760
577,578
989,646
974,991
234,772
788,789
577,411
118,655
546,257
1031,549
870,749
466,146
733,495
903,893
731,732
871,872
431,443
807,461
407,873
921,429
538,1000
58,766
1035,87
917,684
527,581
843,844
727,728
700,390
134,915
352,726
0,981
725,726
783,575
116,946
613,476
64,227
629,13
594,916
348,927
845,461
332,685
332,890
730,599
812,659
788,864
947,517
976,732
407,885
751,893
941,583
767,768
45,896
720,721
235,848
784,785
924,798
541,776
722,248
92,713
586,757
779,84
865,999
362,608
1020,7
355,922
780,34
852,25
889,836
905,943
546,168
163,961
815,896
303,732
584,94
705,677
279,654
357,687
773,533
860,71
594,798
617,915
264,794
875,774
167,745
880,881
258,891
640,641
940,599
819,820
816,454
717,140
813,814
866,693
908,57
799,879
838,643
318,60
35,282
762,646
771,772
736,34
116,624
978,42
861,17
997,612
918,663
553,9
553,317
191,824
799,800
174,136
904,495
945,197
582,583
143,500
853,961
652,653
1023,684
867,176
609,42
85,398
289,1016
815,728
1026,361
708,709
828,829
955,115
871,761
769,847
777,778
574,575
811,592
220,1029
671,550
742,743
274,98
792,689
1033,547
980,353
39,440
953,954
664,665
627,216
856,857
