1191,757
1288,1602
292,37
1410,257
1011,1550
715,509
1420,1106
600,920
34,153
1440,265
1503,350
490,834
383,1350
1017,395
1149,1458
751,22
226,1106
1289,834
527,825
776,470
888,59
1459,123
1599,1231
658,1095
1399,1550
1204,809
1151,185
661,806
1577,18
252,806
1322,354
781,854
815,209
1500,516
297,1499
1053,903
1359,323
324,27
1102,59
0,166
491,1089
614,539
1177,1654
159,1473
838,654
1066,1639
1596,778
577,144
968,757
1595,1555
1425,1633
1525,350
390,470
892,825
869,809
690,1014
1528,18
1070,1406
1177,504
1566,55
506,162
1070,1499
1394,144
46,1089
965,374
747,1231
54,1182
1600,1270
246,536
199,794
1374,983
733,416
808,436
139,567
1116,15
58,37
245,326
301,1182
1546,640
1252,20
140,1014
1194,581
95,265
652,903
625,1313
1472,1382
16,374
336,192
271,840
1595,1195
852,1619
929,1195
234,803
568,416
1133,150
364,1442
90,148
775,79
1385,257
626,1125
995,1313
1580,1356
1506,1496
843,18
555,1522
1403,1309
1032,13
1595,667
1225,833
1325,323
105,15
761,1522
177,893
944,1153
1398,1106
452,716
1642,1563
452,153
417,358
1018,1380
1411,893
230,731
594,94
799,358
1635,1260
518,840
385,1356
203,809
655,1633
370,809
293,1442
472,8
593,1619
58,833
1049,1380
1197,515
577,123
1036,537
1545,470
1493,803
1621,222
1577,509
1410,972
1130,481
125,536
381,654
444,1639
282,1350
1321,1560
1208,778
514,1188
1091,1477
117,467
553,858
771,185
1150,162
881,1473
1048,1316
514,1514
1318,244
1267,185
836,1081
1322,924
1432,586
1319,79
1513,1090
1552,803
188,118
1391,1002
963,1095
552,326
1540,587
72,1380
197,222
190,794
249,446
853,757
1015,1418
886,713
1413,1205
420,632
398,1422
1062,716
180,1188
1154,1563
425,665
874,584
489,33
936,608
1452,185
784,66
306,113
786,858
69,1555
950,1106
1426,434
54,10
1459,52
1281,927
768,1153
1627,378
45,567
872,66
907,446
1193,1570
198,1089
1130,467
1058,833
339,431
1660,175
93,57
775,1160
460,118
1266,1
1468,1477
49,1061
979,767
891,972
119,942
682,481
332,29
1355,111
1301,620
1475,81
1673,537
797,1307
353,1442
1504,1236
466,354
582,257
1139,580
1377,79
1176,356
1051,1069
1196,927
1025,94
1670,179
1681,1095
168,716
1535,1422
473,179
218,803
121,185
128,1095
1053,118
1643,1473
1497,1486
327,479
394,893
1124,1195
686,509
1488,401
1214,716
571,1522
1468,1570
598,903
1578,52
353,1002
572,806
1074,1473
88,1299
310,1090
677,716
999,825
1213,536
1646,654
842,858
652,144
681,434
207,1477
506,294
641,673
506,1081
1121,1195
1375,924
194,358
1659,1231
1111,1014
418,8
658,378
1489,1014
538,401
1241,739
520,25
1623,179
180,983
614,434
618,1380
1041,1418
1431,276
607,635
167,997
469,942
524,962
940,1550
1457,1095
630,118
1022,1486
808,1514
966,537
1626,581
1306,1195
1601,809
74,1633
1262,980
69,1090
835,1307
906,329
638,1231
1551,567
420,1619
546,1522
1166,1619
1683,509
1283,1633
573,778
72,1429
940,710
1474,276
719,903
793,1
1564,794
1390,893
877,854
1268,567
1671,757
1295,1496
310,942
746,1153
402,31
1070,962
895,1429
678,581
1152,1313
157,657
1332,1429
1114,1597
921,537
1376,81
1243,1639
1411,562
1332,1639
1578,33
1149,356
348,806
555,326
926,632
387,175
1689,253
423,323
1259,739
1006,13
546,1473
1620,1597
999,665
1487,860
796,1602
1073,1260
2,1090
311,358
1273,1014
450,580
1213,305
898,29
36,1639
191,1550
327,358
1283,319
131,509
919,59
194,858
69,1418
1319,416
1590,1014
425,406
1281,1316
618,1522
337,834
348,15
258,291
236,29
525,148
1414,15
34,1188
1208,1236
1067,1188
877,1422
177,1341
898,20
583,307
1003,55
1083,138
245,138
736,31
785,27
1403,3
304,1260
951,25
818,192
585,640
459,1195
890,858
917,833
475,537
1271,1442
372,29
492,31
1234,20
1173,1560
124,1586
1029,31
1676,539
815,1209
370,1486
459,922
206,15
1448,18
1584,20
545,893
385,395
414,1639
205,767
1070,983
1369,983
1349,222
1540,1406
1454,8
1072,376
184,467
965,650
1456,319
249,307
542,1602
853,138
104,50
281,1633
692,8
629,11
641,416
1340,825
1308,997
1220,1354
855,1406
1549,185
451,554
1464,667
1173,834
714,108
1464,632
788,840
1610,608
1176,1419
517,1473
1278,57
1452,1480
1391,20
461,153
645,654
846,1356
277,1444
1201,1570
469,927
44,1514
169,376
1491,10
868,980
1302,288
360,536
1445,581
1404,587
946,1570
1674,231
1155,94
1107,1560
145,1013
181,1380
1562,1419
442,81
715,111
932,767
770,1380
1201,50
1500,1458
823,446
73,942
53,858
96,537
866,1480
360,1163
206,25
492,358
1516,504
1384,1619
1254,1602
859,1257
823,57
1304,361
507,1313
97,150
1016,113
163,416
85,924
799,942
614,323
453,57
817,374
224,33
1349,586
530,1499
245,253
63,858
695,55
751,1212
78,1153
557,1639
1376,650
35,166
1185,554
1343,767
1580,227
1456,1586
1511,20
982,1429
1291,6
1199,657
637,18
934,31
267,374
1624,580
750,716
1150,319
1206,509
938,1309
839,406
428,1654
1547,1555
766,972
34,454
1521,361
1135,840
1391,434
93,1422
617,504
493,778
1314,635
730,57
1551,305
1193,1260
1055,395
979,809
1339,25
864,231
940,68
832,581
1478,123
459,431
1027,1095
884,15
1681,1307
289,257
735,1354
67,1477
1510,253
913,860
1019,562
1237,1442
1172,350
180,352
1342,479
1618,927
189,153
100,980
1234,587
28,454
1528,980
332,1570
235,10
977,840
30,3
596,927
115,1380
1591,66
1054,1212
285,1090
835,794
1472,1442
1026,1380
472,276
302,1244
1312,1307
473,37
56,123
1498,323
1533,1002
662,111
894,1309
711,185
941,882
735,55
2,729
151,1633
279,376
1273,1195
535,1418
981,481
756,511
1027,587
1648,567
1629,587
939,27
451,726
1634,1160
306,536
835,1473
906,307
1351,434
643,1406
839,222
1506,687
1417,344
1187,1069
335,25
817,253
1489,416
1481,854
1491,123
686,1089
1497,654
529,620
505,1309
901,1188
609,57
226,726
1147,81
668,481
1203,291
338,146
634,305
732,1639
1466,153
873,667
1117,50
560,1418
389,326
459,291
1298,68
659,997
884,1514
751,6
826,1477
707,882
1557,37
1021,920
1573,980
1216,138
1273,1205
1368,227
973,8
1142,1354
1278,344
1370,25
1011,8
340,922
714,581
1456,395
353,344
1447,175
49,1212
403,1380
917,361
719,454
1650,1586
555,1496
1333,1350
371,1236
841,903
1278,1633
1503,454
97,537
1535,18
332,352
171,1406
685,729
317,20
583,1307
952,1477
1223,376
1314,1270
315,860
907,1299
487,840
130,922
82,25
1557,726
1536,1560
1393,980
72,31
1455,882
1130,858
1384,657
1543,778
788,79
1149,580
191,608
998,1586
93,434
1178,673
1398,406
568,667
268,1287
1437,1654
558,1563
898,1356
382,1380
538,710
821,50
386,1188
864,539
910,479
1119,1160
128,1555
690,37
1026,395
642,1429
1308,227
518,1406
1376,113
609,1125
1175,1654
1548,516
129,1477
241,25
107,1422
563,446
1266,767
651,1473
1047,326
282,166
538,650
273,123
101,1160
846,502
724,1563
210,803
483,716
996,209
389,1299
1624,291
486,162
968,882
221,537
486,15
613,739
658,586
1241,778
872,537
292,860
890,687
1144,509
1391,980
1582,516
1500,1341
1278,584
442,1061
1007,562
1508,1013
1588,50
1400,726
430,1602
797,922
626,52
816,882
1008,50
1258,1570
1334,20
592,108
1279,470
393,144
1624,962
910,192
93,79
599,1619
992,1013
1650,108
768,942
486,1313
945,1195
953,358
101,1496
403,1442
336,416
1294,416
525,307
545,231
1455,1619
1400,22
1193,134
407,729
258,710
1021,18
995,3
145,586
945,509
1053,1002
505,1639
817,1090
1079,79
459,1429
1057,253
735,352
9,1350
690,11
1403,1597
1606,1486
682,1163
218,539
1539,515
928,716
973,1095
930,22
923,253
284,68
1562,922
385,81
206,1496
1237,222
527,1212
1589,361
649,138
592,431
115,416
936,15
909,502
784,166
557,108
1043,1106
208,581
1237,1212
1578,710
885,893
475,1382
706,554
1562,356
762,554
682,502
1005,118
501,729
1489,1480
907,291
171,378
852,809
491,539
241,716
1537,1212
712,657
987,1090
923,726
826,920
517,361
582,882
220,1163
1405,1619
1684,767
628,31
1618,1115
759,1480
607,1356
1024,395
1651,854
1302,833
302,962
119,1560
1548,502
1242,972
1433,22
1117,1382
5,713
1485,620
1369,587
1043,350
176,1477
216,860
24,924
475,1260
418,244
1167,10
1416,436
1086,94
1068,1597
564,146
87,1382
413,15
951,665
889,554
1667,687
255,580
917,1473
878,1209
87,329
1250,544
953,416
457,1341
1479,10
867,1560
909,673
1063,1013
751,344
83,467
1594,257
598,502
526,1350
46,1486
1022,1586
1127,1480
1247,1087
105,1356
1203,1257
1258,1299
629,803
976,257
1122,470
411,1188
1097,81
246,1309
1245,654
1634,408
1291,18
183,1522
1537,1087
1186,1095
349,81
1099,1002
954,1089
127,1316
316,1244
90,1270
1072,1442
706,567
48,731
430,111
1383,1087
1689,52
904,860
318,1095
90,376
533,567
707,148
484,27
161,1522
1226,632
1174,1382
520,454
1301,903
594,1081
419,1069
449,59
1063,1496
755,305
847,1212
435,431
1150,209
1320,113
1285,860
878,138
1234,354
149,726
975,222
631,29
371,580
733,544
845,539
1249,1231
85,446
936,436
638,113
979,374
1085,539
945,1106
844,1160
943,118
1137,710
1479,687
1072,1380
552,470
649,1212
285,523
614,276
1256,1406
1216,1477
1136,729
1174,479
1118,1231
104,620
1503,1188
1166,1444
117,509
1337,665
45,59
1279,1260
383,1014
1470,10
450,374
955,209
1271,344
1215,511
1501,294
1359,1499
1053,1382
845,1633
1584,1354
1028,18
985,1115
535,922
338,1458
1483,1496
556,509
1226,288
1077,1560
172,1570
569,305
888,231
1104,809
41,1212
1247,276
249,1429
905,536
155,354
295,329
1539,739
1660,253
701,1236
686,1069
1077,8
41,1419
588,446
1547,1486
798,1125
1664,319
795,1602
1672,794
437,57
243,326
596,344
1347,854
32,18
480,806
457,94
564,294
578,1231
48,1496
1430,511
1213,1115
684,757
799,33
1452,834
732,68
1638,903
1114,244
1648,479
14,586
1097,431
302,179
1470,52
808,1406
1561,667
753,858
432,13
274,502
1603,57
51,454
414,227
1616,257
732,962
43,858
869,15
471,640
1031,319
1292,983
224,1597
693,1106
1033,1081
689,1106
659,1458
936,854
963,983
1282,1406
322,1236
776,767
1241,1307
838,408
958,222
501,657
1397,1356
1451,729
600,757
105,57
666,729
1079,231
1063,436
748,1442
1482,1160
1438,481
1449,1422
1276,1406
1616,361
855,1419
954,1059
1482,504
1190,57
1481,1163
346,1354
1474,1125
1636,1236
1282,516
1055,31
959,833
365,118
998,1550
1107,767
1626,673
181,22
751,739
742,1089
285,640
208,673
627,1570
1573,148
1258,1563
1644,1195
765,344
965,222
336,806
125,860
768,416
314,1422
1381,710
1215,942
779,406
1460,1477
375,1356
455,1014
993,1313
1530,729
161,276
1678,1014
202,37
769,13
346,1059
789,1087
644,803
974,227
1491,55
461,319
74,515
1604,1406
876,1442
95,358
1580,833
812,153
1605,431
1062,344
1491,3
1562,209
412,1499
1407,1442
564,81
817,1061
82,192
1448,833
1273,1061
1237,374
1079,803
1451,1115
1007,146
738,1563
553,825
102,1125
835,1486
1497,10
1641,757
248,1560
828,635
402,1406
594,673
1540,608
1457,1106
43,650
1001,673
1507,406
595,1639
1681,544
226,222
759,509
575,1115
668,1081
524,1602
489,1486
105,1236
1510,6
597,470
1410,50
130,395
1255,1287
621,997
583,50
801,1522
1663,620
200,307
1181,1153
827,516
1233,1550
1189,222
571,539
1663,1486
215,1205
558,608
74,858
455,406
310,1
4,673
1605,893
1618,778
1155,536
381,1586
689,544
483,481
1161,713
351,854
1543,350
651,539
1058,1209
71,1257
680,1422
1466,731
1246,111
792,1341
517,1350
923,920
1027,1313
233,227
92,757
941,294
1030,436
1252,1570
1175,635
1348,1236
1649,59
593,1106
949,57
63,710
1603,3
1119,1188
1253,1260
617,361
1288,1354
1537,1380
916,11
670,253
495,294
736,1356
1202,467
1295,1106
438,710
1648,111
411,511
188,806
1062,562
261,1514
41,1313
331,516
789,983
1263,329
1510,108
218,454
1124,94
781,288
255,1514
1376,731
1114,539
36,166
306,1496
341,833
542,374
116,361
1285,731
142,1480
721,401
1283,37
1357,22
43,1555
93,562
693,757
603,635
831,809
1364,757
1624,1244
483,586
682,1382
267,893
531,536
668,1480
273,150
91,1419
1666,825
1502,231
1241,1354
1298,416
525,1014
522,350
666,1307
1351,620
876,1095
1517,1125
254,22
116,467
631,833
534,1195
100,834
490,319
32,244
930,1522
334,57
317,479
1638,778
718,920
1554,454
174,1429
268,1002
353,94
938,1059
1289,1350
995,68
1684,922
1224,22
360,1002
324,59
1483,544
1615,924
1181,1209
110,713
1403,378
107,586
327,175
963,118
1134,581
272,1002
396,1069
196,1316
388,305
1211,204
1610,108
370,1115
1355,924
1268,395
85,350
1146,1444
147,554
1021,687
314,1081
389,222
1224,323
475,673
77,354
1311,179
1225,739
1596,470
263,1182
1357,1309
1594,1350
1031,1160
1279,586
558,1212
1461,665
1062,361
495,1496
1175,1212
151,55
540,150
1516,1125
810,731
487,650
998,1499
1629,153
404,657
35,1499
1029,1354
432,580
879,757
1222,31
1046,1550
14,204
1258,1153
1495,673
178,767
1672,37
1498,882
807,20
1134,523
712,803
1599,146
172,192
798,148
519,376
1482,108
282,1182
403,291
1615,361
1546,416
491,1260
1459,436
475,739
978,352
1170,972
1217,55
1569,858
1390,1522
351,1115
1431,667
1533,729
159,1002
240,294
441,185
1434,713
1180,150
1592,1570
1688,567
1653,358
206,713
1285,354
1296,972
1519,1499
863,972
675,329
496,640
631,111
548,803
1187,657
1378,903
1430,1570
717,55
313,209
133,523
23,305
964,1477
1664,1069
1124,401
1017,1209
421,307
1053,502
1201,920
85,997
1655,1633
1685,1639
751,79
328,1188
1428,716
573,1458
916,1560
669,1406
418,55
390,148
1149,1260
1548,1458
1487,1244
870,227
897,352
1021,27
1066,767
830,436
201,515
1604,144
1228,1477
61,1153
575,1563
1249,361
40,113
4,927
1541,860
246,1209
1018,1014
1443,244
633,903
734,401
770,1654
823,294
907,307
1387,1619
310,192
1453,118
1373,209
1140,185
1661,148
1663,581
512,1069
971,803
170,27
690,1013
1679,858
897,834
1269,1422
1420,962
901,144
965,1382
65,144
419,436
476,118
1256,767
986,479
1322,942
1120,94
225,29
426,118
1659,1059
263,162
225,291
514,307
435,179
1194,778
152,37
24,1231
1230,6
1259,288
925,481
40,667
616,1115
230,378
828,326
1454,1597
786,586
1144,1480
440,1160
428,257
107,767
190,162
375,1480
699,467
383,15
500,806
1304,162
1455,1555
1272,713
1057,854
215,586
1233,1287
936,470
87,354
943,326
1000,989
1428,584
821,185
702,1153
1039,408
849,554
721,1163
765,33
17,1496
816,175
1469,25
1412,544
680,1496
688,446
78,6
1385,253
1147,511
1644,10
1021,1316
1348,20
541,1125
1605,222
498,854
1337,587
570,244
156,893
488,1514
1432,356
437,222
216,632
1365,1418
1475,942
508,408
1437,294
1561,356
332,288
224,1209
1065,66
1664,632
1571,1205
766,11
1108,1354
1490,1182
626,980
1450,265
328,1316
1078,3
370,22
487,416
246,374
772,15
633,729
1249,15
1251,434
720,288
1653,1514
322,620
132,3
531,352
312,554
1376,502
1186,294
393,1486
1431,31
1358,1125
598,408
576,25
1399,1270
462,920
607,657
51,431
140,1188
1241,1429
512,515
628,146
1668,1313
420,1341
1615,1560
1689,209
62,1257
46,57
1224,608
705,146
1357,113
53,1087
1647,29
971,1115
1448,294
887,920
5,1059
1328,401
415,1163
270,138
1276,401
600,231
1387,1477
1641,79
353,1069
947,378
1676,581
855,1013
1173,37
1169,13
21,231
1401,803
343,562
256,1153
1460,567
1157,1418
1687,81
1520,68
1318,326
1023,997
1203,657
1449,515
464,416
1058,1356
838,731
660,1499
