928,1
115,18
353,291
1016,146
816,31
460,25
184,515
1425,3
42,20
182,1
369,81
588,15
330,25
848,1
793,794
1271,20
1472,81
373,554
237,253
424,94
873,31
1170,31
937,146
1210,37
987,3
787,94
534,3
1641,13
1078,20
1534,33
370,3
125,29
1113,31
210,15
661,33
1233,29
680,1
497,33
1643,3
798,138
819,3
486,13
867,29
1412,20
861,79
445,111
202,3
1177,3
619,620
694,244
316,31
653,323
832,1209
441,146
497,29
1071,3
783,94
651,3
65,1106
161,326
737,29
638,18
117,504
1121,20
863,29
765,18
325,326
1040,94
74,13
483,138
1495,29
1456,1
99,31
298,29
571,3
415,8
328,162
48,68
400,1316
42,6
538,726
895,15
843,29
367,29
648,29
1687,15
784,18
1402,18
464,6
1105,8
1349,68
519,1
901,11
51,1287
1378,11
717,37
1146,31
396,146
974,59
1628,1
872,18
1583,18
1579,18
260,20
1446,15
928,22
594,502
1150,3
526,25
1509,13
1448,244
154,31
250,11
1599,3
906,29
449,1
487,20
44,15
9,1153
158,3
343,29
1117,33
237,307
240,25
275,640
491,13
1650,13
666,731
1396,31
224,146
101,15
649,1444
325,726
1548,3
197,68
1016,29
410,33
931,20
155,13
1315,31
161,361
1636,3
1366,6
193,29
746,29
71,20
1479,15
947,134
380,29
916,33
429,37
331,22
1093,665
1048,3
1283,18
1595,37
957,68
1121,11
442,1350
200,37
1572,33
780,8
195,79
666,920
1606,18
189,29
596,22
925,94
967,18
1601,79
360,29
1537,29
1637,33
708,20
798,146
496,18
543,544
216,20
1562,15
992,29
364,25
1675,22
672,972
174,326
1625,13
1219,146
531,25
178,1299
503,59
1627,3
878,29
1223,3
703,146
435,29
606,3
1594,29
368,8
112,323
1417,1418
596,29
1319,68
483,146
1167,29
576,650
1126,13
19,20
1621,13
1249,3
797,29
21,22
561,1
377,378
1003,33
514,739
1590,29
945,13
1342,25
909,31
404,113
117,1639
443,22
1478,18
1208,29
167,79
611,726
1172,3
357,146
529,20
110,111
368,15
902,903
634,52
572,29
1214,3
1077,502
1399,29
200,31
745,138
141,29
524,138
1502,1586
445,1231
1073,68
579,834
274,68
194,1
369,319
34,13
760,3
462,79
1134,3
749,31
864,33
256,257
941,942
1269,33
1060,111
188,3
507,6
423,18
617,29
514,834
1112,1
695,59
660,15
953,3
708,1
340,27
1535,1
548,29
314,18
978,13
425,13
251,29
499,18
883,29
1180,29
560,8
1615,29
588,11
83,13
1109,18
1083,3
132,33
1131,13
65,66
961,962
419,15
529,6
1330,15
776,20
1186,22
848,148
1296,18
312,31
1416,68
484,11
1462,20
1571,20
1438,29
450,22
1154,3
445,515
306,33
859,29
1491,29
982,854
469,470
1348,79
282,22
1033,502
1543,123
24,25
1219,31
589,29
1227,79
172,22
383,1
507,20
397,13
28,29
1224,33
706,138
1506,13
1575,37
430,431
1618,1619
841,31
1140,18
861,68
670,146
607,608
1108,59
208,209
1098,113
1414,29
1659,13
302,326
921,922
1229,18
835,29
1565,3
120,20
1133,1
1026,20
1340,79
2,3
705,29
142,20
1225,15
1635,33
1224,20
93,22
235,59
823,1
302,329
663,13
1534,146
701,29
133,134
1524,33
240,29
284,22
896,1356
538,329
1118,68
839,22
63,31
1582,8
174,1014
304,113
1311,18
1232,31
1076,3
1661,319
325,376
1420,408
1222,323
56,57
135,68
706,15
249,3
993,33
1201,15
1001,33
43,31
804,79
1525,3
149,329
949,31
1241,1
807,81
147,13
30,68
1665,31
538,539
530,3
960,15
766,8
172,146
386,25
1027,29
1593,3
671,31
929,31
1073,146
54,55
1277,146
121,81
527,20
869,146
1067,3
1293,37
155,6
478,479
1017,15
1143,6
612,1
984,29
714,138
751,3
96,18
1109,3
626,6
642,1014
458,33
1344,31
422,59
639,244
1667,6
1187,1188
1395,20
1285,29
238,29
583,3
126,15
163,3
961,620
348,29
385,13
1234,15
919,29
1166,6
1322,18
147,79
89,1
127,20
682,22
206,22
17,18
609,3
1317,11
892,1309
700,3
267,29
269,31
1255,29
490,3
1465,3
1216,33
1037,13
56,1499
39,13
947,1563
83,79
1297,3
1517,29
1328,79
595,13
1259,18
1459,1
368,146
877,33
1549,3
264,138
1440,1287
755,37
981,3
1091,18
1333,113
80,13
995,22
373,1442
629,29
1263,767
290,192
1558,29
733,79
645,3
214,20
99,25
203,1195
1097,244
1485,1486
853,854
399,33
375,3
1587,20
1521,15
1055,33
932,29
440,29
149,192
160,79
207,3
970,13
1367,29
363,31
1482,79
442,31
1328,1
1021,22
686,687
82,6
601,37
1540,79
912,29
1057,68
559,1
1503,204
884,294
1670,22
1656,33
1646,20
65,352
1461,13
1274,18
254,33
579,66
844,1
463,13
857,31
1245,94
131,13
1037,68
933,146
1387,3
156,3
174,358
1138,29
867,146
337,25
1430,29
1217,29
1624,22
405,146
676,1
1092,33
112,113
1343,29
80,138
501,502
418,31
445,329
495,31
776,31
714,146
752,33
197,22
382,18
76,3
506,15
387,15
1598,33
1410,29
642,326
576,537
896,1422
215,29
437,3
599,20
1389,113
1384,29
1396,37
341,18
315,3
280,31
500,13
83,31
774,29
995,13
1242,22
647,68
1542,3
1193,29
84,6
396,138
1492,15
1039,15
852,3
93,94
829,31
137,138
837,79
593,3
956,33
991,13
952,1
618,29
1088,3
313,22
1345,33
90,15
1681,18
347,33
1647,13
240,37
868,18
696,6
1449,3
402,18
1362,31
325,66
799,1514
971,13
856,94
258,29
1604,138
1049,31
445,446
1576,22
420,15
309,22
283,15
693,29
1246,29
862,20
56,537
237,113
304,323
328,329
874,27
1392,15
1529,15
1124,1
864,29
353,536
1394,13
634,635
369,138
510,29
290,1354
65,860
390,22
1159,924
513,1
1292,3
254,6
161,175
659,79
353,581
465,3
60,13
768,323
311,25
692,13
287,294
1519,13
98,29
199,15
914,3
683,511
234,6
297,3
831,15
779,29
303,29
866,22
1139,22
388,3
946,94
1165,22
1439,6
1035,94
445,162
240,15
798,37
637,3
217,3
775,29
1246,15
308,3
302,57
1369,13
850,18
668,13
1221,33
1300,13
754,3
1533,29
807,15
1684,22
816,29
1141,29
1487,1
585,586
911,29
1474,22
870,13
1251,29
564,18
1056,29
1450,31
789,25
477,146
614,6
1184,79
925,20
160,146
1500,502
1613,29
1121,29
56,192
261,31
1247,29
1531,20
48,31
1530,3
299,3
56,175
706,20
102,3
1250,33
623,18
1432,33
302,361
403,33
438,1
1004,3
1388,687
1114,1307
555,68
985,68
316,29
392,854
219,146
390,138
1135,467
769,94
770,68
383,138
714,11
678,29
1359,20
186,29
1120,13
335,1
725,94
543,222
1630,18
435,1473
670,25
190,1
597,20
1686,22
167,1
1483,31
959,37
1030,31
907,3
1685,3
1551,6
658,29
1046,18
1454,33
642,665
302,227
1347,68
959,138
95,29
565,15
462,94
542,3
271,148
683,515
381,22
532,29
810,148
1062,13
87,1
168,146
191,192
1122,6
680,13
273,6
174,997
631,1212
766,20
400,567
338,113
238,6
514,1014
894,138
719,37
649,57
958,13
1672,15
563,18
605,94
181,1
1596,1597
771,33
908,25
42,146
1318,3
777,778
672,1419
415,59
1455,11
898,3
1198,323
268,29
1130,29
715,716
979,980
1196,3
26,27
455,33
718,1
124,1
101,1
75,18
691,33
501,113
622,22
473,29
818,3
573,29
1374,20
201,3
1373,33
1198,1089
744,29
327,31
292,3
1523,3
1315,29
477,25
488,134
672,673
1254,18
577,22
615,1
789,1
477,138
109,6
649,562
1185,29
1222,305
1086,18
333,22
740,29
298,8
262,18
1213,18
411,13
663,148
250,31
547,31
1291,33
90,11
1017,148
1351,11
324,33
549,29
705,33
1520,13
237,406
1041,18
871,3
451,3
994,1
281,13
1304,3
328,584
815,29
874,244
900,3
518,13
1293,31
173,138
579,580
246,31
384,20
1423,20
493,3
213,33
644,8
838,33
706,148
535,3
965,15
939,20
1409,6
325,352
133,416
1320,18
1460,15
1261,148
1437,27
58,59
756,406
487,1
178,1602
93,138
1588,29
525,29
157,3
1026,79
1168,146
652,3
161,726
35,3
1677,15
1393,33
322,323
170,33
1023,20
1072,18
4,11
913,18
508,18
325,361
1123,25
1505,3
1434,1
582,29
1273,31
795,18
1349,146
629,94
325,175
642,537
1324,29
429,94
1044,15
177,13
167,22
392,1059
982,983
23,31
1021,146
560,31
36,37
1060,1061
302,537
1352,11
1253,18
714,81
322,1089
975,138
1590,22
174,175
86,29
1664,3
529,15
196,29
1064,118
387,138
896,536
1434,8
556,31
1411,6
445,227
1151,3
884,209
400,1163
888,113
698,29
827,204
424,20
271,29
1657,123
799,162
439,33
368,79
435,436
517,3
613,31
56,562
1629,22
247,3
368,59
802,3
345,15
398,3
779,15
304,344
576,834
832,673
5,6
1054,3
890,3
448,18
812,319
622,1
680,146
1007,18
512,3
414,18
1591,146
1361,18
105,3
1265,1
1168,22
325,539
1689,15
1453,608
801,148
1327,59
456,13
103,33
964,8
397,15
99,1
1383,13
1471,22
235,20
616,18
1302,29
1258,20
730,6
1363,33
1235,1236
389,3
230,265
1215,29
666,667
519,79
1454,37
777,79
119,22
1390,13
70,3
614,52
881,3
174,192
611,358
1526,6
216,1
1376,3
1085,29
1024,20
624,584
1518,18
738,13
471,1
73,31
1433,8
1162,3
639,640
90,146
1632,1633
400,401
65,376
636,68
122,123
624,516
930,18
303,1
459,29
1276,20
1467,68
184,66
954,113
152,1654
666,1382
1191,29
178,1182
1252,29
1128,3
104,22
1082,3
975,31
1648,1
364,37
1199,18
1173,11
36,319
246,1
420,1
836,33
782,29
1553,18
839,20
851,146
260,29
1640,13
1370,20
937,20
1321,3
1666,33
1642,15
1049,33
821,18
758,31
1545,111
453,454
725,33
845,15
485,146
1256,1257
1047,3
1673,29
367,146
1171,22
1228,29
400,920
602,18
106,31
1022,1
417,3
999,1
1012,1013
12,13
330,138
251,79
435,1125
568,13
435,22
669,3
392,113
492,29
538,358
1470,18
1669,29
505,3
1000,3
671,29
526,138
1336,18
732,29
1303,29
674,33
149,227
538,834
266,1
114,18
69,1
880,13
428,3
1206,3
42,37
786,3
1064,523
1084,3
925,1
629,319
1263,989
1592,33
290,536
1569,33
190,33
780,1
1577,33
1161,1
596,31
83,68
629,81
820,15
1510,15
1028,33
1312,1313
948,470
1263,544
218,31
1068,31
106,1
677,1
1403,31
799,1205
627,20
322,113
477,59
1075,146
1096,13
290,1244
1197,3
1147,18
151,29
753,33
0,146
206,79
514,515
100,3
889,20
178,757
1202,33
598,20
311,37
846,31
413,29
461,3
226,18
759,3
1288,18
720,15
910,3
830,68
149,358
1464,33
1159,1160
1612,3
67,37
235,81
522,523
44,33
255,18
194,31
591,3
468,31
1556,29
393,29
749,29
1094,1095
990,15
1271,138
277,27
178,1496
550,33
1015,29
866,138
705,8
988,33
164,22
1497,20
161,192
822,31
1536,29
689,68
808,1
885,29
9,10
721,25
750,3
887,27
203,204
275,276
896,1244
353,354
424,68
1432,29
39,1
576,57
149,150
495,20
1338,502
1357,29
762,113
139,15
359,29
1680,13
940,22
570,146
1031,3
991,29
663,37
832,111
1645,3
1164,27
219,79
1405,1406
287,209
560,1
1428,29
697,13
1058,1059
432,79
1119,3
280,22
83,20
1243,22
1457,1458
295,3
656,657
1286,1287
1158,29
85,22
1605,113
519,6
619,1270
1132,29
1358,3
1408,29
629,146
866,59
1504,1
230,1316
1272,29
756,502
1546,13
1435,13
141,6
1190,3
1682,6
219,68
662,29
176,15
1573,29
1351,20
1634,29
237,1081
47,3
503,22
964,79
256,6
85,31
205,29
1561,33
736,3
147,1
67,68
61,6
266,68
538,481
1469,29
286,3
1445,20
1102,15
409,1
612,319
557,31
324,148
1248,29
154,25
618,31
339,31
1189,31
684,1
529,94
894,29
1156,13
390,25
610,3
1226,20
698,6
612,29
649,726
1466,3
38,3
167,94
379,113
242,29
799,515
1578,22
359,8
1683,31
173,33
743,3
349,18
952,6
951,470
116,29
706,13
290,1356
772,3
575,3
279,13
1584,31
672,244
104,1
601,146
683,162
23,8
1567,13
1281,6
429,31
977,79
1391,113
98,31
72,22
320,13
1050,3
4,13
1021,68
498,94
236,22
1006,29
210,33
1424,113
272,146
817,15
712,1090
1032,33
92,29
734,3
1066,18
46,1
1559,687
741,470
1111,59
427,18
147,20
1541,3
161,162
56,840
221,989
899,22
1443,13
702,20
1513,22
679,18
1009,148
311,20
259,18
178,509
39,22
160,8
107,204
561,79
147,319
394,395
64,25
1103,3
807,13
1617,31
1174,68
1484,18
636,33
1093,1014
590,29
239,113
675,15
149,1231
897,25
432,94
318,22
1332,29
184,185
494,33
763,31
1187,858
800,3
1077,113
704,20
694,27
1678,94
570,29
1447,6
83,81
1397,29
671,15
1052,3
318,319
127,31
40,25
304,305
1375,18
1008,68
653,654
169,113
1501,3
824,33
1377,29
44,29
1603,113
290,1422
1137,68
219,1
230,1522
1353,20
849,138
1308,29
714,13
1489,31
712,713
1036,31
80,59
154,68
1280,94
1011,138
595,20
462,29
905,15
904,20
317,33
1644,29
843,25
923,924
475,3
1085,79
228,148
1381,94
182,31
1018,1
630,113
219,6
707,94
727,3
1020,15
1282,3
905,68
160,29
1580,3
0,1
357,31
1668,6
569,18
1148,29
1262,13
248,13
1018,68
1532,1
1398,6
1364,146
1203,20
655,470
932,6
1589,29
788,29
1080,3
611,361
855,687
1181,13
1268,18
364,138
90,79
444,18
936,13
1329,29
605,20
1169,33
764,3
51,15
1339,68
963,29
53,13
391,244
576,539
876,33
1238,13
1029,395
9,175
167,138
147,148
789,146
600,18
1104,29
1538,33
945,31
728,729
1452,146
1218,13
1022,31
761,1
553,31
476,378
1044,68
263,3
1025,3
848,37
812,59
1607,1
1347,13
457,3
301,111
1107,68
463,29
466,467
1136,15
1622,29
1100,29
1246,68
1671,29
1042,1
856,20
449,31
857,138
894,1
289,3
40,33
520,470
1207,22
304,502
67,146
1679,18
541,3
745,37
788,146
518,15
97,33
246,25
1220,18
171,31
1581,687
232,31
1552,33
829,22
480,6
346,11
998,854
557,20
631,632
300,3
1585,431
781,502
353,1429
140,15
183,68
1609,33
41,3
1325,15
1045,29
246,68
777,1380
538,57
1073,79
342,3
540,146
1267,18
271,13
1056,1
1502,1
592,319
653,344
1651,29
785,29
973,6
1653,31
552,18
1144,1
287,288
1121,1
293,68
421,31
88,29
1189,13
433,20
1237,3
210,29
549,1
842,29
355,356
724,25
551,15
65,57
1574,29
1476,1477
221,222
351,37
372,94
1192,29
78,79
283,31
379,3
1246,13
36,138
533,25
915,31
230,231
285,29
183,37
1655,22
873,22
917,29
538,361
1298,113
353,434
152,153
1614,166
371,15
926,1087
211,3
755,22
510,13
