1191,757
1288,1602
292,37
1011,1550
47,587
1420,1106
600,920
34,153
1503,350
1603,209
1017,395
1149,1458
527,825
1599,1231
61,1313
1399,1550
1204,809
1151,185
1577,18
1535,222
252,806
1322,354
297,1499
1053,903
136,108
324,27
1102,59
0,166
491,1089
1447,1125
614,539
159,1473
838,654
577,144
1012,1089
1595,1555
1425,1633
869,809
690,1014
1577,27
1177,504
1566,55
1070,1499
46,1089
177,922
747,1231
965,374
54,1182
246,536
1392,1597
1374,983
733,416
808,436
58,37
645,1205
245,326
301,1182
140,1014
1194,581
1449,1633
95,265
652,903
16,374
271,840
1152,1570
1133,150
90,148
626,1125
995,1313
1279,1014
1506,1496
843,18
555,1522
1403,1309
1133,1570
1595,667
1225,833
105,15
177,893
1322,1106
1398,1106
1642,1563
1018,1380
230,731
1360,81
518,840
385,1356
655,1633
370,809
1509,924
472,8
58,833
1049,1380
1197,515
646,860
577,123
1036,537
1493,803
1577,509
641,1299
1410,972
125,536
381,654
1321,1560
626,1406
1091,1477
117,467
881,1473
836,1081
748,989
1322,924
1432,586
1513,1090
1391,1002
1576,1350
963,1095
1540,587
72,1380
197,222
365,920
1413,1205
420,632
398,1422
425,665
210,673
874,584
489,33
936,608
1452,185
1589,446
1426,434
54,10
1627,378
45,567
84,1081
872,66
907,446
1193,1570
198,1089
254,8
1660,175
1266,1
1468,1477
891,972
526,344
682,481
332,29
1475,81
797,1307
251,608
1504,1236
1535,1422
473,179
218,803
627,27
128,1095
1053,118
1643,1473
1497,1486
708,757
394,893
1124,1195
1488,401
1214,716
1056,1499
1468,1570
353,1002
88,1299
310,1090
310,504
999,825
1213,536
842,858
681,434
1067,757
207,1477
194,358
1659,1231
418,8
496,1244
520,25
1623,179
614,434
618,1380
746,778
1041,1418
1431,276
607,635
167,997
119,27
469,942
940,1550
1457,1095
630,118
796,924
966,537
1306,1195
1601,809
74,1633
808,509
835,1307
906,329
638,1231
420,1619
475,79
573,778
940,710
1474,276
1564,794
334,523
1295,1496
310,942
746,1153
895,1429
732,537
678,581
1332,1429
1114,1597
1376,81
624,257
1411,562
1149,356
926,632
1689,253
1503,1257
1259,739
546,1473
999,665
796,1602
754,1458
2,1090
311,358
1273,1014
327,358
99,840
1590,1014
1281,1316
348,15
258,291
120,673
525,148
34,1188
1208,1236
1067,1188
1466,1160
583,307
1003,55
1083,138
736,31
1238,1313
1403,3
304,1260
818,192
585,640
289,825
917,833
475,537
1271,1442
372,29
1016,803
1234,20
815,1209
459,922
206,15
137,479
545,893
414,1639
1540,1406
184,467
1400,509
1456,319
249,307
542,1602
629,11
336,942
855,1406
1549,185
1464,632
788,840
971,175
1176,1419
517,1473
1452,1480
1391,20
751,608
645,654
846,1356
277,1444
1201,1570
1575,554
1302,288
1404,587
946,1570
1155,94
642,55
145,1013
181,1380
1107,1560
442,81
1541,1257
1500,1458
823,446
73,942
53,858
1377,408
96,537
866,1480
206,25
1516,504
1317,52
507,1313
163,416
614,323
817,374
976,716
224,33
1349,586
530,1499
695,55
1377,68
751,1212
78,1153
557,1639
1185,554
568,479
1580,227
982,1429
267,374
750,716
901,1
938,1309
428,1654
766,972
34,454
380,580
1521,361
1135,840
1391,434
93,1422
1122,1422
493,778
1551,305
1055,395
979,809
797,1341
1339,25
864,231
940,68
832,581
1129,587
1478,123
1027,1095
289,257
735,1354
761,356
1510,253
1019,562
1172,350
180,352
54,329
1342,479
189,153
100,980
28,454
984,436
235,10
596,927
115,1380
1591,66
945,962
285,1090
1472,1442
302,1244
1312,1307
527,1209
473,37
56,123
662,111
941,882
483,1555
1273,1195
981,481
1027,587
939,27
0,502
835,1473
906,307
1351,434
839,222
1030,1307
1506,687
1417,344
1489,416
1491,123
816,257
686,1089
1497,654
529,620
901,1188
970,1106
226,726
668,481
1203,291
634,305
634,1002
338,146
1147,81
732,1639
1466,153
74,479
560,1418
389,326
1298,68
659,997
143,294
751,6
826,1477
1216,138
973,8
96,580
1273,1205
1278,344
1370,25
340,922
582,1257
714,581
1447,175
403,1380
555,1496
1032,305
371,1236
1278,1633
1535,18
583,1307
1390,1444
952,1477
1314,1270
487,840
130,922
904,1422
82,25
1557,726
1393,980
72,31
1583,989
1455,882
1130,858
1384,657
1149,580
1370,294
191,608
93,434
1178,673
1398,406
1180,144
898,1356
382,1380
538,710
386,1188
748,1
910,479
1119,1160
642,1429
1175,1654
521,1014
128,1555
1308,227
518,1406
651,1473
763,580
107,1422
1266,767
1047,326
273,123
588,1270
846,502
210,803
483,716
1624,291
304,307
486,15
658,586
292,860
1144,509
978,431
1278,584
1007,562
1508,1013
1400,726
1218,376
1588,50
797,922
816,882
1258,1570
1297,111
1334,20
1279,470
393,144
910,192
1432,470
93,79
599,1619
1650,108
768,942
875,1087
486,1313
953,358
403,1442
336,416
1420,81
1294,416
525,307
545,231
1193,134
1583,635
258,710
995,3
945,509
505,1639
165,175
459,1429
1057,253
9,1350
690,11
670,231
682,1163
218,539
928,716
930,22
1327,1486
923,253
284,68
1562,922
206,1496
1661,352
385,81
1237,222
1589,361
649,138
136,467
936,15
557,108
208,581
1578,710
468,436
475,1382
762,554
1005,118
1489,1480
1070,144
907,291
491,539
241,716
923,726
638,1
582,882
220,1163
628,31
759,1480
497,1236
1024,395
1651,854
1302,833
1433,22
74,1212
1548,502
5,713
1369,587
176,1477
1261,504
216,860
475,1260
418,244
1416,436
1289,138
564,146
87,1382
413,15
951,665
1230,1212
87,329
1250,544
953,416
457,1341
1276,1555
909,673
1063,1013
751,344
526,1350
934,1563
1127,1480
1203,1257
629,803
976,257
131,1013
411,1188
1097,81
246,1309
1245,654
892,858
1634,408
183,1522
349,81
90,1270
988,1442
1383,1087
904,860
318,1095
90,376
293,1002
707,148
484,27
161,1522
1226,632
987,778
1174,1382
520,454
419,1069
755,305
646,192
847,1212
1150,209
1320,113
1285,860
280,179
733,544
845,539
1249,1231
936,436
1457,153
979,374
1085,539
844,1160
1072,1380
1453,1486
285,523
1216,1477
1118,1231
1503,1188
1489,253
117,509
45,59
1279,1260
450,374
1409,903
1271,344
1215,511
1053,1382
1028,18
1364,138
338,1458
1483,1496
1226,288
888,231
1122,608
249,1429
905,536
155,354
1660,253
560,1406
701,1236
686,1069
1077,8
588,446
1412,726
1547,1486
795,1602
480,806
564,294
1374,1299
1430,511
1213,1115
684,757
1452,834
1225,1550
1114,244
1648,479
1097,431
302,179
677,1356
808,1406
432,13
274,502
1603,57
965,632
1616,257
732,962
471,640
1031,319
403,416
1292,983
224,1597
689,1106
659,1458
1004,33
936,854
776,767
1241,1307
838,408
346,144
1397,1356
1451,729
666,729
1438,481
120,1597
1276,1406
1616,361
855,1419
954,1059
1567,667
1636,1236
1282,516
365,118
1107,767
1214,673
1626,673
742,1089
285,640
627,1570
679,37
1644,1195
965,222
125,860
768,416
1119,509
1381,710
1215,942
779,406
455,1014
1130,1654
993,1313
1530,729
1678,1014
769,13
54,716
346,1059
74,515
1604,1406
95,358
240,374
1605,431
1491,3
564,81
1237,374
1660,1341
1273,1061
1079,803
1451,1115
1007,146
935,657
738,1563
102,1125
835,1486
1497,10
145,554
1641,757
248,1560
402,1406
594,673
1663,1473
1457,1106
43,650
1001,673
575,1115
44,94
1510,6
597,470
621,997
583,50
732,1654
801,1522
200,307
827,516
1189,222
1618,291
571,539
1663,1486
215,1205
74,858
1304,620
455,406
310,1
4,673
1605,893
755,778
1161,713
351,854
651,539
1058,1209
839,374
71,1257
680,1422
792,1341
923,920
341,983
1027,1313
233,227
92,757
1030,436
994,153
1348,1236
1649,59
949,57
1603,3
371,1341
1253,1260
617,361
1537,1380
670,253
1544,8
438,710
188,806
1062,562
789,983
828,374
1263,329
218,454
1124,94
255,1514
1455,726
1114,539
306,1496
341,833
116,361
1256,1458
142,1480
1283,37
1357,22
93,562
1660,94
831,809
1364,757
1624,1244
483,586
1511,1639
267,893
531,536
273,150
91,1419
424,6
1241,1354
1298,416
525,1014
534,1195
758,803
32,244
930,1522
1638,778
718,920
571,1069
1554,454
174,1429
268,1002
1224,22
1066,1619
360,1002
324,59
1483,544
1615,924
933,436
1181,1209
107,586
327,175
272,1002
239,185
388,305
1610,108
370,1115
85,350
864,265
147,554
314,1081
389,222
1224,323
1024,608
263,1182
1031,1160
558,1212
495,1496
1023,1499
810,731
998,1499
1629,153
35,1499
1229,118
1029,1354
1222,31
1046,1550
14,204
738,111
1498,882
1134,523
712,803
1599,146
1432,209
519,376
282,1182
1615,361
1546,416
418,37
491,1260
475,739
978,352
1170,972
1247,1444
1390,1522
351,1115
1533,729
159,1002
1232,1350
240,294
206,713
1296,972
1519,1499
75,1316
675,329
548,803
964,1477
1124,401
1217,68
421,307
1053,502
1201,920
85,997
1064,6
1685,1639
751,79
328,1188
573,1458
1647,148
669,1406
418,55
1548,1458
1487,1244
960,1514
1021,27
1066,767
830,436
1228,1477
488,1309
1249,361
40,113
4,927
246,1209
533,257
633,903
823,294
310,192
1453,118
1475,25
512,1069
971,803
170,27
690,1013
1266,1163
897,834
1269,1422
901,144
65,144
1172,192
986,479
1322,942
225,29
426,118
670,1287
263,162
514,307
435,179
1194,778
1124,562
152,37
24,1231
1259,288
925,481
300,1087
40,667
828,326
1454,1597
428,257
711,794
107,767
699,467
383,15
500,806
1312,650
1272,713
1057,854
87,354
821,185
1122,454
849,554
721,1163
765,33
17,1496
1559,1231
1469,25
78,6
1385,253
1021,1316
90,13
1605,222
498,854
156,893
488,1514
823,162
1432,356
437,222
1365,1418
508,408
491,586
332,288
224,1209
1664,632
766,11
1305,1422
1490,1182
1078,3
487,416
772,15
443,1260
633,729
1653,1514
322,620
531,352
1034,854
312,554
1186,294
393,1486
598,408
30,515
607,657
1241,1429
512,515
1668,1313
968,922
420,1341
62,1257
46,57
1224,608
1521,927
1357,113
53,1087
971,1115
887,920
393,825
415,1163
270,138
1641,79
353,1069
631,253
855,1013
1173,37
21,231
1401,803
707,111
1460,567
1687,81
1520,68
1318,326
571,57
1023,997
1449,515
464,416
1058,1356
1479,209
838,731
660,1499
1410,257
715,509
1340,1602
1440,265
490,834
383,1350
751,22
1197,834
226,1106
1289,834
776,470
888,59
1149,1002
1459,123
658,1095
661,806
815,209
263,244
781,854
1500,516
1359,323
1177,1654
1017,587
1066,1639
1596,778
968,757
1525,350
281,148
390,470
892,825
1528,18
1070,1406
575,361
506,162
1394,144
1600,1270
199,794
1661,1429
139,567
1116,15
1546,640
1252,20
415,467
625,1313
1472,1382
336,192
1595,1195
249,276
852,1619
929,1195
234,803
568,416
1504,1313
364,1442
775,79
1385,257
1580,1356
121,502
1032,13
1325,323
761,1522
944,1153
1281,1619
452,716
452,153
417,358
1411,893
127,962
594,94
799,358
1635,1260
203,809
360,860
293,1442
593,1619
1545,470
1621,222
520,467
1130,481
444,1639
282,1350
514,1188
159,138
1208,778
553,858
771,185
1150,162
1391,1354
1048,1316
514,1514
1318,244
1267,185
974,436
1319,79
1552,803
188,118
552,326
364,1257
190,794
249,446
853,757
1015,1418
518,3
886,713
1062,716
180,1188
1154,1563
262,454
784,66
306,113
786,858
69,1555
1171,1560
950,1106
1459,52
1281,927
768,1153
715,356
1130,467
1058,833
339,431
93,57
880,1619
775,1160
460,118
49,1061
979,767
1128,276
119,942
1355,111
1301,620
1673,537
865,511
353,1442
466,354
582,257
1139,580
1427,731
1377,79
1176,356
1051,1069
1196,927
578,66
1025,94
1670,179
1681,1095
168,716
1218,1160
121,185
327,479
686,509
571,1522
262,323
598,903
1578,52
572,806
1074,1473
1432,1354
677,716
1646,654
652,144
1121,1195
1082,358
641,673
506,1081
506,294
1375,924
389,358
1111,1014
658,378
1489,1014
538,401
28,1260
1241,739
180,983
524,962
1022,1486
1469,1087
808,1514
1626,581
1262,980
69,1090
1552,144
1551,567
546,1522
1166,1619
1683,509
964,356
72,1429
1283,1633
719,903
793,1
269,1429
1390,893
877,854
1268,567
1671,757
510,416
402,31
1070,962
1152,1313
157,657
1358,1458
921,537
1243,1639
1332,1639
1578,33
510,1522
348,806
555,326
387,175
423,323
1036,66
1006,13
1620,1597
1487,860
1073,1260
1497,1602
450,580
1213,305
898,29
36,1639
1291,1163
191,1550
1283,319
131,509
919,59
300,118
194,858
69,1418
1319,416
425,406
630,1061
618,1522
337,834
236,29
1414,15
1622,1182
877,1422
177,1341
898,20
245,138
984,22
785,27
951,25
459,1195
890,858
268,1496
492,31
1173,1560
124,1586
1029,31
733,882
1676,539
370,1486
1448,18
1584,20
951,481
385,395
205,767
1454,8
1072,376
1278,1382
1369,983
1349,222
1070,983
965,650
1440,1477
104,50
281,1633
692,8
853,138
622,276
641,416
1340,825
1308,997
1220,1354
156,989
451,554
1464,667
1173,834
714,108
588,1106
1610,608
1278,57
461,153
469,927
290,972
44,1514
169,376
1491,10
868,980
810,608
360,536
1445,581
1674,231
1562,1419
1138,927
715,111
932,767
770,1380
1201,50
800,1563
360,1163
492,358
1384,1619
1254,1602
636,1422
859,1257
823,57
1304,361
97,150
1453,162
1016,113
85,924
799,942
453,57
612,431
245,253
63,858
1376,650
35,166
188,1356
1343,767
1456,1586
1291,6
1199,657
519,1570
1511,20
637,18
934,31
1624,580
300,81
1150,319
1206,509
839,406
1547,1555
477,1639
617,504
1314,635
730,57
1193,1260
976,1059
459,431
884,15
1681,1307
67,1477
1647,108
913,860
1237,1442
1618,927
1234,587
661,920
1528,980
332,1570
977,840
30,3
383,113
1054,1212
835,794
1026,1380
472,276
92,1444
1498,323
1533,1002
894,1309
711,185
986,1257
735,55
2,729
151,1633
279,376
1374,922
535,1418
756,511
1648,567
1629,587
264,3
451,726
1634,1160
306,536
643,1406
505,1654
1187,1069
335,25
817,253
1481,854
1664,840
505,1309
609,57
873,667
1117,50
1266,162
459,291
884,1514
707,882
1368,227
781,882
1557,37
1021,920
1573,980
1142,1354
805,962
1011,8
1456,395
353,344
49,1212
1394,635
917,361
719,454
1650,1586
1333,1350
692,81
841,903
1503,454
97,537
171,1406
573,584
332,352
685,729
317,20
1223,376
603,1514
315,860
907,1299
1536,1560
1543,778
292,1090
788,79
998,1586
568,667
268,1287
590,1586
1437,1654
558,1563
821,50
864,539
1353,1602
690,37
1026,395
1376,113
129,1477
916,1639
1548,516
609,1125
241,25
538,650
978,1106
282,166
101,1160
724,1563
996,209
1572,635
389,1299
486,162
968,882
221,537
1450,1309
613,739
1241,778
872,537
890,687
750,1061
1391,980
1582,516
1500,1341
442,1061
503,1
430,1602
626,52
1008,50
592,108
865,980
1624,962
992,1013
945,1195
101,1496
1317,57
1455,1619
1400,22
407,729
1021,18
1581,654
145,586
1053,1002
817,1090
1079,79
1520,665
735,352
1403,1597
1606,1486
1539,515
16,840
973,1095
527,1212
592,431
115,416
1616,657
784,166
1043,1106
909,502
1237,1212
830,55
885,893
706,554
1562,356
682,502
572,716
501,729
171,378
852,809
1537,1212
506,903
712,657
987,1090
826,920
517,361
1204,376
1405,1619
1684,767
1618,1115
607,1356
630,1163
302,962
119,1560
1242,972
1043,350
728,586
1117,1382
1485,620
24,924
1167,10
675,840
1086,94
1068,1597
889,554
1667,687
17,1350
255,580
917,1473
878,1209
1479,10
142,515
867,1560
83,467
1594,257
598,502
269,794
46,1486
1022,1586
1247,1087
105,1356
1519,113
1258,1299
1122,470
1291,18
1537,1087
1097,922
1186,1095
1099,1002
954,1089
127,1316
678,1212
316,1244
1072,1442
706,567
48,731
817,536
430,111
1689,52
533,567
1301,903
187,1563
594,1081
449,59
1063,1496
435,431
749,1419
878,138
1234,354
149,726
975,222
243,401
371,580
631,29
85,446
638,113
1192,882
945,1106
943,118
1137,710
1479,687
488,1473
552,470
649,1212
614,276
1256,1406
1045,1419
1136,729
1174,479
104,620
1166,1444
622,1209
1337,665
383,1014
1470,10
955,209
1075,13
1501,294
1359,1499
845,1633
1584,1354
1409,37
985,1115
535,922
556,509
1077,1560
1387,454
172,1570
569,305
1104,809
41,1212
813,123
1247,276
295,329
1539,739
41,1419
1538,972
798,1125
1664,319
1672,794
437,57
1102,1212
243,326
596,344
1347,854
32,18
158,253
457,94
578,1231
48,1496
799,33
1318,361
732,68
1638,903
14,586
1470,52
101,179
1561,667
753,858
51,454
414,227
1343,81
43,858
869,15
693,1106
1033,1081
1386,778
963,983
1282,1406
322,1236
958,222
334,227
501,657
600,757
105,57
1079,231
749,406
748,1442
1063,436
1482,1160
1449,1422
242,834
1482,504
1190,57
1481,1163
346,1354
1432,1473
1474,1125
1055,31
959,833
998,1550
396,667
181,22
751,739
208,673
1573,148
1493,1087
1258,1563
765,344
336,806
314,1422
1119,1422
1460,1477
375,1356
161,276
202,37
1234,22
789,1087
644,803
974,227
1491,55
978,1160
461,319
876,1442
1580,833
812,153
784,608
1062,344
1562,209
412,1499
1407,1442
402,395
817,1061
82,192
1448,833
553,825
346,1231
828,635
1540,608
1507,406
595,1639
573,1236
226,222
759,509
1681,544
668,1081
559,113
524,1602
489,1486
105,1236
1410,50
1088,1209
130,395
1255,1287
1663,620
1181,1153
1646,794
1233,1550
558,608
1618,778
1155,536
312,1182
381,1586
689,544
483,481
1543,350
588,1195
1466,731
1246,111
517,1350
941,294
1334,840
1252,1570
1175,635
593,1106
63,710
1462,123
1119,1188
1288,1354
916,11
736,1356
387,1160
495,294
1202,467
1295,1106
1648,111
890,1639
411,511
261,1514
41,1313
331,516
1011,118
1510,108
781,288
1376,731
36,166
661,539
542,374
1285,731
721,401
43,1555
1037,395
693,757
603,635
682,1382
668,1480
796,1422
1666,825
1502,231
522,350
666,1307
651,1160
1351,620
876,1095
1517,1125
254,22
424,50
116,467
631,833
100,834
490,319
788,108
334,57
317,479
1289,1350
995,68
1592,511
353,94
938,1059
1684,922
110,713
1273,650
1403,378
963,118
1134,581
396,1069
1438,1205
196,1316
1211,204
1355,924
1268,395
1216,1287
1146,1444
1021,687
475,673
77,354
538,980
1311,179
1225,739
1596,470
1357,1309
773,1313
1594,1350
1279,586
1461,665
1062,361
948,825
1175,1212
151,55
540,150
1516,1125
548,118
487,650
404,657
432,580
879,757
377,1089
1258,1153
1495,673
178,767
1672,37
75,144
807,20
172,192
798,148
1482,108
92,1153
403,291
1459,436
1217,55
1569,858
391,516
1431,667
441,185
1434,713
1180,150
939,608
1592,1570
1688,567
1653,358
1285,354
1446,319
863,972
496,640
631,111
1187,657
1581,118
1378,903
1430,1570
717,55
313,209
1219,1654
133,523
23,305
1664,1069
1017,1209
692,1639
1655,1633
1428,716
916,1560
870,227
137,253
1149,1260
390,148
897,352
201,515
130,1236
1604,144
61,1153
575,1563
1541,860
478,192
1018,1014
1443,244
734,401
770,1654
1323,33
907,307
1387,1619
1373,209
1140,185
458,657
1661,148
1663,581
1679,858
1420,962
32,687
965,1382
419,436
476,118
1256,767
1054,11
1120,94
1659,1059
225,291
1230,6
1008,1115
616,1115
230,378
786,586
440,1160
935,544
1144,1480
190,162
375,1480
1304,162
534,294
1455,1555
215,586
1233,1287
936,470
1258,632
943,326
1000,989
1428,584
702,1153
740,903
1039,408
816,175
1412,544
680,1496
393,1570
688,446
1147,511
1644,10
1348,20
284,806
541,1125
1337,587
570,244
216,632
398,1570
1475,942
1437,294
1561,356
1065,66
841,162
1571,1205
1108,1354
626,980
1450,265
327,567
328,1316
370,22
246,374
1249,15
1671,185
1251,434
720,288
132,3
1376,502
1176,893
1431,31
1358,1125
576,25
1399,1270
1326,1106
462,920
51,431
140,1188
628,146
426,803
1615,1560
1689,209
705,146
1647,29
1672,134
1448,294
5,1059
1328,401
1276,401
191,146
600,231
1387,1477
947,378
1676,581
1572,408
1169,13
343,562
256,1153
1157,1418
317,244
1203,657
563,446
