928,1
115,18
387,25
353,291
816,31
1623,29
460,25
184,515
1554,1555
42,20
182,1
369,81
86,22
330,25
848,1
1472,81
424,94
777,11
373,554
237,253
1210,37
873,31
310,6
212,37
1170,31
937,146
787,94
534,3
592,6
1641,13
1534,33
125,29
1511,33
210,15
805,806
661,33
1113,31
680,1
497,33
1436,3
1643,3
819,3
486,13
867,29
180,18
1412,20
861,79
1177,3
619,620
424,25
694,244
316,31
219,148
832,1209
1660,29
441,146
1071,3
783,94
651,3
161,326
737,29
638,18
722,148
489,25
117,504
1121,20
325,326
1040,94
74,13
483,138
48,8
1495,29
296,31
1456,1
571,3
415,8
328,162
1030,29
48,68
1314,18
400,1316
538,726
895,15
367,29
648,29
1687,15
325,192
1475,29
784,18
1402,18
1349,68
519,1
901,11
51,1287
1085,31
1378,11
1515,3
1146,31
396,146
974,59
1368,13
872,18
1579,18
260,20
1446,15
928,22
611,66
594,502
526,25
557,37
1509,13
1448,244
250,11
847,18
1599,3
906,29
1179,3
487,20
44,15
158,3
343,29
1117,33
124,79
1512,29
237,307
275,640
491,13
1650,13
178,803
1396,31
101,15
649,1444
325,726
397,148
1548,3
197,68
236,33
410,33
931,20
155,13
934,3
161,361
1636,3
1366,6
1451,18
746,29
71,20
145,146
1479,15
380,29
916,33
1488,29
429,37
331,22
1283,18
1595,37
957,68
1121,11
151,13
143,144
442,1350
200,37
780,8
195,79
1606,18
189,29
742,29
596,22
521,22
967,18
1601,79
360,29
633,15
1537,29
708,20
543,544
496,18
379,502
216,20
992,29
1539,3
364,25
672,972
174,326
1625,13
1219,146
159,22
1110,18
531,25
503,59
1627,3
1223,3
487,79
703,146
435,29
1594,29
368,8
112,323
1426,68
1417,1418
649,650
596,29
1319,68
1167,29
1126,13
1335,33
19,20
1249,3
474,20
797,29
21,22
377,378
1003,33
269,146
514,739
1590,29
173,94
945,13
117,1639
404,113
1346,68
443,22
1208,29
167,79
611,726
1172,3
245,1
357,146
110,111
368,15
1688,33
137,25
902,903
572,29
1077,502
1399,29
200,31
745,138
1204,29
141,29
960,68
524,138
1073,68
579,834
709,37
274,68
194,1
34,13
760,3
462,79
1331,3
1134,3
519,22
864,33
256,257
373,374
941,942
1269,33
507,6
423,18
617,29
998,983
514,834
1112,1
445,665
660,15
953,3
708,1
1070,29
1535,1
548,29
1155,15
978,13
314,18
251,29
499,18
1180,29
560,8
1355,33
1615,29
1293,8
83,13
1109,18
132,33
334,29
1131,13
961,962
419,15
529,6
1652,22
1330,15
528,29
776,20
848,148
312,31
1416,68
484,11
1462,20
1275,33
1200,3
1571,20
450,22
1154,3
445,515
859,29
1114,1115
1491,29
1662,3
982,854
1348,79
1543,123
1033,502
1305,6
24,25
589,29
1227,79
172,22
779,6
383,1
1074,3
507,20
28,29
706,138
1506,13
1575,37
30,31
430,431
841,31
1140,18
128,3
670,146
618,22
861,68
1108,59
208,209
1294,31
1098,113
1414,29
921,922
1229,18
835,29
1565,3
756,1550
120,20
409,146
1026,20
2,3
705,29
142,20
1337,29
1225,15
1065,3
1635,33
1224,20
823,1
266,29
663,13
1534,146
302,329
796,37
701,29
1524,33
284,22
538,329
896,1356
1145,15
1118,68
986,13
839,22
63,31
304,113
1311,18
1232,31
1076,3
1053,31
566,79
1661,319
325,376
1222,323
135,68
1099,148
706,15
249,3
993,33
894,6
1001,33
43,31
804,79
397,68
1525,3
1241,1
807,81
147,13
30,68
1527,13
1123,37
1665,31
538,539
766,8
172,146
386,25
1027,29
777,882
1593,3
955,22
929,31
1073,146
54,55
121,81
130,18
527,20
514,446
869,146
1067,3
155,6
1017,15
1143,6
1415,29
612,1
714,138
751,3
181,33
96,18
626,6
1468,1
642,1014
1344,31
1271,1
422,59
639,244
1667,6
625,27
1187,1188
1395,20
238,29
126,15
163,3
961,620
1611,94
1413,395
348,29
1234,15
919,29
576,1106
1166,6
1322,18
127,20
682,22
43,13
206,22
17,18
609,3
892,1309
1365,1
700,3
267,29
1129,29
269,31
1465,3
1216,33
187,33
1037,13
56,1499
39,13
1310,22
83,79
1517,29
1328,79
595,13
462,20
1259,18
368,146
877,33
1549,3
1326,467
473,6
264,138
755,37
981,3
1333,113
80,13
995,22
813,3
275,858
373,1442
629,29
290,192
733,79
645,3
773,94
214,20
99,25
1176,29
203,1195
853,854
399,33
129,18
375,3
1587,20
684,22
1521,15
1055,33
440,29
149,192
576,111
207,3
970,13
363,31
168,31
1482,79
442,31
1021,22
82,6
686,687
603,31
49,50
601,37
912,29
1057,68
1503,204
1676,68
884,294
1670,22
1656,33
65,352
1461,13
574,13
1274,18
1248,1
254,33
463,13
857,31
892,893
1245,94
1037,68
131,13
524,25
1387,3
174,358
1138,29
867,146
1005,18
337,25
1386,20
1430,29
1624,22
405,146
152,1002
676,1
1092,33
1343,29
80,138
851,29
501,502
495,31
776,31
714,146
752,33
1039,6
197,22
191,511
76,3
506,15
387,15
1598,33
642,326
438,22
412,29
576,537
896,1422
437,3
1389,113
1384,29
1015,33
1396,37
1290,3
341,18
315,3
500,13
83,31
995,13
1242,22
365,15
835,1
647,68
1542,3
396,138
1492,15
1039,15
73,1
852,3
93,94
325,562
137,138
837,79
178,179
593,3
991,13
952,1
618,29
634,1069
313,22
1345,33
832,833
90,15
1681,18
240,37
868,18
696,6
1449,3
229,13
264,146
402,18
325,66
799,1514
856,94
258,29
748,20
1604,138
1663,18
1049,31
445,446
1576,22
420,15
862,20
468,1
693,29
304,323
56,537
237,113
944,470
1175,3
874,27
328,329
1124,1
864,29
80,81
353,536
1394,13
369,138
611,192
510,29
290,1354
443,68
65,860
1159,924
513,1
254,6
45,25
161,175
353,581
465,3
104,146
60,13
768,323
692,13
1334,3
287,294
98,29
914,3
199,15
1010,15
683,511
234,6
1301,29
831,15
779,29
875,33
303,29
866,22
946,94
1165,22
1439,6
1035,94
711,1
1295,31
445,162
240,15
637,3
217,3
1246,15
308,3
1513,20
302,57
1493,3
1369,13
668,13
1221,33
1371,3
1300,13
807,15
1684,22
816,29
1141,29
83,59
664,68
1487,1
585,586
870,13
1251,29
564,18
1056,29
1559,1560
1450,31
477,146
614,6
706,319
925,20
1500,502
631,1570
1613,29
56,192
261,31
1247,29
1149,18
1531,20
576,665
1530,3
706,20
56,175
1250,33
102,3
1372,148
623,18
1239,1
302,361
403,33
438,1
337,146
1388,687
555,68
985,68
316,29
208,809
219,146
392,854
468,37
1135,467
770,68
383,138
558,31
714,11
678,29
165,166
1359,20
1120,13
335,1
725,94
1323,146
1630,18
435,1473
670,25
597,20
1398,13
1686,22
1427,144
167,1
1483,31
907,3
1685,3
1264,33
1551,6
658,29
1454,33
906,20
642,665
302,227
1347,68
336,146
959,138
462,94
542,3
271,148
585,854
683,515
381,22
302,175
810,148
884,710
1062,13
168,146
191,192
680,13
273,6
174,997
1507,13
631,1212
766,20
272,29
400,567
514,1014
894,138
681,18
719,37
958,13
1672,15
563,18
1019,33
605,94
1596,1597
1674,13
771,33
908,25
747,3
42,146
1318,3
1455,11
672,1419
154,37
898,3
1198,323
268,29
886,1
1130,29
1196,3
26,27
455,33
112,502
718,1
124,1
219,319
75,18
691,33
501,113
1101,11
622,22
573,29
1374,20
201,3
976,33
1373,33
1198,1089
290,291
327,31
1523,3
1315,29
477,25
488,134
685,31
770,81
672,673
1254,18
615,1
477,138
109,6
331,20
649,562
1222,305
1086,18
1490,33
333,22
298,8
262,18
1213,18
873,33
463,31
411,13
663,148
547,31
90,11
1017,148
1351,11
107,108
243,244
549,29
705,33
237,406
1520,13
871,3
451,3
1379,33
994,1
219,138
328,584
815,29
874,244
900,3
518,13
996,31
1293,31
173,138
246,31
693,25
728,1341
384,20
1423,20
644,8
838,33
706,148
545,18
535,3
1161,29
965,15
939,20
1320,18
325,352
1460,15
1261,148
1508,1
1437,27
1051,33
58,59
178,1602
93,138
1178,3
1588,29
157,3
1026,79
1157,29
652,3
1168,146
1063,1059
161,726
1677,15
1393,33
322,323
529,22
1023,20
4,11
913,18
508,18
768,502
1123,25
1505,3
1434,1
582,29
1631,18
77,3
1273,31
1349,146
629,94
325,175
200,29
642,537
177,13
1044,15
167,22
362,3
392,1059
857,11
982,983
23,31
714,81
1184,79
36,37
1060,1061
1564,29
445,361
302,537
1253,18
322,1089
1590,22
220,20
174,175
86,29
472,470
1664,3
196,29
1064,118
387,138
1434,8
556,31
1544,29
1411,6
617,31
445,227
400,1163
888,113
698,29
827,204
865,113
424,20
72,94
271,29
368,79
439,33
435,436
690,33
517,3
721,37
613,31
56,562
247,3
802,3
198,22
345,15
779,15
304,344
576,834
832,673
1498,244
918,13
5,6
890,3
448,18
1616,33
812,319
622,1
1007,18
414,18
1591,146
1361,18
935,3
1279,11
105,3
1168,22
1689,15
1453,608
242,138
801,148
1327,59
456,13
964,8
149,1014
397,15
73,22
99,1
1471,22
235,20
1258,20
1302,29
576,515
730,6
1363,33
91,29
389,3
230,265
1215,29
519,79
1454,37
723,29
777,79
1390,13
70,3
117,350
1230,1
614,52
881,3
1526,6
216,1
1376,3
241,15
1085,29
1638,29
1024,20
1518,18
738,13
353,1480
471,1
1433,8
1162,3
639,640
1093,840
1632,1633
400,401
636,68
122,123
1079,31
624,516
303,1
459,29
1463,3
1276,20
1467,68
954,113
152,1654
160,94
61,79
666,1382
1191,29
1252,29
1128,3
1385,33
104,22
1648,1
364,37
1199,18
1173,11
832,511
1266,18
36,319
246,1
782,29
1553,18
839,20
136,3
1122,29
851,146
1640,13
260,29
1321,3
1666,33
1642,15
1049,33
485,1
573,25
821,18
758,31
453,454
845,15
1289,22
485,146
1256,1257
1047,3
933,20
1673,29
1228,29
400,920
311,146
1407,33
106,31
602,18
1022,1
999,1
1012,1013
330,138
251,79
435,1125
1516,18
937,29
568,13
669,3
492,29
538,358
4,1
1669,29
1470,18
505,3
671,29
526,138
233,33
1336,18
906,13
1303,29
674,33
149,227
225,146
538,834
69,1
880,13
428,3
183,25
1206,3
1372,319
42,37
786,3
1084,3
629,319
1263,989
1038,3
290,536
1194,608
1592,33
1569,33
780,1
1577,33
596,31
83,68
56,162
670,37
629,81
820,15
1312,1313
948,470
1263,544
218,31
1502,11
1068,31
1481,81
106,1
799,1205
627,20
322,113
477,59
578,29
287,710
1075,146
290,1244
1147,18
151,29
753,33
0,146
943,33
1528,3
206,79
514,515
889,20
178,757
51,52
598,20
311,37
413,29
966,29
461,3
226,18
759,3
1547,148
1288,18
684,29
830,68
149,358
1464,33
1159,1160
1431,18
1612,3
235,81
522,523
255,18
1566,3
591,3
468,31
194,31
219,13
393,29
749,29
756,113
1094,1095
990,15
277,27
550,33
1015,29
546,1
866,138
1400,68
705,8
988,33
161,192
822,31
1536,29
689,68
968,13
808,1
9,10
453,825
721,25
750,3
969,18
203,204
896,1244
353,354
424,68
688,11
1432,29
628,3
39,1
576,57
495,20
1338,502
1557,3
1357,29
139,15
359,29
452,94
940,22
570,146
991,29
663,37
1127,15
832,111
1645,3
1405,1406
219,79
1658,29
599,29
287,209
560,1
697,13
432,79
1119,3
280,22
426,29
83,20
699,3
1457,1458
656,657
1286,1287
826,33
1158,29
85,22
519,6
619,1270
1404,3
1132,29
1358,3
373,1260
1408,29
866,59
230,1316
1272,29
756,502
487,33
1546,13
1152,18
141,6
1682,6
219,68
662,29
176,15
116,15
1573,29
1634,29
1278,3
237,1081
47,3
964,79
1610,18
256,6
256,587
85,31
205,29
736,3
147,1
791,146
61,6
1469,29
538,481
719,25
286,3
1445,20
409,1
447,20
612,319
557,31
324,148
649,665
154,25
339,31
1189,31
684,1
221,809
529,94
252,3
894,29
390,25
610,3
698,6
612,29
1421,1059
649,726
335,31
1466,3
167,94
379,113
242,29
321,29
799,515
359,8
1683,31
743,3
349,18
325,358
952,6
16,1
116,29
706,13
290,1356
575,3
279,13
646,68
695,319
1584,31
672,244
601,146
23,8
1567,13
1281,6
814,3
1306,6
429,31
977,79
98,31
320,13
1050,3
4,13
799,834
1021,68
278,138
498,94
272,146
1006,29
817,15
1424,113
1116,18
1608,13
712,1090
1032,33
400,1182
734,3
1066,18
46,1
1183,3
427,18
1111,59
147,20
1541,3
56,840
221,989
183,138
1443,13
899,22
950,15
1513,22
679,18
311,20
259,18
178,509
643,29
302,739
39,22
160,8
147,319
394,395
64,25
1103,3
221,767
807,13
161,111
1617,31
1484,18
1093,1014
590,29
239,113
621,33
1401,29
675,15
149,1231
318,22
1332,29
184,185
494,33
1093,192
897,138
1649,13
1187,858
763,31
1077,113
704,20
694,27
1447,6
83,81
1397,29
671,15
792,15
1052,3
407,408
127,31
40,25
304,305
154,1
1008,68
653,654
1501,3
270,3
824,33
44,29
1603,113
290,1422
1137,68
676,29
245,20
219,1
230,1522
1308,29
714,13
1489,31
712,713
332,18
1036,31
154,68
1280,94
938,29
1011,138
1211,3
462,29
905,15
904,20
154,8
317,33
843,25
923,924
475,3
735,31
228,148
182,31
588,1
1018,1
630,113
219,6
727,3
1020,15
14,15
886,8
1282,3
905,68
1580,3
0,1
1668,6
569,18
117,118
1148,29
1142,79
248,13
1532,1
1398,6
1364,146
7,8
1203,20
932,6
1589,29
1240,15
788,29
1360,33
1080,3
611,361
1268,18
364,138
1034,502
90,79
444,18
936,13
1381,11
1329,29
764,3
51,15
604,15
1339,68
963,29
53,13
328,516
576,539
876,33
1029,395
9,175
167,138
549,22
147,148
269,1
600,18
1104,29
1538,33
143,1313
728,729
1452,146
1022,31
761,1
1284,3
553,31
1044,68
197,29
263,3
1025,3
848,37
1626,33
1607,1
1347,13
1620,31
457,3
301,111
463,29
466,467
926,927
1136,15
1246,68
1671,29
1042,1
856,20
449,31
32,33
857,138
289,3
44,1
238,94
40,33
1207,22
304,502
67,146
541,3
680,81
745,37
1441,29
788,146
97,33
246,25
641,13
1220,18
1581,687
232,31
1552,33
480,6
346,11
65,329
998,854
421,22
557,20
300,3
781,502
353,1429
1043,31
140,15
183,68
1112,146
1609,33
1325,15
246,68
445,481
777,1380
538,57
342,3
540,146
1600,22
62,33
1267,18
1056,1
592,319
653,344
1502,1
785,29
973,6
197,15
1653,31
1494,29
1144,1
287,288
1568,27
421,31
88,29
293,68
879,3
1189,13
1237,3
549,1
842,29
355,356
366,29
724,25
551,15
1574,29
790,502
1476,1477
221,222
372,94
811,1
1192,29
78,79
379,3
1246,13
171,13
822,94
36,138
533,25
183,37
230,231
223,146
1655,22
873,22
917,29
828,3
538,361
353,434
1614,166
371,15
482,22
926,1087
755,22
510,13
891,29
