928,1
115,18
387,25
353,291
1016,146
1623,29
460,25
184,515
1425,3
1554,1555
42,20
369,81
588,15
86,22
330,25
848,1
793,794
1271,20
777,11
373,554
237,253
873,31
310,6
212,37
1170,31
937,146
987,3
534,3
592,6
1641,13
1078,20
370,3
125,29
1511,33
210,15
805,806
661,33
1233,29
497,33
1436,3
1643,3
798,138
486,13
867,29
180,18
1412,20
861,79
445,111
202,3
424,25
694,244
316,31
219,148
653,323
832,1209
1660,29
441,146
497,29
651,3
65,1106
737,29
638,18
722,148
489,25
117,504
1121,20
863,29
765,18
74,13
483,138
48,8
1495,29
296,31
1456,1
99,31
298,29
328,162
1030,29
48,68
1314,18
400,1316
42,6
895,15
843,29
648,29
1687,15
325,192
1475,29
784,18
1402,18
464,6
1105,8
519,1
51,1287
1085,31
1378,11
1515,3
717,37
1146,31
396,146
1368,13
872,18
1628,1
1583,18
1446,15
928,22
611,66
594,502
1150,3
557,37
1509,13
1448,244
154,31
847,18
1599,3
906,29
1179,3
449,1
44,15
9,1153
343,29
1117,33
124,79
1512,29
237,307
240,25
491,13
1650,13
178,803
666,731
1396,31
224,146
325,726
397,148
1548,3
197,68
236,33
1016,29
931,20
155,13
934,3
1315,31
1636,3
1366,6
193,29
1451,18
71,20
145,146
1479,15
947,134
916,33
1488,29
429,37
331,22
1093,665
1048,3
957,68
1121,11
151,13
143,144
442,1350
200,37
1572,33
195,79
666,920
189,29
742,29
596,22
925,94
521,22
1601,79
360,29
633,15
1537,29
1637,33
708,20
798,146
496,18
379,502
216,20
1562,15
1539,3
364,25
1675,22
672,972
1219,146
159,22
1110,18
531,25
178,1299
503,59
878,29
1223,3
487,79
435,29
606,3
1594,29
368,8
1426,68
1417,1418
649,650
596,29
1319,68
483,146
576,650
1335,33
19,20
1621,13
1249,3
474,20
21,22
561,1
1003,33
269,146
514,739
1590,29
173,94
945,13
1342,25
909,31
404,113
1346,68
443,22
1478,18
611,726
1172,3
245,1
357,146
529,20
368,15
1688,33
137,25
902,903
634,52
572,29
1214,3
200,31
745,138
1204,29
141,29
960,68
524,138
1502,1586
445,1231
579,834
709,37
274,68
369,319
34,13
462,79
1331,3
1134,3
519,22
749,31
864,33
373,374
941,942
1269,33
1060,111
188,3
617,29
998,983
514,834
1112,1
445,665
695,59
953,3
708,1
1070,29
1535,1
548,29
1155,15
978,13
314,18
340,27
425,13
883,29
560,8
1355,33
1615,29
1293,8
83,13
588,11
1109,18
1083,3
334,29
1131,13
65,66
529,6
1652,22
1330,15
528,29
776,20
1186,22
848,148
1296,18
1416,68
1462,20
1275,33
1200,3
1571,20
1438,29
1154,3
445,515
306,33
1114,1115
1491,29
1662,3
982,854
1348,79
469,470
1033,502
1305,6
282,22
24,25
1219,31
172,22
779,6
383,1
1074,3
507,20
397,13
28,29
1224,33
1575,37
30,31
430,431
1618,1619
1140,18
128,3
670,146
618,22
861,68
607,608
208,209
1294,31
1098,113
1414,29
1659,13
302,326
835,29
1565,3
756,1550
120,20
1133,1
409,146
1026,20
1340,79
705,29
1337,29
1225,15
1065,3
1635,33
1224,20
93,22
235,59
266,29
663,13
1534,146
796,37
701,29
133,134
1524,33
240,29
896,1356
1145,15
1118,68
986,13
839,22
63,31
1582,8
174,1014
1311,18
1232,31
1053,31
566,79
1661,319
325,376
1420,408
1222,323
56,57
1099,148
249,3
993,33
894,6
1201,15
43,31
804,79
397,68
1525,3
149,329
949,31
807,81
30,68
1527,13
1123,37
1665,31
538,539
530,3
960,15
386,25
1027,29
777,882
1593,3
671,31
955,22
1073,146
54,55
1277,146
130,18
527,20
514,446
869,146
1067,3
1293,37
478,479
1143,6
1415,29
612,1
984,29
751,3
181,33
96,18
1109,3
626,6
1468,1
642,1014
458,33
1271,1
422,59
639,244
625,27
1187,1188
1395,20
1285,29
583,3
163,3
961,620
1611,94
1413,395
348,29
385,13
919,29
576,1106
1166,6
1322,18
147,79
89,1
682,22
43,13
206,22
609,3
1317,11
1365,1
700,3
267,29
1129,29
269,31
1255,29
490,3
1216,33
187,33
1037,13
39,13
947,1563
1310,22
83,79
1297,3
595,13
462,20
1259,18
1459,1
368,146
1549,3
1326,467
473,6
264,138
1440,1287
755,37
1091,18
80,13
995,22
813,3
275,858
373,1442
629,29
1263,767
1558,29
645,3
773,94
214,20
99,25
1176,29
203,1195
1097,244
1485,1486
399,33
129,18
1587,20
684,22
1521,15
1055,33
932,29
149,192
576,111
160,79
207,3
970,13
1367,29
168,31
1482,79
442,31
1328,1
686,687
603,31
49,50
601,37
1540,79
1057,68
559,1
1503,204
1676,68
884,294
1656,33
1646,20
1461,13
574,13
1274,18
1248,1
254,33
579,66
844,1
857,31
892,893
1245,94
1037,68
524,25
1387,3
933,146
156,3
1138,29
1005,18
337,25
1386,20
1430,29
1217,29
405,146
152,1002
676,1
1092,33
112,113
80,138
851,29
501,502
418,31
445,329
776,31
752,33
1039,6
197,22
382,18
191,511
506,15
387,15
1598,33
1410,29
438,22
412,29
576,537
896,1422
215,29
599,20
1384,29
1015,33
1396,37
1290,3
341,18
315,3
280,31
83,31
774,29
1242,22
365,15
835,1
647,68
1542,3
1193,29
84,6
1039,15
73,1
852,3
93,94
829,31
325,562
837,79
178,179
593,3
956,33
952,1
618,29
634,1069
1088,3
1345,33
832,833
90,15
1681,18
347,33
1647,13
868,18
1449,3
229,13
264,146
402,18
1362,31
325,66
971,13
856,94
258,29
748,20
1663,18
1049,31
445,446
1576,22
420,15
309,22
468,1
693,29
283,15
1246,29
56,537
237,113
944,470
1175,3
874,27
1392,15
1529,15
1124,1
80,81
353,536
634,635
369,138
611,192
290,1354
443,68
65,860
390,22
1159,924
1292,3
254,6
45,25
161,175
659,79
465,3
104,146
768,323
311,25
692,13
1334,3
287,294
1519,13
199,15
1010,15
683,511
234,6
297,3
1301,29
779,29
875,33
303,29
866,22
1139,22
388,3
1439,6
1035,94
711,1
1295,31
445,162
240,15
798,37
217,3
775,29
308,3
1513,20
302,57
1493,3
1369,13
850,18
1221,33
1371,3
1300,13
754,3
1533,29
816,29
1141,29
83,59
664,68
1487,1
585,586
911,29
1474,22
564,18
1056,29
1559,1560
1450,31
789,25
614,6
706,319
925,20
160,146
631,1570
1613,29
1121,29
261,31
1247,29
1149,18
1531,20
48,31
576,665
1530,3
299,3
56,175
102,3
1372,148
623,18
1239,1
1432,33
302,361
403,33
1004,3
337,146
1388,687
1114,1307
316,29
208,809
219,146
392,854
390,138
468,37
1135,467
769,94
383,138
558,31
678,29
165,166
1359,20
186,29
1120,13
725,94
1323,146
1630,18
435,1473
543,222
190,1
1398,13
1686,22
1427,144
167,1
1483,31
959,37
1030,31
1685,3
1264,33
1551,6
658,29
1046,18
906,20
302,227
1347,68
336,146
959,138
95,29
565,15
542,3
585,854
683,515
381,22
532,29
302,175
810,148
884,710
1062,13
87,1
191,192
1122,6
680,13
1507,13
631,1212
766,20
272,29
400,567
338,113
238,6
514,1014
681,18
719,37
649,57
563,18
1019,33
605,94
181,1
1674,13
771,33
908,25
747,3
42,146
1318,3
777,778
672,1419
154,37
415,59
1198,323
268,29
886,1
1130,29
715,716
979,980
26,27
112,502
718,1
124,1
219,319
75,18
691,33
101,1
1101,11
622,22
473,29
818,3
201,3
976,33
1373,33
1198,1089
290,291
327,31
744,29
292,3
477,25
488,134
685,31
770,81
672,673
1254,18
577,22
789,1
109,6
331,20
649,562
1185,29
1086,18
1490,33
333,22
740,29
262,18
1213,18
873,33
463,31
411,13
663,148
250,31
1291,33
90,11
1351,11
107,108
243,244
549,29
705,33
237,406
324,33
1041,18
451,3
1379,33
994,1
281,13
219,138
328,584
1304,3
874,244
900,3
996,31
1293,31
173,138
579,580
693,25
728,1341
384,20
1423,20
493,3
213,33
706,148
545,18
535,3
1161,29
965,15
939,20
1409,6
325,352
133,416
1460,15
1508,1
1437,27
1051,33
58,59
756,406
487,1
93,138
1178,3
1588,29
525,29
1026,79
1157,29
652,3
1063,1059
161,726
35,3
1393,33
322,323
529,22
170,33
1023,20
1072,18
508,18
768,502
1123,25
325,361
1434,1
582,29
1631,18
77,3
1273,31
795,18
629,94
325,175
200,29
642,537
1324,29
429,94
1044,15
362,3
392,1059
857,11
982,983
23,31
1021,146
560,31
36,37
1060,1061
1564,29
445,361
302,537
1253,18
322,1089
1352,11
975,138
220,20
86,29
472,470
1664,3
529,15
1064,118
387,138
896,536
556,31
1544,29
1411,6
617,31
445,227
1151,3
884,209
888,113
827,204
865,113
424,20
72,94
271,29
1657,123
799,162
439,33
690,33
517,3
721,37
613,31
56,562
1629,22
368,59
802,3
198,22
345,15
398,3
304,344
832,673
1498,244
918,13
5,6
1054,3
448,18
1616,33
812,319
622,1
680,146
512,3
1591,146
1361,18
935,3
1279,11
105,3
1265,1
1168,22
325,539
1453,608
242,138
1327,59
456,13
103,33
149,1014
397,15
73,22
99,1
1383,13
1471,22
616,18
1302,29
576,515
730,6
1363,33
1235,1236
91,29
230,265
1215,29
666,667
1454,37
723,29
777,79
119,22
70,3
117,350
1230,1
614,52
881,3
174,192
611,358
1376,3
241,15
1085,29
1638,29
1024,20
624,584
738,13
353,1480
471,1
73,31
1162,3
639,640
1093,840
90,146
1632,1633
65,376
122,123
1079,31
624,516
930,18
303,1
1463,3
1276,20
1467,68
184,66
152,1654
160,94
61,79
666,1382
1191,29
178,1182
1128,3
1385,33
104,22
1082,3
975,31
1199,18
1173,11
832,511
1266,18
36,319
246,1
420,1
836,33
1553,18
839,20
136,3
1122,29
851,146
1640,13
1370,20
937,20
1642,15
1049,33
485,1
573,25
821,18
758,31
1545,111
725,33
845,15
1289,22
1256,1257
1047,3
933,20
1673,29
367,146
1171,22
400,920
311,146
1407,33
106,31
1022,1
417,3
999,1
1012,1013
12,13
435,1125
1516,18
937,29
568,13
435,22
669,3
392,113
538,358
4,1
1669,29
1470,18
1000,3
671,29
233,33
1336,18
732,29
906,13
674,33
149,227
225,146
538,834
266,1
114,18
880,13
183,25
1206,3
1372,319
42,37
786,3
1064,523
925,1
629,319
1038,3
290,536
1194,608
1592,33
1569,33
190,33
1577,33
1161,1
83,68
56,162
670,37
629,81
820,15
1510,15
1028,33
948,470
218,31
1502,11
1068,31
1481,81
106,1
677,1
1403,31
322,113
477,59
578,29
287,710
1075,146
290,1244
1096,13
1197,3
151,29
753,33
943,33
1528,3
206,79
514,515
100,3
178,757
51,52
1202,33
311,37
846,31
413,29
966,29
461,3
759,3
1547,148
1288,18
720,15
684,29
830,68
910,3
1159,1160
1431,18
1612,3
67,37
522,523
44,33
255,18
1566,3
591,3
468,31
219,13
1556,29
749,29
756,113
1094,1095
990,15
1271,138
178,1496
1015,29
546,1
866,138
1400,68
705,8
988,33
164,22
1497,20
822,31
689,68
968,13
808,1
885,29
453,825
721,25
750,3
969,18
887,27
203,204
275,276
353,354
688,11
1432,29
628,3
39,1
576,57
149,150
1338,502
1557,3
1357,29
762,113
359,29
1680,13
452,94
570,146
1031,3
991,29
1127,15
832,111
1645,3
1164,27
219,79
1658,29
599,29
287,209
560,1
1428,29
1058,1059
1119,3
280,22
426,29
83,20
699,3
1243,22
1457,1458
295,3
1286,1287
826,33
1158,29
1605,113
619,1270
1404,3
1132,29
1358,3
373,1260
1408,29
629,146
1504,1
230,1316
756,502
487,33
1546,13
1152,18
1435,13
141,6
1190,3
662,29
176,15
116,15
1573,29
1351,20
1278,3
237,1081
47,3
503,22
1610,18
256,6
256,587
85,31
205,29
1561,33
147,1
67,68
791,146
61,6
266,68
538,481
719,25
1445,20
1102,15
409,1
447,20
557,31
324,148
649,665
154,25
1248,29
618,31
1189,31
221,809
529,94
252,3
894,29
1156,13
390,25
1226,20
612,29
1421,1059
649,726
335,31
1466,3
38,3
167,94
379,113
321,29
799,515
1578,22
1683,31
173,33
349,18
325,358
952,6
951,470
16,1
706,13
290,1356
772,3
279,13
646,68
695,319
1584,31
672,244
104,1
683,162
1567,13
1281,6
814,3
1306,6
429,31
977,79
1391,113
72,22
320,13
4,13
799,834
1021,68
278,138
498,94
236,22
1006,29
210,33
1424,113
1116,18
1608,13
712,1090
1032,33
400,1182
92,29
1066,18
46,1
1559,687
741,470
1183,3
427,18
1541,3
161,162
221,989
183,138
1443,13
899,22
702,20
950,15
679,18
1009,148
259,18
178,509
643,29
302,739
39,22
160,8
107,204
561,79
64,25
1103,3
221,767
807,13
161,111
1617,31
1174,68
636,33
1093,1014
239,113
621,33
1401,29
675,15
149,1231
897,25
432,94
1332,29
494,33
1093,192
897,138
1649,13
1187,858
763,31
800,3
704,20
694,27
1678,94
570,29
1397,29
671,15
792,15
1052,3
318,319
407,408
40,25
304,305
154,1
1375,18
653,654
169,113
1501,3
270,3
824,33
1377,29
1603,113
1137,68
676,29
245,20
219,1
230,1522
1353,20
849,138
1489,31
712,713
332,18
1036,31
80,59
1280,94
938,29
1011,138
595,20
1211,3
905,15
904,20
154,8
317,33
1644,29
843,25
923,924
475,3
735,31
1085,79
1381,94
588,1
630,113
219,6
707,94
1020,15
14,15
886,8
1282,3
905,68
160,29
0,1
357,31
569,18
117,118
1148,29
1142,79
1262,13
248,13
1018,68
1364,146
7,8
1203,20
655,470
1589,29
1240,15
788,29
1360,33
1080,3
611,361
855,687
1181,13
1268,18
1034,502
444,18
936,13
1381,11
1329,29
605,20
1169,33
51,15
604,15
1339,68
53,13
328,516
391,244
576,539
1238,13
1029,395
167,138
549,22
147,148
789,146
269,1
1104,29
1538,33
143,1313
945,31
1452,146
1218,13
1022,31
1284,3
553,31
476,378
1044,68
197,29
1025,3
848,37
1626,33
1607,1
812,59
1620,31
457,3
301,111
1107,68
466,467
926,927
1136,15
1622,29
1100,29
1671,29
856,20
449,31
32,33
857,138
894,1
44,1
238,94
40,33
520,470
1207,22
67,146
1679,18
680,81
745,37
1441,29
788,146
518,15
246,25
641,13
1220,18
1581,687
171,31
1552,33
829,22
346,11
65,329
998,854
421,22
557,20
631,632
1585,431
781,502
353,1429
1043,31
140,15
1112,146
1609,33
41,3
1045,29
246,68
445,481
538,57
1073,79
342,3
540,146
1600,22
62,33
1267,18
271,13
592,319
653,344
1651,29
973,6
197,15
1653,31
552,18
1494,29
287,288
1121,1
1568,27
421,31
88,29
879,3
1189,13
433,20
1237,3
210,29
842,29
366,29
724,25
551,15
65,57
790,502
1476,1477
221,222
351,37
811,1
1192,29
78,79
283,31
1246,13
171,13
822,94
36,138
533,25
915,31
230,231
285,29
223,146
873,22
917,29
828,3
538,361
353,434
1298,113
152,153
482,22
926,1087
211,3
755,22
891,29
