198,786
125,786
460,25
813,826
117,8
389,19
981,4
946,38
697,2
899,785
169,12
478,6
170,735
280,9
83,9
582,93
505,786
34,8
111,10
972,19
383,785
666,8
120,2
962,25
187,826
901,735
373,22
210,15
484,15
727,93
374,826
617,2
89,12
877,27
493,786
848,815
618,35
265,6
621,22
733,786
147,38
293,11
426,19
229,19
947,2
538,38
666,19
154,815
642,8
298,815
410,11
213,11
143,815
183,786
290,772
849,786
81,680
206,735
466,815
103,27
414,23
452,785
440,35
591,680
689,826
562,8
999,93
654,23
379,22
750,11
737,22
576,815
441,4
852,735
306,16
951,15
916,19
630,1
869,93
263,9
49,815
781,1
927,38
235,11
697,786
493,772
575,785
979,815
374,9
322,35
621,8
221,815
384,93
648,4
207,22
118,2
944,5
924,772
105,15
451,23
241,2
612,23
478,735
120,23
670,772
344,735
1009,5
610,93
595,38
728,16
50,4
161,15
142,27
435,15
864,5
646,22
303,12
985,93
633,6
725,35
673,5
305,35
158,10
933,22
590,9
441,22
460,680
652,15
926,15
216,786
488,23
713,15
856,93
54,785
353,680
888,35
689,22
62,735
445,2
873,735
530,735
506,16
568,11
470,10
309,786
290,785
275,8
414,8
846,15
757,5
744,6
1001,38
513,2
148,35
169,815
389,786
999,786
637,11
711,772
160,38
342,786
309,16
518,826
337,815
998,19
766,15
72,23
491,735
75,2
238,25
665,38
43,93
483,735
104,93
621,680
306,680
472,22
954,12
189,785
251,15
69,12
362,6
880,2
612,12
133,826
631,815
498,19
751,12
328,25
789,815
738,19
998,10
356,4
176,93
1003,93
567,35
92,815
310,8
1010,9
939,15
482,27
1000,15
820,826
303,27
535,785
807,12
241,93
112,4
979,5
651,93
893,2
988,826
844,23
20,4
538,12
501,15
764,785
230,8
378,826
255,16
437,93
42,786
598,93
304,25
107,25
770,785
779,8
413,735
289,772
109,785
594,9
635,735
301,10
433,772
307,680
91,1
933,10
609,25
538,23
373,93
947,815
547,786
783,93
295,8
334,680
524,680
464,12
445,38
229,772
998,4
729,785
932,815
457,35
755,785
21,93
912,25
125,25
73,19
40,815
816,10
412,10
583,38
144,680
911,735
587,35
897,772
202,15
792,35
922,772
758,8
563,10
449,11
1002,35
654,680
400,38
751,27
699,1
517,10
970,8
428,25
981,93
603,16
1005,785
736,10
665,2
957,826
389,93
446,6
764,5
838,772
450,93
642,786
863,772
570,826
865,16
79,735
101,25
545,8
619,1
855,815
141,8
455,680
974,680
166,16
42,2
449,12
585,2
751,735
57,12
610,10
973,38
292,27
613,15
724,6
924,27
236,680
554,8
130,93
348,786
261,11
122,22
693,8
289,815
162,23
589,785
533,4
384,5
276,19
480,9
890,19
7,680
529,786
893,38
511,9
227,11
245,680
906,25
391,4
489,772
181,11
18,735
366,9
650,2
542,12
600,19
671,93
231,15
33,12
71,27
36,15
665,12
169,23
974,6
828,35
836,35
468,5
840,38
931,826
641,11
607,10
989,16
848,38
333,23
544,826
616,2
234,19
75,826
847,680
922,785
210,735
706,15
891,9
487,9
663,10
132,5
685,25
45,815
898,815
405,786
647,680
357,9
305,19
267,785
286,15
197,5
825,735
293,785
807,38
222,23
1011,4
760,772
300,786
466,38
583,10
694,11
622,35
879,5
202,35
663,772
120,680
817,9
842,19
536,4
610,23
114,16
759,15
173,680
561,12
283,735
378,38
361,38
881,815
271,12
589,1
700,735
736,22
166,680
394,12
33,785
876,786
588,772
443,735
151,6
797,815
740,2
285,785
694,2
456,23
403,785
780,735
175,680
752,826
623,9
554,93
167,23
759,4
870,9
450,9
860,23
897,27
974,27
614,2
405,735
318,735
503,12
195,826
740,9
444,11
320,25
358,10
123,25
641,785
802,11
310,786
238,826
410,6
657,15
129,25
807,826
114,2
336,8
157,22
512,11
697,1
54,93
935,11
280,10
44,35
443,35
407,25
157,785
451,35
505,785
809,35
330,6
796,815
410,772
17,826
716,9
296,25
888,8
928,25
855,11
89,19
971,93
499,22
192,772
265,5
339,10
766,786
253,27
364,2
993,25
426,16
814,25
318,2
944,8
636,9
947,5
379,16
307,815
241,23
59,8
886,10
81,27
355,27
466,10
694,23
89,785
456,12
1009,10
879,25
74,10
630,15
188,22
225,772
904,735
321,8
272,25
864,8
849,785
560,785
522,680
959,38
363,735
442,735
207,8
725,16
318,5
947,10
158,25
34,27
858,6
58,815
330,8
975,23
444,16
299,680
615,12
392,22
87,2
987,16
553,16
1007,93
790,786
257,38
79,772
902,27
47,815
198,772
127,8
326,680
40,12
386,8
635,38
463,10
250,8
859,772
608,735
54,38
308,680
540,19
426,2
318,12
229,4
444,786
784,10
969,2
364,826
994,10
170,15
922,735
612,16
389,815
812,5
410,785
765,35
398,23
1012,23
481,22
559,23
855,22
506,22
396,25
50,5
606,22
662,772
349,23
646,23
250,19
910,680
472,9
843,10
145,680
882,35
575,4
633,5
47,10
266,25
949,772
291,19
541,5
652,8
710,786
802,38
640,815
201,815
309,22
420,15
960,12
578,10
250,785
470,11
309,785
291,826
550,826
554,35
717,10
293,93
275,11
959,93
582,38
472,16
572,8
256,785
523,27
285,815
858,19
358,815
254,6
842,735
516,10
492,680
753,786
346,815
56,9
834,8
637,735
319,5
106,25
655,10
382,785
149,11
578,5
121,9
951,735
492,27
539,815
756,735
544,12
618,15
1000,9
124,815
312,11
884,785
852,826
383,826
205,6
316,15
281,27
146,1
257,2
99,35
171,11
128,785
932,826
1010,6
338,680
31,735
983,786
875,38
236,15
112,5
202,785
757,22
190,680
424,16
498,11
519,93
903,680
45,11
464,785
319,11
377,16
391,35
654,735
948,22
567,735
993,785
245,9
709,815
564,38
842,93
733,815
492,9
538,815
408,8
779,11
942,16
582,11
115,25
794,11
137,735
301,9
819,1
213,786
895,735
285,826
20,12
241,38
405,27
585,23
566,19
395,93
169,735
41,786
501,786
82,11
356,11
653,11
470,23
936,1
310,27
631,23
690,16
729,27
288,772
162,2
989,4
962,38
486,6
641,826
566,785
91,25
698,35
294,35
723,25
501,16
212,680
360,38
605,815
821,786
896,2
70,15
591,22
708,815
201,93
347,772
221,2
96,735
977,826
172,23
372,772
157,826
690,11
246,10
286,27
659,735
876,815
436,25
491,772
384,15
239,25
992,815
940,12
410,735
526,27
434,19
271,786
237,19
684,9
67,25
909,2
178,12
70,6
161,826
327,38
760,25
652,735
814,826
547,93
859,735
567,6
749,9
678,15
936,15
495,27
335,23
319,772
394,16
782,25
397,5
989,22
437,772
955,772
463,772
980,772
854,10
730,12
215,25
622,22
880,38
237,12
166,8
294,93
847,25
42,10
205,35
191,16
931,735
821,735
474,4
21,6
114,680
539,2
420,786
665,19
540,35
577,815
172,5
925,12
47,93
51,22
930,815
715,15
1007,815
333,22
138,4
912,772
126,2
880,93
224,6
277,4
249,2
360,27
14,680
896,23
114,22
721,6
21,15
389,38
799,16
431,10
147,12
58,4
80,25
61,25
197,4
471,16
915,19
609,826
777,22
613,786
725,680
685,826
930,35
694,8
90,772
952,12
681,5
990,25
404,785
153,23
817,8
319,93
709,10
980,23
842,16
200,22
823,22
574,22
478,785
65,38
450,15
857,2
802,815
59,826
722,22
773,772
946,815
858,35
696,826
821,93
382,11
937,11
666,4
886,38
55,735
868,786
560,35
941,15
940,826
191,15
299,9
983,35
623,8
218,785
991,35
425,6
561,4
46,11
746,8
799,6
305,12
639,25
72,785
108,10
950,1
972,22
555,6
666,15
671,786
841,35
348,680
385,5
207,680
423,16
619,815
966,16
532,826
95,680
167,15
560,735
117,22
336,9
907,9
895,27
897,19
722,8
903,93
925,16
945,815
429,11
357,35
736,826
861,8
915,38
222,9
562,785
762,2
69,815
141,93
522,735
297,826
302,16
413,19
877,25
272,35
932,785
402,772
225,5
904,19
499,25
7,16
154,11
265,4
525,8
747,786
207,2
44,27
562,15
480,815
750,6
552,9
343,9
256,11
972,4
241,22
24,23
975,9
62,4
192,35
392,16
138,35
123,22
109,23
916,22
1009,9
420,19
223,19
481,27
961,785
673,815
546,23
140,735
572,826
756,15
222,786
613,93
776,815
176,11
658,25
253,19
217,772
130,11
562,6
340,680
676,2
181,786
701,6
901,9
886,2
688,5
160,19
395,2
987,19
419,735
332,735
367,680
99,6
852,5
191,35
926,772
874,22
263,11
127,11
781,826
818,4
339,27
658,16
90,5
932,12
868,735
902,826
758,735
44,9
729,93
503,19
216,8
676,9
256,25
562,826
45,38
926,10
331,19
424,826
204,680
902,19
526,735
321,25
142,25
768,19
571,19
632,35
300,11
228,35
103,11
766,772
433,27
550,5
236,35
240,38
993,35
404,25
459,772
118,27
465,93
340,1
286,93
988,815
590,15
94,16
745,38
514,38
791,11
578,11
728,25
927,22
161,6
553,772
717,9
917,12
774,826
39,680
368,19
889,10
669,785
742,19
250,27
929,25
434,815
275,785
872,93
486,27
69,1
50,680
948,772
551,23
205,12
244,25
923,27
392,12
637,9
624,2
751,1
758,93
230,785
232,5
694,786
1007,772
539,735
301,22
963,815
127,772
1009,93
720,8
405,8
723,5
282,735
501,4
566,6
107,815
474,38
788,4
424,815
96,23
1011,680
702,27
260,10
149,19
689,6
367,785
48,735
448,815
242,10
985,5
568,27
128,786
421,25
939,1
850,19
838,785
913,772
236,8
437,815
228,786
641,815
362,15
548,16
714,815
609,6
662,8
94,5
20,6
168,785
113,25
45,10
136,826
51,680
710,772
655,27
677,10
898,735
810,16
886,815
338,785
708,826
825,2
20,815
421,2
686,785
690,22
818,35
359,815
769,16
201,35
347,12
458,25
597,10
634,772
249,815
753,772
560,10
320,815
156,10
341,2
788,10
899,9
684,785
257,19
776,785
136,38
82,8
230,826
263,93
406,11
529,4
285,16
14,11
625,8
897,35
275,38
738,735
26,22
137,9
853,8
782,12
142,826
40,785
239,19
189,826
79,15
905,12
871,35
895,786
326,11
237,25
609,16
687,6
429,786
357,826
413,35
199,680
718,680
847,785
424,772
478,826
464,5
339,93
359,38
567,8
110,6
518,25
773,815
794,785
335,9
246,11
266,93
820,785
927,735
507,22
878,11
276,22
635,786
941,815
890,22
780,25
1001,9
190,9
730,2
733,23
128,5
55,15
648,785
847,19
136,815
674,16
252,4
402,815
721,11
120,772
636,815
378,11
33,9
675,19
803,38
645,680
413,680
382,23
607,15
695,680
369,2
167,772
975,38
480,11
248,23
943,9
819,23
677,93
237,11
511,11
684,1
388,19
191,19
194,680
620,25
514,23
590,826
510,735
756,38
721,12
978,735
481,93
230,815
46,680
376,735
231,9
33,2
105,826
860,4
971,11
421,38
799,785
986,11
549,826
73,4
854,2
49,19
177,38
434,2
128,19
437,23
348,9
237,4
18,11
970,35
954,786
919,772
888,680
978,35
502,27
799,19
144,2
218,9
589,6
58,5
614,22
372,786
872,6
175,16
718,16
740,5
671,815
305,735
126,10
642,35
200,786
594,735
462,8
67,15
527,22
657,19
574,23
265,16
229,815
564,9
219,735
218,16
401,27
308,772
336,785
116,826
759,772
379,15
510,93
737,15
718,27
1011,15
980,786
330,680
592,11
350,815
388,8
691,826
546,11
360,10
380,680
509,12
936,93
521,772
157,27
531,786
586,5
453,10
190,93
925,22
105,16
748,735
630,735
187,35
480,23
151,25
354,785
545,35
447,8
711,815
212,25
783,25
913,10
987,15
952,27
472,785
916,1
519,786
461,785
559,680
726,93
213,6
731,2
768,8
92,19
954,815
907,8
907,735
283,786
857,19
475,10
993,6
80,15
922,10
944,19
601,22
654,8
712,15
950,25
57,785
383,786
455,826
314,826
226,680
297,680
170,16
64,786
85,680
123,16
585,93
160,6
642,12
695,826
534,6
383,25
645,1
849,27
373,19
210,10
486,786
966,8
70,93
771,10
644,772
646,735
956,22
632,15
460,19
45,785
981,735
506,772
394,826
697,8
201,19
58,25
445,786
83,19
542,815
747,8
215,93
552,10
18,785
534,772
811,826
259,9
701,12
946,680
926,25
505,35
716,2
774,93
410,22
943,735
85,93
623,38
164,25
369,826
189,15
707,27
176,12
943,785
231,35
821,15
550,8
678,93
794,35
871,19
636,2
193,680
947,12
880,25
701,5
666,25
170,2
306,15
553,22
420,27
666,735
223,27
296,9
741,15
78,826
728,12
874,23
302,35
766,25
855,27
125,826
235,12
509,16
953,23
682,8
756,23
225,22
796,16
762,826
818,5
361,9
608,6
917,772
112,27
797,15
1002,735
858,15
162,93
269,1
537,785
57,735
81,11
355,11
504,772
926,11
589,680
109,8
521,38
624,735
860,93
991,15
793,12
831,27
742,25
671,23
697,35
643,785
368,786
633,11
730,93
432,680
307,772
159,815
551,25
294,2
116,38
561,826
84,15
195,4
748,22
713,12
586,735
988,735
627,9
884,35
460,826
766,11
838,35
237,786
99,826
171,786
482,4
546,826
124,786
270,735
967,15
366,772
408,826
315,19
686,6
575,15
376,35
581,815
216,23
1004,16
711,10
56,11
202,22
934,815
205,11
479,11
924,735
248,93
837,11
358,38
566,12
857,786
146,4
664,4
973,6
517,19
745,785
121,15
998,22
911,815
199,9
347,826
78,16
831,9
1000,11
729,6
214,5
967,4
510,10
754,6
812,93
830,772
686,9
409,35
979,1
855,772
17,19
180,12
958,23
7,786
50,93
750,815
531,35
810,22
442,12
260,11
741,35
902,5
500,826
393,27
103,826
513,826
470,27
988,23
237,772
310,15
97,15
723,815
524,772
412,826
507,2
143,16
643,772
439,19
387,25
152,8
375,11
56,25
649,4
498,9
501,12
230,15
305,785
395,38
217,10
219,826
788,12
149,27
41,815
542,23
727,9
182,93
937,735
492,11
186,16
131,826
850,11
668,6
248,735
942,22
211,8
690,23
807,6
937,35
350,8
315,38
434,680
641,93
128,8
936,826
476,19
61,785
427,4
742,680
796,785
179,785
899,8
406,8
489,25
34,785
453,35
880,785
714,9
492,2
421,10
26,23
989,2
644,22
790,93
152,22
209,27
30,27
486,4
251,23
692,826
141,12
326,8
381,680
806,680
91,27
792,38
973,815
391,19
32,16
640,735
992,8
295,2
245,25
322,786
14,19
329,22
554,12
3,680
261,15
357,27
654,35
603,735
504,12
569,22
843,38
276,23
920,680
445,680
262,38
1001,8
656,8
469,93
591,786
775,785
684,11
410,38
391,8
32,23
752,785
400,16
788,25
992,15
683,735
542,8
449,772
174,38
13,785
747,826
378,8
489,11
640,16
107,1
1004,785
789,6
665,8
701,815
540,38
26,25
905,826
357,4
51,19
275,826
493,15
520,10
98,10
480,12
462,826
943,8
819,22
893,35
126,25
351,6
529,93
983,22
624,93
992,6
615,785
635,8
724,8
502,1
489,12
218,15
878,785
240,16
989,786
882,22
703,4
579,10
599,680
764,22
533,10
202,826
558,2
817,786
88,19
163,22
166,1
404,735
919,8
521,22
316,35
706,10
619,826
1002,27
721,4
650,8
724,23
65,35
336,38
543,786
157,8
875,680
948,735
329,9
789,8
293,19
80,27
833,38
333,786
1003,815
626,10
244,35
262,11
248,38
765,10
879,6
755,12
3,19
238,815
462,9
941,735
212,785
413,6
894,12
129,12
167,27
635,6
448,785
841,785
474,785
492,93
182,11
882,8
993,11
811,12
703,10
443,22
689,786
156,772
31,680
505,772
179,93
901,19
65,680
941,786
212,19
802,15
450,815
215,38
913,16
127,735
844,35
592,12
462,16
782,786
731,12
71,772
403,25
870,12
525,735
450,4
417,735
115,93
614,1
318,23
836,27
712,9
641,680
237,93
679,10
441,680
614,826
944,786
101,35
874,735
49,5
89,772
914,815
114,772
172,786
410,5
249,27
909,93
623,19
114,1
243,786
799,9
910,4
364,6
367,11
281,815
946,735
1003,786
654,9
34,4
808,772
419,15
682,680
975,2
851,16
615,27
941,772
395,22
231,786
694,19
420,22
131,93
28,6
709,680
142,10
660,22
129,23
934,38
574,9
722,772
120,815
499,27
928,785
393,93
910,15
414,16
470,93
58,38
477,826
866,772
83,735
429,2
747,11
676,5
536,826
480,38
851,25
62,10
464,826
854,38
251,680
13,9
110,680
481,25
704,826
617,15
985,38
839,786
329,93
348,815
593,22
150,93
153,815
460,11
959,35
961,93
618,22
995,93
250,12
669,772
492,815
201,27
350,35
540,23
333,815
118,15
44,12
620,786
858,5
34,22
750,15
220,826
701,4
392,25
247,19
455,38
612,785
888,25
445,12
50,9
877,9
235,15
164,1
203,38
646,19
723,735
278,25
228,38
1000,23
103,12
910,25
732,9
87,680
257,786
868,22
337,23
982,10
1004,35
148,25
170,10
120,27
123,38
713,10
342,772
107,826
54,786
367,772
171,25
744,826
265,826
893,785
568,8
551,826
346,1
864,25
596,11
707,8
485,15
433,25
90,10
843,15
719,826
575,1
673,25
819,38
565,27
162,680
254,2
56,5
476,8
973,785
923,4
192,10
542,735
834,12
602,16
684,815
421,735
331,10
559,25
763,15
728,27
927,16
396,19
417,772
568,15
657,815
868,4
246,815
597,680
362,27
736,735
239,772
916,815
441,35
81,4
541,27
945,8
357,772
602,27
951,22
352,786
702,22
356,25
800,10
692,8
985,2
363,815
568,22
567,38
128,680
535,25
186,15
276,826
939,10
317,93
322,8
547,10
1006,38
893,5
183,16
720,10
612,8
649,2
703,772
83,826
738,786
745,22
70,25
788,6
517,27
791,27
813,10
407,786
744,815
714,4
1008,735
698,826
890,735
211,2
964,25
273,16
989,15
721,772
204,35
298,735
188,786
594,10
41,12
562,35
965,38
783,35
180,735
538,8
847,6
498,6
634,4
834,25
119,1
798,19
180,785
380,38
197,680
218,815
148,826
721,38
995,22
211,772
247,680
36,23
236,772
442,785
495,9
332,16
283,35
397,23
807,1
594,5
633,38
544,786
816,23
940,25
819,2
893,23
486,2
288,5
180,19
825,815
901,93
796,786
983,10
159,9
788,735
810,25
690,786
140,93
452,735
880,786
678,16
147,680
739,2
631,16
579,22
853,22
211,16
397,16
878,6
26,785
152,23
743,22
819,11
855,786
473,16
958,9
634,22
82,772
504,815
140,786
452,12
417,38
699,5
610,15
385,93
683,786
425,38
211,735
304,11
283,826
416,815
589,25
240,680
665,6
739,11
122,11
983,826
693,11
197,22
863,735
743,15
1001,15
619,5
865,815
864,785
662,19
224,11
494,826
116,9
150,680
45,680
723,35
321,93
731,35
613,11
542,9
924,23
33,15
431,1
116,815
46,93
727,786
801,2
622,735
715,11
804,9
844,826
98,11
940,6
669,11
545,5
712,680
470,680
952,1
437,12
920,735
667,93
833,735
869,9
977,15
926,826
798,15
102,680
620,27
360,23
270,25
970,38
737,785
721,2
561,22
714,35
860,6
678,5
589,11
665,16
974,10
736,785
1008,22
224,735
890,38
412,19
166,6
153,19
193,786
32,38
487,5
197,826
18,9
1012,815
921,22
502,25
638,15
395,772
968,23
515,23
290,680
789,23
440,5
736,19
350,93
283,4
767,35
187,23
151,5
558,10
317,680
176,772
447,4
545,23
583,6
309,35
310,772
830,16
704,735
565,786
696,735
252,19
255,38
496,10
956,11
258,786
43,8
43,735
979,785
675,8
472,35
271,8
182,8
789,16
58,10
679,785
133,23
209,772
779,38
430,785
358,786
235,772
736,815
1008,4
679,12
292,786
937,8
222,2
311,22
629,23
579,735
598,786
379,772
765,2
198,27
348,25
370,10
595,8
830,27
617,27
598,23
546,9
527,25
731,15
289,16
402,785
956,2
117,10
724,38
707,38
874,826
981,6
176,25
1003,25
515,5
145,786
811,4
722,12
957,680
351,786
467,826
182,772
330,27
790,8
883,35
24,12
43,815
173,10
394,735
234,8
287,6
592,4
457,815
521,8
868,772
410,2
673,786
84,93
413,23
117,19
978,10
907,10
339,9
160,826
624,772
895,4
517,786
922,8
376,2
784,25
34,5
552,5
1009,786
646,772
259,2
81,38
634,826
420,23
664,35
849,25
888,12
559,4
212,815
321,11
139,12
272,38
933,772
900,680
278,12
928,786
599,2
176,23
411,38
450,23
821,4
185,815
475,5
404,15
999,35
837,735
639,8
750,5
950,22
916,735
701,10
385,785
975,10
441,6
538,35
997,25
961,680
615,19
984,2
556,8
132,93
426,680
375,735
637,680
450,680
571,6
756,10
463,9
413,815
303,5
253,16
863,93
404,22
318,9
503,23
861,23
148,19
241,12
43,786
724,785
762,19
528,12
414,826
146,25
534,22
494,4
321,5
803,19
931,38
146,735
935,93
991,735
939,38
996,93
599,16
983,735
929,12
514,735
571,786
475,19
242,826
922,680
812,772
688,826
393,772
840,785
947,23
216,11
362,22
271,815
219,22
347,93
554,680
152,93
541,8
997,11
195,1
68,785
146,16
96,5
39,735
223,2
689,16
430,93
359,9
604,786
272,11
75,11
275,6
574,35
334,772
831,5
62,680
840,19
732,1
570,785
633,9
177,19
711,15
679,38
476,9
541,1
210,93
338,38
195,6
984,23
566,11
824,11
751,5
366,93
41,826
1011,735
849,5
902,9
852,22
356,19
581,11
965,785
124,23
568,16
1005,815
238,27
386,22
406,680
685,93
160,680
140,9
303,16
233,38
312,8
633,735
957,19
686,4
822,9
1004,735
311,815
169,786
834,4
945,15
377,10
947,735
891,93
695,785
899,23
800,11
285,2
621,93
985,1
713,735
803,6
606,4
661,786
903,35
322,9
929,23
433,10
359,826
239,1
274,826
594,16
169,93
190,16
763,680
251,735
911,16
937,826
627,786
131,25
775,815
997,38
836,815
356,772
488,10
860,815
588,735
257,6
353,10
282,6
174,8
529,15
838,19
532,12
625,19
936,23
917,27
421,6
497,93
813,772
208,8
408,5
318,93
360,680
968,93
54,6
515,93
311,38
279,25
673,35
982,23
306,815
822,27
291,10
649,10
634,5
854,680
625,785
939,772
464,10
852,35
727,11
70,735
416,786
72,10
769,786
806,35
149,735
648,93
850,9
560,815
779,15
211,10
48,19
233,25
177,772
165,10
298,16
279,22
816,8
742,735
597,23
770,12
534,93
113,23
563,8
998,772
360,35
341,15
983,5
859,27
178,22
536,38
517,12
205,815
664,27
479,826
800,16
85,10
896,772
381,25
315,826
523,772
211,19
319,786
233,2
178,815
782,19
343,93
397,15
0,786
843,35
493,27
458,15
609,786
975,93
705,6
298,27
890,10
545,10
1001,5
692,772
254,38
473,23
1007,27
424,2
119,22
983,2
586,815
751,38
934,23
95,25
759,38
317,15
154,38
428,22
582,772
603,23
359,35
532,25
110,5
592,772
675,786
51,12
628,786
794,25
190,12
707,815
483,2
927,786
162,735
622,19
274,27
511,15
563,22
305,826
875,815
894,25
487,22
810,8
721,8
223,93
613,10
742,93
924,16
856,785
727,22
268,25
144,23
567,2
147,2
1010,38
900,25
576,10
498,735
465,16
564,772
999,8
604,5
754,35
644,6
311,10
975,35
922,93
669,10
943,10
163,19
458,826
990,19
437,11
316,38
299,38
931,22
18,15
132,27
206,6
724,10
870,25
746,27
48,826
68,35
231,10
72,38
788,815
329,6
147,11
925,8
999,1
799,786
430,772
605,735
73,9
471,23
440,772
422,2
151,15
209,12
962,15
602,38
692,785
841,12
551,35
701,93
370,25
459,11
191,5
487,4
345,826
474,11
129,9
520,785
774,12
478,786
685,735
567,16
71,15
329,15
185,786
703,15
996,27
543,27
428,735
382,4
310,735
386,772
1011,11
223,735
886,35
437,786
635,826
637,93
711,826
716,25
55,23
370,16
64,5
980,19
546,15
547,826
992,22
496,11
386,38
185,93
759,735
580,680
265,680
857,6
1003,35
586,25
787,815
182,9
611,19
978,786
150,38
197,9
931,815
1008,5
516,38
480,19
318,680
873,23
72,680
987,11
839,735
879,9
350,786
462,22
869,35
302,10
546,6
92,23
590,786
685,6
672,5
52,815
80,11
405,815
499,786
669,680
379,25
537,826
419,8
562,786
524,93
997,22
505,22
234,9
52,16
805,9
296,23
663,785
595,16
28,9
546,1
489,93
716,772
914,38
164,22
809,772
536,23
525,11
46,22
827,815
517,785
166,735
722,4
978,772
977,735
170,786
137,93
552,6
861,4
256,8
111,16
577,2
975,12
120,8
959,680
962,19
858,826
395,8
3,8
166,35
223,22
78,815
578,35
373,16
598,38
321,10
432,19
235,19
753,15
117,27
389,6
399,93
475,4
526,93
503,25
256,15
935,826
241,10
790,27
701,9
441,5
59,15
444,22
898,9
383,772
528,22
160,16
185,8
331,25
494,2
188,19
778,680
963,25
546,19
124,11
695,11
716,826
953,19
312,826
384,786
149,680
557,38
460,5
189,12
943,786
359,785
672,735
585,735
821,12
70,785
176,15
90,6
537,10
497,8
280,680
1004,38
343,2
809,16
239,93
936,680
612,22
59,4
923,8
123,35
0,27
553,27
146,22
849,10
991,772
63,16
321,4
864,4
717,19
349,25
1003,4
658,12
325,16
290,735
224,786
461,27
390,25
232,680
581,826
819,35
565,16
415,35
516,1
318,826
412,93
488,22
827,16
370,38
629,735
928,35
893,815
582,815
359,8
695,25
698,815
864,27
277,826
704,15
522,10
282,93
265,35
90,8
325,25
201,11
976,25
668,826
343,16
536,785
832,786
479,15
392,9
159,23
365,735
813,22
171,16
357,735
672,826
285,8
235,680
252,93
94,680
457,9
186,2
316,815
100,25
118,680
140,10
143,15
130,16
645,735
575,8
546,680
893,735
527,735
254,11
920,2
405,11
904,785
834,5
763,6
232,9
874,15
603,10
783,680
988,27
697,815
238,35
661,785
97,11
939,12
189,16
140,1
433,9
768,815
325,11
125,8
436,2
398,772
954,22
438,826
629,93
510,9
423,772
226,23
390,2
708,25
50,786
17,16
678,826
698,19
933,2
660,785
129,735
701,38
511,735
723,9
725,826
119,10
674,8
527,35
309,680
242,6
353,9
813,8
245,11
893,826
107,38
381,6
881,786
646,680
243,93
208,9
779,9
233,23
31,785
125,1
178,826
805,826
807,10
572,27
276,5
152,11
775,93
155,22
375,4
486,9
513,22
473,4
476,23
684,25
248,772
377,27
32,5
983,15
948,19
343,826
382,772
591,15
993,735
867,815
464,11
825,6
754,826
39,4
576,38
26,11
137,4
946,786
782,9
30,786
162,4
930,772
769,735
448,19
301,4
214,815
17,2
609,19
259,93
722,680
778,93
391,23
178,23
983,4
270,10
257,23
517,11
886,826
887,23
338,772
856,772
378,5
196,12
985,27
237,680
73,786
739,4
467,786
798,826
530,25
51,6
609,785
385,815
903,772
705,5
965,22
141,9
323,16
88,1
128,2
20,16
573,6
847,22
687,2
501,27
563,16
524,27
894,680
363,22
457,93
884,9
724,5
651,815
836,735
63,35
65,93
600,11
603,22
542,4
915,735
536,93
258,9
665,4
946,772
782,27
604,15
465,785
634,786
176,785
51,786
967,815
128,25
718,772
55,11
76,826
166,10
313,19
1007,35
758,5
743,772
798,735
711,735
178,9
142,35
938,23
861,772
474,6
331,38
774,19
282,27
489,8
860,9
825,25
589,16
221,22
776,8
504,22
673,93
305,27
471,25
915,8
607,11
435,680
718,10
187,27
79,25
483,10
819,27
490,786
770,22
111,680
866,2
156,19
856,735
107,772
292,8
366,19
203,8
992,25
425,22
650,12
615,786
377,826
218,10
515,16
789,12
419,785
776,15
133,35
712,23
471,22
293,786
683,93
60,680
669,2
447,25
505,2
913,27
508,25
274,10
972,680
55,25
459,10
977,6
795,27
945,93
344,815
92,2
610,22
832,4
157,5
567,19
326,786
515,25
882,12
394,15
915,22
382,5
669,27
447,6
285,786
752,4
570,23
717,815
183,93
792,5
617,16
966,27
604,826
695,38
699,35
21,19
518,772
43,10
978,22
176,735
450,8
895,16
169,11
564,786
105,19
311,16
848,10
155,815
119,93
727,680
13,27
569,826
215,35
163,9
534,8
348,27
645,27
719,4
223,35
299,12
