1002,8
31,6
731,1
842,4
327,1
314,22
632,5
425,9
46,12
586,1
182,1
401,16
811,6
540,5
614,4
922,15
944,16
836,6
654,5
712,12
73,35
219,12
419,11
851,12
762,4
444,1
247,1
926,19
508,38
605,5
3,2
645,4
874,38
657,1
660,10
127,27
399,38
403,35
167,10
632,12
574,5
463,5
564,27
638,38
808,2
761,38
725,8
376,4
565,4
416,5
513,38
676,25
898,15
148,15
241,16
259,4
173,1
284,4
87,10
948,35
398,4
383,5
827,12
481,5
728,2
855,1
324,2
966,12
682,2
349,6
867,2
632,19
278,2
68,15
710,1
179,4
290,1
182,19
404,9
775,10
454,9
898,6
972,1
519,1
120,16
466,4
873,9
984,4
383,2
827,5
296,6
1012,15
719,19
617,12
321,2
124,4
991,5
314,35
460,6
278,5
250,11
892,1
472,1
932,2
957,6
44,15
708,38
747,5
787,4
219,19
365,16
590,6
701,1
847,38
812,4
244,9
84,5
726,11
926,4
655,5
951,4
185,16
556,1
136,1
963,1
603,38
877,6
346,5
238,15
628,38
593,12
386,2
904,6
707,4
818,1
929,2
414,1
201,1
367,35
118,5
291,16
516,2
183,6
883,1
81,15
244,16
281,10
479,1
726,2
528,5
837,5
655,2
306,2
824,6
109,4
398,25
491,2
827,19
223,12
334,1
121,1
692,5
766,4
640,35
842,35
646,9
78,10
225,35
297,27
870,38
485,12
547,1
929,27
143,1
661,9
572,15
387,38
279,12
448,8
908,9
451,5
809,1
405,1
84,11
726,5
417,6
257,10
664,1
149,12
791,6
260,1
578,4
136,15
581,9
874,5
643,23
717,4
942,1
729,1
547,6
572,6
118,23
337,6
266,10
177,10
216,27
711,6
1004,12
1007,1
430,2
488,5
862,1
331,4
902,6
171,8
245,1
887,11
874,12
692,11
396,5
470,4
199,5
399,8
97,10
557,9
297,5
100,1
779,19
907,38
582,19
507,1
683,2
976,8
251,4
930,12
362,1
415,25
698,16
55,38
131,27
192,27
945,6
159,4
217,5
588,12
171,1
282,4
835,38
800,4
727,12
603,2
14,2
985,8
643,5
917,25
421,4
557,2
853,1
729,19
433,1
507,6
54,4
276,6
918,8
757,16
298,23
794,10
979,10
708,1
584,15
288,1
17,8
202,4
42,16
498,5
151,93
363,27
517,1
477,15
721,27
995,27
353,1
800,27
467,9
727,5
643,10
628,1
332,19
208,1
903,19
137,11
779,1
122,4
572,19
976,6
209,38
890,1
101,16
619,8
486,1
17,1
662,4
573,12
955,10
42,27
388,35
338,8
745,5
377,35
810,4
295,1
613,6
650,16
282,22
121,38
600,5
727,2
971,27
863,25
518,27
150,1
779,6
122,15
308,35
878,5
829,10
940,19
816,1
819,12
412,1
215,1
733,25
455,93
869,4
881,1
366,6
959,23
600,12
799,35
489,6
532,27
110,11
736,1
971,16
97,22
61,8
668,16
903,1
690,5
344,4
986,2
915,2
555,27
545,1
619,6
30,6
1001,12
291,35
274,25
645,38
449,5
487,16
289,9
1005,8
934,12
43,38
835,2
68,38
949,22
147,4
863,15
207,38
172,4
490,22
219,35
165,35
311,4
98,6
298,11
940,1
541,93
743,1
409,4
88,16
323,1
952,4
755,2
977,12
687,19
709,2
784,786
178,1
585,12
1005,1
92,4
114,25
206,4
835,11
502,5
710,35
342,9
860,1
329,4
589,8
518,12
243,1
354,4
468,12
912,5
679,27
384,19
493,4
98,1
209,2
669,1
545,19
780,4
323,6
52,5
456,16
274,11
919,4
706,6
524,1
709,11
230,38
931,1
129,15
366,27
314,5
672,9
727,38
71,9
440,8
811,11
243,6
61,19
814,4
601,6
86,5
839,4
629,11
24,1
444,12
851,1
52,12
805,5
879,2
274,2
77,4
795,19
299,22
706,1
817,2
620,4
89,1
931,6
46,10
857,4
621,35
968,1
71,6
364,12
515,1
240,2
846,38
814,15
725,5
379,2
419,5
848,11
259,25
558,16
851,6
669,19
694,5
113,35
99,16
334,35
888,1
941,9
546,4
1002,9
31,1
842,5
881,38
496,4
167,12
632,6
425,8
314,23
525,16
910,1
497,27
648,16
814,22
318,27
429,12
503,5
305,6
490,10
577,15
558,27
444,2
762,5
212,38
160,4
87,12
469,6
3,5
830,1
410,1
102,6
213,1
324,4
164,16
349,12
371,35
117,16
336,15
463,4
250,6
68,1
895,1
475,1
722,2
133,6
775,12
725,23
429,5
416,6
750,1
219,4
330,1
294,27
666,16
901,1
580,11
160,27
87,5
383,4
385,16
1012,1
888,15
481,4
245,35
139,1
50,19
506,4
571,2
40,5
349,5
167,2
759,19
250,1
485,16
892,11
697,19
401,1
971,35
404,10
133,15
833,6
229,27
47,4
69,23
269,10
676,1
308,27
134,38
466,5
873,8
309,4
938,1
1012,8
741,1
887,38
410,19
321,1
432,12
124,5
966,4
768,27
571,27
238,5
593,10
991,4
225,16
46,38
661,6
130,5
846,2
957,5
747,4
69,16
858,1
454,1
402,27
441,12
205,27
244,10
355,9
84,6
726,8
655,4
417,11
491,12
383,10
96,1
263,1
874,16
199,25
346,2
522,1
596,8
374,1
411,9
929,1
1003,6
253,38
337,11
158,11
69,25
911,6
587,1
183,1
994,5
134,16
281,9
195,2
837,4
87,16
452,38
491,5
92,93
146,15
455,27
149,2
242,27
849,1
813,27
667,6
445,1
334,6
963,9
874,27
124,27
568,12
949,38
766,5
200,38
399,5
593,4
939,16
704,1
482,6
961,35
618,4
214,12
661,8
165,19
312,4
337,12
155,5
66,15
448,9
982,1
513,1
587,6
698,15
476,4
479,9
377,6
624,1
328,19
455,16
257,9
738,25
791,1
627,12
581,8
232,4
695,16
399,2
643,22
368,9
646,1
482,1
29,1
140,4
384,35
239,5
865,11
523,16
177,9
340,22
69,11
291,1
134,2
119,15
319,2
488,6
973,1
60,4
82,25
445,19
927,5
803,11
470,5
199,4
828,1
97,9
557,8
631,1
278,38
211,1
322,4
582,16
436,12
510,15
807,15
165,5
683,5
76,27
976,9
461,4
597,2
708,27
526,6
893,1
783,38
473,1
291,6
847,5
541,16
997,35
748,1
217,4
899,1
791,23
539,38
760,4
813,6
282,5
121,27
800,5
529,12
603,5
838,22
927,2
643,4
1010,1
97,2
557,1
964,5
989,11
493,38
918,9
905,4
248,1
483,16
375,6
288,2
930,4
415,1
733,6
720,5
847,2
649,15
674,1
270,1
328,8
588,4
591,9
884,5
442,16
924,6
998,5
727,4
432,38
714,11
806,38
169,35
739,1
150,15
208,2
26,9
782,15
929,38
569,15
387,5
705,2
248,8
708,9
1001,1
66,19
893,19
622,4
844,6
20,11
573,11
338,9
856,1
267,15
452,1
881,15
255,1
899,15
810,5
934,19
282,23
600,6
653,4
835,23
307,5
110,1
665,1
150,6
569,16
273,6
829,9
298,6
943,1
730,5
288,16
955,2
227,5
119,19
798,1
585,1
292,4
934,10
810,12
406,4
431,4
675,16
949,12
36,1
518,19
26,27
100,38
344,5
187,4
98,12
298,1
829,2
890,16
212,4
49,27
548,11
91,23
55,5
113,6
955,27
437,15
977,10
906,6
598,15
449,4
527,1
585,10
289,8
896,16
18,19
734,735
788,38
610,2
43,25
835,5
727,19
218,1
453,16
532,35
518,10
246,4
543,22
468,6
286,5
493,10
644,1
480,1
298,8
412,16
965,6
234,16
434,5
755,5
955,16
906,1
817,23
598,6
709,1
289,1
92,5
699,23
934,4
206,5
959,4
564,1
271,6
401,35
440,2
925,5
122,25
912,6
715,4
644,8
718,19
937,2
151,8
523,35
320,12
580,16
854,4
447,27
52,6
879,4
64,1
249,11
67,12
891,1
1002,4
314,2
672,10
746,1
799,25
431,19
342,1
71,8
897,1
440,9
518,4
700,5
243,9
814,5
543,4
194,8
601,5
490,25
1008,1
555,1
873,19
965,8
876,8
805,4
952,19
370,15
423,27
521,2
373,2
817,1
484,27
928,12
620,5
31,27
842,27
127,23
114,8
968,2
253,8
71,1
440,16
83,2
725,4
379,5
145,16
37,2
419,4
737,1
222,6
333,1
479,38
444,4
851,9
491,35
592,1
188,1
888,2
102,12
484,2
546,5
585,38
536,19
225,12
499,16
978,15
339,4
981,2
799,15
68,27
818,27
253,1
700,27
757,38
833,11
814,23
503,4
305,5
308,22
790,12
259,1
997,19
120,4
160,5
469,5
987,5
827,9
3,4
719,15
370,1
484,9
692,35
31,9
127,5
771,11
167,4
796,1
599,1
179,1
290,4
611,2
204,15
404,12
133,5
833,12
725,22
429,4
34,1
861,1
441,1
244,5
851,23
120,11
873,6
765,16
87,4
287,11
913,5
716,1
296,1
99,1
210,4
728,4
506,5
289,38
53,5
953,15
349,4
314,38
297,38
525,1
450,19
361,1
179,6
833,5
636,1
871,16
105,4
216,1
269,9
454,15
898,4
170,5
244,12
62,15
615,15
383,12
494,1
1012,9
124,6
966,5
142,22
753,5
593,9
278,27
904,1
374,15
303,1
130,2
315,2
207,16
562,1
34,19
969,1
454,6
516,5
590,4
37,38
812,6
244,11
355,8
726,9
691,25
602,11
824,1
627,1
738,4
223,1
817,38
484,38
50,2
568,6
842,38
904,8
189,2
596,9
485,1
840,16
658,11
989,38
833,23
337,10
908,12
379,38
352,4
994,2
281,8
488,25
109,2
146,12
627,6
491,4
420,8
149,1
102,35
963,8
914,9
643,16
399,4
457,5
535,6
646,15
78,8
189,27
300,2
707,15
485,10
821,27
658,2
112,8
312,5
439,2
448,10
266,1
340,8
708,22
291,27
476,5
405,15
479,8
417,4
627,15
257,8
331,1
96,16
442,4
245,6
763,2
803,5
272,6
606,1
643,25
368,10
186,1
646,6
704,25
889,19
411,6
964,16
140,5
325,15
769,6
165,27
239,4
794,6
868,1
337,4
500,27
266,8
177,8
340,23
676,38
449,38
881,27
257,1
60,5
171,10
813,12
887,5
960,27
927,4
161,16
803,10
571,38
399,10
97,8
495,6
544,4
322,5
840,5
125,5
967,2
683,4
976,10
794,1
868,8
905,2
390,1
301,15
708,4
141,27
1004,5
733,12
476,27
649,5
834,27
84,27
945,4
267,16
159,6
859,1
517,6
791,22
702,2
760,5
813,5
887,2
85,4
603,4
838,23
418,15
399,19
936,27
97,1
189,38
742,4
48,16
964,6
794,8
979,12
890,4
375,1
841,19
326,16
733,5
131,2
230,1
566,16
217,12
1005,27
588,5
380,35
591,8
884,6
692,27
825,11
492,1
554,4
518,38
828,16
150,12
850,5
283,38
51,2
804,25
308,38
918,1
387,4
705,1
248,9
708,10
619,10
819,9
622,5
313,6
955,12
131,11
573,10
847,10
156,1
67,19
391,16
983,1
452,2
810,2
835,22
307,4
625,1
949,2
717,38
535,35
446,4
175,5
394,22
273,5
607,6
493,23
76,1
647,1
372,2
483,1
88,4
622,12
659,2
20,19
955,5
166,22
758,1
977,16
869,2
909,1
255,9
292,5
366,4
317,11
135,4
450,35
489,4
478,38
776,4
836,38
344,6
644,27
829,1
940,4
409,1
212,5
30,4
854,11
783,5
91,22
733,16
55,4
113,5
153,4
723,38
264,1
598,12
856,16
178,4
585,9
289,15
1005,6
92,15
934,2
663,15
317,4
561,16
835,4
946,1
329,1
147,6
172,6
999,4
184,1
493,9
644,2
1011,1
298,9
783,2
952,6
755,4
462,1
524,4
817,22
620,16
92,6
238,93
699,22
934,5
998,38
104,1
33,27
567,23
518,2
97,38
900,12
703,2
283,2
925,4
839,9
641,2
382,1
898,38
493,2
644,9
422,6
151,11
558,4
409,19
854,5
288,38
681,4
792,1
706,4
906,9
191,1
1002,5
549,5
400,4
21,23
539,19
46,1
672,11
68,22
857,1
71,11
440,10
518,5
700,6
243,8
703,11
407,5
814,10
601,4
712,1
839,6
490,6
626,4
184,15
111,1
1008,2
62,16
247,12
123,2
160,8
163,5
55,19
990,1
77,2
521,1
188,11
373,1
687,35
484,4
263,38
620,6
1002,12
129,6
496,15
114,9
314,10
78,35
154,6
389,23
46,8
675,15
342,25
218,27
882,2
811,2
83,5
654,1
379,4
308,8
219,8
37,1
183,38
259,27
558,22
444,5
262,4
247,5
345,5
592,2
755,27
595,15
64,16
210,19
410,4
663,19
574,1
632,8
685,2
43,4
154,1
46,19
981,1
478,5
833,10
725,12
429,10
305,4
69,35
639,1
490,8
416,1
219,1
468,27
848,4
691,5
469,4
987,4
491,27
224,35
1012,4
598,35
28,5
102,4
670,27
31,8
657,6
127,4
399,35
536,27
571,15
336,1
907,1
250,4
512,4
1006,2
935,2
611,5
80,6
703,38
354,38
337,38
407,16
676,4
950,16
145,1
219,6
365,27
244,6
851,22
501,38
126,38
0,1
827,1
188,16
778,16
617,8
855,2
731,16
571,4
682,1
793,2
278,1
7,8
65,1
265,12
892,5
315,12
575,16
833,4
814,38
747,1
565,10
269,8
343,1
454,12
898,5
519,2
997,4
713,2
198,1
827,6
494,6
1012,10
142,23
753,4
75,16
593,8
386,6
991,6
904,2
472,4
661,4
882,38
315,5
118,1
105,12
747,6
416,22
590,5
923,12
655,6
380,1
824,2
951,1
738,5
136,4
164,15
806,1
275,4
386,1
522,15
189,1
596,10
904,9
143,5
347,35
683,16
976,38
846,11
705,35
44,1
337,9
833,22
871,1
451,1
56,4
402,16
81,12
479,2
726,1
602,19
417,2
220,4
420,9
334,4
874,25
359,4
640,38
988,1
643,19
535,1
917,11
78,9
371,1
1000,4
29,6
547,2
433,19
325,5
769,12
112,9
312,6
115,4
226,1
797,1
708,23
673,19
340,9
822,11
771,772
476,6
809,6
652,1
84,22
377,4
488,1
149,9
242,16
442,5
902,2
63,2
232,6
529,16
855,38
399,12
717,1
297,1
942,4
769,5
572,1
611,38
266,9
933,5
883,16
205,4
723,4
637,1
430,1
217,1
591,5
887,4
532,2
199,6
643,1
557,6
742,2
446,16
853,5
350,1
976,11
868,9
708,5
1004,6
237,38
55,35
563,1
159,1
588,15
862,15
517,5
760,6
334,25
778,38
813,4
467,5
529,2
643,6
310,6
150,10
26,12
233,27
312,27
276,1
115,27
794,9
976,2
152,15
594,4
708,12
323,38
131,5
847,12
958,1
745,1
338,12
230,6
341,1
452,4
245,16
467,10
727,6
640,2
678,19
399,27
554,5
643,15
243,38
261,6
779,2
347,4
577,93
794,16
248,10
708,11
819,8
288,27
215,5
17,6
313,5
573,9
116,1
351,16
896,4
699,2
366,2
168,5
995,5
464,6
542,1
600,8
378,1
949,1
71,38
332,5
61,12
280,35
903,5
48,15
394,23
233,5
986,6
490,35
384,1
76,2
493,22
187,1
138,16
141,5
825,826
128,6
573,2
955,4
758,6
634,16
598,10
67,27
449,1
252,5
896,27
181,15
881,6
255,8
934,8
1005,12
95,4
823,5
193,4
304,1
307,12
949,10
974,2
61,5
903,2
986,1
878,19
644,4
740,16
940,5
545,6
447,23
30,5
783,4
752,19
570,6
113,4
224,1
977,8
795,1
634,27
906,4
709,6
585,8
696,5
1005,5
92,8
366,12
403,2
496,27
600,22
157,15
33,1
107,6
949,19
589,12
808,35
900,6
518,8
839,19
915,12
493,8
98,5
616,5
262,16
138,2
977,1
462,6
524,5
598,4
449,19
709,15
31,23
894,5
820,6
129,11
959,6
635,1
467,38
231,1
342,12
567,22
240,23
58,2
440,4
576,6
500,38
651,27
712,27
839,8
197,2
715,6
533,19
493,1
151,10
558,5
505,6
752,1
348,1
792,2
388,2
706,5
620,8
1002,2
549,4
931,2
823,16
327,15
21,22
403,16
561,1
46,6
525,27
672,12
157,1
268,4
586,27
71,10
110,35
367,5
243,11
407,4
543,6
839,1
308,2
552,22
666,2
851,2
160,9
876,10
716,22
274,1
573,38
866,16
102,11
484,5
31,5
89,6
327,4
129,5
956,1
314,11
425,4
759,1
389,22
225,9
46,9
515,2
182,2
293,5
993,12
811,5
243,16
83,4
194,1
654,6
86,19
308,9
419,6
148,5
222,4
777,6
851,11
558,23
802,6
345,4
916,2
3,1
385,27
334,38
102,2
302,15
484,12
657,12
571,9
167,9
225,2
685,1
832,22
574,6
46,16
907,11
833,9
725,11
429,9
503,6
947,1
490,9
145,15
308,16
777,15
173,4
691,4
802,1
913,2
605,1
398,1
716,4
3,6
556,16
1012,5
888,11
102,5
484,11
855,4
89,16
756,2
167,6
225,27
867,1
265,10
339,15
250,5
857,27
611,4
722,1
775,9
833,2
105,1
468,35
219,25
454,10
873,4
984,1
395,15
469,12
531,1
87,6
0,2
1009,15
383,1
630,2
1012,12
559,2
263,12
139,2
432,8
781,4
278,6
7,11
892,6
697,16
500,1
47,1
105,10
565,9
256,4
898,2
13,2
713,1
938,12
1012,11
260,16
887,35
568,1
346,6
991,1
596,12
176,4
485,6
414,2
472,5
367,38
846,1
315,4
633,1
426,1
390,27
229,1
725,38
379,35
416,23
787,8
454,4
59,27
612,19
81,10
479,4
615,6
652,12
84,1
726,15
380,2
417,8
491,1
916,38
667,2
334,2
559,16
235,4
806,6
917,1
646,10
904,10
870,35
411,10
929,6
51,35
143,4
769,10
201,5
661,12
572,12
337,8
155,1
69,6
183,2
94,22
59,16
84,8
948,4
417,1
491,6
420,10
791,5
223,8
121,5
963,10
874,6
692,1
581,12
272,1
864,16
275,12
1010,19
557,19
482,5
29,5
485,8
547,5
843,4
112,10
647,38
651,35
337,1
448,12
708,16
340,10
711,5
34,35
180,6
880,15
809,5
94,25
612,1
479,10
192,1
652,2
84,23
655,23
380,16
677,6
970,16
149,8
245,4
470,1
381,15
643,27
399,15
368,12
917,19
646,4
704,27
167,35
557,12
942,5
544,15
767,16
732,22
769,4
807,19
239,6
115,12
152,2
390,12
526,2
486,16
56,19
538,1
773,16
134,1
45,15
501,2
106,15
220,27
664,12
800,1
603,1
396,1
72,2
199,1
557,5
631,2
853,4
507,5
54,1
608,35
165,2
865,1
683,6
976,12
868,10
979,9
708,6
526,5
17,11
733,10
291,11
720,1
316,1
588,8
517,4
295,15
353,12
467,4
529,1
985,12
603,6
749,27
381,1
492,4
643,9
900,35
150,11
904,38
961,11
779,12
889,35
29,16
875,16
236,1
918,12
387,1
101,19
619,23
412,15
215,15
17,12
662,1
955,9
131,4
498,1
452,5
270,4
824,38
881,11
591,10
924,1
814,815
600,2
393,4
196,2
307,1
936,4
150,2
261,5
961,12
335,2
779,5
507,19
989,1
607,27
312,35
205,93
943,5
619,12
17,5
844,1
313,4
573,8
116,2
758,12
227,1
524,25
217,27
896,5
788,19
881,12
791,38
995,4
600,9
653,1
307,6
332,6
150,5
61,11
903,4
872,19
690,6
764,1
804,2
471,6
915,1
384,2
520,4
829,6
298,5
940,15
580,38
323,23
141,4
770,1
573,1
684,4
153,1
598,11
1005,11
881,5
934,9
610,6
959,19
135,6
193,27
835,1
910,38
749,6
949,9
860,15
736,5
789,5
258,2
665,15
175,12
912,11
604,4
397,2
165,38
644,5
298,12
173,38
447,22
730,11
348,12
755,1
424,15
351,1
906,5
980,12
598,2
341,27
696,6
1005,4
699,19
845,16
206,1
835,6
600,23
342,10
71,23
364,35
97,35
996,19
246,27
872,1
801,27
468,1
530,4
912,2
644,12
865,38
480,4
151,12
284,38
323,5
126,1
681,1
919,11
706,11
524,6
906,12
598,5
67,8
230,35
31,22
536,1
771,16
314,6
132,1
428,2
746,5
949,27
71,12
240,8
537,38
243,5
814,1
468,8
308,4
419,27
644,11
209,6
505,5
965,12
876,12
254,93
755,15
891,2
928,8
620,9
302,2
487,2
931,5
845,2
114,12
314,1
746,12
268,5
342,4
253,12
71,5
440,12
993,10
811,15
243,10
922,6
996,1
651,19
814,8
490,4
552,23
626,2
555,2
851,5
584,93
160,10
548,35
345,2
805,1
456,27
716,23
955,35
459,6
188,5
941,12
102,8
484,6
1002,10
31,4
842,6
127,16
660,1
129,4
496,1
167,19
225,8
314,8
599,12
968,5
71,2
293,4
814,19
725,1
379,6
676,16
397,38
308,10
219,10
950,4
629,16
829,35
479,35
777,5
580,1
962,27
160,1
345,11
74,4
627,38
830,2
888,5
213,4
731,4
842,1
660,8
127,25
438,1
167,8
632,10
832,23
225,1
870,4
176,16
325,38
401,11
833,8
337,35
725,10
429,8
503,1
565,6
762,1
873,2
358,1
87,8
987,6
383,27
827,10
385,19
741,27
245,38
617,5
31,10
894,38
768,1
127,6
571,1
167,1
646,38
904,22
265,9
401,12
537,2
315,9
775,8
429,1
454,11
737,16
259,11
284,1
195,19
87,1
642,5
938,2
830,12
432,9
966,1
127,15
753,1
845,38
349,1
460,4
7,10
46,35
599,27
608,1
130,6
500,2
105,9
269,6
454,2
256,5
975,19
244,15
886,1
355,4
997,2
466,1
765,38
13,1
380,4
383,9
263,4
670,11
529,35
695,1
606,19
164,2
275,1
522,2
904,4
485,5
964,38
472,6
550,1
130,1
700,35
454,5
365,11
183,4
994,6
851,38
615,1
392,1
84,2
87,23
306,4
677,19
824,4
185,27
420,12
149,5
667,5
877,1
238,16
457,1
646,11
208,35
904,11
889,6
103,4
929,5
658,6
769,9
201,4
439,6
115,1
500,16
744,4
340,12
69,5
911,2
587,5
56,6
365,4
551,27
94,23
994,1
81,2
479,12
120,35
84,9
377,1
948,5
220,6
791,4
121,4
102,38
692,2
803,1
435,27
914,4
399,1
1010,16
646,2
225,38
596,19
1000,6
29,4
547,4
510,1
115,6
266,12
711,4
809,4
316,12
134,15
427,19
723,1
192,2
281,22
655,22
948,12
149,23
667,19
578,1
174,1
127,35
646,5
557,11
840,1
732,23
436,1
754,4
312,15
291,5
609,2
723,6
134,6
377,19
748,6
149,16
760,1
356,1
285,27
692,16
927,1
346,27
164,38
557,4
939,2
782,1
507,4
569,1
661,38
954,16
276,4
369,27
794,12
979,8
177,6
323,35
340,25
415,4
733,9
681,35
202,6
883,27
20,1
847,1
192,16
84,38
588,9
92,38
591,12
702,1
813,2
998,6
393,2
492,5
643,8
39,5
150,8
26,10
137,5
872,38
322,27
197,35
767,1
143,27
347,1
523,2
619,22
251,16
622,1
955,8
773,1
920,22
116,4
798,27
230,4
909,12
585,27
896,15
328,12
810,6
884,1
924,2
467,12
949,6
110,2
221,5
779,4
122,1
357,16
490,38
804,4
273,1
347,6
76,5
918,4
829,12
816,15
943,4
619,15
819,10
656,19
730,6
622,8
17,4
587,38
128,1
955,1
560,4
869,6
377,38
896,6
129,38
810,1
613,1
760,22
724,4
282,19
835,27
85,19
378,15
838,4
625,6
736,15
97,16
61,10
875,1
344,2
986,4
950,38
471,1
520,5
829,5
647,2
248,19
375,16
619,4
323,22
326,1
880,35
955,6
684,5
598,8
798,5
527,4
585,5
1005,10
255,10
881,4
992,1
749,5
949,8
218,2
240,27
811,27
443,5
761,2
246,1
286,6
918,22
333,25
705,16
409,6
545,4
583,19
783,6
570,4
291,38
55,1
264,4
709,4
983,16
487,15
289,12
327,27
934,1
342,11
71,22
589,10
576,1
211,38
468,2
219,38
493,6
480,5
244,38
237,1
770,16
592,16
462,4
966,35
289,5
768,38
92,1
536,2
349,35
663,1
499,1
104,4
746,2
364,27
240,9
518,1
243,4
443,19
354,1
925,1
801,19
468,9
839,10
308,5
422,5
558,11
209,5
505,4
583,1
287,19
74,19
188,15
191,2
102,22
928,9
549,2
931,4
18,1
129,2
956,4
425,1
228,5
46,4
268,6
342,5
71,4
808,19
700,1
993,9
739,38
280,1
83,1
712,4
490,5
950,2
308,12
679,15
333,4
444,9
580,27
962,1
160,11
655,38
345,1
296,16
188,6
388,11
102,9
249,16
620,1
89,4
129,27
536,16
403,27
314,9
632,4
425,10
978,16
154,5
870,2
599,15
799,2
882,1
814,16
836,5
503,11
490,12
365,38
777,4
580,2
287,1
534,2
113,38
1009,19
277,27
31,12
660,9
953,1
438,6
574,4
904,16
154,12
870,5
611,1
243,27
207,1
814,27
725,9
836,12
639,2
416,4
34,2
219,2
259,5
62,1
873,1
691,6
87,11
469,1
224,38
481,6
617,4
506,6
509,27
314,27
371,38
904,23
265,8
179,5
895,12
1006,1
404,8
315,8
133,1
703,35
269,12
308,25
219,27
454,8
244,1
688,2
873,10
284,2
395,1
309,6
827,2
296,5
781,2
432,10
966,6
549,38
199,38
278,4
561,35
981,16
550,15
608,2
932,1
971,38
315,1
996,38
562,2
725,27
787,5
256,6
590,1
886,6
244,8
84,4
726,10
469,19
198,4
951,5
383,8
827,27
296,12
223,4
888,27
852,1
124,2
235,1
768,16
346,4
917,6
904,5
668,38
796,19
485,4
90,1
201,2
661,1
315,6
426,15
118,4
969,5
241,4
701,27
352,1
81,8
355,12
392,2
762,27
528,4
106,16
87,22
824,5
627,5
494,12
149,4
667,4
578,12
161,1
914,10
346,15
806,4
78,5
904,12
889,5
65,16
929,4
769,8
661,10
954,4
312,2
350,19
686,2
744,5
266,2
908,8
69,4
639,38
787,19
698,1
294,1
281,12
652,5
84,10
230,25
802,35
948,6
380,27
452,35
738,27
223,10
849,4
960,1
581,10
963,12
124,16
359,1
914,5
717,5
535,2
421,19
371,2
618,1
729,2
303,19
90,19
769,1
843,6
112,12
935,35
118,22
1004,19
750,38
1007,6
402,6
538,4
488,4
455,15
257,12
331,5
149,22
902,1
171,9
245,2
63,15
285,1
927,27
396,4
803,9
399,9
495,5
297,6
371,11
671,6
967,1
312,16
597,4
251,5
911,19
291,4
609,1
809,12
205,1
994,16
316,4
488,11
159,5
217,6
760,2
542,19
467,1
124,38
985,9
492,15
643,2
535,16
900,38
297,15
322,1
964,27
236,4
79,5
298,22
619,16
177,5
930,6
1004,1
17,9
733,8
131,1
498,4
156,15
230,2
881,16
517,2
242,1
813,1
467,6
749,25
625,11
643,11
492,6
518,35
150,9
776,19
903,16
579,19
504,1
964,2
458,5
976,5
647,15
940,27
708,15
619,9
930,1
622,6
733,1
844,4
955,11
920,23
313,1
131,6
264,16
230,5
588,1
57,4
168,1
884,2
600,4
653,6
946,16
838,2
949,5
418,2
221,4
495,16
233,1
547,35
125,19
782,16
829,11
215,6
622,9
659,1
560,5
32,19
859,19
514,1
881,2
366,1
921,1
760,23
282,16
838,5
71,35
625,5
97,23
150,27
61,9
903,6
579,1
961,27
690,4
261,12
175,1
986,5
493,19
829,4
841,1
437,1
684,6
116,11
598,9
563,25
449,6
289,10
92,12
292,1
542,15
107,2
949,23
364,38
974,1
443,4
761,1
246,6
122,16
357,1
604,6
804,11
493,12
311,5
918,23
298,10
461,35
409,5
138,6
212,1
873,35
783,1
570,5
936,786
990,16
77,19
894,1
934,6
132,4
406,16
502,4
342,8
144,15
271,4
589,9
240,19
900,1
258,27
518,15
703,1
283,1
947,38
839,12
493,5
1011,5
480,6
288,35
955,23
919,5
906,10
449,16
620,12
31,16
820,1
1002,6
289,4
400,1
203,1
314,4
635,2
46,2
672,8
147,19
58,1
240,10
169,2
885,1
996,4
246,16
465,1
468,10
839,5
490,27
111,4
740,1
209,4
320,1
323,12
234,4
965,10
805,6
77,5
595,5
299,23
373,4
928,10
620,11
1002,1
549,1
474,19
129,1
114,10
956,5
574,27
117,15
799,4
857,5
253,10
110,38
293,25
993,8
367,6
243,12
922,4
407,1
654,2
712,5
490,2
37,4
666,1
901,16
444,10
262,1
49,1
505,12
160,12
694,4
941,10
817,4
