198,786
125,786
682,16
460,25
117,8
389,19
409,826
981,4
697,2
899,785
204,22
169,12
170,735
280,9
465,680
83,9
505,786
34,8
269,25
111,10
972,19
666,8
777,11
120,2
187,826
901,735
866,38
373,22
210,15
484,15
727,93
781,15
374,826
877,27
806,25
493,786
618,35
265,6
157,16
621,22
147,38
293,11
648,22
426,19
947,2
538,38
205,735
666,19
642,8
298,815
172,772
410,11
143,815
183,786
111,826
849,786
81,680
206,735
211,93
466,815
414,23
452,785
952,772
440,35
689,826
562,8
448,35
999,93
379,22
750,11
860,735
737,22
576,815
852,735
231,772
306,16
916,19
630,1
99,4
869,93
263,9
781,1
432,11
927,38
697,786
493,772
117,680
575,785
374,9
322,35
585,785
621,8
384,93
648,4
133,9
207,22
118,2
944,5
673,12
105,15
241,2
612,23
44,772
478,735
670,772
344,735
987,22
1009,5
595,38
728,16
525,826
50,4
142,27
435,15
18,93
864,5
303,12
985,93
472,8
633,6
673,5
305,35
947,25
158,10
590,9
441,22
280,735
460,680
926,15
216,786
488,23
49,38
713,15
54,785
862,23
353,680
689,22
62,735
728,23
873,735
213,38
506,16
568,11
470,10
290,785
275,8
374,27
414,8
757,5
744,6
797,4
1001,38
148,35
169,815
701,19
389,786
637,11
711,772
250,680
160,38
309,16
518,826
960,2
337,815
766,15
72,23
272,4
491,735
75,2
665,38
939,22
43,93
104,93
621,680
214,6
306,680
954,12
189,785
47,25
251,15
362,6
880,2
809,10
612,12
133,826
631,815
119,12
751,12
789,815
738,19
973,2
998,10
356,4
1003,93
749,38
567,35
310,8
1010,9
739,16
939,15
1000,15
820,826
433,8
303,27
535,785
807,12
241,93
439,22
979,5
893,2
676,35
988,826
20,4
538,12
688,38
501,15
230,8
378,826
106,10
255,16
42,786
598,93
502,38
304,25
770,785
779,8
964,4
413,735
109,785
594,9
976,15
635,735
433,772
307,680
911,27
91,1
609,25
538,23
560,8
373,93
547,786
783,93
859,4
295,8
524,680
464,12
445,38
763,23
229,772
729,785
453,38
932,815
457,35
21,93
495,10
912,25
73,19
40,815
902,786
816,10
583,38
144,680
234,38
911,735
587,35
202,15
717,785
792,35
922,772
563,10
835,785
1002,35
449,11
400,38
751,27
588,2
517,10
257,22
699,1
428,25
603,16
1005,785
381,23
736,10
957,826
389,93
616,815
446,6
838,772
450,93
51,9
642,786
863,772
865,16
369,11
79,735
545,8
619,1
981,772
855,815
455,680
974,680
773,8
42,2
449,12
585,2
823,8
751,735
57,12
610,10
973,38
884,10
724,6
924,27
377,815
236,680
554,8
130,93
494,735
261,11
693,8
289,815
162,23
234,815
589,785
384,5
644,25
276,19
480,9
890,19
101,2
7,680
529,786
511,9
719,35
227,11
245,680
391,4
356,826
489,772
18,735
366,9
258,772
650,2
600,19
671,93
502,2
231,15
71,27
36,15
589,15
258,1
169,23
974,6
665,12
468,5
840,38
344,11
641,11
607,10
989,16
610,826
848,38
544,826
616,2
101,11
234,19
847,680
922,785
116,19
210,735
891,9
487,9
292,9
663,10
685,25
45,815
218,11
898,815
405,786
357,9
305,19
267,785
86,2
286,15
825,735
1008,9
293,785
222,23
792,826
1011,4
300,786
466,38
49,22
583,10
694,11
879,5
681,6
202,35
120,680
817,9
413,9
842,19
610,23
114,16
832,5
759,15
173,680
283,735
157,4
378,38
881,815
271,12
589,1
953,93
700,735
166,680
703,9
394,12
876,786
588,772
681,772
443,735
151,6
797,815
858,815
285,785
456,23
403,785
850,772
780,735
752,826
623,9
554,93
759,4
870,9
564,22
450,9
897,27
974,27
243,15
614,2
405,735
503,12
358,785
195,826
444,11
320,25
247,11
358,10
123,25
641,785
952,25
310,786
410,6
657,15
127,680
129,25
114,2
336,8
117,23
157,22
697,1
54,93
643,93
935,11
280,10
44,35
562,23
157,785
451,35
505,785
379,27
809,35
796,815
410,772
982,93
17,826
296,25
888,8
706,19
928,25
89,19
971,93
574,10
499,22
265,5
339,10
485,23
766,786
364,2
993,25
498,815
426,16
407,22
318,2
944,8
636,9
379,16
307,815
148,8
59,8
886,10
81,27
615,23
355,27
694,23
89,785
0,15
456,12
1009,10
185,5
879,25
630,15
405,93
225,772
904,735
321,8
864,8
849,785
578,826
560,785
959,38
363,735
257,772
442,735
725,16
318,5
800,772
947,10
358,826
34,27
158,25
58,815
975,23
444,16
299,680
997,6
615,12
87,2
605,22
987,16
879,38
1007,93
790,786
257,38
79,772
47,815
50,10
198,772
326,680
40,12
721,93
386,8
635,38
250,8
303,6
859,772
54,38
308,680
884,772
540,19
318,12
229,4
376,19
444,786
969,2
364,826
59,6
994,10
170,15
922,735
687,93
389,815
410,785
765,35
837,27
398,23
481,22
559,23
445,8
855,22
506,22
396,25
988,8
606,22
349,23
646,23
889,2
250,19
472,9
843,10
754,22
882,35
575,4
633,5
26,93
47,10
949,772
291,19
1009,826
541,5
710,786
802,38
31,93
640,815
309,22
420,15
791,8
960,12
250,785
470,11
626,680
291,826
554,35
717,10
293,93
349,16
275,11
959,93
300,1
582,38
572,8
256,785
975,680
523,27
251,9
858,19
358,815
415,735
254,6
842,735
516,10
492,680
720,16
753,786
834,8
528,680
637,735
106,25
655,10
677,25
382,785
578,5
121,9
892,786
951,735
539,815
756,735
371,4
544,12
618,15
124,815
507,11
884,785
852,826
765,93
383,826
316,15
281,27
945,12
146,1
99,35
171,11
396,6
128,785
1010,6
338,680
653,735
31,735
983,786
236,15
54,2
112,5
757,22
190,680
66,1
424,16
498,11
519,93
45,11
154,786
319,11
377,16
430,10
654,735
464,785
948,22
255,19
993,785
709,815
564,38
640,9
842,93
492,9
538,815
704,22
408,8
779,11
582,11
569,6
115,25
137,735
301,9
121,680
819,1
213,786
895,735
982,735
20,12
405,27
585,23
983,9
566,19
169,735
41,786
64,93
501,786
356,11
653,11
161,35
470,23
936,1
631,23
647,786
690,16
288,772
162,2
347,2
989,4
486,6
641,826
841,680
91,25
698,35
294,35
131,735
723,25
212,680
360,38
530,680
605,815
821,786
896,2
328,15
591,22
381,22
201,93
347,772
96,735
977,826
443,8
172,23
372,772
157,826
690,11
964,11
659,735
876,815
878,10
436,25
384,15
239,25
865,23
992,815
410,735
526,27
325,826
434,19
237,19
684,9
319,38
67,25
178,12
70,6
452,8
161,826
760,25
652,735
355,786
814,826
859,735
567,6
860,12
749,9
936,15
495,27
261,10
335,23
394,16
782,25
198,735
397,5
437,772
955,772
868,35
463,772
980,772
730,12
529,785
215,25
880,38
237,12
555,785
166,8
847,25
42,10
795,15
205,35
931,735
821,735
181,10
474,4
114,680
539,2
924,19
420,786
540,35
577,815
354,10
172,5
47,93
51,22
986,10
930,815
1007,815
333,22
209,8
138,4
126,2
880,93
952,5
224,6
249,2
360,27
657,27
14,680
114,22
721,6
439,735
21,15
799,16
431,10
453,25
147,12
80,25
61,25
340,826
197,4
915,19
609,826
333,15
777,22
613,786
725,680
583,5
930,35
694,8
952,12
805,27
681,5
404,785
153,23
462,11
817,8
319,93
709,10
752,772
842,16
200,22
574,22
43,23
478,785
450,15
857,2
268,10
802,815
59,826
722,22
135,826
946,815
696,826
821,93
604,22
382,11
666,4
886,38
529,772
55,735
868,786
560,35
941,15
388,15
191,15
983,35
289,19
623,8
991,35
425,6
244,785
561,4
746,8
799,6
498,826
305,12
692,680
72,785
108,10
950,1
555,6
666,15
247,10
671,786
348,680
385,5
350,785
207,680
619,815
966,16
89,9
532,826
167,15
560,735
43,5
117,22
336,9
907,9
618,38
895,27
722,8
903,93
688,786
543,10
945,815
429,11
925,16
736,826
861,8
222,9
1012,735
562,785
69,815
141,93
645,2
522,735
302,16
413,19
966,11
877,25
932,785
402,772
574,11
704,38
225,5
499,25
7,16
154,11
265,4
747,786
552,772
207,2
44,27
562,15
394,38
750,6
552,9
256,11
184,35
972,4
24,23
975,9
425,786
62,4
392,16
138,35
691,11
123,22
916,22
1009,9
385,23
420,19
481,27
961,785
447,826
673,815
140,735
572,826
593,16
222,786
613,93
776,815
65,2
176,11
658,25
253,19
1006,4
130,11
340,680
676,2
128,93
181,786
901,9
886,2
81,19
688,5
160,19
987,19
553,23
419,735
367,680
99,6
337,826
191,35
852,5
874,22
926,772
359,23
781,826
818,4
599,23
339,27
90,5
932,12
1006,15
868,735
758,735
44,9
942,93
729,93
216,8
676,9
949,826
256,25
45,38
926,10
992,93
331,19
204,680
902,19
849,15
526,735
142,25
768,19
606,23
571,19
300,11
228,35
873,786
103,11
433,27
550,5
399,826
236,35
993,35
404,25
497,6
459,772
465,93
340,1
784,2
286,93
590,15
94,16
96,772
745,38
791,11
578,11
336,93
728,25
161,6
553,772
143,772
717,9
917,12
774,826
39,680
939,19
889,10
669,785
618,5
250,27
434,815
275,785
222,93
872,93
69,1
50,680
822,10
948,772
205,12
244,25
870,680
923,27
637,9
624,2
380,22
751,1
230,785
232,5
871,680
694,786
539,735
301,22
102,772
963,815
1009,93
720,8
684,38
405,8
282,735
501,4
32,10
566,6
474,38
788,4
664,10
424,815
96,23
1011,680
702,27
260,10
460,815
689,6
149,19
48,735
874,10
448,815
568,27
128,786
954,735
421,25
850,19
838,785
270,680
913,772
437,815
228,786
653,815
641,815
362,15
288,12
548,16
609,6
662,8
94,5
738,815
168,785
45,10
136,826
51,680
305,786
710,772
677,10
328,2
898,735
886,815
338,785
174,12
708,826
20,815
421,2
544,27
690,22
686,785
359,815
363,680
769,16
347,12
458,25
647,19
597,10
249,815
753,772
994,38
560,10
156,10
341,2
255,27
788,10
899,9
684,785
760,12
776,785
136,38
82,8
230,826
263,93
653,10
529,4
14,11
234,680
625,8
275,38
39,1
738,735
137,9
853,8
122,2
782,12
40,785
239,19
77,735
189,826
905,12
871,35
412,4
895,786
237,25
609,16
310,826
687,6
429,786
413,35
514,5
199,680
847,785
424,772
558,785
478,826
339,93
359,38
196,15
567,8
518,25
773,815
649,785
794,785
246,11
266,93
356,735
820,785
507,22
878,11
437,826
276,22
635,786
941,815
890,22
780,25
375,23
1001,9
894,785
733,23
55,15
648,785
331,815
847,19
674,16
252,4
823,10
402,815
120,772
636,815
378,11
33,9
13,786
231,16
675,19
645,680
382,23
607,15
572,35
695,680
369,2
975,38
667,785
480,11
943,9
819,23
659,11
677,93
511,11
684,1
280,786
388,19
191,19
620,25
983,23
514,23
510,735
756,38
167,735
721,12
481,93
230,815
637,826
376,735
33,2
105,826
144,11
860,4
971,11
421,38
443,25
799,785
986,11
73,4
422,15
854,2
49,19
434,2
163,23
128,19
437,23
348,9
894,4
18,11
954,786
919,772
349,38
888,680
502,27
799,19
531,772
144,2
589,6
58,5
700,15
614,22
372,786
175,16
530,1
718,16
671,815
305,735
323,8
126,10
200,786
594,735
188,12
462,8
527,22
657,19
289,25
574,23
229,815
564,9
268,11
219,735
401,27
308,772
723,680
116,826
336,785
379,15
641,27
510,93
718,27
1011,15
64,772
980,786
592,11
350,815
757,826
388,8
546,11
360,10
267,35
380,680
936,93
521,772
499,10
157,27
531,786
453,10
369,93
190,93
105,16
748,735
934,785
630,735
480,23
151,25
207,826
354,785
447,8
711,815
123,27
783,25
913,10
987,15
952,27
163,10
916,1
519,786
521,10
461,785
726,93
213,6
198,785
768,8
92,19
954,815
724,35
907,8
283,786
857,19
710,10
475,10
80,15
922,10
924,826
944,19
654,8
712,15
674,785
950,25
383,786
455,826
314,826
386,786
297,680
226,680
335,735
232,735
85,680
123,16
585,93
160,6
695,826
534,6
347,680
645,1
849,27
373,19
528,785
210,10
966,8
70,93
753,10
771,10
646,735
956,22
225,4
632,15
45,785
981,735
672,16
506,772
697,8
201,19
293,8
58,25
445,786
83,19
33,826
747,8
552,10
18,785
256,12
534,772
811,826
259,9
425,785
946,680
505,35
716,2
1009,8
774,93
943,735
85,93
359,25
623,38
369,826
189,15
389,2
707,27
176,12
231,35
1003,10
821,15
678,93
794,35
390,35
871,19
636,2
947,12
822,38
880,25
666,25
170,2
784,735
306,15
420,27
666,735
223,27
919,35
741,15
296,9
28,27
728,12
874,23
766,25
857,680
125,826
509,16
953,23
238,11
682,8
756,23
225,22
522,4
796,16
818,5
361,9
325,19
608,6
917,772
797,15
784,12
1002,735
858,15
162,93
935,815
537,785
81,11
355,11
427,35
504,772
589,680
109,8
914,786
521,38
860,93
991,15
956,35
793,12
742,25
671,23
892,27
697,35
368,786
633,11
764,93
730,93
307,772
159,815
698,2
551,25
116,38
561,826
82,735
84,15
748,22
713,12
655,15
586,735
627,9
884,35
630,22
460,826
766,11
237,786
754,786
99,826
482,4
546,826
618,735
124,786
967,15
366,772
807,27
408,826
633,12
686,6
315,19
376,35
216,23
1004,16
108,93
711,10
202,22
934,815
901,680
205,11
924,735
248,93
945,9
837,11
358,38
566,12
914,772
146,4
664,4
973,6
960,5
745,785
121,15
911,815
914,1
199,9
78,16
831,9
189,19
1000,11
214,5
967,4
164,826
510,10
812,93
830,772
686,9
461,9
409,35
855,772
451,15
17,19
958,23
7,786
999,772
50,93
531,35
810,22
611,772
442,12
260,11
741,35
135,35
500,826
103,826
513,826
470,27
72,1
988,23
310,15
1010,4
97,15
524,772
412,826
586,93
507,2
143,16
439,19
387,25
375,11
56,25
609,5
649,4
501,12
230,15
639,735
395,38
217,10
219,826
881,19
788,12
149,27
542,23
924,9
727,9
182,93
937,735
421,1
131,826
850,11
668,6
248,735
172,35
211,8
942,22
929,35
807,6
350,8
315,38
930,2
434,680
128,8
936,826
536,735
476,19
427,4
742,680
999,826
796,785
899,8
406,8
512,93
514,772
34,785
453,35
489,25
880,785
421,10
26,23
289,786
989,2
790,93
152,22
575,35
209,27
486,4
251,23
434,22
692,826
326,8
381,680
806,680
1007,25
792,38
973,815
743,786
391,19
640,735
992,8
591,16
295,2
322,786
14,19
417,826
329,22
3,680
261,15
446,5
357,27
654,35
603,735
197,23
569,22
276,23
920,680
79,23
445,680
1001,8
656,8
51,785
469,93
591,786
775,785
351,25
410,38
32,23
752,785
18,22
788,25
992,15
683,735
542,8
924,22
449,772
13,785
747,826
378,8
489,11
33,8
640,16
589,19
789,6
665,8
701,815
811,25
540,38
905,826
357,4
341,826
51,19
493,15
520,10
792,815
98,10
462,826
943,8
212,6
819,22
126,25
351,6
687,23
529,93
624,93
992,6
615,785
561,23
635,8
502,1
268,22
489,12
878,785
240,16
863,8
989,786
703,4
579,10
669,735
599,680
533,10
202,826
829,25
558,2
88,19
163,22
220,93
166,1
919,8
521,22
850,785
316,35
619,826
1002,27
657,25
721,4
650,8
724,23
65,35
193,22
543,786
875,680
676,815
948,735
789,8
293,19
811,23
80,27
833,38
1003,815
858,38
626,10
262,11
248,38
447,5
765,10
755,12
3,19
666,772
238,815
941,735
212,785
305,815
413,6
129,12
167,27
959,15
635,6
841,785
474,785
271,9
492,93
182,11
993,11
974,23
811,12
703,10
689,786
465,5
156,772
505,772
179,93
532,735
901,19
941,786
212,19
123,5
802,15
215,38
913,16
52,15
127,735
592,12
462,16
210,25
782,786
71,772
403,25
722,786
870,12
450,4
417,735
215,772
115,93
318,23
836,27
601,12
712,9
237,93
679,10
42,93
614,826
944,786
101,35
247,4
49,5
89,772
914,815
115,772
114,772
410,5
249,27
926,785
909,93
114,1
243,786
925,680
799,9
364,6
367,11
922,11
281,815
1003,786
654,9
416,2
34,4
419,15
682,680
294,680
975,2
615,27
941,772
355,23
395,22
694,19
420,22
719,9
131,93
709,680
142,10
56,786
660,22
129,23
574,9
297,35
722,772
120,815
928,785
981,9
393,93
414,16
470,93
821,5
58,38
866,772
83,735
923,826
429,2
676,5
536,826
385,786
480,38
851,25
834,35
464,826
854,38
13,9
110,680
21,815
481,25
617,15
985,38
89,25
839,786
348,815
593,22
349,2
150,93
153,815
386,12
959,35
300,23
460,11
961,93
250,12
618,22
621,11
201,27
350,35
315,15
540,23
333,815
118,15
673,15
620,786
34,22
750,15
365,19
220,826
392,25
247,19
790,785
455,38
888,25
445,12
926,735
50,9
877,9
164,1
953,22
203,38
723,735
278,25
427,772
228,38
103,12
910,25
452,772
732,9
257,786
868,22
135,785
337,23
1004,35
148,25
994,9
170,10
123,38
713,10
179,815
107,826
342,772
367,772
960,8
171,25
265,826
893,785
803,25
568,8
551,826
864,25
297,22
596,11
485,15
433,25
179,22
90,10
719,826
575,1
957,27
673,25
565,27
162,680
969,8
254,2
476,8
973,785
540,815
923,4
192,10
155,772
542,735
602,16
684,815
421,735
578,9
559,25
728,27
927,16
965,786
396,19
417,772
657,815
633,19
246,815
597,680
362,27
513,6
736,735
916,815
441,35
994,27
81,4
945,8
357,772
377,11
602,27
352,786
702,22
633,826
356,25
692,8
985,2
363,815
568,22
603,8
72,27
567,38
535,25
276,826
939,10
631,5
317,93
547,10
1006,38
26,772
893,5
720,10
612,8
405,22
498,15
83,826
649,2
745,22
703,772
788,6
517,27
994,815
791,27
407,786
744,815
529,8
714,4
698,826
890,735
779,23
211,2
273,16
989,15
954,19
721,772
204,35
298,735
188,786
942,785
594,10
965,38
141,25
180,735
538,8
847,6
443,785
498,6
834,25
119,1
82,786
798,19
380,38
197,680
217,9
218,815
721,38
995,22
135,27
211,772
36,23
236,772
554,27
442,785
495,9
335,5
283,35
807,1
274,815
594,5
633,38
544,786
816,23
743,25
286,785
893,23
486,2
288,5
180,19
901,93
649,12
796,786
159,9
788,735
400,35
810,25
140,93
452,735
288,680
880,786
147,680
739,2
208,5
631,16
853,22
211,16
103,38
397,16
26,785
152,23
79,9
743,22
855,786
473,16
642,93
958,9
82,772
504,815
449,15
140,786
417,38
699,5
610,15
992,9
385,93
425,38
462,93
211,735
304,11
416,815
381,19
589,25
665,6
739,11
523,826
122,11
693,11
197,22
971,786
863,735
1001,15
619,5
659,4
865,815
864,785
224,11
424,8
719,38
150,680
45,680
494,826
321,93
731,35
613,11
722,815
542,9
33,15
431,1
955,680
116,815
46,93
801,2
344,8
622,735
715,11
844,826
422,10
98,11
669,11
545,5
28,815
712,680
952,1
437,12
96,93
920,735
667,93
631,772
869,9
833,735
926,826
102,680
620,27
585,15
270,25
970,38
363,2
737,785
561,22
714,35
860,6
218,12
678,5
665,16
169,27
974,10
1008,22
224,735
616,6
890,38
166,6
153,19
49,735
193,786
487,5
197,826
400,15
18,9
921,22
425,25
502,25
638,15
378,27
968,23
515,23
789,23
440,5
574,680
350,93
283,4
767,35
1011,8
187,23
151,5
317,680
176,772
599,785
447,4
583,6
952,15
309,35
830,16
704,735
706,2
565,786
696,735
255,38
403,19
956,11
186,826
43,8
43,735
258,786
675,8
472,35
91,772
271,8
182,8
58,10
679,785
846,35
209,772
779,38
394,8
430,785
235,772
736,815
533,27
1008,4
292,786
937,8
222,2
645,786
311,22
579,735
943,38
598,786
379,772
198,27
951,38
348,25
593,815
595,8
830,27
617,27
546,9
527,25
929,826
731,15
402,785
956,2
99,786
117,10
707,38
874,826
943,772
981,6
1003,25
515,5
808,25
145,786
722,12
957,680
80,10
351,786
182,772
330,27
241,25
790,8
24,12
43,815
64,680
173,10
234,8
287,6
714,680
592,4
521,8
868,772
370,5
410,2
673,786
413,23
806,27
117,19
907,10
339,9
818,22
160,826
895,4
517,786
540,2
922,8
784,25
34,5
587,25
552,5
646,772
259,2
133,735
81,38
420,23
664,35
496,826
849,25
559,4
212,815
670,25
139,12
272,38
933,772
129,22
900,680
928,786
599,2
176,23
485,19
411,38
821,4
843,27
185,815
404,15
999,35
910,785
837,735
750,5
950,22
898,8
916,735
701,10
385,785
975,10
353,815
441,6
997,25
961,680
392,19
984,2
132,93
426,680
997,735
375,735
450,680
571,6
511,785
756,10
413,815
303,5
197,93
253,16
404,22
318,9
266,19
503,23
148,19
241,12
294,22
43,786
724,785
528,12
817,815
414,826
534,22
494,4
223,5
321,5
931,38
146,735
806,12
991,735
939,38
793,9
996,93
983,735
929,12
604,93
514,735
475,19
242,826
938,815
922,680
688,826
393,772
636,27
840,785
216,11
362,22
469,786
271,815
347,93
554,680
866,93
152,93
997,11
195,1
748,25
68,785
96,5
39,735
496,815
223,2
430,93
359,9
161,2
604,786
75,11
275,6
793,735
574,35
831,5
62,680
214,9
840,19
570,785
633,9
390,19
177,19
679,38
476,9
441,25
541,1
338,38
195,6
858,785
566,11
824,11
751,5
553,6
366,93
1011,735
849,5
578,6
902,9
356,19
581,11
321,23
965,785
568,16
1005,815
714,19
238,27
406,680
685,93
742,22
160,680
140,9
303,16
203,785
312,8
633,735
686,4
66,11
822,9
311,815
169,786
153,35
834,4
945,15
377,10
947,735
637,6
899,23
800,11
232,8
285,2
621,93
603,11
713,735
606,4
661,786
903,35
411,27
322,9
929,23
433,10
510,8
239,1
594,16
169,93
597,5
190,16
251,735
911,16
418,785
937,826
131,25
775,815
427,8
997,38
356,772
488,10
824,25
860,815
257,6
353,10
813,9
282,6
529,15
838,19
803,15
532,12
936,23
917,27
368,4
186,23
497,93
208,8
408,5
318,93
360,680
968,93
804,22
54,6
311,38
279,25
669,38
673,35
306,815
822,27
551,6
291,10
634,5
854,680
861,826
625,785
464,10
852,35
924,11
727,11
416,786
72,10
418,10
769,786
149,735
648,93
336,826
850,9
779,15
211,10
446,25
48,19
177,772
165,10
954,27
98,680
298,16
816,8
742,735
597,23
534,93
113,23
227,27
563,8
360,35
341,15
983,5
159,8
859,27
536,38
517,12
147,826
205,815
479,826
118,772
800,16
896,772
381,25
739,5
315,826
211,19
319,786
582,6
233,2
178,815
343,93
471,8
0,786
493,27
458,15
700,680
609,786
705,6
298,27
979,22
890,10
1001,5
692,772
415,10
254,38
1007,27
424,2
248,785
119,22
586,815
751,38
879,93
934,23
759,38
317,15
924,25
154,38
582,772
603,23
949,15
532,25
110,5
592,772
443,12
675,786
628,786
794,25
940,8
190,12
707,815
927,786
765,680
162,735
274,27
511,15
795,10
563,22
875,815
894,25
289,11
487,22
721,8
223,93
518,786
613,10
924,16
856,785
746,16
727,22
144,23
567,2
971,23
147,2
900,25
576,10
703,25
498,735
564,772
999,8
84,785
604,5
644,6
311,10
98,8
922,93
669,10
943,10
30,11
163,19
458,826
990,19
61,826
316,38
931,22
18,15
493,815
132,27
724,10
870,25
597,772
746,27
68,35
231,10
821,38
72,38
329,6
147,11
421,35
925,8
999,1
430,772
286,9
605,735
73,9
440,772
1011,2
422,2
209,12
962,15
212,15
602,38
841,12
551,35
718,785
701,93
370,25
191,5
929,815
487,4
474,11
129,9
365,680
520,785
478,786
685,735
411,93
567,16
329,15
185,786
147,16
703,15
543,27
428,735
268,772
382,4
386,772
1011,11
333,11
886,35
223,735
635,826
376,93
637,93
716,25
55,23
645,19
370,16
980,19
546,15
964,735
547,826
496,11
386,38
991,38
759,735
580,680
265,680
857,6
13,826
1003,35
787,815
715,826
182,9
978,786
150,38
445,772
197,9
1008,5
516,38
629,22
480,19
873,23
72,680
52,9
987,11
879,9
350,786
21,786
462,22
302,10
546,6
660,2
92,23
685,6
672,5
710,22
52,815
80,11
405,815
135,815
669,680
537,826
419,8
220,815
562,786
524,93
505,22
160,2
234,9
805,9
296,23
521,15
663,785
28,9
546,1
267,93
489,93
716,772
164,22
771,6
809,772
525,11
46,22
33,35
827,815
166,735
722,4
978,772
922,9
977,735
137,93
451,38
552,6
256,8
111,16
476,38
577,2
120,8
959,680
580,9
962,19
395,8
3,8
792,25
223,22
78,815
578,35
210,9
598,38
963,16
373,16
432,19
235,19
117,27
389,6
621,16
399,93
526,93
503,25
969,27
256,15
241,10
790,27
701,9
519,6
886,15
444,22
441,5
59,15
528,22
160,16
951,12
185,8
331,25
188,19
226,785
778,680
546,19
124,11
235,8
695,11
953,19
312,826
756,11
384,786
557,38
460,5
189,12
997,815
943,786
359,785
672,735
585,735
339,22
782,35
821,12
70,785
497,8
280,680
266,16
1004,38
809,16
239,93
294,23
612,22
936,680
923,8
984,10
123,35
553,27
146,22
719,25
849,10
63,16
321,4
798,93
864,4
349,25
1003,4
217,785
658,12
290,735
224,786
226,10
461,27
232,680
581,826
943,93
565,16
415,35
516,1
148,27
318,826
488,22
827,16
739,735
370,38
928,35
893,815
285,15
582,815
695,25
698,815
550,772
864,27
704,15
522,10
560,772
282,93
90,8
325,25
552,680
201,11
668,826
343,16
17,38
536,785
832,786
392,9
319,27
159,23
813,22
171,16
63,6
357,735
285,8
235,680
1004,826
252,93
94,680
917,8
186,2
316,815
118,680
140,10
125,15
143,15
645,735
575,8
372,35
546,680
527,735
254,11
551,19
920,2
904,785
834,5
969,826
763,6
232,9
564,93
603,10
783,680
697,815
238,35
510,772
661,785
939,12
189,16
687,785
140,1
840,2
768,815
325,11
125,8
436,2
954,22
438,826
204,38
629,93
423,772
226,23
979,2
390,2
50,786
17,16
678,826
490,93
698,19
933,2
129,735
920,9
701,38
723,9
725,826
355,35
119,10
674,8
309,680
988,680
242,6
813,8
245,11
998,12
893,826
381,6
881,786
421,5
646,680
208,9
779,9
466,772
233,23
31,785
125,1
767,27
805,826
807,10
276,5
204,93
152,11
155,22
375,4
526,11
486,9
473,4
476,23
42,19
684,25
377,27
32,5
983,15
820,38
13,93
948,19
382,772
591,15
867,815
464,11
14,4
825,6
39,4
576,38
921,826
26,11
946,786
782,9
32,680
30,786
162,4
769,735
705,12
448,19
214,815
17,2
606,785
609,19
722,680
778,93
745,6
391,23
178,23
270,10
881,9
257,23
886,826
887,23
282,9
338,772
378,5
196,12
161,38
985,27
73,786
739,4
335,12
467,786
530,25
51,6
73,680
609,785
903,772
705,5
545,9
965,22
141,9
323,16
515,772
128,2
573,6
847,22
248,786
687,2
501,27
563,16
86,785
894,680
457,93
884,9
834,815
651,815
836,735
63,35
65,93
655,815
600,11
603,22
915,735
91,826
258,9
665,4
295,826
946,772
604,15
465,785
463,826
634,786
51,786
967,815
326,6
128,25
718,772
55,11
76,826
166,10
866,11
313,19
743,772
687,11
711,735
178,9
585,4
696,1
142,35
861,772
474,6
331,38
282,27
489,8
714,38
860,9
589,16
221,22
314,680
776,8
504,22
305,27
86,10
471,25
915,8
607,11
937,27
718,10
79,25
483,10
447,16
819,27
770,22
111,680
274,19
866,2
156,19
107,772
788,35
292,8
366,19
203,8
208,93
650,12
615,786
377,826
307,22
218,10
789,12
419,785
169,25
776,15
712,23
471,22
382,2
293,786
683,93
669,2
320,10
447,25
913,27
508,25
163,27
274,10
972,680
459,10
277,15
977,6
945,93
344,815
623,1
92,2
832,4
157,5
488,815
567,19
326,786
882,12
900,8
394,15
915,22
669,27
138,8
447,6
752,4
570,23
681,8
717,815
183,93
617,16
526,815
966,27
695,38
699,35
849,815
21,19
43,10
978,22
445,93
176,735
895,16
169,11
318,19
564,786
311,16
848,10
558,19
155,815
727,680
13,27
90,735
215,35
163,9
534,8
1009,25
645,27
719,4
223,35
299,12
191,10
