125,786
682,16
460,25
813,826
389,19
409,826
981,4
946,38
899,785
204,22
169,12
478,6
280,9
465,680
83,9
582,93
34,8
269,25
972,19
383,785
666,8
777,11
120,2
962,25
901,735
866,38
373,22
210,15
617,2
727,93
781,15
374,826
89,12
806,25
493,786
848,815
265,6
157,16
621,22
733,786
293,11
648,22
426,19
229,19
538,38
205,735
666,19
154,815
298,815
172,772
410,11
213,11
290,772
183,786
111,826
849,786
206,735
211,93
466,815
103,27
452,785
952,772
440,35
591,680
562,8
448,35
999,93
654,23
750,11
860,735
737,22
441,4
852,735
231,772
306,16
951,15
630,1
99,4
869,93
49,815
781,1
432,11
927,38
235,11
493,772
117,680
575,785
979,815
322,35
585,785
621,8
221,815
648,4
133,9
207,22
924,772
944,5
673,12
105,15
451,23
612,23
44,772
478,735
120,23
344,735
987,22
1009,5
610,93
728,16
525,826
50,4
161,15
435,15
18,93
864,5
646,22
985,93
472,8
633,6
725,35
305,35
947,25
158,10
933,22
441,22
280,735
460,680
652,15
49,38
216,786
856,93
713,15
54,785
862,23
353,680
888,35
62,735
445,2
728,23
873,735
213,38
530,735
568,11
470,10
309,786
275,8
374,27
414,8
846,15
744,6
797,4
1001,38
513,2
169,815
701,19
389,786
999,786
711,772
250,680
160,38
342,786
518,826
960,2
337,815
998,19
72,23
272,4
491,735
238,25
665,38
939,22
43,93
483,735
621,680
214,6
306,680
472,22
189,785
47,25
251,15
69,12
880,2
809,10
612,12
133,826
498,19
119,12
751,12
328,25
738,19
973,2
356,4
176,93
1003,93
749,38
567,35
92,815
1010,9
739,16
939,15
482,27
820,826
433,8
303,27
535,785
112,4
241,93
439,22
651,93
893,2
676,35
988,826
844,23
538,12
688,38
501,15
764,785
378,826
106,10
255,16
437,93
598,93
502,38
304,25
107,25
779,8
964,4
413,735
289,772
594,9
976,15
635,735
301,10
307,680
911,27
91,1
933,10
538,23
560,8
373,93
947,815
783,93
859,4
295,8
334,680
445,38
763,23
229,772
998,4
729,785
453,38
932,815
755,785
21,93
495,10
912,25
125,25
40,815
902,786
816,10
412,10
144,680
234,38
587,35
897,772
202,15
717,785
792,35
758,8
563,10
835,785
449,11
654,680
751,27
588,2
699,1
517,10
257,22
970,8
428,25
981,93
1005,785
381,23
736,10
665,2
389,93
616,815
446,6
764,5
450,93
51,9
642,786
570,826
865,16
369,11
79,735
101,25
981,772
619,1
855,815
141,8
974,680
773,8
42,2
166,16
585,2
823,8
751,735
57,12
292,27
973,38
884,10
613,15
924,27
377,815
236,680
348,786
130,93
494,735
261,11
122,22
289,815
234,815
589,785
533,4
384,5
644,25
276,19
890,19
101,2
7,680
893,38
511,9
719,35
227,11
906,25
391,4
356,826
489,772
181,11
366,9
258,772
650,2
542,12
671,93
502,2
231,15
33,12
36,15
589,15
258,1
974,6
665,12
828,35
836,35
840,38
344,11
641,11
931,826
989,16
610,826
848,38
333,23
616,2
101,11
234,19
75,826
922,785
116,19
210,735
706,15
487,9
292,9
663,10
132,5
45,815
218,11
898,815
647,680
357,9
86,2
286,15
197,5
825,735
1008,9
293,785
807,38
222,23
792,826
1011,4
760,772
466,38
49,22
583,10
622,35
879,5
681,6
202,35
663,772
817,9
413,9
842,19
536,4
114,16
832,5
759,15
561,12
283,735
157,4
378,38
361,38
271,12
953,93
700,735
736,22
166,680
703,9
394,12
33,785
588,772
681,772
443,735
151,6
740,2
858,815
285,785
694,2
403,785
850,772
780,735
175,680
623,9
554,93
167,23
870,9
564,22
450,9
860,23
974,27
243,15
405,735
318,735
503,12
358,785
195,826
740,9
320,25
247,11
358,10
123,25
802,11
952,25
310,786
238,826
657,15
127,680
129,25
807,826
336,8
117,23
157,22
512,11
54,93
643,93
935,11
280,10
443,35
407,25
562,23
157,785
505,785
379,27
809,35
330,6
410,772
982,93
17,826
716,9
888,8
706,19
928,25
855,11
971,93
574,10
499,22
192,772
339,10
485,23
766,786
253,27
993,25
498,815
426,16
407,22
944,8
636,9
814,25
947,5
307,815
148,8
59,8
241,23
81,27
615,23
355,27
466,10
89,785
0,15
456,12
879,25
185,5
74,10
630,15
405,93
904,735
188,22
321,8
272,25
849,785
578,826
560,785
522,680
363,735
257,772
442,735
207,8
318,5
800,772
947,10
358,826
158,25
858,6
58,815
330,8
444,16
997,6
615,12
392,22
87,2
605,22
987,16
879,38
790,786
257,38
553,16
902,27
47,815
50,10
198,772
127,8
40,12
721,93
386,8
463,10
250,8
303,6
859,772
608,735
308,680
884,772
540,19
426,2
444,786
229,4
376,19
784,10
364,826
59,6
994,10
922,735
612,16
812,5
687,93
389,815
765,35
837,27
398,23
1012,23
559,23
445,8
855,22
506,22
50,5
988,8
606,22
662,772
646,23
889,2
250,19
910,680
843,10
754,22
882,35
145,680
633,5
26,93
47,10
266,25
291,19
1009,826
541,5
652,8
802,38
31,93
640,815
201,815
420,15
791,8
960,12
578,10
470,11
626,680
291,826
309,785
550,826
293,93
349,16
275,11
959,93
300,1
582,38
472,16
256,785
975,680
523,27
251,9
358,815
415,735
285,815
492,680
842,735
753,786
346,815
720,16
56,9
834,8
528,680
637,735
319,5
655,10
677,25
382,785
149,11
121,9
892,786
951,735
492,27
756,735
371,4
544,12
1000,9
124,815
507,11
312,11
852,826
765,93
383,826
205,6
281,27
945,12
146,1
257,2
171,11
396,6
128,785
932,826
338,680
653,735
31,735
875,38
236,15
54,2
112,5
202,785
190,680
66,1
424,16
519,93
903,680
45,11
154,786
319,11
464,785
430,10
391,35
948,22
567,735
255,19
993,785
245,9
564,38
640,9
842,93
733,815
538,815
704,22
408,8
942,16
582,11
569,6
115,25
794,11
301,9
121,680
819,1
213,786
982,735
285,826
20,12
241,38
585,23
983,9
566,19
395,93
41,786
64,93
501,786
356,11
82,11
161,35
470,23
310,27
631,23
647,786
690,16
729,27
162,2
347,2
989,4
962,38
641,826
841,680
91,25
566,785
294,35
131,735
723,25
501,16
360,38
530,680
605,815
70,15
896,2
328,15
591,22
708,815
381,22
201,93
347,772
221,2
977,826
443,8
172,23
372,772
690,11
246,10
964,11
286,27
876,815
878,10
436,25
491,772
992,815
239,25
865,23
940,12
526,27
325,826
434,19
271,786
684,9
319,38
67,25
909,2
70,6
452,8
161,826
327,38
652,735
355,786
814,826
547,93
749,9
567,6
860,12
678,15
495,27
261,10
335,23
319,772
782,25
198,735
397,5
989,22
955,772
868,35
463,772
854,10
730,12
529,785
215,25
622,22
237,12
555,785
166,8
294,93
42,10
205,35
795,15
191,16
821,735
181,10
474,4
21,6
539,2
924,19
420,786
665,19
577,815
354,10
172,5
925,12
51,22
986,10
930,815
715,15
333,22
209,8
138,4
912,772
880,93
952,5
224,6
277,4
360,27
657,27
14,680
896,23
21,15
721,6
439,735
389,38
431,10
453,25
147,12
58,4
61,25
340,826
197,4
471,16
609,826
333,15
777,22
613,786
685,826
583,5
930,35
90,772
952,12
805,27
681,5
990,25
153,23
462,11
817,8
319,93
980,23
752,772
200,22
823,22
574,22
43,23
478,785
65,38
857,2
268,10
802,815
59,826
773,772
135,826
946,815
858,35
821,93
604,22
382,11
937,11
886,38
529,772
55,735
940,826
388,15
941,15
299,9
191,15
983,35
289,19
623,8
218,785
425,6
244,785
561,4
46,11
799,6
498,826
305,12
692,680
639,25
108,10
950,1
972,22
666,15
247,10
671,786
841,35
385,5
350,785
207,680
423,16
966,16
89,9
532,826
95,680
560,735
43,5
336,9
907,9
618,38
895,27
897,19
903,93
688,786
543,10
429,11
925,16
357,35
736,826
915,38
222,9
1012,735
562,785
762,2
141,93
645,2
522,735
297,826
413,19
966,11
877,25
272,35
402,772
574,11
704,38
225,5
904,19
154,11
265,4
525,8
747,786
552,772
44,27
480,815
562,15
394,38
750,6
343,9
256,11
184,35
972,4
241,22
975,9
425,786
62,4
192,35
138,35
691,11
123,22
109,23
1009,9
420,19
385,23
223,19
961,785
447,826
673,815
546,23
572,826
593,16
222,786
756,15
776,815
65,2
176,11
658,25
217,772
1006,4
130,11
562,6
676,2
128,93
181,786
701,6
886,2
81,19
688,5
395,2
987,19
553,23
419,735
332,735
99,6
337,826
191,35
852,5
926,772
263,11
359,23
127,11
818,4
599,23
339,27
658,16
932,12
1006,15
868,735
902,826
44,9
942,93
729,93
503,19
676,9
949,826
256,25
562,826
926,10
992,93
331,19
424,826
849,15
902,19
526,735
321,25
768,19
606,23
571,19
632,35
228,35
873,786
103,11
766,772
550,5
399,826
236,35
240,38
404,25
497,6
459,772
118,27
340,1
784,2
286,93
988,815
94,16
96,772
745,38
514,38
578,11
336,93
728,25
927,22
553,772
143,772
717,9
917,12
368,19
39,680
939,19
889,10
742,19
618,5
250,27
929,25
275,785
222,93
872,93
486,27
50,680
822,10
948,772
551,23
244,25
870,680
923,27
392,12
624,2
380,22
751,1
758,93
232,5
871,680
694,786
1007,772
301,22
102,772
963,815
127,772
720,8
684,38
405,8
723,5
501,4
32,10
566,6
107,815
788,4
664,10
96,23
149,19
367,785
260,10
460,815
242,10
48,735
874,10
448,815
985,5
128,786
954,735
421,25
939,1
838,785
270,680
913,772
236,8
228,786
653,815
288,12
362,15
548,16
714,815
609,6
662,8
20,6
113,25
738,815
168,785
136,826
305,786
710,772
655,27
677,10
328,2
898,735
810,16
338,785
174,12
708,826
825,2
421,2
544,27
690,22
686,785
818,35
363,680
769,16
201,35
458,25
647,19
597,10
634,772
753,772
994,38
560,10
320,815
341,2
255,27
788,10
899,9
257,19
760,12
776,785
82,8
406,11
263,93
653,10
285,16
14,11
234,680
625,8
897,35
275,38
39,1
738,735
26,22
853,8
122,2
782,12
142,826
239,19
77,735
189,826
79,15
871,35
412,4
895,786
326,11
609,16
310,826
687,6
357,826
413,35
514,5
199,680
718,680
424,772
558,785
478,826
464,5
359,38
196,15
567,8
110,6
773,815
649,785
794,785
335,9
266,93
356,735
820,785
927,735
878,11
437,826
276,22
635,786
190,9
780,25
375,23
1001,9
730,2
894,785
733,23
128,5
648,785
331,815
847,19
136,815
252,4
823,10
402,815
721,11
636,815
378,11
13,786
231,16
675,19
803,38
645,680
413,680
695,680
607,15
572,35
167,772
975,38
667,785
480,11
248,23
819,23
659,11
677,93
237,11
684,1
280,786
388,19
194,680
620,25
983,23
514,23
590,826
756,38
167,735
721,12
978,735
230,815
637,826
376,735
46,680
105,826
231,9
144,11
860,4
421,38
443,25
799,785
549,826
73,4
422,15
49,19
177,38
434,2
163,23
128,19
437,23
237,4
894,4
18,11
970,35
919,772
349,38
888,680
978,35
799,19
531,772
144,2
218,9
58,5
700,15
614,22
872,6
175,16
530,1
718,16
740,5
305,735
323,8
126,10
642,35
594,735
188,12
462,8
67,15
657,19
289,25
574,23
265,16
564,9
268,11
219,735
218,16
308,772
723,680
336,785
759,772
379,15
641,27
510,93
737,15
1011,15
64,772
980,786
330,680
350,815
757,826
388,8
691,826
360,10
267,35
380,680
509,12
521,772
499,10
157,27
586,5
453,10
369,93
190,93
925,22
748,735
934,785
630,735
187,35
207,826
151,25
354,785
545,35
212,25
711,815
123,27
783,25
472,785
952,27
163,10
916,1
519,786
521,10
461,785
559,680
213,6
198,785
768,8
731,2
954,815
724,35
907,8
907,735
857,19
710,10
475,10
993,6
922,10
924,826
944,19
601,22
712,15
674,785
950,25
57,785
455,826
314,826
386,786
226,680
170,16
335,735
232,735
85,680
64,786
585,93
160,6
642,12
534,6
347,680
645,1
383,25
373,19
528,785
210,10
486,786
70,93
753,10
771,10
644,772
956,22
225,4
632,15
460,19
981,735
672,16
506,772
394,826
201,19
293,8
58,25
542,815
83,19
33,826
747,8
215,93
18,785
256,12
534,772
811,826
701,12
425,785
946,680
926,25
716,2
1009,8
774,93
410,22
85,93
359,25
623,38
164,25
189,15
389,2
707,27
943,785
231,35
1003,10
821,15
550,8
794,35
390,35
636,2
193,680
947,12
822,38
880,25
701,5
170,2
784,735
306,15
553,22
666,735
919,35
296,9
741,15
78,826
28,27
728,12
302,35
855,27
766,25
857,680
125,826
235,12
953,23
238,11
682,8
225,22
522,4
796,16
762,826
361,9
325,19
608,6
112,27
797,15
784,12
1002,735
858,15
269,1
935,815
537,785
57,735
355,11
427,35
504,772
926,11
109,8
914,786
521,38
624,735
991,15
956,35
793,12
831,27
671,23
892,27
697,35
643,785
633,11
764,93
730,93
432,680
159,815
698,2
551,25
294,2
561,826
82,735
84,15
195,4
655,15
713,12
586,735
988,735
884,35
630,22
460,826
838,35
237,786
754,786
99,826
171,786
546,826
618,735
124,786
270,735
366,772
807,27
315,19
633,12
686,6
575,15
376,35
581,815
711,10
1004,16
108,93
56,11
934,815
901,680
205,11
479,11
248,93
945,9
358,38
857,786
566,12
914,772
146,4
517,19
973,6
960,5
745,785
998,22
911,815
914,1
199,9
347,826
831,9
189,19
1000,11
729,6
967,4
164,826
510,10
754,6
830,772
461,9
409,35
979,1
855,772
451,15
17,19
180,12
7,786
999,772
50,93
750,815
810,22
611,772
442,12
260,11
902,5
135,35
500,826
393,27
513,826
470,27
72,1
988,23
237,772
1010,4
97,15
723,815
412,826
586,93
507,2
643,772
439,19
387,25
152,8
56,25
609,5
649,4
498,9
230,15
639,735
395,38
305,785
219,826
881,19
788,12
41,815
542,23
924,9
727,9
492,11
937,735
421,1
131,826
186,16
668,6
172,35
942,22
211,8
690,23
929,35
807,6
937,35
315,38
930,2
434,680
641,93
936,826
536,735
476,19
61,785
796,785
742,680
999,826
179,785
406,8
512,93
514,772
34,785
489,25
880,785
714,9
492,2
26,23
289,786
989,2
644,22
152,22
575,35
209,27
30,27
251,23
692,826
434,22
141,12
326,8
806,680
1007,25
91,27
792,38
743,786
391,19
32,16
992,8
591,16
295,2
245,25
14,19
417,826
329,22
554,12
261,15
446,5
357,27
504,12
603,735
197,23
569,22
843,38
920,680
79,23
445,680
262,38
656,8
51,785
469,93
591,786
351,25
684,11
410,38
391,8
752,785
18,22
788,25
400,16
683,735
924,22
449,772
174,38
378,8
33,8
489,11
640,16
107,1
1004,785
589,19
789,6
701,815
811,25
540,38
26,25
357,4
341,826
51,19
275,826
520,10
792,815
98,10
480,12
943,8
212,6
819,22
893,35
351,6
687,23
529,93
983,22
992,6
615,785
561,23
635,8
724,8
268,22
489,12
218,15
240,16
863,8
989,786
882,22
579,10
669,735
599,680
764,22
202,826
829,25
558,2
817,786
163,22
220,93
166,1
404,735
521,22
850,785
316,35
706,10
1002,27
657,25
721,4
650,8
336,38
65,35
193,22
157,8
875,680
676,815
948,735
329,9
293,19
811,23
80,27
333,786
1003,815
858,38
626,10
244,35
248,38
447,5
765,10
879,6
238,815
3,19
666,772
462,9
212,785
305,815
413,6
894,12
167,27
959,15
635,6
448,785
474,785
271,9
182,11
882,8
993,11
974,23
811,12
443,22
689,786
465,5
156,772
31,680
179,93
532,735
901,19
65,680
212,19
123,5
802,15
450,815
913,16
52,15
127,735
844,35
462,16
210,25
782,786
731,12
403,25
722,786
870,12
525,735
417,735
215,772
115,93
614,1
836,27
601,12
712,9
641,680
679,10
42,93
614,826
441,680
101,35
247,4
49,5
874,735
914,815
115,772
114,772
172,786
926,785
249,27
909,93
623,19
243,786
925,680
799,9
910,4
367,11
922,11
281,815
946,735
654,9
416,2
34,4
808,772
682,680
294,680
975,2
851,16
355,23
941,772
395,22
231,786
420,22
719,9
131,93
28,6
142,10
56,786
660,22
934,38
574,9
297,35
722,772
499,27
928,785
981,9
393,93
910,15
821,5
470,93
58,38
477,826
83,735
923,826
429,2
747,11
536,826
385,786
480,38
62,10
834,35
464,826
854,38
251,680
110,680
21,815
481,25
704,826
985,38
89,25
839,786
329,93
593,22
349,2
386,12
460,11
995,93
959,35
300,23
961,93
618,22
250,12
669,772
621,11
492,815
350,35
315,15
540,23
333,815
44,12
673,15
620,786
858,5
750,15
365,19
220,826
701,4
247,19
790,785
455,38
612,785
445,12
926,735
50,9
235,15
164,1
953,22
203,38
646,19
278,25
427,772
228,38
1000,23
910,25
452,772
732,9
87,680
868,22
135,785
337,23
982,10
148,25
994,9
170,10
120,27
713,10
179,815
342,772
54,786
367,772
960,8
171,25
744,826
893,785
803,25
568,8
346,1
864,25
297,22
596,11
707,8
433,25
179,22
90,10
843,15
575,1
957,27
673,25
819,38
162,680
969,8
254,2
56,5
973,785
540,815
155,772
192,10
542,735
834,12
602,16
684,815
331,10
578,9
559,25
763,15
927,16
965,786
417,772
568,15
657,815
633,19
246,815
868,4
362,27
513,6
736,735
239,772
441,35
994,27
81,4
541,27
357,772
377,11
602,27
951,22
702,22
633,826
356,25
800,10
985,2
568,22
603,8
72,27
567,38
128,680
535,25
186,15
939,10
631,5
317,93
322,8
1006,38
26,772
893,5
183,16
612,8
405,22
498,15
649,2
703,772
745,22
738,786
70,25
517,27
994,815
791,27
813,10
744,815
529,8
714,4
1008,735
890,735
779,23
211,2
964,25
989,15
954,19
204,35
594,10
41,12
188,786
942,785
562,35
965,38
141,25
180,735
783,35
847,6
443,785
498,6
634,4
119,1
82,786
798,19
180,785
217,9
197,680
218,815
148,826
995,22
135,27
211,772
247,680
236,772
554,27
442,785
495,9
332,16
335,5
283,35
397,23
807,1
274,815
594,5
633,38
940,25
816,23
743,25
286,785
819,2
288,5
180,19
825,815
901,93
649,12
796,786
983,10
788,735
400,35
810,25
690,786
452,735
288,680
880,786
678,16
739,2
208,5
631,16
579,22
211,16
103,38
397,16
878,6
152,23
79,9
743,22
819,11
473,16
642,93
958,9
634,22
504,815
449,15
140,786
452,12
699,5
992,9
385,93
683,786
425,38
462,93
211,735
283,826
416,815
381,19
589,25
240,680
739,11
523,826
122,11
983,826
197,22
971,786
863,735
743,15
619,5
659,4
865,815
662,19
224,11
424,8
719,38
150,680
494,826
116,9
723,35
321,93
613,11
722,815
542,9
924,23
431,1
955,680
116,815
727,786
801,2
344,8
622,735
804,9
844,826
422,10
98,11
940,6
545,5
28,815
712,680
470,680
437,12
96,93
920,735
833,735
631,772
869,9
977,15
926,826
798,15
620,27
585,15
360,23
363,2
970,38
737,785
721,2
714,35
218,12
678,5
589,11
665,16
169,27
974,10
736,785
224,735
616,6
890,38
412,19
153,19
49,735
193,786
32,38
197,826
400,15
18,9
1012,815
921,22
425,25
502,25
378,27
395,772
968,23
515,23
290,680
736,19
440,5
574,680
350,93
767,35
1011,8
187,23
558,10
317,680
599,785
447,4
545,23
583,6
952,15
309,35
310,772
704,735
706,2
565,786
252,19
255,38
403,19
956,11
186,826
258,786
43,735
496,10
979,785
472,35
91,772
271,8
182,8
679,785
846,35
789,16
133,23
779,38
394,8
430,785
358,786
736,815
533,27
1008,4
679,12
311,22
222,2
645,786
629,23
579,735
943,38
598,786
765,2
198,27
951,38
348,25
593,815
830,27
370,10
617,27
598,23
527,25
929,826
731,15
289,16
956,2
99,786
117,10
724,38
874,826
943,772
981,6
176,25
515,5
808,25
145,786
811,4
80,10
957,680
351,786
467,826
330,27
241,25
790,8
883,35
43,815
64,680
173,10
394,735
714,680
287,6
592,4
457,815
370,5
868,772
410,2
84,93
413,23
806,27
117,19
978,10
339,9
818,22
160,826
624,772
517,786
540,2
922,8
376,2
34,5
587,25
552,5
1009,786
259,2
133,735
81,38
634,826
664,35
496,826
849,25
888,12
212,815
670,25
139,12
321,11
933,772
129,22
900,680
278,12
176,23
485,19
411,38
450,23
821,4
843,27
185,815
475,5
999,35
910,785
837,735
639,8
950,22
898,8
916,735
701,10
441,6
975,10
353,815
538,35
997,25
392,19
615,19
984,2
556,8
426,680
997,735
375,735
637,680
571,6
511,785
756,10
463,9
303,5
197,93
253,16
863,93
318,9
266,19
503,23
861,23
241,12
294,22
43,786
762,19
528,12
817,815
414,826
146,25
494,4
223,5
321,5
803,19
146,735
806,12
935,93
793,9
939,38
996,93
599,16
929,12
604,93
514,735
571,786
242,826
938,815
922,680
812,772
393,772
636,27
840,785
947,23
362,22
469,786
271,815
219,22
554,680
866,93
152,93
541,8
195,1
748,25
68,785
146,16
39,735
496,815
223,2
689,16
359,9
161,2
604,786
272,11
275,6
793,735
574,35
334,772
62,680
214,9
840,19
732,1
633,9
390,19
177,19
711,15
476,9
441,25
541,1
210,93
195,6
858,785
566,11
984,23
751,5
553,6
366,93
41,826
849,5
902,9
578,6
852,22
581,11
321,23
965,785
124,23
1005,815
714,19
238,27
386,22
685,93
742,22
160,680
303,16
233,38
203,785
312,8
957,19
686,4
66,11
822,9
1004,735
169,786
153,35
834,4
945,15
637,6
947,735
891,93
695,785
800,11
232,8
285,2
603,11
985,1
713,735
803,6
606,4
903,35
411,27
322,9
929,23
359,826
510,8
239,1
274,826
169,93
597,5
190,16
763,680
911,16
418,785
937,826
627,786
775,815
427,8
997,38
836,815
488,10
824,25
860,815
588,735
353,10
813,9
282,6
174,8
838,19
803,15
532,12
625,19
917,27
368,4
186,23
497,93
421,6
408,5
813,772
318,93
968,93
804,22
54,6
515,93
279,25
669,38
673,35
982,23
822,27
551,6
291,10
649,10
854,680
861,826
625,785
939,772
852,35
924,11
727,11
70,735
72,10
418,10
769,786
806,35
648,93
336,826
850,9
560,815
211,10
446,25
48,19
233,25
165,10
954,27
98,680
298,16
597,23
742,735
279,22
770,12
113,23
227,27
563,8
998,772
983,5
159,8
859,27
178,22
536,38
147,826
205,815
664,27
479,826
118,772
800,16
85,10
381,25
739,5
315,826
523,772
319,786
582,6
178,815
782,19
343,93
471,8
0,786
397,15
700,680
458,15
609,786
843,35
975,93
298,27
979,22
890,10
545,10
692,772
415,10
254,38
473,23
424,2
248,785
119,22
983,2
751,38
879,93
934,23
95,25
317,15
924,25
154,38
428,22
603,23
359,35
949,15
532,25
592,772
443,12
675,786
51,12
794,25
940,8
707,815
483,2
927,786
765,680
162,735
622,19
511,15
795,10
563,22
305,826
894,25
289,11
487,22
810,8
223,93
518,786
613,10
742,93
856,785
746,16
727,22
268,25
567,2
971,23
147,2
1010,38
576,10
703,25
498,735
465,16
999,8
84,785
604,5
754,35
311,10
98,8
922,93
975,35
943,10
30,11
163,19
437,11
990,19
61,826
316,38
299,38
18,15
493,815
132,27
206,6
870,25
597,772
746,27
48,826
231,10
821,38
72,38
788,815
147,11
421,35
925,8
799,786
430,772
286,9
605,735
471,23
440,772
1011,2
422,2
151,15
962,15
212,15
602,38
692,785
551,35
718,785
701,93
459,11
191,5
929,815
487,4
345,826
129,9
365,680
520,785
774,12
685,735
411,93
567,16
71,15
185,786
147,16
703,15
996,27
428,735
268,772
382,4
310,735
1011,11
223,735
333,11
886,35
437,786
376,93
637,93
711,826
55,23
645,19
370,16
64,5
546,15
964,735
547,826
992,22
991,38
386,38
185,93
759,735
265,680
13,826
1003,35
586,25
787,815
715,826
182,9
611,19
150,38
445,772
197,9
931,815
516,38
629,22
480,19
318,680
72,680
52,9
987,11
839,735
350,786
21,786
462,22
869,35
546,6
660,2
92,23
590,786
672,5
710,22
52,815
80,11
499,786
135,815
669,680
379,25
419,8
220,815
562,786
997,22
505,22
160,2
234,9
52,16
296,23
521,15
663,785
595,16
546,1
267,93
489,93
914,38
164,22
771,6
809,772
536,23
46,22
33,35
827,815
517,785
722,4
978,772
922,9
977,735
170,786
451,38
552,6
861,4
111,16
476,38
577,2
975,12
959,680
580,9
962,19
858,826
3,8
792,25
223,22
166,35
578,35
210,9
373,16
963,16
321,10
432,19
235,19
753,15
389,6
621,16
399,93
475,4
503,25
969,27
256,15
935,826
790,27
701,9
519,6
441,5
886,15
59,15
898,9
383,772
160,16
951,12
185,8
494,2
188,19
226,785
778,680
963,25
124,11
235,8
695,11
716,826
312,826
756,11
384,786
460,5
149,680
189,12
997,815
672,735
585,735
339,22
782,35
821,12
70,785
176,15
90,6
537,10
280,680
266,16
1004,38
343,2
239,93
294,23
936,680
59,4
923,8
984,10
123,35
0,27
146,22
719,25
849,10
991,772
321,4
798,93
864,4
717,19
1003,4
217,785
658,12
325,16
224,786
226,10
461,27
390,25
943,93
581,826
819,35
565,16
516,1
148,27
318,826
412,93
827,16
739,735
370,38
629,735
893,815
285,15
582,815
359,8
698,815
550,772
864,27
277,826
522,10
560,772
282,93
265,35
325,25
552,680
201,11
976,25
343,16
17,38
536,785
479,15
392,9
319,27
159,23
365,735
171,16
63,6
357,735
672,826
235,680
1004,826
252,93
457,9
917,8
186,2
316,815
100,25
140,10
125,15
143,15
130,16
575,8
372,35
546,680
893,735
254,11
551,19
920,2
405,11
834,5
969,826
763,6
564,93
874,15
603,10
783,680
988,27
238,35
510,772
661,785
97,11
189,16
687,785
140,1
840,2
125,8
325,11
433,9
436,2
398,772
438,826
510,9
204,38
629,93
226,23
979,2
390,2
708,25
17,16
490,93
698,19
933,2
660,785
129,735
920,9
701,38
511,735
725,826
355,35
119,10
527,35
309,680
988,680
242,6
353,9
245,11
998,12
893,826
107,38
881,786
421,5
646,680
243,93
779,9
466,772
233,23
31,785
767,27
178,826
805,826
572,27
276,5
204,93
152,11
775,93
375,4
526,11
486,9
513,22
476,23
42,19
684,25
248,772
32,5
820,38
13,93
948,19
343,826
382,772
591,15
993,735
464,11
14,4
825,6
754,826
921,826
576,38
26,11
137,4
782,9
32,680
30,786
930,772
769,735
705,12
448,19
301,4
17,2
606,785
609,19
259,93
778,93
745,6
391,23
983,4
270,10
881,9
257,23
517,11
887,23
282,9
338,772
856,772
196,12
161,38
985,27
237,680
739,4
335,12
467,786
798,826
51,6
73,680
609,785
385,815
705,5
545,9
965,22
323,16
88,1
515,772
128,2
20,16
847,22
248,786
687,2
501,27
524,27
86,785
894,680
363,22
884,9
834,815
63,35
65,93
600,11
724,5
655,815
603,22
542,4
915,735
91,826
536,93
665,4
295,826
946,772
782,27
465,785
463,826
634,786
176,785
967,815
326,6
128,25
76,826
1007,35
166,10
866,11
313,19
758,5
743,772
687,11
798,735
178,9
585,4
696,1
142,35
938,23
474,6
331,38
774,19
489,8
714,38
860,9
825,25
221,22
314,680
776,8
673,93
305,27
86,10
471,25
915,8
435,680
937,27
718,10
187,27
483,10
447,16
819,27
490,786
111,680
274,19
866,2
856,735
107,772
788,35
292,8
203,8
992,25
208,93
650,12
425,22
377,826
307,22
218,10
515,16
419,785
169,25
776,15
133,35
471,22
382,2
293,786
60,680
669,2
320,10
447,25
505,2
508,25
163,27
972,680
55,25
459,10
277,15
977,6
795,27
344,815
623,1
92,2
610,22
157,5
488,815
567,19
515,25
882,12
900,8
394,15
382,5
669,27
138,8
447,6
285,786
570,23
681,8
183,93
792,5
617,16
526,815
966,27
604,826
699,35
849,815
21,19
518,772
978,22
445,93
176,735
450,8
169,11
318,19
564,786
105,19
848,10
558,19
155,815
119,93
13,27
90,735
215,35
569,826
534,8
1009,25
645,27
348,27
299,12
191,10
