198,786
682,16
460,25
813,826
117,8
409,826
981,4
946,38
697,2
204,22
169,12
478,6
170,735
465,680
83,9
582,93
505,786
269,25
111,10
972,19
383,785
777,11
120,2
962,25
187,826
866,38
210,15
617,2
484,15
781,15
374,826
89,12
877,27
806,25
493,786
848,815
618,35
157,16
621,22
733,786
147,38
648,22
426,19
229,19
947,2
205,735
666,19
154,815
642,8
172,772
410,11
213,11
143,815
111,826
290,772
849,786
81,680
211,93
466,815
103,27
414,23
952,772
440,35
591,680
689,826
448,35
999,93
654,23
379,22
860,735
737,22
576,815
441,4
231,772
306,16
951,15
916,19
99,4
869,93
263,9
49,815
432,11
927,38
235,11
697,786
117,680
575,785
979,815
374,9
585,785
621,8
221,815
384,93
133,9
207,22
118,2
924,772
673,12
105,15
451,23
241,2
44,772
478,735
120,23
670,772
987,22
1009,5
610,93
595,38
525,826
50,4
161,15
142,27
18,93
864,5
646,22
303,12
472,8
633,6
725,35
673,5
947,25
158,10
933,22
590,9
280,735
460,680
652,15
926,15
49,38
488,23
713,15
856,93
862,23
353,680
888,35
689,22
445,2
728,23
873,735
213,38
506,16
530,735
470,10
309,786
290,785
374,27
414,8
846,15
757,5
797,4
1001,38
513,2
148,35
701,19
389,786
999,786
637,11
250,680
160,38
342,786
309,16
960,2
337,815
998,19
766,15
272,4
491,735
75,2
238,25
939,22
43,93
483,735
104,93
214,6
306,680
472,22
954,12
47,25
251,15
69,12
362,6
809,10
612,12
498,19
631,815
119,12
751,12
328,25
789,815
973,2
998,10
356,4
176,93
749,38
567,35
92,815
310,8
739,16
939,15
482,27
1000,15
303,27
433,8
112,4
807,12
241,93
439,22
979,5
651,93
676,35
988,826
844,23
20,4
688,38
501,15
764,785
230,8
106,10
255,16
437,93
42,786
502,38
304,25
107,25
770,785
964,4
413,735
289,772
109,785
976,15
635,735
301,10
433,772
911,27
91,1
933,10
609,25
560,8
373,93
947,815
547,786
859,4
295,8
334,680
524,680
464,12
763,23
229,772
998,4
453,38
932,815
457,35
755,785
495,10
912,25
125,25
73,19
902,786
816,10
412,10
583,38
234,38
911,735
587,35
897,772
717,785
792,35
922,772
758,8
835,785
1002,35
449,11
654,680
400,38
588,2
699,1
257,22
970,8
428,25
981,93
603,16
381,23
736,10
665,2
957,826
616,815
446,6
764,5
838,772
51,9
642,786
863,772
570,826
369,11
79,735
101,25
545,8
981,772
855,815
141,8
455,680
166,16
773,8
42,2
449,12
823,8
751,735
57,12
610,10
292,27
884,10
613,15
724,6
377,815
236,680
554,8
348,786
494,735
261,11
122,22
693,8
162,23
234,815
589,785
533,4
644,25
276,19
480,9
101,2
7,680
529,786
893,38
719,35
227,11
245,680
906,25
356,826
489,772
181,11
18,735
258,772
650,2
542,12
600,19
502,2
231,15
33,12
71,27
589,15
258,1
169,23
665,12
828,35
836,35
468,5
344,11
641,11
931,826
607,10
610,826
848,38
333,23
544,826
101,11
234,19
75,826
847,680
116,19
210,735
706,15
891,9
292,9
663,10
132,5
685,25
218,11
898,815
405,786
647,680
305,19
267,785
86,2
286,15
197,5
1008,9
293,785
807,38
1011,4
792,826
760,772
300,786
49,22
583,10
694,11
622,35
681,6
202,35
663,772
120,680
413,9
842,19
536,4
610,23
832,5
759,15
173,680
561,12
157,4
378,38
361,38
881,815
589,1
953,93
700,735
736,22
703,9
394,12
33,785
876,786
681,772
443,735
740,2
797,815
858,815
285,785
694,2
456,23
850,772
780,735
175,680
752,826
554,93
167,23
759,4
564,22
450,9
860,23
897,27
243,15
614,2
405,735
318,735
358,785
195,826
740,9
444,11
247,11
123,25
802,11
641,785
952,25
310,786
238,826
410,6
127,680
129,25
807,826
114,2
117,23
157,22
512,11
697,1
643,93
935,11
443,35
44,35
407,25
562,23
157,785
451,35
379,27
809,35
330,6
796,815
982,93
17,826
716,9
296,25
706,19
928,25
855,11
89,19
574,10
499,22
192,772
265,5
485,23
766,786
253,27
364,2
498,815
426,16
407,22
318,2
636,9
814,25
947,5
379,16
148,8
59,8
241,23
886,10
615,23
355,27
466,10
694,23
0,15
879,25
1009,10
185,5
74,10
630,15
405,93
225,772
188,22
321,8
272,25
864,8
578,826
560,785
522,680
959,38
257,772
442,735
207,8
725,16
800,772
158,25
358,826
34,27
858,6
58,815
330,8
975,23
299,680
997,6
615,12
392,22
605,22
987,16
879,38
1007,93
257,38
553,16
79,772
902,27
50,10
198,772
127,8
326,680
721,93
386,8
635,38
463,10
303,6
859,772
608,735
54,38
884,772
540,19
426,2
318,12
376,19
444,786
784,10
969,2
59,6
994,10
170,15
612,16
812,5
687,93
389,815
410,785
837,27
398,23
1012,23
481,22
445,8
855,22
50,5
396,25
988,8
606,22
662,772
349,23
889,2
250,19
910,680
472,9
145,680
754,22
882,35
575,4
26,93
47,10
266,25
949,772
1009,826
541,5
652,8
710,786
31,93
640,815
201,815
309,22
791,8
960,12
578,10
250,785
626,680
291,826
309,785
554,35
717,10
349,16
275,11
550,826
300,1
582,38
472,16
572,8
975,680
523,27
251,9
858,19
415,735
285,815
254,6
492,680
516,10
753,786
720,16
346,815
56,9
528,680
637,735
319,5
106,25
677,25
382,785
149,11
578,5
892,786
951,735
492,27
539,815
371,4
544,12
618,15
1000,9
507,11
312,11
884,785
765,93
383,826
205,6
316,15
945,12
146,1
257,2
99,35
396,6
128,785
932,826
1010,6
653,735
31,735
983,786
875,38
54,2
112,5
202,785
757,22
66,1
519,93
498,11
903,680
154,786
464,785
391,35
377,16
430,10
654,735
948,22
567,735
255,19
993,785
245,9
709,815
640,9
842,93
733,815
492,9
704,22
408,8
779,11
942,16
569,6
115,25
794,11
137,735
121,680
819,1
982,735
895,735
285,826
20,12
241,38
405,27
983,9
566,19
395,93
169,735
64,93
501,786
82,11
653,11
161,35
470,23
936,1
310,27
647,786
690,16
729,27
288,772
347,2
989,4
962,38
486,6
841,680
91,25
698,35
566,785
131,735
723,25
501,16
212,680
530,680
605,815
821,786
70,15
328,15
591,22
708,815
381,22
347,772
221,2
96,735
443,8
172,23
372,772
157,826
246,10
964,11
286,27
659,735
878,10
436,25
491,772
384,15
865,23
992,815
940,12
410,735
325,826
434,19
271,786
237,19
319,38
67,25
909,2
178,12
452,8
161,826
327,38
760,25
355,786
814,826
547,93
859,735
749,9
860,12
678,15
936,15
261,10
335,23
319,772
394,16
198,735
397,5
989,22
437,772
868,35
463,772
980,772
854,10
529,785
215,25
622,22
880,38
555,785
166,8
294,93
847,25
205,35
795,15
191,16
931,735
181,10
474,4
21,6
114,680
924,19
420,786
665,19
540,35
354,10
172,5
925,12
47,93
986,10
930,815
715,15
1007,815
209,8
138,4
912,772
126,2
952,5
224,6
277,4
249,2
657,27
14,680
896,23
114,22
21,15
439,735
389,38
799,16
453,25
147,12
58,4
80,25
340,826
197,4
471,16
915,19
333,15
613,786
685,826
725,680
583,5
930,35
694,8
90,772
805,27
681,5
990,25
404,785
462,11
817,8
980,23
709,10
752,772
842,16
200,22
823,22
43,23
478,785
65,38
450,15
268,10
802,815
773,772
722,22
135,826
946,815
858,35
696,826
604,22
382,11
937,11
666,4
529,772
55,735
868,786
560,35
388,15
940,826
191,15
299,9
289,19
623,8
218,785
991,35
244,785
561,4
46,11
746,8
498,826
305,12
692,680
72,785
639,25
950,1
972,22
555,6
247,10
671,786
841,35
348,680
350,785
207,680
423,16
619,815
89,9
532,826
95,680
167,15
43,5
117,22
336,9
618,38
895,27
897,19
722,8
688,786
543,10
945,815
925,16
357,35
736,826
861,8
915,38
1012,735
562,785
762,2
69,815
645,2
522,735
297,826
302,16
966,11
877,25
272,35
932,785
574,11
704,38
225,5
499,25
7,16
904,19
265,4
525,8
552,772
207,2
44,27
480,815
394,38
750,6
552,9
343,9
184,35
972,4
241,22
24,23
425,786
62,4
192,35
392,16
691,11
123,22
109,23
916,22
420,19
385,23
223,19
481,27
447,826
673,815
546,23
140,735
593,16
222,786
756,15
613,93
65,2
176,11
217,772
253,19
1006,4
130,11
562,6
340,680
128,93
181,786
701,6
901,9
81,19
688,5
160,19
395,2
553,23
419,735
332,735
367,680
337,826
852,5
926,772
874,22
263,11
359,23
127,11
781,826
599,23
339,27
658,16
90,5
1006,15
868,735
902,826
758,735
942,93
729,93
503,19
216,8
949,826
256,25
562,826
45,38
992,93
331,19
424,826
204,680
849,15
526,735
321,25
142,25
606,23
571,19
632,35
300,11
873,786
103,11
766,772
433,27
399,826
236,35
240,38
993,35
497,6
459,772
118,27
465,93
784,2
286,93
988,815
590,15
96,772
745,38
514,38
791,11
336,93
728,25
927,22
161,6
143,772
717,9
368,19
774,826
39,680
939,19
742,19
669,785
618,5
250,27
929,25
434,815
222,93
872,93
486,27
69,1
822,10
948,772
551,23
205,12
870,680
923,27
392,12
637,9
380,22
751,1
758,93
230,785
871,680
694,786
1007,772
539,735
102,772
963,815
127,772
1009,93
684,38
405,8
723,5
282,735
32,10
566,6
107,815
474,38
664,10
424,815
96,23
1011,680
702,27
460,815
149,19
689,6
367,785
448,815
874,10
242,10
985,5
568,27
954,735
421,25
939,1
850,19
270,680
913,772
236,8
437,815
653,815
641,815
288,12
548,16
714,815
609,6
20,6
94,5
113,25
738,815
168,785
45,10
51,680
305,786
710,772
655,27
328,2
898,735
810,16
886,815
174,12
708,826
825,2
20,815
544,27
686,785
818,35
359,815
363,680
769,16
201,35
347,12
647,19
597,10
634,772
249,815
994,38
560,10
320,815
156,10
255,27
788,10
257,19
684,785
760,12
776,785
136,38
82,8
230,826
653,10
406,11
529,4
285,16
234,680
625,8
897,35
39,1
738,735
26,22
137,9
122,2
782,12
142,826
40,785
77,735
189,826
79,15
905,12
412,4
895,786
326,11
237,25
310,826
687,6
429,786
357,826
514,5
199,680
718,680
847,785
558,785
478,826
464,5
339,93
196,15
567,8
110,6
518,25
649,785
794,785
335,9
246,11
356,735
820,785
927,735
507,22
437,826
276,22
190,9
941,815
890,22
375,23
1001,9
730,2
894,785
733,23
128,5
55,15
331,815
847,19
136,815
674,16
823,10
402,815
721,11
120,772
13,786
33,9
231,16
675,19
803,38
645,680
413,680
382,23
695,680
572,35
369,2
167,772
480,11
667,785
248,23
943,9
659,11
677,93
237,11
511,11
280,786
388,19
191,19
194,680
983,23
514,23
590,826
510,735
167,735
721,12
978,735
481,93
637,826
46,680
376,735
231,9
33,2
144,11
860,4
971,11
443,25
799,785
986,11
549,826
422,15
854,2
49,19
177,38
163,23
128,19
237,4
348,9
894,4
18,11
970,35
954,786
349,38
888,680
978,35
502,27
531,772
144,2
218,9
589,6
700,15
614,22
372,786
872,6
530,1
718,16
740,5
671,815
323,8
126,10
642,35
200,786
188,12
462,8
67,15
527,22
289,25
574,23
265,16
229,815
268,11
219,735
218,16
401,27
723,680
116,826
336,785
759,772
641,27
510,93
737,15
718,27
64,772
980,786
330,680
592,11
757,826
388,8
691,826
546,11
267,35
380,680
509,12
936,93
499,10
157,27
531,786
586,5
369,93
190,93
925,22
105,16
934,785
630,735
187,35
480,23
207,826
354,785
545,35
447,8
123,27
212,25
783,25
913,10
987,15
163,10
472,785
916,1
521,10
461,785
559,680
726,93
198,785
768,8
731,2
92,19
724,35
907,8
907,735
283,786
710,10
475,10
993,6
80,15
924,826
944,19
601,22
654,8
674,785
950,25
57,785
383,786
386,786
226,680
297,680
170,16
335,735
232,735
85,680
123,16
160,6
64,786
642,12
695,826
383,25
347,680
645,1
849,27
210,10
528,785
486,786
966,8
753,10
771,10
644,772
646,735
225,4
632,15
460,19
45,785
672,16
506,772
394,826
697,8
293,8
58,25
445,786
542,815
33,826
747,8
215,93
552,10
256,12
534,772
701,12
259,9
425,785
946,680
926,25
505,35
1009,8
774,93
410,22
943,735
359,25
623,38
164,25
369,826
389,2
707,27
176,12
943,785
1003,10
821,15
550,8
678,93
390,35
871,19
636,2
193,680
822,38
880,25
701,5
666,25
784,735
306,15
553,22
420,27
296,9
223,27
919,35
78,826
28,27
728,12
874,23
302,35
857,680
855,27
125,826
235,12
509,16
238,11
682,8
756,23
522,4
796,16
762,826
818,5
325,19
608,6
917,772
112,27
784,12
858,15
269,1
162,93
935,815
537,785
57,735
81,11
427,35
504,772
926,11
589,680
914,786
521,38
624,735
860,93
956,35
793,12
831,27
742,25
892,27
697,35
643,785
368,786
764,93
730,93
432,680
307,772
698,2
551,25
294,2
116,38
82,735
84,15
195,4
748,22
655,15
586,735
988,735
627,9
630,22
460,826
766,11
838,35
754,786
99,826
171,786
482,4
618,735
124,786
270,735
967,15
807,27
408,826
633,12
315,19
575,15
376,35
581,815
216,23
711,10
108,93
56,11
202,22
901,680
205,11
479,11
924,735
945,9
837,11
358,38
857,786
914,772
146,4
664,4
517,19
960,5
745,785
121,15
998,22
914,1
199,9
347,826
78,16
189,19
1000,11
729,6
214,5
164,826
510,10
754,6
812,93
461,9
686,9
409,35
979,1
451,15
17,19
180,12
958,23
999,772
50,93
750,815
531,35
611,772
442,12
902,5
741,35
135,35
500,826
393,27
103,826
72,1
988,23
237,772
310,15
1010,4
97,15
723,815
524,772
586,93
507,2
143,16
643,772
387,25
152,8
375,11
609,5
649,4
498,9
501,12
639,735
395,38
305,785
217,10
881,19
788,12
149,27
41,815
924,9
727,9
182,93
492,11
421,1
131,826
186,16
850,11
248,735
172,35
942,22
690,23
929,35
807,6
937,35
350,8
930,2
434,680
641,93
128,8
536,735
476,19
61,785
427,4
796,785
999,826
179,785
899,8
512,93
514,772
489,25
453,35
880,785
714,9
492,2
421,10
289,786
989,2
644,22
790,93
575,35
209,27
30,27
486,4
692,826
434,22
141,12
91,27
381,680
1007,25
792,38
973,815
743,786
391,19
32,16
640,735
591,16
295,2
245,25
322,786
417,826
329,22
554,12
3,680
446,5
357,27
654,35
504,12
197,23
569,22
843,38
276,23
79,23
445,680
262,38
1001,8
51,785
469,93
684,11
775,785
351,25
410,38
391,8
32,23
18,22
788,25
400,16
992,15
542,8
924,22
449,772
174,38
13,785
747,826
33,8
640,16
107,1
1004,785
589,19
789,6
665,8
811,25
540,38
26,25
905,826
341,826
51,19
275,826
493,15
792,815
98,10
480,12
462,826
212,6
819,22
893,35
126,25
687,23
529,93
983,22
624,93
561,23
635,8
724,8
502,1
268,22
489,12
218,15
878,785
882,22
863,8
989,786
703,4
669,735
599,680
764,22
533,10
829,25
558,2
817,786
88,19
220,93
166,1
404,735
919,8
850,785
316,35
706,10
619,826
657,25
721,4
650,8
724,23
336,38
193,22
543,786
157,8
676,815
948,735
329,9
789,8
811,23
80,27
833,38
333,786
858,38
626,10
244,35
262,11
447,5
765,10
879,6
755,12
666,772
238,815
462,9
941,735
305,815
413,6
894,12
129,12
959,15
635,6
448,785
841,785
271,9
492,93
182,11
882,8
974,23
811,12
703,10
443,22
465,5
156,772
31,680
505,772
532,735
901,19
65,680
941,786
123,5
802,15
450,815
215,38
52,15
127,735
844,35
592,12
210,25
782,786
731,12
71,772
722,786
870,12
525,735
450,4
215,772
115,93
614,1
318,23
601,12
712,9
641,680
237,93
42,93
614,826
441,680
944,786
247,4
49,5
874,735
89,772
115,772
114,772
172,786
410,5
926,785
909,93
623,19
114,1
925,680
799,9
910,4
364,6
922,11
281,815
946,735
1003,786
416,2
34,4
808,772
419,15
294,680
975,2
851,16
615,27
355,23
395,22
231,786
694,19
719,9
131,93
28,6
709,680
56,786
660,22
129,23
934,38
297,35
722,772
120,815
499,27
981,9
393,93
910,15
414,16
821,5
58,38
477,826
866,772
923,826
429,2
747,11
676,5
385,786
480,38
851,25
834,35
62,10
854,38
251,680
13,9
21,815
481,25
704,826
617,15
89,25
839,786
329,93
348,815
349,2
386,12
150,93
153,815
460,11
961,93
300,23
618,22
995,93
669,772
621,11
492,815
201,27
315,15
540,23
44,12
118,15
673,15
620,786
858,5
34,22
365,19
220,826
701,4
392,25
790,785
455,38
612,785
888,25
926,735
50,9
877,9
235,15
953,22
203,38
646,19
723,735
427,772
228,38
1000,23
103,12
452,772
732,9
87,680
257,786
135,785
337,23
982,10
1004,35
994,9
170,10
120,27
123,38
179,815
107,826
342,772
54,786
960,8
171,25
744,826
265,826
803,25
568,8
551,826
346,1
297,22
596,11
707,8
485,15
179,22
90,10
843,15
719,826
957,27
673,25
819,38
565,27
969,8
254,2
56,5
476,8
540,815
923,4
155,772
542,735
834,12
602,16
331,10
421,735
578,9
559,25
763,15
728,27
965,786
396,19
417,772
568,15
633,19
246,815
868,4
597,680
513,6
736,735
239,772
916,815
994,27
81,4
541,27
945,8
377,11
602,27
951,22
352,786
633,826
356,25
800,10
692,8
603,8
363,815
72,27
567,38
128,680
535,25
186,15
276,826
631,5
317,93
322,8
547,10
26,772
893,5
183,16
720,10
738,786
405,22
498,15
83,826
649,2
703,772
70,25
788,6
994,815
791,27
813,10
407,786
529,8
714,4
1008,735
698,826
779,23
211,2
964,25
273,16
954,19
721,772
204,35
298,735
594,10
942,785
41,12
562,35
141,25
180,735
783,35
538,8
443,785
498,6
634,4
834,25
82,786
798,19
180,785
380,38
217,9
218,815
148,826
721,38
135,27
211,772
247,680
36,23
554,27
442,785
332,16
335,5
283,35
397,23
274,815
594,5
633,38
544,786
940,25
743,25
286,785
893,23
486,2
819,2
180,19
825,815
649,12
796,786
983,10
159,9
400,35
810,25
690,786
140,93
288,680
880,786
678,16
147,680
208,5
631,16
579,22
853,22
103,38
397,16
878,6
26,785
79,9
743,22
819,11
855,786
642,93
958,9
634,22
82,772
449,15
140,786
452,12
417,38
610,15
992,9
385,93
683,786
462,93
211,735
304,11
283,826
381,19
589,25
240,680
665,6
523,826
122,11
983,826
693,11
971,786
863,735
743,15
1001,15
659,4
865,815
864,785
662,19
719,38
424,8
494,826
116,9
45,680
723,35
321,93
731,35
722,815
542,9
924,23
33,15
955,680
116,815
46,93
727,786
344,8
622,735
715,11
804,9
422,10
98,11
940,6
669,11
28,815
712,680
470,680
952,1
96,93
920,735
667,93
631,772
833,735
977,15
926,826
798,15
102,680
360,23
585,15
270,25
363,2
737,785
721,2
561,22
860,6
218,12
678,5
589,11
169,27
974,10
736,785
1008,22
616,6
890,38
412,19
166,6
49,735
193,786
32,38
487,5
400,15
18,9
1012,815
425,25
502,25
638,15
378,27
395,772
515,23
290,680
789,23
736,19
574,680
350,93
283,4
1011,8
187,23
151,5
558,10
176,772
599,785
447,4
545,23
952,15
309,35
310,772
830,16
706,2
565,786
696,735
252,19
403,19
956,11
186,826
43,8
258,786
496,10
979,785
675,8
91,772
271,8
182,8
58,10
846,35
789,16
133,23
209,772
394,8
430,785
358,786
235,772
533,27
1008,4
292,786
937,8
311,22
645,786
679,12
629,23
943,38
598,786
379,772
765,2
951,38
348,25
593,815
595,8
370,10
617,27
598,23
546,9
929,826
731,15
289,16
402,785
99,786
117,10
724,38
707,38
943,772
981,6
176,25
1003,25
808,25
145,786
811,4
722,12
80,10
351,786
467,826
182,772
241,25
790,8
24,12
883,35
64,680
173,10
394,735
234,8
714,680
592,4
457,815
521,8
370,5
410,2
673,786
84,93
806,27
117,19
978,10
907,10
818,22
160,826
624,772
895,4
540,2
922,8
376,2
784,25
587,25
552,5
1009,786
646,772
133,735
81,38
634,826
420,23
496,826
849,25
888,12
559,4
670,25
321,11
139,12
272,38
129,22
900,680
278,12
928,786
599,2
485,19
411,38
450,23
843,27
185,815
475,5
404,15
910,785
837,735
639,8
750,5
898,8
916,735
701,10
385,785
441,6
353,815
538,35
615,19
961,680
392,19
984,2
556,8
132,93
997,735
375,735
637,680
450,680
511,785
756,10
463,9
413,815
197,93
253,16
863,93
404,22
266,19
503,23
861,23
148,19
294,22
43,786
724,785
762,19
817,815
414,826
146,25
534,22
223,5
321,5
803,19
931,38
806,12
935,93
991,735
793,9
996,93
599,16
983,735
604,93
514,735
571,786
475,19
938,815
922,680
812,772
688,826
636,27
840,785
947,23
216,11
469,786
271,815
219,22
347,93
866,93
152,93
541,8
997,11
748,25
68,785
146,16
96,5
496,815
223,2
689,16
430,93
161,2
604,786
272,11
75,11
793,735
574,35
334,772
831,5
214,9
840,19
732,1
570,785
390,19
177,19
711,15
679,38
441,25
541,1
210,93
338,38
858,785
984,23
566,11
824,11
553,6
366,93
41,826
1011,735
902,9
578,6
852,22
356,19
321,23
965,785
124,23
568,16
714,19
238,27
386,22
406,680
742,22
160,680
140,9
233,38
203,785
312,8
633,735
957,19
66,11
822,9
1004,735
311,815
153,35
834,4
945,15
377,10
637,6
891,93
695,785
899,23
232,8
285,2
621,93
603,11
985,1
803,6
606,4
661,786
411,27
322,9
359,826
433,10
510,8
239,1
274,826
594,16
597,5
190,16
763,680
251,735
418,785
937,826
627,786
131,25
427,8
997,38
836,815
356,772
824,25
860,815
588,735
257,6
813,9
282,6
174,8
529,15
803,15
532,12
625,19
936,23
368,4
186,23
497,93
421,6
208,8
813,772
318,93
360,680
804,22
54,6
515,93
311,38
669,38
673,35
982,23
306,815
551,6
291,10
649,10
634,5
861,826
625,785
939,772
464,10
924,11
727,11
70,735
416,786
418,10
769,786
806,35
149,735
336,826
850,9
560,815
779,15
446,25
48,19
233,25
177,772
954,27
98,680
298,16
816,8
597,23
279,22
770,12
534,93
227,27
563,8
998,772
360,35
341,15
159,8
859,27
178,22
517,12
147,826
205,815
664,27
118,772
800,16
85,10
896,772
739,5
315,826
523,772
211,19
582,6
233,2
178,815
782,19
397,15
471,8
0,786
843,35
493,27
700,680
609,786
975,93
705,6
979,22
890,10
545,10
1001,5
415,10
254,38
473,23
1007,27
248,785
119,22
983,2
586,815
879,93
934,23
95,25
759,38
154,38
924,25
428,22
582,772
359,35
949,15
532,25
110,5
443,12
675,786
51,12
628,786
940,8
190,12
707,815
483,2
765,680
162,735
622,19
274,27
795,10
563,22
305,826
875,815
487,22
289,11
810,8
721,8
518,786
613,10
742,93
924,16
746,16
727,22
268,25
144,23
971,23
147,2
1010,38
900,25
703,25
498,735
465,16
564,772
84,785
604,5
754,35
644,6
98,8
922,93
975,35
669,10
30,11
163,19
458,826
437,11
61,826
316,38
299,38
931,22
493,815
132,27
206,6
724,10
597,772
746,27
48,826
68,35
821,38
72,38
788,815
329,6
421,35
925,8
999,1
799,786
286,9
605,735
73,9
471,23
1011,2
422,2
151,15
209,12
212,15
602,38
692,785
841,12
718,785
701,93
370,25
459,11
929,815
487,4
345,826
474,11
365,680
520,785
774,12
478,786
411,93
567,16
71,15
329,15
147,16
703,15
996,27
543,27
268,772
382,4
310,735
386,772
223,735
333,11
437,786
635,826
376,93
637,93
711,826
716,25
645,19
370,16
64,5
980,19
964,735
547,826
992,22
496,11
991,38
185,93
759,735
580,680
857,6
13,826
1003,35
586,25
715,826
182,9
611,19
978,786
445,772
197,9
931,815
1008,5
629,22
480,19
318,680
873,23
52,9
987,11
839,735
879,9
21,786
462,22
869,35
302,10
660,2
92,23
590,786
685,6
710,22
52,815
499,786
405,815
135,815
669,680
379,25
537,826
220,815
562,786
524,93
997,22
160,2
234,9
52,16
805,9
521,15
663,785
595,16
28,9
267,93
489,93
716,772
914,38
771,6
809,772
536,23
525,11
33,35
827,815
517,785
166,735
922,9
977,735
170,786
137,93
451,38
552,6
861,4
256,8
476,38
577,2
975,12
120,8
580,9
962,19
858,826
395,8
792,25
166,35
223,22
78,815
210,9
598,38
963,16
373,16
321,10
235,19
753,15
117,27
621,16
399,93
475,4
526,93
969,27
256,15
935,826
241,10
441,5
519,6
59,15
886,15
444,22
898,9
383,772
528,22
951,12
185,8
331,25
494,2
226,785
778,680
963,25
546,19
235,8
695,11
716,826
953,19
384,786
756,11
149,680
557,38
460,5
997,815
943,786
359,785
339,22
782,35
821,12
70,785
176,15
90,6
537,10
497,8
266,16
1004,38
343,2
809,16
936,680
294,23
612,22
59,4
984,10
123,35
0,27
553,27
719,25
849,10
991,772
63,16
798,93
864,4
717,19
349,25
217,785
658,12
325,16
290,735
226,10
461,27
390,25
232,680
943,93
819,35
565,16
415,35
148,27
318,826
412,93
488,22
739,735
370,38
629,735
928,35
285,15
582,815
359,8
695,25
550,772
864,27
277,826
704,15
560,772
282,93
265,35
90,8
552,680
201,11
976,25
668,826
17,38
536,785
832,786
479,15
319,27
159,23
365,735
813,22
63,6
357,735
672,826
285,8
252,93
1004,826
94,680
917,8
457,9
316,815
100,25
118,680
125,15
143,15
130,16
645,735
372,35
546,680
893,735
527,735
551,19
920,2
405,11
904,785
969,826
763,6
232,9
564,93
874,15
783,680
988,27
697,815
510,772
661,785
97,11
939,12
687,785
140,1
840,2
768,815
125,8
433,9
436,2
398,772
954,22
510,9
204,38
629,93
423,772
979,2
390,2
708,25
50,786
490,93
678,826
698,19
933,2
660,785
511,735
920,9
701,38
723,9
355,35
119,10
674,8
527,35
988,680
242,6
353,9
813,8
998,12
893,826
107,38
381,6
421,5
646,680
243,93
208,9
466,772
31,785
178,826
125,1
767,27
805,826
807,10
572,27
204,93
152,11
775,93
155,22
526,11
486,9
513,22
473,4
42,19
684,25
248,772
377,27
983,15
820,38
13,93
948,19
343,826
591,15
993,735
867,815
14,4
825,6
754,826
39,4
921,826
26,11
137,4
946,786
32,680
30,786
162,4
930,772
705,12
448,19
301,4
214,815
606,785
609,19
259,93
722,680
745,6
391,23
178,23
983,4
881,9
257,23
517,11
886,826
338,772
282,9
856,772
378,5
985,27
161,38
237,680
73,786
335,12
467,786
798,826
530,25
73,680
609,785
385,815
903,772
545,9
323,16
141,9
88,1
515,772
128,2
20,16
573,6
248,786
687,2
524,27
563,16
86,785
894,680
363,22
457,93
834,815
651,815
836,735
65,93
600,11
655,815
603,22
724,5
542,4
91,826
536,93
258,9
295,826
946,772
782,27
604,15
463,826
634,786
176,785
51,786
326,6
128,25
718,772
55,11
313,19
866,11
1007,35
758,5
743,772
687,11
798,735
711,735
585,4
696,1
142,35
861,772
938,23
331,38
774,19
282,27
714,38
860,9
825,25
589,16
314,680
776,8
504,22
673,93
86,10
471,25
435,680
607,11
937,27
718,10
187,27
79,25
447,16
819,27
490,786
770,22
274,19
866,2
156,19
856,735
788,35
292,8
366,19
992,25
208,93
650,12
615,786
425,22
307,22
218,10
515,16
789,12
169,25
776,15
133,35
712,23
382,2
293,786
683,93
60,680
320,10
447,25
505,2
913,27
163,27
274,10
972,680
55,25
277,15
977,6
795,27
945,93
623,1
92,2
610,22
832,4
488,815
567,19
326,786
515,25
900,8
394,15
915,22
382,5
138,8
447,6
285,786
752,4
681,8
717,815
183,93
792,5
526,815
966,27
604,826
695,38
849,815
21,19
518,772
43,10
445,93
176,735
450,8
895,16
318,19
564,786
105,19
311,16
558,19
155,815
119,93
727,680
90,735
215,35
569,826
163,9
1009,25
348,27
645,27
719,4
223,35
191,10
