620,2
1002,8
731,1
842,4
92,16
314,22
632,5
425,9
154,2
586,1
808,27
182,1
401,16
540,5
614,4
922,15
725,15
836,6
654,5
712,12
69,38
219,12
419,11
851,12
355,19
444,1
247,1
926,19
841,38
605,5
3,2
645,4
102,1
657,1
127,27
571,10
399,38
403,35
167,10
574,5
278,11
463,5
564,27
638,38
364,1
761,38
725,8
376,4
429,6
416,5
513,38
676,25
219,5
790,1
148,15
241,16
259,4
284,4
87,10
948,35
126,35
383,5
827,12
481,5
210,6
855,1
324,2
966,12
435,1
349,6
632,19
278,2
759,16
68,15
710,1
821,2
179,4
182,19
404,9
775,10
814,35
898,6
972,1
519,1
244,2
466,4
873,9
984,4
309,5
827,5
296,6
849,16
719,19
617,12
321,2
124,4
509,19
314,35
460,6
278,5
7,4
892,1
472,1
932,2
130,4
44,15
708,38
747,5
269,4
219,19
898,1
365,16
790,19
590,6
847,38
812,4
244,9
726,11
926,4
655,5
380,6
185,16
556,1
136,1
263,6
603,38
877,6
346,5
806,2
917,5
628,38
593,12
386,2
707,4
818,1
929,2
621,1
201,1
367,35
118,5
969,4
516,2
183,6
883,1
994,4
244,16
281,10
479,1
84,12
726,2
837,5
655,2
306,2
531,16
109,4
398,25
627,4
491,2
223,12
334,1
121,1
484,35
766,4
640,35
842,35
806,5
78,10
225,35
297,27
889,4
485,12
547,1
929,27
658,4
661,9
572,15
387,38
226,2
448,8
908,9
451,5
365,2
405,1
84,11
726,5
655,11
257,10
664,1
149,12
442,6
902,15
578,4
136,15
791,6
874,5
643,23
717,4
368,8
729,1
547,6
572,6
647,35
337,6
266,10
982,27
177,10
711,6
1004,12
1007,1
538,5
488,5
862,1
331,4
442,1
171,8
245,1
887,11
121,19
692,11
803,8
396,5
470,4
399,8
495,4
97,10
297,5
100,1
779,19
907,38
671,1
507,1
683,2
976,8
526,1
930,12
1004,11
362,1
415,25
55,38
131,27
192,27
84,25
159,4
217,5
588,12
788,1
282,4
835,38
800,4
85,6
603,2
14,2
985,8
988,19
917,25
421,4
557,2
137,2
729,19
433,1
507,6
236,5
276,6
918,8
757,16
79,4
794,10
979,10
708,1
177,4
288,1
17,8
202,4
755,38
498,5
151,93
363,27
970,1
884,4
477,15
721,27
353,1
800,27
467,9
727,5
196,6
628,1
332,19
208,1
26,8
137,11
779,1
122,4
162,5
976,6
209,38
890,1
708,8
101,16
486,1
17,1
844,5
573,12
955,10
847,8
42,27
338,8
745,5
377,35
896,1
295,1
613,6
650,16
82,5
121,38
600,5
727,2
949,4
863,25
518,27
150,1
961,1
122,15
308,35
878,5
607,4
940,19
816,1
412,1
730,4
215,1
733,25
455,93
958,12
881,1
366,6
959,23
428,16
799,35
489,6
625,4
532,27
736,1
971,16
332,1
97,22
668,16
903,1
690,5
504,16
986,2
915,2
555,27
79,19
619,6
30,6
1001,12
508,4
274,25
645,38
449,5
252,1
487,16
1005,8
934,12
403,1
835,2
68,38
949,22
678,1
863,15
207,38
172,4
543,23
219,35
493,11
165,35
311,4
298,11
940,1
541,93
173,35
409,4
88,16
323,1
398,38
755,2
977,12
687,19
598,1
784,786
178,1
585,12
289,2
92,4
114,25
206,4
959,5
502,5
710,35
342,9
71,16
329,4
589,8
900,2
518,12
354,4
468,12
912,5
419,23
493,4
679,27
98,1
151,9
669,1
545,19
780,4
505,1
52,5
456,16
274,11
955,22
706,6
524,1
230,38
360,1
931,1
129,15
366,27
403,15
672,9
727,38
71,9
897,2
811,11
243,6
61,19
996,5
601,6
86,5
839,4
971,826
24,1
444,12
851,1
965,9
805,5
879,2
274,2
755,16
795,19
299,22
706,1
598,19
620,4
89,1
931,6
314,12
857,4
621,35
968,1
253,9
364,12
515,1
882,4
240,2
814,15
725,5
379,2
626,1
848,11
259,25
777,1
851,6
558,16
694,5
113,35
277,16
334,35
888,1
941,9
484,1
1002,9
31,1
842,5
660,12
496,4
167,12
632,6
43,2
314,23
525,16
910,1
253,2
648,16
814,22
797,38
318,27
503,5
305,6
490,10
148,1
975,1
558,27
444,2
762,5
160,4
87,12
469,6
987,2
830,1
410,1
484,8
102,6
324,4
164,16
349,12
167,5
117,16
336,15
463,4
599,6
68,1
895,1
475,1
80,4
722,2
775,12
725,23
376,5
416,6
750,1
861,2
219,4
294,27
666,16
901,1
244,4
160,27
87,5
534,27
383,4
1012,1
481,4
245,35
617,10
139,1
50,19
506,4
53,6
679,680
40,5
349,5
167,2
250,1
485,16
892,11
821,1
401,1
971,35
404,10
315,10
833,6
229,27
47,4
565,12
269,10
676,1
308,27
170,4
466,5
873,8
309,4
827,4
1012,8
741,1
887,38
689,27
321,1
432,12
124,5
731,23
966,4
643,35
571,27
238,5
991,4
225,16
46,38
472,2
130,5
846,2
957,5
725,25
69,16
858,1
454,1
365,15
441,12
205,27
886,4
244,10
84,6
726,8
655,4
87,27
491,12
383,10
96,1
667,1
874,16
199,25
346,2
917,4
596,8
374,1
411,9
547,27
1003,6
253,38
337,11
673,4
69,25
911,6
587,1
787,12
994,5
134,16
281,9
528,6
837,4
87,16
452,38
417,12
553,2
92,93
146,15
810,38
242,27
849,1
667,6
813,27
455,27
334,6
874,27
692,6
766,5
568,12
949,38
914,8
200,38
593,4
704,1
208,38
482,6
961,35
618,4
103,1
661,8
165,19
312,4
279,15
155,5
66,15
908,10
448,9
513,1
587,6
698,15
365,1
479,9
377,6
624,1
417,5
455,16
257,9
627,12
477,35
791,1
581,8
874,2
232,4
399,2
643,22
700,93
368,9
482,1
29,1
140,4
436,5
239,5
865,11
523,16
337,5
340,22
69,11
291,1
723,2
119,15
319,2
488,6
566,1
60,4
82,25
445,19
356,5
803,11
470,5
199,4
399,11
97,9
557,8
278,38
408,1
211,1
322,4
582,16
840,4
510,15
807,15
165,5
41,15
76,27
976,9
461,4
409,38
708,27
526,6
893,1
288,11
473,1
291,6
847,5
134,5
997,35
748,1
217,4
328,1
791,23
539,38
760,4
334,27
282,5
998,2
121,27
800,5
927,2
603,5
838,22
399,16
1010,1
97,2
557,1
904,35
989,11
493,38
918,9
594,6
248,1
708,2
483,16
375,6
930,4
415,1
733,6
113,19
847,2
649,15
674,1
159,12
328,8
588,4
591,9
149,38
884,5
924,6
998,5
467,8
727,4
714,11
806,38
39,6
150,15
208,2
26,9
335,1
782,15
929,38
569,15
594,1
705,2
248,8
301,2
1001,1
66,19
893,19
622,4
473,19
20,11
573,11
338,9
726,38
267,15
452,1
788,16
255,1
899,15
810,5
934,19
464,4
600,6
653,4
835,23
749,16
110,1
665,1
150,6
261,1
273,6
829,9
298,6
372,1
730,5
288,16
955,2
316,19
119,19
798,1
585,1
181,1
934,10
810,12
406,4
959,22
675,16
949,12
36,1
221,27
26,27
100,38
344,5
718,1
829,2
98,12
298,1
409,2
212,4
49,27
548,11
508,5
681,27
55,5
113,6
437,15
977,10
906,6
980,1
598,15
527,1
585,10
289,8
363,1
734,735
788,38
610,2
496,25
43,25
835,5
727,19
107,4
453,16
532,35
518,10
443,6
543,22
468,6
286,5
490,23
644,1
480,1
940,2
298,8
965,6
234,16
434,5
55,2
955,16
906,1
817,23
102,27
598,6
289,1
474,15
934,4
92,5
206,5
959,4
746,6
271,6
401,35
440,2
814,2
122,25
912,6
715,4
419,22
718,19
937,2
151,8
209,1
320,12
780,5
580,16
447,27
52,6
879,4
64,1
906,8
891,1
67,12
1002,4
487,1
672,10
746,1
799,25
710,27
342,1
71,8
897,1
240,12
700,5
518,4
243,9
996,6
543,4
194,8
601,5
108,19
1008,1
555,1
873,19
358,16
876,8
805,4
952,19
459,5
521,2
423,27
373,2
598,16
817,1
620,5
413,1
31,27
842,27
127,23
114,8
724,27
253,8
71,1
440,16
814,12
725,4
379,5
145,16
219,9
419,4
737,1
222,6
829,38
479,38
444,4
851,9
655,35
592,1
188,1
888,2
941,8
484,2
546,5
585,38
842,2
225,12
499,16
978,15
870,1
981,2
799,15
857,12
68,27
818,27
700,27
757,38
207,5
833,11
503,4
305,5
490,11
790,12
259,1
120,4
173,6
160,5
469,5
987,5
534,1
3,4
719,15
370,1
28,4
692,35
31,9
127,5
571,12
167,4
796,1
599,1
68,2
290,4
611,2
204,15
80,5
404,12
833,12
725,22
376,6
34,1
861,1
441,1
259,6
851,23
120,11
873,6
284,6
87,4
287,11
913,5
642,6
296,1
99,1
617,9
210,4
506,5
289,38
53,5
571,5
349,4
314,38
297,38
7,9
450,19
361,1
179,6
808,11
636,1
871,16
105,4
69,22
269,9
454,15
898,4
241,15
244,12
62,15
615,15
466,2
494,1
1012,9
124,6
731,22
966,5
753,5
593,9
793,4
904,1
374,15
303,1
661,5
315,2
207,16
562,1
158,1
969,1
454,6
37,38
183,11
590,4
812,6
886,5
244,11
726,9
691,25
602,11
417,10
627,1
738,4
223,1
852,12
484,38
50,2
568,6
235,2
904,8
189,2
596,9
411,8
840,16
658,11
989,38
633,4
337,10
908,12
379,38
148,38
994,2
281,8
488,25
87,19
491,4
553,1
146,12
627,6
420,8
102,35
963,8
53,16
399,4
457,5
535,6
186,6
646,15
78,8
831,1
189,27
707,15
485,10
658,2
325,6
112,8
312,5
439,2
115,5
708,22
266,1
340,8
858,16
476,5
405,15
479,8
948,1
627,15
257,8
96,16
149,10
442,4
245,6
763,2
393,19
272,6
606,1
643,25
75,4
717,2
186,1
646,6
704,25
411,6
964,16
140,5
214,4
769,6
165,27
239,4
683,15
868,1
651,38
337,4
500,27
177,8
340,23
676,38
933,6
881,27
257,1
442,15
60,5
813,12
887,5
960,27
174,5
161,16
803,10
492,19
399,10
97,8
495,6
544,4
853,6
840,5
125,5
967,2
165,4
976,10
794,1
868,8
686,19
390,1
301,15
708,4
177,1
1004,5
733,12
476,27
847,4
834,27
84,27
945,4
32,1
159,6
859,1
517,6
242,5
791,22
760,5
813,5
282,2
85,4
603,4
838,23
714,1
399,19
936,27
495,15
97,1
742,4
48,16
964,6
976,1
979,12
890,4
375,1
622,2
326,16
733,5
131,2
388,38
566,16
217,12
1005,27
328,9
380,35
591,8
884,6
887,27
825,11
643,12
492,1
554,4
828,16
150,12
850,5
889,38
51,2
804,25
308,38
347,5
387,4
705,1
248,9
301,1
708,10
819,9
622,5
113,11
573,10
131,11
847,10
560,1
156,1
67,19
674,25
391,16
452,2
810,2
835,22
838,1
949,2
625,1
717,38
221,1
446,4
175,5
394,22
471,4
607,6
493,23
76,1
829,8
372,2
483,1
88,4
434,16
659,2
511,2
20,19
166,22
758,1
977,16
869,2
338,1
255,9
292,5
366,4
95,5
135,4
450,35
489,4
811,38
776,4
836,38
344,6
493,16
829,1
940,4
409,1
580,35
854,11
30,4
783,5
508,6
733,16
55,4
113,5
977,9
723,38
264,1
598,12
67,1
178,4
585,9
696,4
289,15
92,15
934,2
663,15
921,15
561,16
835,4
946,1
749,1
147,6
172,6
999,4
530,6
493,9
644,2
1011,1
98,4
783,2
952,6
755,4
866,1
524,4
817,22
620,16
200,16
238,93
699,22
934,5
228,19
104,1
33,27
567,23
240,22
900,12
974,15
97,38
703,2
925,4
839,9
641,2
471,19
898,38
493,2
937,1
644,9
151,11
558,4
409,19
780,6
288,38
681,4
792,1
388,1
906,9
191,1
1002,5
820,12
400,4
21,23
539,19
959,12
672,11
68,22
857,1
342,6
440,10
518,5
700,6
150,35
703,11
407,5
814,10
194,9
712,1
839,6
490,6
308,1
1008,2
184,15
111,1
480,16
247,12
123,2
160,8
876,9
55,19
990,1
459,4
521,1
77,2
373,1
687,35
102,10
263,38
620,6
1002,12
127,22
114,9
314,10
225,10
78,35
154,6
389,23
46,8
799,1
342,25
218,27
882,2
293,6
83,5
654,1
379,4
490,1
219,8
37,1
183,38
148,4
558,22
851,8
444,5
262,4
345,5
592,2
955,38
755,27
64,16
210,19
410,4
623,16
574,1
632,8
685,2
499,19
43,4
46,19
981,1
342,16
833,10
725,12
836,1
429,10
468,27
69,35
639,1
490,8
308,23
416,1
848,4
173,5
469,4
987,4
491,27
827,8
1012,4
28,5
484,10
102,4
855,5
31,8
657,6
670,27
399,35
536,27
571,15
756,1
907,1
250,4
512,4
414,19
935,2
611,5
80,6
133,4
703,38
337,38
407,16
565,1
145,1
219,6
365,27
330,15
244,6
851,22
501,38
873,5
0,1
827,1
423,1
188,16
617,8
855,2
731,16
53,4
682,1
793,2
904,27
278,1
65,1
265,12
892,5
808,12
575,16
833,4
814,38
944,1
565,10
269,8
343,1
254,19
898,5
519,2
997,4
691,19
198,1
827,6
494,6
630,4
142,23
753,4
864,1
75,16
991,6
386,6
904,2
7,1
661,4
882,38
315,5
633,2
105,12
747,6
416,22
787,9
923,12
655,6
380,1
417,9
951,1
738,5
136,4
199,27
806,1
275,4
386,1
78,6
904,9
189,1
596,10
693,38
347,35
683,16
976,38
575,6
846,11
44,1
337,9
833,22
636,16
451,1
56,4
365,6
81,12
479,2
945,16
726,1
417,2
220,4
420,9
223,9
874,25
359,4
640,38
346,11
988,1
535,1
917,11
646,12
371,1
1000,4
29,6
485,9
433,19
325,5
769,12
843,5
312,6
115,4
226,1
337,2
708,23
673,19
340,9
180,5
771,772
476,6
809,6
81,5
84,22
377,4
488,1
948,2
242,16
442,5
902,2
245,5
232,6
529,16
855,38
606,6
717,1
297,1
942,4
671,5
572,1
611,38
266,9
362,5
883,16
205,4
723,4
834,1
430,1
217,1
591,5
60,6
532,2
199,6
643,1
495,1
742,2
446,16
853,5
865,2
976,11
868,9
708,5
526,4
237,38
55,35
563,1
674,4
588,15
862,15
517,5
242,2
334,25
778,38
813,4
763,19
529,2
643,6
310,6
917,38
26,12
233,27
312,27
458,6
115,27
976,2
152,15
686,27
594,4
708,12
323,38
733,4
847,12
958,1
745,1
84,35
338,12
341,1
452,4
328,10
467,10
727,6
640,2
625,15
399,27
554,5
643,15
97,25
261,6
779,2
347,4
918,6
794,16
890,12
248,10
708,11
288,27
622,10
215,5
17,6
573,9
116,1
351,16
687,1
699,2
366,2
168,5
477,5
464,6
542,1
600,8
653,2
949,1
71,38
332,5
150,4
280,35
903,5
48,15
175,4
394,23
986,6
804,1
490,35
493,22
76,2
187,1
298,4
141,5
825,826
128,6
166,23
955,4
758,6
869,1
634,16
67,27
449,1
252,5
70,4
1005,12
181,15
255,8
934,8
366,5
823,5
95,4
724,1
304,1
307,12
949,10
515,38
61,5
903,2
986,1
73,2
644,4
740,16
940,5
743,5
447,23
30,5
783,4
215,27
570,6
113,4
224,1
847,27
795,1
634,27
906,4
391,1
585,8
696,5
1005,5
823,2
366,12
403,2
496,27
650,1
157,15
33,1
107,6
567,25
589,12
808,35
518,8
576,15
839,19
915,12
493,8
311,1
616,5
262,16
138,2
323,2
462,6
524,5
598,4
67,9
709,15
31,23
820,6
623,4
129,11
959,6
635,1
746,4
231,1
586,16
342,12
567,22
58,2
440,4
576,6
243,2
651,27
712,27
839,8
641,1
197,2
533,19
644,10
493,1
558,5
505,6
752,1
274,6
792,2
388,2
706,5
360,4
1002,2
549,4
931,2
400,5
823,16
21,22
403,16
774,1
46,6
525,27
672,12
68,23
157,1
586,27
71,10
364,16
367,5
243,11
814,11
407,4
839,1
308,2
552,22
419,1
851,2
160,9
876,10
163,4
274,1
573,38
866,16
188,4
484,5
31,5
89,6
842,25
129,5
386,35
314,11
225,9
759,1
389,22
46,9
339,1
515,2
182,2
293,5
367,2
993,12
243,16
725,2
83,4
654,6
86,19
308,9
219,11
148,5
222,4
558,23
444,6
851,11
802,6
345,4
456,1
3,1
385,27
888,4
334,38
484,12
302,15
692,38
657,12
167,9
632,9
832,22
225,2
574,6
46,16
907,11
540,1
725,11
836,2
429,9
503,6
490,9
145,15
308,16
972,15
173,4
691,4
802,1
87,9
605,1
398,1
716,4
185,1
556,16
1012,5
888,11
410,12
484,11
855,4
89,16
40,1
167,6
225,27
867,1
46,27
339,15
250,5
857,27
475,2
722,1
775,9
833,2
318,1
468,35
219,25
454,10
24,25
984,1
395,15
87,6
380,12
531,1
0,2
916,16
383,1
630,2
1012,12
559,2
373,27
139,2
432,8
781,4
238,1
7,11
892,6
697,16
648,1
47,1
105,10
565,9
676,12
898,2
13,2
713,1
531,6
1012,11
260,16
887,35
263,5
346,6
991,1
596,12
561,38
485,6
414,2
472,5
41,16
846,1
315,4
633,1
996,35
118,6
725,38
229,1
426,1
416,23
787,8
454,4
183,5
612,19
81,10
479,4
355,10
652,12
84,1
726,15
655,1
417,8
491,1
916,38
149,6
334,2
559,16
235,4
914,12
917,1
646,10
904,10
300,5
411,10
929,6
51,35
821,16
201,5
661,12
572,12
130,27
337,8
155,1
69,6
365,5
94,22
59,16
726,6
84,8
417,1
491,6
420,10
973,12
223,8
600,38
121,5
874,6
963,10
581,12
272,1
399,6
275,12
1010,19
704,4
557,19
29,5
485,8
547,5
325,4
112,10
647,38
651,35
155,6
337,1
708,16
982,4
340,10
69,15
711,5
180,6
880,15
94,25
612,1
479,10
281,23
652,2
84,23
655,23
70,38
677,6
970,16
791,2
149,8
470,1
381,15
571,35
643,27
399,15
917,19
167,35
704,27
208,16
557,12
544,15
671,4
767,16
732,22
769,4
384,38
807,19
115,12
152,2
597,6
526,2
486,16
291,2
56,19
773,16
134,1
45,15
338,27
106,15
220,27
664,12
171,12
603,1
803,12
396,1
72,2
557,5
631,2
853,4
875,27
54,1
608,35
572,25
865,1
165,2
976,12
868,10
816,16
708,6
526,5
415,5
733,10
17,11
720,1
316,1
674,5
517,4
295,15
353,12
746,38
927,15
529,1
985,12
603,6
749,27
492,4
643,9
828,27
150,11
904,38
961,11
137,6
889,35
29,16
875,16
162,6
918,12
387,1
248,4
101,19
412,15
215,15
415,2
17,12
955,9
131,4
498,1
45,1
270,4
824,38
881,11
57,6
814,815
600,2
393,4
727,1
196,2
307,1
936,4
221,6
903,15
261,5
335,2
779,5
507,19
607,27
312,35
76,4
205,93
943,5
619,12
412,6
844,1
313,4
573,8
424,1
758,12
227,1
524,25
709,19
896,5
788,19
881,12
721,16
995,4
600,9
653,1
14,16
811,35
332,6
150,5
61,11
872,19
690,6
764,1
547,38
471,6
915,1
384,2
369,15
829,6
298,5
940,15
190,15
323,23
141,4
770,1
113,2
684,4
153,1
598,11
252,6
881,5
934,9
610,6
685,35
135,6
193,27
835,1
304,2
749,6
949,9
860,15
36,12
789,5
258,2
665,15
814,680
912,11
604,4
397,2
73,1
644,5
298,12
743,4
173,38
730,11
348,12
755,1
224,2
351,1
906,5
817,19
598,2
341,27
696,6
1005,4
92,9
845,16
206,1
600,23
502,6
342,10
71,23
364,35
518,9
996,19
246,27
872,1
999,6
468,1
530,4
912,2
384,16
865,38
480,4
151,12
873,38
323,5
126,1
681,1
277,1
706,11
524,6
906,12
484,16
230,35
598,5
31,22
289,6
771,16
314,6
132,1
959,1
746,5
949,27
71,12
589,4
537,38
243,5
814,1
194,12
308,4
419,27
644,11
422,4
505,5
965,12
876,12
52,1
755,15
891,2
928,8
527,16
302,2
487,2
931,5
203,4
845,2
314,1
746,12
68,16
342,4
253,12
453,15
71,5
993,10
811,15
885,12
243,10
996,1
651,19
814,8
379,1
552,23
626,2
555,2
444,8
584,93
802,12
160,10
548,35
805,1
456,27
716,23
385,1
955,35
188,5
941,12
817,6
484,6
1002,10
31,4
89,5
127,16
660,1
536,15
129,4
167,19
225,8
314,8
154,4
968,5
71,2
293,4
614,6
725,1
379,6
676,16
108,5
397,38
219,10
950,4
222,5
829,35
479,35
851,10
777,5
962,27
160,1
987,1
345,11
627,38
830,2
888,5
891,16
731,4
842,1
127,25
571,8
438,1
167,8
225,1
425,12
832,23
870,4
176,16
68,6
401,11
833,8
651,1
337,35
429,8
503,1
565,6
861,5
873,2
358,1
87,8
694,16
383,27
827,10
385,19
1012,6
245,38
617,5
413,16
894,38
31,10
127,6
571,1
403,38
646,38
904,22
265,9
512,6
537,2
315,9
775,8
833,1
454,11
737,16
259,11
688,1
195,19
87,1
642,5
296,4
830,12
432,9
966,1
53,2
753,1
845,38
349,1
225,19
7,10
46,35
599,27
361,6
130,6
500,2
105,9
565,8
454,2
256,5
975,19
151,38
886,1
355,4
997,2
873,12
466,1
13,1
624,16
380,4
263,4
670,11
529,35
124,1
606,19
164,2
275,1
386,4
904,4
485,5
964,38
1003,5
550,1
130,1
700,35
708,35
365,11
183,4
994,6
81,9
615,1
392,1
726,12
84,2
306,4
677,19
824,4
627,2
420,12
149,5
667,5
136,6
238,16
457,1
646,11
78,4
904,11
889,6
582,35
103,4
658,6
769,9
201,4
312,1
115,1
500,16
797,6
744,4
69,5
911,2
587,5
787,16
551,27
365,4
94,23
205,16
81,2
479,12
120,35
652,4
377,1
948,5
220,6
477,38
121,4
102,38
692,2
161,27
435,27
914,4
399,1
717,6
646,2
225,38
831,2
596,19
29,4
547,4
510,1
572,4
266,12
711,4
809,4
920,1
723,1
134,15
192,2
281,22
319,1
655,22
948,12
751,2
667,19
578,1
174,1
470,6
646,5
557,11
840,1
507,15
436,1
754,4
312,15
868,12
609,2
723,6
134,6
501,1
748,6
149,16
760,1
887,6
285,27
985,10
692,16
927,1
164,38
557,4
939,2
233,16
507,4
569,1
661,38
165,1
918,10
276,4
369,27
794,12
177,6
323,35
340,25
17,10
733,9
202,6
511,16
883,27
20,1
847,1
427,1
192,16
588,9
92,38
591,12
149,25
813,2
998,6
393,2
196,4
643,8
39,5
150,8
208,15
137,5
872,38
964,1
322,27
767,1
143,27
347,1
976,4
619,22
251,16
622,1
733,2
773,1
920,22
116,4
338,10
230,4
909,12
585,27
452,6
328,12
810,6
884,1
353,4
467,12
949,6
110,2
936,5
779,4
122,1
357,16
693,1
804,4
273,1
347,6
384,12
918,4
829,12
816,15
248,12
619,15
656,19
730,6
548,1
17,4
733,27
587,38
128,1
955,1
560,4
869,6
906,16
896,6
129,38
810,1
921,2
760,22
724,4
282,19
600,10
85,19
378,15
838,4
144,16
736,15
97,16
61,10
175,6
344,2
986,4
471,1
533,6
520,5
829,5
647,2
298,2
375,16
619,4
323,22
841,2
880,35
955,6
684,5
906,27
798,5
527,4
585,5
514,27
255,10
881,4
992,1
638,2
949,8
218,2
789,4
240,27
443,5
761,2
246,1
233,12
918,22
333,25
705,16
209,11
545,4
583,19
783,6
508,1
291,38
55,1
264,4
67,2
983,16
487,15
289,12
92,10
934,1
342,11
71,22
271,5
576,1
211,38
468,2
530,5
493,6
480,5
244,38
323,4
770,16
592,16
462,4
817,11
289,5
768,38
327,16
92,1
349,35
663,1
499,1
870,16
746,2
364,27
240,9
440,6
243,4
443,19
354,1
814,6
801,19
468,9
839,10
108,16
422,5
558,11
209,5
780,1
583,1
287,19
74,19
274,4
191,2
102,22
928,9
620,10
931,4
18,1
129,2
610,16
425,1
228,5
46,4
799,5
342,5
71,4
808,19
130,35
993,9
739,38
280,1
814,9
712,4
490,5
950,2
382,15
308,12
333,4
851,4
444,9
962,1
160,11
876,4
655,38
296,16
188,6
388,11
817,5
249,16
620,1
89,4
200,1
536,16
496,2
403,27
632,4
314,9
978,16
154,5
870,2
46,15
799,2
882,1
478,1
836,5
503,11
490,12
308,11
777,4
580,2
287,1
74,5
1009,19
113,38
277,27
888,6
660,9
953,1
438,6
167,11
904,16
154,12
870,5
808,1
243,27
207,1
814,27
562,16
836,12
639,2
34,2
343,12
219,2
259,5
62,1
173,2
691,6
87,11
469,1
534,5
481,6
617,4
506,6
768,2
314,27
371,38
904,23
7,12
179,5
895,12
1006,1
611,6
315,8
133,1
703,35
337,27
308,25
219,27
454,8
577,27
688,2
873,10
691,15
284,2
309,6
827,2
296,5
99,5
432,10
966,6
549,38
53,1
278,4
561,35
981,16
485,27
932,1
608,2
971,38
204,2
996,38
562,2
725,27
105,8
256,6
590,1
244,8
134,27
84,4
726,10
469,19
380,5
951,5
383,8
827,27
494,5
223,4
888,27
852,1
891,38
235,1
768,16
346,4
643,38
904,5
668,38
796,19
707,5
90,1
201,2
661,1
497,1
426,15
118,4
969,5
787,10
701,27
352,1
479,6
923,1
762,27
392,2
81,8
528,4
87,22
824,5
627,5
96,6
494,12
667,4
578,12
692,4
914,10
346,15
806,4
646,8
904,12
889,5
65,16
411,12
769,8
754,19
661,10
312,2
350,19
686,2
744,5
797,5
908,8
69,4
639,38
587,4
698,1
294,1
205,15
652,5
726,4
84,10
230,25
948,6
380,27
452,35
751,4
223,10
849,4
960,1
814,785
963,12
124,16
359,1
714,16
717,5
535,2
421,19
78,12
618,1
729,2
303,19
214,1
769,1
843,6
112,12
572,5
118,22
1004,19
750,38
880,1
402,6
538,4
488,4
677,4
627,19
257,12
331,5
149,22
171,9
245,2
689,1
63,15
927,27
396,4
803,9
606,5
495,5
557,10
297,6
371,11
967,1
312,16
597,4
177,12
911,19
291,4
609,1
402,1
205,1
994,16
316,4
230,11
159,5
217,6
760,2
887,1
467,1
124,38
985,9
714,2
643,2
535,16
900,38
97,12
322,1
964,27
236,4
347,11
298,22
619,16
656,38
177,5
1004,1
17,9
733,8
551,1
498,4
156,15
230,2
588,10
517,2
242,1
813,1
393,1
749,25
625,11
492,6
310,5
518,35
150,9
850,6
903,16
776,19
504,1
964,2
51,1
976,5
647,15
940,27
248,6
619,9
930,1
622,6
822,19
844,4
955,11
313,1
847,9
131,6
264,16
637,16
230,5
57,4
168,1
884,2
760,16
653,6
946,16
838,2
14,15
418,2
221,4
495,16
764,4
547,35
782,16
125,19
555,35
215,6
622,9
659,1
511,1
32,19
859,19
514,1
255,12
366,1
921,1
995,6
760,23
838,5
71,35
825,16
625,5
150,27
61,9
408,27
903,6
261,12
690,4
654,38
175,1
986,5
493,19
829,4
30,1
437,1
684,6
116,11
388,16
563,25
449,6
289,10
1005,9
292,1
542,15
749,4
107,2
364,38
974,1
443,4
354,12
246,6
122,16
503,38
357,1
804,11
493,12
865,35
311,5
298,10
616,1
461,35
409,5
873,35
212,1
783,1
508,2
936,786
990,16
77,19
784,785
934,6
132,4
406,16
998,35
342,8
144,15
271,4
329,5
808,38
589,9
900,1
258,27
518,15
283,1
947,38
912,4
493,5
1011,5
480,6
138,1
955,23
919,5
906,10
67,10
620,12
31,16
820,1
1002,6
53,35
289,4
992,16
203,1
635,2
46,2
672,8
231,2
240,10
58,1
518,6
169,2
996,4
246,16
465,1
194,10
468,10
839,5
490,27
308,6
740,1
209,4
320,1
123,1
965,10
234,4
805,6
274,5
595,5
299,23
373,4
102,23
620,11
1002,1
549,1
660,4
129,1
114,10
574,27
774,4
117,15
799,4
857,5
33,16
110,38
293,25
993,8
811,1
367,6
922,4
407,1
725,6
712,5
490,2
37,4
555,4
901,16
444,10
816,35
262,1
505,12
160,12
694,4
919,27
817,4
