198,786
125,786
682,16
460,25
813,826
117,8
389,19
409,826
981,4
946,38
697,2
899,785
204,22
169,12
478,6
170,735
280,9
465,680
83,9
582,93
505,786
34,8
269,25
972,19
383,785
111,10
666,8
777,11
120,2
962,25
187,826
901,735
866,38
210,15
617,2
484,15
727,93
781,15
374,826
89,12
877,27
373,22
806,25
493,786
848,815
618,35
265,6
157,16
621,22
733,786
147,38
293,11
648,22
426,19
229,19
947,2
538,38
205,735
666,19
154,815
642,8
298,815
172,772
410,11
213,11
143,815
183,786
111,826
849,786
290,772
81,680
206,735
211,93
466,815
103,27
414,23
452,785
952,772
440,35
591,680
689,826
562,8
448,35
999,93
654,23
379,22
750,11
860,735
737,22
441,4
576,815
852,735
231,772
306,16
951,15
916,19
630,1
99,4
869,93
49,815
263,9
781,1
432,11
927,38
235,11
697,786
493,772
117,680
575,785
979,815
374,9
322,35
585,785
621,8
221,815
384,93
648,4
133,9
207,22
924,772
118,2
944,5
673,12
105,15
451,23
241,2
612,23
44,772
478,735
120,23
670,772
344,735
987,22
1009,5
610,93
595,38
728,16
525,826
50,4
161,15
142,27
435,15
18,93
864,5
646,22
303,12
985,93
472,8
633,6
725,35
673,5
305,35
947,25
158,10
933,22
590,9
441,22
280,735
460,680
652,15
926,15
216,786
49,38
713,15
856,93
488,23
54,785
862,23
353,680
888,35
689,22
62,735
728,23
873,735
530,735
506,16
568,11
213,38
470,10
309,786
290,785
275,8
374,27
414,8
846,15
757,5
744,6
797,4
1001,38
513,2
148,35
169,815
701,19
389,786
999,786
637,11
711,772
250,680
160,38
342,786
309,16
518,826
960,2
337,815
998,19
766,15
72,23
272,4
491,735
238,25
75,2
665,38
939,22
43,93
483,735
104,93
621,680
214,6
306,680
472,22
954,12
189,785
47,25
251,15
69,12
362,6
880,2
809,10
612,12
498,19
631,815
133,826
119,12
751,12
328,25
789,815
738,19
973,2
356,4
176,93
998,10
1003,93
749,38
567,35
92,815
310,8
1010,9
739,16
939,15
482,27
1000,15
820,826
433,8
303,27
112,4
807,12
535,785
439,22
241,93
651,93
979,5
893,2
676,35
988,826
844,23
20,4
538,12
688,38
501,15
764,785
230,8
378,826
106,10
255,16
437,93
42,786
598,93
502,38
304,25
107,25
770,785
779,8
964,4
413,735
289,772
109,785
594,9
976,15
635,735
301,10
433,772
307,680
911,27
91,1
933,10
609,25
538,23
560,8
373,93
947,815
547,786
783,93
859,4
295,8
334,680
524,680
445,38
763,23
229,772
998,4
464,12
729,785
453,38
932,815
755,785
457,35
21,93
495,10
912,25
125,25
73,19
40,815
902,786
816,10
412,10
583,38
144,680
234,38
587,35
897,772
911,735
202,15
717,785
792,35
758,8
922,772
563,10
835,785
449,11
654,680
1002,35
751,27
588,2
699,1
970,8
400,38
517,10
257,22
428,25
981,93
603,16
1005,785
381,23
736,10
665,2
957,826
389,93
616,815
446,6
764,5
838,772
450,93
51,9
642,786
570,826
863,772
865,16
369,11
79,735
101,25
545,8
619,1
981,772
855,815
141,8
455,680
974,680
773,8
42,2
166,16
449,12
585,2
823,8
751,735
292,27
610,10
973,38
884,10
57,12
613,15
724,6
924,27
377,815
236,680
348,786
554,8
130,93
494,735
261,11
122,22
693,8
289,815
234,815
589,785
533,4
162,23
384,5
644,25
276,19
445,2
480,9
890,19
101,2
7,680
893,38
529,786
511,9
719,35
227,11
906,25
245,680
391,4
356,826
489,772
181,11
18,735
366,9
258,772
650,2
542,12
600,19
671,93
502,2
231,15
33,12
71,27
36,15
589,15
125,8
828,35
169,23
974,6
258,1
665,12
836,35
468,5
840,38
344,11
641,11
931,826
607,10
989,16
610,826
848,38
333,23
544,826
616,2
101,11
234,19
75,826
847,680
922,785
116,19
210,735
706,15
891,9
487,9
292,9
663,10
132,5
685,25
45,815
218,11
898,815
647,680
405,786
357,9
86,2
286,15
197,5
305,19
825,735
1008,9
293,785
807,38
267,785
222,23
792,826
1011,4
760,772
300,786
466,38
49,22
583,10
622,35
694,11
879,5
681,6
202,35
663,772
120,680
817,9
413,9
842,19
536,4
610,23
114,16
832,5
759,15
561,12
173,680
283,735
157,4
378,38
361,38
881,815
271,12
953,93
700,735
736,22
589,1
166,680
703,9
394,12
33,785
876,786
588,772
681,772
443,735
740,2
797,815
151,6
858,815
285,785
694,2
456,23
403,785
850,772
780,735
175,680
752,826
623,9
251,9
554,93
167,23
759,4
870,9
564,22
450,9
860,23
897,27
974,27
243,15
405,735
318,735
614,2
503,12
358,785
195,826
740,9
444,11
320,25
247,11
123,25
802,11
641,785
358,10
952,25
310,786
238,826
410,6
657,15
127,680
129,25
807,826
114,2
336,8
117,23
157,22
512,11
697,1
54,93
643,93
935,11
443,35
44,35
280,10
562,23
157,785
407,25
451,35
505,785
379,27
809,35
330,6
796,815
410,772
982,93
17,826
716,9
296,25
888,8
706,19
928,25
855,11
89,19
971,93
574,10
499,22
192,772
265,5
339,10
485,23
766,786
253,27
364,2
993,25
498,815
426,16
814,25
318,2
944,8
407,22
636,9
947,5
379,16
307,815
148,8
59,8
241,23
886,10
81,27
615,23
355,27
466,10
694,23
89,785
0,15
879,25
74,10
1009,10
456,12
185,5
630,15
188,22
225,772
904,735
405,93
321,8
272,25
864,8
849,785
578,826
560,785
522,680
959,38
363,735
257,772
442,735
207,8
725,16
318,5
800,772
158,25
858,6
34,27
947,10
358,826
58,815
330,8
975,23
444,16
997,6
615,12
392,22
299,680
87,2
605,22
987,16
553,16
1007,93
790,786
879,38
257,38
902,27
79,772
47,815
50,10
198,772
127,8
326,680
40,12
721,93
386,8
463,10
635,38
250,8
303,6
859,772
608,735
54,38
308,680
884,772
540,19
426,2
318,12
229,4
376,19
444,786
784,10
969,2
364,826
59,6
994,10
612,16
170,15
922,735
687,93
389,815
812,5
410,785
765,35
837,27
398,23
1012,23
481,22
559,23
445,8
855,22
50,5
396,25
506,22
988,8
606,22
662,772
349,23
646,23
889,2
250,19
910,680
472,9
843,10
754,22
882,35
145,680
575,4
633,5
26,93
47,10
266,25
949,772
291,19
1009,826
541,5
652,8
710,786
802,38
31,93
640,815
201,815
309,22
420,15
791,8
960,12
578,10
250,785
470,11
626,680
291,826
550,826
554,35
293,93
349,16
275,11
309,785
717,10
959,93
300,1
582,38
472,16
572,8
256,785
975,680
523,27
285,815
858,19
358,815
415,735
492,680
346,815
254,6
842,735
720,16
753,786
56,9
516,10
834,8
528,680
637,735
319,5
106,25
655,10
677,25
382,785
149,11
578,5
121,9
892,786
951,735
492,27
539,815
756,735
371,4
544,12
1000,9
618,15
124,815
507,11
701,10
312,11
884,785
852,826
765,93
383,826
205,6
316,15
281,27
945,12
146,1
257,2
99,35
171,11
396,6
128,785
932,826
1010,6
338,680
653,735
31,735
875,38
983,786
236,15
54,2
112,5
202,785
757,22
190,680
66,1
519,93
903,680
498,11
424,16
154,786
464,785
391,35
377,16
319,11
430,10
948,22
567,735
654,735
45,11
255,19
993,785
245,9
709,815
564,38
640,9
842,93
733,815
492,9
538,815
704,22
408,8
942,16
779,11
582,11
569,6
115,25
794,11
137,735
301,9
121,680
819,1
285,826
895,735
213,786
982,735
20,12
241,38
405,27
585,23
983,9
566,19
395,93
169,735
41,786
64,93
501,786
82,11
653,11
356,11
161,35
470,23
310,27
936,1
631,23
647,786
690,16
729,27
288,772
162,2
347,2
989,4
962,38
486,6
641,826
841,680
91,25
566,785
698,35
294,35
131,735
723,25
501,16
212,680
360,38
530,680
605,815
70,15
821,786
896,2
328,15
591,22
708,815
424,815
201,93
381,22
347,772
221,2
96,735
977,826
443,8
172,23
246,10
157,826
690,11
964,11
372,772
286,27
659,735
876,815
878,10
436,25
491,772
384,15
239,25
865,23
992,815
940,12
410,735
526,27
325,826
434,19
271,786
237,19
684,9
319,38
67,25
909,2
178,12
70,6
452,8
161,826
327,38
760,25
652,735
355,786
814,826
547,93
859,735
567,6
860,12
749,9
678,15
936,15
495,27
261,10
335,23
319,772
394,16
782,25
198,735
397,5
989,22
437,772
955,772
868,35
463,772
854,10
980,772
730,12
529,785
215,25
622,22
880,38
237,12
555,785
166,8
294,93
847,25
42,10
795,15
205,35
191,16
931,735
821,735
181,10
474,4
21,6
114,680
539,2
924,19
420,786
665,19
540,35
577,815
354,10
172,5
925,12
47,93
51,22
986,10
930,815
715,15
1007,815
333,22
209,8
138,4
912,772
126,2
880,93
952,5
224,6
277,4
249,2
360,27
657,27
14,680
896,23
114,22
721,6
439,735
21,15
389,38
799,16
431,10
453,25
147,12
58,4
80,25
61,25
340,826
197,4
471,16
915,19
609,826
333,15
613,786
685,826
725,680
777,22
583,5
930,35
90,772
694,8
952,12
805,27
681,5
990,25
404,785
153,23
462,11
817,8
980,23
709,10
319,93
752,772
200,22
823,22
842,16
574,22
43,23
478,785
65,38
450,15
857,2
268,10
802,815
773,772
722,22
59,826
135,826
946,815
858,35
696,826
821,93
604,22
382,11
937,11
666,4
886,38
529,772
55,735
940,826
560,35
941,15
388,15
191,15
299,9
868,786
983,35
289,19
623,8
218,785
991,35
425,6
244,785
561,4
46,11
746,8
799,6
498,826
305,12
639,25
72,785
108,10
692,680
950,1
972,22
555,6
666,15
247,10
671,786
841,35
348,680
385,5
350,785
207,680
423,16
619,815
966,16
89,9
532,826
95,680
167,15
560,735
43,5
336,9
397,15
117,22
907,9
618,38
895,27
897,19
722,8
903,93
688,786
925,16
357,35
945,815
429,11
543,10
736,826
915,38
861,8
222,9
1012,735
562,785
762,2
69,815
141,93
645,2
522,735
297,826
302,16
413,19
966,11
877,25
272,35
932,785
402,772
574,11
225,5
904,19
499,25
154,11
704,38
265,4
525,8
7,16
747,786
552,772
44,27
480,815
207,2
562,15
394,38
750,6
343,9
552,9
256,11
184,35
972,4
241,22
24,23
975,9
425,786
62,4
192,35
392,16
138,35
691,11
123,22
109,23
916,22
1009,9
385,23
420,19
223,19
481,27
961,785
447,826
673,815
546,23
140,735
572,826
593,16
222,786
756,15
613,93
776,815
65,2
176,11
217,772
253,19
658,25
1006,4
130,11
562,6
340,680
676,2
128,93
181,786
701,6
901,9
886,2
81,19
688,5
395,2
160,19
987,19
553,23
419,735
332,735
367,680
99,6
337,826
926,772
263,11
874,22
191,35
359,23
852,5
127,11
781,826
818,4
599,23
339,27
658,16
90,5
932,12
1006,15
868,735
902,826
758,735
44,9
942,93
729,93
503,19
216,8
676,9
949,826
256,25
562,826
45,38
926,10
992,93
331,19
424,826
204,680
902,19
849,15
526,735
321,25
142,25
768,19
606,23
571,19
632,35
300,11
228,35
873,786
103,11
766,772
433,27
550,5
399,826
236,35
240,38
993,35
404,25
497,6
459,772
118,27
465,93
340,1
784,2
286,93
988,815
590,15
94,16
96,772
745,38
514,38
791,11
578,11
336,93
728,25
927,22
161,6
553,772
143,772
717,9
368,19
774,826
917,12
939,19
39,680
742,19
669,785
889,10
618,5
250,27
929,25
434,815
275,785
222,93
872,93
486,27
69,1
50,680
822,10
948,772
551,23
205,12
244,25
870,680
923,27
392,12
637,9
624,2
380,22
751,1
758,93
230,785
232,5
871,680
694,786
1007,772
539,735
301,22
102,772
963,815
127,772
1009,93
720,8
684,38
405,8
723,5
282,735
501,4
32,10
566,6
107,815
474,38
788,4
664,10
96,23
367,785
1011,680
260,10
460,815
149,19
242,10
689,6
48,735
874,10
448,815
985,5
568,27
128,786
954,735
421,25
939,1
850,19
838,785
270,680
913,772
236,8
437,815
228,786
653,815
548,16
714,815
641,815
362,15
288,12
609,6
20,6
94,5
662,8
738,815
168,785
113,25
45,10
136,826
305,786
710,772
655,27
51,680
677,10
328,2
898,735
810,16
886,815
338,785
174,12
708,826
825,2
20,815
421,2
544,27
686,785
818,35
359,815
690,22
363,680
769,16
201,35
347,12
458,25
647,19
597,10
634,772
249,815
753,772
994,38
560,10
320,815
156,10
341,2
255,27
788,10
257,19
684,785
899,9
760,12
776,785
406,11
136,38
263,93
653,10
82,8
285,16
529,4
14,11
234,680
625,8
897,35
230,826
275,38
39,1
738,735
26,22
137,9
853,8
122,2
782,12
142,826
40,785
239,19
77,735
189,826
79,15
905,12
871,35
412,4
895,786
326,11
237,25
609,16
310,826
687,6
357,826
429,786
413,35
514,5
199,680
718,680
847,785
424,772
558,785
478,826
464,5
339,93
359,38
196,15
567,8
110,6
518,25
773,815
649,785
794,785
335,9
246,11
266,93
356,735
820,785
927,735
507,22
878,11
437,826
276,22
190,9
941,815
635,786
375,23
1001,9
730,2
890,22
780,25
894,785
733,23
128,5
55,15
648,785
331,815
847,19
136,815
674,16
252,4
823,10
402,815
721,11
120,772
636,815
13,786
675,19
803,38
33,9
378,11
231,16
645,680
413,680
382,23
607,15
572,35
695,680
167,772
369,2
975,38
667,785
480,11
248,23
943,9
819,23
659,11
677,93
237,11
511,11
684,1
280,786
388,19
194,680
191,19
620,25
983,23
514,23
590,826
510,735
756,38
167,735
721,12
978,735
481,93
230,815
637,826
376,735
46,680
33,2
105,826
144,11
860,4
231,9
971,11
421,38
443,25
799,785
549,826
986,11
73,4
422,15
49,19
177,38
854,2
434,2
163,23
128,19
237,4
348,9
437,23
894,4
18,11
970,35
954,786
919,772
349,38
888,680
978,35
502,27
799,19
531,772
144,2
218,9
589,6
58,5
700,15
614,22
872,6
372,786
175,16
530,1
718,16
740,5
671,815
305,735
323,8
126,10
642,35
200,786
594,735
188,12
462,8
67,15
527,22
657,19
289,25
574,23
265,16
229,815
564,9
268,11
219,735
218,16
401,27
308,772
723,680
336,785
759,772
116,826
379,15
641,27
510,93
737,15
718,27
1011,15
64,772
980,786
330,680
592,11
350,815
757,826
388,8
691,826
546,11
360,10
267,35
380,680
509,12
936,93
521,772
499,10
157,27
586,5
531,786
453,10
369,93
190,93
925,22
105,16
748,735
934,785
630,735
187,35
480,23
151,25
207,826
354,785
545,35
447,8
711,815
123,27
783,25
472,785
987,15
952,27
163,10
916,1
212,25
913,10
519,786
521,10
461,785
559,680
726,93
213,6
198,785
768,8
731,2
92,19
954,815
724,35
907,8
907,735
283,786
857,19
710,10
475,10
993,6
80,15
922,10
924,826
944,19
601,22
654,8
712,15
674,785
950,25
57,785
383,786
314,826
386,786
226,680
170,16
297,680
455,826
335,735
85,680
64,786
123,16
585,93
232,735
160,6
642,12
695,826
534,6
347,680
645,1
383,25
849,27
373,19
528,785
210,10
486,786
966,8
70,93
753,10
771,10
644,772
646,735
956,22
225,4
632,15
460,19
45,785
981,735
672,16
506,772
394,826
697,8
201,19
293,8
58,25
542,815
445,786
83,19
33,826
747,8
215,93
552,10
18,785
256,12
534,772
701,12
259,9
811,826
425,785
946,680
926,25
505,35
716,2
1009,8
774,93
410,22
943,735
85,93
359,25
623,38
164,25
369,826
189,15
389,2
707,27
943,785
176,12
231,35
1003,10
821,15
550,8
678,93
794,35
390,35
636,2
193,680
871,19
947,12
822,38
880,25
701,5
666,25
170,2
784,735
306,15
553,22
420,27
666,735
919,35
296,9
78,826
223,27
741,15
28,27
728,12
302,35
874,23
766,25
857,680
125,826
235,12
509,16
953,23
238,11
682,8
855,27
756,23
225,22
522,4
796,16
762,826
818,5
361,9
325,19
608,6
112,27
917,772
797,15
784,12
858,15
269,1
162,93
1002,735
935,815
537,785
57,735
81,11
355,11
427,35
504,772
926,11
589,680
109,8
914,786
521,38
624,735
860,93
991,15
956,35
793,12
831,27
742,25
671,23
892,27
697,35
643,785
368,786
633,11
764,93
730,93
432,680
307,772
159,815
698,2
551,25
294,2
116,38
561,826
82,735
84,15
195,4
748,22
713,12
655,15
586,735
988,735
627,9
884,35
630,22
460,826
838,35
766,11
237,786
754,786
99,826
171,786
482,4
546,826
618,735
124,786
270,735
967,15
366,772
807,27
315,19
575,15
408,826
686,6
633,12
376,35
581,815
216,23
1004,16
108,93
711,10
56,11
202,22
934,815
901,680
205,11
479,11
924,735
248,93
945,9
358,38
857,786
837,11
566,12
914,772
146,4
517,19
664,4
973,6
960,5
745,785
998,22
121,15
911,815
914,1
199,9
347,826
78,16
831,9
189,19
1000,11
729,6
214,5
967,4
164,826
510,10
754,6
812,93
830,772
461,9
409,35
979,1
686,9
855,772
451,15
17,19
180,12
958,23
7,786
999,772
50,93
750,815
531,35
810,22
611,772
442,12
902,5
741,35
260,11
135,35
500,826
393,27
103,826
513,826
72,1
988,23
237,772
310,15
470,27
1010,4
97,15
723,815
524,772
412,826
586,93
507,2
643,772
143,16
439,19
386,12
387,25
152,8
375,11
56,25
609,5
649,4
498,9
501,12
230,15
639,735
395,38
305,785
217,10
219,826
881,19
788,12
41,815
149,27
542,23
924,9
727,9
492,11
182,93
937,735
421,1
131,826
186,16
850,11
668,6
172,35
942,22
690,23
248,735
211,8
929,35
807,6
937,35
350,8
315,38
930,2
434,680
641,93
128,8
936,826
536,735
476,19
61,785
427,4
742,680
999,826
796,785
179,785
899,8
406,8
512,93
489,25
714,9
453,35
34,785
514,772
880,785
492,2
421,10
26,23
289,786
989,2
644,22
790,93
152,22
575,35
209,27
30,27
486,4
251,23
434,22
692,826
91,27
381,680
326,8
1007,25
792,38
141,12
973,815
806,680
743,786
391,19
32,16
640,735
992,8
591,16
295,2
245,25
322,786
14,19
417,826
329,22
554,12
3,680
261,15
446,5
357,27
504,12
654,35
603,735
197,23
569,22
843,38
276,23
920,680
79,23
445,680
262,38
1001,8
656,8
51,785
469,93
684,11
775,785
591,786
351,25
410,38
391,8
32,23
752,785
18,22
788,25
400,16
992,15
683,735
924,22
449,772
174,38
542,8
378,8
33,8
640,16
1004,785
13,785
489,11
589,19
789,6
107,1
665,8
701,815
811,25
540,38
26,25
905,826
357,4
341,826
51,19
275,826
493,15
520,10
792,815
98,10
480,12
462,826
943,8
212,6
819,22
893,35
126,25
351,6
687,23
529,93
983,22
624,93
992,6
561,23
635,8
724,8
502,1
615,785
268,22
489,12
218,15
878,785
240,16
863,8
989,786
882,22
703,4
579,10
669,735
599,680
764,22
533,10
202,826
829,25
558,2
817,786
88,19
163,22
220,93
166,1
404,735
919,8
521,22
850,785
316,35
706,10
619,826
1002,27
657,25
721,4
336,38
724,23
65,35
193,22
650,8
157,8
543,786
875,680
676,815
948,735
329,9
789,8
293,19
811,23
80,27
333,786
833,38
1003,815
858,38
626,10
244,35
262,11
248,38
447,5
765,10
879,6
755,12
3,19
666,772
238,815
462,9
941,735
212,785
305,815
413,6
894,12
129,12
167,27
959,15
635,6
448,785
841,785
474,785
271,9
182,11
882,8
492,93
993,11
974,23
811,12
443,22
703,10
689,786
465,5
156,772
31,680
505,772
179,93
532,735
901,19
65,680
941,786
212,19
123,5
802,15
450,815
215,38
913,16
52,15
127,735
844,35
592,12
462,16
210,25
782,786
731,12
71,772
403,25
722,786
870,12
525,735
450,4
417,735
215,772
115,93
614,1
318,23
836,27
601,12
712,9
641,680
237,93
679,10
42,93
614,826
441,680
944,786
101,35
247,4
49,5
874,735
89,772
914,815
115,772
114,772
172,786
410,5
249,27
926,785
909,93
623,19
114,1
243,786
925,680
799,9
910,4
364,6
367,11
922,11
281,815
946,735
1003,786
654,9
416,2
34,4
808,772
419,15
682,680
294,680
975,2
851,16
615,27
941,772
355,23
395,22
231,786
694,19
420,22
719,9
131,93
28,6
709,680
142,10
56,786
660,22
934,38
129,23
574,9
297,35
722,772
499,27
120,815
928,785
981,9
393,93
910,15
414,16
470,93
821,5
58,38
477,826
866,772
83,735
923,826
429,2
747,11
676,5
536,826
385,786
480,38
62,10
851,25
464,826
834,35
854,38
251,680
13,9
110,680
21,815
481,25
704,826
617,15
985,38
89,25
839,786
329,93
348,815
593,22
349,2
460,11
995,93
153,815
959,35
300,23
961,93
669,772
150,93
250,12
621,11
618,22
492,815
201,27
350,35
315,15
540,23
44,12
118,15
333,815
673,15
620,786
858,5
34,22
750,15
365,19
220,826
701,4
392,25
247,19
790,785
455,38
612,785
888,25
445,12
926,735
50,9
235,15
877,9
164,1
953,22
203,38
646,19
723,735
278,25
427,772
228,38
1000,23
103,12
910,25
452,772
732,9
87,680
257,786
868,22
135,785
337,23
982,10
1004,35
148,25
994,9
170,10
120,27
123,38
713,10
179,815
342,772
54,786
107,826
367,772
960,8
171,25
744,826
265,826
893,785
803,25
568,8
346,1
551,826
864,25
297,22
596,11
707,8
485,15
433,25
179,22
90,10
843,15
719,826
575,1
957,27
673,25
819,38
565,27
162,680
969,8
254,2
56,5
476,8
973,785
540,815
542,735
834,12
923,4
192,10
155,772
602,16
331,10
421,735
684,815
578,9
559,25
763,15
728,27
927,16
965,786
417,772
568,15
396,19
657,815
633,19
246,815
868,4
597,680
362,27
513,6
736,735
239,772
916,815
441,35
994,27
81,4
541,27
945,8
357,772
377,11
602,27
951,22
352,786
702,22
633,826
356,25
800,10
692,8
985,2
603,8
567,38
128,680
363,815
568,22
72,27
535,25
186,15
276,826
939,10
631,5
317,93
322,8
547,10
1006,38
26,772
893,5
183,16
720,10
612,8
405,22
649,2
738,786
83,826
745,22
498,15
703,772
70,25
788,6
517,27
994,815
791,27
813,10
407,786
744,815
529,8
714,4
1008,735
698,826
890,735
779,23
211,2
964,25
273,16
989,15
954,19
204,35
41,12
298,735
188,786
942,785
594,10
562,35
721,772
965,38
141,25
180,735
783,35
538,8
847,6
443,785
498,6
634,4
834,25
119,1
82,786
798,19
180,785
380,38
197,680
217,9
218,815
148,826
721,38
995,22
135,27
211,772
247,680
36,23
236,772
554,27
442,785
332,16
719,4
495,9
335,5
283,35
397,23
747,826
807,1
274,815
594,5
940,25
544,786
816,23
743,25
633,38
819,2
893,23
288,5
286,785
180,19
825,815
486,2
901,93
649,12
796,786
983,10
159,9
788,735
400,35
810,25
690,786
140,93
452,735
288,680
880,786
678,16
147,680
739,2
208,5
631,16
579,22
853,22
211,16
103,38
397,16
878,6
26,785
152,23
79,9
743,22
819,11
855,786
473,16
642,93
958,9
634,22
82,772
504,815
449,15
140,786
452,12
417,38
699,5
992,9
385,93
683,786
610,15
425,38
462,93
211,735
283,826
304,11
416,815
381,19
589,25
240,680
665,6
739,11
523,826
122,11
983,826
693,11
197,22
971,786
863,735
743,15
1001,15
619,5
659,4
865,815
662,19
864,785
224,11
424,8
494,826
723,35
45,680
150,680
719,38
321,93
116,9
731,35
613,11
722,815
542,9
924,23
33,15
431,1
955,680
116,815
727,786
46,93
801,2
344,8
622,735
804,9
715,11
844,826
422,10
98,11
940,6
669,11
545,5
28,815
712,680
470,680
952,1
437,12
96,93
920,735
977,15
667,93
869,9
631,772
926,826
798,15
102,680
620,27
585,15
833,735
360,23
270,25
970,38
363,2
737,785
721,2
561,22
714,35
218,12
678,5
589,11
860,6
665,16
169,27
974,10
736,785
1008,22
224,735
616,6
890,38
412,19
166,6
153,19
49,735
193,786
32,38
487,5
197,826
400,15
18,9
1012,815
702,27
921,22
425,25
502,25
395,772
638,15
968,23
378,27
515,23
736,19
789,23
440,5
574,680
350,93
290,680
283,4
767,35
1011,8
187,23
558,10
151,5
317,680
599,785
447,4
545,23
176,772
583,6
952,15
309,35
310,772
830,16
704,735
706,2
565,786
252,19
696,735
255,38
403,19
956,11
496,10
43,8
43,735
186,826
258,786
979,785
675,8
472,35
91,772
182,8
789,16
58,10
679,785
846,35
271,8
133,23
209,772
779,38
394,8
430,785
358,786
235,772
736,815
533,27
1008,4
679,12
292,786
222,2
645,786
311,22
629,23
937,8
579,735
943,38
598,786
765,2
379,772
198,27
951,38
348,25
370,10
595,8
830,27
593,815
617,27
598,23
546,9
527,25
929,826
731,15
289,16
402,785
956,2
99,786
117,10
724,38
707,38
874,826
943,772
981,6
176,25
1003,25
515,5
808,25
145,786
811,4
722,12
957,680
80,10
351,786
467,826
182,772
330,27
241,25
790,8
883,35
24,12
43,815
64,680
173,10
394,735
234,8
287,6
714,680
592,4
457,815
521,8
868,772
370,5
410,2
84,93
673,786
413,23
806,27
117,19
978,10
907,10
339,9
818,22
160,826
624,772
895,4
517,786
540,2
922,8
376,2
784,25
34,5
587,25
552,5
1009,786
646,772
259,2
133,735
81,38
634,826
420,23
664,35
496,826
849,25
888,12
559,4
212,815
670,25
139,12
321,11
272,38
933,772
129,22
900,680
278,12
928,786
176,23
485,19
411,38
450,23
599,2
821,4
843,27
185,815
475,5
404,15
999,35
910,785
837,735
639,8
750,5
950,22
898,8
916,735
538,35
385,785
975,10
353,815
441,6
615,19
961,680
997,25
392,19
984,2
556,8
132,93
426,680
997,735
375,735
637,680
450,680
571,6
511,785
756,10
463,9
413,815
303,5
197,93
253,16
863,93
404,22
318,9
266,19
503,23
861,23
148,19
241,12
294,22
43,786
762,19
724,785
528,12
817,815
414,826
146,25
534,22
494,4
223,5
321,5
803,19
931,38
146,735
806,12
698,19
935,93
991,735
939,38
793,9
996,93
599,16
983,735
929,12
604,93
514,735
571,786
475,19
242,826
938,815
922,680
812,772
688,826
393,772
636,27
840,785
947,23
216,11
362,22
469,786
271,815
219,22
347,93
554,680
866,93
152,93
541,8
997,11
195,1
748,25
68,785
146,16
96,5
39,735
496,815
223,2
689,16
430,93
359,9
161,2
604,786
272,11
75,11
275,6
793,735
574,35
334,772
831,5
62,680
214,9
840,19
732,1
570,785
633,9
390,19
177,19
711,15
679,38
476,9
441,25
541,1
210,93
338,38
195,6
858,785
566,11
984,23
824,11
751,5
553,6
366,93
41,826
1011,735
849,5
578,6
902,9
852,22
356,19
581,11
321,23
965,785
124,23
568,16
1005,815
714,19
238,27
386,22
406,680
685,93
742,22
160,680
233,38
140,9
303,16
203,785
312,8
957,19
633,735
686,4
66,11
822,9
1004,735
311,815
169,786
153,35
834,4
891,93
377,10
947,735
637,6
945,15
695,785
899,23
800,11
232,8
285,2
985,1
621,93
713,735
603,11
606,4
803,6
661,786
903,35
411,27
322,9
359,826
433,10
929,23
510,8
239,1
274,826
594,16
169,93
597,5
190,16
763,680
251,735
911,16
418,785
937,826
627,786
131,25
775,815
427,8
997,38
836,815
356,772
488,10
824,25
860,815
588,735
257,6
353,10
813,9
282,6
174,8
529,15
838,19
803,15
532,12
625,19
936,23
917,27
186,23
497,93
813,772
208,8
408,5
368,4
318,93
421,6
360,680
968,93
804,22
54,6
515,93
311,38
279,25
669,38
673,35
982,23
306,815
822,27
551,6
291,10
649,10
634,5
854,680
861,826
625,785
939,772
464,10
852,35
924,11
727,11
70,735
416,786
72,10
418,10
769,786
806,35
149,735
648,93
336,826
850,9
560,815
779,15
211,10
446,25
48,19
233,25
177,772
165,10
954,27
298,16
279,22
816,8
742,735
98,680
597,23
770,12
534,93
113,23
227,27
563,8
998,772
360,35
983,5
159,8
859,27
178,22
341,15
536,38
147,826
205,815
664,27
517,12
479,826
118,772
800,16
85,10
896,772
381,25
739,5
315,826
523,772
211,19
319,786
582,6
178,815
782,19
233,2
343,93
471,8
0,786
843,35
493,27
458,15
700,680
609,786
975,93
705,6
298,27
979,22
890,10
545,10
1001,5
692,772
415,10
254,38
473,23
1007,27
424,2
248,785
119,22
983,2
586,815
751,38
879,93
934,23
95,25
759,38
317,15
924,25
154,38
428,22
582,772
603,23
949,15
532,25
359,35
110,5
592,772
443,12
675,786
51,12
628,786
794,25
940,8
707,815
483,2
190,12
927,786
765,680
162,735
622,19
274,27
511,15
795,10
563,22
305,826
875,815
894,25
289,11
487,22
810,8
721,8
223,93
518,786
613,10
742,93
924,16
856,785
746,16
727,22
268,25
144,23
567,2
971,23
147,2
1010,38
900,25
576,10
703,25
498,735
465,16
564,772
999,8
84,785
604,5
754,35
644,6
311,10
98,8
922,93
975,35
669,10
943,10
30,11
163,19
437,11
458,826
990,19
61,826
316,38
299,38
931,22
18,15
493,815
132,27
206,6
724,10
870,25
597,772
746,27
48,826
68,35
231,10
821,38
72,38
788,815
329,6
147,11
421,35
925,8
799,786
999,1
430,772
286,9
605,735
471,23
73,9
440,772
1011,2
422,2
151,15
209,12
962,15
212,15
602,38
692,785
841,12
551,35
718,785
701,93
459,11
370,25
191,5
929,815
487,4
345,826
474,11
129,9
365,680
520,785
774,12
478,786
685,735
411,93
567,16
71,15
329,15
185,786
147,16
703,15
996,27
543,27
428,735
268,772
382,4
310,735
386,772
1011,11
333,11
223,735
437,786
635,826
886,35
376,93
637,93
711,826
716,25
55,23
645,19
370,16
64,5
980,19
546,15
964,735
547,826
992,22
496,11
386,38
991,38
759,735
185,93
580,680
265,680
13,826
1003,35
586,25
857,6
787,815
715,826
182,9
611,19
978,786
150,38
445,772
197,9
931,815
1008,5
516,38
629,22
480,19
318,680
873,23
72,680
52,9
987,11
839,735
879,9
350,786
21,786
462,22
869,35
302,10
546,6
660,2
92,23
590,786
685,6
672,5
710,22
52,815
499,786
405,815
80,11
135,815
669,680
379,25
537,826
419,8
220,815
562,786
997,22
524,93
505,22
160,2
234,9
52,16
805,9
296,23
521,15
663,785
595,16
28,9
546,1
267,93
489,93
914,38
716,772
164,22
771,6
809,772
536,23
525,11
46,22
33,35
827,815
517,785
166,735
722,4
922,9
977,735
170,786
137,93
978,772
451,38
552,6
861,4
256,8
111,16
476,38
577,2
975,12
120,8
959,680
580,9
962,19
858,826
395,8
3,8
792,25
223,22
166,35
78,815
578,35
210,9
373,16
321,10
598,38
432,19
963,16
235,19
753,15
117,27
389,6
621,16
399,93
475,4
526,93
503,25
969,27
256,15
935,826
241,10
701,9
519,6
441,5
898,9
444,22
790,27
886,15
59,15
383,772
528,22
160,16
951,12
185,8
494,2
331,25
188,19
226,785
778,680
963,25
546,19
124,11
235,8
695,11
716,826
953,19
312,826
756,11
384,786
149,680
557,38
189,12
997,815
460,5
176,15
359,785
585,735
782,35
821,12
90,6
943,786
672,735
339,22
70,785
537,10
497,8
280,680
266,16
1004,38
343,2
809,16
239,93
294,23
936,680
59,4
612,22
923,8
984,10
123,35
0,27
553,27
146,22
719,25
849,10
991,772
63,16
321,4
798,93
864,4
717,19
349,25
1003,4
217,785
658,12
325,16
290,735
224,786
226,10
461,27
390,25
232,680
581,826
943,93
565,16
819,35
415,35
516,1
148,27
318,826
412,93
488,22
827,16
739,735
370,38
629,735
928,35
893,815
285,15
582,815
359,8
695,25
698,815
550,772
864,27
277,826
704,15
522,10
560,772
282,93
265,35
90,8
325,25
552,680
201,11
976,25
668,826
343,16
17,38
536,785
479,15
832,786
392,9
319,27
159,23
365,735
813,22
171,16
63,6
357,735
672,826
285,8
235,680
1004,826
252,93
457,9
94,680
186,2
917,8
316,815
100,25
118,680
140,10
125,15
143,15
130,16
645,735
575,8
372,35
546,680
893,735
527,735
254,11
551,19
920,2
405,11
904,785
834,5
969,826
763,6
874,15
232,9
603,10
564,93
783,680
988,27
697,815
238,35
510,772
661,785
97,11
939,12
189,16
687,785
140,1
433,9
768,815
325,11
840,2
436,2
398,772
954,22
438,826
204,38
629,93
510,9
423,772
226,23
979,2
390,2
708,25
50,786
17,16
490,93
933,2
660,785
678,826
129,735
920,9
701,38
511,735
723,9
725,826
355,35
119,10
527,35
674,8
309,680
988,680
242,6
353,9
813,8
245,11
998,12
893,826
107,38
381,6
881,786
421,5
646,680
243,93
208,9
779,9
466,772
31,785
178,826
125,1
233,23
767,27
805,826
572,27
807,10
276,5
204,93
152,11
775,93
155,22
375,4
526,11
486,9
513,22
473,4
476,23
42,19
684,25
248,772
377,27
32,5
820,38
948,19
343,826
983,15
382,772
13,93
591,15
993,735
867,815
464,11
14,4
825,6
754,826
39,4
576,38
921,826
26,11
137,4
946,786
782,9
32,680
30,786
930,772
162,4
769,735
705,12
448,19
301,4
214,815
17,2
606,785
609,19
259,93
722,680
778,93
745,6
391,23
983,4
178,23
270,10
881,9
257,23
517,11
886,826
887,23
282,9
338,772
856,772
378,5
196,12
161,38
985,27
237,680
73,786
739,4
335,12
467,786
798,826
530,25
51,6
73,680
609,785
385,815
903,772
705,5
545,9
323,16
88,1
141,9
965,22
515,772
128,2
20,16
573,6
847,22
248,786
687,2
524,27
563,16
501,27
86,785
894,680
363,22
457,93
884,9
834,815
65,93
542,4
651,815
63,35
655,815
603,22
724,5
836,735
915,735
91,826
600,11
536,93
258,9
665,4
295,826
946,772
782,27
604,15
465,785
463,826
634,786
176,785
51,786
967,815
326,6
128,25
1007,35
718,772
166,10
866,11
313,19
758,5
55,11
76,826
687,11
743,772
798,735
711,735
178,9
585,4
142,35
938,23
861,772
474,6
696,1
331,38
774,19
282,27
489,8
714,38
860,9
825,25
589,16
221,22
314,680
776,8
673,93
504,22
305,27
86,10
471,25
435,680
607,11
915,8
937,27
718,10
187,27
79,25
483,10
447,16
819,27
490,786
770,22
111,680
274,19
866,2
856,735
156,19
107,772
788,35
292,8
992,25
366,19
203,8
208,93
650,12
425,22
615,786
377,826
307,22
218,10
515,16
789,12
419,785
169,25
776,15
133,35
712,23
471,22
382,2
293,786
60,680
683,93
669,2
320,10
447,25
505,2
913,27
508,25
163,27
972,680
55,25
274,10
459,10
277,15
977,6
795,27
945,93
344,815
623,1
92,2
610,22
832,4
157,5
488,815
567,19
515,25
326,786
882,12
900,8
394,15
382,5
915,22
669,27
138,8
447,6
285,786
752,4
570,23
681,8
183,93
792,5
717,815
617,16
526,815
966,27
604,826
695,38
699,35
849,815
21,19
518,772
43,10
978,22
445,93
176,735
450,8
895,16
169,11
318,19
564,786
105,19
311,16
848,10
558,19
155,815
119,93
727,680
13,27
90,735
215,35
569,826
163,9
534,8
1009,25
645,27
348,27
223,35
299,12
191,10
