1636,1642
1173,90
1199,64
1699,62
960,71
1025,83
603,75
1729,93
1213,100
439,39
210,1667
379,24
308,20
878,50
290,1665
426,1679
1202,70
1294,1678
1829,59
159,53
661,633
955,58
1273,43
479,1670
1194,1672
1312,633
1353,67
1444,110
472,132
1157,1807
381,1698
997,1666
304,39
1635,1656
1482,1672
140,1807
182,24
1140,1656
472,1678
124,1665
1743,104
1435,1667
332,1654
1307,1654
1369,29
1541,37
784,1663
1945,82
1159,56
1456,1
1455,75
1095,80
959,1666
285,35
433,154
1924,66
895,190
1285,1672
1790,111
1331,70
1631,51
1813,60
1264,35
1357,80
74,239
744,17
652,138
1444,190
1850,1807
1584,107
1177,1675
1184,1807
1475,1654
558,36
333,633
1390,91
1597,65
535,1632
1893,64
1273,53
521,56
405,103
599,1671
230,196
675,89
1909,64
399,633
1576,83
1077,132
1849,91
553,1670
1107,43
1395,1675
833,24
1646,106
485,107
729,95
178,239
1189,1671
0,109
1582,56
1396,75
1362,39
373,112
413,79
664,51
1490,131
919,63
869,70
634,87
817,1693
838,53
491,154
1287,138
225,42
974,1667
612,1666
207,110
1094,1680
742,1797
1374,26
1379,1676
2,82
204,58
1554,68
379,36
1448,39
1708,43
1202,106
525,1665
605,105
682,108
1717,132
927,20
361,101
1560,65
488,1659
1413,99
756,26
1053,28
478,90
1255,64
1403,91
981,33
250,29
839,71
1922,1665
693,1693
1929,29
1838,65
863,77
974,64
962,1678
505,73
373,66
500,638
691,101
1884,37
229,233
707,1807
1723,97
1153,67
1548,1632
1926,1642
518,63
761,90
1480,1630
174,111
503,79
656,154
1021,1678
1635,80
1139,23
325,1
937,633
443,90
669,82
1725,63
1228,633
1910,101
1802,82
719,70
847,61
1423,1092
27,1698
1543,233
1731,89
1764,1660
1326,69
1148,61
193,59
1300,1632
779,19
1722,633
1060,96
1583,1698
1339,1807
718,36
1844,190
1014,37
266,53
526,1
1887,1666
587,53
419,1671
1986,91
902,110
560,17
869,233
1111,638
1871,190
1469,32
1622,110
168,20
3,85
1921,39
653,19
227,1693
339,77
1877,20
1290,94
258,61
740,233
1352,1665
443,104
1954,24
1900,42
656,39
124,1797
1283,66
1030,39
1323,43
1352,1663
1775,33
545,239
1316,26
251,138
1780,1639
659,99
1856,63
312,1676
1359,100
1252,98
1380,63
257,29
1694,89
616,196
910,80
1945,1233
307,61
200,65
1963,104
1603,1
564,1671
687,1672
1835,1678
1942,28
1194,54
1400,73
27,59
1298,24
354,1654
853,1670
752,1677
13,85
1851,67
1028,64
1354,1641
1281,97
572,196
1436,1675
1699,23
224,1678
946,17
730,1672
1924,26
1069,1639
1858,1654
1419,1656
1128,1659
265,71
855,190
415,103
661,1659
1431,107
1165,59
431,1673
440,1654
291,58
1583,101
1343,42
564,131
1960,108
1209,82
1518,196
92,54
1359,106
1215,108
564,50
991,93
1549,119
1531,56
1575,77
347,17
164,1657
1626,39
1406,109
195,69
604,1797
1209,1693
128,26
1126,28
1180,106
1056,56
1314,138
620,31
13,71
731,36
1602,79
1820,58
1894,17
1036,1641
1438,59
853,1657
174,42
157,50
1516,97
1398,69
280,633
828,1807
908,75
693,17
216,1675
1394,190
1340,70
1250,196
1125,62
173,35
1421,131
407,1675
1407,110
395,233
790,1678
921,97
877,54
378,1656
1930,132
1053,83
689,94
1986,239
226,91
1567,1760
189,69
337,196
712,24
1744,69
1002,1092
145,39
1547,1672
454,43
258,1642
1612,196
1207,90
677,65
1838,1666
494,93
1056,54
360,1
1358,77
457,119
1023,1676
188,1807
684,132
1102,86
496,1668
1971,61
1265,1698
832,1673
900,1663
1350,101
1151,138
1461,110
1687,190
1620,131
210,26
1205,105
267,33
160,101
1531,87
1259,1092
841,1679
772,1807
678,42
759,1641
1110,41
1882,62
162,59
1730,1092
298,1797
1090,93
886,56
1922,190
1462,111
1923,1675
584,64
789,1673
201,1680
364,1092
1105,1656
1080,1654
1918,36
1513,69
409,1641
458,1630
703,1092
1603,1693
1068,16
1643,1676
1739,39
1152,91
1135,24
965,106
1263,87
506,1665
364,1639
76,89
1343,239
524,95
483,41
948,37
1503,1663
1273,42
260,39
1490,1654
1722,1659
1169,1673
820,31
665,64
1843,1785
1527,96
1496,1654
485,23
1463,50
129,131
1261,69
1258,1676
1794,84
694,100
1396,70
1947,638
1507,93
718,110
1325,190
47,1680
620,1678
1164,1657
666,1660
1716,62
1056,82
1723,68
1689,84
487,42
1519,233
1586,1672
1341,79
663,39
1931,51
960,86
228,60
1331,73
1793,54
1189,107
1118,131
1089,1659
332,82
1108,1641
214,106
287,96
362,35
680,196
1769,32
153,68
1259,104
1776,94
1405,1630
230,106
1268,1660
1775,111
1909,79
328,77
1494,101
907,61
283,77
176,1
1872,85
1490,94
1776,1675
888,1679
1695,1676
647,68
319,23
1226,1693
987,105
788,110
1306,633
1126,36
758,66
336,101
650,75
1513,33
135,1665
1581,16
806,638
1748,1693
1270,41
1010,29
1806,53
938,1658
925,68
1540,97
848,95
1789,94
922,96
9,35
1651,101
622,97
237,61
510,101
1397,75
734,1797
938,96
702,104
1647,70
307,32
1306,1680
1840,1656
1586,84
631,51
1704,23
1961,1672
1103,63
256,103
1524,96
1342,43
812,100
1382,66
962,1679
603,1667
1189,1672
1619,85
1305,29
1986,70
866,83
1882,1659
444,61
1167,1667
1975,104
1888,1670
347,196
249,60
1438,1670
1887,43
1780,119
380,132
1378,105
1453,633
925,86
1125,23
1330,87
1132,79
1024,64
1990,1639
1172,56
1101,110
1212,87
1074,80
1644,50
173,93
284,96
1741,94
928,196
288,99
452,20
521,91
683,1092
192,1657
176,94
928,51
11,31
1928,638
293,79
350,112
726,1665
1167,101
746,67
1389,85
1703,119
1265,79
1157,95
1467,97
1018,41
1574,638
1080,36
1761,69
1211,100
1925,90
330,87
148,50
774,154
688,39
624,63
768,79
1759,1641
181,54
3,84
1972,138
1891,90
1161,633
1287,233
1863,32
214,17
378,1667
969,86
510,54
642,1760
1839,75
1525,105
580,1666
1590,1665
656,24
1618,1630
88,1642
642,71
515,239
1094,1
314,103
1073,1680
887,24
1866,73
263,98
1534,1679
74,1639
1697,91
169,35
404,84
189,32
49,1663
1096,1630
1534,42
1835,1665
826,109
1917,1797
591,1233
173,1666
340,35
434,24
1391,638
293,1639
1757,131
1723,31
822,1660
966,58
12,1641
1966,1693
74,66
1782,638
457,90
546,94
1520,119
1250,64
589,28
349,77
1347,112
1976,1632
1448,99
1304,93
1058,84
88,1656
713,75
323,1641
254,37
1695,638
756,1659
1954,154
102,105
624,1797
531,61
1413,39
408,1092
1109,1630
1915,1671
746,20
564,51
1117,35
506,71
1265,154
14,20
934,1807
1124,43
1821,91
497,1672
297,96
1325,1666
907,69
1332,56
547,42
587,67
1177,103
511,1233
1507,50
807,638
222,42
721,1785
1533,132
466,638
1740,28
253,1658
1158,1673
1102,1663
994,50
1239,1698
1462,51
734,16
1820,59
295,54
1702,51
952,1659
333,1658
1509,77
460,70
1957,79
905,1675
1584,83
679,29
8,1092
868,42
632,638
1337,37
416,83
234,16
1960,1760
680,138
1380,77
262,1676
1002,29
1520,1656
126,109
425,20
813,99
854,239
1889,196
1208,1785
881,131
329,1630
660,1670
421,32
478,19
867,112
1180,1639
485,67
1930,1675
554,138
152,112
1130,51
501,67
655,1672
423,98
983,42
1445,75
1102,36
1784,59
532,66
386,42
1662,60
171,90
719,1670
120,1666
617,1092
1690,1671
1102,87
1324,1673
1765,1667
790,131
724,131
942,62
1738,1639
136,1654
986,28
1713,1663
861,54
1472,69
1608,71
1441,96
709,98
251,54
841,58
824,94
534,119
208,1641
1772,71
1477,109
1174,71
1546,20
1341,1656
1432,1676
199,1233
480,1667
1315,239
303,109
1026,70
1524,63
276,65
705,1233
520,85
1880,1807
1616,111
434,95
1211,63
1305,54
1143,82
1383,1641
1073,50
691,61
417,110
1536,1675
296,19
498,83
1716,41
1553,633
1934,96
635,638
1206,97
1578,54
789,1785
936,67
1364,131
613,43
959,51
1794,638
355,1665
946,36
9,1641
124,104
1354,1807
1461,1641
1408,71
838,94
440,23
298,93
1864,112
1793,84
362,62
770,73
1253,108
395,20
1674,64
1566,50
1864,1658
1134,80
1076,1654
1390,62
927,50
158,1667
900,80
1991,1642
824,1654
361,24
1142,1630
1032,1785
863,107
954,111
1896,110
78,95
614,61
564,1656
248,1670
124,1667
1636,16
1915,75
1733,64
812,16
229,98
984,63
785,50
1833,1658
1483,39
657,1797
1358,63
1713,28
1622,54
1699,65
176,1693
687,63
191,58
1925,1657
341,1663
1626,1670
704,61
1863,73
690,64
1957,132
1614,1797
986,65
1519,89
1692,87
588,1785
1968,61
1293,60
942,90
636,1
1779,77
287,99
1475,1656
1240,1641
1437,71
248,71
247,17
1886,20
1195,29
8,71
391,86
7,1693
1046,190
931,37
401,104
4,19
630,1659
1650,196
394,89
1517,1233
826,68
1378,1657
1729,1641
577,96
284,1670
323,66
755,71
1644,1657
1365,104
745,61
1815,1760
1410,1667
1140,82
1951,28
836,1639
1867,1233
1095,64
600,93
727,106
1341,64
292,91
974,1665
1310,63
747,111
1981,16
1729,63
1492,67
926,1667
1811,1639
486,96
841,119
804,77
1914,1672
865,105
848,239
642,1676
187,69
919,1676
1152,1667
1498,89
123,61
733,82
1291,1698
941,101
156,85
1832,94
213,36
786,60
1339,190
807,1660
1413,97
407,196
1476,1671
1389,98
1814,77
1393,103
1961,1679
688,91
1579,79
1211,105
1305,28
1288,100
560,101
1493,53
1223,108
1888,1671
1887,42
1044,1680
1581,1
771,108
1568,26
1398,109
1031,96
1212,1630
1402,96
81,1660
1544,19
459,239
576,67
137,103
1407,70
693,90
1245,1693
787,29
476,28
960,1677
647,633
1330,39
263,1092
1943,91
1487,79
1731,91
1202,1665
911,1667
1852,23
149,132
1936,26
1204,104
1517,31
914,138
418,103
607,43
1329,71
1444,1680
694,83
1049,64
707,196
620,53
1027,1679
1120,59
855,1680
1358,101
1824,19
830,1666
670,107
980,93
1078,100
693,138
436,101
1381,29
872,35
1836,71
1125,24
177,58
719,86
1950,90
1163,1668
1037,77
756,1654
1649,1639
1441,58
1081,19
213,87
1195,119
635,98
1851,1632
1484,79
608,64
1517,17
1008,239
1899,1785
1480,1807
1261,1760
1538,103
1222,1668
1545,239
1160,75
1069,111
1254,53
977,31
81,98
373,36
1515,1665
872,1693
894,1630
656,1678
1156,31
346,70
664,31
1324,67
1898,104
282,20
710,60
256,1639
292,109
613,1807
1606,1698
1974,60
1885,633
285,154
1264,109
711,1698
1158,73
479,196
392,64
429,69
1276,1654
1705,28
1465,77
1604,1676
496,1656
1755,60
527,59
413,1639
327,33
129,58
1915,1670
866,1665
670,1675
1225,112
1022,190
365,1641
1892,66
975,1658
725,111
485,80
729,100
654,37
1339,89
455,1656
406,1092
1441,1671
694,63
718,1693
937,1676
609,1663
916,109
1928,239
997,70
1494,1676
1912,99
1983,1654
1341,23
1800,1693
40,61
613,54
208,89
1156,1632
1631,1670
1006,95
475,1659
398,1630
1989,1670
221,19
974,1785
884,1663
690,58
689,1663
503,35
661,1675
1157,1654
312,54
572,58
922,89
1222,36
1226,43
163,23
1837,633
610,638
1987,62
1108,75
1751,73
208,1660
830,107
102,24
142,41
200,16
496,17
921,16
1415,1760
1171,26
1141,190
537,32
1395,1698
151,154
408,108
1080,96
1389,42
397,54
1376,97
1305,43
1090,73
518,1660
1072,1630
1386,70
1480,31
417,1807
1685,638
512,1675
309,37
1325,233
829,132
1588,111
1459,53
980,16
1099,106
714,196
1585,61
1023,1678
1402,41
442,1641
941,1671
1038,1807
1082,17
1100,1680
12,1693
1500,1760
436,79
1432,64
1486,1673
1550,86
1347,111
1105,33
1344,17
295,1797
1437,98
173,19
321,138
1903,19
1084,83
1285,190
1747,1663
145,1672
244,1676
147,1672
498,1676
706,31
1096,1675
564,97
1617,31
695,35
827,1671
1765,111
257,73
1789,1667
374,32
1295,26
997,1693
1188,96
707,1659
821,1657
971,62
1285,80
297,67
1827,1663
778,1656
1397,1675
1965,233
1601,1760
648,1092
1365,83
1497,75
377,94
141,35
255,69
1452,83
759,1673
441,103
430,67
488,70
704,32
208,69
1025,1676
1391,31
507,83
629,106
332,94
1825,1673
1900,1673
214,94
1982,1679
938,138
1472,84
524,89
1979,1671
52,28
2,1785
844,80
1331,1672
1960,56
1377,90
588,77
1477,239
48,64
1443,83
628,1233
1788,69
1127,99
1093,31
249,196
248,1671
216,59
675,138
1106,154
1126,89
425,1675
1381,1658
205,103
338,1672
448,94
617,1797
215,50
348,1797
1143,1668
1429,110
1899,1630
1309,638
1038,36
1846,1679
546,20
1585,89
1232,1807
1752,1632
1203,20
959,32
46,29
1887,70
1964,59
1857,23
831,1678
975,96
496,1698
1293,59
871,19
582,66
1780,1673
912,90
1437,70
1634,82
948,53
547,1642
203,86
294,99
598,61
1232,39
1602,1639
992,54
645,132
1748,77
1457,28
1490,1785
782,39
693,1672
1467,71
789,63
1626,106
337,16
483,1668
448,61
175,58
506,239
215,83
1446,73
326,50
610,233
1490,239
1436,87
1149,1654
775,1654
795,1698
1220,43
634,82
563,82
1726,1679
1044,1667
399,62
1195,1641
574,1654
1662,75
1314,35
525,50
343,1665
286,638
1813,75
639,84
1519,110
347,1660
1364,23
761,62
1108,1657
376,28
362,19
569,89
490,108
1030,62
898,23
1818,1672
1879,79
1152,1668
1294,1641
1691,23
1647,64
361,106
1541,1657
517,1679
988,1
543,65
1317,1642
1161,104
628,95
246,68
584,29
423,84
6,68
373,79
212,67
234,1671
488,1
879,63
1787,16
1200,86
1388,61
1809,1658
926,132
1520,77
519,1807
1682,111
1367,75
1813,93
1461,1630
1468,84
844,132
576,68
1364,37
1492,82
1306,154
1661,20
370,1678
777,86
615,50
248,100
1792,71
1869,103
126,69
1088,94
1145,35
1074,33
706,71
1016,105
11,17
1944,1671
572,1660
1453,59
425,93
1720,1666
179,106
1872,51
1858,1092
661,24
1697,56
1700,83
142,1785
1707,131
1887,1679
1251,31
1090,131
1345,70
997,33
906,96
942,1698
1462,85
845,109
973,56
812,1760
134,138
1756,73
600,58
1649,1
359,51
1432,23
1769,1092
182,1670
1765,1659
1414,91
403,87
1554,20
1611,77
12,111
1540,71
1061,100
875,17
717,132
1054,29
1917,43
915,97
834,19
356,1641
246,1677
528,100
931,97
798,633
766,39
950,190
609,1666
771,1679
1127,90
742,60
290,77
1362,105
1090,98
333,105
601,1667
1150,24
1426,96
1947,1678
989,638
1069,110
1592,79
1315,1630
13,82
1705,1668
1247,89
1334,1670
1110,1663
1073,196
1557,154
639,233
161,58
536,90
1753,109
1735,69
135,1642
1243,37
882,119
1604,42
1971,83
409,63
1293,67
1138,132
676,91
1822,112
1384,28
1702,1676
1793,1760
528,82
1064,36
1209,87
554,100
517,112
5,1670
337,190
1919,111
1973,29
1849,39
910,33
506,69
1046,103
1487,1671
1245,108
991,94
280,42
1831,32
659,1660
1707,94
1818,119
1861,51
632,196
137,1630
1743,51
1796,1698
605,633
1060,1673
1884,107
285,73
13,68
1354,1670
570,233
1375,154
1894,20
1844,1639
171,110
1628,96
1317,29
1051,97
940,1678
1203,90
905,1673
305,31
1941,190
1336,633
750,97
1911,1632
481,1642
901,33
352,94
1975,633
305,104
1518,106
1873,41
1839,1666
861,83
608,1785
1194,1680
1856,239
442,67
998,84
528,64
341,37
655,71
1869,61
1546,96
1505,96
924,100
1241,1630
1664,1807
1033,28
537,39
739,63
1238,71
374,70
1192,1659
516,61
205,66
387,99
167,1679
1079,104
359,1785
1938,43
1793,190
1497,233
909,43
1190,132
346,91
553,65
936,87
879,119
1841,138
1075,196
856,1658
1264,59
1967,69
1240,1760
1917,80
1732,1760
1239,68
761,23
1162,1666
1044,86
1004,1659
1929,1672
219,1785
847,65
1437,97
1330,29
1239,53
254,71
972,104
277,20
811,1092
1096,1676
1430,51
1038,1698
139,108
567,100
843,106
1988,1672
1865,67
1097,41
250,98
1636,108
1504,37
189,1785
1953,1760
424,91
1878,33
1350,1678
1945,68
1328,66
702,1693
1951,58
1901,17
173,1639
909,93
1874,53
717,106
845,53
901,1673
959,61
615,1679
265,1
268,58
1228,1658
572,104
1010,71
332,95
149,1663
756,1673
336,154
780,93
908,106
301,62
1890,68
420,1632
754,64
204,97
1094,60
1776,35
779,1641
1098,51
1498,67
548,80
1447,62
881,67
220,33
1786,132
1252,86
189,132
1648,109
1424,103
1302,24
1874,633
1070,36
600,1668
1349,19
1704,62
1835,110
1490,107
1036,35
867,110
465,104
302,1233
620,1658
1144,26
1449,1660
47,1693
1480,60
861,1659
383,1
845,86
1238,1657
1109,111
294,1672
686,638
1533,41
1119,90
238,1
1203,23
143,54
147,51
1860,101
958,233
908,24
1708,1797
305,53
1172,39
15,104
348,77
163,1671
1125,65
817,1092
301,65
1758,65
1900,1807
234,100
1191,90
716,58
146,24
1587,91
1751,98
194,1632
1114,101
625,112
296,1656
903,53
317,50
1576,87
1849,95
526,190
1245,84
989,1632
826,66
1143,131
1589,101
1001,56
1393,196
1272,1673
990,90
332,1632
907,1666
1816,1668
758,65
369,1659
620,98
909,65
1561,112
1924,60
325,138
403,58
518,65
1096,105
542,1233
322,54
1247,1656
379,75
1743,1639
1280,1668
894,638
347,1663
1803,108
1971,104
1557,85
379,56
1320,86
1584,29
236,633
1439,1785
1646,1667
321,103
642,17
645,100
1970,99
1224,1665
1168,41
156,87
391,70
1356,24
1638,1666
1845,108
1311,190
1039,37
1514,54
964,43
1500,101
1052,1660
688,93
209,62
1865,105
1333,1693
230,1760
1652,1673
805,64
1412,56
560,103
997,62
1338,90
1156,37
1032,107
1324,89
573,85
1163,93
1162,1656
117,73
1647,1693
1887,20
1535,1667
525,35
801,109
470,112
1836,83
1344,43
1897,75
1146,1233
1111,65
385,1660
1886,103
676,32
1447,67
773,16
388,50
616,75
301,1807
745,1641
1795,53
1980,111
270,58
774,1658
211,1630
1060,29
286,154
1826,1630
1734,85
1457,63
944,86
526,154
1394,1660
1520,1807
1635,1670
418,101
608,35
1271,82
1527,196
1935,109
413,190
489,1698
838,1665
825,1676
1194,1807
977,35
1056,16
745,31
320,68
1334,97
13,95
1062,90
529,112
1120,61
1768,1785
778,39
1425,62
366,1676
1358,154
832,94
1475,90
960,131
872,37
1863,29
1240,75
1118,108
1960,1656
1981,50
312,28
332,103
1437,138
999,1671
1971,68
391,132
619,23
1478,84
1390,154
911,103
180,19
1145,67
244,112
1755,32
1081,17
1003,1797
1191,108
659,103
1359,96
1256,105
800,31
1963,108
1107,104
1734,71
846,1680
890,154
1956,69
1650,24
1653,61
397,16
662,1678
516,90
1524,71
1552,58
581,1660
229,87
1669,35
1979,29
371,1680
593,1632
778,70
1723,16
1686,132
879,82
771,61
1506,66
1571,68
1645,53
1592,63
1759,61
1941,58
1004,1665
218,58
1966,633
1127,1671
976,98
579,31
1132,31
1042,1693
451,1680
750,84
1402,1679
194,1670
409,62
288,19
737,82
1694,60
294,89
1316,1760
605,91
1624,29
1791,1679
782,109
985,103
38,1785
625,56
401,54
1966,53
1342,101
350,83
189,79
1513,1639
1703,20
1848,89
268,1675
1284,53
1340,1639
151,100
559,91
1720,19
1701,1642
637,61
783,1785
1210,87
553,86
143,1642
188,239
224,1680
393,1233
1388,16
470,63
1864,87
889,63
1203,93
1169,29
194,53
1149,51
429,36
1448,84
857,1671
1947,42
740,24
955,1672
10,1667
246,1663
1708,239
1226,1797
1269,85
0,1807
331,69
1056,1678
605,1665
1852,84
749,103
1856,31
864,105
1359,68
1751,56
1845,51
1531,93
1041,1797
1263,1666
567,17
608,110
735,37
326,1663
1912,1680
644,100
1808,33
1114,1092
220,1657
1340,1670
1878,20
1527,190
167,1678
387,98
1526,1785
1219,633
1133,35
816,42
1241,66
305,1668
1581,54
353,58
938,1680
208,73
204,1658
525,26
680,93
1431,26
1967,1680
1458,84
1478,19
342,119
506,1659
1713,1660
241,96
1750,1797
905,87
338,80
1831,1660
454,1658
116,109
1074,23
1437,17
432,100
1520,1641
951,87
864,103
1470,75
1437,1654
1610,1760
1613,41
867,99
1684,1666
246,108
301,1657
822,1807
1483,93
236,82
1858,35
259,29
387,80
745,70
785,69
1545,59
1032,66
1102,1630
719,1760
1495,233
1042,103
798,107
937,1663
1877,103
1509,29
171,77
1516,65
1601,109
1875,1658
683,54
594,1671
1736,62
1182,28
1115,43
136,1639
268,138
1118,36
1229,31
1234,1675
1053,1671
1574,1693
524,91
219,1639
1380,108
1715,131
1805,61
1755,104
1313,61
726,106
1960,58
203,43
386,1663
478,99
11,86
1060,91
738,1659
189,101
712,56
1761,35
1463,1797
839,239
1767,77
866,75
920,37
1572,77
1476,58
610,68
1363,638
1455,86
191,39
797,1672
674,95
34,1672
1267,68
1709,101
330,239
366,59
1948,85
1754,638
1618,33
1519,90
308,112
1357,75
117,1658
261,70
952,67
1030,66
625,1657
798,1656
984,638
640,1654
1191,85
659,60
329,1807
1074,59
1109,1698
542,1675
1377,106
293,87
665,86
172,66
1738,101
1956,60
145,96
1731,1642
350,43
441,1659
873,100
1137,109
1962,86
128,87
806,1092
1915,90
1733,63
1146,1659
773,1797
3,1667
691,26
1686,239
1099,1693
1123,63
1486,65
1894,66
369,1658
1041,1678
603,61
1908,90
1821,1671
775,1665
834,1665
1925,1785
272,154
1144,1698
221,89
1179,31
1826,196
1557,84
639,39
1782,59
1897,233
538,60
388,77
1973,132
1259,90
1370,107
602,17
1597,110
415,190
535,1677
1691,233
1525,1639
156,80
432,62
927,19
307,36
130,1665
1413,110
863,59
1714,29
1627,190
11,114
216,106
1579,51
550,51
1911,1092
1467,87
384,32
1528,103
1932,59
152,60
27,82
1244,99
1465,1658
1925,84
994,24
1326,1673
795,41
1920,1660
802,61
1928,87
970,17
758,80
1576,1641
1425,67
1213,36
1378,101
738,132
925,82
1139,26
1525,99
1310,1675
1776,239
1407,67
1940,82
948,100
1354,93
1522,1
1799,233
1604,71
1236,89
1163,1675
1145,1668
1296,1092
1688,26
1873,98
1302,68
1751,1
1878,1675
689,59
1168,24
1687,83
435,105
860,36
1450,68
1215,196
542,1654
179,108
608,36
1305,66
1344,638
1627,1641
1861,93
873,64
491,95
1143,23
1184,70
1493,196
890,1233
1120,62
664,20
1038,16
1017,100
1827,35
909,100
1942,1658
1685,1693
1428,94
953,58
632,1677
960,132
925,36
1957,87
895,1760
219,1665
1381,107
443,111
979,17
1813,1092
1283,73
55,58
1802,65
558,1667
938,64
1126,1807
726,35
581,94
1521,233
689,53
766,37
1890,1785
1852,32
361,68
749,19
806,90
1124,33
1697,95
945,1670
1956,70
927,132
216,70
15,638
455,1671
1271,35
258,1667
836,66
397,96
1197,1675
593,1639
634,23
1955,23
691,68
1851,70
930,138
1924,112
1334,1668
346,69
1837,103
457,94
1894,24
1770,26
1898,87
1203,33
281,1660
855,196
322,1670
1304,50
18,633
1432,103
1696,110
496,1693
1428,1671
710,66
1563,1092
1870,64
1853,24
1839,101
975,90
868,32
1111,100
905,58
1651,83
1155,96
622,19
1339,633
1826,1665
938,50
498,1639
424,1630
1282,101
955,119
385,85
1148,94
7,58
1801,138
421,58
1221,1
1774,105
1026,17
1942,35
1690,56
162,16
1033,97
994,95
139,1660
1059,75
691,37
489,1693
566,73
508,1
1893,1632
1454,1666
1401,1654
1592,95
1405,70
1187,239
940,1785
811,131
1382,1760
613,51
410,94
1374,68
1840,82
656,233
1044,66
1354,16
1363,1676
900,1654
1830,1654
407,1670
1337,41
622,29
1380,73
921,100
1917,190
1648,67
1311,1679
160,108
860,111
1430,39
864,106
992,31
1470,94
1953,96
1349,61
496,99
1882,41
1097,61
1043,89
1426,51
1868,196
1710,73
296,154
520,58
1737,109
1278,79
1372,16
930,63
1426,66
397,132
1841,63
649,1693
689,1676
1777,23
1206,107
1706,29
1338,19
1695,61
630,87
1013,85
282,119
1773,1807
1887,111
310,1673
1554,104
212,1679
338,190
1735,43
1520,1676
969,96
1942,633
1947,59
1802,132
1162,39
388,100
1681,107
1293,101
783,29
1725,98
1005,93
303,1639
18,233
455,60
1088,105
1930,32
1397,17
673,1663
191,1660
200,1
328,86
1585,1632
682,19
517,82
1255,36
1600,99
950,106
1835,114
611,24
1643,71
349,1671
1781,1665
397,37
1986,109
209,119
712,154
113,1797
748,69
1389,1233
1119,86
1023,77
1210,104
1469,99
700,23
918,90
318,28
1393,1676
1930,67
719,154
369,36
1474,1233
676,111
1005,79
327,103
55,98
899,638
1087,17
1805,60
701,1666
499,108
834,89
193,71
1687,56
964,1630
435,62
1063,104
806,19
1748,58
723,1641
1605,1675
1610,39
445,105
707,1642
394,83
125,107
1778,106
587,17
1143,60
1342,131
1055,80
266,1676
1476,59
229,110
1143,1665
1485,1673
1168,1675
484,60
838,61
1874,37
1252,1807
589,79
897,1233
1696,39
1127,1657
1881,109
1226,154
1499,104
1155,154
675,1658
589,32
1529,75
851,1671
1869,239
163,1673
1551,1639
922,138
483,90
1387,50
709,66
160,23
217,42
1273,63
1454,100
1057,80
262,1630
431,75
1154,96
1620,19
292,1667
1470,100
1363,42
1882,108
1935,154
1919,33
1095,1673
1849,93
1534,1
607,51
668,1673
169,105
1382,85
1700,58
944,59
1298,60
712,39
1049,104
684,53
1737,59
484,83
1852,1642
876,103
1028,100
1541,17
1770,53
538,1668
467,106
1445,29
808,110
554,638
1735,108
335,35
1203,103
875,54
839,1785
986,95
913,1663
1047,1658
945,132
1118,1
1933,26
1437,85
686,109
102,84
412,84
1869,114
1057,98
1168,43
890,1659
431,89
113,1632
588,108
934,64
374,29
191,633
1814,65
791,1680
1577,1679
1479,109
437,36
627,98
1627,1675
209,77
1331,138
687,110
234,1666
1852,1656
1032,109
1911,31
560,1668
281,1639
1796,87
1267,35
1691,1663
935,75
225,62
1219,196
1752,1663
579,37
873,1658
343,1680
1226,1642
697,50
1361,107
1965,1642
1047,1785
1037,87
317,1630
1135,190
1779,1092
1875,1797
203,119
1198,26
188,1665
1012,105
1953,73
764,1632
502,33
435,104
971,106
1733,1670
818,1797
1539,75
175,106
658,112
219,196
736,1092
1804,29
1846,1630
215,112
1126,106
1180,28
188,86
1958,23
1407,1785
491,239
1821,1785
536,32
1357,1642
1296,1680
1224,77
944,1797
546,73
1210,32
1068,70
404,1671
1327,61
761,110
1310,31
503,91
1172,100
1811,1671
948,107
801,1092
286,1654
1749,1641
166,24
206,131
1573,23
874,233
217,16
592,196
1694,67
1434,87
1256,107
995,1
1881,1656
1963,110
203,1678
1361,1658
1983,99
1619,1642
1714,62
1147,131
278,638
466,1632
1039,59
1575,85
1021,104
711,90
1376,89
1818,96
529,1642
628,190
1090,97
957,54
636,1665
1278,80
266,33
1854,103
932,638
259,66
778,68
1311,1092
872,1665
360,43
1373,1663
141,154
1341,1
973,39
1952,106
1351,1660
925,132
1030,233
516,1639
1031,64
1505,1654
1754,1665
976,100
1509,70
1347,119
1061,19
1246,17
1448,104
379,1233
510,37
1715,42
1590,64
581,190
1762,83
398,94
244,64
136,73
27,1668
1444,67
1852,64
1669,1760
1373,35
2,1678
1326,107
1953,85
1935,1657
857,50
327,1092
1457,89
390,86
1080,86
729,104
1062,154
216,85
1503,60
1011,60
1754,26
1170,1807
377,70
1120,108
313,20
1578,95
748,98
488,110
624,80
208,93
666,1667
188,233
1078,68
1307,28
757,77
151,1656
900,1760
1527,633
446,58
1722,91
1744,1673
1853,41
507,56
1741,1657
1058,99
1904,79
1440,1668
1651,32
662,35
1699,1666
267,41
1432,1667
1692,1679
939,1659
984,1630
1620,89
1289,111
350,67
658,70
516,56
1400,107
1473,75
1475,1233
560,82
1311,1
229,73
1227,53
657,23
990,1657
1197,1663
255,32
1277,29
1544,64
177,1630
552,138
1250,97
1626,1630
332,36
761,20
1740,1680
137,82
446,36
942,67
801,43
770,112
1030,100
574,1678
1644,119
615,119
178,1654
1546,17
456,108
1714,69
701,1760
961,79
356,1677
635,16
843,111
1358,1666
866,196
1804,1666
262,105
1005,633
1004,58
1504,56
697,1676
1281,32
1190,90
413,100
513,94
14,1641
1858,80
792,19
441,1233
1113,31
1405,105
909,90
1978,131
1696,42
1199,73
739,1693
1401,1666
446,71
1796,29
1519,86
1988,79
1718,112
1351,633
1355,1658
1890,67
237,83
1819,69
860,1658
241,16
389,1092
1387,1233
871,110
1019,97
1248,633
1525,1665
591,95
1383,19
136,19
489,69
113,1659
1637,66
1909,71
509,26
1087,97
995,89
1862,71
1366,56
1168,95
1111,1233
877,1657
1358,1676
1700,53
355,1233
558,1797
685,1667
1555,17
945,1630
10,19
856,79
1706,111
1911,58
1891,1693
1605,1
1934,119
464,50
1096,239
600,84
1581,24
1449,111
1746,89
1808,1672
1200,61
1256,1663
426,114
1203,24
831,17
1061,90
359,106
431,1641
350,1659
797,50
1173,1659
1635,138
1144,1797
291,107
1160,1642
555,96
777,62
1980,70
303,1658
578,50
135,59
193,80
546,638
1306,1672
689,110
1114,19
981,24
1959,35
253,39
1009,1673
1882,28
1298,61
143,1678
556,105
519,119
1644,1654
829,69
637,114
1726,20
1123,33
1113,1807
344,1654
1445,28
537,1673
1874,20
1709,85
1861,1668
208,37
1863,58
925,94
446,99
436,61
478,1680
1860,86
922,106
941,190
1465,42
1283,111
180,58
1486,1642
666,119
244,31
1059,1630
1063,190
571,190
951,26
1323,85
1731,80
1933,106
1865,1632
527,77
1481,59
1687,95
986,1659
588,109
1572,1657
220,1676
1251,132
1604,638
333,65
1514,68
1278,53
531,1680
1207,107
1579,66
1958,1663
1284,110
1268,107
519,101
1456,85
795,43
282,138
1153,43
822,1642
602,1785
590,138
1082,98
366,1665
720,239
22,75
832,67
349,1807
1974,85
1705,154
1958,196
480,109
1516,1656
1611,32
944,1654
1027,51
969,63
851,63
1111,51
210,77
585,111
396,1632
340,1698
1840,1693
1031,1656
1539,61
1977,66
267,111
1914,1657
293,73
331,138
796,112
1443,97
711,103
822,110
1895,95
1290,1658
477,1667
1792,638
269,33
1160,66
81,107
1170,103
1762,1677
1690,196
313,104
245,19
670,108
1297,104
201,85
521,1642
596,42
467,1698
265,94
673,73
450,66
1381,105
133,95
1293,77
1222,61
1018,1665
1424,132
1937,41
1811,1670
1543,71
1691,70
1048,90
1565,1675
1508,108
595,99
1512,103
465,1680
246,1665
1394,1675
561,1659
807,1678
734,1658
793,68
4,83
1145,1797
1356,63
1103,104
1470,51
1219,1639
1238,63
1773,1654
451,89
485,1797
337,98
1294,108
1629,33
1575,37
984,77
1244,65
766,1797
1799,1693
973,85
188,101
464,107
192,96
1617,1642
397,239
1945,19
970,51
646,84
228,99
1834,131
1428,110
1581,96
475,1632
1286,132
1567,29
593,83
335,20
1368,17
1314,85
342,110
821,67
1547,33
1361,86
545,1
1946,1665
402,98
1859,96
45,112
1191,31
1960,1671
381,1668
166,154
443,1673
813,107
1862,110
690,1632
1113,1675
1154,41
1121,58
1008,131
917,61
1342,104
775,51
1275,71
1040,64
1137,90
1376,104
333,23
1116,106
1207,93
454,67
1717,1642
758,29
1130,90
1575,1660
909,53
175,1233
768,33
1247,75
1031,32
1855,1672
1328,41
278,108
1331,100
546,106
467,37
1940,1660
221,110
349,89
562,106
484,1760
797,91
1015,1668
1065,65
1747,1671
448,1675
1573,1807
1155,80
267,1679
360,1233
642,37
1185,99
1909,98
283,104
1336,96
1714,35
974,16
461,67
940,96
27,111
836,17
1616,119
587,119
1946,190
849,154
526,1698
561,1092
309,32
1799,1665
1217,77
81,1693
573,41
1751,1672
795,19
1609,41
1955,53
1459,56
1230,99
788,50
1072,77
296,1092
406,35
1017,16
690,86
1763,87
1485,111
807,71
1418,56
892,109
125,1668
1853,58
697,105
1357,53
1340,83
1216,33
281,36
706,233
338,79
1979,1676
1084,104
951,35
348,20
1277,633
1664,94
1424,109
1207,1668
749,86
995,42
1650,1092
1060,80
303,107
1942,82
964,1785
1764,86
1947,1630
736,36
1358,1667
701,132
974,98
1865,71
301,1654
357,36
381,190
1008,62
296,138
152,68
886,51
1737,29
1244,59
255,64
1379,110
1933,1665
960,32
13,100
1908,65
1102,56
606,61
1139,132
1985,82
1893,633
208,58
1024,1092
235,1657
1726,1639
130,51
1472,58
497,28
152,1639
703,36
137,67
301,58
194,20
1601,19
860,1659
1822,51
224,73
740,63
1588,1807
46,1672
1098,63
1889,1654
1561,1233
1002,1668
1269,54
758,1679
702,119
615,100
193,69
304,64
927,56
675,83
1832,104
1960,61
910,96
1985,1760
1789,1680
1771,109
994,1671
485,16
505,196
839,91
1029,39
1231,31
1107,37
1953,1797
651,59
266,23
1004,41
175,1807
1640,89
697,1693
1180,36
775,154
762,23
1976,59
856,80
141,80
1338,66
987,16
1429,105
883,1679
1806,131
1699,71
228,84
600,85
283,1641
463,1807
1392,17
1068,110
988,638
518,75
1662,66
207,96
1075,36
680,60
717,233
1195,1679
1436,1657
1845,633
745,1760
636,31
1115,58
1596,1693
1447,91
1175,54
607,1678
662,111
241,1
1404,20
1313,83
689,131
304,239
1614,131
1227,1679
931,90
345,99
1360,82
891,56
874,16
803,20
1067,93
1602,1632
371,54
685,104
205,1672
1818,56
1643,37
528,1672
819,37
505,71
1518,1659
1582,64
1415,43
1181,633
423,93
1312,98
907,1670
798,59
657,83
983,101
235,107
1908,54
1273,633
117,67
1017,77
1203,1676
620,94
1230,73
1604,190
1916,1656
1810,67
1442,105
1061,75
609,132
199,1668
497,56
1492,73
1594,103
1865,1797
565,103
1961,70
1640,1785
1304,233
1029,1668
865,99
619,1672
372,85
615,59
605,97
18,61
1840,1760
645,96
1970,31
1569,1632
945,100
569,1642
1959,67
21,65
482,1
1277,1654
263,132
1017,1658
654,65
1229,1671
1600,95
1329,79
1704,1657
1278,58
1372,43
1854,73
1712,1672
423,83
1059,51
621,638
1706,64
1852,1658
1028,84
3,111
1787,23
946,101
124,41
895,90
165,1657
1341,108
1696,69
1169,59
342,67
12,1698
881,1673
1431,95
1310,1678
723,154
281,1671
844,16
1344,94
1401,35
652,53
156,50
1294,1660
1064,77
1984,110
456,86
274,69
220,23
1735,633
1237,638
357,154
1423,103
431,105
1559,33
323,1680
288,233
200,91
182,95
1070,86
1090,1670
1333,1658
1628,638
1500,119
661,35
606,1660
1129,1675
1222,1676
1972,1679
1689,233
397,107
1157,233
825,1680
1747,31
383,70
1402,154
521,1679
1261,1657
1515,1673
1066,1657
1061,1657
1837,114
327,1663
1827,36
687,239
1883,1654
778,35
1692,16
953,63
1352,1673
1152,107
1871,1672
1907,67
1564,90
327,1693
757,24
478,1677
1920,96
1809,1673
911,99
398,82
952,112
1644,31
1442,1667
203,103
1681,1672
277,90
1148,75
1557,1659
1373,64
1963,96
1068,1668
772,89
991,87
775,60
1955,1668
1943,1657
985,138
285,1660
715,17
1727,104
1524,67
1018,66
1834,110
160,1680
1582,110
408,1632
276,132
1345,43
423,119
997,94
620,33
413,61
235,69
1622,112
1055,1679
278,83
1719,64
487,107
867,1679
558,138
1243,56
1540,50
1229,69
1601,36
848,32
422,23
728,1654
1024,35
172,1660
1226,35
1616,1639
1465,87
1566,239
1854,1807
410,1654
267,61
142,33
1087,89
421,86
300,67
817,111
1494,53
1539,24
1517,108
364,32
401,42
21,119
226,65
1745,1654
1962,154
455,1654
128,99
220,1639
551,1693
1715,638
6,132
280,94
466,633
712,97
1004,103
1301,23
1601,1679
1069,91
295,94
1989,154
1884,96
488,80
1924,97
732,633
387,1676
1327,98
546,107
1371,1680
1361,54
311,239
1015,1671
1910,56
1361,71
241,106
753,1642
1805,132
666,61
1402,1693
448,1676
1188,154
488,1693
1027,28
1624,64
995,1092
260,75
1553,68
479,65
1022,67
1862,89
1738,91
1832,28
1559,91
1707,50
1088,1666
1783,1785
756,90
665,29
242,1654
663,1680
1001,85
468,20
894,1666
1118,1672
1925,24
1339,109
1474,1676
151,1
560,84
449,1693
815,110
1811,97
157,1092
1446,132
960,1807
1452,1671
1938,36
1874,60
788,51
771,29
232,67
840,1666
1505,1680
1286,97
1917,107
1846,41
1922,633
950,1760
1878,638
974,1660
801,154
303,1632
241,1665
92,99
1796,1233
208,1632
206,239
1057,73
1573,59
428,93
564,111
927,53
1048,1632
531,94
1728,60
129,24
1124,103
703,1672
1899,69
1902,82
1295,96
567,99
72,94
273,67
419,1641
863,98
1218,111
1596,1092
550,104
1584,1668
1011,26
1186,1632
1633,83
1062,23
1962,1
1978,1642
1143,1676
1603,1639
573,58
849,36
1898,41
1476,71
835,89
1520,41
164,17
329,86
1159,82
1894,53
1469,96
1989,633
938,1678
1025,1670
1017,33
393,95
694,1665
1601,97
825,60
1838,1654
1304,31
1010,64
1967,86
1557,60
1478,1
1135,32
965,82
969,23
308,29
419,50
1104,1632
1447,1680
1957,1665
281,53
1923,37
1269,53
1106,633
1070,190
1974,1680
1426,1670
113,1657
1344,1663
509,24
1067,110
1306,80
995,91
367,1658
1573,190
283,119
1653,64
989,1641
346,1667
705,82
1264,633
1854,82
661,109
1272,84
148,16
1849,1630
1829,1680
566,58
1908,33
1338,67
222,138
1699,70
980,50
1869,1632
936,56
3,131
1136,23
1300,106
1085,66
147,54
918,107
5,60
868,20
1223,1698
1243,96
616,1785
730,85
15,119
804,70
592,94
186,1641
1330,58
943,1675
1903,61
1723,1797
213,1670
1430,97
760,233
1276,95
1024,154
597,1632
665,90
1257,638
1648,239
1463,24
364,104
1161,96
772,1658
491,119
862,138
1362,28
1952,196
277,1670
1055,67
526,1673
780,1673
156,1657
744,1679
1170,1
1558,62
568,1641
565,1657
1817,112
494,19
721,61
1622,91
1041,1666
546,32
1044,1673
714,20
144,58
1927,28
1526,95
599,37
878,100
697,37
1303,29
811,93
1529,90
1537,19
872,93
1278,1663
305,90
489,1797
969,51
1179,1660
510,109
555,80
1273,93
538,56
1772,1
1681,70
1444,36
1210,1654
535,1673
533,1641
662,233
222,1630
635,95
634,1670
1741,53
984,1641
1104,70
18,77
1346,31
425,85
466,1659
1872,59
1600,80
516,99
1859,1233
636,1656
766,239
1565,233
1416,32
556,89
1854,1698
866,107
1572,109
1223,101
1099,91
970,29
646,110
1123,190
164,59
936,20
717,59
1274,62
1571,60
959,66
1850,109
1263,16
747,1670
1468,82
848,69
1860,70
1112,60
1182,110
1905,1693
1515,73
429,90
837,109
1210,1673
161,1668
1065,138
1853,97
1283,95
569,109
1145,1672
501,1656
1563,1760
1481,1678
1009,39
1087,36
461,1092
1148,54
139,90
1063,63
1249,71
572,1658
991,96
115,107
1384,196
390,105
1721,75
795,138
583,43
1020,1785
681,39
751,1659
259,89
1881,190
1456,69
902,103
1166,94
360,32
529,107
566,16
1695,87
960,105
1592,54
339,84
730,1679
218,53
81,1639
1071,84
1290,71
1567,41
1735,77
613,108
429,59
1759,91
140,50
1265,1667
143,103
1981,77
1268,1672
807,60
241,77
993,64
859,1665
402,110
683,131
205,1659
21,1630
210,61
394,1632
824,43
1603,1233
1417,58
521,77
1536,32
303,67
712,1760
203,1667
310,19
1586,112
1112,1667
1788,20
22,1671
836,63
1745,1659
1835,1785
715,16
455,1667
1412,138
164,1660
1123,1785
994,73
1683,17
1533,138
1794,20
1828,132
1208,239
896,107
1251,51
377,42
909,1
748,111
768,85
346,65
973,36
791,61
386,94
278,80
1472,1639
1095,19
1228,1630
1010,43
1989,1693
885,51
1859,1656
1975,1630
1978,58
1118,67
219,633
1839,97
599,1632
440,1663
1323,16
352,53
478,1807
1585,1656
681,638
888,86
445,79
356,638
766,91
1890,1671
695,69
496,105
632,91
1848,239
672,108
1704,233
1687,1678
1814,114
450,1676
933,91
888,1632
1733,98
449,1666
1982,41
1069,90
1109,67
1884,97
360,28
657,26
185,1667
795,1632
1435,87
1328,43
1257,91
1790,79
1499,50
359,77
1870,39
1618,68
275,66
1735,1797
225,105
1289,1668
1425,1658
409,98
1974,1
1117,1670
1543,20
1548,1666
1741,1654
292,233
173,26
1027,31
810,87
1145,98
1553,59
864,110
166,138
21,23
1471,239
1845,62
874,91
1023,638
404,112
722,23
155,84
1594,1659
711,59
348,1673
932,1680
1767,36
758,1092
923,43
417,84
553,58
494,106
1365,59
1459,58
356,79
272,54
1674,1659
1894,56
791,65
1788,1677
522,96
1661,1785
1277,26
1739,83
211,75
1078,85
822,633
361,1632
1450,1642
965,111
1357,51
1397,108
315,86
1903,24
139,132
1190,1693
1560,1670
1087,239
166,53
1552,1654
925,1666
263,31
1098,154
1444,98
217,67
1714,64
166,132
1736,1678
431,32
533,190
274,1671
1768,19
589,1660
273,66
1643,59
974,96
1606,77
1895,16
209,1678
1043,107
198,132
708,91
1757,64
1796,1676
215,53
735,1698
255,66
202,90
1159,60
1605,28
1180,71
1056,93
294,1680
13,98
159,1672
380,107
1713,1671
1692,42
1878,1797
470,1672
1371,43
1743,1673
1959,1660
40,1659
1580,108
1890,94
878,56
1776,89
118,1665
514,90
1430,84
490,1657
1191,51
1842,63
1381,1665
297,37
1435,1663
924,70
746,98
964,61
1925,1092
274,1785
1861,114
940,70
1422,108
158,31
451,19
397,83
347,66
458,67
545,633
1119,51
920,89
1237,36
1918,95
598,1672
979,1632
396,28
1378,90
460,1
1061,71
1685,23
201,29
1947,106
1111,1671
1561,138
841,77
938,103
1826,62
1884,1654
210,100
820,71
696,77
1360,84
1216,190
977,1678
278,1663
133,1677
297,23
833,101
672,37
594,32
1895,1760
1935,23
614,39
583,70
361,131
1308,97
1166,67
570,56
1783,94
842,1675
1385,85
1723,109
363,1693
1927,31
1179,101
46,54
987,1658
1763,99
1564,112
609,154
1106,1698
1554,1678
541,107
1848,633
1718,83
969,50
1681,69
45,23
156,62
1977,196
177,103
820,85
1745,32
175,1630
921,32
462,64
635,94
1758,196
304,110
1137,1678
917,20
1219,1676
297,1
945,1693
1579,54
417,1092
1396,60
477,1678
3,1639
688,83
318,1656
943,111
1778,138
1633,31
1579,71
641,67
1801,65
330,42
1308,119
1166,77
1027,1673
450,1657
878,1641
994,132
1866,1672
1280,1785
1893,1233
1857,91
704,17
1310,17
1019,1092
1131,1678
818,41
911,1092
1635,90
490,54
1265,1680
957,1660
905,1
201,138
626,71
570,1797
592,59
1752,77
1255,138
388,56
854,95
371,103
763,19
263,103
1506,1785
384,132
189,37
1353,1676
968,66
1871,98
1008,233
718,50
1406,1675
10,85
1422,90
1868,62
803,1670
1689,239
468,83
770,1659
990,56
1122,1668
1253,638
559,77
1163,65
117,37
1759,53
125,1658
1374,109
457,32
275,41
1510,1671
1169,43
1573,1671
1193,1673
1078,239
379,109
1283,63
1892,1657
1268,1673
392,90
305,69
1316,1641
348,61
1553,94
887,98
670,1654
1444,89
14,96
567,154
418,1797
1256,111
763,33
22,1668
775,62
403,1666
782,20
231,1672
1523,1672
222,33
1436,17
721,1670
230,1670
1629,62
669,638
253,1663
752,28
1582,108
1581,1639
1012,1672
1578,105
1705,1677
677,36
1247,70
536,50
459,1673
1738,1785
302,91
1516,101
876,196
1346,1678
333,1663
1425,1679
710,71
1499,84
1262,1630
1469,1630
1661,64
1954,32
1019,1233
1209,239
1890,24
1748,1092
897,1665
352,54
1401,61
558,106
1563,19
425,17
1308,1678
543,131
894,109
594,89
1457,93
1882,32
1569,1677
1832,1675
561,96
985,154
288,1659
1282,1693
146,633
291,1632
1605,39
502,1678
559,97
1649,85
855,96
1138,1660
1173,75
1234,1663
1324,41
630,94
666,1679
683,1639
1849,638
1871,1785
1858,1630
1385,190
1169,23
1921,138
48,633
219,1760
313,1233
429,1667
1387,95
1944,68
523,633
1094,90
246,1760
1743,1233
1450,132
1970,37
334,71
1498,1660
618,50
762,1666
1208,1666
307,99
1325,63
357,63
252,1233
1268,63
1767,39
1473,79
1127,196
316,66
1646,58
1187,51
1715,1641
1241,68
798,99
582,1632
1784,68
1344,1233
1824,69
838,101
840,1668
753,1673
704,89
318,23
1921,132
1216,36
439,91
1475,1671
1202,75
669,16
527,1666
538,67
813,59
902,638
925,1665
1778,1663
1714,65
1899,71
685,1
1026,95
1892,110
1606,66
407,26
1684,1672
1703,54
1599,97
1305,61
881,1797
1011,28
295,239
444,29
983,66
1483,32
698,1092
1622,61
442,1680
1153,98
289,35
1285,1675
403,39
171,67
1554,196
1648,1665
372,1642
1078,36
1601,103
975,154
773,1630
1186,93
1761,633
308,31
1451,35
1212,1667
1809,35
545,60
270,87
476,1670
881,68
220,56
1269,51
1215,43
428,77
1081,83
1795,97
267,73
749,69
1487,29
1168,83
1315,132
746,99
1724,56
1703,1667
695,190
1342,53
1774,24
708,59
1885,107
1778,103
822,39
1644,1660
795,67
209,100
10,31
229,105
178,67
1834,36
879,35
681,104
1007,94
899,33
1260,132
251,1672
1411,154
577,1666
1035,112
1240,104
1947,109
1051,80
254,1660
848,91
1732,23
1407,85
1447,84
1711,109
768,1671
452,58
921,85
227,68
1686,1666
1501,82
689,98
1466,1092
475,105
368,109
115,62
1697,20
1514,94
1616,68
444,33
998,1656
1847,33
942,1678
1042,50
856,33
1409,75
1226,1667
880,103
40,110
560,1675
1644,1665
1648,1630
1095,59
397,1658
518,56
1526,93
974,1678
956,59
426,96
174,104
383,1672
1310,1667
1399,1654
133,103
814,56
669,85
580,1680
1243,112
1030,54
308,1807
790,33
760,138
919,1671
558,61
1222,100
1461,90
1873,106
1674,109
759,67
1919,77
135,37
1481,63
1795,93
1231,79
934,69
864,23
0,1660
1219,1679
329,1676
1473,1667
1605,1642
528,1642
838,1663
1269,1667
648,61
1207,103
1140,58
208,233
1351,50
1817,64
412,1679
610,98
573,110
1329,1658
1970,1630
634,108
411,1667
624,138
1129,73
1257,28
832,71
426,82
690,29
1165,1639
1172,83
555,1807
1051,60
261,1672
1182,108
358,70
1910,112
1990,56
1260,1675
1775,36
655,101
380,633
456,89
1198,31
1383,33
1946,37
1840,1632
1838,239
553,1630
1882,77
1076,132
944,77
1814,84
152,16
226,43
1812,1675
1422,91
378,1092
293,1659
1551,58
316,24
853,1785
726,1657
1264,138
1762,1673
231,1659
1161,1672
845,101
1112,1092
1553,1698
1934,33
140,93
1780,79
1139,65
1007,1679
130,1233
1485,85
401,1679
436,110
1557,1
416,65
1560,1630
163,98
591,98
719,89
422,107
392,42
1960,105
489,112
142,90
692,1673
1711,132
385,93
1363,106
356,1760
270,1642
1909,59
381,19
1928,1760
991,80
1325,1670
189,54
465,24
415,1666
1264,1678
1066,96
1646,31
890,20
819,16
785,96
1120,83
1779,1658
1723,1676
198,63
1030,1630
1858,119
296,51
1716,73
1827,70
157,132
1958,58
1975,70
380,51
1023,1693
1530,87
710,53
1428,106
535,58
78,1667
797,69
687,1233
1482,37
345,190
1229,66
572,61
613,1671
81,638
403,1092
1809,84
177,35
602,94
1535,56
1926,59
25,87
958,59
1775,56
1311,1671
1706,1639
1022,84
804,239
1637,39
1782,154
872,1233
485,1698
1121,62
350,90
961,23
762,1760
458,59
846,64
652,1673
579,1659
984,95
468,112
1190,51
158,70
1726,65
1097,1673
1940,1673
768,37
1598,31
771,16
1548,138
1349,1673
467,41
1988,80
868,77
831,91
1628,239
1701,239
1294,1807
1136,79
1961,114
1559,1659
605,132
1162,63
613,1673
1897,26
1532,43
1027,1
1859,82
1343,77
1607,1630
1259,24
1313,42
1205,108
988,82
92,31
934,50
1566,111
1983,61
756,54
1973,119
1728,80
571,107
644,99
611,16
276,69
739,39
1238,1675
974,20
1832,1658
507,1665
1074,1659
647,103
27,16
139,1632
1105,1659
1858,91
1622,32
278,131
47,1654
1459,60
808,138
1341,32
1234,154
664,68
1304,1807
349,54
171,84
1277,24
470,64
303,1807
801,1665
147,31
1014,1233
1540,17
1535,79
1303,85
1856,1642
600,1632
448,1693
1193,1639
549,1667
1061,131
1688,41
713,109
1481,16
1637,91
57,1666
1359,83
203,50
1623,24
793,54
1859,1797
1283,1667
621,24
1559,106
236,58
1484,154
1536,1639
564,1660
1440,16
561,131
840,70
236,73
1584,1671
386,1670
1149,1641
694,16
1189,1656
788,93
977,108
901,1632
313,1807
600,75
1223,29
235,16
602,1679
346,53
859,64
717,98
355,1675
1702,85
1280,108
1411,60
1584,154
149,1671
979,94
1904,17
853,633
1443,633
1482,75
770,95
1216,51
1930,77
1274,233
495,1642
1893,66
219,1660
336,1676
1420,20
1015,16
1725,1673
1027,138
18,100
1927,1785
1198,97
1346,54
116,233
1332,69
962,1807
672,41
765,196
1703,1666
1395,1673
520,77
387,54
1127,154
1110,54
1497,51
1831,1092
661,106
1362,41
1969,23
1419,50
1794,1678
229,104
1227,71
681,111
1234,239
1530,28
1113,108
1777,53
563,79
1191,1797
1083,1668
1407,1698
1692,58
1983,1667
1377,1675
367,1233
1628,82
1574,50
925,71
768,1658
1725,190
1763,119
898,107
535,98
1152,36
605,1092
439,190
187,65
1587,50
1152,1679
1151,83
1430,100
574,80
1057,106
1353,1797
1077,103
1909,84
1856,64
756,24
1811,1092
1791,16
1332,75
1100,31
1484,190
812,105
1510,16
1936,71
1110,64
1244,100
920,58
1180,54
1383,1671
977,63
1733,56
942,1679
181,39
1160,58
681,89
540,1656
906,196
834,1641
1133,131
1224,87
1891,43
1696,75
986,89
1544,111
308,77
1396,1658
419,66
473,1630
1967,119
1018,1654
1407,90
1212,84
826,1675
183,26
555,85
294,59
938,87
1442,1659
743,66
1543,239
1047,138
1088,89
591,62
1551,1760
1536,71
304,96
1686,1693
1244,1632
1728,105
1857,1675
293,66
1128,79
1127,41
206,75
956,1656
229,1092
11,107
1191,1658
1764,100
1157,82
172,190
262,56
1039,82
712,91
468,79
6,61
1200,79
187,1672
918,1660
1822,1668
520,1233
1958,110
1800,24
935,65
403,80
1863,39
809,1668
1564,64
271,73
848,56
1917,16
1434,1657
1058,71
1718,35
1112,63
194,70
770,53
370,1671
388,58
120,56
743,112
1775,39
137,1092
808,1807
950,1630
1842,64
303,190
243,35
317,110
1167,110
711,98
1172,1680
1892,39
255,1672
222,53
280,70
1538,107
634,1641
570,107
181,138
519,86
1878,97
1223,84
856,62
1281,99
587,190
368,1668
1843,1233
1650,1639
1277,97
818,70
546,67
281,1659
1834,154
1638,26
349,112
593,100
1338,1658
12,96
433,61
257,1233
402,1092
740,108
1920,100
780,29
1044,36
1192,101
1873,196
1048,95
163,101
626,119
834,104
230,63
1741,69
1270,1673
166,109
149,43
667,1672
1832,36
621,65
1851,1658
203,1668
1932,71
297,99
987,190
611,68
994,68
230,1668
779,138
1811,73
634,1659
266,43
1726,84
400,131
1965,26
1513,107
1114,638
191,23
637,35
1334,75
1373,1657
1351,17
859,105
1446,239
1156,1
1578,87
1173,71
852,56
710,42
731,83
735,1659
1914,190
1803,33
1932,1675
1438,68
1185,1630
429,42
1248,1660
1065,90
1653,633
627,1641
1840,42
1401,82
1701,77
1518,97
787,67
645,33
261,1660
120,84
528,75
749,109
571,239
864,83
1953,111
774,1630
1299,77
472,86
1771,39
1902,37
485,70
1922,63
1192,1654
1534,67
1306,1660
1268,43
1396,96
1733,111
160,1698
268,1667
1936,1642
173,1658
1847,104
1230,26
805,239
1089,60
349,35
539,31
1921,31
1392,75
1631,1672
1007,1698
665,1785
1314,96
730,107
639,23
76,41
311,24
1661,80
1019,91
713,98
159,68
1944,70
1034,1670
146,59
1430,79
1009,97
200,1663
1155,87
1554,1639
810,1678
1960,70
252,1639
894,50
1546,105
934,51
554,95
699,32
1087,75
1012,89
172,96
414,61
966,638
401,24
1375,1656
47,111
468,16
1636,103
1074,1656
595,1639
151,29
1523,109
1007,68
1217,64
1622,33
634,50
798,97
1025,35
1099,100
1748,1663
1820,28
1469,106
1071,138
1806,91
1905,1656
1020,32
1317,54
507,95
1065,37
590,1698
1964,73
882,1
460,111
1988,71
426,43
1739,37
1304,132
1340,104
1547,64
78,1807
1219,19
1019,105
838,1797
309,633
1249,1654
1822,85
1536,110
1883,89
1647,32
1481,23
341,62
1542,84
1207,1667
1104,96
1032,1639
994,1678
658,35
1764,83
1467,53
314,131
1127,103
705,68
189,107
209,1667
300,1092
860,154
698,109
661,103
1490,1
1473,95
46,1233
279,94
997,31
1422,16
212,35
1955,89
687,77
341,1665
1452,69
1180,66
1918,80
687,50
121,111
1719,1
1405,99
1119,95
1102,61
623,26
1335,1673
1428,29
275,99
1472,63
991,1667
871,23
322,90
1836,1
662,86
204,154
719,99
1236,63
905,73
1115,80
783,104
1909,65
935,1670
478,107
1697,1797
1882,101
1423,1693
618,20
72,112
1764,65
1433,87
647,53
1457,105
1920,1785
802,190
1561,1785
1819,1671
1086,60
1733,53
1130,26
505,41
876,104
1598,91
620,1666
470,131
163,633
554,1630
1891,1667
1948,62
735,1693
205,1092
1455,94
1530,29
135,1671
1918,66
1830,62
1355,154
1746,83
842,59
1567,67
1127,1654
1035,114
612,1665
993,1665
1472,1698
197,69
436,53
1006,19
831,108
1041,24
1829,79
545,83
565,16
1691,98
626,94
754,107
1587,53
938,98
1236,77
777,32
1809,19
459,77
581,112
982,1233
898,138
385,101
331,23
1588,1673
1057,105
250,1657
1252,1760
553,1632
1021,75
1265,95
471,110
864,138
1035,1679
246,64
601,119
984,105
1137,101
1469,190
718,68
866,85
1733,39
424,32
1326,1671
1951,112
1570,1675
1230,35
1287,104
1038,60
728,29
1041,1670
397,1656
1905,233
1042,67
1411,138
1548,1639
1178,1667
808,85
1752,1656
724,73
318,80
905,1663
587,1679
1482,29
1139,20
590,1672
629,84
976,16
243,1673
541,104
1297,1660
814,62
1088,43
1047,1760
278,1693
1236,83
595,77
1042,1630
1816,73
531,31
830,41
462,71
1539,53
910,65
1748,101
1342,68
957,1092
1403,86
779,16
543,75
1534,58
1335,63
877,131
715,104
229,58
1261,29
192,1797
1479,106
1761,71
513,29
1008,77
866,103
6,50
691,112
656,1693
289,110
74,82
366,108
1806,96
1919,1667
1562,1676
161,20
1502,59
1731,1807
1284,138
1916,1675
1263,28
1814,1668
1472,105
1829,99
713,91
490,68
311,86
174,1670
1990,62
881,16
799,50
1262,62
1852,42
1965,1797
660,1760
991,108
867,82
685,71
725,80
485,33
394,96
822,96
607,28
256,65
739,108
209,39
1150,20
1811,58
836,68
1426,100
1871,28
681,43
610,131
151,91
1848,53
360,36
1120,54
1598,97
1247,93
883,1660
549,100
327,1658
1089,87
1052,93
1713,39
1588,63
1499,42
1317,111
842,65
1031,75
1550,119
613,104
1421,1
1314,93
552,54
661,1660
1433,633
1987,190
790,80
612,80
871,95
673,60
659,1
825,233
1802,73
1786,82
1009,68
1185,89
743,97
726,59
1741,68
486,138
306,1678
1943,98
645,79
921,1
1180,1760
410,1680
1756,1671
1539,17
802,1658
470,638
771,1785
1068,1665
1342,96
1112,1671
836,59
217,1639
1794,97
253,1675
1189,633
986,638
290,67
455,1663
1258,28
947,73
880,36
1268,85
1073,97
1716,75
1077,1641
1777,99
872,1672
409,1678
1116,1
1578,84
640,100
660,1233
1089,33
1327,91
959,29
1595,1665
1755,1678
157,51
359,91
1780,95
1028,196
532,33
1799,39
1010,1233
882,26
1199,29
1206,1693
1367,97
1846,70
1800,132
629,58
1950,32
1716,1654
1215,1641
429,1678
173,36
1044,43
1192,84
126,28
398,33
1508,24
719,41
8,1233
1826,101
690,1675
1151,106
1333,83
1765,112
1949,105
494,633
1531,70
1405,1675
879,1678
1896,112
1362,190
1607,1672
922,633
279,1680
604,29
1446,60
1566,1641
533,23
240,98
1567,1654
337,86
376,1698
856,108
377,79
434,62
863,1663
219,86
511,60
313,29
295,85
667,84
1328,80
326,131
1609,1630
1787,196
1898,65
1013,75
1327,105
1260,60
1425,17
838,110
1870,43
1213,82
1927,96
1290,103
975,131
747,32
1946,1642
480,29
1725,104
1195,63
921,108
521,28
1553,63
980,1639
262,1656
449,233
665,119
613,1641
1956,19
1596,106
286,233
1141,131
1140,1642
776,61
1956,98
836,31
209,1680
500,1807
1744,50
323,100
755,105
994,105
1962,24
140,1663
1295,1680
