731,1
1173,90
1199,64
1530,105
960,71
1025,83
603,75
1729,93
554,1693
439,39
210,1667
308,20
878,50
1930,89
290,1665
426,1679
1843,66
1202,70
1829,59
713,19
159,53
1194,1672
955,58
479,1670
1185,119
1312,633
1832,96
1353,67
1444,110
472,132
381,1698
304,39
1960,196
1635,1656
1482,1672
140,1807
644,83
1140,1656
472,1678
1743,104
1396,69
1435,1667
332,1654
1493,19
1307,1654
1369,29
1945,82
1159,56
499,1678
1456,1
1455,75
1095,80
467,86
285,35
433,154
895,190
1820,19
1285,1672
1790,111
1331,70
1685,1
1813,60
1264,35
74,239
794,36
744,17
652,138
1850,1807
989,1233
1584,107
1184,1807
1475,1654
558,36
333,633
768,1676
1979,1680
1390,91
1597,65
1273,53
521,56
405,103
599,1671
191,1642
230,196
1909,64
399,633
1457,31
1973,73
1576,83
1077,132
1107,43
1395,1675
833,24
1646,106
1018,20
1135,633
485,107
729,95
1189,1671
128,82
1582,56
1396,75
1362,39
373,112
1190,79
664,51
1490,131
919,63
294,1670
869,70
817,1693
838,53
714,239
491,154
974,1667
612,1666
207,110
1094,1680
653,64
742,1797
1814,1785
1379,1676
2,82
221,94
204,58
1554,68
1708,43
1202,106
525,1665
270,36
605,105
682,108
978,93
927,20
1560,65
488,1659
1067,83
1413,99
756,26
478,90
1255,64
1238,24
1403,91
981,33
605,1663
839,71
1922,1665
1764,112
693,1693
1929,29
974,64
962,1678
505,73
1030,1671
373,66
500,638
942,1677
1884,37
707,1807
1723,97
1153,67
486,1672
1548,1632
518,63
761,90
1480,1630
562,93
563,1698
174,111
503,79
1635,80
1139,23
325,1
937,633
22,35
497,50
443,90
669,82
1228,633
1910,101
220,104
719,70
1423,1092
27,1698
270,54
1543,233
1731,89
1326,69
1148,61
193,59
1409,1807
1300,1632
1778,1680
1722,633
1060,96
485,62
1583,1698
1339,1807
1014,37
266,53
526,1
1887,1666
1066,26
587,53
1986,91
441,41
902,110
869,233
1111,638
178,98
1871,190
437,93
1469,32
168,20
3,85
980,83
1921,39
653,19
1877,20
1290,94
258,61
740,233
1863,33
1352,1665
289,1659
1954,24
1900,42
656,39
1354,66
1283,66
1030,39
1323,43
612,50
1775,33
1316,26
251,138
1780,1639
659,99
1377,28
1674,26
312,1676
1252,98
257,29
1694,89
1359,100
616,196
1114,79
910,80
307,61
435,112
1249,90
200,65
1603,1
1963,104
1835,1678
1942,28
1194,54
399,1658
1400,73
27,59
1985,1092
354,1654
853,1670
430,23
13,85
1354,1641
752,1677
1281,97
572,196
1055,1671
1436,1675
224,1678
174,24
946,17
1924,26
358,1657
1069,1639
1858,1654
1419,1656
1128,1659
1186,17
265,71
661,1659
1431,107
1364,62
1165,59
440,1654
291,58
1583,101
1504,1693
1343,42
854,109
564,131
1960,108
1518,196
1359,106
1215,108
1077,75
564,50
1549,119
404,89
1531,56
1575,77
530,17
347,17
1626,39
1406,109
195,69
1209,1693
148,1785
128,26
1180,106
1308,87
1056,56
1314,138
13,71
731,36
1874,82
1602,79
457,69
1820,58
1894,17
853,1657
174,42
157,50
1516,97
487,97
1414,64
1398,69
828,1807
908,75
693,17
197,28
216,1675
1250,196
1125,62
173,35
320,1785
1421,131
407,1675
395,233
790,1678
220,66
921,97
617,1656
877,54
1930,132
1053,83
1977,103
1986,239
1567,1760
189,69
337,196
373,1678
712,24
216,93
1002,1092
1744,69
454,43
258,1642
1777,131
1612,196
1207,90
1838,1666
494,93
423,99
1056,54
1459,51
360,1
457,119
188,1807
684,132
336,26
1102,86
1971,61
1265,1698
207,1673
832,1673
900,1663
744,69
1350,101
1461,110
1687,190
1620,131
1070,1656
210,26
160,101
1531,87
1849,62
1259,1092
772,1807
1412,196
678,42
759,1641
1882,62
162,59
1730,1092
298,1797
1074,1654
1090,93
709,1675
1922,190
584,64
1923,1675
789,1673
1106,61
1160,19
201,1680
1105,1656
1080,1654
1918,36
1513,69
458,1630
703,1092
1000,63
1603,1693
1472,35
1643,1676
1739,39
1152,91
412,196
1135,24
506,1665
364,1639
76,89
1343,239
388,109
665,1658
524,95
483,41
1273,42
260,39
1490,1654
1722,1659
1792,26
1573,37
1169,1673
665,64
1843,1785
1527,96
485,23
1463,50
843,103
1946,24
129,131
1261,69
1794,84
694,100
929,1672
1396,70
718,110
1093,1654
1325,190
47,1680
620,1678
842,1680
1164,1657
666,1660
1056,82
1689,84
859,69
453,86
1586,1672
487,42
1341,79
1519,233
960,86
228,60
1331,73
1793,54
1835,1797
1189,107
1139,58
1089,1659
332,82
1108,1641
1083,1641
287,96
680,196
1769,32
153,68
1957,1675
1259,104
1405,1630
230,106
1501,43
1268,1660
1755,98
1775,111
1909,79
192,1676
907,61
283,77
176,1
1872,85
1490,94
88,82
888,1679
1695,1676
647,68
1538,35
319,23
788,110
1306,633
1126,36
1951,29
336,101
1513,33
758,66
135,1665
1042,79
1941,23
1581,16
1748,1693
1010,29
1806,53
1310,62
938,1658
925,68
1540,97
1392,103
1789,94
922,96
9,35
1150,1672
1651,101
237,61
734,1797
1397,75
938,96
1903,1233
1009,61
702,104
307,32
1306,1680
1586,84
631,51
502,77
1704,23
750,633
1961,1672
256,103
1433,39
1342,43
1524,96
812,100
603,1667
1189,1672
1821,1659
1619,85
1305,29
1986,70
1882,1659
1419,37
444,61
1167,1667
747,1632
1888,1670
347,196
1836,1630
249,60
1438,1670
380,132
1378,105
1453,633
925,86
616,1630
1636,1676
1125,23
1330,87
1990,1639
1172,56
1101,110
1212,87
662,112
938,82
1074,80
173,93
284,96
928,196
1518,41
288,99
452,20
823,39
521,91
683,1092
176,94
11,31
72,31
1928,638
293,79
350,112
354,111
1167,101
746,67
1703,119
1265,79
1835,71
1157,95
1467,97
1197,56
1574,638
1080,36
1211,100
1925,90
1801,68
330,87
148,50
519,93
774,154
768,79
1759,1641
1874,111
181,54
3,84
1327,65
1972,138
1161,633
1863,32
214,17
378,1667
969,86
1085,96
510,54
1839,75
1525,105
871,1233
580,1666
177,59
656,24
1618,1630
642,71
515,239
1074,66
1094,1
1073,1680
136,37
887,24
1866,73
263,98
1316,106
1534,1679
169,35
404,84
354,97
189,32
49,1663
1096,1630
11,154
1534,42
1917,1797
591,1233
1811,60
173,1666
340,35
1391,638
293,1639
1627,1680
1847,1
1757,131
1723,31
966,58
1966,1693
74,66
1506,71
878,1660
1782,638
457,90
546,94
1520,119
349,77
1347,112
1976,1632
892,51
1448,99
1304,93
1967,20
88,1656
323,1641
254,37
591,110
1695,638
756,1659
1954,154
1333,79
624,1797
531,61
408,1092
1109,1630
1915,1671
651,154
1647,104
746,20
564,51
1265,154
14,20
625,59
934,1807
1124,43
497,1672
297,96
1882,91
1325,1666
1828,51
907,69
1332,56
1177,103
511,1233
164,1658
807,638
1271,53
222,42
721,1785
1533,132
1740,28
253,1658
1158,1673
916,108
1102,1663
994,50
1459,36
1462,51
734,16
295,54
1702,51
1414,65
952,1659
333,1658
460,70
335,28
1957,79
905,1675
1614,32
1584,83
388,138
868,42
632,638
1337,37
234,16
1960,1760
509,138
680,138
1380,77
1002,29
1520,1656
1462,1663
126,109
116,131
425,20
813,99
1208,1785
881,131
329,1630
368,90
421,32
660,1670
867,112
1180,1639
543,31
485,67
88,105
1930,1675
1130,51
501,67
655,1672
423,98
447,104
983,42
487,1
1445,75
532,66
1784,59
242,90
1662,60
719,1670
120,1666
763,638
617,1092
1690,1671
303,1797
1102,87
1765,1667
724,131
942,62
525,110
1738,1639
136,1654
451,1675
986,28
861,54
1608,71
1441,96
709,98
768,1698
251,54
841,58
1141,111
534,119
1772,71
1477,109
324,23
1174,71
1546,20
1341,1656
934,54
1432,1676
1315,239
303,109
1026,70
1174,54
1524,63
520,85
705,1233
1880,1807
1593,64
1616,111
1889,71
1211,63
1143,82
1383,1641
1073,50
337,70
691,61
417,110
202,82
1536,1675
1716,41
848,1658
1553,633
1241,79
1934,96
635,638
1206,97
1578,54
936,67
1364,131
811,1797
959,51
1794,638
946,36
1690,1673
124,104
9,1641
1461,1641
1408,71
838,94
147,35
440,23
1753,85
1864,112
1793,84
362,62
1234,1676
1253,108
395,20
1566,50
1864,1658
136,110
1134,80
927,50
1390,62
158,1667
984,1670
900,80
1292,36
1991,1642
1142,1630
1032,1785
368,70
863,107
5,1663
78,95
954,111
1896,110
248,1670
124,1667
1636,16
825,1632
1915,75
1733,64
333,51
812,16
785,50
1833,1658
1726,97
883,1673
1358,63
1483,39
657,1797
1622,54
1699,65
176,1693
427,67
191,58
1925,1657
341,1663
1948,90
704,61
690,64
1957,132
433,233
1614,1797
986,65
1519,89
271,99
588,1785
1293,60
942,90
1204,1641
636,1
1779,77
287,99
18,1642
1475,1656
248,71
247,17
1886,20
1195,29
1384,82
8,71
462,110
391,86
1046,190
931,37
1344,1654
4,19
630,1659
1650,196
1517,1233
1868,1663
1729,1641
1838,53
1378,1657
577,96
323,66
755,71
1644,1657
1146,1660
1365,104
745,61
1410,1667
1140,82
978,1665
1588,80
1951,28
1867,1233
1095,64
727,106
181,66
1341,64
292,91
974,1665
1260,16
747,111
1729,63
1492,67
926,1667
1811,1639
1204,1663
1135,63
486,96
804,77
1914,1672
1947,17
865,105
848,239
187,69
919,1676
1498,89
123,61
234,104
733,82
612,239
941,101
156,85
1832,94
675,73
786,60
1339,190
1413,97
1697,190
407,196
1389,98
1391,1666
1814,77
1393,103
1961,1679
688,91
563,131
1579,79
1305,28
560,101
1493,53
1223,108
1462,90
1888,1671
206,1632
1887,42
771,108
1031,96
1696,79
1398,109
1212,1630
1402,96
81,1660
693,41
1544,19
1431,65
459,239
576,67
693,90
1245,1693
345,196
787,29
476,28
960,1677
244,96
1330,39
263,1092
1487,79
1731,91
4,96
1202,1665
1040,1668
911,1667
149,132
1936,26
1204,104
1225,37
914,138
418,103
607,43
583,50
1444,1680
694,83
674,1632
1049,64
620,53
1120,59
855,1680
181,53
1358,101
1824,19
670,107
599,67
1351,190
980,93
693,138
1078,100
1381,29
872,35
1543,59
1836,71
177,58
1950,90
1163,1668
1037,77
136,87
1649,1639
756,1654
1448,1632
1081,19
213,87
1546,79
1195,119
1851,1632
1484,79
608,64
374,101
1517,17
1899,1785
1261,1760
1538,103
1222,1668
1520,138
1545,239
916,95
1069,111
977,31
81,98
373,36
1515,1665
172,1233
447,119
872,1693
656,1678
1156,31
346,70
457,89
1324,67
1898,104
282,20
640,24
256,1639
292,109
663,110
613,1807
1974,60
1885,633
231,104
1264,109
711,1698
1158,73
479,196
541,73
392,64
1705,28
1465,77
1604,1676
388,20
1755,60
527,59
1617,51
413,1639
327,33
129,58
1198,50
866,1665
670,1675
1022,190
365,1641
1892,66
421,61
975,1658
1325,1665
485,80
729,100
654,37
455,1656
406,1092
279,32
745,100
1441,1671
694,63
1928,239
609,1663
916,109
1056,58
997,70
1494,1676
1134,633
1912,99
1800,1693
40,61
613,54
208,89
356,33
1990,1680
1156,1632
1006,95
475,1659
221,19
828,61
1989,1670
1054,233
974,1785
884,1663
690,58
503,35
1157,1654
312,54
572,58
116,1092
1623,1671
922,89
1226,43
1047,75
163,23
610,638
1837,633
1751,73
208,1660
830,107
102,24
160,105
1022,89
142,41
200,16
1415,1760
1171,26
1620,93
1141,190
537,32
151,154
408,108
1424,1678
1080,96
822,67
397,54
1376,97
1305,43
1090,73
1841,1693
1072,1630
1386,70
1133,37
1480,31
1685,638
309,37
1325,233
829,132
758,106
1588,111
559,1233
1459,53
1099,106
714,196
1896,1676
1585,61
1023,1678
941,1671
1038,1807
1887,98
1100,1680
1082,17
1581,73
436,79
1486,1673
1500,1760
1550,86
1347,111
372,1667
1105,33
1034,111
1344,17
295,1797
321,138
1903,19
1084,83
881,82
220,82
1747,1663
244,1676
1285,190
147,1672
1664,89
706,31
1096,1675
1617,31
695,35
827,1671
1141,31
1413,26
257,73
1765,111
374,32
997,1693
1188,96
707,1659
821,1657
179,50
971,62
297,67
48,33
1827,1663
1397,1675
1965,233
755,106
1601,1760
167,1666
648,1092
1365,83
377,94
141,35
734,98
255,69
441,103
430,67
488,70
1528,1672
208,69
704,32
1246,104
1391,31
507,83
953,109
629,106
332,94
214,94
1982,1679
938,138
1571,1760
1219,23
1472,84
524,89
52,28
844,80
1331,1672
1960,56
1397,1659
1377,90
588,77
517,71
48,64
1443,83
628,1233
537,60
1127,99
249,196
248,1671
216,59
675,138
1636,17
641,110
1106,154
425,1675
1381,1658
205,103
1421,1641
338,1672
617,1797
348,1797
734,108
1143,1668
1429,110
1899,1630
1513,53
1038,36
1846,1679
546,20
1232,1807
353,64
1752,1632
959,32
46,29
322,39
1887,70
1963,638
1964,59
1857,23
496,1698
1293,59
871,19
1330,1693
582,66
912,90
1437,70
1209,31
948,53
1723,1807
547,1642
1634,82
294,99
598,61
1319,1675
1232,39
1748,77
992,54
1509,1663
1457,28
782,39
693,1672
1467,71
789,63
628,73
222,80
1626,106
337,16
448,61
601,105
175,58
506,239
326,50
610,233
863,233
1490,239
1436,87
1149,1654
437,70
775,1654
634,82
563,82
1425,83
1726,1679
399,62
1195,1641
574,1654
1013,62
403,1807
1662,75
1314,35
525,50
1813,75
639,84
1519,110
347,1660
1075,1672
332,66
1364,23
1108,1657
376,28
639,37
362,19
569,89
898,23
1818,1672
1914,101
1879,79
1152,1668
1294,1641
1185,16
1647,64
361,106
1541,1657
1249,51
988,1
1317,1642
1161,104
628,95
1453,90
246,68
584,29
216,23
6,68
373,79
234,1671
488,1
1301,87
879,63
1787,16
924,1760
1388,61
926,132
1520,77
519,1807
1438,99
1367,75
1682,111
1461,1630
1801,1675
1468,84
844,132
1364,37
1492,82
837,99
1306,154
1343,51
1661,20
777,86
1792,71
248,100
1205,62
1869,103
126,69
1302,70
1088,94
1074,33
1016,105
746,62
11,17
572,1660
1453,59
425,93
1721,65
1060,99
1720,1666
179,106
1858,1092
1697,56
1700,83
142,1785
141,26
1707,131
1887,1679
181,131
1090,131
1345,70
997,33
942,1698
1462,85
660,87
1469,61
845,109
812,1760
134,138
1756,73
1094,1632
1649,1
359,51
1800,29
1432,23
1769,1092
1414,91
403,87
1509,87
1554,20
319,1665
1611,77
12,111
1061,100
875,17
717,132
1917,43
915,97
1437,60
686,138
834,19
356,1641
528,100
931,97
789,131
766,39
609,1666
771,1679
1127,90
742,60
1720,1680
513,1092
290,77
1090,98
333,105
1150,24
836,64
1426,96
1947,1678
989,638
1184,82
1592,79
1315,1630
1705,1668
1247,89
606,83
1334,1670
973,42
1110,1663
1073,196
161,58
536,90
1753,109
1475,73
1735,69
135,1642
882,119
1604,42
1326,138
1971,83
599,1642
1293,67
1138,132
676,91
613,1760
1384,28
1702,1676
528,82
1064,36
1209,87
1213,1693
1603,99
517,112
5,1670
1919,111
1973,29
411,77
1849,39
910,33
894,106
1046,103
1245,108
991,94
280,42
345,1630
659,1660
1707,94
1818,119
1400,90
1861,51
137,1630
1743,51
1796,1698
1140,100
605,633
1060,1673
600,103
285,73
13,68
1634,1630
1354,1670
570,233
1844,1639
171,110
1149,67
1628,96
1317,29
1631,1665
1051,97
940,1678
305,31
1941,190
1336,633
750,97
1836,36
1911,1632
510,80
481,1642
1975,633
305,104
1518,106
1725,82
1873,41
1489,1660
1839,1666
608,1785
1856,239
442,67
446,1675
998,84
1688,66
341,37
655,71
1869,61
1505,96
924,100
1241,1630
1664,1807
910,51
125,73
1033,28
537,39
1238,71
374,70
1045,1233
1192,1659
387,99
167,1679
1079,104
1137,33
359,1785
1605,32
1938,43
1793,190
909,43
1190,132
624,75
553,65
879,119
1841,138
1571,97
1075,196
856,1658
1260,56
1264,59
1240,1760
1917,80
761,23
1239,68
1162,1666
446,33
1044,86
1929,1672
255,1797
219,1785
847,65
777,29
1437,97
254,71
972,104
277,20
1037,98
811,1092
1096,1676
1484,19
1038,1698
139,108
567,100
882,1654
1988,1672
1097,41
250,98
1636,108
1504,37
1747,99
1416,17
189,1785
1953,1760
1878,33
1350,1678
436,1698
1328,66
702,1693
1385,119
1951,58
173,1639
909,93
717,106
845,53
297,1639
901,1673
959,61
265,1
1297,60
268,58
1228,1658
882,58
1010,71
149,1663
756,1673
336,154
780,93
1867,239
301,62
1890,68
697,119
420,1632
754,64
1711,86
1094,60
779,1641
1098,51
1498,67
1816,100
586,239
548,80
1447,62
220,33
1252,86
189,132
1648,109
1424,103
1832,100
655,91
1302,24
1874,633
1349,19
1704,62
1835,110
1926,1233
1490,107
867,110
465,104
1497,43
302,1233
620,1658
1085,1642
1144,26
47,1693
861,1659
552,1657
1841,37
1238,1657
383,1
845,86
294,1672
1533,41
1119,90
238,1
1203,23
1461,1657
143,54
1047,1642
1860,101
958,233
1058,43
908,24
1708,1797
15,104
348,77
163,1671
1125,65
1957,1672
1590,53
817,1092
301,65
1900,1807
234,100
1980,75
716,58
146,24
1587,91
1256,31
1751,98
1114,101
625,112
1637,119
296,1656
1576,87
1849,95
526,190
1245,84
1393,107
989,1632
1875,69
826,66
1589,101
1228,131
1393,196
1272,1673
990,90
907,1666
1816,1668
1615,60
758,65
117,71
369,1659
620,98
1924,60
325,138
842,36
403,58
518,65
996,91
1096,105
542,1233
379,75
1743,1639
1280,1668
1836,93
894,638
347,1663
1749,50
1971,104
1557,85
379,56
76,1676
1584,29
236,633
321,103
1646,1667
160,35
642,17
645,100
921,94
1970,99
1168,41
391,70
1356,24
1377,101
1983,77
1638,1666
1845,108
1311,190
964,43
1500,101
72,99
1052,1660
688,93
1865,105
1333,1693
230,1760
1173,1092
1652,1673
1412,56
596,1233
560,103
1338,90
1156,37
1655,107
1032,107
1324,89
1328,28
1163,93
117,73
1647,1693
1887,20
1535,1667
521,1659
525,35
123,239
801,109
1836,83
1897,75
497,54
1146,1233
385,1660
1886,103
1535,31
676,32
1447,67
773,16
846,638
388,50
301,1807
745,1641
1980,111
1741,1671
270,58
211,1630
1060,29
804,1639
286,154
1826,1630
904,63
1457,63
944,86
526,154
1520,1807
1635,1670
431,1092
937,1797
418,101
1271,82
1935,109
413,190
489,1698
269,36
838,1665
825,1676
537,154
977,35
1056,16
320,68
1099,82
13,95
1334,97
529,112
508,83
1120,61
1768,1785
1425,62
366,1676
1358,154
275,35
632,1676
832,94
1475,90
1863,29
1240,75
1313,1665
1118,108
1981,50
312,28
478,1673
332,103
1437,138
1330,68
999,1671
1971,68
1515,64
619,23
1478,84
911,103
180,19
298,1654
1145,67
1755,32
1003,1797
1191,108
659,103
18,37
1359,96
1256,105
1121,43
1963,108
1107,104
846,1680
890,154
1956,69
411,239
1443,106
1650,24
1653,61
516,90
1524,71
1552,58
1629,36
1441,1675
229,87
581,1660
1669,35
593,1632
778,70
906,19
1723,16
879,82
771,61
1506,66
1571,68
439,1639
1645,53
1408,96
1941,58
1759,61
218,58
1966,633
1568,56
1127,1671
976,98
459,1632
579,31
451,1680
750,84
1522,1665
1402,1679
409,62
288,19
737,82
1347,1663
1752,35
294,89
1694,60
1316,1760
1624,29
1791,1679
985,103
625,56
1946,62
843,65
401,54
1966,53
1342,101
350,83
168,1659
189,79
1848,89
268,1675
1284,53
1008,110
1340,1639
494,87
151,100
1720,19
1701,1642
783,1785
1210,87
751,53
553,86
1089,36
143,1642
188,239
393,1233
1388,16
1516,93
1864,87
889,63
1149,51
1884,138
194,53
1169,29
429,36
216,1679
1448,84
740,24
955,1672
10,1667
246,1663
895,1642
288,33
1708,239
1226,1797
0,1807
1056,1678
1002,24
605,1665
1852,84
749,103
864,105
1359,68
991,62
1751,56
1531,93
263,67
1041,1797
1263,1666
608,110
806,65
735,37
1912,1680
644,100
1808,33
779,33
1114,1092
159,1657
220,1657
776,131
1527,190
387,98
1526,1785
1538,73
1133,35
1219,633
816,42
463,132
1241,66
305,1668
353,58
938,1680
1060,1807
208,73
204,1658
680,93
1431,26
1302,1670
1967,1680
1478,19
506,1659
432,1642
1713,1660
241,96
1950,23
1750,1797
338,80
1831,1660
116,109
1074,23
706,29
1437,17
320,1658
432,100
1520,1641
864,103
1437,1654
1610,1760
1613,41
1896,99
1824,1658
867,99
1684,1666
301,1657
1483,93
1066,79
236,82
259,29
387,80
745,70
1920,1666
785,69
1032,66
1102,1630
977,107
719,1760
1866,1657
1495,233
1042,103
1877,103
1509,29
171,77
1516,65
272,190
1875,1658
312,101
683,54
1736,62
1182,28
321,233
136,1639
912,110
268,138
1229,31
1118,36
1105,17
1234,1675
1053,1671
1574,1693
1380,108
1715,131
1805,61
1664,41
1313,61
1755,104
1151,53
1960,58
203,43
478,99
11,86
1060,91
1635,1663
594,53
738,1659
712,56
1463,1797
839,239
1029,75
1767,77
866,75
205,101
920,37
1572,77
1363,638
1455,86
981,1679
191,39
797,1672
674,95
289,59
1267,68
330,239
366,59
1948,85
1754,638
1169,90
1376,1672
1618,33
308,112
1357,75
1034,190
117,1658
261,70
1030,66
625,1657
426,1658
984,638
640,1654
1191,85
1503,1641
329,1807
1109,1698
542,1675
1377,106
1585,1677
293,87
665,86
1738,101
1956,60
1653,86
250,1760
145,96
350,43
441,1659
1137,109
676,1663
1962,86
128,87
806,1092
556,111
1733,63
773,1797
3,1667
691,26
1686,239
1519,138
624,23
1099,1693
1486,65
369,1658
1041,1678
1723,86
603,61
1821,1671
775,1665
834,1665
747,96
1925,1785
1144,1698
1489,77
221,89
1071,37
1179,31
1826,196
639,39
1897,233
538,60
388,77
541,1
1973,132
1259,90
7,1663
602,17
1597,110
535,1677
1691,233
534,32
1525,1639
156,80
927,19
1246,1641
307,36
1179,1670
130,1665
863,59
1714,29
496,1807
1627,190
216,106
550,51
1911,1092
661,20
384,32
1467,87
1932,59
152,60
27,82
1001,41
1244,99
1616,60
1925,84
1326,1673
795,41
1920,1660
802,61
198,104
1928,87
758,80
1576,1641
174,1
1425,67
1378,101
738,132
1861,1672
1129,71
925,82
1525,99
1310,1675
1407,67
1614,105
948,100
1940,82
1354,93
1799,233
534,67
1604,71
426,1630
1236,89
1163,1675
1688,26
1873,98
1302,68
682,91
1751,1
1878,1675
1415,1675
689,59
1687,83
860,36
1450,68
1215,196
425,67
542,1654
1335,53
608,36
1344,638
1627,1641
1053,154
1861,93
873,64
1120,79
491,95
1184,70
1493,196
377,20
890,1233
664,20
1038,16
1827,35
191,73
909,100
1942,1658
1685,1693
1213,54
953,58
632,1677
925,36
1957,87
895,1760
710,80
1300,16
219,1665
443,111
1813,1092
1283,73
254,63
55,58
1802,65
938,64
1126,1807
1015,82
726,35
581,94
1306,29
689,53
1890,1785
1852,32
361,68
1963,111
1249,93
806,90
749,19
1697,95
945,1670
906,1668
1956,70
216,70
15,638
455,1671
258,1667
1018,1233
836,66
397,96
1881,132
593,1639
634,23
1955,23
413,32
930,138
1924,112
1334,1668
1709,28
1837,103
346,69
457,94
1770,26
1898,87
829,1092
1682,62
1203,33
855,196
1304,50
18,633
1432,103
1452,154
1696,110
496,1693
1260,101
710,66
1563,1092
1870,64
569,20
1839,101
975,90
868,32
905,58
895,1639
1135,98
1651,83
1155,96
622,19
1826,1665
938,50
424,1630
1282,101
662,131
955,119
759,63
1148,94
7,58
421,58
1221,1
1774,105
1810,1630
1026,17
1871,1233
1690,56
162,16
661,58
1033,97
139,1660
691,37
489,1693
566,73
508,1
148,1670
1375,119
1893,1632
1454,1666
1405,70
1187,239
987,85
940,1785
1382,1760
613,51
410,94
653,50
1374,68
1840,82
797,93
1044,66
1354,16
900,1654
1830,1654
1098,29
412,108
407,1670
1337,41
1380,73
921,100
1917,190
1185,109
1311,1679
160,108
1339,138
860,111
1430,39
992,31
1953,96
1349,61
184,1639
496,99
1626,131
1882,41
1097,61
1868,196
1426,51
603,1630
296,154
1737,109
1278,79
1244,43
1372,16
1426,66
529,1760
397,132
1841,63
649,1693
1001,1630
689,1676
1777,23
1338,19
1695,61
630,87
1013,85
1810,111
282,119
1887,111
310,1673
1112,65
1554,104
1735,43
338,190
925,26
1520,1676
767,43
969,96
1802,132
1162,39
495,1630
388,100
1681,107
1293,101
1294,1670
1725,98
1005,93
787,86
303,1639
455,60
1397,17
18,233
673,1663
191,1660
1762,233
200,1
516,1807
1585,1632
682,19
1255,36
1097,94
1600,99
1835,114
611,24
480,1654
1643,71
349,1671
1781,1665
1986,109
152,66
209,119
113,1797
1113,24
748,69
1389,1233
1210,104
1023,77
1469,99
1595,119
1264,43
700,23
318,28
1930,67
719,154
369,36
1474,1233
602,58
549,1675
676,111
1005,79
899,638
1087,17
1512,1673
1805,60
701,1666
499,108
193,71
1960,59
1687,56
531,107
435,62
1063,104
1748,58
723,1641
1363,28
1605,1675
445,105
707,1642
394,83
125,107
1107,35
520,71
1778,106
1143,60
1342,131
1055,80
1476,59
229,110
141,82
1143,1665
997,105
1168,1675
838,61
1874,37
1602,190
1252,1807
897,1233
589,79
1127,1657
1012,1642
1881,109
1763,1693
1226,154
1499,104
589,32
1529,75
851,1671
486,106
1869,239
163,1673
426,1659
1551,1639
1387,50
709,66
160,23
217,42
145,1641
1587,93
1273,63
1057,80
262,1630
1154,96
748,1663
1620,19
292,1667
1470,100
995,68
1882,108
1919,33
1095,1673
1849,93
1534,1
1922,1673
1086,84
607,51
169,105
1382,85
944,59
1298,60
1761,60
712,39
1049,104
1312,96
1737,59
484,83
1852,1642
1541,17
1028,100
1124,1659
1770,53
1645,93
538,1668
1445,29
808,110
1749,79
554,638
335,35
1203,103
1574,42
875,54
913,1663
986,95
945,132
1118,1
1584,31
989,83
1933,26
1437,85
102,84
1869,114
1057,98
1168,43
1902,138
817,83
890,1659
431,89
588,108
934,64
425,80
374,29
791,1680
1577,1679
1479,109
343,41
437,36
1627,1675
424,39
209,77
1331,138
234,1666
1852,1656
710,1641
1032,109
560,1668
281,1639
1796,87
489,638
1267,35
1449,68
1691,1663
1219,196
1752,1663
246,638
579,37
873,1658
343,1680
1207,1233
1226,1642
1361,107
1047,1785
1037,87
248,103
1019,24
317,1630
1135,190
1779,1092
1198,26
188,1665
1012,105
1953,73
1185,39
764,1632
1853,1658
435,104
971,106
934,114
1733,1670
818,1797
658,112
219,196
736,1092
1804,29
775,93
407,71
1846,1630
215,112
188,86
1958,23
1834,1
1407,1785
1821,1785
536,32
1357,1642
1474,1658
1296,1680
1224,77
546,73
1210,32
1686,1233
532,20
1068,70
1327,61
1310,31
503,91
508,1639
1172,100
948,107
801,1092
286,1654
1749,1641
1215,23
166,24
1553,90
206,131
874,233
592,196
1694,67
1417,53
1256,107
1881,1656
1434,87
1046,104
1963,110
273,119
1361,1658
203,1678
1714,62
1147,131
278,638
155,119
465,37
466,1632
1039,59
1021,104
711,90
529,1642
1818,96
516,68
628,190
1895,82
1090,97
636,1665
266,33
1854,103
932,638
1419,1680
1473,24
259,66
778,68
1311,1092
1373,1663
141,154
358,1760
1341,1
973,39
1351,1660
925,132
1206,63
1030,233
1031,64
241,233
1505,1654
976,100
1754,1665
1347,119
942,39
1061,19
1853,23
1448,104
379,1233
510,37
1590,64
581,190
1651,82
1762,83
398,94
1202,58
244,64
27,1668
1669,1760
1852,64
1521,154
415,131
1373,35
2,1678
1326,107
1935,1657
857,50
1457,89
725,107
390,86
122,16
1080,86
1062,154
1889,62
216,85
1503,60
1011,60
1170,1807
377,70
1503,77
313,20
1578,95
488,110
624,80
879,98
208,93
188,233
818,112
1078,68
1307,28
151,1656
900,1760
1527,633
1846,89
446,58
1354,17
1744,1673
507,56
1741,1657
575,91
1058,99
1904,79
1651,32
662,35
955,23
1699,1666
1276,43
267,41
1432,1667
939,1659
1620,89
1289,111
350,67
903,109
1228,100
658,70
1400,107
1473,75
1475,1233
1311,1
229,73
1911,86
903,1639
1227,53
990,1657
1197,1663
255,32
22,131
1544,64
552,138
1250,97
164,112
1626,1630
332,36
426,33
761,20
137,82
942,67
801,43
770,112
1947,58
1030,100
574,1678
1394,61
615,119
178,1654
1856,111
1546,17
456,108
961,79
356,1677
707,1663
635,16
843,111
866,196
1804,1666
172,239
262,105
1004,58
1504,56
697,1676
6,98
192,42
1281,32
1190,90
513,94
14,1641
1033,1671
792,19
441,1233
1113,31
543,1668
909,90
1978,131
885,107
1199,73
1790,100
739,1693
1401,1666
446,71
1796,29
1988,79
1718,112
1186,65
1351,633
237,83
1819,69
860,1658
241,16
298,233
1701,105
389,1092
1387,1233
1248,633
1525,1665
591,95
224,39
1383,19
136,19
1792,16
113,1659
1909,71
509,26
257,95
1087,97
995,89
578,83
1862,71
1366,56
1111,1233
1358,1676
1700,53
1828,66
355,1233
685,1667
1720,80
945,1630
10,19
856,79
1706,111
1190,84
1911,58
1605,1
977,91
1934,119
464,50
600,84
797,1670
1581,24
1449,111
1746,89
218,1693
1808,1672
426,114
1203,24
831,17
1061,90
968,1639
431,1641
1414,16
350,1659
797,50
1635,138
1283,97
1144,1797
237,69
291,107
1160,1642
555,96
303,1658
578,50
1276,93
135,59
193,80
546,638
1865,1654
1306,1672
981,24
1959,35
253,39
1009,1673
1110,79
1882,28
986,1675
143,1678
519,119
1644,1654
829,69
1612,20
637,114
1726,20
1486,71
1113,1807
344,1654
1445,28
1411,132
1874,20
1709,85
403,63
1861,1668
208,37
446,99
436,61
1253,58
478,1680
922,106
941,190
1278,1657
1465,42
1283,111
180,58
666,119
388,79
244,31
1648,61
1059,1630
571,190
1323,85
1731,80
830,39
1933,106
1865,1632
1795,89
527,77
1481,59
986,1659
1572,1657
485,53
220,1676
1251,132
1604,638
1493,79
779,107
1514,68
1278,53
531,1680
1207,107
1958,1663
1284,110
511,108
519,101
1456,85
795,43
1278,132
1153,43
602,1785
590,138
721,41
1082,98
720,239
22,75
832,67
1735,93
349,1807
1974,85
1958,196
241,93
480,109
1900,51
1516,1656
944,1654
1027,51
969,63
1880,63
851,63
585,111
396,1632
340,1698
951,104
1840,1693
1031,1656
904,83
1977,66
267,111
1914,1657
1433,138
331,138
796,112
1261,132
1443,97
711,103
1895,95
477,1667
403,1760
1792,638
269,33
1160,66
300,633
1170,103
1690,196
313,104
869,99
245,19
670,108
1297,104
875,132
201,85
596,42
467,1698
673,73
450,66
1250,59
1547,51
1381,105
1293,77
1018,1665
1424,132
1937,41
1811,1670
486,1
1337,19
1543,71
1691,70
1565,1675
1508,108
901,90
1512,103
246,1665
561,1659
1394,1675
605,70
807,1678
793,68
4,83
1145,1797
799,58
1155,1672
1356,63
1103,104
1238,63
1773,1654
451,89
485,1797
145,60
280,79
337,98
1294,108
984,77
1244,65
766,1797
1799,1693
1144,85
1217,97
973,85
188,101
1617,1642
397,239
1395,68
1945,19
970,51
646,84
653,62
1834,131
1428,110
1581,96
1485,75
1286,132
593,83
335,20
1368,17
1314,85
1082,233
342,110
1910,41
1547,33
1361,86
76,62
545,1
402,98
1859,96
264,31
45,112
1191,31
381,1668
1681,1659
443,1673
813,107
690,1632
1113,1675
1959,26
1154,41
1121,58
1008,131
1620,84
917,61
1275,71
1040,64
1137,90
1376,104
1895,67
333,23
1905,93
1207,93
454,67
758,29
1130,90
1575,1660
1459,42
1888,98
909,53
175,1233
1031,32
1855,1672
1328,41
1013,65
1790,73
278,108
1331,100
546,106
221,110
349,89
78,1673
562,106
797,91
1015,1668
1065,65
1747,1671
1478,1667
1058,96
448,1675
1155,80
360,1233
642,37
1185,99
1515,190
1909,98
283,104
303,101
1336,96
974,16
461,67
903,108
940,96
1616,119
1189,1785
587,119
1946,190
849,154
526,1698
584,89
309,32
1799,1665
1217,77
701,84
573,41
795,19
1609,41
1955,53
265,138
1459,56
1230,99
1072,77
1402,50
1257,71
406,35
296,1092
690,86
1763,87
1485,111
1418,56
445,1656
892,109
125,1668
1801,633
697,105
1340,83
662,67
1216,33
281,36
706,233
1979,1676
1563,77
1084,104
951,35
1277,633
1664,94
1424,109
1209,119
1207,1668
823,101
995,42
1650,1092
303,107
1942,82
732,33
1703,1680
1764,86
736,36
1358,1667
964,1785
701,132
1865,71
544,65
301,1654
357,36
694,109
381,190
296,138
886,51
1737,29
340,83
1244,59
255,64
1910,1632
1933,1665
960,32
1773,66
13,100
1908,65
1139,132
1985,82
1893,633
791,85
208,58
1024,1092
1726,1639
840,1679
535,80
130,51
497,28
152,1639
137,67
301,58
194,20
824,131
1601,19
1819,68
860,1659
1822,51
1588,1807
46,1672
1098,63
640,1659
1889,1654
1561,1233
1269,54
1470,233
758,1679
615,100
263,19
193,69
304,64
1832,104
431,71
675,83
485,1659
1960,61
910,96
1985,1760
1771,109
994,1671
1862,68
485,16
839,91
1029,39
1285,77
1107,37
1953,1797
408,77
651,59
1004,41
1640,89
697,1693
1180,36
685,1666
775,154
762,23
1149,1663
856,80
141,80
1338,66
1854,60
1429,105
883,1679
845,82
1806,131
1699,71
283,1641
463,1807
1392,17
1586,1667
1068,110
518,75
1662,66
1240,101
207,96
1075,36
1495,105
717,233
1195,1679
1845,633
745,1760
636,31
468,633
1923,131
1115,58
1596,1693
607,1678
662,111
241,1
1789,54
1404,20
1776,85
689,131
304,239
1614,131
931,90
345,99
327,87
1360,82
874,16
1559,29
803,20
1067,93
371,54
685,104
205,1672
192,1667
374,1
1818,56
528,1672
819,37
1518,1659
1248,107
1582,64
1181,633
423,93
1312,98
907,1670
1294,54
319,28
798,59
657,83
1908,54
1273,633
117,67
1017,77
1239,1632
1516,17
1203,1676
1230,73
1916,1656
1810,67
1442,105
1061,75
436,62
510,29
609,132
199,1668
1594,103
1865,1797
565,103
839,1672
1961,70
130,1658
1640,1785
1029,1668
865,99
372,85
615,59
1501,54
605,97
18,61
420,633
645,96
1970,31
945,100
569,1642
1959,67
806,61
807,1658
21,65
482,1
1017,1658
654,65
1229,1671
1600,95
1892,53
384,35
1329,79
1278,58
1372,43
570,93
1854,73
1712,1672
1059,51
621,638
1852,1658
1028,84
74,41
3,111
498,99
946,101
124,41
895,90
1213,33
1341,108
1169,59
342,67
144,70
12,1698
881,1673
1310,1678
723,154
281,1671
935,1663
844,16
183,108
1344,94
652,53
1294,1660
267,17
1064,77
456,86
274,69
220,23
1434,67
1735,633
1237,638
502,39
1423,103
1559,33
323,1680
288,233
200,91
897,43
771,1668
182,95
1090,1670
1628,638
1500,119
661,35
606,1660
367,70
1627,1642
1129,1675
1972,1679
1689,233
1157,233
681,32
825,1680
1747,31
383,70
521,1679
1113,37
1261,1657
1515,1673
1061,1657
1784,24
1837,114
327,1663
386,79
778,35
687,239
1692,16
953,63
1626,1654
1352,1673
1973,1641
1152,107
1907,67
1564,90
757,24
478,1677
1215,1660
1920,96
1809,1673
398,82
1584,61
534,80
952,112
1644,31
1442,1667
277,90
1148,75
1557,1659
1373,64
786,26
1963,96
772,89
991,87
974,53
775,60
796,71
1955,1668
285,1660
715,17
1727,104
1524,67
1972,65
1018,66
30,28
160,1680
1582,110
276,132
1345,43
423,119
1001,1639
997,94
377,43
620,33
1622,112
1055,1679
278,83
1719,64
1297,89
487,107
399,111
867,1679
1540,50
1229,69
1601,36
510,43
848,32
1661,66
422,23
1024,35
172,1660
1616,1639
1465,87
1522,32
1566,239
410,1654
267,61
1501,108
142,33
1523,1654
1087,89
300,67
1494,53
1539,24
1517,108
967,79
364,32
21,119
226,65
1514,24
1745,1654
1687,1679
1962,154
455,1654
551,1693
1715,638
424,100
1808,70
6,132
280,94
466,633
1004,103
1301,23
664,196
1069,91
295,94
1884,96
488,80
1924,97
732,633
1825,1654
387,1676
901,1680
1327,98
1371,1680
1361,54
1000,90
1015,1671
1910,56
1361,71
753,1642
1530,1632
1805,132
1402,1693
812,633
448,1676
1188,154
1027,28
737,96
1624,64
260,75
1553,68
479,65
1333,90
1022,67
1174,1680
1862,89
1832,28
1559,91
604,103
1707,50
1783,1785
665,29
242,1654
663,1680
374,91
1001,85
1138,1678
468,20
1118,1672
1925,24
1474,1676
573,1667
45,638
449,1693
151,1
1811,97
560,84
157,1092
1463,196
1446,132
1452,1671
1938,36
788,51
771,29
232,67
512,53
840,1666
1286,97
1112,68
1917,107
669,97
1846,41
950,1760
1878,638
974,1660
392,98
801,154
1796,1233
241,1665
1451,64
208,1632
206,239
1057,73
1974,1670
428,93
927,53
1048,1632
531,94
1728,60
1856,97
146,64
129,24
1124,103
1902,82
1295,96
303,106
567,99
72,94
273,67
863,98
1218,111
374,85
1596,1092
769,89
1584,1668
1011,26
1186,1632
1868,68
1062,23
1978,1642
1143,1676
1603,1639
81,1678
573,58
849,36
1476,71
835,89
1847,112
529,60
1520,41
329,86
1159,82
828,104
1469,96
1989,633
938,1678
1025,1670
1150,1797
393,95
694,1665
1601,97
1304,31
1378,58
1838,1654
1010,64
1732,39
1557,60
1478,1
965,82
506,1673
969,23
308,29
113,67
1447,1680
1104,1632
1957,1665
281,53
1188,190
1923,37
1070,190
1974,1680
416,1675
1426,1670
113,1657
509,24
1067,110
1306,80
723,1642
478,103
995,91
367,1658
1653,64
989,1641
346,1667
1201,31
705,82
1440,43
1264,633
1854,82
1272,84
148,16
1572,73
1829,1680
566,58
1338,67
611,233
222,138
1699,70
980,50
936,56
3,131
410,131
602,233
1136,23
1300,106
918,107
5,60
868,20
1310,71
1223,1698
616,1785
730,85
214,98
15,119
804,70
1843,91
186,1641
943,1675
1903,61
1817,1678
1723,1797
213,1670
1430,97
955,67
760,233
1024,154
597,1632
435,17
1257,638
1648,239
1463,24
1161,96
1842,131
491,119
1008,91
862,138
1362,28
1952,196
1055,67
1312,99
526,1673
780,1673
708,190
744,1679
156,1657
568,1641
565,1657
1817,112
1301,79
494,19
1622,91
1576,1663
1041,1666
546,32
1652,60
1044,1673
144,58
1927,28
1526,95
1327,26
878,100
697,37
1303,29
1310,1693
811,93
872,93
1278,1663
305,90
433,109
489,1797
1179,1660
510,109
1344,65
1273,93
555,80
1694,1679
1772,1
1681,70
7,1659
1444,36
535,1673
533,1641
662,233
635,95
502,42
634,1670
1741,53
1104,70
18,77
1342,64
1346,31
614,65
466,1659
1872,59
1600,80
1322,20
516,99
636,1656
766,239
1177,50
1416,32
578,1675
556,89
1854,1698
866,107
1099,91
970,29
646,110
1460,1676
1123,190
936,20
717,59
460,36
1571,60
1274,62
889,20
1850,109
1263,16
747,1670
365,97
848,69
1112,60
1182,110
1905,1693
1278,1641
1515,73
837,109
1210,1673
1616,1660
1065,138
161,1668
1283,95
569,109
1967,233
1145,1672
1563,1760
270,63
1481,1678
1009,39
1145,37
461,1092
1148,54
445,43
139,90
1063,63
991,96
115,107
1384,196
1039,54
1721,75
390,105
940,31
583,43
1020,1785
681,39
772,138
259,89
1456,69
81,105
902,103
1166,94
360,32
529,107
258,131
1695,87
960,105
339,84
730,1679
218,53
589,98
1213,50
81,1639
1071,84
1567,41
613,108
669,138
429,59
710,84
140,50
1265,1667
143,103
1981,77
807,60
241,77
993,64
1950,50
1401,67
859,1665
683,131
205,1659
21,1630
355,82
394,1632
824,43
1603,1233
1491,31
521,77
1536,32
391,1807
303,67
203,1667
310,19
1112,1667
1788,20
1526,1639
22,1671
1902,20
836,63
1745,1659
715,16
1412,138
1086,97
164,1660
1123,1785
994,73
1059,65
1533,138
1828,132
1208,239
896,107
1251,51
1379,70
205,41
377,42
748,111
768,85
973,36
791,61
1952,109
278,80
386,94
1095,19
1228,1630
1445,32
1964,106
1010,43
885,51
1859,1656
1975,1630
905,1665
1978,58
219,633
1839,97
1434,1630
440,1663
455,84
1323,16
352,53
478,1807
681,638
888,86
356,638
1117,59
766,91
1890,1671
1521,104
496,105
632,91
672,108
1704,233
1542,1785
506,190
1814,114
1687,1678
933,91
888,1632
1733,98
1828,138
1982,41
1069,90
1109,67
1938,51
360,28
657,26
185,1667
309,77
1435,87
1328,43
1790,79
1499,50
804,1092
1870,39
359,77
1857,50
275,66
1735,1797
1289,1668
773,1659
1425,1658
409,98
1974,1
1544,36
1117,1670
1548,1666
1741,1654
173,26
1779,24
1027,31
1269,80
810,87
1145,98
864,110
21,23
1471,239
1845,62
1493,1663
299,1665
874,91
404,112
722,23
1862,233
155,84
1594,1659
932,1680
1767,36
758,1092
1625,1659
923,43
1905,77
417,84
553,58
1459,58
356,79
272,54
970,85
1674,1659
755,131
1894,56
1788,1677
522,96
1661,1785
1295,1797
1739,83
1078,85
822,633
361,1632
1450,1642
1643,1673
942,70
965,111
1357,51
315,86
139,132
1190,1693
1890,63
1560,1670
1893,82
1087,239
1552,1654
925,1666
1098,154
1444,98
217,67
1377,65
1546,28
1714,64
166,132
431,32
454,131
274,1671
1768,19
273,66
1895,16
115,35
1643,59
1606,77
209,1678
1043,107
198,132
1709,1656
708,91
1355,26
1796,1676
896,69
215,53
735,1698
255,66
1605,28
1180,71
1056,93
294,1680
778,105
529,51
13,98
380,107
1692,42
1878,1797
1061,85
470,1672
1743,1673
507,104
1371,43
40,1659
1580,108
1890,94
315,100
1776,89
118,1665
1430,84
490,1657
1191,51
257,1672
1983,87
1842,63
1381,1665
924,70
746,98
964,61
1580,1679
1925,1092
1861,114
1510,96
940,70
1422,108
654,26
158,31
397,83
347,66
545,633
1119,51
752,35
920,89
1237,36
1475,233
1918,95
396,28
1378,90
1341,70
460,1
1061,71
1685,23
1947,106
204,62
1111,1671
841,77
1819,84
938,103
1826,62
1884,1654
1386,633
820,71
1360,84
1216,190
977,1678
1384,90
278,1663
133,1677
833,101
672,37
394,65
169,109
594,32
614,39
1935,23
361,131
1308,97
1166,67
1979,86
805,41
570,56
1783,94
1723,109
363,1693
1927,31
1179,101
957,1785
353,107
46,54
987,1658
1564,112
1322,1639
609,154
1106,1698
1848,633
1718,83
969,50
1694,1676
1702,1641
45,23
1681,69
156,62
820,85
1745,32
270,50
175,1630
921,32
462,64
300,107
1758,196
1137,1678
917,20
665,43
1219,1676
297,1
945,1693
502,90
1579,54
477,1678
3,1639
688,83
1222,1680
1113,1660
1778,138
1633,31
1579,71
943,111
1801,65
383,82
330,42
1166,77
1027,1673
1545,68
450,1657
878,1641
994,132
1715,1630
1280,1785
1893,1233
1857,91
716,1657
704,17
339,54
1131,1678
911,1092
818,41
1265,1680
490,54
476,101
957,1660
905,1
764,106
201,138
626,71
1752,77
1255,138
388,56
854,95
165,1092
1751,28
371,103
763,19
384,132
189,37
1353,1676
1887,1639
1871,98
1008,233
880,1672
718,50
1406,1675
651,87
10,85
1422,90
803,1670
468,83
1342,1657
770,1659
990,56
1253,638
559,77
127,79
1163,65
117,37
300,1693
125,1658
1374,109
1857,85
457,32
275,41
1573,1671
1078,239
1371,19
1193,1673
379,109
1283,63
898,67
1892,1657
392,90
1316,1641
348,61
1070,132
1553,94
887,98
264,20
1444,89
14,96
567,154
1256,111
763,33
1372,1693
159,132
22,1668
403,1666
782,20
1523,1672
222,33
994,70
1436,17
230,1670
580,37
1629,62
669,638
752,28
1449,138
1582,108
1581,1639
556,62
1012,1672
1578,105
677,36
1247,70
386,95
459,1673
1738,1785
302,91
1561,32
876,196
1346,1678
333,1663
1070,1672
1425,1679
1262,1630
1469,1630
1661,64
1608,84
1954,32
1019,1233
159,84
1890,24
1748,1092
897,1665
1401,61
558,106
230,43
1563,19
1124,77
425,17
543,131
894,109
765,1659
594,89
1569,1677
1832,1675
561,96
985,154
1467,132
1133,43
288,1659
1282,1693
291,1632
1605,39
559,97
1476,109
1494,1668
1649,85
855,96
1173,75
1234,1663
221,1092
1324,41
630,94
683,1639
1849,638
1442,60
1871,1785
1169,23
1921,138
48,633
693,103
219,1760
1788,1630
313,1233
429,1667
523,633
1094,90
246,1760
1743,1233
1209,106
1450,132
1198,68
1970,37
618,50
762,1666
1121,73
1208,1666
307,99
735,35
1325,63
252,1233
1268,63
1767,39
830,1654
1127,196
316,66
1646,58
789,1677
1715,1641
1241,68
798,99
1395,37
1344,1233
1824,69
838,101
840,1668
753,1673
918,77
704,89
744,32
318,23
439,91
1475,1671
1202,75
669,16
780,53
602,53
527,1666
538,67
925,1665
1778,1663
1714,65
884,112
1899,71
1026,95
1892,110
971,54
1606,66
1989,90
407,26
1684,1672
1599,97
881,1797
809,32
1011,28
1733,69
295,239
444,29
983,66
698,1092
1622,61
943,154
1153,98
289,35
1585,39
1285,1675
403,39
1648,1665
372,1642
1078,36
1144,1676
1601,103
221,79
975,154
773,1630
308,31
1451,35
1212,1667
1512,19
1809,35
545,60
1410,110
476,1670
881,68
1269,51
1215,43
428,77
155,1679
1977,24
1081,83
1795,97
1487,29
1168,83
543,85
1315,132
1724,56
1703,1667
769,56
695,190
1342,53
847,633
1774,24
708,59
822,39
1644,1660
795,67
1493,24
193,1663
10,31
209,100
178,67
879,35
681,104
1007,94
899,33
1915,51
1260,132
731,104
1411,154
577,1666
1240,104
1516,1665
1947,109
254,1660
848,91
1732,23
1407,85
1354,35
1465,28
1447,84
1711,109
921,85
227,68
1686,1666
1501,82
1074,132
1148,131
689,98
1466,1092
115,62
1697,20
1514,94
1616,68
419,638
151,53
444,33
1847,33
1905,26
1042,50
856,33
1409,75
1226,1667
40,110
313,80
560,1675
1644,1665
1664,633
1648,1630
1095,59
1526,93
974,1678
956,59
426,96
1421,31
174,104
507,119
383,1672
133,103
814,56
669,85
944,1660
1243,112
1030,54
308,1807
960,1672
790,33
760,138
558,61
1222,100
854,66
1461,90
1674,109
884,43
759,67
1919,77
1591,1760
1481,63
1795,93
1909,39
1231,79
934,69
0,1660
329,1676
793,29
1219,1679
1605,1642
528,1642
1539,64
838,1663
648,61
1140,58
208,233
688,35
1351,50
624,59
1817,64
610,98
1329,1658
1970,1630
634,108
411,1667
306,131
624,138
314,1660
1257,28
1129,73
690,29
1165,1639
1172,83
308,82
861,196
555,1807
1051,60
1182,108
1910,112
1990,56
1404,59
1260,1675
1775,36
1120,1672
380,633
1198,31
1383,33
562,1797
1946,37
1838,239
553,1630
1882,77
1076,132
1224,1797
944,77
739,106
152,16
226,43
1422,91
378,1092
293,1659
1217,107
1551,58
1001,1658
853,1785
1264,138
1762,1673
1028,69
231,1659
845,101
1112,1092
1553,1698
1934,33
1810,19
670,80
140,93
1780,79
1485,85
130,1233
1505,1663
401,1679
436,110
416,65
1560,1630
163,98
551,53
1305,1675
591,98
422,107
1960,105
894,17
142,90
489,112
692,1673
1087,84
1711,132
1363,106
356,1760
817,114
270,1642
1909,59
991,80
1325,1670
189,54
465,24
1955,1673
907,65
415,1666
1264,1678
1646,31
890,20
1133,56
819,16
306,69
1779,1658
1723,1676
198,63
1030,1630
296,51
1716,73
1827,70
356,85
1972,1807
157,132
1958,58
380,51
1530,87
710,53
1763,63
1428,106
535,58
831,85
797,69
1482,37
345,190
1229,66
572,61
790,108
204,71
613,1671
403,1092
1809,84
1776,1
177,35
602,94
25,87
958,59
156,17
1279,39
1775,56
1311,1671
1706,1639
804,239
1637,39
1782,154
1899,90
872,1233
1121,62
961,23
762,1760
148,105
846,64
458,59
691,43
984,95
579,1659
1190,51
158,70
1726,65
494,94
8,1665
1097,1673
1940,1673
771,16
1548,138
1349,1673
467,41
532,53
1692,119
1988,80
831,91
1628,239
1701,239
1495,32
1136,79
1961,114
1559,1659
415,94
605,132
1897,26
1532,43
1027,1
1431,1673
1859,82
1607,1630
25,33
1259,24
1313,42
1205,108
1063,66
92,31
934,50
1983,61
756,54
921,31
1973,119
1065,1642
1728,80
644,99
1492,1797
276,69
739,39
1238,1675
974,20
1832,1658
1941,1658
1074,1659
647,103
139,1632
637,87
1105,1659
1858,91
1217,65
1622,32
47,1654
1459,60
212,131
808,138
1304,1807
1234,154
349,54
171,84
1277,24
482,1807
470,64
801,1665
147,31
439,37
1480,1665
1014,1233
1540,17
1303,85
1856,1642
448,1693
1829,61
1193,1639
1061,131
1688,41
713,109
479,1668
813,58
1481,16
1637,91
1359,83
1623,24
793,54
813,75
1531,96
1859,1797
1283,1667
621,24
1484,154
1536,1639
1717,68
564,1660
561,131
840,70
236,73
1584,1671
590,54
511,65
386,1670
694,16
1189,1656
788,93
313,59
977,108
600,75
1223,29
946,75
235,16
532,90
346,53
602,1679
859,64
1702,85
1280,108
1411,60
1584,154
830,1092
387,1658
149,1671
979,94
853,633
1482,75
272,196
770,95
1930,77
1274,233
495,1642
1868,1693
1893,66
336,1676
1420,20
1015,16
1262,19
677,1233
1725,1673
1027,138
1927,1785
1381,1679
116,233
1346,54
1332,69
672,41
765,196
1703,1666
1033,32
1966,106
1395,1673
520,77
1110,54
1497,51
1483,64
1831,1092
661,106
755,67
1362,41
1419,50
1794,1678
1538,36
229,104
1227,71
1530,28
1113,108
264,1641
1846,1668
1777,53
1191,1797
1083,1668
1407,1698
1983,1667
1377,1675
367,1233
1628,82
1756,31
46,42
1574,50
925,71
1763,119
898,107
1874,1092
535,98
1152,36
605,1092
750,23
1587,50
187,65
1152,1679
120,28
1151,83
1057,106
1353,1797
1077,103
1909,84
130,1670
1856,64
133,1675
1811,1092
1791,16
1332,75
1484,190
1842,190
812,105
1110,64
1936,71
1244,100
162,82
1375,36
920,58
1180,54
977,63
1733,56
427,26
942,1679
681,89
540,1656
539,87
906,196
834,1641
1224,87
1891,43
1696,75
1310,37
525,41
986,89
1544,111
419,66
473,1630
1967,119
1018,1654
1350,31
602,105
1407,90
826,1675
183,26
555,85
1752,65
938,87
1442,1659
743,66
597,1678
1543,239
1088,89
591,62
314,86
1536,71
304,96
1686,1693
435,96
1728,105
1857,1675
1966,23
293,66
1127,41
956,1656
229,1092
11,107
1191,1658
340,1663
1764,100
1524,107
172,190
1039,82
712,91
468,79
6,61
798,41
752,1693
1200,79
520,1233
918,1660
1822,1668
870,1679
1800,24
935,65
1863,39
1702,99
809,1668
271,73
848,56
1860,65
1917,16
1434,1657
1718,35
1112,63
194,70
700,1642
770,53
1963,1660
370,1671
743,112
1775,39
137,1092
1980,103
808,1807
1842,64
303,190
401,66
243,35
317,110
711,98
968,68
1172,1680
972,1698
1892,39
255,1672
1538,107
634,1641
570,107
1177,1
181,138
1878,97
1241,28
1223,84
1281,99
587,190
368,1668
1843,1233
1695,80
539,51
1650,1639
1277,97
281,1659
1834,154
1502,36
1638,26
349,112
976,108
593,100
1338,1658
433,61
402,1092
1128,1672
740,108
1920,100
780,29
1614,66
1044,36
1048,95
163,101
626,119
203,138
834,104
230,63
657,1663
1270,1673
166,109
667,1672
1077,77
1832,36
621,65
203,1668
1932,71
297,99
1039,1
414,80
987,190
611,68
779,138
1811,73
634,1659
266,43
468,99
142,638
1726,84
1965,26
1114,638
191,23
484,99
637,35
1351,17
234,1760
1373,1657
859,105
1156,1
1578,87
1173,71
1430,1630
852,56
1297,93
710,42
731,83
1803,33
1932,1675
810,1658
1438,68
429,42
414,1670
1065,90
1653,633
1248,1660
1840,42
1401,82
1701,77
1076,1760
1518,97
645,33
261,1660
921,99
120,84
306,1667
749,109
571,239
864,83
774,1630
1299,77
1707,56
472,86
314,239
1771,39
1922,63
413,233
1192,1654
1534,67
1306,1660
1396,96
1733,111
1979,35
268,1667
160,1698
1089,131
173,1658
1847,104
488,84
1230,26
805,239
349,35
539,31
335,112
1392,75
1007,1698
591,1663
665,1785
1314,96
730,107
639,23
113,91
76,41
1019,91
1597,62
713,98
1798,97
1034,1670
159,68
1009,97
200,1663
1944,70
1155,87
921,109
1554,1639
810,1678
264,50
1960,70
894,50
1546,105
554,95
1487,59
699,32
1087,75
1012,89
1707,54
414,61
966,638
401,24
47,111
468,16
216,41
1636,103
595,1639
151,29
1690,132
1523,109
1891,1639
1217,64
634,50
798,97
1025,35
1247,1672
1099,100
1748,1663
1469,106
1526,101
1071,138
1806,91
1025,1672
1020,32
1317,54
1065,37
1601,107
1485,106
590,1698
882,1
1964,73
1988,71
426,43
1739,37
911,32
1304,132
78,1807
1219,19
1019,105
838,1797
287,1
309,633
972,97
1822,85
1883,89
1647,32
527,97
341,62
1481,23
1207,1667
1104,96
1032,1639
1909,1675
994,1678
961,65
658,35
314,131
1127,103
705,68
189,107
1115,1639
1497,32
209,1667
300,1092
698,109
661,103
44,1667
1490,1
279,94
192,32
997,31
1422,16
1955,89
687,77
341,1665
1836,1656
1452,69
1180,66
543,1666
121,111
1719,1
1405,99
1519,239
1102,61
1119,95
1335,1673
1428,29
143,43
275,99
993,28
1472,63
871,23
322,90
1836,1
720,41
204,154
719,99
1236,63
1115,80
783,104
1401,233
692,54
1909,65
935,1670
1882,101
1423,1693
618,20
967,29
1764,65
1467,67
72,112
1433,87
1457,105
802,190
968,138
1561,1785
1819,1671
1086,60
1148,1665
1130,26
505,41
1598,91
677,105
1140,87
163,633
735,1693
1891,1667
620,1666
470,131
960,51
299,105
205,1092
135,1671
1455,94
1530,29
1918,66
1355,154
842,59
1398,28
1127,1654
1567,67
1035,114
993,1665
1472,1698
1331,85
197,69
949,64
436,53
831,108
1829,79
1152,37
545,83
565,16
1691,98
1875,1665
754,107
1587,53
1751,132
938,98
459,77
1809,19
391,58
581,112
982,1233
385,101
331,23
1588,1673
1057,105
924,32
1311,1630
250,1657
553,1632
1265,95
471,110
864,138
1874,1673
1035,1679
963,1092
246,64
984,105
1137,101
1008,95
1469,190
718,68
424,32
1326,1671
1951,112
1570,1675
890,95
983,96
1230,35
1038,60
1041,1670
1905,233
397,1656
359,1
1042,67
1548,1639
1178,1667
808,85
1010,17
1398,110
1752,1656
318,80
587,1679
1482,29
586,86
1139,20
590,1672
1964,35
629,84
976,16
1297,1660
814,62
1875,1679
1088,43
278,1693
1236,83
595,77
45,20
1042,1630
1646,1672
1816,73
830,41
462,71
910,65
435,99
1748,101
1342,68
957,1092
337,239
779,16
1534,58
1335,63
877,131
715,104
903,1671
1722,1797
229,58
1261,29
1761,71
513,29
641,64
1008,77
354,1639
866,103
6,50
691,112
74,82
366,108
1806,96
1919,1667
909,106
1561,73
1562,1676
161,20
1731,1807
1284,138
752,1660
1263,28
1814,1668
1472,105
713,91
490,68
437,1659
311,86
1220,1668
1990,62
881,16
799,50
432,36
1852,42
660,1760
991,108
867,82
685,71
354,99
725,80
907,85
485,33
822,96
256,65
1453,66
739,108
209,39
1811,58
47,53
836,68
1426,100
1871,28
770,1654
610,131
151,91
1017,131
1848,53
360,36
549,100
1247,93
883,1660
2,233
327,1658
1089,87
1713,39
1588,63
1592,58
1025,101
1499,42
1317,111
1550,119
613,104
562,64
1314,93
1421,1
1159,1659
552,54
1433,633
790,80
612,80
871,95
504,119
673,60
1614,67
659,1
1802,73
1786,82
1009,68
1508,106
1185,89
1741,68
486,138
306,1678
605,64
1943,98
1252,23
645,79
921,1
410,1680
1756,1671
857,41
802,1658
470,638
1068,1665
1342,96
1112,1671
540,42
1514,19
836,59
217,1639
253,1675
1189,633
1339,68
290,67
1258,28
947,73
880,36
1268,85
437,1
1878,112
1073,97
1716,75
1777,99
409,1678
1116,1
748,107
1578,84
640,100
1089,33
1327,91
1987,1698
959,29
1755,1678
781,67
157,51
603,111
359,91
1780,95
1799,39
1010,1233
882,26
1509,79
1199,29
1368,23
1206,1693
1846,70
1800,132
1716,1654
5,112
1215,1641
429,1678
173,36
1848,1680
1044,43
1192,84
398,33
1987,61
1508,24
719,41
8,1233
1131,89
690,1675
1151,106
1333,83
1229,1654
1765,112
494,633
1531,70
492,106
879,1678
1362,190
1607,1672
922,633
1576,24
279,1680
658,79
604,29
1446,60
240,98
1567,1654
337,86
376,1698
392,1671
856,108
434,62
1466,83
863,1663
219,86
1730,26
511,60
295,85
1328,80
1017,1797
326,131
1609,1630
1526,104
1787,196
1013,75
1260,60
302,104
1425,17
838,110
1870,43
1927,96
182,1656
1290,103
975,131
747,32
1910,61
480,29
1195,63
921,108
521,28
1553,63
1574,1785
1259,26
980,1639
262,1656
613,1641
1956,19
1084,1642
1596,106
1141,131
1140,1642
1550,1679
776,61
1956,98
209,1680
500,1807
159,1632
1744,50
323,100
769,66
755,105
1962,24
140,1663
738,98
1295,1680
