1636,1642
731,1
1199,64
1530,105
1699,62
960,71
1025,83
603,75
554,1693
1213,100
439,39
379,24
308,20
878,50
1930,89
290,1665
1843,66
1294,1678
1829,59
713,19
159,53
661,633
479,1670
1273,43
1194,1672
1185,119
1312,633
1832,96
1353,67
1157,1807
381,1698
997,1666
304,39
1960,196
1635,1656
140,1807
182,24
644,83
1140,1656
124,1665
1743,104
1396,69
332,1654
1307,1654
1493,19
1541,37
784,1663
1945,82
1159,56
499,1678
1455,75
1095,80
467,86
959,1666
285,35
1924,66
895,190
1820,19
1285,1672
1790,111
1685,1
1631,51
1264,35
1357,80
74,239
794,36
744,17
1444,190
1850,1807
989,1233
1177,1675
1184,1807
1475,1654
558,36
333,633
768,1676
1979,1680
535,1632
1893,64
1273,53
521,56
405,103
599,1671
191,1642
675,89
1909,64
399,633
1457,31
1973,73
1849,91
553,1670
1107,43
1395,1675
833,24
1646,106
1018,20
1135,633
178,239
1189,1671
0,109
128,82
1582,56
1396,75
373,112
413,79
1190,79
664,51
1490,131
294,1670
634,87
817,1693
838,53
714,239
1287,138
225,42
974,1667
612,1666
207,110
1094,1680
653,64
1814,1785
1374,26
1379,1676
2,82
221,94
379,36
1448,39
1708,43
1202,106
525,1665
270,36
605,105
978,93
1717,132
1560,65
361,101
488,1659
1067,83
756,26
1053,28
478,90
1255,64
1238,24
1403,91
250,29
605,1663
839,71
693,1693
1764,112
1838,65
863,77
974,64
962,1678
505,73
1030,1671
500,638
942,1677
691,101
229,233
707,1807
1723,97
1153,67
486,1672
1926,1642
518,63
761,90
1480,1630
562,93
563,1698
656,154
1021,1678
1635,80
1139,23
325,1
937,633
22,35
497,50
1725,63
1228,633
1910,101
220,104
1802,82
847,61
1423,1092
27,1698
270,54
1543,233
1764,1660
1326,69
1148,61
193,59
1409,1807
1778,1680
779,19
1722,633
1060,96
485,62
718,36
1844,190
1014,37
266,53
526,1
1887,1666
1066,26
419,1671
1986,91
441,41
560,17
869,233
1111,638
178,98
1871,190
437,93
1622,110
168,20
3,85
980,83
227,1693
339,77
1877,20
1290,94
258,61
740,233
1863,33
289,1659
443,104
1900,42
656,39
1354,66
124,1797
1030,39
1323,43
612,50
1352,1663
545,239
1316,26
251,138
1780,1639
659,99
1377,28
1674,26
1856,63
257,29
1380,63
1694,89
1359,100
616,196
1114,79
1945,1233
307,61
435,112
1249,90
1963,104
564,1671
687,1672
1835,1678
1942,28
1194,54
399,1658
1400,73
1298,24
1985,1092
354,1654
430,23
1851,67
1354,1641
1028,64
752,1677
1281,97
572,196
1055,1671
1699,23
224,1678
174,24
730,1672
358,1657
1924,26
1069,1639
1858,1654
1419,1656
1186,17
855,190
415,103
661,1659
1431,107
1364,62
431,1673
440,1654
291,58
1583,101
1504,1693
1343,42
854,109
1209,82
1518,196
92,54
1359,106
1215,108
1077,75
991,93
404,89
1549,119
1531,56
1575,77
530,17
164,1657
1406,109
195,69
604,1797
1209,1693
148,1785
1126,28
1308,87
1180,106
1314,138
620,31
13,71
731,36
1874,82
1602,79
457,69
1036,1641
1438,59
853,1657
174,42
157,50
1516,97
487,97
1414,64
280,633
828,1807
908,75
197,28
1394,190
1340,70
1250,196
1125,62
1421,131
320,1785
407,1675
1407,110
395,233
790,1678
220,66
617,1656
378,1656
1930,132
1053,83
689,94
1977,103
226,91
1567,1760
189,69
337,196
373,1678
216,93
1744,69
145,39
1547,1672
454,43
258,1642
1777,131
1207,90
677,65
1838,1666
494,93
423,99
1056,54
1459,51
1358,77
1023,1676
188,1807
684,132
336,26
496,1668
1971,61
1265,1698
207,1673
832,1673
900,1663
744,69
1151,138
1687,190
1620,131
1070,1656
1205,105
267,33
160,101
1531,87
1849,62
841,1679
772,1807
1412,196
678,42
1110,41
1882,62
162,59
1730,1092
1090,93
1074,1654
886,56
709,1675
584,64
1462,111
1923,1675
789,1673
1106,61
1160,19
364,1092
1105,1656
1918,36
1513,69
409,1641
458,1630
703,1092
1000,63
1068,16
1472,35
1643,1676
1152,91
412,196
965,106
1263,87
506,1665
364,1639
76,89
1343,239
388,109
665,1658
948,37
1503,1663
1273,42
260,39
1490,1654
1722,1659
1792,26
1573,37
820,31
1843,1785
1527,96
1496,1654
485,23
1463,50
843,103
1946,24
1258,1676
1794,84
694,100
929,1672
1947,638
1507,93
1093,1654
718,110
1325,190
47,1680
620,1678
842,1680
1716,62
1056,82
1723,68
1689,84
859,69
453,86
487,42
1519,233
663,39
1931,51
960,86
228,60
1331,73
1793,54
1835,1797
1118,131
1139,58
1089,1659
1108,1641
1083,1641
214,106
362,35
680,196
1769,32
153,68
1957,1675
1405,1630
1776,94
230,106
1501,43
1268,1660
1755,98
328,77
1494,101
192,1676
907,61
283,77
176,1
1872,85
1776,1675
88,82
888,1679
647,68
1538,35
1226,1693
987,105
788,110
1306,633
1126,36
1951,29
650,75
1513,33
758,66
135,1665
1042,79
1941,23
806,638
1270,41
1010,29
1806,53
1310,62
938,1658
1540,97
1392,103
848,95
1789,94
9,35
1150,1672
622,97
237,61
510,101
1397,75
734,1797
938,96
1903,1233
1009,61
1647,70
307,32
1840,1656
1586,84
631,51
502,77
1704,23
750,633
1103,63
256,103
1433,39
1524,96
1382,66
962,1679
603,1667
1189,1672
1821,1659
1619,85
1305,29
866,83
1882,1659
1419,37
444,61
1975,104
747,1632
1888,1670
347,196
1836,1630
1887,43
1780,119
380,132
1378,105
1453,633
925,86
616,1630
1636,1676
1132,79
1024,64
1990,1639
1172,56
1101,110
1212,87
662,112
938,82
1644,50
173,93
928,196
1741,94
1518,41
288,99
452,20
823,39
192,1657
176,94
928,51
11,31
72,31
293,79
350,112
354,111
726,1665
746,67
1389,85
1703,119
1265,79
1835,71
1467,97
1197,56
1018,41
1080,36
1761,69
1211,100
1925,90
1801,68
148,50
519,93
688,39
624,63
768,79
1874,111
1759,1641
181,54
3,84
1327,65
1891,90
1287,233
1863,32
214,17
378,1667
969,86
1085,96
642,1760
1839,75
1525,105
871,1233
1590,1665
177,59
1618,1630
88,1642
642,71
515,239
1074,66
314,103
1073,1680
136,37
1866,73
263,98
1316,106
74,1639
1697,91
169,35
404,84
354,97
189,32
49,1663
11,154
1835,1665
826,109
1917,1797
591,1233
1811,60
173,1666
434,24
1391,638
293,1639
1627,1680
1847,1
1757,131
822,1660
12,1641
1966,1693
74,66
1506,71
878,1660
1782,638
457,90
1250,64
589,28
349,77
1347,112
1976,1632
892,51
1448,99
1967,20
1058,84
713,75
323,1641
254,37
591,110
1695,638
1954,154
102,105
1333,79
624,1797
1413,39
408,1092
1109,1630
1915,1671
651,154
1647,104
1117,35
506,71
1265,154
14,20
625,59
934,1807
1821,91
497,1672
297,96
1882,91
1325,1666
1828,51
547,42
587,67
1177,103
511,1233
164,1658
1507,50
1271,53
807,638
222,42
466,638
1740,28
253,1658
1158,1673
916,108
994,50
1459,36
1239,1698
1462,51
1820,59
295,54
1702,51
1414,65
333,1658
1509,77
460,70
335,28
905,1675
1614,32
679,29
8,1092
388,138
868,42
632,638
234,16
416,83
1960,1760
509,138
1380,77
262,1676
1002,29
1520,1656
1462,1663
126,109
116,131
854,239
1889,196
1208,1785
881,131
329,1630
368,90
660,1670
478,19
867,112
1180,1639
543,31
88,105
554,138
152,112
1130,51
501,67
655,1672
423,98
447,104
487,1
1102,36
1784,59
532,66
242,90
386,42
171,90
719,1670
120,1666
763,638
617,1092
1690,1671
303,1797
1324,1673
790,131
724,131
942,62
525,110
1738,1639
136,1654
451,1675
1713,1663
1472,69
1608,71
1441,96
709,98
768,1698
841,58
824,94
1141,111
208,1641
1772,71
1477,109
324,23
1546,20
1341,1656
934,54
199,1233
480,1667
1315,239
303,109
1026,70
1174,54
276,65
705,1233
520,85
1880,1807
1593,64
1889,71
434,95
1305,54
1143,82
1383,1641
1073,50
337,70
691,61
202,82
296,19
498,83
848,1658
1716,41
1241,79
1553,633
1934,96
635,638
789,1785
936,67
1364,131
811,1797
613,43
959,51
355,1665
946,36
1690,1673
9,1641
1354,1807
1461,1641
1408,71
838,94
147,35
1753,85
298,93
1864,112
1793,84
1234,1676
770,73
395,20
1674,64
1566,50
1864,1658
136,110
1076,1654
927,50
1390,62
158,1667
984,1670
1292,36
824,1654
361,24
1142,1630
1032,1785
368,70
954,111
5,1663
1896,110
614,61
564,1656
248,1670
124,1667
1636,16
825,1632
1733,64
333,51
229,98
984,63
785,50
1833,1658
1726,97
883,1673
1483,39
657,1797
1713,28
1699,65
176,1693
427,67
687,63
1925,1657
341,1663
1948,90
1626,1670
1863,73
690,64
1957,132
433,233
986,65
1519,89
271,99
1692,87
1968,61
1293,60
942,90
1204,1641
636,1
1779,77
18,1642
1240,1641
1437,71
248,71
247,17
1886,20
1195,29
1384,82
462,110
7,1693
1046,190
931,37
1344,1654
401,104
4,19
1650,196
394,89
1517,1233
1868,1663
826,68
1838,53
1729,1641
284,1670
323,66
755,71
1644,1657
1146,1660
1365,104
1815,1760
1410,1667
1140,82
978,1665
1588,80
836,1639
1867,1233
600,93
727,106
181,66
1341,64
292,91
1310,63
1260,16
1981,16
1729,63
1492,67
926,1667
1811,1639
1204,1663
1135,63
841,119
804,77
1914,1672
1947,17
642,1676
187,69
919,1676
1152,1667
1498,89
123,61
234,104
612,239
1291,1698
941,101
1832,94
213,36
675,73
786,60
807,1660
1413,97
1697,190
1476,1671
1389,98
1391,1666
1814,77
1393,103
1961,1679
563,131
1211,105
1305,28
1288,100
560,101
1493,53
1223,108
1462,90
206,1632
1044,1680
1581,1
771,108
1568,26
1696,79
1031,96
1212,1630
1402,96
81,1660
693,41
1544,19
1431,65
137,103
1407,70
693,90
1245,1693
345,196
476,28
960,1677
244,96
647,633
263,1092
1943,91
1487,79
1731,91
4,96
1202,1665
1040,1668
1852,23
149,132
1936,26
1225,37
1517,31
914,138
607,43
1329,71
583,50
1444,1680
694,83
674,1632
707,196
1027,1679
1120,59
855,1680
181,53
1824,19
830,1666
670,107
599,67
1351,190
980,93
1078,100
436,101
1381,29
872,35
1543,59
1125,24
719,86
1950,90
1163,1668
1037,77
136,87
756,1654
1441,58
1448,1632
1081,19
213,87
1546,79
635,98
1851,1632
1484,79
374,101
1008,239
1899,1785
1480,1807
1261,1760
1538,103
1222,1668
1520,138
916,95
1160,75
1254,53
977,31
81,98
373,36
1515,1665
172,1233
447,119
894,1630
656,1678
1156,31
457,89
664,31
1324,67
1898,104
710,60
640,24
256,1639
292,109
663,110
1606,1698
1885,633
231,104
285,154
1264,109
1158,73
479,196
541,73
429,69
1276,1654
1705,28
1465,77
1604,1676
388,20
496,1656
527,59
1617,51
413,1639
129,58
1198,50
1915,1670
866,1665
1225,112
1022,190
365,1641
1892,66
421,61
1325,1665
725,111
729,100
654,37
1339,89
455,1656
406,1092
279,32
745,100
718,1693
937,1676
609,1663
916,109
1928,239
1056,58
997,70
1134,633
1983,1654
1341,23
1800,1693
40,61
613,54
208,89
356,33
1990,1680
1631,1670
475,1659
398,1630
828,61
1989,1670
1054,233
221,19
884,1663
689,1663
503,35
661,1675
1157,1654
312,54
572,58
116,1092
1623,1671
1222,36
1226,43
1047,75
1837,633
1987,62
1108,75
1751,73
208,1660
830,107
102,24
160,105
1022,89
496,17
921,16
1415,1760
1171,26
1620,93
1141,190
1395,1698
151,154
408,108
1424,1678
1389,42
822,67
397,54
1376,97
1090,73
1841,1693
518,1660
1072,1630
1386,70
1133,37
417,1807
512,1675
309,37
1325,233
829,132
758,106
1588,111
559,1233
980,16
1099,106
714,196
1896,1676
1402,41
442,1641
941,1671
1038,1807
1887,98
1082,17
12,1693
1581,73
1486,1673
1432,64
1500,1760
1550,86
1347,111
372,1667
1105,33
1034,111
1437,98
173,19
321,138
1903,19
1084,83
881,82
220,82
145,1672
1285,190
147,1672
498,1676
1664,89
706,31
564,97
1617,31
695,35
827,1671
1141,31
1413,26
1765,111
1789,1667
997,1693
1295,26
1188,96
707,1659
821,1657
179,50
1285,80
297,67
48,33
778,1656
1397,1675
1965,233
755,106
1601,1760
167,1666
1497,75
377,94
141,35
734,98
1452,83
759,1673
441,103
430,67
488,70
1528,1672
704,32
1025,1676
1246,104
1391,31
507,83
953,109
1825,1673
1900,1673
214,94
1982,1679
938,138
1571,1760
1219,23
1472,84
1979,1671
2,1785
844,80
1331,1672
1960,56
1397,1659
588,77
517,71
1477,239
48,64
1443,83
537,60
1788,69
1093,31
249,196
248,1671
216,59
675,138
1636,17
641,110
1126,89
425,1675
205,103
1421,1641
448,94
617,1797
215,50
348,1797
734,108
1143,1668
1429,110
1309,638
1513,53
1038,36
1846,1679
1585,89
1232,1807
353,64
1203,20
959,32
46,29
322,39
1887,70
1963,638
831,1678
975,96
496,1698
1293,59
871,19
1330,1693
1780,1673
912,90
1437,70
1209,31
1634,82
1723,1807
203,86
294,99
598,61
1319,1675
1602,1639
992,54
645,132
1509,1663
1748,77
1490,1785
782,39
693,1672
1467,71
789,63
628,73
222,80
483,1668
601,105
448,61
175,58
215,83
1446,73
326,50
610,233
863,233
1490,239
1149,1654
437,70
795,1698
1220,43
634,82
563,82
1425,83
1044,1667
399,62
1195,1641
574,1654
1013,62
403,1807
1662,75
343,1665
286,638
1813,75
639,84
1519,110
347,1660
1075,1672
332,66
761,62
1108,1657
376,28
639,37
490,108
1030,62
898,23
1818,1672
1914,101
1879,79
1152,1668
1691,23
1185,16
361,106
1541,1657
1249,51
517,1679
543,65
1317,1642
1161,104
628,95
1453,90
246,68
216,23
423,84
6,68
212,67
234,1671
488,1
1301,87
1787,16
1200,86
924,1760
1809,1658
926,132
1520,77
519,1807
1438,99
1682,111
1813,93
1461,1630
1801,1675
844,132
576,68
1364,37
1492,82
837,99
1343,51
370,1678
777,86
615,50
248,100
1205,62
1792,71
126,69
1302,70
1145,35
1074,33
706,71
1016,105
746,62
1944,1671
572,1660
1453,59
425,93
1721,65
1060,99
1720,1666
1872,51
661,24
1697,56
1700,83
142,1785
141,26
1887,1679
181,131
1251,31
1090,131
1345,70
906,96
942,1698
1462,85
660,87
1469,61
973,56
134,138
1756,73
1094,1632
600,58
1649,1
359,51
1800,29
182,1670
1765,1659
1414,91
403,87
1509,87
1554,20
319,1665
1611,77
1540,71
1061,100
875,17
1054,29
1917,43
915,97
1437,60
686,138
246,1677
528,100
931,97
789,131
798,633
950,190
609,1666
771,1679
1127,90
742,60
1720,1680
513,1092
1362,105
333,105
601,1667
1150,24
836,64
1426,96
1947,1678
1069,110
1184,82
1315,1630
13,82
1705,1668
1247,89
606,83
1334,1670
973,42
1557,154
639,233
161,58
536,90
1753,109
1475,73
1735,69
1243,37
882,119
1604,42
1326,138
599,1642
409,63
1293,67
676,91
1822,112
613,1760
1384,28
1793,1760
528,82
1064,36
1209,87
1213,1693
1603,99
554,100
337,190
1919,111
1973,29
411,77
1849,39
506,69
894,106
1245,108
1487,1671
991,94
280,42
345,1630
1831,32
659,1660
1818,119
1400,90
632,196
137,1630
1743,51
1796,1698
1140,100
605,633
600,103
1884,107
285,73
1634,1630
1354,1670
1375,154
1894,20
1844,1639
171,110
1149,67
1628,96
1317,29
1631,1665
1203,90
905,1673
305,31
1941,190
1336,633
750,97
1836,36
510,80
901,33
352,94
1975,633
305,104
1518,106
1725,82
1873,41
1489,1660
861,83
1856,239
1194,1680
442,67
446,1675
528,64
1688,66
655,71
1869,61
1546,96
1505,96
924,100
1241,1630
1664,1807
910,51
125,73
739,63
1238,71
374,70
1045,1233
516,61
205,66
387,99
167,1679
1079,104
1137,33
359,1785
1605,32
1497,233
909,43
1190,132
624,75
346,91
879,119
936,87
1841,138
1571,97
1075,196
856,1658
1260,56
1967,69
1240,1760
1732,1760
1239,68
761,23
446,33
1162,1666
1004,1659
1929,1672
255,1797
219,1785
777,29
1330,29
1239,53
254,71
972,104
277,20
1037,98
1096,1676
1484,19
1430,51
139,108
567,100
843,106
882,1654
1865,67
1097,41
250,98
1636,108
1504,37
1747,99
1416,17
424,91
1878,33
1350,1678
1945,68
436,1698
1328,66
1951,58
1385,119
1901,17
909,93
1874,53
717,106
845,53
297,1639
901,1673
615,1679
1297,60
265,1
1228,1658
882,58
572,104
332,95
149,1663
756,1673
336,154
301,62
1867,239
908,106
1890,68
697,119
420,1632
1711,86
204,97
1776,35
779,1641
1098,51
1498,67
1816,100
586,239
548,80
881,67
1786,132
1252,86
189,132
1648,109
1424,103
1832,100
655,91
1070,36
600,1668
1349,19
1704,62
1835,110
1926,1233
1036,35
867,110
465,104
1497,43
302,1233
1085,1642
1449,1660
47,1693
1480,60
861,1659
552,1657
1841,37
383,1
1109,111
845,86
686,638
1533,41
1119,90
238,1
1203,23
1461,1657
147,51
1047,1642
1860,101
958,233
1058,43
305,53
1172,39
15,104
348,77
163,1671
1125,65
1957,1672
1590,53
1758,65
1900,1807
234,100
1980,75
1191,90
716,58
146,24
1256,31
194,1632
1114,101
625,112
1637,119
903,53
317,50
1576,87
1849,95
526,190
1245,84
1393,107
1875,69
1143,131
1589,101
1001,56
1228,131
1393,196
1272,1673
332,1632
907,1666
1816,1668
1615,60
758,65
117,71
909,65
1561,112
1924,60
325,138
842,36
403,58
518,65
996,91
322,54
1247,1656
379,75
1743,1639
894,638
1836,93
347,1663
1749,50
1803,108
1557,85
379,56
1320,86
76,1676
236,633
1439,1785
1646,1667
321,103
160,35
642,17
921,94
1224,1665
1168,41
156,87
391,70
1356,24
1377,101
1983,77
1638,1666
1039,37
1514,54
964,43
1500,101
72,99
1052,1660
209,62
1865,105
1333,1693
230,1760
1173,1092
805,64
1412,56
596,1233
997,62
1338,90
1156,37
1655,107
1324,89
573,85
1328,28
1162,1656
117,73
1647,1693
1887,20
1535,1667
521,1659
123,239
470,112
1836,83
1344,43
1897,75
497,54
385,1660
1111,65
1886,103
1535,31
1447,67
773,16
846,638
616,75
301,1807
745,1641
1795,53
1980,111
1741,1671
774,1658
211,1630
1060,29
804,1639
1826,1630
904,63
1734,85
1457,63
944,86
1394,1660
1520,1807
1635,1670
431,1092
937,1797
608,35
1527,196
1935,109
413,190
489,1698
269,36
838,1665
537,154
1194,1807
1056,16
745,31
320,68
1099,82
1062,90
1334,97
529,112
508,83
1120,61
778,39
1425,62
366,1676
1358,154
275,35
632,1676
960,131
1863,29
872,37
1313,1665
1240,75
1960,1656
1981,50
312,28
478,1673
332,103
1971,68
1330,68
1515,64
391,132
619,23
1390,154
1478,84
911,103
180,19
298,1654
244,112
1081,17
1003,1797
1191,108
659,103
18,37
1359,96
800,31
1121,43
1963,108
1734,71
846,1680
890,154
1956,69
411,239
1443,106
397,16
662,1678
516,90
1524,71
1552,58
1629,36
1441,1675
581,1660
1979,29
371,1680
593,1632
778,70
906,19
1686,132
879,82
771,61
1506,66
1571,68
439,1639
1592,63
1408,96
1004,1665
1759,61
218,58
1966,633
1568,56
976,98
459,1632
1132,31
1042,1693
451,1680
750,84
1522,1665
194,1670
409,62
288,19
737,82
1347,1663
1752,35
1694,60
605,91
1624,29
1791,1679
782,109
985,103
38,1785
1946,62
843,65
625,56
1342,101
350,83
168,1659
1513,1639
1703,20
1848,89
268,1675
1284,53
1008,110
1340,1639
494,87
559,91
1720,19
637,61
783,1785
1210,87
751,53
553,86
1089,36
224,1680
393,1233
1388,16
1516,93
470,63
1864,87
1203,93
1149,51
1884,138
1169,29
429,36
216,1679
857,1671
1947,42
740,24
955,1672
10,1667
246,1663
895,1642
288,33
1269,85
0,1807
331,69
1056,1678
1002,24
605,1665
749,103
1856,31
864,105
1359,68
991,62
1845,51
1531,93
263,67
1263,1666
567,17
608,110
806,65
1912,1680
326,1663
644,100
1808,33
779,33
159,1657
1340,1670
1878,20
776,131
167,1678
387,98
1526,1785
1538,73
1133,35
1219,633
816,42
463,132
1241,66
1581,54
208,73
204,1658
1060,1807
525,26
680,93
1431,26
1302,1670
1458,84
1478,19
342,119
432,1642
1713,1660
506,1659
241,96
1950,23
905,87
1831,1660
454,1658
116,109
1074,23
706,29
1437,17
320,1658
951,87
864,103
1470,75
1437,1654
1610,1760
1613,41
1896,99
1824,1658
246,108
301,1657
822,1807
1483,93
1066,79
1858,35
259,29
387,80
745,70
1920,1666
1545,59
1032,66
1102,1630
977,107
719,1760
1866,1657
798,107
937,1663
1877,103
1509,29
171,77
1516,65
272,190
1601,109
312,101
594,1671
1736,62
1182,28
321,233
1115,43
912,110
268,138
1229,31
1118,36
1105,17
1234,1675
524,91
219,1639
1380,108
1715,131
1805,61
1664,41
1755,104
1151,53
726,106
203,43
386,1663
478,99
11,86
1060,91
1635,1663
594,53
189,101
1761,35
1463,1797
839,239
1029,75
1767,77
920,37
205,101
1476,58
610,68
1363,638
1455,86
981,1679
191,39
674,95
34,1672
289,59
1709,101
330,239
366,59
1948,85
1754,638
1169,90
1376,1672
1519,90
308,112
1357,75
1034,190
952,67
1030,66
625,1657
426,1658
798,1656
984,638
640,1654
659,60
1503,1641
1074,59
1109,1698
542,1675
1377,106
1585,1677
293,87
172,66
1738,101
1956,60
1653,86
250,1760
1731,1642
350,43
873,100
1137,109
676,1663
128,87
806,1092
556,111
1915,90
1146,1659
773,1797
3,1667
691,26
1686,239
1519,138
624,23
1123,63
1894,66
369,1658
1041,1678
1723,86
1908,90
1821,1671
775,1665
834,1665
747,96
272,154
1144,1698
1489,77
221,89
1071,37
1179,31
1557,84
1782,59
1897,233
538,60
388,77
541,1
1259,90
1370,107
7,1663
602,17
415,190
1691,233
1525,1639
534,32
156,80
432,62
1246,1641
927,19
1179,1670
130,1665
1413,110
863,59
496,1807
1627,190
11,114
1579,51
550,51
1911,1092
661,20
1467,87
1528,103
1932,59
152,60
27,82
1001,41
1616,60
1465,1658
994,24
1326,1673
795,41
1920,1660
802,61
198,104
970,17
758,80
1576,1641
174,1
1213,36
1378,101
738,132
1861,1672
1129,71
1139,26
1310,1675
1776,239
1407,67
1614,105
1940,82
1354,93
1522,1
1799,233
534,67
1604,71
426,1630
1145,1668
1296,1092
1688,26
1873,98
1302,68
682,91
1878,1675
1415,1675
1168,24
1687,83
435,105
860,36
1450,68
1215,196
425,67
1335,53
179,108
1305,66
1344,638
1627,1641
1053,154
1861,93
873,64
1120,79
1143,23
1184,70
1493,196
377,20
1120,62
664,20
1827,35
1017,100
191,73
909,100
1942,1658
1428,94
1213,54
953,58
960,132
925,36
1957,87
895,1760
710,80
1300,16
1381,107
979,17
1813,1092
1283,73
254,63
1802,65
558,1667
938,64
1126,1807
1015,82
581,94
1521,233
1306,29
766,37
1890,1785
1852,32
1963,111
1249,93
361,68
1124,33
749,19
1697,95
945,1670
906,1668
927,132
15,638
455,1671
1271,35
258,1667
1018,1233
397,96
1197,1675
1881,132
593,1639
1955,23
691,68
413,32
1851,70
1924,112
1334,1668
1709,28
346,69
457,94
1894,24
1770,26
1898,87
829,1092
1682,62
281,1660
322,1670
1304,50
18,633
1432,103
1452,154
1696,110
1260,101
1428,1671
1563,1092
1870,64
569,20
1853,24
1839,101
975,90
1111,100
905,58
895,1639
1135,98
1651,83
1339,633
1826,1665
938,50
498,1639
424,1630
1282,101
662,131
385,85
759,63
7,58
1801,138
421,58
1221,1
1774,105
1810,1630
1871,1233
1942,35
1690,56
162,16
661,58
994,95
1059,75
691,37
489,1693
566,73
508,1
148,1670
1375,119
1401,1654
1592,95
1405,70
1187,239
987,85
811,131
1382,1760
613,51
410,94
653,50
1840,82
797,93
656,233
1354,16
1363,1676
900,1654
1830,1654
1098,29
412,108
407,1670
622,29
1380,73
1917,190
1185,109
1648,67
1311,1679
1339,138
860,111
864,106
992,31
1470,94
1953,96
1349,61
184,1639
496,99
1626,131
1043,89
1426,51
1868,196
603,1630
1710,73
520,58
1737,109
1278,79
1244,43
1426,66
930,63
529,1760
397,132
1841,63
649,1693
1001,1630
1206,107
1706,29
1338,19
1695,61
630,87
1013,85
1810,111
1773,1807
1887,111
310,1673
1112,65
1735,43
212,1679
338,190
925,26
767,43
1942,633
1947,59
1802,132
1162,39
495,1630
1681,107
1293,101
1294,1670
783,29
1005,93
787,86
303,1639
1088,105
1930,32
1397,17
18,233
673,1663
191,1660
1762,233
328,86
516,1807
1585,1632
517,82
1255,36
1097,94
1835,114
950,106
611,24
480,1654
1643,71
1781,1665
397,37
1986,109
152,66
712,154
113,1797
1113,24
1389,1233
1119,86
1023,77
1210,104
1469,99
1595,119
1264,43
918,90
1393,1676
1930,67
719,154
369,36
1474,1233
602,58
549,1675
327,103
55,98
899,638
1512,1673
1087,17
1805,60
499,108
834,89
193,71
1960,59
1063,104
531,107
964,1630
806,19
1748,58
723,1641
1363,28
1610,39
445,105
707,1642
394,83
125,107
1107,35
520,71
587,17
1143,60
1342,131
266,1676
1476,59
229,110
141,82
1485,1673
997,105
484,60
838,61
1874,37
1602,190
1252,1807
589,79
1696,39
1127,1657
1012,1642
1881,109
1763,1693
1155,154
675,1658
589,32
1529,75
851,1671
486,106
1869,239
426,1659
922,138
483,90
1387,50
709,66
160,23
217,42
145,1641
1587,93
1454,100
262,1630
431,75
748,1663
1154,96
292,1667
1470,100
1363,42
995,68
1935,154
1919,33
1095,1673
1849,93
1534,1
1922,1673
1086,84
668,1673
169,105
1700,58
944,59
1298,60
1761,60
712,39
684,53
1312,96
1737,59
484,83
1541,17
876,103
1028,100
1124,1659
1645,93
467,106
1445,29
808,110
1749,79
1735,108
335,35
1203,103
1574,42
839,1785
986,95
913,1663
1047,1658
945,132
1118,1
1584,31
989,83
686,109
102,84
412,84
1869,114
1057,98
1168,43
1902,138
817,83
113,1632
588,108
934,64
425,80
191,633
1814,65
791,1680
1577,1679
1479,109
343,41
627,98
1627,1675
424,39
209,77
687,110
234,1666
1852,1656
710,1641
1911,31
560,1668
281,1639
1796,87
489,638
1449,68
935,75
225,62
1219,196
1752,1663
246,638
579,37
873,1658
1207,1233
697,50
1361,107
1965,1642
1047,1785
1037,87
248,103
1019,24
317,1630
1875,1797
203,119
1198,26
188,1665
1012,105
1953,73
1185,39
502,33
1853,1658
435,104
971,106
934,114
1539,75
175,106
658,112
219,196
736,1092
1804,29
775,93
407,71
1126,106
1180,28
188,86
1958,23
1834,1
491,239
1821,1785
536,32
1357,1642
1474,1658
1296,1680
944,1797
546,73
1210,32
1686,1233
532,20
404,1671
761,110
1310,31
503,91
508,1639
1811,1671
948,107
801,1092
286,1654
1749,1641
1215,23
1553,90
1573,23
874,233
217,16
592,196
1694,67
1417,53
1881,1656
995,1
1434,87
1046,104
203,1678
273,119
1983,99
1619,1642
1714,62
1147,131
278,638
155,119
465,37
1575,85
1039,59
711,90
1376,89
1818,96
529,1642
516,68
628,190
1895,82
957,54
1278,80
266,33
1854,103
932,638
1419,1680
1473,24
259,66
872,1665
360,43
1373,1663
141,154
358,1760
973,39
1952,106
1351,1660
925,132
1206,63
516,1639
1031,64
241,233
1505,1654
1754,1665
1509,70
1347,119
942,39
1246,17
1853,23
1448,104
379,1233
1715,42
1590,64
581,190
1651,82
1762,83
1202,58
136,73
27,1668
1444,67
1852,64
1521,154
415,131
1669,1760
1373,35
1953,85
1935,1657
857,50
327,1092
1457,89
725,107
390,86
122,16
729,104
1062,154
1889,62
216,85
1754,26
1170,1807
377,70
1120,108
1503,77
313,20
748,98
488,110
624,80
879,98
666,1667
188,233
818,112
1078,68
151,1656
757,77
900,1760
1527,633
1846,89
1722,91
1354,17
507,56
1853,41
1741,1657
575,91
1904,79
1440,1668
1651,32
662,35
955,23
1699,1666
1276,43
1692,1679
939,1659
984,1630
1620,89
1289,111
350,67
903,109
1228,100
516,56
1473,75
1475,1233
560,82
1311,1
229,73
1911,86
903,1639
657,23
990,1657
255,32
22,131
1277,29
177,1630
552,138
1250,97
164,112
1626,1630
332,36
426,33
1740,1680
942,67
446,36
801,43
770,112
1947,58
1030,100
1394,61
1644,119
615,119
178,1654
1856,111
1714,69
701,1760
961,79
356,1677
707,1663
635,16
1358,1666
866,196
1804,1666
172,239
1005,633
1004,58
1504,56
697,1676
6,98
192,42
413,100
14,1641
513,94
1033,1671
1858,80
441,1233
1113,31
543,1668
1405,105
1978,131
1696,42
885,107
1199,73
1790,100
739,1693
1401,1666
1519,86
1988,79
1718,112
1186,65
1355,1658
1890,67
237,83
1819,69
860,1658
241,16
298,233
1701,105
871,110
1019,97
1248,633
1525,1665
591,95
224,39
136,19
1792,16
489,69
1909,71
1637,66
509,26
257,95
1087,97
995,89
578,83
1168,95
1111,1233
877,1657
1358,1676
1700,53
1828,66
558,1797
685,1667
1720,80
1555,17
10,19
856,79
1706,111
1190,84
1891,1693
1605,1
977,91
1934,119
1096,239
600,84
797,1670
1581,24
1746,89
218,1693
1200,61
1256,1663
426,114
1203,24
831,17
1061,90
968,1639
359,106
1414,16
350,1659
1173,1659
1635,138
1283,97
1144,1797
237,69
1160,1642
777,62
1980,70
303,1658
578,50
1276,93
135,59
546,638
1865,1654
689,110
1114,19
981,24
1959,35
253,39
1009,1673
1110,79
1298,61
986,1675
556,105
519,119
1644,1654
829,69
1612,20
637,114
1123,33
1486,71
1113,1807
1445,28
1411,132
537,1673
1874,20
1709,85
403,63
1863,58
925,94
446,99
436,61
1253,58
1860,86
922,106
941,190
1278,1657
1465,42
180,58
1486,1642
666,119
388,79
244,31
1648,61
1063,190
951,26
1323,85
1731,80
830,39
1933,106
1865,1632
1795,89
986,1659
1687,95
588,109
1572,1657
485,53
220,1676
1251,132
333,65
1493,79
779,107
1514,68
1278,53
1579,66
1958,1663
1284,110
1268,107
511,108
519,101
1456,85
282,138
1278,132
822,1642
602,1785
590,138
721,41
366,1665
720,239
22,75
832,67
1735,93
1974,85
1705,154
1958,196
241,93
480,109
1900,51
1611,32
1027,51
969,63
1880,63
1111,51
210,77
585,111
396,1632
340,1698
951,104
1031,1656
904,83
1539,61
267,111
1914,1657
1433,138
293,73
331,138
796,112
1261,132
822,110
1895,95
1290,1658
403,1760
477,1667
269,33
1160,66
81,107
300,633
1762,1677
1690,196
313,104
869,99
245,19
1297,104
875,132
521,1642
596,42
467,1698
265,94
673,73
450,66
1250,59
1547,51
133,95
1937,41
1222,61
1018,1665
1424,132
1811,1670
486,1
1337,19
1048,90
1565,1675
1508,108
901,90
595,99
465,1680
246,1665
1394,1675
561,1659
605,70
734,1658
793,68
4,83
1145,1797
799,58
1155,1672
1470,51
1219,1639
1238,63
1773,1654
451,89
485,1797
145,60
280,79
1629,33
1575,37
984,77
1244,65
766,1797
1799,1693
1144,85
1217,97
464,107
192,96
1617,1642
397,239
1395,68
1945,19
970,51
228,99
653,62
1428,110
1581,96
1485,75
475,1632
1567,29
593,83
335,20
1368,17
1314,85
1082,233
821,67
1910,41
1547,33
1361,86
76,62
1946,1665
402,98
1859,96
264,31
1960,1671
381,1668
1681,1659
166,154
443,1673
1862,110
690,1632
1113,1675
1959,26
1154,41
1121,58
1620,84
1342,104
775,51
1275,71
1040,64
1137,90
1376,104
1895,67
1905,93
1116,106
1207,93
1717,1642
758,29
1130,90
1575,1660
1459,42
1888,98
768,33
1247,75
1031,32
1855,1672
1328,41
1013,65
1790,73
278,108
467,37
1940,1660
221,110
349,89
78,1673
484,1760
797,91
1015,1668
1065,65
1747,1671
1478,1667
1058,96
1573,1807
360,1233
267,1679
642,37
1185,99
1515,190
283,104
303,101
1714,35
974,16
940,96
903,108
27,111
836,17
1616,119
1189,1785
587,119
1946,190
849,154
561,1092
584,89
1799,1665
81,1693
701,84
573,41
1751,1672
795,19
1609,41
1955,53
265,138
1459,56
788,50
1072,77
1402,50
1257,71
296,1092
1017,16
690,86
1763,87
807,71
1418,56
445,1656
892,109
1853,58
1801,633
1357,53
1340,83
662,67
1216,33
706,233
338,79
1979,1676
1563,77
1084,104
348,20
1277,633
1664,94
1424,109
1209,119
749,86
823,101
995,42
1060,80
303,107
1942,82
732,33
1703,1680
1947,1630
964,1785
1358,1667
701,132
974,98
1865,71
544,65
357,36
694,109
1008,62
296,138
152,68
886,51
1737,29
340,83
1244,59
1910,1632
1379,110
1933,1665
960,32
1773,66
1139,132
1102,56
606,61
1985,82
1893,633
791,85
208,58
235,1657
1726,1639
840,1679
535,80
1472,58
130,51
703,36
137,67
301,58
194,20
824,131
1601,19
1819,68
224,73
740,63
1588,1807
46,1672
1098,63
640,1659
1889,1654
1002,1668
1269,54
1470,233
702,119
615,100
263,19
193,69
1832,104
927,56
431,71
1960,61
485,1659
910,96
1789,1680
1771,109
994,1671
1862,68
505,196
839,91
1029,39
1285,77
1231,31
1107,37
1953,1797
408,77
266,23
175,1807
1640,89
697,1693
1180,36
685,1666
775,154
1976,59
1149,1663
856,80
141,80
987,16
1854,60
1429,105
883,1679
845,82
228,84
600,85
283,1641
463,1807
1392,17
1586,1667
988,638
518,75
1662,66
1240,101
1075,36
1495,105
680,60
1195,1679
1436,1657
1845,633
636,31
1115,58
468,633
1923,131
1447,91
1175,54
607,1678
662,111
241,1
1789,54
1313,83
1776,85
689,131
1614,131
1227,1679
931,90
345,99
327,87
891,56
874,16
1559,29
1067,93
1602,1632
371,54
685,104
205,1672
192,1667
374,1
1643,37
528,1672
505,71
1518,1659
1248,107
1415,43
1181,633
423,93
1312,98
907,1670
1294,54
319,28
983,101
235,107
1908,54
1273,633
117,67
1017,77
1239,1632
1516,17
620,94
1604,190
1916,1656
1810,67
1442,105
1061,75
436,62
510,29
497,56
1492,73
1594,103
1865,1797
565,103
839,1672
1961,70
130,1658
1304,233
1029,1668
619,1672
372,85
615,59
1501,54
18,61
1840,1760
420,633
1970,31
1569,1632
945,100
569,1642
1959,67
806,61
807,1658
1277,1654
263,132
1017,1658
654,65
1229,1671
1600,95
1892,53
384,35
1704,1657
1278,58
1372,43
570,93
423,83
1059,51
621,638
1706,64
1852,1658
1028,84
74,41
1787,23
498,99
946,101
895,90
1213,33
165,1657
1696,69
1169,59
342,67
144,70
12,1698
1431,95
1310,1678
723,154
281,1671
935,1663
183,108
1401,35
652,53
156,50
1294,1660
267,17
1984,110
456,86
274,69
1434,67
220,23
1735,633
502,39
357,154
431,105
1559,33
323,1680
288,233
897,43
771,1668
200,91
1070,86
1333,1658
1628,638
1500,119
661,35
606,1660
367,70
1627,1642
1222,1676
1689,233
397,107
1157,233
681,32
1747,31
383,70
1402,154
521,1679
1113,37
1261,1657
1066,1657
1061,1657
1784,24
327,1663
386,79
1827,36
778,35
1883,1654
1692,16
953,63
1626,1654
1352,1673
1973,1641
1871,1672
1907,67
327,1693
757,24
478,1677
1215,1660
1809,1673
911,99
398,82
1584,61
534,80
952,112
203,103
1681,1672
277,90
1148,75
1557,1659
1373,64
786,26
1068,1668
772,89
991,87
974,53
796,71
1943,1657
985,138
285,1660
715,17
1727,104
1524,67
1972,65
30,28
1834,110
160,1680
408,1632
276,132
1345,43
423,119
1001,1639
377,43
413,61
235,69
1622,112
1055,1679
278,83
1719,64
1297,89
399,111
558,138
1243,56
1540,50
1229,69
1601,36
510,43
848,32
1661,66
728,1654
1024,35
1226,35
1616,1639
1465,87
1522,32
1854,1807
410,1654
267,61
1501,108
142,33
1523,1654
421,86
1494,53
817,111
1539,24
1517,108
967,79
401,42
21,119
226,65
1514,24
1745,1654
1687,1679
128,99
220,1639
551,1693
1715,638
424,100
1808,70
6,132
280,94
712,97
1301,23
664,196
1601,1679
1069,91
1989,154
1884,96
488,80
1924,97
732,633
1825,1654
901,1680
546,107
1371,1680
1361,54
311,239
1000,90
1015,1671
1910,56
241,106
1530,1632
666,61
753,1642
812,633
1402,1693
1188,154
488,1693
1027,28
737,96
995,1092
260,75
1553,68
479,65
1333,90
1022,67
1174,1680
1738,91
1832,28
1559,91
604,103
1088,1666
756,90
665,29
242,1654
663,1680
374,91
1001,85
1138,1678
894,1666
1925,24
1339,109
1474,1676
573,1667
45,638
151,1
815,110
1811,97
560,84
157,1092
1463,196
960,1807
1938,36
1874,60
788,51
771,29
232,67
512,53
1505,1680
1286,97
1112,68
1917,107
669,97
1922,633
1878,638
974,1660
392,98
303,1632
241,1665
92,99
1796,1233
1451,64
208,1632
206,239
1974,1670
1573,59
564,111
927,53
1048,1632
531,94
1728,60
1856,97
146,64
703,1672
1899,69
1902,82
1295,96
303,106
567,99
72,94
419,1641
863,98
1218,111
374,85
769,89
550,104
1584,1668
1186,1632
1868,68
1633,83
1962,1
1978,1642
1143,1676
1603,1639
81,1678
573,58
1898,41
1476,71
835,89
1847,112
529,60
164,17
329,86
1894,53
828,104
1469,96
938,1678
1025,1670
1017,33
1150,1797
694,1665
1601,97
825,60
1378,58
1304,31
1010,64
1732,39
1967,86
1478,1
1135,32
965,82
506,1673
308,29
419,50
113,67
1104,1632
1957,1665
281,53
1188,190
1269,53
1106,633
1070,190
1974,1680
416,1675
113,1657
1344,1663
509,24
1067,110
1306,80
723,1642
478,103
1573,190
283,119
1653,64
989,1641
346,1667
1201,31
705,82
1440,43
661,109
1272,84
148,16
1572,73
1849,1630
1829,1680
1908,33
1338,67
611,233
222,138
1699,70
1869,1632
936,56
3,131
410,131
602,233
1085,66
147,54
918,107
5,60
868,20
1310,71
1243,96
616,1785
730,85
214,98
804,70
592,94
1843,91
1330,58
943,1675
1903,61
1817,1678
1723,1797
1430,97
955,67
1276,95
1024,154
597,1632
435,17
665,90
1648,239
1463,24
364,104
1161,96
1842,131
772,1658
1008,91
491,119
1952,196
277,1670
1055,67
1312,99
526,1673
156,1657
708,190
1170,1
1558,62
568,1641
565,1657
1817,112
1301,79
1622,91
721,61
1576,1663
1041,1666
546,32
1652,60
714,20
144,58
1526,95
1327,26
599,37
878,100
697,37
1310,1693
1529,90
1537,19
872,93
1278,1663
305,90
433,109
969,51
1179,1660
510,109
1344,65
538,56
555,80
1694,1679
1772,1
1681,70
7,1659
1210,1654
535,1673
662,233
222,1630
635,95
502,42
634,1670
984,1641
1104,70
18,77
1342,64
425,85
614,65
466,1659
1872,59
1322,20
1859,1233
636,1656
766,239
1177,50
1565,233
1854,1698
578,1675
866,107
1572,109
1223,101
1099,91
970,29
646,110
1460,1676
164,59
936,20
717,59
460,36
1274,62
889,20
959,66
1850,109
1263,16
365,97
1468,82
1860,70
1112,60
1182,110
1905,1693
1278,1641
429,90
837,109
1210,1673
1616,1660
161,1668
1853,97
1283,95
569,109
1967,233
501,1656
1563,1760
270,63
1481,1678
1087,36
1145,37
461,1092
1148,54
445,43
1249,71
572,1658
991,96
115,107
1384,196
1039,54
390,105
940,31
795,138
583,43
681,39
772,138
751,1659
1881,190
81,105
1456,69
1166,94
902,103
529,107
566,16
258,131
1695,87
1592,54
339,84
730,1679
218,53
589,98
1213,50
1567,41
1290,71
613,108
1735,77
669,138
429,59
710,84
1759,91
140,50
1981,77
1268,1672
807,60
241,77
993,64
1950,50
1401,67
402,110
683,131
205,1659
355,82
210,61
394,1632
1603,1233
1417,58
1491,31
521,77
1536,32
391,1807
712,1760
203,1667
1586,112
1112,1667
1788,20
1526,1639
22,1671
1902,20
1835,1785
715,16
455,1667
1086,97
164,1660
1412,138
1123,1785
1059,65
1683,17
1794,20
1828,132
1208,239
896,107
1251,51
1379,70
205,41
909,1
748,111
346,65
973,36
791,61
1952,109
386,94
1472,1639
1095,19
1228,1630
1445,32
1964,106
1989,1693
1859,1656
1975,1630
905,1665
1118,67
219,633
1839,97
1434,1630
599,1632
440,1663
455,84
1323,16
1585,1656
681,638
888,86
445,79
356,638
1117,59
1890,1671
1521,104
695,69
632,91
1848,239
672,108
1704,233
1542,1785
506,190
1687,1678
450,1676
888,1632
1733,98
449,1666
1828,138
1982,41
1109,67
1938,51
1884,97
360,28
185,1667
309,77
795,1632
1435,87
1257,91
1790,79
1499,50
804,1092
359,77
1618,68
1857,50
275,66
225,105
1289,1668
773,1659
1425,1658
409,98
1544,36
1543,20
1548,1666
1741,1654
292,233
173,26
1779,24
1027,31
1269,80
1553,59
864,110
166,138
21,23
1471,239
1845,62
1493,1663
299,1665
1023,638
404,112
722,23
1862,233
711,59
348,1673
932,1680
1767,36
758,1092
1625,1659
923,43
1905,77
494,106
1365,59
1459,58
356,79
272,54
970,85
755,131
1894,56
791,65
1788,1677
1661,1785
1295,1797
1277,26
211,75
1078,85
822,633
361,1632
1450,1642
1643,1673
942,70
1397,108
315,86
1903,24
139,132
1190,1693
1890,63
1560,1670
1893,82
166,53
1552,1654
263,31
1098,154
1444,98
217,67
1377,65
1546,28
1736,1678
431,32
454,131
533,190
589,1660
274,1671
273,66
115,35
974,96
1606,77
1895,16
209,1678
1043,107
198,132
1709,1656
1757,64
1355,26
1796,1676
896,69
215,53
202,90
1159,60
1605,28
1180,71
1056,93
294,1680
778,105
529,51
159,1672
1713,1671
1692,42
1878,1797
1061,85
470,1672
1371,43
507,104
1959,1660
40,1659
1890,94
878,56
315,100
118,1665
514,90
1430,84
490,1657
1191,51
257,1672
1983,87
297,37
1435,1663
924,70
746,98
964,61
1580,1679
274,1785
1861,114
1510,96
940,70
1422,108
654,26
451,19
347,66
458,67
545,633
1119,51
752,35
920,89
1475,233
598,1672
979,1632
396,28
1378,90
1341,70
460,1
1685,23
201,29
1947,106
204,62
1561,138
841,77
1819,84
938,103
1826,62
210,100
1386,633
696,77
1360,84
1216,190
977,1678
1384,90
278,1663
297,23
833,101
672,37
394,65
169,109
1895,1760
614,39
583,70
361,131
1308,97
1166,67
1979,86
805,41
842,1675
1385,85
1723,109
363,1693
1927,31
1179,101
957,1785
353,107
1763,99
1564,112
1322,1639
1106,1698
1554,1678
541,107
1848,633
1718,83
969,50
1694,1676
1702,1641
1681,69
1977,196
177,103
820,85
175,1630
270,50
921,32
462,64
300,107
635,94
304,110
1137,1678
917,20
665,43
297,1
945,1693
502,90
417,1092
1396,60
477,1678
3,1639
688,83
1222,1680
1113,1660
318,1656
943,111
1579,71
641,67
1801,65
383,82
1308,119
1166,77
1027,1673
1545,68
450,1657
878,1641
1715,1630
1866,1672
1893,1233
1857,91
716,1657
1310,17
1019,1092
339,54
1131,1678
818,41
1635,90
490,54
1265,1680
476,101
957,1660
905,1
764,106
570,1797
592,59
1752,77
1255,138
388,56
854,95
165,1092
1751,28
263,103
1506,1785
384,132
189,37
1353,1676
1887,1639
968,66
1008,233
880,1672
718,50
1406,1675
651,87
1868,62
803,1670
1689,239
468,83
1342,1657
770,1659
1122,1668
1253,638
559,77
127,79
1163,65
300,1693
1759,53
125,1658
1374,109
1857,85
1510,1671
1169,43
1573,1671
1371,19
1193,1673
1078,239
1283,63
898,67
1268,1673
392,90
305,69
1316,1641
348,61
1070,132
887,98
264,20
670,1654
1444,89
567,154
418,1797
1256,111
763,33
1372,1693
159,132
775,62
403,1666
231,1672
1523,1672
222,33
994,70
721,1670
230,1670
580,37
669,638
253,1663
752,28
1449,138
1582,108
1581,1639
556,62
1705,1677
677,36
1247,70
536,50
386,95
459,1673
1738,1785
1516,101
1561,32
876,196
333,1663
1070,1672
710,71
1499,84
1262,1630
1469,1630
1661,64
1608,84
1019,1233
1209,239
159,84
1748,1092
897,1665
352,54
1401,61
558,106
230,43
1124,77
1308,1678
543,131
894,109
765,1659
1457,93
1882,32
1569,1677
1832,1675
561,96
985,154
1467,132
1133,43
146,633
291,1632
1605,39
502,1678
1476,109
1494,1668
559,97
1649,85
1138,1660
1173,75
1234,1663
221,1092
666,1679
683,1639
1849,638
1442,60
1858,1630
1385,190
1169,23
1921,138
48,633
693,103
1788,1630
313,1233
1387,95
1944,68
523,633
1094,90
246,1760
1743,1233
1209,106
1198,68
334,71
1498,1660
618,50
762,1666
1121,73
1208,1666
307,99
735,35
357,63
1268,63
1767,39
830,1654
1473,79
316,66
1646,58
1187,51
789,1677
1715,1641
798,99
582,1632
1395,37
1784,68
1824,69
838,101
840,1668
753,1673
918,77
744,32
1921,132
1216,36
439,91
1475,1671
1202,75
669,16
780,53
602,53
813,59
902,638
925,1665
1778,1663
1714,65
884,112
685,1
1026,95
1892,110
971,54
1606,66
1989,90
1703,54
1599,97
1305,61
809,32
881,1797
1011,28
1733,69
295,239
1483,32
698,1092
1622,61
442,1680
943,154
1153,98
289,35
1585,39
171,67
1554,196
1648,1665
372,1642
1078,36
1144,1676
1601,103
221,79
1186,93
1761,633
308,31
1451,35
1212,1667
1512,19
1809,35
1410,110
270,87
881,68
220,56
1269,51
1215,43
428,77
155,1679
1977,24
267,73
749,69
1487,29
1168,83
543,85
746,99
1724,56
1703,1667
769,56
695,190
1342,53
847,633
1885,107
1778,103
822,39
1644,1660
795,67
1493,24
193,1663
209,100
229,105
1834,36
879,35
681,104
1007,94
899,33
1915,51
731,104
251,1672
1411,154
1035,112
1240,104
1516,1665
1051,80
254,1660
848,91
1732,23
1407,85
1354,35
1465,28
768,1671
452,58
921,85
227,68
1686,1666
1501,82
1074,132
1148,131
475,105
368,109
115,62
1697,20
1514,94
1616,68
419,638
151,53
998,1656
942,1678
1905,26
1042,50
856,33
1409,75
880,103
40,110
313,80
560,1675
1644,1665
1664,633
397,1658
518,56
1526,93
974,1678
956,59
426,96
1421,31
507,119
1310,1667
1399,1654
133,103
814,56
669,85
944,1660
580,1680
1030,54
308,1807
960,1672
790,33
919,1671
558,61
1222,100
854,66
1873,106
1674,109
884,43
759,67
135,37
1591,1760
1481,63
1795,93
1909,39
864,23
0,1660
329,1676
793,29
1473,1667
1605,1642
528,1642
1539,64
1269,1667
648,61
1207,103
1140,58
208,233
688,35
1351,50
624,59
412,1679
573,110
1329,1658
1970,1630
634,108
411,1667
306,131
314,1660
832,71
426,82
1129,73
690,29
1165,1639
1172,83
308,82
861,196
261,1672
1182,108
358,70
1910,112
1990,56
1404,59
1260,1675
1120,1672
655,101
456,89
1198,31
1383,33
562,1797
1840,1632
1838,239
553,1630
1882,77
1076,132
1224,1797
1814,84
739,106
152,16
1812,1675
1422,91
378,1092
293,1659
1217,107
316,24
1001,1658
726,1657
1264,138
1762,1673
1028,69
1161,1672
845,101
1112,1092
1553,1698
1934,33
1810,19
670,80
1139,65
1007,1679
1485,85
1505,1663
401,1679
436,110
1557,1
416,65
1560,1630
163,98
551,53
1305,1675
719,89
392,42
1960,105
894,17
142,90
489,112
692,1673
1087,84
385,93
1363,106
356,1760
817,114
381,19
1928,1760
991,80
1325,1670
189,54
465,24
1955,1673
907,65
1066,96
1646,31
890,20
1133,56
306,69
785,96
1120,83
1779,1658
1723,1676
198,63
1858,119
296,51
1716,73
1827,70
356,85
1972,1807
1975,70
380,51
1023,1693
1530,87
710,53
1763,63
1428,106
78,1667
831,85
687,1233
1482,37
345,190
1229,66
572,61
790,108
204,71
81,638
403,1092
1809,84
1776,1
1535,56
1926,59
25,87
958,59
156,17
1279,39
1775,56
1311,1671
1022,84
804,239
1782,154
1899,90
485,1698
1121,62
350,90
961,23
762,1760
148,105
458,59
652,1673
691,43
579,1659
468,112
1190,51
158,70
1726,65
494,94
8,1665
768,37
1598,31
771,16
1548,138
1349,1673
467,41
532,53
1692,119
868,77
831,91
1628,239
1495,32
1294,1807
1136,79
1961,114
415,94
1162,63
613,1673
1897,26
1532,43
1027,1
1431,1673
1607,1630
1343,77
25,33
1313,42
1205,108
1063,66
988,82
92,31
1983,61
1566,111
756,54
921,31
1973,119
1065,1642
571,107
1492,1797
611,16
276,69
739,39
1238,1675
974,20
507,1665
1941,1658
647,103
27,16
139,1632
637,87
1105,1659
1858,91
1217,65
278,131
47,1654
1459,60
212,131
1341,32
664,68
1304,1807
349,54
171,84
1277,24
482,1807
303,1807
801,1665
147,31
439,37
1480,1665
1535,79
1303,85
1856,1642
600,1632
448,1693
1829,61
549,1667
1061,131
1688,41
713,109
479,1668
813,58
57,1666
1359,83
203,50
1623,24
793,54
813,75
1531,96
1859,1797
1559,106
236,58
1484,154
1536,1639
1717,68
1440,16
561,131
840,70
236,73
1584,1671
590,54
511,65
1149,1641
694,16
788,93
313,59
901,1632
313,1807
600,75
1223,29
946,75
602,1679
532,90
859,64
717,98
355,1675
1702,85
1280,108
1411,60
1584,154
830,1092
387,1658
1904,17
853,633
1443,633
1482,75
272,196
1216,51
1930,77
1274,233
495,1642
1868,1693
219,1660
336,1676
1420,20
1015,16
1262,19
677,1233
18,100
1927,1785
1198,97
1381,1679
116,233
1346,54
962,1807
672,41
765,196
1703,1666
1033,32
1966,106
387,54
1127,154
1110,54
1497,51
1483,64
1831,1092
661,106
755,67
1969,23
1419,50
1794,1678
1538,36
681,111
1234,239
1530,28
1113,108
264,1641
1846,1668
563,79
1191,1797
1083,1668
1692,58
1983,1667
1377,1675
367,1233
1628,82
1756,31
46,42
768,1658
1725,190
1763,119
898,107
1874,1092
1152,36
605,1092
750,23
439,190
187,65
1587,50
120,28
1430,100
574,80
1057,106
1353,1797
1077,103
1909,84
130,1670
133,1675
756,24
1811,1092
1791,16
1100,31
1484,190
1842,190
1510,16
1936,71
1110,64
1244,100
162,82
1375,36
1383,1671
1733,56
977,63
427,26
181,39
1160,58
681,89
540,1656
539,87
906,196
1224,87
1133,131
1891,43
1696,75
1310,37
525,41
308,77
1396,1658
419,66
473,1630
1967,119
1018,1654
1350,31
602,105
1212,84
826,1675
183,26
1752,65
294,59
938,87
1442,1659
597,1678
1047,138
1088,89
591,62
314,86
1551,1760
1536,71
1686,1693
1244,1632
435,96
1728,105
1857,1675
1966,23
1128,79
956,1656
206,75
229,1092
11,107
1191,1658
340,1663
1157,82
1524,107
262,56
1039,82
712,91
468,79
6,61
798,41
752,1693
187,1672
1822,1668
520,1233
870,1679
1958,110
1800,24
403,80
1863,39
1702,99
1564,64
271,73
848,56
1860,65
1434,1657
1112,63
1058,71
1718,35
194,70
700,1642
1963,1660
388,58
120,56
743,112
1775,39
137,1092
1980,103
950,1630
1842,64
303,190
401,66
243,35
1167,110
711,98
968,68
1172,1680
972,1698
222,53
280,70
1538,107
634,1641
181,138
1177,1
519,86
1878,97
1241,28
856,62
1281,99
587,190
368,1668
1843,1233
1695,80
539,51
818,70
546,67
281,1659
1834,154
1502,36
1638,26
593,100
976,108
12,96
433,61
257,1233
402,1092
1128,1672
740,108
1920,100
1614,66
1192,101
1873,196
1048,95
163,101
626,119
203,138
230,63
1741,69
657,1663
166,109
149,43
667,1672
1077,77
1832,36
1851,1658
203,1668
1932,71
297,99
1039,1
414,80
994,68
230,1668
779,138
1811,73
634,1659
266,43
468,99
142,638
400,131
1513,107
1114,638
191,23
484,99
1351,17
1334,75
234,1760
1578,87
859,105
1446,239
1156,1
1173,71
1430,1630
852,56
1297,93
735,1659
1914,190
1803,33
1932,1675
810,1658
1185,1630
429,42
414,1670
1248,1660
1653,633
627,1641
1840,42
1401,82
1701,77
1076,1760
787,67
645,33
261,1660
921,99
528,75
306,1667
571,239
864,83
1953,111
774,1630
1299,77
1707,56
314,239
1902,37
485,70
413,233
1922,63
1192,1654
1534,67
1268,43
1396,96
1733,111
1979,35
160,1698
1089,131
1936,1642
173,1658
1847,104
488,84
1089,60
349,35
539,31
335,112
1921,31
1631,1672
1007,1698
591,1663
665,1785
1314,96
730,107
113,91
311,24
1661,80
1019,91
1597,62
159,68
1798,97
1944,70
146,59
1430,79
1009,97
200,1663
1155,87
921,109
1554,1639
810,1678
264,50
252,1639
894,50
934,51
1487,59
554,95
699,32
1087,75
172,96
1707,54
414,61
966,638
1375,1656
47,111
468,16
216,41
1074,1656
595,1639
151,29
1690,132
1007,68
1891,1639
1622,33
634,50
798,97
1025,35
1247,1672
1099,100
1820,28
1469,106
1526,101
1071,138
1025,1672
1905,1656
1317,54
507,95
1065,37
1601,107
1485,106
590,1698
1964,73
460,111
1988,71
426,43
911,32
1340,104
1547,64
78,1807
1219,19
1019,105
838,1797
287,1
972,97
1249,1654
1536,110
1883,89
1647,32
527,97
1481,23
1542,84
1207,1667
1104,96
1032,1639
1909,1675
961,65
1764,83
1467,53
314,131
1127,103
705,68
189,107
1115,1639
1497,32
860,154
698,109
661,103
44,1667
1473,95
46,1233
192,32
279,94
997,31
212,35
1955,89
687,77
341,1665
1836,1656
1180,66
1918,80
543,1666
687,50
1719,1
1405,99
1519,239
623,26
1119,95
1335,1673
1428,29
143,43
993,28
1472,63
991,1667
322,90
1836,1
662,86
720,41
719,99
1236,63
905,73
1115,80
783,104
1401,233
692,54
478,107
1697,1797
1882,101
1423,1693
618,20
967,29
72,112
1467,67
647,53
1457,105
1920,1785
802,190
968,138
1561,1785
1086,60
1148,1665
1733,53
1130,26
876,104
1598,91
677,105
1140,87
554,1630
735,1693
1948,62
620,1666
470,131
960,51
299,105
1455,94
1530,29
1918,66
1830,62
1355,154
1746,83
842,59
1398,28
1567,67
1035,114
612,1665
993,1665
1472,1698
1331,85
949,64
1006,19
831,108
1041,24
1829,79
1152,37
545,83
1691,98
1875,1665
626,94
754,107
459,77
1751,132
1236,77
777,32
1809,19
391,58
581,112
898,138
385,101
331,23
1588,1673
1057,105
924,32
1311,1630
1252,1760
1021,75
1265,95
471,110
864,138
1874,1673
1035,1679
963,1092
601,119
984,105
1137,101
1008,95
866,85
1733,39
424,32
1326,1671
1951,112
1570,1675
890,95
983,96
1287,104
728,29
1041,1670
1905,233
359,1
1042,67
1411,138
1548,1639
1178,1667
808,85
1010,17
1398,110
724,73
905,1663
587,1679
1482,29
586,86
1139,20
590,1672
1964,35
243,1673
541,104
1297,1660
814,62
1875,1679
1047,1760
278,1693
1236,83
595,77
45,20
1042,1630
1646,1672
531,31
830,41
1539,53
910,65
435,99
1748,101
957,1092
1403,86
337,239
543,75
1534,58
1335,63
877,131
715,104
903,1671
1722,1797
192,1797
1479,106
1761,71
513,29
641,64
1008,77
354,1639
866,103
656,1693
289,110
74,82
366,108
1806,96
1919,1667
909,106
1561,73
1502,59
1731,1807
1284,138
1916,1675
752,1660
1263,28
1814,1668
1829,99
713,91
490,68
437,1659
1220,1668
174,1670
1990,62
799,50
432,36
1262,62
1965,1797
660,1760
991,108
867,82
685,71
354,99
907,85
394,96
822,96
607,28
256,65
1453,66
739,108
1150,20
1811,58
47,53
836,68
1871,28
770,1654
681,43
610,131
151,91
1017,131
1120,54
1598,97
1247,93
883,1660
549,100
2,233
1089,87
1052,93
1713,39
1588,63
1592,58
1025,101
842,65
1031,75
1550,119
613,104
562,64
1314,93
1421,1
1159,1659
661,1660
790,80
1987,190
612,80
871,95
504,119
673,60
1614,67
825,233
1802,73
1009,68
1508,106
743,97
726,59
1741,68
486,138
306,1678
605,64
1943,98
1252,23
1180,1760
410,1680
1756,1671
1539,17
857,41
470,638
771,1785
1068,1665
1342,96
1112,1671
540,42
1514,19
1794,97
253,1675
1189,633
986,638
1339,68
455,1663
1258,28
947,73
880,36
1268,85
437,1
1878,112
1077,1641
872,1672
409,1678
1116,1
748,107
1578,84
640,100
660,1233
1089,33
1327,91
1987,1698
1595,1665
1755,1678
781,67
157,51
603,111
1028,196
532,33
1799,39
1010,1233
882,26
1509,79
1199,29
1368,23
1367,97
1846,70
629,58
1950,32
5,112
1716,1654
429,1678
173,36
1848,1680
1044,43
126,28
398,33
1987,61
719,41
8,1233
1826,101
1131,89
690,1675
1333,83
1229,1654
1949,105
494,633
1531,70
1405,1675
492,106
1896,112
1362,190
1607,1672
922,633
1576,24
279,1680
658,79
1566,1641
533,23
240,98
1567,1654
337,86
376,1698
392,1671
377,79
434,62
1466,83
863,1663
1730,26
313,29
295,85
667,84
1328,80
1017,1797
326,131
1787,196
1526,104
1898,65
1327,105
1260,60
302,104
1425,17
1870,43
1213,82
182,1656
1927,96
975,131
747,32
1910,61
1946,1642
1725,104
1195,63
921,108
521,28
1553,63
1574,1785
1259,26
449,233
665,119
613,1641
1956,19
1084,1642
286,233
1141,131
1140,1642
1550,1679
776,61
836,31
209,1680
159,1632
500,1807
323,100
769,66
994,105
1962,24
140,1663
738,98
