1425,114
409,1642
724,1677
1469,1693
492,1677
1307,114
901,1677
343,1760
840,1671
1631,1785
755,1760
951,1677
1800,1797
1127,1698
1643,1677
1274,114
727,1630
448,1632
318,26
325,1680
621,1785
1209,1797
993,114
1215,1677
1100,1641
868,1639
294,114
1181,114
852,1698
1190,1760
1063,114
1067,119
38,119
830,1797
722,114
1400,1654
1258,1660
1149,1797
52,1677
307,114
879,1698
367,1760
528,1698
1555,1797
1427,1698
767,1677
1796,1785
1468,1760
44,1660
907,1680
307,1660
34,114
620,1677
148,1698
1400,239
702,1675
1348,119
797,1677
1352,114
34,1679
1631,1630
123,1698
181,114
863,1760
1053,1660
1253,1642
355,1677
1404,1680
1420,1677
1540,114
1119,239
40,1663
1061,1677
1033,1642
831,1677
1515,114
890,1677
839,1698
1548,1698
1240,1639
385,1677
407,1698
1226,114
158,1660
1157,1760
922,1639
1108,114
945,114
1204,1677
195,1667
827,114
646,1632
1381,1677
1314,1632
1459,633
502,114
1389,114
1175,1677
1271,114
1490,1677
854,1698
1356,1760
803,1760
957,119
792,1677
1695,1677
1080,1698
1278,1797
568,1632
201,1677
701,114
1644,1678
1383,1760
1113,114
318,1698
34,1665
251,1677
610,1760
1983,1677
242,114
667,1797
727,1677
389,119
1629,1797
124,114
1300,119
530,1677
596,1698
133,114
186,1667
706,1632
344,1677
125,1698
1245,1677
76,1680
1305,1698
1339,1698
1818,1677
1125,119
758,1632
1053,1680
1442,1639
1260,1698
1441,24
1314,1680
1868,1677
692,1698
1327,1660
539,1671
1277,1677
1791,1785
659,1760
1341,1680
1178,114
634,1760
1060,114
506,131
1389,1680
654,1677
897,114
1175,1667
698,1797
408,1677
212,1797
891,1698
688,1677
1652,1677
454,114
44,1632
320,114
1223,114
1421,1680
946,154
1762,1760
1209,1760
177,1667
198,119
797,1760
500,1760
1651,1785
590,131
1130,1760
1879,1677
467,114
1682,1677
899,1677
1861,1677
1453,1680
727,1667
653,114
1065,114
1044,1797
1911,1677
1417,1677
1714,1677
743,239
1278,1632
194,114
622,114
1467,1677
715,1760
76,114
1512,114
1314,1698
1943,1677
223,114
189,190
653,1785
270,1677
1621,1642
1403,1797
1753,1698
1290,1760
778,1698
1708,1698
568,1677
838,1677
1107,1632
1268,114
805,1698
351,1642
81,114
1217,1698
1001,1677
1537,1785
1027,1677
795,1677
921,1632
1715,1698
1146,1797
1562,1677
1136,1677
272,114
1124,1760
1585,114
1552,1797
1516,1760
1612,1677
1313,1677
45,1785
419,114
1142,114
733,1698
728,1632
1281,1698
988,196
861,114
695,1642
1273,114
1422,1677
514,1760
1394,1680
1597,119
554,119
1449,1797
1681,1680
574,114
1456,1677
1464,114
609,1677
293,114
1476,1785
175,114
1451,1785
1284,1760
1627,1632
1129,1677
833,1698
46,1797
427,1797
652,1760
1312,1785
1737,1698
1617,1760
1389,1797
40,190
726,1660
1441,1632
469,1677
1338,114
1161,1677
1220,114
1404,1641
1483,1760
322,1677
939,114
810,1654
1193,1677
1248,1632
532,131
353,1678
480,114
1243,1677
1537,114
1369,1760
1154,1698
809,1797
868,1630
1074,119
1442,1693
1094,114
415,1641
1761,1677
813,114
191,1698
762,1642
1225,114
695,114
808,1678
1107,114
273,1797
354,114
906,1677
526,114
923,1785
1870,1677
236,114
348,1698
1412,119
1158,1785
1416,114
614,1677
317,239
1904,1677
1107,1660
365,1677
510,1760
383,114
1237,119
1902,1677
409,1677
1058,1760
820,1641
1119,119
760,1642
459,1677
1743,1698
1089,1677
202,1677
1231,1632
1290,114
21,1673
501,1797
1172,114
661,1677
698,1785
241,114
429,1677
673,1785
907,1797
1119,1678
550,1785
339,1760
1051,1665
1627,114
762,1660
778,1785
961,1679
804,1677
808,1660
1474,1797
1696,1693
1098,1641
1021,114
370,132
647,114
836,1677
651,119
1312,1797
786,1660
1542,1677
306,114
40,154
188,114
600,114
962,1641
141,132
1354,1677
582,1642
453,114
820,1663
40,41
335,114
1830,1677
355,1680
40,1668
557,1677
810,1642
1777,1760
46,114
423,1660
1498,114
961,1663
396,1698
692,1785
1380,114
650,1677
667,1785
166,1760
870,190
617,1642
27,1642
158,1680
700,1677
133,1698
1400,1641
49,233
682,1677
898,1630
1468,1660
384,114
808,1642
1174,1797
1988,1677
27,100
732,1677
1397,1677
44,1679
1254,114
1217,1785
696,1680
1191,1677
1120,114
34,97
1462,1797
1250,1677
973,114
850,1641
1491,1677
1385,114
1060,1698
852,239
1039,1797
855,114
859,119
1267,114
1461,1785
258,114
1253,1639
552,114
1359,1673
1327,1797
1788,1785
212,1680
1379,1760
697,114
291,119
826,1760
522,1785
314,1698
1314,1677
1444,24
1100,1642
254,114
868,1632
630,1785
653,1698
120,114
49,138
1450,114
1884,1677
1332,114
1476,1698
72,1680
145,114
844,1698
150,1677
332,1760
1732,1797
1098,1677
27,114
797,1642
1118,1660
710,1785
420,131
453,1632
1148,1677
898,633
932,1667
1619,1677
871,1698
1018,114
500,1677
1027,1698
359,1760
368,1663
310,1654
351,1680
1622,1797
1206,114
959,1677
34,1676
185,1698
899,1680
772,1698
1948,1677
1072,114
1253,1641
637,1660
925,114
470,1677
40,1632
1033,1641
1674,1785
807,114
1240,1785
1346,1760
1219,114
991,1677
1235,1785
926,1680
1683,1677
714,1760
161,1760
990,1677
348,114
702,239
1519,1632
717,1660
1401,239
188,1760
649,114
499,119
1224,1680
1311,1642
440,1693
1484,1760
206,114
1093,114
287,1677
72,114
1208,1698
904,1797
840,119
140,1677
1284,114
326,1760
805,1677
738,1760
1794,1677
235,114
855,1677
1429,114
1644,1679
1225,1665
1704,1698
1113,1797
417,1680
724,1698
837,1677
1270,1797
537,1671
970,114
867,1660
1528,1698
1313,1760
1016,1760
253,1797
1579,1677
1540,1693
1158,114
128,1760
453,1797
1024,114
34,1632
1621,1797
1412,1667
787,1760
308,1797
1240,1654
1015,114
76,1760
92,93
1512,1760
829,1632
706,119
1297,1698
300,114
1439,1677
726,114
1182,1677
599,1797
445,114
857,114
986,1760
1711,1760
680,1663
739,114
526,1760
1183,119
1333,1680
158,114
34,36
1304,1630
770,1680
116,1654
1052,1680
3,1677
1497,1797
855,1667
735,1677
1175,1632
635,1667
797,1680
1421,1760
397,1654
34,1680
751,119
1413,1680
588,1677
867,1642
1253,1677
727,1666
1223,1785
961,1797
1519,114
511,1785
1047,1677
922,114
1740,1698
675,1760
804,114
378,1760
76,1671
1103,1760
1029,1677
398,1677
1036,1797
303,196
1079,1677
1232,114
1469,1797
1456,1680
1078,1677
1686,1680
967,114
1107,1797
1377,114
953,1760
975,1639
994,1698
464,1677
1046,1760
1778,1760
402,1677
1565,114
1175,1680
544,114
581,1677
1745,1698
1887,1677
397,114
1106,114
809,114
1057,1760
631,1677
760,1760
137,1677
691,114
1458,1677
366,114
666,1698
1919,1677
887,1760
1016,1677
232,114
1149,1677
1511,1680
241,196
1218,1680
521,1632
727,1680
176,1797
691,1660
1442,114
1535,1797
219,1677
535,131
1949,1677
1497,1698
1471,114
1327,1698
1081,1760
1568,1680
312,1677
1432,1698
1213,1677
1473,1760
920,1760
804,1642
514,1680
898,1641
771,1677
1610,114
1441,1797
804,1785
450,1698
880,1677
1329,114
803,1677
1211,114
1357,1680
850,1680
1384,1630
886,114
1186,1698
752,114
38,1797
1620,1677
1321,1677
630,119
1017,114
1404,1642
487,114
643,114
22,93
318,114
1847,1677
1066,1666
530,1760
1906,1677
184,114
353,1677
908,1785
380,1698
1464,1677
1560,1698
626,114
1051,1797
1607,1654
171,1785
1126,1797
1532,114
38,95
517,114
667,1677
1240,633
1496,1677
1277,1698
742,1677
415,1785
1423,114
159,131
898,1659
1955,1677
415,1678
1065,1667
201,1642
631,1760
760,1677
518,1677
1562,114
1107,1663
271,1677
1217,1677
987,1677
1461,638
1281,114
1371,1642
820,1642
1163,114
1404,1656
796,1797
838,114
1744,1797
1251,1677
163,1642
704,114
1607,114
21,1672
506,1642
1510,1797
439,114
1735,1698
867,1797
21,1785
851,114
1281,1677
270,114
1037,114
21,1642
1624,1677
1756,1760
1610,1632
1372,1785
1347,1785
1328,1663
1109,1632
904,119
961,1678
622,1677
34,138
1484,114
1178,1797
1783,1760
725,114
1424,1677
567,1785
1065,1677
607,114
833,1677
557,239
1452,1785
1098,1785
1427,1785
1044,1641
1958,1677
916,114
1292,1673
405,1677
1390,1630
1214,1698
1304,1797
40,42
1240,131
959,1785
437,1677
1489,114
867,1698
1289,1678
355,1760
1371,114
506,1660
770,119
1240,1677
423,1663
652,119
1294,1666
177,1797
1699,1677
921,114
21,1660
810,1677
1421,1797
1424,119
1629,1632
824,1785
930,1760
803,114
298,1760
478,114
1552,1677
1400,1642
15,1677
344,114
1985,1677
74,1677
606,1698
44,1785
1127,114
1550,1677
871,1630
530,114
124,1677
184,1760
610,196
1436,114
3,1698
47,1677
27,20
1166,1797
567,1660
395,1698
677,114
1359,1642
1838,1677
1181,1698
924,1677
565,1677
218,114
40,24
932,1660
615,1677
1031,1797
647,1660
1206,1663
1111,1785
506,1678
1441,114
1323,114
897,1760
1378,1797
117,1677
998,114
961,1785
935,1677
92,233
1638,1760
864,114
994,1677
1126,1698
804,1698
1216,1698
1011,114
704,1760
1199,1677
799,1641
1258,1677
34,1
1197,114
296,114
1504,1797
1052,1677
1609,114
1701,1698
889,1641
931,1678
234,1698
1083,119
1033,1678
680,1698
738,114
499,1680
388,1797
1368,1785
724,1693
620,114
1634,1654
493,190
540,1671
885,114
889,119
727,1785
767,114
809,1698
554,1677
1621,119
170,114
1253,1785
1629,1698
604,1677
1417,1760
525,1677
1259,1797
1568,1639
273,1698
1892,1677
596,1660
1490,1641
339,1677
45,190
1556,114
158,1677
57,1680
1736,1698
1254,1675
1531,114
1095,1677
687,1760
464,1698
1121,1668
950,114
55,1760
864,1797
1395,1677
867,154
1570,1797
816,114
1362,1785
491,1698
1383,1677
1956,1677
963,114
137,1680
1186,1677
1518,1760
680,1680
1365,1677
1405,114
389,1680
1653,1654
1561,114
177,1760
1031,114
1329,1698
867,1663
1218,1677
727,1679
690,114
393,114
641,1760
1118,114
695,633
572,114
275,114
716,1698
22,23
975,119
776,1677
837,114
952,1698
719,114
46,1698
235,1677
1795,1785
1434,119
1404,131
1719,1698
874,24
816,1654
514,1677
771,1680
4,1
149,114
1277,1660
1312,1632
967,1760
1802,1677
668,1667
671,1654
1493,1680
1183,1698
531,1677
1852,1677
34,37
92,633
40,196
425,1760
902,114
1261,1677
1534,233
768,114
1570,1785
817,1677
635,1666
1545,1785
1489,1797
55,1797
683,1698
232,1760
1428,1760
1357,114
1503,1698
533,1680
473,1698
991,1760
1239,114
926,1677
642,114
1380,1680
524,114
483,114
927,119
1568,1667
273,1678
1174,1760
808,1797
1095,1760
671,114
1081,114
675,119
992,1677
919,1632
750,1698
34,196
819,1630
1451,1677
1528,114
225,1785
1526,1677
945,1760
321,1680
1493,1698
748,1797
1986,1677
726,1632
529,114
1435,114
977,190
44,633
773,1677
162,1654
305,1785
1685,1680
57,104
823,1677
540,1785
974,1693
1402,114
993,1698
822,1677
720,119
1590,114
1210,1680
790,1760
1412,1632
422,114
1309,114
919,1680
1394,1678
1120,1677
1462,1680
288,114
1489,1698
1603,114
1536,1797
850,114
1297,1677
742,1680
435,114
1731,1698
751,1698
460,1677
520,1760
726,1680
1424,1698
639,1677
231,1680
912,1760
1033,114
206,1698
1256,1797
313,1641
253,1639
162,114
1849,1677
1367,1760
1480,114
1301,1680
814,1760
669,1677
1779,1760
735,1760
309,114
1147,1760
357,1642
1704,1677
1314,233
1685,1698
411,1797
619,114
1021,1680
92,1668
501,1698
1354,114
1029,1760
1236,114
849,1680
21,1639
727,633
49,114
1542,114
1749,1760
1270,1677
955,114
978,1797
1237,1698
760,26
1498,190
1040,1760
1517,114
1791,1677
1499,1797
1545,1233
1358,1698
400,1677
1307,1760
1090,1680
27,154
726,1698
961,24
1263,633
240,119
807,633
225,1797
760,1678
684,114
387,114
49,1785
928,1642
872,1660
1745,1677
829,114
1241,114
1183,1797
123,1677
1123,114
1855,1677
1567,119
542,114
1446,1678
1483,1680
1444,1642
1432,114
401,1660
943,1642
1559,1632
1021,1698
1117,1677
143,114
788,1797
197,1797
675,1677
153,1785
1594,132
262,1677
52,1797
790,1663
1306,114
1492,1677
961,1677
1188,114
693,1698
1417,190
907,114
1616,114
1466,239
1147,24
1170,1797
448,114
1351,114
1122,1698
1314,154
1062,114
1620,1698
40,43
46,1
1368,1677
1149,1698
1483,1678
1193,114
1089,1693
663,114
1289,1677
1075,114
322,114
640,1785
676,239
750,114
1240,1678
204,114
1338,1677
469,114
1545,633
1517,1632
868,1660
351,114
1384,119
1859,1677
1016,1797
1236,1797
175,1677
891,1677
1514,114
1370,1698
710,1677
1524,1797
1396,114
453,1660
44,1673
209,114
1923,1677
1153,1677
40,138
850,1639
176,1760
400,114
988,1797
495,1677
426,132
1792,1785
1185,1677
1595,114
536,131
1270,114
647,1663
1206,1660
798,1785
803,1797
342,131
1234,1677
989,114
1475,1677
1401,114
376,1797
871,114
1027,114
1232,154
1568,1642
274,114
682,119
481,1760
702,114
1328,1677
156,114
568,114
1487,1785
1370,1797
1348,1785
1336,119
1786,1677
1157,119
309,1677
778,1642
1303,1698
1819,1677
1242,1642
749,1642
1634,1668
855,1785
0,1
1359,1659
1175,1630
1033,1677
116,1667
1348,114
1314,190
635,1785
135,1677
1562,1698
161,114
1023,1698
598,1760
990,1760
1603,1677
478,1698
1325,1797
1538,1760
711,1642
1547,114
715,1785
1240,1642
1222,114
448,1760
943,1677
1354,138
1615,1785
267,1698
1002,1677
1088,114
695,1698
941,114
945,119
796,1677
1353,114
930,1797
456,132
827,119
1235,114
975,1677
646,1639
1254,1672
7,1
763,239
778,1677
654,114
1487,1660
364,114
520,114
1014,1760
1493,1677
237,1677
511,114
1536,1785
685,1785
1953,1677
1787,1785
1287,1677
500,1693
1109,114
465,1797
137,1760
269,1677
1510,1760
1418,114
612,1677
325,1760
1021,1785
369,114
1643,1642
727,1663
251,114
968,1760
839,1677
1412,1677
977,1654
1215,1698
764,1760
380,1785
1769,1677
1568,1654
1103,1677
670,1698
944,1698
1372,1698
38,1698
1174,114
1638,1677
740,1698
1036,119
427,1677
1628,1797
72,1678
1391,1677
125,114
1403,1785
903,1677
646,1760
1805,1797
316,131
775,114
918,1797
1187,114
49,1698
1501,1698
767,1698
434,114
1468,1671
862,114
1629,114
1421,1677
820,1666
1226,1677
710,1642
606,119
240,1698
1436,1698
1236,1660
1650,1660
463,114
227,1680
1410,1797
1483,1785
1685,1677
57,93
333,1698
1453,1677
47,638
174,114
1540,1677
40,1630
951,1760
243,1677
1243,1698
47,1797
1508,114
522,1677
539,1785
321,114
1828,1677
1190,1698
927,1698
1568,1668
572,1677
203,114
1035,633
758,1760
1237,1677
1005,1677
1306,1760
1031,1677
879,1632
1860,1677
1090,1677
1303,1639
382,1677
788,1680
1333,1760
1367,1660
409,1797
1063,1677
160,1677
1248,114
1564,1698
825,1677
1122,1677
885,1797
223,1698
1513,114
983,114
568,1663
820,1680
123,1760
1395,114
1581,1677
386,114
1366,1797
268,114
582,1698
1581,114
680,114
57,111
1529,131
918,1760
1422,1654
1871,1677
839,1760
415,114
555,1797
1122,114
1548,1760
1674,1677
320,1680
436,132
382,114
55,56
1447,1698
1269,114
1000,1677
248,114
1151,114
525,1698
153,1677
1529,1760
1442,1785
1017,1698
997,1654
1460,114
911,1680
1534,1677
203,1677
273,114
898,1639
695,1797
649,239
155,114
1312,1677
668,1760
1455,1092
760,1665
961,190
743,1698
122,114
1572,1760
1393,1797
1197,1677
1411,1760
1307,239
376,1785
979,1698
1334,114
1248,1797
1461,1680
1036,1654
1200,114
182,1680
509,1760
935,114
1771,1760
1218,1760
1347,114
21,1668
1077,1797
353,1667
692,1760
1604,1677
1305,1677
1504,1680
21,138
1347,1660
1074,114
777,114
1477,119
126,1677
1005,1760
1355,1677
659,114
1359,119
1174,1677
1221,114
634,1698
1225,119
1203,1797
1890,1677
200,114
1103,114
1229,1698
1491,1797
6,131
601,1677
176,1654
363,114
533,114
1130,1698
1256,633
1419,1677
1661,1660
81,83
1460,1785
582,1663
1334,1680
74,114
773,1760
1738,1760
980,114
72,1797
1106,1760
1802,1797
1286,114
1175,1797
1035,190
1152,114
1171,1698
511,1677
237,114
1765,1760
1212,1760
761,1698
353,1693
407,1668
1689,1680
621,1698
790,1677
1347,1642
1681,1760
1056,1677
1254,1632
1311,1677
253,131
1489,1677
1051,1666
1623,114
1054,1677
353,1663
598,119
997,1642
961,1676
389,1797
985,114
1482,1680
808,1663
1031,633
1272,196
44,1797
867,114
961,233
545,1660
500,1797
286,114
1547,1677
685,1698
152,114
1622,1677
1441,1680
1628,1660
1082,1698
315,1797
598,1642
1636,1632
948,1677
1705,1760
1896,1677
1746,1698
623,114
383,1785
1359,1668
1603,1680
1147,1660
212,1677
12,1
1942,1677
547,1760
932,114
1478,1785
544,1642
1336,1632
1360,114
244,1677
498,1677
1974,1677
816,1630
703,1677
866,1698
1649,1677
762,1677
34,154
1482,1666
1468,1663
806,114
274,1677
1238,1677
672,114
1575,114
617,1673
989,1677
1234,114
407,114
1440,119
1441,1698
1116,114
819,114
554,1639
494,114
1536,1677
360,114
1535,1785
692,1797
1713,1677
1491,1663
546,114
1376,1785
1371,1785
536,132
1067,1760
336,1654
243,1698
1369,1698
693,114
908,1677
234,114
1456,1785
1328,1678
116,114
599,1677
191,1632
1558,1698
368,1797
1692,1680
643,1677
723,1639
1605,1677
1314,1642
307,1698
348,1760
1620,114
1655,1677
1146,1785
1457,114
1121,1785
1339,114
510,1698
932,1678
956,1698
538,1797
1539,1641
1058,1698
531,1760
880,114
978,1677
758,119
598,1654
121,114
1421,1785
1068,114
771,114
1469,119
199,1797
1056,196
763,1698
446,114
1242,1677
1213,114
312,114
1625,114
1036,1677
706,1642
1653,1668
1336,1677
754,114
1140,1797
977,1659
1404,24
1538,1680
1281,1785
1795,1677
645,114
539,1677
1243,1639
1560,119
947,1760
1232,24
493,1642
186,114
868,1760
367,1677
1314,1660
1827,1677
1356,1677
34,190
614,1785
1333,1675
871,1660
1243,1797
923,1698
1815,1677
1140,1785
1572,114
72,1663
1409,114
626,1660
386,1797
176,1677
707,1797
966,114
1359,1785
76,154
832,114
439,1698
907,1632
635,1639
1232,1677
1170,1677
1421,119
1648,1797
706,1660
396,1760
34,1663
398,114
312,1797
678,1632
1691,1677
1165,114
1577,114
421,132
1202,1677
1526,633
339,1693
706,114
1388,1760
1134,114
1040,1672
203,1760
1089,1797
588,114
1917,1677
1289,1797
245,1677
72,1679
1961,1677
1443,1698
735,114
1274,1760
568,1667
34,35
898,1698
277,1677
1718,1698
234,1668
820,1667
177,1671
116,1760
959,1698
1446,1654
1651,1642
1413,1693
705,1698
593,114
1218,1693
1499,114
747,1667
92,1698
918,114
1016,1632
784,114
76,1666
1412,1660
528,119
931,114
221,1698
435,1677
649,1797
495,1797
1591,1785
1646,1660
911,1677
1373,114
472,114
1487,1698
1857,1677
868,1668
975,1632
760,1797
1255,114
829,1760
1386,239
866,1642
1241,1760
658,114
1066,119
1086,114
1429,1677
540,114
1001,1760
943,119
1441,1785
173,1677
234,1639
805,114
1284,1677
1148,1698
687,114
1441,1642
1461,1677
1362,1642
626,1632
401,1797
1225,1698
228,114
1511,1677
877,1797
57,110
1458,190
961,638
1165,1632
714,1698
1653,1785
932,1797
545,114
281,1677
1100,1630
769,1760
1451,114
1013,1677
45,1
1187,1698
690,1760
102,114
988,119
992,114
1709,1797
676,1698
1761,1760
1208,1760
1088,1698
186,24
557,119
1606,114
576,1760
1325,1677
1312,1678
326,1698
1325,114
424,114
1115,1698
1314,1797
1207,114
34,71
1619,114
1507,1698
1357,1677
866,114
1292,1760
1704,1760
1038,114
411,1785
724,1632
748,114
92,1632
760,1632
1013,114
579,1698
889,1680
778,1797
971,1698
1450,1677
1622,239
1240,1797
298,114
1732,1677
887,1632
1066,1665
162,1785
667,1632
1289,1760
1330,1698
1959,1677
1069,1797
145,1698
1702,1677
465,1677
27,1666
824,1760
692,1680
8,1
928,1678
635,114
762,1654
1991,1677
1096,1760
1137,1698
729,1677
898,1654
844,1668
1217,1632
1258,1698
523,1677
1635,1698
1412,1797
1255,1677
962,1760
1058,1677
1390,1760
844,1642
81,82
46,138
1533,114
724,1654
1421,1698
582,1660
508,119
92,1654
1159,114
1571,114
762,196
818,114
1066,1760
1248,1667
1246,114
216,1760
403,114
648,1677
1289,1665
1112,114
918,1677
1549,1677
965,114
15,1
378,1698
454,1785
207,1671
847,114
1167,1797
694,633
1583,119
950,1677
1385,1698
1898,1677
558,114
317,1654
651,1760
1692,1677
953,1698
277,114
139,1677
961,1667
180,1785
1101,1677
1468,1642
705,114
7,190
1427,1677
1118,1668
587,114
1482,1760
850,1760
1458,633
512,1677
896,114
774,119
689,1677
1368,1760
820,1659
40,1785
717,119
1800,1677
1147,1678
760,1660
1628,1667
307,1797
1485,114
1359,1671
1367,114
1259,1677
372,1677
358,132
770,114
1735,1677
1327,1760
810,1785
1538,1677
1064,114
785,1785
1154,1666
1517,1630
1291,1677
21,1657
874,1797
1096,1677
1366,1677
1209,114
1529,1677
1134,1760
1555,1677
746,119
317,1785
1615,1797
766,114
1482,1667
1323,1677
1449,1760
740,1641
78,80
1577,1698
485,114
1542,1760
1118,1654
1400,119
1841,1677
749,1654
657,114
1079,1797
539,114
1256,1760
1041,1698
198,1785
177,1785
1107,1677
932,1663
218,1677
557,1642
1436,1785
1950,1677
1530,114
40,1654
1232,1698
1110,1797
1528,1785
225,114
1417,1642
447,1677
1393,1677
1982,1677
1437,114
1441,119
943,1785
742,1660
235,1698
412,119
840,1642
1319,114
1361,1698
479,1677
978,114
1169,1677
1610,1667
584,1785
860,114
332,1677
1345,1680
265,1654
997,1677
882,1641
1638,1654
1457,1677
791,1677
1217,1630
1098,1673
1498,1785
1684,1680
1043,114
803,1785
1544,1677
1118,1632
290,114
718,114
1605,114
280,132
1609,119
1776,1760
1239,1760
584,114
437,114
116,1677
836,1660
727,1797
1576,1677
319,114
1846,1677
1173,119
57,71
343,1677
1464,1642
916,1677
1302,1698
1735,1760
476,132
1864,1677
988,1668
212,1698
325,1677
380,1654
34,1642
1364,114
955,1698
375,1677
504,1760
890,1785
177,114
289,1698
195,1785
865,1785
1621,1760
1142,1677
336,1667
1536,114
410,1698
621,114
275,1760
1527,114
1254,1678
1638,1632
939,1760
812,114
886,233
1238,114
386,1760
871,1663
1617,1677
1100,119
1650,1785
1369,114
963,119
1537,1680
72,1632
747,1654
1251,114
308,1660
152,1698
351,1666
498,114
746,1760
670,114
1726,1677
389,114
1438,119
1477,1677
45,1680
887,1673
271,114
1640,1639
1527,1677
1206,1630
501,1785
34,1660
547,1677
76,1677
1375,1797
1125,114
741,1677
186,1663
501,1642
1568,1672
1364,1677
829,1660
1750,1698
1316,114
517,1677
1432,1785
129,114
567,1677
1451,1680
274,1760
626,1677
1104,1797
1261,1785
1483,119
508,239
184,1677
825,1665
1304,1698
1122,1785
1404,633
1097,1785
672,1698
1424,1639
1266,1760
713,1760
1153,1785
1964,1677
1175,1660
1052,119
1056,114
538,1673
909,114
486,1677
1618,114
1321,114
322,1698
1178,1677
699,1698
716,1660
1510,1680
791,114
629,1785
1203,114
450,114
1228,1677
878,114
332,114
504,1677
744,114
1210,1677
622,119
76,1667
40,633
479,114
1512,119
591,1698
1649,1642
1018,1760
1333,119
501,1660
1437,1677
1147,1797
1077,114
1040,1671
507,1632
438,1698
618,114
641,1797
1524,114
449,1698
1812,1677
337,114
874,1663
640,239
34,50
219,114
334,1677
1261,1660
727,154
389,1632
368,1677
1844,1677
1647,1698
1664,1785
57,109
1398,114
1527,1760
974,1760
1460,1797
1376,1698
1264,114
1106,1677
22,54
1529,114
45,1797
1111,1698
801,239
999,114
859,1677
1464,1667
985,1760
678,1677
402,114
1607,1660
650,1760
353,1760
830,114
284,114
1865,1677
692,119
566,1698
1394,1677
1597,114
696,114
333,1797
1915,1677
1853,1677
1048,1698
431,114
1138,114
181,1677
868,1675
1607,1698
614,1797
260,138
611,1698
231,1677
1545,131
1175,1698
1033,119
760,1667
1200,1760
1885,1677
1462,138
34,68
458,1698
898,1671
904,1698
1476,114
1332,1698
234,1785
1518,1677
820,1632
674,1760
679,1797
171,114
1296,1677
1494,1760
641,1698
705,1677
350,1698
1400,1797
1548,1680
832,1698
480,119
1170,1760
1350,114
1119,1671
1598,1760
1045,1760
52,53
241,1760
440,1659
1432,1797
1216,114
1094,119
45,114
1481,114
18,20
790,1632
1363,114
174,1797
45,131
782,114
911,1760
1112,1677
648,114
651,239
1098,1632
1183,1760
1065,1671
1372,1797
326,1693
1493,119
253,1654
696,1785
1158,1677
1237,114
1241,119
1376,1632
1119,114
1461,1760
702,1654
1508,1677
1628,1678
814,1632
245,1797
1428,114
735,1632
776,1785
648,1678
1967,1677
379,114
1393,1760
711,1677
1565,1760
881,1698
473,1677
1478,1677
1629,1785
961,1632
1002,1698
790,1667
267,1677
1551,1698
21,1654
1629,1642
1039,1760
505,1677
1244,1698
1302,114
1218,1797
1400,1632
262,239
1168,114
299,1677
961,1666
253,114
1433,114
298,1677
518,1760
945,1698
997,1785
1315,114
639,1698
348,1677
1033,1797
990,114
444,114
725,239
392,1677
856,114
567,1642
749,1667
1359,1632
837,1698
1371,1660
1564,1797
302,114
1189,114
1483,1667
1863,1677
1071,114
1606,1677
115,1677
369,1677
1404,1785
730,114
1379,1785
1694,1698
449,114
930,1677
1559,1760
1262,1760
147,1677
145,1677
331,114
868,1663
578,1797
630,1760
21,1656
1629,1660
1319,1760
1927,1677
577,239
460,1698
439,1797
1510,114
520,1677
1098,1668
531,1639
1246,1698
1376,114
44,1668
205,114
1607,1797
744,1680
1357,1698
552,1677
1491,1680
1315,1642
396,114
1634,1632
808,114
540,1677
1591,114
1755,1760
1743,1677
840,1677
1250,114
953,114
629,119
1255,633
629,1667
249,1677
1173,1642
1299,1677
1596,1677
510,114
1029,1698
1397,114
376,114
118,1677
1279,114
1027,119
1100,1639
1229,239
720,1693
76,1785
1314,1785
564,114
561,1677
285,1797
401,114
740,1673
283,114
1725,1760
72,73
1536,131
1333,1671
778,1641
250,114
1137,114
1410,1677
1462,114
1455,1797
116,1678
702,1677
157,114
34,1673
57,70
453,1677
540,1667
736,1677
1401,1677
706,1785
913,1677
1010,119
919,1797
1549,1698
727,1642
1173,1660
1543,114
1177,1677
977,1657
1202,114
186,1642
905,114
714,1660
340,1677
1084,114
787,114
1487,119
462,114
1349,114
1029,154
328,114
1231,114
440,1698
1733,1698
1257,633
648,1797
72,1667
1320,1677
175,1698
1400,1785
1301,1797
414,1797
491,114
661,114
1854,1677
351,1660
1381,1641
1175,1641
202,114
185,26
1089,114
351,1677
1041,1677
1886,1677
1414,114
1603,633
870,1642
1664,1677
1280,114
383,1677
273,1654
365,114
1412,1785
1075,1677
186,1677
1150,1677
247,114
1024,119
1101,119
1336,1693
1517,1698
1952,1677
186,1660
982,114
413,1677
1361,1677
695,1677
977,1668
1588,1680
919,1785
1367,1797
726,119
1154,114
1036,114
995,114
1625,1677
1333,1642
414,114
788,1677
1183,114
1593,114
197,1677
231,1785
1474,1785
1150,114
726,1642
1441,1630
247,1677
1191,1698
1175,1663
1529,1797
1236,1663
869,114
389,1678
1540,1785
751,114
57,98
352,1698
1458,138
1041,114
470,1698
761,1785
261,1677
1804,1797
541,1677
686,1760
1173,1680
311,1677
1488,114
171,1680
999,1760
446,1760
943,1698
1568,1671
199,114
1621,1667
695,1667
723,1698
609,114
829,1677
866,1785
634,1677
583,1698
203,1680
1010,1760
885,1760
919,1660
684,1677
796,119
1333,1660
253,1760
1652,1642
1303,1632
861,1677
1362,114
1972,1677
748,239
1559,1797
34,51
1468,1680
488,114
1545,114
231,1660
954,1677
272,1677
957,1680
598,1698
135,1760
690,131
335,1698
674,114
1004,1677
1248,1785
1565,1642
1413,1677
57,108
1067,1693
115,1698
302,1760
959,119
1463,1677
821,114
825,119
1522,1677
1127,1760
703,114
797,233
1311,1797
966,1760
362,114
695,1632
1328,1785
244,114
1131,114
797,154
1040,1639
977,1760
1405,1760
852,1760
1185,1797
517,1760
1526,1632
561,114
1098,1663
415,1671
382,1698
879,1760
118,114
528,1760
376,1677
247,1760
1279,1677
1427,1760
1314,633
34,69
1008,114
898,1668
844,1654
850,1677
249,114
855,1698
899,114
1055,1677
1622,114
1309,1677
152,1677
422,1677
727,24
162,1668
1444,1632
1411,239
1341,114
440,114
328,1698
812,1632
1932,1677
756,1698
719,1630
1573,1677
686,1677
55,154
882,114
1402,1677
1623,1677
1054,114
527,1698
897,1677
695,1654
773,114
919,1698
135,1797
407,1760
605,1677
314,114
1716,1677
740,1760
758,633
1424,1797
52,1698
1893,1677
238,1677
1555,1760
1687,1677
449,1677
513,114
1304,1677
668,1632
1364,1797
1419,114
48,1677
231,1632
1342,1760
956,119
960,114
959,26
763,1677
1061,1760
610,1698
201,114
582,1677
1453,1760
1574,114
1165,1666
1226,196
414,1678
1240,1668
1293,114
392,114
856,1677
961,1639
1311,1785
1175,114
643,1797
1339,1760
777,1677
1587,114
758,1698
1629,1641
1119,1797
1262,114
1306,1698
827,1677
716,114
1124,119
435,1785
1128,114
353,1660
1789,1677
393,1797
961,1665
1543,1698
1029,196
863,114
1607,1665
1146,1760
1333,1698
102,1760
1166,1677
266,114
1282,1760
898,1785
148,114
1403,1698
1882,1677
1200,1677
27,29
1628,1663
1309,1760
1721,1760
677,1760
198,1677
1089,1760
1581,1760
721,114
1253,1663
719,1677
1058,1663
603,114
1336,1797
1486,1677
22,114
1380,1654
1556,1797
912,114
15,17
1929,1677
790,119
673,1677
1278,1698
49,1
1193,1660
1979,1677
262,1760
1724,1698
1627,1797
1311,1660
750,1660
1501,114
1254,1760
1383,114
1453,1797
742,1698
1048,1677
786,114
1214,114
668,114
47,119
933,114
1140,1760
400,1660
830,1660
1575,1680
815,114
1350,1677
34,1797
124,1785
1197,1760
1729,1698
1609,1760
1539,1677
356,114
1614,1677
1799,1797
1382,1677
1218,1698
1648,1677
1664,1698
305,1797
1475,1760
557,1785
673,114
555,114
1122,1797
665,1660
1314,1671
1059,1698
1935,1677
1934,1677
423,1785
1605,1785
441,1677
361,114
589,1760
864,119
668,1797
243,114
685,119
874,1668
1513,1698
1121,1677
750,1785
1596,119
1487,1642
1453,114
1457,119
1011,1677
34,26
308,1785
453,1642
44,1659
978,1785
1166,114
548,1677
876,114
1032,114
117,114
981,1677
1738,1698
1390,1663
1023,114
775,1677
834,1677
34,1785
308,114
879,1797
1621,114
1571,1797
1519,1785
1336,1680
1831,1677
1380,1785
1700,1698
514,1797
911,1797
337,1677
1741,1760
1034,1698
881,114
763,114
182,114
703,1698
630,1660
44,119
191,1760
1258,1641
785,1797
1418,1677
1333,1672
1387,1760
797,1654
195,114
1468,1677
44,1641
1552,114
1287,1673
1293,1698
877,1677
568,1639
469,1760
744,1677
1705,1698
1287,114
1236,1642
122,1630
725,1797
1203,1677
1374,114
971,1677
828,114
1240,114
1647,1785
714,1677
1013,1797
975,114
1417,1668
1235,1677
764,1677
725,1639
1173,1677
1769,1760
1522,1785
1240,1660
977,1642
686,114
1573,114
1497,1785
1519,1660
1114,114
158,1760
1568,1785
717,1785
833,114
415,1698
715,114
1359,1797
606,1677
122,1678
134,114
1408,1677
1468,1667
1049,1677
116,1660
1537,1760
234,1667
820,1678
1099,1677
889,1785
727,119
610,1677
368,1760
589,114
1088,1797
1916,1677
635,1654
1131,1677
1495,114
1521,1797
898,114
780,114
851,1698
1369,1677
341,138
1192,114
552,1797
927,114
499,1797
539,1642
911,1678
894,114
760,114
866,1641
1423,1785
1066,114
529,1663
255,1677
1528,119
1509,1760
669,1797
785,114
365,1698
667,114
998,1632
713,1680
285,1677
917,1680
735,1785
1036,1660
1551,1797
1822,1677
1060,1760
634,114
1650,1642
300,1698
1460,1680
1856,1677
976,119
353,114
319,1677
1165,1693
1585,196
1674,1673
327,1698
199,1641
21,633
538,239
1036,1698
541,114
1210,1693
1447,114
678,1667
1252,154
1826,1677
1442,1666
651,1785
692,1677
988,114
38,39
1586,114
1289,114
1274,1680
27,131
1098,1660
1476,1760
1356,1698
1171,114
662,1677
844,1760
699,239
1655,1654
846,114
1575,1785
1019,1680
176,1660
1441,1672
1183,1677
712,114
1615,114
34,66
568,1698
1383,1698
738,1680
1539,1698
48,1680
871,1760
447,114
1718,1677
1027,1760
917,1698
1471,1677
798,1797
1404,1632
875,114
1045,114
582,1680
1302,1785
18,1677
1259,1698
125,1760
586,114
1503,1677
92,1665
733,1677
1492,114
673,1760
339,1642
305,114
650,1680
187,114
1257,1672
1254,1642
1258,633
815,1660
749,114
984,1698
34,633
700,1760
539,1654
829,1680
1372,1680
323,1677
537,1797
383,1797
496,119
940,114
258,1760
993,1797
1011,1698
186,1797
1366,114
799,1677
379,1698
1140,1677
44,1698
176,1642
1538,114
1497,114
1628,1642
500,1698
838,1760
285,1760
909,1680
1317,1677
1379,114
1217,1671
778,119
738,1698
176,1785
798,114
1367,1677
360,26
1940,1677
508,114
664,114
1567,114
1110,1677
1625,1797
1349,1677
724,1760
1211,1680
621,1660
1631,1677
1413,1760
1231,1641
399,114
716,1680
1509,119
1528,1760
905,1677
1165,1665
965,1797
1234,1698
1253,114
613,1677
955,1677
1135,114
820,1797
1431,1677
1504,1698
538,114
1220,1760
1291,1680
1109,1785
1366,1654
1444,114
1487,1760
493,1680
257,114
829,1698
1241,1698
139,114
1561,1641
710,1797
457,1677
558,1663
705,119
1046,1680
583,114
986,1698
507,1677
1020,1698
1176,1698
1981,1677
44,1680
1375,1666
1770,1760
1217,1760
805,1760
27,28
1138,1760
489,1677
1318,114
1564,1680
1836,1677
1184,114
283,1677
1367,1667
1390,1632
1382,1680
919,114
760,1663
612,1760
1628,114
1331,114
1404,1668
1040,1797
1058,1660
1100,1677
801,1677
1006,114
1033,1654
460,114
728,1698
180,1797
414,1785
1559,1677
1596,1785
15,16
1058,114
1615,1760
1541,1677
910,1677
1548,1797
882,1680
868,1657
908,1642
1591,1677
944,1677
1369,1654
1087,114
746,114
1465,1760
1208,1677
679,1642
628,114
1696,1698
465,114
1046,1698
1105,1760
932,1668
347,114
552,1760
1435,1677
657,119
240,1677
1057,1698
649,1677
1970,1677
579,1760
1178,1698
57,58
971,1760
1510,1785
557,1639
423,1797
497,131
699,1677
1516,1680
1528,1677
1314,24
1392,114
1248,1698
549,131
40,1657
681,1677
291,239
336,1642
1289,1698
1650,1797
731,1677
1154,1760
857,1760
1283,114
550,1677
336,1785
412,114
820,119
824,114
1249,1677
824,1677
1266,114
309,1639
1599,1632
1432,1760
1148,114
1781,1760
1283,1677
1635,1632
1580,1677
394,1677
1157,114
1269,1698
646,1785
1072,1760
1039,114
798,190
962,1698
444,1677
1392,1677
1408,1698
698,114
92,1797
1536,1760
580,114
545,1677
1390,1677
368,1654
938,1760
299,114
411,1698
1168,1677
1390,1660
837,1668
1833,1677
577,1677
1883,1677
747,119
40,1639
1377,1760
149,1677
1145,1660
1478,114
1344,114
207,1642
473,1785
653,1660
1349,239
871,1797
1425,633
1519,1641
585,114
768,1668
380,1760
1088,119
55,114
1512,1785
1385,1677
1491,114
544,1785
910,114
1320,1760
1179,1677
776,114
1254,1677
1090,1698
335,1797
877,1642
527,239
1559,114
1482,1698
880,1642
1218,114
1100,114
1272,1677
844,1630
44,1642
1365,114
726,1630
783,1677
1247,114
1362,1666
1033,1698
1251,119
308,1663
650,114
1240,196
598,1668
1318,1677
461,1760
22,190
45,1677
1313,1785
1763,1677
507,114
1582,1677
1369,1666
1330,1672
380,1671
34,1659
1379,1797
1105,114
572,1797
1519,1663
1005,1797
717,1639
898,131
1296,114
1646,1654
381,114
1449,1698
922,1760
7,114
1134,1677
1040,119
726,1678
1443,114
1476,1677
52,1641
220,1677
1936,1677
885,1677
1577,1677
30,32
984,114
34,63
679,1677
950,1797
1627,1677
1170,114
979,1677
1154,1797
1598,114
917,1677
626,1642
1609,1677
762,154
430,114
1317,114
1446,1642
772,1677
807,190
1199,114
858,114
1685,1785
1379,1698
1232,1663
867,1760
314,1760
242,239
999,1677
1280,1797
459,114
720,1641
275,1680
55,86
1057,114
1442,1760
1798,1677
1372,1677
298,1698
614,114
586,1677
1504,114
1197,1797
1364,1660
22,1639
629,1797
464,239
1794,1785
745,114
875,1677
1416,1785
679,1667
627,114
1069,119
515,1698
907,1698
618,1677
936,114
401,1785
1077,1677
887,1785
1301,1785
837,1642
845,1677
1378,114
57,114
867,1665
22,90
521,1641
1127,1677
212,1632
1206,1678
757,119
1260,114
1954,1677
1248,1642
414,1680
1171,1677
1414,239
1525,114
1529,119
504,114
1407,114
810,114
1220,1677
446,1680
1098,119
720,1639
480,1760
299,1698
411,114
1252,1677
457,1680
1638,1698
1506,1677
558,1632
378,114
231,1678
855,1630
1711,1677
868,1797
1147,114
47,1760
1282,1677
34,67
1107,1654
825,1698
1564,1677
1456,114
285,114
1518,1680
1192,1698
92,1660
1645,1797
167,114
579,114
1016,1698
389,1760
162,1666
40,1680
366,1698
496,1680
1301,1660
1066,1677
1483,1641
1100,1785
219,1680
787,1698
1109,1797
1330,114
815,1678
76,1698
915,114
1212,114
1624,114
1512,1698
810,1680
1477,114
815,1663
18,19
312,1698
1789,1785
670,1677
230,132
714,1797
172,1698
274,1698
644,114
879,1667
1070,114
1607,1677
976,1698
1333,1630
1376,1797
821,1680
1907,1677
113,1677
953,1654
789,114
518,1668
874,1630
1266,1698
1712,1698
1564,1667
330,114
1217,114
649,1680
212,114
417,1760
1099,114
1518,1698
1937,1677
840,1797
909,1760
1321,1760
518,114
689,1760
1408,114
493,114
509,1677
856,1760
375,114
1617,1797
1229,119
1288,1677
207,1667
353,1680
591,1760
1111,119
1098,24
640,1680
972,119
1282,114
217,114
740,1680
1328,1654
1164,114
1109,1641
928,1680
1576,114
1166,1760
482,1698
172,1680
1118,1785
660,1677
1375,1660
558,1660
22,1698
1217,1654
408,114
854,1677
911,1632
1619,1785
760,1698
1695,1698
702,1797
1315,1680
1098,1760
1278,114
1303,1797
1144,114
978,1698
6,1
656,1760
308,233
1568,1797
1107,1667
1407,1677
879,114
1329,1677
282,114
706,1680
1376,1760
1483,1668
567,1797
164,114
1051,114
790,154
401,1632
1417,1660
1111,1760
985,1698
1710,1698
1503,1760
592,114
353,1698
1465,1797
840,1632
790,1680
327,114
737,114
259,1660
1224,1660
1514,1760
18,119
329,1760
38,114
1736,1677
1607,1760
1454,190
1423,1667
928,114
1490,114
169,114
1400,1760
799,1632
102,1680
1405,1797
1258,1666
72,1785
1372,114
1065,1760
762,1785
1304,1660
1457,1760
617,119
1332,1760
872,1630
674,1698
1647,1654
1555,114
1494,1698
1367,1680
360,119
802,114
1230,114
1285,1677
1147,1680
232,1693
1096,114
727,1760
1335,1677
949,114
18,1760
1470,1760
1170,1698
380,1660
396,1785
1045,1698
490,114
1747,1698
1599,1677
474,1797
823,1632
539,1797
186,1639
673,1693
372,114
1259,114
1154,1680
361,1677
1568,1632
882,1667
790,1698
296,1760
1388,1785
1277,1760
984,1677
922,1677
630,1632
44,131
1254,1680
1400,1663
373,1785
1121,1667
1443,1677
1106,1797
1503,1797
571,114
1333,1668
246,114
1133,114
248,1677
1424,1760
34,24
1468,1785
425,1677
386,1693
377,114
72,1654
747,1660
1461,1698
475,1677
453,1785
308,1642
3,114
1536,1680
1377,1797
294,1677
1647,1668
524,1642
34,1668
310,1785
1232,1797
1469,114
867,1654
739,1677
1475,119
907,1641
755,1785
1010,114
719,196
1182,114
848,1677
727,1639
355,1797
769,1677
901,114
1013,1698
1694,1693
1722,1698
783,114
1244,1760
988,154
787,119
1530,1785
336,1671
442,114
1490,1632
818,1677
324,114
863,1797
1749,1698
639,1760
912,1677
55,1785
1602,1680
553,1677
603,1677
641,114
954,1797
327,1797
1176,1677
523,114
1121,1663
198,114
1214,1760
1175,1642
1891,1677
351,1678
538,1667
635,1677
397,1660
1653,1663
329,114
886,1642
727,1668
907,1639
211,114
355,1698
641,1785
1483,1630
1464,1660
1568,114
1421,114
728,1677
1629,1677
34,1656
1303,114
868,233
962,114
1646,1668
1076,1698
909,1797
1262,1677
720,1660
844,114
695,1678
832,1642
774,1677
1040,1677
1207,1785
1638,1671
991,114
1219,1677
1038,1677
394,114
197,1785
1589,114
1737,1677
30,33
34,60
1507,1677
1326,1677
1787,1677
726,1641
849,114
1404,1630
299,1797
162,1663
513,1677
440,1797
275,24
574,1642
1880,1677
1170,1641
1165,1641
330,1698
281,114
1150,1698
1464,1785
1596,1698
163,114
1637,1632
1926,1677
385,1760
866,1797
541,239
605,114
423,1677
1126,1760
599,1698
228,1677
482,1677
659,1785
1944,1677
914,114
1322,119
1342,114
704,1698
1353,1677
687,1677
1208,114
72,1698
1635,1677
1403,1677
258,1677
234,1632
1429,1785
973,1677
1295,1698
484,114
1541,114
1209,1785
1082,114
610,1693
1007,1677
163,1654
886,1654
887,1641
692,1641
383,1698
92,1677
1310,1785
665,1673
1289,1785
488,1698
1390,1797
747,1797
273,1760
1380,1677
102,119
514,1785
489,114
1616,1785
1840,1677
423,1667
371,114
362,1677
583,1677
175,1760
879,1660
1255,1797
352,1797
156,1677
1312,1667
1058,1797
821,1677
1294,114
253,1632
1444,1677
1004,114
34,64
674,1677
1303,1760
898,1667
1055,1785
1129,1797
832,131
719,1797
245,114
853,1677
1367,1785
959,1660
1545,1677
127,114
1602,114
647,1677
706,1677
500,1660
129,1760
1637,1698
810,1663
21,1678
1165,1677
887,1663
692,1663
990,1698
92,1667
2,1
1034,114
1538,1698
1009,114
1252,138
1455,1677
653,1667
891,114
1514,1677
267,1760
310,114
1308,1677
1442,1797
49,196
1487,1677
1290,1677
1572,1677
323,114
291,1680
1340,1677
765,114
1191,1760
749,1677
81,85
544,1797
305,1677
1033,1785
55,633
956,114
977,1797
352,1760
232,1698
1368,114
1077,1760
215,1693
1136,1698
1469,1760
1124,1677
832,1797
21,1680
1554,114
686,1698
325,1698
414,1677
388,114
1480,1760
814,114
1369,1785
448,1677
1154,1677
676,119
1100,1663
661,1797
1727,1698
723,1760
1609,1797
1215,1760
558,119
591,1680
1242,114
1369,1642
1615,1677
583,1760
1010,1698
790,1654
1124,114
480,1677
961,114
961,1670
843,114
936,1680
879,1680
939,1677
1903,1677
262,114
1901,1677
1493,1760
1014,1677
128,114
646,1698
669,1785
749,1663
1482,1660
1066,233
554,1663
40,131
1933,1677
335,1760
1044,1760
1634,1642
185,1677
240,1760
717,114
932,1654
1253,1660
232,1680
302,1698
1404,1670
599,114
840,1667
1965,1677
1359,1666
146,1698
991,1680
538,1660
562,26
908,114
966,1698
1320,114
755,1677
1412,1698
574,1677
1243,1760
484,1639
1221,1642
1465,114
1034,1677
608,1677
950,1680
868,1659
1702,1698
1002,119
1084,1677
1022,114
517,1698
1599,1660
1457,1797
1529,1680
888,114
889,1797
778,1680
1048,1680
1543,1677
47,131
912,1698
1194,114
1602,1677
757,1680
49,1677
744,1797
894,1677
913,114
400,1663
805,1680
1575,1677
1337,1677
1033,1668
81,1677
336,114
762,114
1192,1677
481,114
925,119
1094,1698
768,1642
1089,1632
1359,1680
807,119
596,1680
1643,1671
918,1698
1480,1677
1763,1760
1210,1760
551,114
1412,1680
1142,1797
210,114
506,1785
92,114
1512,1677
1645,1677
758,1677
1328,1668
1739,1698
725,1698
605,1760
52,1760
1534,1660
1414,1698
1971,1677
1417,114
1529,1698
1348,1760
877,1654
1596,114
974,114
1824,1677
1333,1667
840,114
360,1660
718,119
1028,114
747,1663
1226,1680
1491,1698
1173,114
1342,1677
971,1680
932,1642
1453,1698
1253,1680
428,1677
1376,1677
1601,114
76,1797
40,1641
988,1665
596,114
433,114
34,1639
1640,1677
163,1677
315,114
1757,1760
503,131
1817,1677
572,1760
539,1667
759,114
1053,1797
1536,119
1867,1677
980,1677
1005,1698
195,1677
1146,1698
44,114
1494,114
1314,1654
1312,1642
1101,1630
1635,1680
1633,1632
1403,1760
242,1677
44,1
483,1677
601,114
1548,114
1507,114
1721,1698
48,1785
926,114
1239,1677
1280,1660
792,114
176,1667
319,1797
162,1642
1083,1680
727,1671
128,1785
1232,1667
1381,114
186,1673
1470,1693
1278,1660
34,1657
826,1677
1790,1677
1240,1663
666,114
645,1673
1553,114
48,1797
726,24
876,1677
548,114
18,59
1568,1677
457,1641
385,114
1681,1698
1823,1677
701,1698
174,1760
1113,1698
267,114
967,119
1566,1677
1378,1680
329,1677
1364,1785
1333,1654
1600,1677
711,114
379,1677
1121,114
1604,633
1032,1693
354,1785
34,61
1446,114
1197,1698
271,1698
1411,1677
116,1663
1458,1680
727,131
234,1678
1190,119
1301,1668
553,114
1460,1677
1664,1760
1637,1677
1000,114
844,131
535,132
722,1677
1186,114
1059,1760
1165,1785
1394,1797
963,1677
1614,114
1517,1680
782,1677
1278,1785
816,1677
1333,114
659,1675
1633,1698
799,1797
45,154
1531,1677
874,114
14,1
868,1666
756,114
1274,1677
1520,1797
1652,1654
896,239
475,114
1307,1677
673,1797
1501,1677
1107,1642
898,1678
1073,114
1570,1680
521,1677
998,1639
948,1698
537,1785
571,1677
1752,1698
1516,119
1520,114
57,112
401,1672
867,1667
761,114
1131,1660
343,1698
231,114
692,1642
1411,114
5,1
448,1698
1629,1680
1908,1677
1462,1785
952,114
436,131
695,1660
244,1698
1254,1663
653,1680
174,1677
1394,114
517,119
1566,114
1276,114
1155,1677
1285,114
1230,1677
1492,1760
1289,119
975,1660
1167,114
1183,1785
307,1760
1264,1677
826,114
953,1642
874,1642
1441,1677
708,114
1022,1698
34,65
1304,1667
1570,1698
74,75
1755,1677
1025,114
1121,1797
716,1693
1607,119
21,1677
1380,1630
582,114
1548,1677
1506,190
327,1677
1472,114
353,1668
632,633
153,154
900,1677
1848,1677
1652,1797
713,114
555,1785
1412,1630
183,114
595,114
591,1677
1254,1641
1793,1785
942,1797
158,1698
904,114
799,1785
907,239
961,1675
415,1760
879,1677
1346,114
725,119
391,1677
11,131
1228,114
450,1677
1566,1642
418,131
607,119
255,1698
1493,114
1497,119
803,1698
1652,1785
909,1677
1375,114
844,1632
1379,119
668,1660
1627,1785
81,84
778,114
1349,1785
1367,1678
582,1654
660,114
971,1785
40,37
647,1666
333,1760
764,190
941,1677
1185,1785
1889,1677
1231,1642
439,1760
1744,1677
473,1680
207,1677
1115,114
961,1659
27,1785
1316,1677
790,1668
534,114
678,1698
1380,1698
725,1677
195,1698
509,114
1302,119
665,114
794,1760
939,1663
519,1677
653,1797
135,114
547,114
34,131
1468,1632
882,1663
1801,1797
757,1677
821,1760
551,1677
1564,1660
880,1698
313,1677
49,633
1298,114
360,1680
308,1680
1180,114
1592,114
1445,114
1327,114
959,1760
986,114
40,1678
1359,1677
327,1760
1036,1760
739,1760
868,114
186,1760
1162,1677
926,1698
1212,1677
996,1698
423,1654
645,1698
1336,1639
715,1698
1194,1677
1366,1671
195,1680
1244,1677
505,1698
1067,114
1909,1677
21,24
810,1797
1131,1797
1482,1677
1703,1677
1468,1654
608,114
1341,1760
788,1760
461,114
873,114
1532,1677
209,1677
1121,1760
1941,1677
343,114
755,114
1411,1698
685,1677
1001,1698
1079,119
1796,1677
1148,1760
598,1663
1973,1677
724,1680
185,114
40,1
1528,1680
352,1677
1240,154
1388,114
1446,1698
286,1680
1544,114
40,1660
1124,1698
988,1676
629,114
1645,1642
1380,1632
963,1698
1165,1698
616,1677
1535,114
793,1677
1145,1760
501,1680
820,114
1322,1698
843,1677
868,1642
1699,1698
690,1698
1515,1797
191,1641
1319,1677
1580,1785
416,1677
57,1677
329,1680
868,1785
1011,1760
1188,1698
1393,114
1088,1760
1583,1677
553,1665
1837,1677
44,1760
1333,1666
47,1
1118,1642
838,1698
1411,1680
570,1680
1284,1698
904,1680
907,1677
413,114
1869,1677
784,1642
417,119
295,114
442,1698
1225,1693
707,114
797,1666
34,1666
1487,1797
1413,1698
1031,119
1401,1680
1149,114
1193,1698
1483,1698
1962,1677
1280,1677
40,1642
273,1663
988,1666
761,1760
186,1668
629,1680
1470,1680
137,114
890,1680
249,1698
1458,114
1653,1677
621,1760
766,1677
1340,114
719,119
600,1659
581,114
544,1677
657,1698
723,1677
1491,119
522,1632
539,1666
542,1677
346,1760
772,114
1198,114
315,1785
339,1797
1241,1677
1251,154
917,114
1626,114
920,1630
1082,1760
875,1698
1767,1677
1284,1680
458,114
116,1642
1570,1677
10,1
340,114
864,1660
886,1785
1384,1677
1236,1654
1611,1698
896,1677
1713,1698
537,1677
1732,1698
993,1693
1647,1797
1025,1760
635,1660
1280,119
1100,1698
1357,119
1160,1677
890,1698
966,1785
214,114
34,1654
1101,114
1336,1698
1875,1677
1694,1677
1111,1797
1462,1677
1410,114
345,114
1467,1785
25,26
866,1760
1292,114
227,114
339,1698
671,119
1465,1698
748,1642
40,1797
457,1785
1613,1677
1538,233
687,1785
464,1673
432,131
1105,1698
716,1797
1567,1698
1939,1677
1406,114
125,1797
1246,1677
1652,1680
850,1698
1536,633
1024,1677
531,1797
1007,114
1201,1677
157,1797
1242,1785
410,114
1297,114
1248,1760
864,1785
292,114
1179,114
57,101
720,114
1310,1677
1146,114
884,1677
1098,1797
338,131
1590,1677
227,1654
396,1677
1344,1677
455,114
1488,119
1691,1680
1191,119
1558,1760
1803,1677
166,114
1608,1677
1053,114
1878,1677
980,1698
1261,239
517,1785
1621,1663
133,1760
297,114
1473,1693
829,1785
1098,1654
1134,1698
139,1785
800,119
609,1785
1910,1677
357,1677
1650,1668
1423,1642
1460,138
1542,1698
1512,1797
279,132
1261,1654
411,1760
930,114
909,1785
1768,1760
671,1677
1224,114
1562,1680
730,1677
1444,1663
57,119
1377,1698
1236,1785
959,114
1206,1677
1211,1785
1483,1660
1744,1698
52,190
55,131
92,1679
500,114
1018,1677
1387,114
1557,114
396,1667
1316,1642
790,1785
695,1663
805,1797
769,1785
1257,1666
815,1642
1098,114
1669,1785
1316,1785
1467,1797
794,1677
539,1660
866,1668
653,1760
1517,119
898,1663
844,1677
699,114
102,1785
374,114
1265,119
1303,1677
240,114
1143,114
614,1678
1147,119
118,119
931,1760
505,114
365,1680
481,1797
1452,114
195,1797
628,1677
92,1663
573,114
336,1797
1404,1660
414,1654
185,1760
1305,1659
1231,1639
1310,114
669,154
1119,1660
1020,114
1066,1672
1172,119
1483,1642
658,1677
900,1678
212,1760
137,138
1313,1797
911,114
790,1675
1946,1677
955,1760
393,1677
690,1677
1388,1698
102,103
1621,1698
1607,1785
1662,1660
1405,1677
1742,1698
1050,114
920,1639
1098,1642
1424,1673
373,1665
52,1630
417,239
769,114
898,1760
1499,1677
1457,1785
836,1666
651,114
266,1760
1019,1698
1498,1677
1285,1797
308,1667
1217,119
192,114
1095,114
1469,1677
457,114
538,1785
1556,1677
339,114
1628,1668
414,1632
1324,1677
1989,1677
22,101
557,1680
122,1797
1574,119
1431,114
1240,1673
1013,1785
1842,1677
1059,1677
289,1677
1444,239
716,24
290,1760
972,114
1384,114
1442,1698
155,1698
213,114
257,1698
1876,1677
1570,114
1345,1677
961,1668
882,1660
808,1639
404,114
425,1797
906,1698
786,1760
1711,1698
1599,114
1258,114
1793,1797
696,1677
1140,114
1304,1760
956,1797
1225,1760
672,1760
1460,633
40,1760
278,114
1752,1677
1211,1698
621,1642
144,114
1414,1797
40,1679
699,1760
1475,1785
291,114
1588,1797
1314,1678
501,1677
675,1698
1145,114
615,114
1629,1654
796,1698
1221,1785
345,1760
38,1677
1470,114
1328,1639
924,114
559,1677
737,1677
165,114
169,119
1080,119
47,114
1304,1663
1695,1693
1537,1677
567,1654
500,1666
1192,1760
368,1660
308,1639
1551,114
873,1797
598,1660
1628,1785
1210,114
1603,1785
666,1760
1242,1667
887,1698
929,114
587,1760
1522,1663
629,1677
1330,1760
380,1663
470,1785
1618,1677
486,114
145,1760
352,114
1497,1760
1190,1677
312,1760
950,1632
1728,1698
650,1698
522,1663
339,1673
1078,1698
1311,1641
172,1760
1137,1760
1479,1677
685,114
21,1797
1097,114
1258,1632
750,1666
1048,1760
969,633
567,114
226,114
1422,114
743,1677
797,1663
1003,1760
450,1760
1284,119
1175,1760
373,114
543,1760
195,24
13,1
360,1677
368,1642
1032,119
1505,633
271,1785
3,119
1612,114
1186,1760
797,1665
889,1760
102,633
1653,1642
368,1785
598,1785
907,1642
988,1667
1162,114
727,1632
1538,1785
1044,114
1065,1797
113,114
1385,1760
651,1698
1019,114
1386,1677
1079,1698
438,114
1180,1677
1845,1677
34,1233
1568,1760
1895,1677
72,1673
451,114
113,1785
680,1660
915,1677
1695,1760
1877,1677
1098,1698
1014,1785
893,114
1544,1698
1049,114
519,114
631,1698
357,1785
1424,1632
1493,1797
1121,1660
606,114
1644,1666
538,1678
1496,114
1348,1797
1446,1660
1653,1660
325,114
401,1698
226,1677
867,1641
574,1663
336,239
207,114
467,1677
1376,1693
747,1677
1564,114
727,1654
1223,1677
942,114
815,1760
380,1667
1780,1760
1393,1698
985,1677
1412,1654
273,1785
1370,114
1646,1675
1514,1698
1669,1668
584,1677
1741,1677
1252,114
715,1663
1054,1698
435,1671
600,1785
1756,1698
1017,1677
622,1760
971,114
811,1677
1490,1760
390,114
726,1666
432,132
256,114
680,1642
1569,114
1457,1698
518,1698
122,1675
871,1642
1545,1797
680,1785
1049,1680
1126,114
904,1677
1041,1760
744,1760
1301,1666
845,114
595,1677
1257,114
357,1660
924,1785
1349,1698
1438,1677
317,1797
1265,1797
1139,114
1581,119
182,1677
598,1797
873,1660
1442,119
1446,1785
1448,114
782,1760
627,1677
572,26
1470,1677
1540,1797
1504,1677
650,1785
886,1797
1145,1677
1442,1677
1574,1698
1774,1760
1311,1698
659,1677
657,1677
126,114
1621,1677
273,1668
1963,1677
388,1693
758,1785
1016,114
898,1642
1585,1698
760,119
1204,114
945,1677
195,196
1545,154
554,1797
1717,1760
460,1760
923,114
1758,1698
1209,1677
1326,1698
464,114
890,114
1027,1785
1064,1677
1334,1677
18,1797
411,1680
1078,114
1779,1677
1583,1797
1231,1680
1302,1760
404,1677
918,1785
1352,1677
887,1642
1301,1654
679,114
92,1672
761,1677
1333,1797
504,1698
1811,1677
1809,1677
289,1760
555,1677
220,114
1412,1642
1257,1665
630,1677
317,1642
1311,1680
275,1698
381,1677
1843,1677
521,114
1073,1677
1221,119
797,1797
1918,1677
1773,1760
1427,114
1103,119
844,1678
1696,1677
48,1
427,1760
415,1677
968,114
1759,1698
1534,1797
1105,1677
1333,1785
1441,1667
1156,114
1582,114
723,1797
760,1785
800,1680
445,1677
1441,1660
1376,1641
1301,114
92,1656
300,1677
926,233
1248,1677
1913,1677
401,1656
151,1632
1218,1785
538,1639
724,114
1611,114
1425,1677
397,1760
1707,1677
809,1760
1030,114
1505,1785
1782,1677
1490,1797
443,114
1629,1760
1689,1677
1005,114
823,239
1739,1677
852,1677
891,119
750,1642
1305,1797
1529,1785
920,1785
1977,1677
172,114
598,114
961,1673
561,1785
55,1677
225,1698
1832,1677
317,114
687,1698
1613,1698
729,114
323,119
749,1785
1734,1698
1628,1639
30,114
148,1677
898,1680
308,1676
1452,1677
1376,1639
1100,1797
1107,1785
760,1654
666,1677
40,1666
553,239
401,1642
716,1677
1329,1760
1509,114
1351,1785
895,1677
125,1677
1391,114
1371,1797
1596,1760
698,1677
794,114
385,1698
1187,1785
961,1657
748,1677
1563,114
1157,1677
171,1760
21,1663
599,1760
925,1677
49,154
395,114
1207,1677
1104,114
438,1760
92,24
353,1654
1328,1642
1605,1680
1249,114
978,1660
408,1698
449,1760
778,1660
967,1698
657,239
1300,1677
550,114
44,1677
709,1677
1186,1642
749,1660
269,114
1318,119
400,239
1130,1693
759,1677
151,114
1184,119
1332,1677
563,114
562,1677
623,1760
867,1630
1217,1797
1296,1760
1404,1665
120,1677
462,1760
948,1797
383,1760
716,1667
596,1677
1417,1632
1380,1660
9,1
1314,114
1900,1677
1428,1698
693,119
347,1677
473,1760
1198,1760
1053,1677
1019,1797
908,1680
1608,114
1150,1785
1461,114
882,1677
1343,114
1002,114
1580,1797
440,1677
1341,1677
1378,1785
723,1632
1146,1677
1095,1698
1258,1663
457,1698
1196,1677
663,1698
762,1797
967,1680
1518,1632
472,1677
1201,114
1186,1660
1458,1785
931,1677
820,1698
1083,114
1359,1663
308,1632
978,1680
758,114
836,1654
1466,1677
34,1678
784,1677
624,114
1469,1680
129,1698
477,114
350,1760
1456,1797
1987,1677
1458,239
907,1663
1516,1677
1556,1698
193,1677
1925,1677
865,1797
515,114
238,239
993,1760
1975,1677
52,119
303,1677
1086,1760
76,77
481,1677
823,1660
1957,1677
46,1677
785,633
1522,114
1404,114
1810,1677
1489,1760
1378,1675
1413,114
38,96
1364,1760
600,1677
1405,1698
1295,114
1211,1797
750,1667
954,114
836,114
888,1677
646,1677
675,1797
360,1678
308,1654
978,1666
649,1698
629,1660
1077,1698
1153,114
664,1677
1469,1698
1821,1677
1232,1785
1147,1698
352,1693
710,114
822,1698
177,1660
1685,1760
1379,1677
199,1677
1606,1760
576,114
1170,1680
1242,1797
429,114
380,1678
966,1677
841,114
311,114
723,114
1039,1698
1409,1677
142,114
1431,1698
647,1797
919,1760
706,1797
195,1678
1638,1673
751,1677
1474,114
397,1797
750,1677
52,1632
433,1698
531,239
1356,114
597,114
726,1760
1518,1660
1503,114
526,1677
137,1693
1816,1677
803,1660
837,1760
710,1654
788,114
560,1677
836,1642
1342,1698
238,24
1754,1698
1275,1677
574,1660
1094,1677
1579,1785
892,1785
1412,1760
1361,114
891,239
1243,114
749,1797
1559,1698
662,114
130,131
446,1785
1798,1797
1772,1760
793,114
1716,1698
1415,1677
263,114
675,114
195,1660
1414,1677
350,114
726,1667
1117,114
216,114
1246,1760
875,1797
796,239
1095,1797
1426,114
1282,1698
805,119
1712,1677
1357,1760
1308,114
687,119
803,1642
234,1677
1966,1677
1110,1641
1309,1698
1455,114
122,1642
1540,1760
57,107
328,1677
199,1760
1231,1677
996,114
1075,1760
1257,1797
574,1785
1517,1677
1313,114
819,1677
1195,114
777,1785
850,119
539,1632
870,114
732,119
736,114
1766,1760
879,1642
435,1797
868,1677
22,1673
1001,114
253,1785
659,1642
1813,1677
471,114
1504,119
1367,1654
253,1642
252,131
844,1663
898,1677
1069,114
168,114
1491,1760
726,1663
610,114
1067,1797
313,114
224,1677
176,1698
1131,1760
389,1785
162,1677
1516,114
1318,1698
1730,1698
401,1677
573,239
646,239
867,1668
757,114
207,1797
683,1677
639,114
716,1785
988,1654
665,1677
194,1677
1757,1698
1520,1785
948,114
413,1785
653,1677
1040,1630
1546,114
953,1677
353,1641
1733,1760
1521,114
808,1677
1403,114
822,114
789,1797
1523,1677
1619,1760
688,114
561,196
820,1785
668,1641
649,1641
423,114
835,114
724,1641
1376,1642
529,1677
760,1641
1277,114
1648,1642
1556,1785
305,1760
327,1785
562,114
265,114
541,1785
1648,1785
1517,1760
1468,114
1218,1641
1714,1698
1278,1673
1440,1677
709,114
1081,1677
591,114
1624,119
1607,1642
849,1677
1492,239
1423,1797
1482,1797
855,1797
1741,1698
1960,1677
882,1785
900,114
1326,114
762,1663
1113,1677
961,1672
717,1673
21,114
1931,1677
920,1641
276,1677
1118,1667
1930,1677
1473,114
962,1785
1628,1632
1980,1677
468,114
679,1698
308,1677
668,1663
1256,1677
502,1677
1167,1785
469,1698
640,114
185,1671
1601,239
1023,1677
1715,1677
1253,1654
1273,1698
157,1785
856,1654
1259,1785
40,1667
18,1785
1302,1677
557,1678
1367,119
1229,114
1525,1797
755,1667
1218,1659
1111,114
1115,119
961,1656
487,1760
748,1678
514,114
1489,1642
493,1785
1257,1660
355,114
211,1698
317,1677
1405,1693
543,114
670,1760
172,1677
38,1760
78,79
1424,1785
1534,114
1118,1677
1674,1797
453,1663
1400,114
377,1797
49,1760
102,1642
229,114
1920,1677
1628,1654
409,1785
1501,1760
1588,114
442,1677
1611,1677
