1636,1642
731,1
1173,90
1530,105
1699,62
960,71
603,75
1729,93
554,1693
1213,100
210,1667
379,24
878,50
1930,89
290,1665
426,1679
1843,66
1202,70
1294,1678
713,19
159,53
661,633
955,58
1273,43
1194,1672
1185,119
1832,96
1353,67
1444,110
472,132
1157,1807
997,1666
304,39
1960,196
1482,1672
140,1807
182,24
644,83
472,1678
124,1665
1743,104
1396,69
1435,1667
1307,1654
1493,19
1369,29
1541,37
784,1663
1159,56
499,1678
1456,1
1095,80
467,86
959,1666
433,154
1924,66
1820,19
1285,1672
1790,111
1331,70
1685,1
1813,60
1631,51
1357,80
74,239
794,36
652,138
1444,190
1850,1807
989,1233
1584,107
1177,1675
558,36
333,633
768,1676
1979,1680
1390,91
1597,65
535,1632
1893,64
405,103
599,1671
191,1642
230,196
675,89
399,633
1457,31
1973,73
1576,83
1077,132
1849,91
553,1670
1395,1675
1646,106
1018,20
1135,633
485,107
729,95
178,239
0,109
128,82
1396,75
1362,39
373,112
413,79
1190,79
1490,131
919,63
294,1670
869,70
634,87
838,53
714,239
491,154
1287,138
225,42
207,110
1094,1680
653,64
742,1797
1814,1785
1374,26
2,82
221,94
204,58
1554,68
379,36
1448,39
525,1665
270,36
605,105
682,108
978,93
1717,132
927,20
361,101
488,1659
1067,83
1413,99
1053,28
1255,64
1238,24
1403,91
981,33
250,29
605,1663
693,1693
1922,1665
1764,112
1929,29
1838,65
863,77
505,73
1030,1671
373,66
500,638
942,1677
691,101
1884,37
229,233
1153,67
486,1672
1548,1632
1926,1642
761,90
1480,1630
562,93
563,1698
174,111
503,79
656,154
1021,1678
325,1
937,633
22,35
497,50
443,90
669,82
1725,63
1910,101
220,104
1802,82
719,70
847,61
270,54
1543,233
1731,89
1764,1660
1326,69
193,59
1409,1807
1300,1632
1778,1680
779,19
1060,96
485,62
1583,1698
1339,1807
718,36
1844,190
526,1
1887,1666
1066,26
587,53
419,1671
441,41
902,110
560,17
1111,638
178,98
1871,190
437,93
1469,32
1622,110
3,85
980,83
1921,39
653,19
227,1693
339,77
258,61
740,233
1863,33
1352,1665
289,1659
443,104
1954,24
656,39
1354,66
124,1797
1283,66
1323,43
612,50
1352,1663
1775,33
545,239
1780,1639
659,99
1377,28
1674,26
312,1676
1252,98
1856,63
1380,63
1359,100
616,196
1114,79
910,80
1945,1233
435,112
1249,90
200,65
1603,1
1963,104
564,1671
687,1672
1194,54
399,1658
1400,73
27,59
1298,24
1985,1092
853,1670
430,23
13,85
1851,67
1028,64
752,1677
1281,97
1055,1671
1436,1675
1699,23
224,1678
174,24
946,17
730,1672
358,1657
1858,1654
1419,1656
1128,1659
1186,17
265,71
855,190
415,103
1431,107
1364,62
1165,59
431,1673
1583,101
1504,1693
1343,42
854,109
564,131
1960,108
1209,82
92,54
1215,108
1077,75
564,50
991,93
404,89
1549,119
1575,77
530,17
347,17
164,1657
1626,39
195,69
604,1797
148,1785
128,26
1126,28
1308,87
1056,56
1180,106
620,31
731,36
1874,82
1602,79
457,69
1820,58
1894,17
1036,1641
1438,59
157,50
1516,97
487,97
1414,64
1398,69
280,633
908,75
693,17
197,28
216,1675
1394,190
1340,70
173,35
320,1785
1421,131
1407,110
407,1675
790,1678
220,66
921,97
617,1656
877,54
378,1656
1053,83
689,94
1977,103
1986,239
226,91
337,196
373,1678
712,24
216,93
1002,1092
1744,69
145,39
1547,1672
258,1642
1777,131
1612,196
677,65
494,93
423,99
1056,54
1459,51
360,1
1358,77
457,119
1023,1676
684,132
336,26
1102,86
496,1668
1265,1698
207,1673
900,1663
744,69
1350,101
1151,138
1461,110
1620,131
1070,1656
210,26
1205,105
267,33
1531,87
1849,62
1259,1092
841,1679
1412,196
678,42
759,1641
1110,41
1730,1092
298,1797
1074,1654
1090,93
886,56
709,1675
1922,190
1462,111
584,64
1106,61
1160,19
201,1680
364,1092
1105,1656
1080,1654
1513,69
409,1641
703,1092
1000,63
1603,1693
1068,16
1472,35
1739,39
1152,91
412,196
1135,24
965,106
1263,87
364,1639
1343,239
388,109
665,1658
524,95
483,41
948,37
1503,1663
1490,1654
1722,1659
1792,26
1573,37
1169,1673
820,31
665,64
1527,96
1496,1654
1463,50
843,103
1946,24
129,131
1261,69
1258,1676
694,100
929,1672
1396,70
1947,638
1507,93
1093,1654
1325,190
620,1678
842,1680
1164,1657
666,1660
1716,62
1723,68
487,42
859,69
453,86
1586,1672
1519,233
1341,79
663,39
1931,51
1331,73
1793,54
1835,1797
1189,107
1118,131
1139,58
332,82
1108,1641
1083,1641
287,96
214,106
362,35
153,68
1957,1675
1259,104
1776,94
230,106
1501,43
1268,1660
1755,98
1775,111
1909,79
328,77
1494,101
192,1676
176,1
1872,85
1490,94
1776,1675
88,82
1695,1676
647,68
1538,35
319,23
1226,1693
987,105
1126,36
1951,29
336,101
650,75
758,66
135,1665
1042,79
1941,23
1581,16
806,638
1748,1693
1270,41
1310,62
938,1658
925,68
1540,97
1392,103
848,95
922,96
9,35
1150,1672
1651,101
622,97
510,101
734,1797
938,96
1903,1233
1009,61
702,104
1647,70
1306,1680
1840,1656
631,51
502,77
1704,23
750,633
1961,1672
1103,63
1433,39
1342,43
1524,96
812,100
1382,66
962,1679
1189,1672
1821,1659
1305,29
1986,70
866,83
1419,37
444,61
1167,1667
1975,104
747,1632
347,196
1836,1630
249,60
1438,1670
1887,43
1780,119
1453,633
925,86
616,1630
1636,1676
1125,23
1330,87
1132,79
1024,64
1101,110
1212,87
662,112
938,82
1074,80
1644,50
284,96
1741,94
1518,41
288,99
452,20
823,39
521,91
683,1092
192,1657
11,31
928,51
72,31
1928,638
350,112
354,111
726,1665
1167,101
1389,85
1265,79
1835,71
1157,95
1467,97
1197,56
1018,41
1574,638
1761,69
1925,90
1801,68
330,87
148,50
519,93
774,154
688,39
624,63
1874,111
181,54
3,84
1327,65
1972,138
1891,90
1161,633
1287,233
378,1667
969,86
1085,96
510,54
642,1760
1525,105
871,1233
580,1666
1590,1665
177,59
656,24
88,1642
515,239
1074,66
1094,1
314,103
1073,1680
136,37
887,24
263,98
1316,106
1534,1679
74,1639
1697,91
354,97
189,32
49,1663
1096,1630
11,154
1534,42
1835,1665
826,109
591,1233
1811,60
340,35
434,24
293,1639
1627,1680
1847,1
1757,131
1723,31
822,1660
966,58
12,1641
1782,638
1506,71
878,1660
457,90
546,94
1520,119
1250,64
589,28
1976,1632
892,51
1448,99
1304,93
1967,20
1058,84
88,1656
713,75
591,110
1695,638
756,1659
1954,154
102,105
1333,79
531,61
1413,39
1109,1630
1915,1671
651,154
1647,104
746,20
564,51
1117,35
506,71
14,20
625,59
1124,43
1821,91
297,96
1882,91
1325,1666
1828,51
907,69
1332,56
547,42
587,67
511,1233
164,1658
1507,50
1271,53
222,42
721,1785
1533,132
466,638
1158,1673
916,108
1102,1663
994,50
1459,36
1239,1698
734,16
1820,59
295,54
1414,65
952,1659
333,1658
1509,77
335,28
1957,79
905,1675
1614,32
1584,83
679,29
8,1092
388,138
632,638
1337,37
416,83
1960,1760
509,138
680,138
262,1676
1520,1656
1462,1663
126,109
116,131
425,20
813,99
854,239
1889,196
881,131
368,90
421,32
660,1670
478,19
1180,1639
543,31
485,67
88,105
1930,1675
554,138
152,112
655,1672
423,98
447,104
983,42
487,1
1445,75
1102,36
532,66
242,90
386,42
1662,60
171,90
763,638
617,1092
1690,1671
303,1797
1102,87
1324,1673
1765,1667
790,131
942,62
525,110
136,1654
451,1675
986,28
1713,1663
861,54
1472,69
1441,96
768,1698
251,54
841,58
824,94
1141,111
534,119
208,1641
1477,109
324,23
1174,71
1341,1656
934,54
1432,1676
199,1233
480,1667
1026,70
1174,54
1524,63
276,65
520,85
1880,1807
1593,64
1616,111
1889,71
434,95
1211,63
1305,54
1073,50
337,70
691,61
417,110
202,82
1536,1675
296,19
498,83
848,1658
1934,96
1241,79
635,638
1206,97
1578,54
789,1785
1364,131
811,1797
613,43
1794,638
355,1665
9,1641
1690,1673
124,104
1354,1807
1408,71
838,94
147,35
440,23
1753,85
298,93
1793,84
362,62
1234,1676
770,73
1253,108
1674,64
1864,1658
136,110
1134,80
1076,1654
927,50
158,1667
984,1670
900,80
1292,36
1991,1642
824,1654
361,24
954,111
368,70
863,107
5,1663
78,95
1896,110
614,61
564,1656
1636,16
825,1632
1915,75
1733,64
333,51
812,16
229,98
984,63
1483,39
1726,97
883,1673
1358,63
657,1797
1713,28
1622,54
176,1693
427,67
191,58
687,63
341,1663
1948,90
1626,1670
704,61
1863,73
1957,132
433,233
1614,1797
1519,89
271,99
1692,87
588,1785
1968,61
942,90
1204,1641
1779,77
287,99
18,1642
1475,1656
1240,1641
1437,71
1886,20
1195,29
1384,82
8,71
462,110
391,86
7,1693
931,37
1344,1654
401,104
630,1659
1650,196
394,89
1868,1663
826,68
1838,53
1378,1657
1729,1641
577,96
284,1670
755,71
1146,1660
1365,104
745,61
1815,1760
1140,82
978,1665
1588,80
1951,28
836,1639
1095,64
600,93
727,106
181,66
292,91
974,1665
1310,63
1260,16
747,111
1981,16
1492,67
1811,1639
1204,1663
1135,63
486,96
841,119
1914,1672
1947,17
865,105
848,239
642,1676
919,1676
1152,1667
123,61
234,104
733,82
612,239
1291,1698
156,85
1832,94
213,36
675,73
1339,190
807,1660
1413,97
1697,190
407,196
1476,1671
1391,1666
1393,103
1961,1679
688,91
563,131
1579,79
1211,105
1288,100
560,101
1223,108
1462,90
1888,1671
206,1632
1887,42
1044,1680
1581,1
1568,26
1696,79
1398,109
1212,1630
81,1660
693,41
1544,19
1431,65
459,239
576,67
137,103
1407,70
1245,1693
345,196
787,29
960,1677
244,96
1330,39
647,633
1943,91
1731,91
1202,1665
4,96
1040,1668
911,1667
1852,23
1936,26
1204,104
1225,37
1517,31
418,103
607,43
1329,71
583,50
694,83
674,1632
1049,64
707,196
620,53
1027,1679
855,1680
181,53
1358,101
830,1666
980,93
599,67
1351,190
1078,100
693,138
436,101
872,35
1543,59
1836,71
1125,24
177,58
719,86
1163,1668
756,1654
136,87
1649,1639
1441,58
1448,1632
213,87
1546,79
1195,119
635,98
1484,79
608,64
374,101
1517,17
1008,239
1480,1807
1261,1760
1222,1668
1520,138
1545,239
916,95
1069,111
1160,75
1254,53
81,98
1515,1665
172,1233
447,119
872,1693
894,1630
1156,31
346,70
457,89
664,31
1898,104
282,20
710,60
640,24
292,109
663,110
613,1807
1606,1698
1974,60
231,104
285,154
711,1698
1264,109
479,196
541,73
392,64
429,69
1276,1654
1604,1676
388,20
1755,60
496,1656
1617,51
413,1639
327,33
129,58
1198,50
1915,1670
670,1675
1225,112
365,1641
1892,66
421,61
975,1658
1325,1665
725,111
485,80
654,37
1339,89
406,1092
279,32
745,100
1441,1671
694,63
718,1693
937,1676
1928,239
1056,58
997,70
1494,1676
1134,633
1912,99
1983,1654
1341,23
40,61
208,89
356,33
1990,1680
1156,1632
1631,1670
1006,95
398,1630
828,61
221,19
1054,233
974,1785
884,1663
690,58
689,1663
661,1675
312,54
572,58
116,1092
1623,1671
922,89
1222,36
1047,75
163,23
610,638
1837,633
1987,62
1108,75
830,107
102,24
160,105
1022,89
142,41
200,16
496,17
921,16
1620,93
1141,190
537,32
1395,1698
151,154
1424,1678
1080,96
1389,42
822,67
1376,97
1305,43
1090,73
1841,1693
518,1660
1386,70
1133,37
1480,31
417,1807
1685,638
512,1675
1325,233
1588,111
758,106
559,1233
1459,53
980,16
714,196
1896,1676
1585,61
1023,1678
1402,41
442,1641
1038,1807
1887,98
1100,1680
12,1693
1581,73
436,79
1432,64
1500,1760
1550,86
372,1667
1105,33
1034,111
1344,17
295,1797
1437,98
173,19
1903,19
881,82
220,82
1747,1663
244,1676
145,1672
498,1676
147,1672
1664,89
706,31
1096,1675
564,97
827,1671
1141,31
1413,26
257,73
1765,111
1789,1667
374,32
1295,26
707,1659
821,1657
179,50
971,62
1285,80
48,33
1827,1663
778,1656
1965,233
755,106
1601,1760
167,1666
648,1092
1365,83
1497,75
141,35
734,98
255,69
1452,83
759,1673
488,70
1528,1672
208,69
704,32
1025,1676
1246,104
507,83
953,109
629,106
332,94
1825,1673
1900,1673
938,138
1571,1760
1219,23
1472,84
524,89
1979,1671
52,28
2,1785
1960,56
1397,1659
1377,90
588,77
517,71
1477,239
1443,83
628,1233
537,60
1788,69
1127,99
1093,31
216,59
675,138
1636,17
641,110
1106,154
1126,89
205,103
1381,1658
1421,1641
338,1672
448,94
215,50
1143,1668
734,108
1429,110
1899,1630
1309,638
1513,53
1846,1679
546,20
1585,89
353,64
1752,1632
1203,20
959,32
322,39
1887,70
1963,638
1964,59
1857,23
831,1678
975,96
871,19
1330,1693
582,66
1780,1673
1437,70
1209,31
948,53
1723,1807
547,1642
1634,82
203,86
598,61
1319,1675
1232,39
1602,1639
1748,77
645,132
1509,1663
1457,28
1490,1785
693,1672
789,63
628,73
222,80
1626,106
337,16
483,1668
601,105
175,58
506,239
215,83
1446,73
610,233
863,233
1436,87
1149,1654
437,70
775,1654
795,1698
1220,43
563,82
1425,83
1726,1679
1044,1667
574,1654
1013,62
403,1807
1662,75
1314,35
525,50
343,1665
286,638
1519,110
347,1660
1075,1672
332,66
1364,23
761,62
376,28
639,37
362,19
569,89
490,108
1030,62
1818,1672
1914,101
1152,1668
1294,1641
1691,23
1185,16
1647,64
1541,1657
1249,51
988,1
517,1679
543,65
628,95
1453,90
246,68
584,29
216,23
423,84
373,79
212,67
488,1
1301,87
879,63
1787,16
1200,86
924,1760
1388,61
1809,1658
519,1807
1438,99
1367,75
1682,111
1813,93
1801,1675
1468,84
844,132
576,68
1492,82
837,99
1306,154
1343,51
1661,20
370,1678
615,50
1792,71
1205,62
1869,103
126,69
1302,70
1088,94
1145,35
706,71
1016,105
746,62
11,17
1944,1671
425,93
1721,65
1060,99
1720,1666
179,106
1872,51
1858,1092
661,24
142,1785
141,26
1707,131
1887,1679
181,131
1251,31
1345,70
997,33
906,96
1462,85
660,87
1469,61
845,109
812,1760
973,56
1756,73
1094,1632
600,58
359,51
1800,29
1432,23
1769,1092
182,1670
1765,1659
403,87
1509,87
319,1665
1611,77
12,111
1540,71
875,17
717,132
1054,29
915,97
1437,60
686,138
834,19
356,1641
246,1677
931,97
789,131
798,633
766,39
950,190
771,1679
742,60
1720,1680
513,1092
290,77
1362,105
1090,98
601,1667
1150,24
836,64
1947,1678
989,638
1069,110
1184,82
1592,79
13,82
1247,89
606,83
1334,1670
973,42
1110,1663
1073,196
1557,154
639,233
536,90
1475,73
1735,69
135,1642
1243,37
1604,42
1326,138
1971,83
599,1642
409,63
1138,132
676,91
1822,112
613,1760
1702,1676
1793,1760
1064,36
1209,87
1213,1693
1603,99
517,112
5,1670
554,100
337,190
411,77
1849,39
910,33
894,106
1046,103
506,69
1487,1671
1245,108
345,1630
1831,32
1707,94
659,1660
1818,119
1400,90
1861,51
632,196
1796,1698
605,633
1140,100
1060,1673
600,103
1884,107
13,68
1634,1630
1354,1670
570,233
1375,154
1894,20
1149,67
1628,96
1317,29
1631,1665
1051,97
940,1678
1203,90
905,1673
1336,633
750,97
1836,36
1911,1632
510,80
481,1642
901,33
352,94
305,104
1725,82
1873,41
1489,1660
1839,1666
608,1785
861,83
1194,1680
442,67
446,1675
998,84
528,64
1688,66
341,37
1869,61
1546,96
1241,1630
1664,1807
910,51
125,73
1033,28
537,39
739,63
374,70
1045,1233
1192,1659
516,61
205,66
167,1679
1137,33
359,1785
1605,32
1938,43
1793,190
1497,233
1190,132
624,75
346,91
553,65
936,87
1841,138
1571,97
856,1658
1260,56
1264,59
1967,69
1917,80
1732,1760
761,23
1162,1666
446,33
1044,86
1004,1659
255,1797
219,1785
847,65
777,29
1437,97
1330,29
1239,53
277,20
1037,98
811,1092
1096,1676
1484,19
1430,51
1038,1698
567,100
843,106
882,1654
1988,1672
1865,67
1636,108
1504,37
1747,99
1416,17
189,1785
1953,1760
424,91
1350,1678
1945,68
436,1698
702,1693
1385,119
1951,58
1901,17
173,1639
1874,53
845,53
297,1639
901,1673
959,61
615,1679
1297,60
268,58
1228,1658
882,58
1010,71
572,104
332,95
336,154
780,93
1867,239
908,106
301,62
697,119
420,1632
754,64
1711,86
204,97
1094,60
1776,35
1498,67
1816,100
586,239
548,80
1447,62
881,67
220,33
1786,132
189,132
1424,103
1832,100
655,91
1302,24
1874,633
1070,36
600,1668
1704,62
1926,1233
1490,107
1036,35
867,110
302,1233
1497,43
620,1658
1085,1642
1144,26
1449,1660
1480,60
383,1
552,1657
1841,37
1238,1657
1109,111
845,86
294,1672
686,638
238,1
1203,23
1461,1657
143,54
147,51
1047,1642
958,233
1058,43
908,24
1708,1797
305,53
1172,39
163,1671
1125,65
1957,1672
1590,53
817,1092
301,65
1758,65
234,100
1980,75
1191,90
146,24
1587,91
1256,31
1751,98
194,1632
625,112
1637,119
296,1656
903,53
317,50
526,190
1245,84
1393,107
989,1632
1875,69
826,66
1143,131
1001,56
1228,131
1393,196
990,90
332,1632
1816,1668
1615,60
758,65
117,71
369,1659
620,98
909,65
1561,112
325,138
842,36
518,65
996,91
1096,105
542,1233
322,54
1247,1656
1280,1668
1836,93
894,638
347,1663
1749,50
1803,108
1971,104
379,56
1320,86
76,1676
1584,29
1439,1785
321,103
160,35
642,17
645,100
921,94
1970,99
1224,1665
156,87
391,70
1377,101
1983,77
1638,1666
1845,108
1311,190
1039,37
1514,54
1500,101
72,99
688,93
209,62
1333,1693
230,1760
1173,1092
1652,1673
805,64
596,1233
560,103
997,62
1156,37
1655,107
1032,107
1324,89
573,85
1328,28
1163,93
1162,1656
1887,20
1535,1667
521,1659
525,35
123,239
801,109
470,112
1344,43
1897,75
497,54
1146,1233
1111,65
1886,103
1535,31
676,32
773,16
846,638
388,50
616,75
745,1641
1795,53
1741,1671
270,58
774,1658
1060,29
804,1639
286,154
1826,1630
904,63
1734,85
944,86
526,154
1394,1660
1635,1670
431,1092
937,1797
418,101
608,35
1271,82
1527,196
489,1698
269,36
838,1665
825,1676
537,154
1194,1807
977,35
745,31
320,68
1099,82
13,95
1062,90
1120,61
508,83
1768,1785
778,39
1425,62
1358,154
275,35
632,1676
832,94
1475,90
960,131
872,37
1313,1665
1240,75
1118,108
1960,1656
478,1673
332,103
1437,138
1330,68
999,1671
1971,68
1515,64
391,132
1478,84
1390,154
180,19
298,1654
1145,67
244,112
1755,32
1081,17
659,103
18,37
1359,96
1256,105
800,31
1121,43
1107,104
1734,71
890,154
1956,69
411,239
1443,106
1650,24
1653,61
397,16
662,1678
1552,58
1629,36
1441,1675
229,87
581,1660
1669,35
1979,29
371,1680
778,70
906,19
1723,16
1686,132
1506,66
1571,68
439,1639
1645,53
1592,63
1408,96
1941,58
1004,1665
1966,633
1568,56
1127,1671
976,98
459,1632
579,31
1132,31
1042,1693
750,84
1522,1665
1402,1679
194,1670
737,82
1347,1663
1752,35
294,89
1694,60
1316,1760
605,91
1791,1679
782,109
38,1785
1946,62
843,65
401,54
1966,53
625,56
350,83
168,1659
189,79
1513,1639
1703,20
1284,53
1008,110
1340,1639
494,87
151,100
559,91
1701,1642
637,61
1210,87
751,53
553,86
1089,36
143,1642
188,239
224,1680
1388,16
1516,93
470,63
889,63
1203,93
1884,138
194,53
1149,51
429,36
216,1679
1448,84
857,1671
1947,42
10,1667
246,1663
895,1642
288,33
1708,239
1226,1797
1269,85
331,69
1002,24
605,1665
1852,84
749,103
1856,31
1359,68
991,62
1751,56
1845,51
263,67
1041,1797
1263,1666
567,17
806,65
735,37
326,1663
644,100
1808,33
779,33
1114,1092
159,1657
220,1657
1340,1670
1878,20
776,131
1527,190
167,1678
1219,633
1538,73
816,42
463,132
1241,66
305,1668
1581,54
353,58
938,1680
1060,1807
204,1658
525,26
1431,26
1302,1670
1967,1680
1458,84
342,119
432,1642
506,1659
241,96
1950,23
1750,1797
905,87
338,80
454,1658
1074,23
1437,17
706,29
320,1658
432,100
1520,1641
951,87
1470,75
1610,1760
1613,41
1896,99
1824,1658
867,99
1684,1666
246,108
822,1807
1483,93
1066,79
236,82
1858,35
387,80
1920,1666
785,69
1545,59
1102,1630
977,107
719,1760
1866,1657
1495,233
1042,103
798,107
937,1663
171,77
1516,65
272,190
1875,1658
1601,109
312,101
683,54
594,1671
1182,28
321,233
136,1639
1115,43
912,110
1118,36
1234,1675
1105,17
1053,1671
1574,1693
524,91
219,1639
1805,61
1664,41
1313,61
1755,104
1151,53
726,106
1960,58
386,1663
478,99
1060,91
1635,1663
594,53
738,1659
189,101
712,56
1761,35
839,239
1029,75
866,75
205,101
920,37
1572,77
1476,58
610,68
1455,86
981,1679
797,1672
674,95
34,1672
289,59
1267,68
1709,101
1948,85
1754,638
1169,90
1376,1672
1618,33
1519,90
1357,75
1034,190
117,1658
261,70
952,67
625,1657
426,1658
798,1656
640,1654
1191,85
659,60
1503,1641
329,1807
1074,59
1377,106
1585,1677
293,87
665,86
172,66
1956,60
1653,86
250,1760
145,96
1731,1642
441,1659
873,100
1137,109
676,1663
1962,86
806,1092
556,111
1733,63
1915,90
1146,1659
691,26
1686,239
1519,138
624,23
1099,1693
1123,63
1486,65
1894,66
1041,1678
1723,86
603,61
1908,90
834,1665
747,96
1925,1785
272,154
1144,1698
1489,77
1179,31
1071,37
1826,196
1557,84
639,39
1782,59
388,77
541,1
1973,132
1259,90
1370,107
7,1663
1597,110
415,190
535,1677
1525,1639
534,32
156,80
432,62
1246,1641
307,36
1179,1670
130,1665
1413,110
1714,29
496,1807
1627,190
11,114
216,106
1579,51
1467,87
661,20
384,32
1528,103
152,60
27,82
1001,41
1244,99
1616,60
1465,1658
1925,84
994,24
1920,1660
802,61
198,104
1928,87
970,17
1576,1641
174,1
1425,67
1213,36
738,132
1861,1672
1129,71
925,82
1139,26
1525,99
1776,239
1940,82
1614,105
948,100
1354,93
1522,1
534,67
1604,71
426,1630
1236,89
1163,1675
1145,1668
1296,1092
1873,98
682,91
1751,1
1878,1675
1415,1675
689,59
1168,24
435,105
860,36
1215,196
425,67
542,1654
1335,53
179,108
608,36
1305,66
1627,1641
1053,154
873,64
1120,79
491,95
1143,23
1493,196
377,20
890,1233
1120,62
1038,16
1017,100
191,73
1827,35
1942,1658
1685,1693
1428,94
1213,54
632,1677
960,132
925,36
895,1760
710,80
1300,16
219,1665
1381,107
443,111
979,17
1283,73
254,63
55,58
558,1667
938,64
1015,82
726,35
581,94
1521,233
1306,29
689,53
766,37
361,68
749,19
1963,111
1249,93
806,90
1124,33
945,1670
906,1668
1956,70
927,132
216,70
455,1671
1271,35
1018,1233
836,66
397,96
1197,1675
1881,132
634,23
1955,23
691,68
413,32
930,138
1851,70
1709,28
1837,103
346,69
1894,24
457,94
1898,87
829,1092
1682,62
1203,33
281,1660
855,196
322,1670
1432,103
1452,154
1696,110
496,1693
1260,101
1428,1671
710,66
1870,64
569,20
1853,24
975,90
868,32
1111,100
895,1639
1135,98
1651,83
1155,96
622,19
1339,633
938,50
498,1639
1282,101
662,131
955,119
385,85
759,63
1148,94
1801,138
1221,1
1774,105
1810,1630
1026,17
1871,1233
1942,35
162,16
661,58
1033,97
994,95
139,1660
1059,75
489,1693
508,1
148,1670
1375,119
1893,1632
1454,1666
1401,1654
1592,95
1187,239
987,85
940,1785
811,131
410,94
653,50
1374,68
1840,82
797,93
656,233
1044,66
1363,1676
1830,1654
1098,29
412,108
407,1670
1337,41
622,29
921,100
1917,190
1185,109
1648,67
160,108
1339,138
860,111
1430,39
864,106
1470,94
1349,61
184,1639
496,99
1626,131
1882,41
1097,61
1043,89
1868,196
603,1630
1710,73
296,154
520,58
1278,79
1244,43
1372,16
930,63
529,1760
397,132
649,1693
1001,1630
689,1676
1777,23
1206,107
1706,29
1695,61
1013,85
1810,111
282,119
1773,1807
310,1673
1112,65
1554,104
212,1679
1735,43
925,26
1520,1676
767,43
969,96
1942,633
1947,59
1162,39
495,1630
388,100
1293,101
1294,1670
783,29
1725,98
787,86
18,233
455,60
1088,105
1930,32
673,1663
191,1660
1762,233
200,1
328,86
516,1807
682,19
517,82
1255,36
1097,94
1600,99
950,106
611,24
480,1654
349,1671
1781,1665
397,37
152,66
209,119
712,154
113,1797
1113,24
748,69
1210,104
1119,86
1469,99
1595,119
1264,43
700,23
918,90
318,28
1393,1676
369,36
1474,1233
602,58
549,1675
676,111
1005,79
327,103
55,98
1087,17
1512,1673
701,1666
499,108
834,89
1960,59
1687,56
531,107
435,62
964,1630
806,19
1063,104
723,1641
1363,28
1605,1675
1610,39
707,1642
125,107
1107,35
520,71
1778,106
587,17
1342,131
1055,80
266,1676
229,110
141,82
1143,1665
1485,1673
997,105
1168,1675
484,60
1252,1807
1602,190
589,79
897,1233
1696,39
1012,1642
1881,109
1763,1693
1226,154
1499,104
1155,154
675,1658
851,1671
486,106
1869,239
163,1673
426,1659
1551,1639
922,138
483,90
709,66
217,42
145,1641
1587,93
1273,63
1454,100
1057,80
431,75
748,1663
1154,96
1620,19
1470,100
1363,42
995,68
1882,108
1935,154
1849,93
1534,1
1922,1673
1086,84
607,51
668,1673
1382,85
1700,58
1298,60
1761,60
712,39
1049,104
684,53
1312,96
484,83
1852,1642
876,103
1541,17
1124,1659
1770,53
1645,93
538,1668
467,106
808,110
1749,79
554,638
1735,108
1203,103
1574,42
875,54
839,1785
913,1663
1047,1658
1118,1
1584,31
989,83
1933,26
1437,85
686,109
412,84
1057,98
1168,43
1902,138
817,83
890,1659
431,89
113,1632
934,64
425,80
374,29
191,633
1814,65
1577,1679
343,41
437,36
627,98
1627,1675
424,39
1331,138
687,110
1852,1656
710,1641
1032,109
1911,31
560,1668
1796,87
489,638
1267,35
1449,68
1691,1663
935,75
225,62
246,638
579,37
873,1658
343,1680
1207,1233
1226,1642
697,50
1965,1642
1037,87
248,103
1019,24
317,1630
1135,190
1779,1092
1875,1797
203,119
1012,105
1953,73
1185,39
764,1632
502,33
1853,1658
971,106
934,114
1733,1670
818,1797
1539,75
175,106
736,1092
1804,29
775,93
407,71
1846,1630
215,112
1126,106
1180,28
1958,23
1834,1
1407,1785
491,239
1357,1642
1474,1658
1296,1680
1224,77
944,1797
1210,32
1686,1233
532,20
1068,70
404,1671
1327,61
761,110
503,91
508,1639
1172,100
1811,1671
286,1654
1749,1641
1215,23
166,24
1553,90
206,131
1573,23
217,16
1694,67
1417,53
1256,107
995,1
1434,87
1046,104
1963,110
273,119
1361,1658
1983,99
1619,1642
203,1678
278,638
155,119
465,37
466,1632
1575,85
1039,59
1021,104
1376,89
529,1642
516,68
628,190
1895,82
1090,97
957,54
636,1665
1278,80
932,638
1419,1680
1473,24
259,66
778,68
1311,1092
872,1665
360,43
141,154
358,1760
1341,1
1952,106
925,132
1206,63
1030,233
516,1639
1505,1654
241,233
1754,1665
976,100
1509,70
942,39
1061,19
1246,17
1853,23
379,1233
510,37
1715,42
1590,64
1651,82
1762,83
398,94
1202,58
244,64
136,73
1444,67
1669,1760
1521,154
415,131
1373,35
2,1678
1326,107
1953,85
857,50
327,1092
725,107
390,86
122,16
1080,86
729,104
1889,62
216,85
1503,60
1011,60
1754,26
377,70
1120,108
1503,77
1578,95
748,98
488,110
879,98
208,93
666,1667
188,233
818,112
1307,28
757,77
900,1760
1527,633
1846,89
446,58
1722,91
1354,17
1744,1673
1853,41
1741,1657
575,91
1058,99
1440,1668
662,35
955,23
1699,1666
1276,43
267,41
1432,1667
1692,1679
984,1630
1620,89
350,67
903,109
1228,100
658,70
516,56
1400,107
1475,1233
560,82
229,73
1911,86
903,1639
1227,53
657,23
1197,1663
255,32
22,131
1277,29
1544,64
177,1630
1250,97
164,112
332,36
426,33
761,20
137,82
1740,1680
446,36
770,112
1947,58
1030,100
574,1678
1394,61
1644,119
178,1654
1856,111
1546,17
456,108
1714,69
701,1760
635,16
707,1663
843,111
1358,1666
1804,1666
172,239
262,105
1005,633
1004,58
697,1676
6,98
192,42
1281,32
1190,90
413,100
14,1641
1033,1671
1858,80
792,19
1113,31
543,1668
1405,105
909,90
1696,42
885,107
739,1693
1790,100
1401,1666
446,71
1796,29
1519,86
1718,112
1186,65
1351,633
1355,1658
1890,67
860,1658
241,16
298,233
1701,105
389,1092
1387,1233
871,110
1019,97
591,95
224,39
1383,19
136,19
1792,16
489,69
113,1659
1637,66
509,26
257,95
995,89
578,83
1862,71
1366,56
1168,95
877,1657
1700,53
1828,66
355,1233
558,1797
685,1667
1720,80
945,1630
1555,17
1706,111
1190,84
1911,58
1891,1693
1605,1
977,91
464,50
1096,239
600,84
797,1670
1746,89
1449,111
218,1693
1808,1672
1200,61
1256,1663
831,17
1061,90
968,1639
431,1641
359,106
1414,16
797,50
1173,1659
1635,138
1283,97
237,69
291,107
1160,1642
555,96
777,62
1980,70
578,50
1276,93
193,80
546,638
1865,1654
1306,1672
689,110
1114,19
1959,35
1009,1673
1110,79
1882,28
1298,61
986,1675
143,1678
556,105
829,69
1612,20
637,114
1726,20
1123,33
1486,71
344,1654
1445,28
1411,132
537,1673
1709,85
403,63
1861,1668
208,37
1863,58
925,94
436,61
1253,58
478,1680
1860,86
941,190
1278,1657
1283,111
180,58
1486,1642
388,79
244,31
1648,61
1059,1630
1063,190
571,190
951,26
1731,80
830,39
1865,1632
1795,89
527,77
1481,59
1687,95
588,109
1572,1657
485,53
1251,132
1604,638
333,65
1493,79
779,107
1278,53
531,1680
1207,107
1579,66
1284,110
1268,107
511,108
1456,85
795,43
282,138
1278,132
1153,43
822,1642
590,138
721,41
1082,98
366,1665
832,67
1735,93
349,1807
1974,85
1705,154
241,93
480,109
1900,51
1516,1656
1611,32
944,1654
969,63
1880,63
851,63
1111,51
210,77
340,1698
951,104
1840,1693
1031,1656
904,83
1539,61
1977,66
1914,1657
1433,138
293,73
796,112
1261,132
1443,97
711,103
822,110
1290,1658
403,1760
1792,638
477,1667
1160,66
81,107
300,633
1170,103
1762,1677
313,104
869,99
670,108
1297,104
875,132
201,85
521,1642
467,1698
265,94
450,66
1250,59
1547,51
1381,105
133,95
1293,77
1222,61
1937,41
1811,1670
486,1
1337,19
1543,71
1691,70
1048,90
1508,108
901,90
595,99
1512,103
465,1680
561,1659
605,70
807,1678
734,1658
4,83
1145,1797
799,58
1155,1672
1356,63
1103,104
1470,51
1219,1639
1773,1654
485,1797
145,60
280,79
337,98
1294,108
1629,33
1575,37
766,1797
1799,1693
1144,85
1217,97
973,85
188,101
464,107
192,96
1945,19
1395,68
970,51
646,84
228,99
653,62
1834,131
1581,96
1485,75
475,1632
1286,132
1567,29
1368,17
1314,85
1082,233
342,110
821,67
1910,41
1361,86
76,62
545,1
1946,1665
1859,96
264,31
45,112
1191,31
1960,1671
1681,1659
166,154
443,1673
813,107
1862,110
1113,1675
1959,26
1121,58
1008,131
1620,84
917,61
1342,104
775,51
1137,90
1376,104
1895,67
333,23
1905,93
1116,106
454,67
1717,1642
1130,90
1575,1660
1459,42
1888,98
909,53
175,1233
768,33
1247,75
1328,41
1013,65
1790,73
278,108
1331,100
546,106
467,37
1940,1660
349,89
78,1673
562,106
484,1760
1065,65
1747,1671
1478,1667
1058,96
448,1675
1573,1807
1155,80
267,1679
642,37
1515,190
1909,98
283,104
303,101
1336,96
1714,35
461,67
903,108
27,111
940,96
836,17
1189,1785
587,119
849,154
526,1698
561,1092
584,89
309,32
1217,77
701,84
81,1693
1751,1672
573,41
1955,53
265,138
1459,56
1230,99
788,50
1402,50
1257,71
406,35
1017,16
296,1092
1763,87
1485,111
807,71
445,1656
892,109
125,1668
1853,58
1801,633
697,105
1357,53
662,67
1216,33
281,36
338,79
1563,77
1084,104
951,35
348,20
1664,94
1424,109
1209,119
1207,1668
749,86
823,101
1650,1092
1060,80
303,107
732,33
1703,1680
1764,86
736,36
1947,1630
964,1785
701,132
974,98
544,65
301,1654
357,36
694,109
381,190
1008,62
152,68
886,51
340,83
1244,59
255,64
1910,1632
1379,110
960,32
1773,66
13,100
1908,65
1102,56
606,61
1893,633
791,85
208,58
1024,1092
235,1657
840,1679
535,80
1472,58
497,28
152,1639
703,36
130,51
194,20
824,131
1601,19
1819,68
860,1659
1822,51
224,73
740,63
1098,63
640,1659
1889,1654
1561,1233
1002,1668
1470,233
758,1679
702,119
615,100
263,19
304,64
927,56
431,71
675,83
485,1659
1960,61
910,96
1985,1760
1789,1680
994,1671
1862,68
485,16
505,196
1029,39
1285,77
1231,31
1953,1797
408,77
651,59
266,23
1004,41
175,1807
1180,36
685,1666
775,154
762,23
1976,59
1149,1663
141,80
1338,66
987,16
1854,60
883,1679
845,82
1806,131
1699,71
228,84
600,85
463,1807
1586,1667
1068,110
988,638
1662,66
1240,101
207,96
1075,36
1495,105
680,60
717,233
1436,1657
1845,633
745,1760
1115,58
468,633
1923,131
1596,1693
1447,91
1175,54
241,1
1789,54
1404,20
1776,85
1313,83
304,239
689,131
1227,1679
345,99
327,87
1360,82
891,56
874,16
1559,29
803,20
1602,1632
685,104
205,1672
192,1667
374,1
1818,56
1643,37
819,37
505,71
1518,1659
1248,107
1582,64
1415,43
423,93
907,1670
1294,54
319,28
798,59
657,83
983,101
235,107
1273,633
1017,77
1239,1632
1516,17
1203,1676
620,94
1230,73
1604,190
1442,105
1061,75
436,62
510,29
609,132
199,1668
497,56
1492,73
565,103
839,1672
1961,70
130,1658
1640,1785
1304,233
865,99
619,1672
615,59
1501,54
605,97
18,61
1840,1760
420,633
645,96
1569,1632
945,100
1959,67
806,61
807,1658
21,65
482,1
1277,1654
263,132
1229,1671
1600,95
1892,53
384,35
1329,79
1704,1657
1372,43
570,93
1854,73
1712,1672
423,83
621,638
1706,64
1028,84
74,41
3,111
1787,23
498,99
124,41
895,90
1213,33
1341,108
165,1657
1696,69
144,70
12,1698
881,1673
1431,95
1310,1678
281,1671
935,1663
844,16
183,108
1344,94
1401,35
156,50
1294,1660
267,17
1064,77
1984,110
220,23
1434,67
1735,633
1237,638
502,39
1423,103
357,154
431,105
288,233
200,91
897,43
771,1668
182,95
1070,86
1090,1670
1333,1658
661,35
606,1660
367,70
1627,1642
1129,1675
1222,1676
1972,1679
397,107
1747,31
681,32
825,1680
383,70
1402,154
1113,37
1261,1657
1515,1673
1066,1657
1784,24
1837,114
327,1663
386,79
1827,36
687,239
1883,1654
953,63
1626,1654
1352,1673
1973,1641
1152,107
1871,1672
1564,90
327,1693
478,1677
1215,1660
1920,96
1809,1673
911,99
952,112
1584,61
534,80
1644,31
1442,1667
203,103
1681,1672
1557,1659
1373,64
786,26
1963,96
1068,1668
991,87
974,53
775,60
796,71
1955,1668
1943,1657
985,138
1727,104
1524,67
1972,65
1018,66
30,28
1834,110
1582,110
408,1632
1345,43
423,119
1001,1639
997,94
377,43
620,33
413,61
235,69
278,83
1719,64
1297,89
487,107
399,111
867,1679
558,138
1243,56
1601,36
510,43
848,32
1661,66
422,23
728,1654
172,1660
1226,35
1465,87
1522,32
1566,239
1854,1807
267,61
1501,108
142,33
1523,1654
1087,89
421,86
300,67
817,111
1517,108
967,79
364,32
401,42
21,119
1514,24
1745,1654
1687,1679
1962,154
455,1654
128,99
220,1639
1715,638
424,100
1808,70
280,94
466,633
712,97
1004,103
664,196
1601,1679
1069,91
295,94
1989,154
488,80
732,633
1825,1654
387,1676
901,1680
1327,98
546,107
1361,54
311,239
1000,90
1910,56
1361,71
241,106
1530,1632
1805,132
666,61
812,633
1402,1693
448,1676
488,1693
1027,28
737,96
1624,64
995,1092
479,65
1333,90
1022,67
1174,1680
1862,89
1738,91
1559,91
604,103
1707,50
1088,1666
1783,1785
756,90
663,1680
374,91
1001,85
1138,1678
468,20
1118,1672
894,1666
1339,109
573,1667
45,638
449,1693
815,110
151,1
560,84
157,1092
1463,196
1446,132
960,1807
1452,1671
1874,60
771,29
232,67
512,53
840,1666
1505,1680
1112,68
1917,107
669,97
1846,41
1922,633
950,1760
974,1660
392,98
801,154
303,1632
1796,1233
92,99
1451,64
206,239
1057,73
1974,1670
428,93
1573,59
564,111
531,94
1728,60
1856,97
146,64
129,24
1124,103
703,1672
1899,69
1295,96
303,106
72,94
273,67
419,1641
1218,111
374,85
1596,1092
769,89
550,104
1011,26
1186,1632
1868,68
1062,23
1633,83
1962,1
1603,1639
81,1678
573,58
849,36
1898,41
835,89
1847,112
529,60
1520,41
164,17
1159,82
828,104
1894,53
1989,633
1469,96
1025,1670
1017,33
1150,1797
393,95
1601,97
825,60
1378,58
1838,1654
1010,64
1732,39
1967,86
1557,60
1135,32
965,82
506,1673
969,23
419,50
113,67
1447,1680
1104,1632
281,53
1188,190
1923,37
1269,53
1106,633
1974,1680
416,1675
1426,1670
1344,1663
1067,110
1306,80
723,1642
478,103
995,91
367,1658
1573,190
283,119
346,1667
1201,31
705,82
1440,43
1264,633
1854,82
661,109
148,16
1572,73
1849,1630
566,58
1908,33
611,233
222,138
1699,70
980,50
1869,1632
3,131
410,131
602,233
1136,23
1300,106
1085,66
147,54
868,20
1310,71
1223,1698
1243,96
730,85
214,98
15,119
804,70
592,94
1843,91
186,1641
1330,58
1903,61
1817,1678
213,1670
1430,97
955,67
760,233
1276,95
597,1632
435,17
665,90
1257,638
1463,24
364,104
1842,131
772,1658
1008,91
862,138
491,119
1362,28
277,1670
1312,99
526,1673
780,1673
708,190
744,1679
1170,1
1558,62
156,1657
1817,112
1301,79
494,19
721,61
1622,91
1576,1663
546,32
1652,60
1044,1673
714,20
1927,28
1526,95
1327,26
599,37
697,37
1303,29
1310,1693
811,93
1529,90
1537,19
305,90
433,109
489,1797
969,51
510,109
1344,65
1273,93
538,56
555,80
1694,1679
1681,70
7,1659
1444,36
1210,1654
533,1641
662,233
222,1630
502,42
634,1670
1741,53
984,1641
18,77
1342,64
1346,31
425,85
614,65
1872,59
1600,80
1322,20
516,99
1859,1233
766,239
1177,50
1565,233
1416,32
578,1675
556,89
866,107
1572,109
1223,101
970,29
1460,1676
1123,190
164,59
717,59
460,36
1571,60
1274,62
889,20
959,66
1263,16
747,1670
365,97
1468,82
848,69
1860,70
1905,1693
1278,1641
1515,73
429,90
161,1668
1616,1660
1065,138
1853,97
1283,95
569,109
1967,233
1145,1672
501,1656
270,63
1481,1678
1009,39
1087,36
1145,37
1148,54
445,43
139,90
1063,63
1249,71
572,1658
1384,196
1039,54
1721,75
390,105
940,31
795,138
1020,1785
681,39
772,138
751,1659
259,89
1881,190
81,105
902,103
360,32
529,107
566,16
258,131
960,105
1592,54
730,1679
218,53
589,98
1213,50
81,1639
1071,84
1290,71
613,108
1735,77
669,138
710,84
1759,91
1265,1667
140,50
143,103
1268,1672
241,77
993,64
1950,50
1401,67
859,1665
402,110
205,1659
21,1630
355,82
210,61
824,43
1603,1233
1417,58
1491,31
1536,32
391,1807
303,67
712,1760
310,19
1586,112
1788,20
1526,1639
22,1671
1902,20
836,63
1745,1659
1835,1785
455,1667
1086,97
1412,138
1123,1785
994,73
1059,65
1533,138
1683,17
1794,20
896,107
1251,51
1379,70
205,41
377,42
909,1
768,85
346,65
386,94
1952,109
278,80
1472,1639
1095,19
1228,1630
1445,32
1964,106
1010,43
1989,1693
885,51
1975,1630
905,1665
1978,58
1118,67
1839,97
1434,1630
599,1632
455,84
1323,16
352,53
478,1807
1585,1656
888,86
445,79
1117,59
766,91
1890,1671
1521,104
695,69
496,105
1848,239
1704,233
1542,1785
506,190
1814,114
450,1676
1687,1678
933,91
1733,98
449,1666
1828,138
1069,90
1109,67
1938,51
1884,97
657,26
185,1667
309,77
795,1632
1328,43
1257,91
1499,50
804,1092
1870,39
1618,68
359,77
1857,50
1735,1797
225,105
1289,1668
773,1659
409,98
1974,1
1544,36
1117,1670
1543,20
1741,1654
292,233
1779,24
1027,31
1269,80
810,87
1145,98
1553,59
166,138
21,23
1845,62
1493,1663
299,1665
874,91
1023,638
722,23
1862,233
155,84
1594,1659
711,59
348,1673
758,1092
1625,1659
923,43
1905,77
417,84
553,58
494,106
1365,59
272,54
970,85
1674,1659
755,131
1894,56
791,65
522,96
1661,1785
1295,1797
1277,26
1739,83
211,75
361,1632
1450,1642
1643,1673
942,70
965,111
1357,51
1397,108
1903,24
139,132
1890,63
1560,1670
1893,82
1087,239
166,53
925,1666
263,31
1444,98
217,67
1377,65
1546,28
1714,64
166,132
1736,1678
454,131
533,190
1768,19
589,1660
273,66
115,35
1643,59
974,96
1895,16
209,1678
198,132
1709,1656
708,91
1757,64
1355,26
215,53
896,69
735,1698
255,66
202,90
1159,60
1056,93
294,1680
778,105
529,51
13,98
159,1672
380,107
1713,1671
1878,1797
1061,85
1371,43
1743,1673
507,104
1959,1660
1580,108
1890,94
878,56
315,100
1776,89
514,90
490,1657
1191,51
257,1672
1983,87
1842,63
1381,1665
297,37
1435,1663
964,61
1580,1679
1925,1092
274,1785
1510,96
940,70
1422,108
654,26
158,31
451,19
397,83
458,67
1119,51
752,35
920,89
1237,36
1475,233
1918,95
598,1672
979,1632
1378,90
1341,70
1061,71
1685,23
201,29
204,62
1111,1671
1561,138
841,77
1819,84
1826,62
1884,1654
1386,633
210,100
820,71
696,77
977,1678
1384,90
278,1663
133,1677
297,23
672,37
394,65
169,109
594,32
1895,1760
1935,23
583,70
361,131
1166,67
1979,86
805,41
570,56
1783,94
842,1675
1385,85
1927,31
1179,101
957,1785
353,107
46,54
987,1658
1763,99
1106,1698
1322,1639
609,154
1554,1678
541,107
1718,83
1694,1676
1702,1641
45,23
1681,69
156,62
1977,196
177,103
1745,32
270,50
175,1630
462,64
300,107
635,94
1758,196
304,110
917,20
665,43
1219,1676
945,1693
502,90
1579,54
417,1092
1396,60
688,83
1222,1680
1113,1660
1778,138
1633,31
318,1656
943,111
641,67
1801,65
383,82
330,42
1308,119
1027,1673
1545,68
878,1641
994,132
1715,1630
1866,1672
1280,1785
1857,91
716,1657
704,17
1310,17
1019,1092
339,54
818,41
911,1092
1635,90
1265,1680
476,101
905,1
764,106
201,138
626,71
570,1797
592,59
1255,138
854,95
165,1092
1751,28
371,103
763,19
263,103
1506,1785
1353,1676
1887,1639
1871,98
968,66
1008,233
880,1672
1406,1675
651,87
10,85
1422,90
1868,62
468,83
1689,239
1342,1657
990,56
1122,1668
559,77
127,79
1163,65
117,37
300,1693
1759,53
1374,109
1857,85
457,32
275,41
1510,1671
1169,43
1078,239
1371,19
379,109
1283,63
898,67
1892,1657
1268,1673
305,69
348,61
1070,132
1553,94
887,98
264,20
670,1654
14,96
567,154
418,1797
763,33
1372,1693
159,132
22,1668
775,62
782,20
231,1672
222,33
994,70
1436,17
721,1670
230,1670
580,37
1629,62
253,1663
752,28
1449,138
1581,1639
556,62
1012,1672
1578,105
1705,1677
1247,70
536,50
386,95
1738,1785
302,91
1516,101
1561,32
1346,1678
333,1663
1070,1672
1425,1679
710,71
1499,84
1661,64
1608,84
1954,32
1019,1233
1209,239
159,84
1890,24
897,1665
352,54
558,106
230,43
1563,19
1124,77
425,17
1308,1678
894,109
765,1659
594,89
1457,93
1882,32
561,96
985,154
1467,132
1133,43
288,1659
1282,1693
146,633
1605,39
502,1678
1476,109
1494,1668
1649,85
855,96
1138,1660
1234,1663
221,1092
1324,41
630,94
666,1679
1849,638
1442,60
1871,1785
1858,1630
1385,190
48,633
693,103
219,1760
1788,1630
313,1233
429,1667
1387,95
1944,68
246,1760
1743,1233
1209,106
1450,132
1198,68
1970,37
334,71
1498,1660
762,1666
1121,73
307,99
735,35
1325,63
357,63
252,1233
1767,39
830,1654
1127,196
1473,79
1646,58
1187,51
789,1677
1241,68
798,99
582,1632
1395,37
1344,1233
1784,68
838,101
753,1673
918,77
704,89
744,32
318,23
1921,132
1216,36
1202,75
669,16
780,53
602,53
527,1666
538,67
813,59
902,638
1714,65
884,112
1899,71
685,1
1892,110
971,54
1606,66
1989,90
407,26
1684,1672
1703,54
1305,61
809,32
881,1797
1733,69
295,239
444,29
983,66
1483,32
1622,61
442,1680
943,154
289,35
1585,39
1285,1675
403,39
171,67
1554,196
1078,36
1144,1676
1601,103
221,79
975,154
773,1630
1186,93
1761,633
1451,35
1512,19
1809,35
545,60
1410,110
270,87
476,1670
220,56
1215,43
428,77
155,1679
1977,24
1081,83
1795,97
267,73
749,69
1168,83
543,85
1315,132
746,99
769,56
695,190
1342,53
847,633
1774,24
708,59
1885,107
1778,103
795,67
1493,24
193,1663
10,31
229,105
209,100
178,67
1834,36
1007,94
899,33
1915,51
1260,132
731,104
251,1672
577,1666
1035,112
1240,104
1516,1665
1947,109
1051,80
1732,23
1407,85
1354,35
1465,28
1447,84
1711,109
768,1671
452,58
1686,1666
1501,82
1074,132
1148,131
689,98
1466,1092
475,105
368,109
1514,94
1616,68
419,638
151,53
444,33
998,1656
1847,33
1905,26
942,1678
856,33
1226,1667
880,103
313,80
560,1675
1644,1665
1664,633
1648,1630
1095,59
397,1658
518,56
956,59
426,96
1421,31
174,104
507,119
383,1672
1310,1667
1399,1654
669,85
944,1660
1243,112
580,1680
308,1807
960,1672
790,33
760,138
919,1671
1222,100
854,66
1461,90
1873,106
884,43
759,67
1919,77
1591,1760
135,37
1795,93
1909,39
1231,79
934,69
864,23
329,1676
793,29
1219,1679
1473,1667
528,1642
1539,64
838,1663
1269,1667
1207,103
208,233
688,35
1351,50
624,59
1817,64
412,1679
610,98
573,110
1970,1630
411,1667
306,131
624,138
314,1660
1257,28
832,71
426,82
1165,1639
1172,83
308,82
861,196
555,1807
1051,60
261,1672
358,70
1990,56
1404,59
1260,1675
1775,36
1120,1672
380,633
655,101
456,89
1383,33
562,1797
1946,37
1840,1632
553,1630
1076,132
1224,1797
944,77
1814,84
739,106
226,43
1812,1675
378,1092
293,1659
1217,107
1551,58
316,24
1001,1658
853,1785
726,1657
1762,1673
1028,69
231,1659
1161,1672
1112,1092
1934,33
1810,19
670,80
140,93
1780,79
1139,65
1007,1679
130,1233
1505,1663
436,110
1557,1
1560,1630
163,98
551,53
1305,1675
591,98
719,89
422,107
392,42
894,17
489,112
692,1673
1087,84
1711,132
385,93
356,1760
817,114
270,1642
1909,59
381,19
1928,1760
189,54
465,24
1955,1673
907,65
415,1666
1264,1678
1066,96
890,20
1133,56
819,16
306,69
785,96
1120,83
198,63
1030,1630
1858,119
1716,73
1827,70
356,85
1972,1807
157,132
1958,58
1975,70
1023,1693
710,53
1763,63
1428,106
535,58
78,1667
831,85
797,69
687,1233
1229,66
572,61
790,108
204,71
613,1671
81,638
1809,84
1776,1
177,35
602,94
1535,56
1926,59
156,17
1279,39
1775,56
1311,1671
1706,1639
1022,84
1637,39
1782,154
1899,90
872,1233
485,1698
350,90
762,1760
148,105
846,64
458,59
652,1673
691,43
984,95
468,112
158,70
1726,65
494,94
8,1665
1097,1673
1940,1673
768,37
1598,31
1349,1673
467,41
532,53
1692,119
1988,80
868,77
1628,239
1701,239
1495,32
1294,1807
1961,114
1559,1659
415,94
605,132
1162,63
613,1673
1532,43
1431,1673
1859,82
1343,77
1607,1630
25,33
1259,24
1205,108
1063,66
988,82
934,50
1566,111
756,54
921,31
1973,119
1065,1642
1728,80
571,107
644,99
1492,1797
611,16
1238,1675
974,20
1832,1658
507,1665
1941,1658
1074,1659
27,16
139,1632
637,87
1858,91
1217,65
1622,32
278,131
1459,60
212,131
808,138
1341,32
1234,154
664,68
349,54
1277,24
482,1807
470,64
303,1807
147,31
439,37
1480,1665
1014,1233
1540,17
1535,79
1856,1642
600,1632
1829,61
1193,1639
549,1667
1688,41
713,109
479,1668
813,58
1481,16
1637,91
57,1666
203,50
793,54
813,75
1531,96
1859,1797
1283,1667
621,24
1559,106
236,58
1536,1639
1717,68
564,1660
1440,16
840,70
1584,1671
590,54
511,65
386,1670
1149,1641
1189,1656
788,93
313,59
977,108
901,1632
313,1807
1223,29
946,75
235,16
532,90
346,53
859,64
717,98
355,1675
1411,60
1584,154
830,1092
387,1658
149,1671
979,94
1904,17
1443,633
1482,75
272,196
770,95
1216,51
495,1642
1868,1693
1893,66
219,1660
1420,20
1015,16
1262,19
677,1233
1725,1673
1027,138
18,100
1198,97
1381,1679
1346,54
1332,69
962,1807
765,196
1703,1666
1033,32
1966,106
1395,1673
520,77
387,54
1127,154
1497,51
1483,64
661,106
755,67
1362,41
1969,23
1794,1678
1538,36
229,104
1227,71
681,111
1234,239
1113,108
264,1641
1846,1668
1777,53
563,79
1083,1668
1407,1698
1692,58
367,1233
1628,82
1756,31
46,42
1574,50
925,71
768,1658
1725,190
898,107
1874,1092
535,98
605,1092
750,23
439,190
1587,50
1152,1679
120,28
1151,83
1430,100
574,80
1077,103
1909,84
130,1670
1856,64
133,1675
756,24
1791,16
1332,75
1100,31
1842,190
812,105
1510,16
1110,64
1244,100
162,82
1375,36
920,58
1180,54
1383,1671
1733,56
427,26
942,1679
181,39
1160,58
540,1656
539,87
834,1641
1133,131
1224,87
1696,75
1310,37
525,41
986,89
1544,111
308,77
1396,1658
1967,119
1018,1654
1350,31
602,105
1407,90
1212,84
183,26
555,85
1752,65
294,59
1442,1659
743,66
597,1678
1543,239
1047,138
591,62
314,86
1551,1760
304,96
1686,1693
1244,1632
435,96
1857,1675
1966,23
293,66
1128,79
1127,41
206,75
11,107
1191,1658
340,1663
1764,100
1157,82
1524,107
172,190
262,56
468,79
6,61
798,41
752,1693
1200,79
187,1672
918,1660
520,1233
870,1679
1958,110
935,65
403,80
1863,39
1702,99
809,1668
1564,64
848,56
1860,65
1917,16
1112,63
1058,71
194,70
700,1642
770,53
1963,1660
370,1671
388,58
120,56
137,1092
1980,103
808,1807
950,1630
303,190
401,66
243,35
317,110
1167,110
968,68
1172,1680
972,1698
1892,39
255,1672
222,53
280,70
570,107
1177,1
181,138
519,86
1878,97
1241,28
1223,84
856,62
368,1668
1843,1233
1695,80
539,51
1650,1639
1277,97
818,70
546,67
1834,154
1502,36
349,112
976,108
593,100
1338,1658
12,96
257,1233
402,1092
1128,1672
1920,100
780,29
1614,66
1044,36
1192,101
1873,196
626,119
203,138
834,104
230,63
1741,69
657,1663
1270,1673
149,43
667,1672
1077,77
621,65
1851,1658
1932,71
297,99
1039,1
414,80
987,190
611,68
994,68
230,1668
634,1659
266,43
468,99
142,638
1726,84
400,131
1965,26
1513,107
191,23
484,99
637,35
1334,75
234,1760
1373,1657
1578,87
1446,239
1173,71
1430,1630
852,56
1297,93
710,42
731,83
735,1659
1914,190
1932,1675
810,1658
1438,68
1185,1630
414,1670
1065,90
1248,1660
627,1641
1840,42
1701,77
1076,1760
1518,97
787,67
261,1660
921,99
120,84
528,75
306,1667
749,109
864,83
1953,111
1299,77
1707,56
472,86
314,239
1771,39
1902,37
485,70
413,233
1534,67
1306,1660
1268,43
1733,111
1979,35
268,1667
160,1698
1089,131
1936,1642
1847,104
488,84
1230,26
805,239
1089,60
539,31
335,112
1921,31
1392,75
1631,1672
591,1663
665,1785
730,107
639,23
113,91
76,41
311,24
1661,80
1597,62
713,98
1798,97
1034,1670
146,59
1430,79
1944,70
1155,87
1554,1639
921,109
810,1678
264,50
1960,70
252,1639
1546,105
934,51
1487,59
699,32
1087,75
1012,89
172,96
1707,54
966,638
401,24
1375,1656
468,16
216,41
1636,103
1074,1656
151,29
1690,132
1523,109
1007,68
1891,1639
1217,64
1622,33
1025,35
1247,1672
1099,100
1748,1663
1820,28
1526,101
1071,138
1806,91
1025,1672
1905,1656
1020,32
507,95
1065,37
1601,107
1485,106
1964,73
882,1
460,111
426,43
1739,37
911,32
1304,132
1340,104
1547,64
1019,105
838,1797
287,1
309,633
972,97
1249,1654
1822,85
1536,110
1647,32
527,97
341,62
1542,84
1104,96
1032,1639
1909,1675
994,1678
961,65
658,35
1764,83
1467,53
1127,103
189,107
1115,1639
1497,32
209,1667
300,1092
860,154
661,103
44,1667
1490,1
1473,95
46,1233
192,32
1955,89
1422,16
212,35
687,77
1836,1656
1452,69
1180,66
1918,80
543,1666
121,111
687,50
1405,99
1519,239
1102,61
623,26
1428,29
143,43
275,99
993,28
1472,63
991,1667
871,23
1836,1
662,86
720,41
204,154
1236,63
905,73
783,104
1401,233
692,54
1909,65
935,1670
478,107
1697,1797
1423,1693
967,29
1764,65
1467,67
72,112
1433,87
647,53
1920,1785
802,190
968,138
1819,1671
1086,60
1148,1665
1733,53
505,41
876,104
470,131
677,105
1140,87
163,633
554,1630
1891,1667
1948,62
620,1666
960,51
299,105
205,1092
135,1671
1530,29
1830,62
1918,66
1746,83
842,59
1398,28
1127,1654
1035,114
612,1665
1472,1698
1331,85
197,69
949,64
436,53
1006,19
1041,24
545,83
1152,37
565,16
1691,98
1875,1665
626,94
1587,53
1751,132
938,98
1236,77
777,32
459,77
391,58
581,112
982,1233
898,138
1588,1673
1057,105
924,32
1311,1630
250,1657
1252,1760
553,1632
1021,75
864,138
1874,1673
1035,1679
963,1092
246,64
601,119
1137,101
1008,95
1469,190
718,68
866,85
1733,39
1951,112
1570,1675
890,95
983,96
1230,35
1287,104
1038,60
728,29
1042,67
397,1656
359,1
1411,138
1548,1639
808,85
1010,17
1398,110
1752,1656
724,73
318,80
905,1663
1482,29
586,86
590,1672
1964,35
629,84
976,16
243,1673
541,104
814,62
1875,1679
1088,43
1047,1760
595,77
45,20
1042,1630
1646,1672
1816,73
531,31
462,71
1539,53
910,65
435,99
1342,68
957,1092
1403,86
337,239
779,16
543,75
1335,63
715,104
903,1671
1722,1797
229,58
1261,29
192,1797
1479,106
513,29
641,64
354,1639
866,103
6,50
691,112
656,1693
289,110
1806,96
1919,1667
909,106
1561,73
1562,1676
161,20
1502,59
1284,138
1916,1675
752,1660
1814,1668
1472,105
1829,99
490,68
437,1659
311,86
1220,1668
174,1670
881,16
799,50
432,36
1262,62
1852,42
1965,1797
867,82
685,71
354,99
725,80
907,85
485,33
394,96
607,28
256,65
1453,66
209,39
1150,20
1811,58
47,53
1426,100
1871,28
770,1654
681,43
151,91
1017,131
1848,53
360,36
1120,54
1598,97
549,100
2,233
327,1658
1052,93
1713,39
1588,63
1592,58
1025,101
1499,42
1317,111
842,65
1031,75
562,64
1314,93
1421,1
1159,1659
552,54
661,1660
1433,633
1987,190
871,95
504,119
673,60
1614,67
659,1
825,233
1009,68
1786,82
1508,106
1185,89
743,97
726,59
306,1678
605,64
1943,98
1252,23
645,79
921,1
1180,1760
1756,1671
1539,17
857,41
802,1658
771,1785
1342,96
1112,1671
540,42
1514,19
836,59
217,1639
1794,97
1189,633
986,638
1339,68
290,67
455,1663
880,36
1268,85
437,1
1878,112
1073,97
1716,75
1077,1641
1777,99
872,1672
1578,84
748,107
640,100
660,1233
1327,91
1987,1698
959,29
1595,1665
781,67
157,51
603,111
359,91
1780,95
1028,196
532,33
882,26
1509,79
1199,29
1368,23
1206,1693
1367,97
1800,132
629,58
1950,32
5,112
1215,1641
1716,1654
173,36
1848,1680
1192,84
126,28
398,33
1987,61
1508,24
8,1233
1826,101
1131,89
1151,106
1333,83
1229,1654
1765,112
1949,105
1531,70
1405,1675
492,106
879,1678
1896,112
1607,1672
1576,24
279,1680
658,79
604,29
1446,60
1566,1641
533,23
337,86
376,1698
392,1671
856,108
377,79
1466,83
863,1663
219,86
1730,26
511,60
313,29
1328,80
667,84
1017,1797
1609,1630
1526,104
1898,65
1013,75
1327,105
1787,196
302,104
1425,17
838,110
1213,82
182,1656
1927,96
1290,103
747,32
1910,61
1946,1642
480,29
1725,104
521,28
1553,63
1574,1785
1259,26
980,1639
262,1656
449,233
665,119
1956,19
1084,1642
1596,106
286,233
1140,1642
1550,1679
1956,98
836,31
500,1807
159,1632
1744,50
323,100
769,66
755,105
994,105
140,1663
738,98
1295,1680
